unitary
"Operator([[ 0.36987224-0.83919507j,  0.36111569+0.13546099j,
            0.00387399+0.09979416j, -0.01045568+0.01042794j],
          [ 0.02316191+0.38499058j,  0.79549348-0.07168081j,
            0.2851925 +0.3492694j ,  0.00387399+0.09979416j],
          [-0.07676457-0.06388335j, -0.20304104+0.40261422j,
            0.79549348-0.07168081j,  0.36111569+0.13546099j],
          [ 0.01316465-0.00668993j, -0.07676457-0.06388335j,
            0.02316191+0.38499058j,  0.36987224-0.83919507j]],
         input_dims=(2, 2), output_dims=(2, 2))"
"Operator([[ 0.36987224-0.83919507j,  0.28118066+0.26399178j,
           -0.06816318+0.07299084j, -0.01359583-0.00576339j],
          [ 0.16952771+0.3464312j ,  0.79549348-0.07168081j,
            0.1288277 +0.43211954j, -0.06816318+0.07299084j],
          [-0.09941003+0.00956701j, -0.03247457+0.44974357j,
            0.79549348-0.07168081j,  0.28118066+0.26399178j],
          [-0.00124463-0.01471442j, -0.09941003+0.00956701j,
            0.16952771+0.3464312j ,  0.36987224-0.83919507j]],
         input_dims=(2, 2), output_dims=(2, 2))"
"Operator([[ 0.36987224-0.83919507j, -0.31318333+0.22510091j,
            0.09068797-0.04182791j, -0.01228114+0.0081998j ],
          [ 0.30731602-0.23304739j,  0.79549348-0.07168081j,
           -0.44883726+0.04323178j,  0.09068797-0.04182791j],
          [ 0.08842738-0.04641638j,  0.44758294-0.05471187j,
            0.79549348-0.07168081j, -0.31318333+0.22510091j],
          [ 0.0116155 -0.00911831j,  0.08842738-0.04641638j,
            0.30731602-0.23304739j,  0.36987224-0.83919507j]],
         input_dims=(2, 2), output_dims=(2, 2))"
"Operator([[ 0.36987224-0.83919507j, -0.35561767+0.14929934j,
            0.09985076+0.00192527j, -0.01470924-0.0013044j ],
          [ 0.24736374-0.29591452j,  0.79549348-0.07168081j,
           -0.44712758-0.05831643j,  0.09985076+0.00192527j],
          [ 0.0593197 -0.08034336j,  0.42398488-0.15349493j,
            0.79549348-0.07168081j, -0.35561767+0.14929934j],
          [ 0.00333941-0.01438442j,  0.0593197 -0.08034336j,
            0.24736374-0.29591452j,  0.36987224-0.83919507j]],
         input_dims=(2, 2), output_dims=(2, 2))"
"Operator([[ 0.36987224-0.83919507j,  0.22909293+0.31027511j,
           -0.08958706+0.04413662j, -0.00866545-0.01195714j],
          [ 0.22909293+0.31027511j,  0.79549348-0.07168081j,
            0.04897584+0.44824686j, -0.08958706+0.04413662j],
          [-0.08958706+0.04413662j,  0.04897584+0.44824686j,
            0.79549348-0.07168081j,  0.22909293+0.31027511j],
          [-0.00866545-0.01195714j, -0.08958706+0.04413662j,
            0.22909293+0.31027511j,  0.36987224-0.83919507j]],
         input_dims=(2, 2), output_dims=(2, 2))"
"Operator([[ 0.36987224-0.83919507j,  0.38561724+0.00731878j,
            0.0657467 +0.07517482j,  0.00340914+0.01436806j],
          [-0.10651521+0.37068684j,  0.79549348-0.07168081j,
            0.38531928+0.23420703j,  0.0657467 +0.07517482j],
          [-0.01954081-0.09793895j, -0.32565241+0.31188841j,
            0.79549348-0.07168081j,  0.38561724+0.00731878j],
          [ 0.01259286+0.00771253j, -0.01954081-0.09793895j,
           -0.10651521+0.37068684j,  0.36987224-0.83919507j]],
         input_dims=(2, 2), output_dims=(2, 2))"
"Operator([[ 0.36987224-0.83919507j,  0.37020245+0.10818671j,
            0.0186562 +0.0981113j , -0.00788228+0.01248731j],
          [-0.00557875+0.38564634j,  0.79549348-0.07168081j,
            0.31041586+0.32705637j,  0.0186562 +0.0981113j ],
          [-0.06642241-0.07457845j, -0.23246604+0.38637212j,
            0.79549348-0.07168081j,  0.37020245+0.10818671j],
          [ 0.01432059-0.00360332j, -0.06642241-0.07457845j,
           -0.00557875+0.38564634j,  0.36987224-0.83919507j]],
         input_dims=(2, 2), output_dims=(2, 2))"
"Operator([[ 0.36987224-0.83919507j,  0.22909293+0.31027511j,
           -0.08958706+0.04413662j, -0.00866545-0.01195714j],
          [ 0.22909293+0.31027511j,  0.79549348-0.07168081j,
            0.04897584+0.44824686j, -0.08958706+0.04413662j],
          [-0.08958706+0.04413662j,  0.04897584+0.44824686j,
            0.79549348-0.07168081j,  0.22909293+0.31027511j],
          [-0.00866545-0.01195714j, -0.08958706+0.04413662j,
            0.22909293+0.31027511j,  0.36987224-0.83919507j]],
         input_dims=(2, 2), output_dims=(2, 2))"
"Operator([[ 0.36987224-8.39195068e-01j, -0.37727204-8.01250850e-02j,
            0.03311743+9.42184560e-02j,  0.00489558-1.39318553e-02j],
          [ 0.0344781 -3.84142526e-01j,  0.79549348-7.16808055e-02j,
           -0.33406417-3.02861362e-01j,  0.03311743+9.42184560e-02j],
          [-0.05452356-8.36723548e-02j,  0.26078116-3.67854680e-01j,
            0.79549348-7.16808055e-02j, -0.37727204-8.01250850e-02j],
          [-0.0147636 +3.15323322e-04j, -0.05452356-8.36723548e-02j,
            0.0344781 -3.84142526e-01j,  0.36987224-8.39195068e-01j]],
         input_dims=(2, 2), output_dims=(2, 2))"
"Operator([[ 0.36987224-0.83919507j,  0.22909293+0.31027511j,
           -0.08958706+0.04413662j, -0.00866545-0.01195714j],
          [ 0.22909293+0.31027511j,  0.79549348-0.07168081j,
            0.04897584+0.44824686j, -0.08958706+0.04413662j],
          [-0.08958706+0.04413662j,  0.04897584+0.44824686j,
            0.79549348-0.07168081j,  0.22909293+0.31027511j],
          [-0.00866545-0.01195714j, -0.08958706+0.04413662j,
            0.22909293+0.31027511j,  0.36987224-0.83919507j]],
         input_dims=(2, 2), output_dims=(2, 2))"
