unitary
"Operator([[-0.0710086 -0.86497666j, -0.21613151+0.18104485j,
           -0.10867324+0.11885598j,  0.37447883-0.03334774j],
          [-0.23270464+0.15918109j, -0.72812456-0.34725482j,
           -0.13764797+0.47420994j, -0.10867324+0.11885598j],
          [-0.12961476+0.09558574j, -0.18308645+0.45858628j,
           -0.72812456-0.34725482j, -0.21613151+0.18104485j],
          [ 0.36822374+0.07587983j, -0.12961476+0.09558574j,
           -0.23270464+0.15918109j, -0.0710086 -0.86497666j]],
         input_dims=(2, 2), output_dims=(2, 2))"
"Operator([[-0.0710086 -0.86497666j, -0.13978352+0.24484819j,
           -0.00501558+0.16097038j,  0.15250863-0.34363874j],
          [-0.27350829+0.0684345j , -0.72812456-0.34725482j,
            0.03564899+0.49249485j, -0.00501558+0.16097038j],
          [-0.16060657-0.0119226j , -0.33098373+0.36643116j,
           -0.72812456-0.34725482j, -0.13978352+0.24484819j],
          [ 0.11228217+0.35880243j, -0.16060657-0.0119226j ,
           -0.27350829+0.0684345j , -0.0710086 -0.86497666j]],
         input_dims=(2, 2), output_dims=(2, 2))"
"Operator([[-0.0710086 -0.86497666j,  0.27216174-0.07360745j,
           -0.1609431 -0.00582547j, -0.13249765-0.35183923j],
          [ 0.1444003 -0.24215413j, -0.72812456-0.34725482j,
            0.32397735-0.37264018j, -0.1609431 -0.00582547j],
          [-0.01111432+0.16066453j, -0.02630573-0.49308218j,
           -0.72812456-0.34725482j,  0.27216174-0.07360745j],
          [-0.17179703+0.33441329j, -0.01111432+0.16066453j,
            0.1444003 -0.24215413j, -0.0710086 -0.86497666j]],
         input_dims=(2, 2), output_dims=(2, 2))"
"Operator([[-0.0710086 -0.86497666j, -0.22468417+0.17031468j,
           -0.11971077+0.10773091j,  0.37534576+0.0214948j ],
          [-0.22468417+0.17031468j, -0.72812456-0.34725482j,
           -0.16055736+0.46695113j, -0.11971077+0.10773091j],
          [-0.11971077+0.10773091j, -0.16055736+0.46695113j,
           -0.72812456-0.34725482j, -0.22468417+0.17031468j],
          [ 0.37534576+0.0214948j , -0.11971077+0.10773091j,
           -0.22468417+0.17031468j, -0.0710086 -0.86497666j]],
         input_dims=(2, 2), output_dims=(2, 2))"
"Operator([[-0.0710086 -0.86497666j, -0.22468417+0.17031468j,
           -0.11971077+0.10773091j,  0.37534576+0.0214948j ],
          [-0.22468417+0.17031468j, -0.72812456-0.34725482j,
           -0.16055736+0.46695113j, -0.11971077+0.10773091j],
          [-0.11971077+0.10773091j, -0.16055736+0.46695113j,
           -0.72812456-0.34725482j, -0.22468417+0.17031468j],
          [ 0.37534576+0.0214948j , -0.11971077+0.10773091j,
           -0.22468417+0.17031468j, -0.0710086 -0.86497666j]],
         input_dims=(2, 2), output_dims=(2, 2))"
