unitary
"Operator([[ 0.36987224-0.83919507j,  0.22909293+0.31027511j,
           -0.08958706+0.04413662j, -0.00866545-0.01195714j],
          [ 0.22909293+0.31027511j,  0.79549348-0.07168081j,
            0.04897584+0.44824686j, -0.08958706+0.04413662j],
          [-0.08958706+0.04413662j,  0.04897584+0.44824686j,
            0.79549348-0.07168081j,  0.22909293+0.31027511j],
          [-0.00866545-0.01195714j, -0.08958706+0.04413662j,
            0.22909293+0.31027511j,  0.36987224-0.83919507j]],
         input_dims=(2, 2), output_dims=(2, 2))"
"Operator([[ 0.36987224-0.83919507j,  0.22909293+0.31027511j,
           -0.08958706+0.04413662j, -0.00866545-0.01195714j],
          [ 0.22909293+0.31027511j,  0.79549348-0.07168081j,
            0.04897584+0.44824686j, -0.08958706+0.04413662j],
          [-0.08958706+0.04413662j,  0.04897584+0.44824686j,
            0.79549348-0.07168081j,  0.22909293+0.31027511j],
          [-0.00866545-0.01195714j, -0.08958706+0.04413662j,
            0.22909293+0.31027511j,  0.36987224-0.83919507j]],
         input_dims=(2, 2), output_dims=(2, 2))"
"Operator([[ 0.36987224-8.39195068e-01j,  0.35432882-1.52332889e-01j,
            0.09986909+2.18456487e-04j,  0.01473785+9.26907201e-04j],
          [-0.2498835 +2.93789814e-01j,  0.79549348-7.16808055e-02j,
            0.44760961+5.44932765e-02j,  0.09986909+2.18456487e-04j],
          [ 0.06068417-7.93178038e-02j, -0.42528113+1.49866077e-01j,
            0.79549348-7.16808055e-02j,  0.35432882-1.52332889e-01j],
          [-0.00370705+1.42940901e-02j,  0.06068417-7.93178038e-02j,
           -0.2498835 +2.93789814e-01j,  0.36987224-8.39195068e-01j]],
         input_dims=(2, 2), output_dims=(2, 2))"
"Operator([[ 0.36987224-0.83919507j,  0.22909293+0.31027511j,
           -0.08958706+0.04413662j, -0.00866545-0.01195714j],
          [ 0.22909293+0.31027511j,  0.79549348-0.07168081j,
            0.04897584+0.44824686j, -0.08958706+0.04413662j],
          [-0.08958706+0.04413662j,  0.04897584+0.44824686j,
            0.79549348-0.07168081j,  0.22909293+0.31027511j],
          [-0.00866545-0.01195714j, -0.08958706+0.04413662j,
            0.22909293+0.31027511j,  0.36987224-0.83919507j]],
         input_dims=(2, 2), output_dims=(2, 2))"
"Operator([[ 0.36987224-0.83919507j,  0.22909293+0.31027511j,
           -0.08958706+0.04413662j, -0.00866545-0.01195714j],
          [ 0.22909293+0.31027511j,  0.79549348-0.07168081j,
            0.04897584+0.44824686j, -0.08958706+0.04413662j],
          [-0.08958706+0.04413662j,  0.04897584+0.44824686j,
            0.79549348-0.07168081j,  0.22909293+0.31027511j],
          [-0.00866545-0.01195714j, -0.08958706+0.04413662j,
            0.22909293+0.31027511j,  0.36987224-0.83919507j]],
         input_dims=(2, 2), output_dims=(2, 2))"
"Operator([[ 0.36987224-0.83919507j,  0.36571468+0.12250302j,
            0.01097391+0.09926457j, -0.00928272+0.01148453j],
          [ 0.00942429+0.38557153j,  0.79549348-0.07168081j,
            0.2974609 +0.33888183j,  0.01097391+0.09926457j],
          [-0.07201819-0.06919005j, -0.21726311+0.39512102j,
            0.79549348-0.07168081j,  0.36571468+0.12250302j],
          [ 0.0138036 -0.00524633j, -0.07201819-0.06919005j,
            0.00942429+0.38557153j,  0.36987224-0.83919507j]],
         input_dims=(2, 2), output_dims=(2, 2))"
"Operator([[ 3.69872239e-01-0.83919507j, -2.90360690e-01-0.25385998j,
           -6.28211254e-02+0.07763626j,  1.41308041e-02+0.00428761j],
          [-1.57142581e-01-0.35222213j,  7.95493485e-01-0.07168081j,
           -1.44062439e-01-0.42728198j, -6.28211254e-02+0.07763626j],
          [-9.98380134e-02+0.00250059j,  4.83944987e-02-0.44830999j,
            7.95493485e-01-0.07168081j, -2.90360690e-01-0.25385998j],
          [-3.24362741e-04+0.0147634j , -9.98380134e-02+0.00250059j,
           -1.57142581e-01-0.35222213j,  3.69872239e-01-0.83919507j]],
         input_dims=(2, 2), output_dims=(2, 2))"
"Operator([[ 0.36987224-0.83919507j, -0.19021453-0.33551848j,
           -0.0975219 +0.02152581j,  0.00388666+0.0142463j ],
          [-0.26466209-0.28054981j,  0.79549348-0.07168081j,
            0.00515417-0.45088503j, -0.0975219 +0.02152581j],
          [-0.07649455+0.06420642j, -0.1023984 -0.43913374j,
            0.79549348-0.07168081j, -0.19021453-0.33551848j],
          [ 0.0123285 +0.00812843j, -0.07649455+0.06420642j,
           -0.26466209-0.28054981j,  0.36987224-0.83919507j]],
         input_dims=(2, 2), output_dims=(2, 2))"
