unitary
"Operator([[ 0.14873993-0.87453732j,  0.30581933+0.31570441j,
           -0.11834605+0.07239479j, -0.01703118-0.01814716j],
          [ 0.30581933+0.31570441j,  0.71834518-0.06185492j,
            0.06279007+0.51358549j, -0.11834605+0.07239479j],
          [-0.11834605+0.07239479j,  0.06279007+0.51358549j,
            0.71834518-0.06185492j,  0.30581933+0.31570441j],
          [-0.01703118-0.01814716j, -0.11834605+0.07239479j,
            0.30581933+0.31570441j,  0.14873993-0.87453732j]],
         input_dims=(2, 2), output_dims=(2, 2))"
"Operator([[ 0.14873993-0.87453732j,  0.40055167-0.18097817j,
            0.13735095+0.01953225j,  0.02390644+0.00691828j],
          [-0.19362463+0.39459377j,  0.71834518-0.06185492j,
            0.50454358+0.11466659j,  0.13735095+0.01953225j],
          [ 0.04515873-0.13117729j, -0.46205783+0.2328416j ,
            0.71834518-0.06185492j,  0.40055167-0.18097817j],
          [ 0.0053891 +0.02429688j,  0.04515873-0.13117729j,
           -0.19362463+0.39459377j,  0.14873993-0.87453732j]],
         input_dims=(2, 2), output_dims=(2, 2))"
"Operator([[ 0.14873993-0.87453732j, -0.28213413+0.33703868j,
            0.10077949-0.095343j  , -0.0120205 +0.02179193j],
          [ 0.34584039-0.27127322j,  0.71834518-0.06185492j,
           -0.50425204+0.11594192j,  0.10077949-0.095343j  ],
          [ 0.13077705-0.04630504j,  0.51733205-0.00895518j,
            0.71834518-0.06185492j, -0.28213413+0.33703868j],
          [ 0.02251001-0.01061508j,  0.13077705-0.04630504j,
            0.34584039-0.27127322j,  0.14873993-0.87453732j]],
         input_dims=(2, 2), output_dims=(2, 2))"
"Operator([[ 0.14873993-0.87453732j,  0.30581933+0.31570441j,
           -0.11834605+0.07239479j, -0.01703118-0.01814716j],
          [ 0.30581933+0.31570441j,  0.71834518-0.06185492j,
            0.06279007+0.51358549j, -0.11834605+0.07239479j],
          [-0.11834605+0.07239479j,  0.06279007+0.51358549j,
            0.71834518-0.06185492j,  0.30581933+0.31570441j],
          [-0.01703118-0.01814716j, -0.11834605+0.07239479j,
            0.30581933+0.31570441j,  0.14873993-0.87453732j]],
         input_dims=(2, 2), output_dims=(2, 2))"
"Operator([[ 0.14873993-0.87453732j, -0.40204073+0.17764568j,
            0.13700762+0.02181065j, -0.02372669-0.00751165j],
          [ 0.19034117-0.39618806j,  0.71834518-0.06185492j,
           -0.50357397-0.11885246j,  0.13700762+0.02181065j],
          [ 0.04297393-0.13190919j,  0.46010833-0.23667059j,
            0.71834518-0.06185492j, -0.40204073+0.17764568j],
          [-0.00599267-0.0241551j ,  0.04297393-0.13190919j,
            0.19034117-0.39618806j,  0.14873993-0.87453732j]],
         input_dims=(2, 2), output_dims=(2, 2))"
