unitary
"Operator([[-0.18022564-0.82166568j,  0.4137995 +0.27911324j,
           -0.15693415+0.12832648j, -0.03761045-0.02719267j],
          [ 0.4137995 +0.27911324j,  0.59419143-0.02890261j,
            0.07778015+0.59145684j, -0.15693415+0.12832648j],
          [-0.15693415+0.12832648j,  0.07778015+0.59145684j,
            0.59419143-0.02890261j,  0.4137995 +0.27911324j],
          [-0.03761045-0.02719267j, -0.15693415+0.12832648j,
            0.4137995 +0.27911324j, -0.18022564-0.82166568j]],
         input_dims=(2, 2), output_dims=(2, 2))"
"Operator([[-0.18022564-0.82166568j, -0.49098137+0.08984163j,
            0.12484271+0.15971948j, -0.0058504 -0.04604086j],
          [-0.10062198-0.48888592j,  0.59419143-0.02890261j,
           -0.46919749-0.36840829j,  0.12484271+0.15971948j],
          [-0.13174813-0.15407285j,  0.35799629-0.47718927j,
            0.59419143-0.02890261j, -0.49098137+0.08984163j],
          [-0.04555469+0.00887454j, -0.13174813-0.15407285j,
           -0.10062198-0.48888592j, -0.18022564-0.82166568j]],
         input_dims=(2, 2), output_dims=(2, 2))"
"Operator([[-0.18022564-0.82166568j,  0.4137995 +0.27911324j,
           -0.15693415+0.12832648j, -0.03761045-0.02719267j],
          [ 0.4137995 +0.27911324j,  0.59419143-0.02890261j,
            0.07778015+0.59145684j, -0.15693415+0.12832648j],
          [-0.15693415+0.12832648j,  0.07778015+0.59145684j,
            0.59419143-0.02890261j,  0.4137995 +0.27911324j],
          [-0.03761045-0.02719267j, -0.15693415+0.12832648j,
            0.4137995 +0.27911324j, -0.18022564-0.82166568j]],
         input_dims=(2, 2), output_dims=(2, 2))"
"Operator([[-0.18022564-0.82166568j,  0.03503152-0.49790262j,
           -0.03249644-0.20009996j, -0.03757567-0.02724072j],
          [-0.44852565+0.21899535j,  0.59419143-0.02890261j,
            0.47348121-0.36288634j, -0.03249644-0.20009996j],
          [ 0.18966213+0.07158415j, -0.55120396-0.22813403j,
            0.59419143-0.02890261j,  0.03503152-0.49790262j],
          [-0.03764517-0.02714458j,  0.18966213+0.07158415j,
           -0.44852565+0.21899535j, -0.18022564-0.82166568j]],
         input_dims=(2, 2), output_dims=(2, 2))"
