unitary
"Operator([[0.06272794+0.72525744j, 0.0329885 +0.41915338j,
           0.01325283+0.41584959j, 0.23433414-0.25548002j],
          [0.0393771 +0.41860153j, 0.00178935+0.23776579j,
           0.23057387-0.73512965j, 0.01325283+0.41584959j],
          [0.02592928+0.41525197j, 0.21933572-0.73856059j,
           0.00178935+0.23776579j, 0.0329885 +0.41915338j],
          [0.22240369-0.26593068j, 0.02592928+0.41525197j,
           0.0393771 +0.41860153j, 0.06272794+0.72525744j]],
         input_dims=(2, 2), output_dims=(2, 2))"
"Operator([[ 0.06272794+0.72525744j, -0.03618385-0.41888963j,
            0.01959334+0.41559911j, -0.22842869+0.26077359j],
          [-0.03618385-0.41888963j,  0.00178935+0.23776579j,
           -0.22496133+0.73686655j,  0.01959334+0.41559911j],
          [ 0.01959334+0.41559911j, -0.22496133+0.73686655j,
            0.00178935+0.23776579j, -0.03618385-0.41888963j],
          [-0.22842869+0.26077359j,  0.01959334+0.41559911j,
           -0.03618385-0.41888963j,  0.06272794+0.72525744j]],
         input_dims=(2, 2), output_dims=(2, 2))"
"Operator([[ 0.06272794+0.72525744j, -0.329498  -0.26116827j,
            0.41376415-0.04365495j,  0.34262201-0.05284587j],
          [ 0.2798318 -0.31380242j,  0.00178935+0.23776579j,
            0.38154271+0.66933181j,  0.41376415-0.04365495j],
          [-0.41603601-0.00453419j, -0.69032613+0.3420961j ,
            0.00178935+0.23776579j, -0.329498  -0.26116827j],
          [ 0.00727632-0.34659715j, -0.41603601-0.00453419j,
            0.2798318 -0.31380242j,  0.06272794+0.72525744j]],
         input_dims=(2, 2), output_dims=(2, 2))"
"Operator([[ 0.06272794+0.72525744j, -0.03618385-0.41888963j,
            0.01959334+0.41559911j, -0.22842869+0.26077359j],
          [-0.03618385-0.41888963j,  0.00178935+0.23776579j,
           -0.22496133+0.73686655j,  0.01959334+0.41559911j],
          [ 0.01959334+0.41559911j, -0.22496133+0.73686655j,
            0.00178935+0.23776579j, -0.03618385-0.41888963j],
          [-0.22842869+0.26077359j,  0.01959334+0.41559911j,
           -0.03618385-0.41888963j,  0.06272794+0.72525744j]],
         input_dims=(2, 2), output_dims=(2, 2))"
"Operator([[ 0.06272794+0.72525744j, -0.38632215+0.16593069j,
           -0.26360146-0.32190184j, -0.33680405+0.08213135j],
          [ 0.40905371+0.09722581j,  0.00178935+0.23776579j,
            0.77023379-0.01788348j, -0.26360146-0.32190184j],
          [ 0.2321476 -0.34527382j, -0.62890769-0.44503374j,
            0.00178935+0.23776579j, -0.38632215+0.16593069j],
          [-0.03707287+0.34468556j,  0.2321476 -0.34527382j,
            0.40905371+0.09722581j,  0.06272794+0.72525744j]],
         input_dims=(2, 2), output_dims=(2, 2))"
"Operator([[ 0.06272794+0.72525744j,  0.0207632 +0.41993653j,
           -0.01098949+0.41591556j,  0.25574308-0.23404702j],
          [ 0.05155561+0.41727667j,  0.00178935+0.23776579j,
            0.25189272-0.72810024j, -0.01098949+0.41591556j],
          [ 0.05007028+0.41303691j,  0.19772594-0.74463706j,
            0.00178935+0.23776579j,  0.0207632 +0.41993653j],
          [ 0.19833857-0.28433139j,  0.05007028+0.41303691j,
            0.05155561+0.41727667j,  0.06272794+0.72525744j]],
         input_dims=(2, 2), output_dims=(2, 2))"
