unitary
"Operator([[ 0.84980762-4.89159468e-01j, -0.18517518+6.11877161e-02j,
            0.02184418-6.06349962e-03j, -0.00141095+5.59603269e-04j],
          [ 0.1884749 -5.01098313e-02j,  0.95278545-5.20210443e-02j,
           -0.22488217+1.93386682e-02j,  0.02184418-6.06349962e-03j],
          [ 0.02240803-3.43723441e-03j,  0.22563287-5.98190990e-03j,
            0.95278545-5.20210443e-02j, -0.18517518+6.11877161e-02j],
          [ 0.00148769-3.01182649e-04j,  0.02240803-3.43723441e-03j,
            0.1884749 -5.01098313e-02j,  0.84980762-4.89159468e-01j]],
         input_dims=(2, 2), output_dims=(2, 2))"
"Operator([[ 0.84980762-4.89159468e-01j, -0.17697818+8.19298827e-02j,
            0.01989912-1.08608938e-02j, -0.00114029+1.00183908e-03j],
          [ 0.19296367-2.82631130e-02j,  0.95278545-5.20210443e-02j,
           -0.22120362+4.48880259e-02j,  0.01989912-1.08608938e-02j],
          [ 0.02260357+1.73577142e-03j,  0.22484037+1.98187372e-02j,
            0.95278545-5.20210443e-02j, -0.17697818+8.19298827e-02j],
          [ 0.00150227+2.17101549e-04j,  0.02260357+1.73577142e-03j,
            0.19296367-2.82631130e-02j,  0.84980762-4.89159468e-01j]],
         input_dims=(2, 2), output_dims=(2, 2))"
"Operator([[ 8.49807622e-01-0.48915947j, -1.37660058e-01+0.13814301j,
            8.07107636e-03-0.02118471j,  3.17641240e-04+0.00148426j],
          [ 1.90812772e-01+0.04030221j,  9.52785453e-01-0.05202104j,
           -1.91975893e-01+0.11870649j,  8.07107636e-03-0.02118471j],
          [ 1.60554949e-02+0.01600485j,  2.04068320e-01+0.09644737j,
            9.52785453e-01-0.05202104j, -1.37660058e-01+0.13814301j],
          [ 5.43941832e-04+0.00141706j,  1.60554949e-02+0.01600485j,
            1.90812772e-01+0.04030221j,  8.49807622e-01-0.48915947j]],
         input_dims=(2, 2), output_dims=(2, 2))"
"Operator([[ 8.49807622e-01-0.48915947j,  5.56732257e-02+0.18690713j,
           -2.21650333e-02+0.00475873j, -4.32099984e-04-0.00145507j],
          [ 5.56732257e-02+0.18690713j,  9.52785453e-01-0.05202104j,
            1.26658519e-02+0.2253565j , -2.21650333e-02+0.00475873j],
          [-2.21650333e-02+0.00475873j,  1.26658519e-02+0.2253565j ,
            9.52785453e-01-0.05202104j,  5.56732257e-02+0.18690713j],
          [-4.32099984e-04-0.00145507j, -2.21650333e-02+0.00475873j,
            5.56732257e-02+0.18690713j,  8.49807622e-01-0.48915947j]],
         input_dims=(2, 2), output_dims=(2, 2))"
"Operator([[ 8.49807622e-01-0.48915947j,  5.56732257e-02+0.18690713j,
           -2.21650333e-02+0.00475873j, -4.32099984e-04-0.00145507j],
          [ 5.56732257e-02+0.18690713j,  9.52785453e-01-0.05202104j,
            1.26658519e-02+0.2253565j , -2.21650333e-02+0.00475873j],
          [-2.21650333e-02+0.00475873j,  1.26658519e-02+0.2253565j ,
            9.52785453e-01-0.05202104j,  5.56732257e-02+0.18690713j],
          [-4.32099984e-04-0.00145507j, -2.21650333e-02+0.00475873j,
            5.56732257e-02+0.18690713j,  8.49807622e-01-0.48915947j]],
         input_dims=(2, 2), output_dims=(2, 2))"
"Operator([[ 8.49807622e-01-0.48915947j, -1.55066327e-01+0.11827179j,
            1.34496903e-02-0.01824938j, -2.95378451e-04+0.00148886j],
          [ 1.94508848e-01+0.01414533j,  9.52785453e-01-0.05202104j,
           -2.06257145e-01+0.09167314j,  1.34496903e-02-0.01824938j],
          [ 1.97552500e-02+0.01112044j,  2.15230456e-01+0.06798401j,
            9.52785453e-01-0.05202104j, -1.55066327e-01+0.11827179j],
          [ 1.06010903e-03+0.00108633j,  1.97552500e-02+0.01112044j,
            1.94508848e-01+0.01414533j,  8.49807622e-01-0.48915947j]],
         input_dims=(2, 2), output_dims=(2, 2))"
"Operator([[ 8.49807622e-01-0.48915947j,  5.56732257e-02+0.18690713j,
           -2.21650333e-02+0.00475873j, -4.32099984e-04-0.00145507j],
          [ 5.56732257e-02+0.18690713j,  9.52785453e-01-0.05202104j,
            1.26658519e-02+0.2253565j , -2.21650333e-02+0.00475873j],
          [-2.21650333e-02+0.00475873j,  1.26658519e-02+0.2253565j ,
            9.52785453e-01-0.05202104j,  5.56732257e-02+0.18690713j],
          [-4.32099984e-04-0.00145507j, -2.21650333e-02+0.00475873j,
            5.56732257e-02+0.18690713j,  8.49807622e-01-0.48915947j]],
         input_dims=(2, 2), output_dims=(2, 2))"
"Operator([[ 8.49807622e-01-0.48915947j, -1.40430695e-01+0.13532554j,
            8.92271416e-03-0.02084033j,  2.26886559e-04+0.00150082j],
          [ 1.91590160e-01+0.03642791j,  9.52785453e-01-0.05202104j,
           -1.94341580e-01+0.11479253j,  8.92271416e-03-0.02084033j],
          [ 1.66907239e-02+0.01534125j,  2.05980536e-01+0.09229297j,
            9.52785453e-01-0.05202104j, -1.40430695e-01+0.13532554j],
          [ 6.29022709e-04+0.0013814j ,  1.66907239e-02+0.01534125j,
            1.91590160e-01+0.03642791j,  8.49807622e-01-0.48915947j]],
         input_dims=(2, 2), output_dims=(2, 2))"
"Operator([[ 8.49807622e-01-0.48915947j,  2.00982978e-02+0.19398412j,
           -2.23768208e-02-0.00363484j,  4.05020819e-04-0.00146284j],
          [ 8.93223130e-02+0.17336466j,  9.52785453e-01-0.05202104j,
           -2.92853899e-02+0.22380425j, -2.23768208e-02-0.00363484j],
          [-1.89128492e-02+0.01249953j,  5.41789583e-02+0.21911325j,
            9.52785453e-01-0.05202104j,  2.00982978e-02+0.19398412j],
          [-1.13778091e-03-0.00100469j, -1.89128492e-02+0.01249953j,
            8.93223130e-02+0.17336466j,  8.49807622e-01-0.48915947j]],
         input_dims=(2, 2), output_dims=(2, 2))"
"Operator([[ 0.84980762-4.89159468e-01j, -0.19126761+3.80852046e-02j,
            0.02266269-5.80021813e-04j, -0.0015178 +1.49083874e-05j],
          [ 0.18093304-7.27806100e-02j,  0.95278545-5.20210443e-02j,
           -0.2255593 -8.30518529e-03j,  0.02266269-5.80021813e-04j],
          [ 0.02090361-8.77345203e-03j,  0.22320815-3.35275427e-02j,
            0.95278545-5.20210443e-02j, -0.19126761+3.80852046e-02j],
          [ 0.00127993-8.15910978e-04j,  0.02090361-8.77345203e-03j,
            0.18093304-7.27806100e-02j,  0.84980762-4.89159468e-01j]],
         input_dims=(2, 2), output_dims=(2, 2))"
"Operator([[ 8.49807622e-01-0.48915947j,  1.94237227e-01+0.01748376j,
            1.93616849e-02+0.01179234j,  1.00275399e-03+0.00113948j],
          [-1.53012242e-01+0.12091748j,  9.52785453e-01-0.05202104j,
            2.14031146e-01+0.07167038j,  1.93616849e-02+0.01179234j],
          [ 1.28150142e-02-0.01870052j, -2.04652319e-01+0.09520191j,
            9.52785453e-01-0.05202104j,  1.94237227e-01+0.01748376j],
          [-2.18307247e-04+0.00150209j,  1.28150142e-02-0.01870052j,
           -1.53012242e-01+0.12091748j,  8.49807622e-01-0.48915947j]],
         input_dims=(2, 2), output_dims=(2, 2))"
"Operator([[ 8.49807622e-01-0.48915947j,  1.94621952e-01-0.01249312j,
            2.20240964e-02+0.00537339j,  1.40532442e-03+0.00057359j],
          [-1.69737110e-01+0.09603695j,  9.52785453e-01-0.05202104j,
            2.22487062e-01+0.03801949j,  2.20240964e-02+0.00537339j],
          [ 1.78775850e-02-0.01394009j, -2.16825675e-01+0.06271046j,
            9.52785453e-01-0.05202104j,  1.94621952e-01-0.01249312j],
          [-8.64491497e-04+0.00124763j,  1.78775850e-02-0.01394009j,
           -1.69737110e-01+0.09603695j,  8.49807622e-01-0.48915947j]],
         input_dims=(2, 2), output_dims=(2, 2))"
"Operator([[ 8.49807622e-01-0.48915947j,  1.94800417e-01+0.00930484j,
            2.02836351e-02+0.01012464j,  1.13812284e-03+0.0010043j ],
          [-1.57959011e-01+0.11437978j,  9.52785453e-01-0.05202104j,
            2.16854223e-01+0.06261166j,  2.02836351e-02+0.01012464j],
          [ 1.43402589e-02-0.01755822j, -2.08472675e-01+0.08651658j,
            9.52785453e-01-0.05202104j,  1.94800417e-01+0.00930484j],
          [-4.05518756e-04+0.0014627j ,  1.43402589e-02-0.01755822j,
           -1.57959011e-01+0.11437978j,  8.49807622e-01-0.48915947j]],
         input_dims=(2, 2), output_dims=(2, 2))"
