unitary
"Operator([[ 9.05698036e-01-0.39428106j,  3.50208811e-02+0.15108236j,
           -1.39677146e-02+0.00234937j, -1.68104948e-04-0.00072655j],
          [ 3.50208811e-02+0.15108236j,  9.70446769e-01-0.04265846j,
            8.01347011e-03+0.17915398j, -1.39677146e-02+0.00234937j],
          [-1.39677146e-02+0.00234937j,  8.01347011e-03+0.17915398j,
            9.70446769e-01-0.04265846j,  3.50208811e-02+0.15108236j],
          [-1.68104948e-04-0.00072655j, -1.39677146e-02+0.00234937j,
            3.50208811e-02+0.15108236j,  9.05698036e-01-0.39428106j]],
         input_dims=(2, 2), output_dims=(2, 2))"
"Operator([[ 9.05698036e-01-0.39428106j,  3.50208811e-02+0.15108236j,
           -1.39677146e-02+0.00234937j, -1.68104948e-04-0.00072655j],
          [ 3.50208811e-02+0.15108236j,  9.70446769e-01-0.04265846j,
            8.01347011e-03+0.17915398j, -1.39677146e-02+0.00234937j],
          [-1.39677146e-02+0.00234937j,  8.01347011e-03+0.17915398j,
            9.70446769e-01-0.04265846j,  3.50208811e-02+0.15108236j],
          [-1.68104948e-04-0.00072655j, -1.39677146e-02+0.00234937j,
            3.50208811e-02+0.15108236j,  9.05698036e-01-0.39428106j]],
         input_dims=(2, 2), output_dims=(2, 2))"
"Operator([[ 9.05698036e-01-3.94281058e-01j,
            1.55087430e-01+4.81133245e-04j,
            1.35515801e-02+4.11962246e-03j,
            6.66473490e-04+3.34585687e-04j],
          [-1.39059507e-01+6.86643726e-02j,
            9.70446769e-01-4.26584628e-02j,
            1.76233975e-01+3.31956520e-02j,
            1.35515801e-02+4.11962246e-03j],
          [ 1.14581766e-02-8.32627177e-03j,
           -1.72566469e-01+4.87973254e-02j,
            9.70446769e-01-4.26584628e-02j,
            1.55087430e-01+4.81133245e-04j],
          [-4.51779943e-04+5.93320637e-04j,
            1.14581766e-02-8.32627177e-03j,
           -1.39059507e-01+6.86643726e-02j,
            9.05698036e-01-3.94281058e-01j]],
         input_dims=(2, 2), output_dims=(2, 2))"
"Operator([[ 9.05698036e-01-3.94281058e-01j,
            1.52994078e-01-2.53998931e-02j,
            1.41525202e-02-5.68140814e-04j,
            7.45217272e-04-2.80305755e-05j],
          [-1.48566264e-01+4.45017730e-02j,
            9.70446769e-01-4.26584628e-02j,
            1.79302228e-01+3.32809558e-03j,
            1.41525202e-02-5.68140814e-04j],
          [ 1.35596290e-02-4.09305181e-03j,
           -1.78289057e-01+1.93229790e-02j,
            9.70446769e-01-4.26584628e-02j,
            1.52994078e-01-2.53998931e-02j],
          [-6.81794710e-04+3.02143125e-04j,
            1.35596290e-02-4.09305181e-03j,
           -1.48566264e-01+4.45017730e-02j,
            9.05698036e-01-3.94281058e-01j]],
         input_dims=(2, 2), output_dims=(2, 2))"
"Operator([[ 9.05698036e-01-3.94281058e-01j,
            1.50576778e-01-3.71345724e-02j,
            1.38963916e-02-2.73987462e-03j,
            7.18843100e-04-1.98492046e-04j],
          [-1.51558279e-01+3.29003126e-02j,
            9.70446769e-01-4.26584628e-02j,
            1.79024099e-01-1.05231832e-02j,
            1.38963916e-02-2.73987462e-03j],
          [ 1.40280666e-02-1.95702844e-03j,
           -1.79248685e-01+5.50218339e-03j,
            9.70446769e-01-4.26584628e-02j,
            1.50576778e-01-3.71345724e-02j],
          [-7.32973413e-04+1.37420782e-04j,
            1.40280666e-02-1.95702844e-03j,
           -1.51558279e-01+3.29003126e-02j,
            9.05698036e-01-3.94281058e-01j]],
         input_dims=(2, 2), output_dims=(2, 2))"
"Operator([[ 9.05698036e-01-3.94281058e-01j,
            1.50137582e-01-3.88722144e-02j,
            1.38293580e-02-3.06030518e-03j,
            7.11530798e-04-2.23289988e-04j],
          [-1.51928367e-01+3.11466513e-02j,
            9.70446769e-01-4.26584628e-02j,
            1.78890534e-01-1.25913501e-02j,
            1.38293580e-02-3.06030518e-03j],
          [ 1.40695490e-02-1.63230016e-03j,
           -1.79300301e-01+3.43035091e-03j,
            9.70446769e-01-4.26584628e-02j,
            1.50137582e-01-3.88722144e-02j],
          [-7.37296349e-04+1.11931178e-04j,
            1.40695490e-02-1.63230016e-03j,
           -1.51928367e-01+3.11466513e-02j,
            9.05698036e-01-3.94281058e-01j]],
         input_dims=(2, 2), output_dims=(2, 2))"
"Operator([[ 9.05698036e-01-3.94281058e-01j,
            1.51005462e-01-3.53509944e-02j,
            1.39573119e-02-2.41040569e-03j,
            7.25432408e-04-1.72865023e-04j],
          [-1.51158542e-01+3.46906005e-02j,
            9.70446769e-01-4.26584628e-02j,
            1.79136041e-01-8.40499964e-03j,
            1.39573119e-02-2.41040569e-03j],
          [ 1.39778505e-02-2.28829783e-03j,
           -1.79171069e-01+7.62190229e-03j,
            9.70446769e-01-4.26584628e-02j,
            1.51005462e-01-3.53509944e-02j],
          [-7.27636797e-04+1.63337645e-04j,
            1.39778505e-02-2.28829783e-03j,
           -1.51158542e-01+3.46906005e-02j,
            9.05698036e-01-3.94281058e-01j]],
         input_dims=(2, 2), output_dims=(2, 2))"
"Operator([[ 9.05698036e-01-3.94281058e-01j,
            1.49079030e-01-4.27526069e-02j,
            1.36520872e-02-3.77321167e-03j,
            6.92022196e-04-2.77920447e-04j],
          [-1.52684987e-01+2.71962711e-02j,
            9.70446769e-01-4.26584628e-02j,
            1.78503845e-01-1.72262213e-02j,
            1.36520872e-02-3.77321167e-03j],
          [ 1.41352566e-02-9.00628717e-04j,
           -1.79328959e-01-1.22053488e-03j,
            9.70446769e-01-4.26584628e-02j,
            1.49079030e-01-4.27526069e-02j],
          [-7.43765932e-04+5.42838264e-05j,
            1.41352566e-02-9.00628717e-04j,
           -1.52684987e-01+2.71962711e-02j,
            9.05698036e-01-3.94281058e-01j]],
         input_dims=(2, 2), output_dims=(2, 2))"
"Operator([[ 9.05698036e-01-0.39428106j,  3.50208811e-02+0.15108236j,
           -1.39677146e-02+0.00234937j, -1.68104948e-04-0.00072655j],
          [ 3.50208811e-02+0.15108236j,  9.70446769e-01-0.04265846j,
            8.01347011e-03+0.17915398j, -1.39677146e-02+0.00234937j],
          [-1.39677146e-02+0.00234937j,  8.01347011e-03+0.17915398j,
            9.70446769e-01-0.04265846j,  3.50208811e-02+0.15108236j],
          [-1.68104948e-04-0.00072655j, -1.39677146e-02+0.00234937j,
            3.50208811e-02+0.15108236j,  9.05698036e-01-0.39428106j]],
         input_dims=(2, 2), output_dims=(2, 2))"
"Operator([[ 9.05698036e-01-0.39428106j, -1.51612378e-01-0.0326501j ,
            1.07123335e-02+0.0092662j , -3.43375696e-04-0.00066199j],
          [ 1.21785782e-01-0.09602378j,  9.70446769e-01-0.04265846j,
           -1.65510695e-01-0.06904039j,  1.07123335e-02+0.0092662j ],
          [ 7.09148260e-03-0.01226081j,  1.58685780e-01-0.08354154j,
            9.70446769e-01-0.04265846j, -1.51612378e-01-0.0326501j ],
          [ 1.77115819e-05-0.00074553j,  7.09148260e-03-0.01226081j,
            1.21785782e-01-0.09602378j,  9.05698036e-01-0.39428106j]],
         input_dims=(2, 2), output_dims=(2, 2))"
"Operator([[ 9.05698036e-01-0.39428106j, -1.51247238e-01-0.03430183j,
            1.05076595e-02+0.00949767j, -3.21533960e-04-0.00067287j],
          [ 1.20731185e-01-0.09734641j,  9.70446769e-01-0.04265846j,
           -1.64747810e-01-0.07084154j,  1.05076595e-02+0.00949767j],
          [ 6.82234823e-03-0.01241258j,  1.57765134e-01-0.08526739j,
            9.70446769e-01-0.04265846j, -1.51247238e-01-0.03430183j],
          [-6.68915782e-06-0.00074571j,  6.82234823e-03-0.01241258j,
            1.20731185e-01-0.09734641j,  9.05698036e-01-0.39428106j]],
         input_dims=(2, 2), output_dims=(2, 2))"
