unitary
"Operator([[ 0.33010752-0.75410628j, -0.35627869+0.15207724j,
           -0.07126108+0.09796846j,  0.34128865+0.20282224j],
          [-0.35627869+0.15207724j, -0.57496808-0.28977471j,
           -0.23467697+0.60467437j, -0.07126108+0.09796846j],
          [-0.07126108+0.09796846j, -0.23467697+0.60467437j,
           -0.57496808-0.28977471j, -0.35627869+0.15207724j],
          [ 0.34128865+0.20282224j, -0.07126108+0.09796846j,
           -0.35627869+0.15207724j,  0.33010752-0.75410628j]],
         input_dims=(2, 2), output_dims=(2, 2))"
"Operator([[ 0.33010752-0.75410628j,  0.2714758 -0.27633834j,
            0.01843952+0.11973281j, -0.3193107 +0.23591414j],
          [ 0.38734762-0.00487984j, -0.57496808-0.28977471j,
           -0.01337901-0.64847928j,  0.01843952+0.11973281j],
          [-0.11959225+0.01933015j,  0.44733896-0.46967247j,
           -0.57496808-0.28977471j,  0.2714758 -0.27633834j],
          [ 0.05458357-0.39323712j, -0.11959225+0.01933015j,
            0.38734762-0.00487984j,  0.33010752-0.75410628j]],
         input_dims=(2, 2), output_dims=(2, 2))"
"Operator([[ 0.33010752-0.75410628j, -0.10731645+0.37221656j,
            0.11029939+0.05009996j, -0.20851362-0.33784149j],
          [-0.34302481-0.1799888j , -0.57496808-0.28977471j,
            0.32028257+0.56402434j,  0.11029939+0.05009996j],
          [-0.0816333 -0.08950958j, -0.61691755+0.20029257j,
           -0.57496808-0.28977471j, -0.10731645+0.37221656j],
          [-0.39641609-0.02165831j, -0.0816333 -0.08950958j,
           -0.34302481-0.1799888j ,  0.33010752-0.75410628j]],
         input_dims=(2, 2), output_dims=(2, 2))"
"Operator([[ 0.33010752-0.75410628j, -0.22770298+0.31339008j,
            0.05260233+0.10912816j,  0.1868243 -0.35030199j],
          [-0.38382334-0.05236062j, -0.57496808-0.28977471j,
            0.10897219+0.63939772j,  0.05260233+0.10912816j],
          [-0.12002395-0.01643812j, -0.51177804+0.39848164j,
           -0.57496808-0.28977471j, -0.22770298+0.31339008j],
          [-0.2183863 +0.33154521j, -0.12002395-0.01643812j,
           -0.38382334-0.05236062j,  0.33010752-0.75410628j]],
         input_dims=(2, 2), output_dims=(2, 2))"
"Operator([[ 0.33010752-0.75410628j, -0.35627869+0.15207724j,
           -0.07126108+0.09796846j,  0.34128865+0.20282224j],
          [-0.35627869+0.15207724j, -0.57496808-0.28977471j,
           -0.23467697+0.60467437j, -0.07126108+0.09796846j],
          [-0.07126108+0.09796846j, -0.23467697+0.60467437j,
           -0.57496808-0.28977471j, -0.35627869+0.15207724j],
          [ 0.34128865+0.20282224j, -0.07126108+0.09796846j,
           -0.35627869+0.15207724j,  0.33010752-0.75410628j]],
         input_dims=(2, 2), output_dims=(2, 2))"
