unitary
"Operator([[ 0.37794656+0.62263254j, -0.10515428-0.41978141j,
           -0.14298335+0.33896463j, -0.36966836+0.10107077j],
          [-0.31221343-0.29966087j, -0.05533329+0.17745746j,
           -0.48162522+0.64099072j, -0.14298335+0.33896463j],
          [ 0.2430628 +0.27615527j, -0.06720396+0.79894655j,
           -0.05533329+0.17745746j, -0.10515428-0.41978141j],
          [ 0.14125284+0.35625501j,  0.2430628 +0.27615527j,
           -0.31221343-0.29966087j,  0.37794656+0.62263254j]],
         input_dims=(2, 2), output_dims=(2, 2))"
"Operator([[ 0.37794656+0.62263254j, -0.2632604 -0.34346444j,
            0.14929262+0.33623351j, -0.02999412+0.38206067j],
          [-0.16748002-0.3990292j , -0.05533329+0.17745746j,
           -0.18735655+0.77957006j,  0.14929262+0.33623351j],
          [-0.03500432+0.36621845j, -0.37905745+0.70650365j,
           -0.05533329+0.17745746j, -0.2632604 -0.34346444j],
          [-0.28743275+0.2534806j , -0.03500432+0.36621845j,
           -0.16748002-0.3990292j ,  0.37794656+0.62263254j]],
         input_dims=(2, 2), output_dims=(2, 2))"
"Operator([[ 0.37794656+0.62263254j, -0.39236585-0.1825456j ,
            0.3612539 +0.06954768j,  0.37520919+0.07802603j],
          [ 0.03630034-0.43122633j, -0.05533329+0.17745746j,
            0.19487072+0.77772576j,  0.3612539 +0.06954768j],
          [-0.32057453+0.18048054j, -0.66308889+0.45071619j,
           -0.05533329+0.17745746j, -0.39236585-0.1825456j ],
          [-0.28776555-0.25310273j, -0.32057453+0.18048054j,
            0.03630034-0.43122633j,  0.37794656+0.62263254j]],
         input_dims=(2, 2), output_dims=(2, 2))"
"Operator([[ 0.37794656+0.62263254j, -0.4300674 +0.04812368j,
            0.22764545-0.28899621j,  0.05163724-0.37974148j],
          [ 0.25525862-0.34945228j, -0.05533329+0.17745746j,
            0.5708926 +0.56295079j,  0.22764545-0.28899621j],
          [-0.30751798-0.2019256j , -0.80076223+0.04014732j,
           -0.05533329+0.17745746j, -0.4300674 +0.04812368j],
          [ 0.27257775-0.26939074j, -0.30751798-0.2019256j ,
            0.25525862-0.34945228j,  0.37794656+0.62263254j]],
         input_dims=(2, 2), output_dims=(2, 2))"
"Operator([[ 0.37794656+0.62263254j, -0.21715476-0.37432295j,
            0.05907815+0.36311297j, -0.17124007+0.34285104j],
          [-0.21715476-0.37432295j, -0.05533329+0.17745746j,
           -0.28555364+0.74919362j,  0.05907815+0.36311297j],
          [ 0.05907815+0.36311297j, -0.28555364+0.74919362j,
           -0.05533329+0.17745746j, -0.21715476-0.37432295j],
          [-0.17124007+0.34285104j,  0.05907815+0.36311297j,
           -0.21715476-0.37432295j,  0.37794656+0.62263254j]],
         input_dims=(2, 2), output_dims=(2, 2))"
"Operator([[ 0.37794656+0.62263254j, -0.16673803-0.39933981j,
           -0.0363655 +0.36608579j, -0.28884175+0.25187386j],
          [-0.26389836-0.34297451j, -0.05533329+0.17745746j,
           -0.38037001+0.70579785j, -0.0363655 +0.36608579j],
          [ 0.15054154+0.33567619j, -0.18590719+0.77991697j,
           -0.05533329+0.17745746j, -0.16673803-0.39933981j],
          [-0.02786318+0.38222198j,  0.15054154+0.33567619j,
           -0.26389836-0.34297451j,  0.37794656+0.62263254j]],
         input_dims=(2, 2), output_dims=(2, 2))"
"Operator([[ 0.37794656+0.62263254j, -0.21715476-0.37432295j,
            0.05907815+0.36311297j, -0.17124007+0.34285104j],
          [-0.21715476-0.37432295j, -0.05533329+0.17745746j,
           -0.28555364+0.74919362j,  0.05907815+0.36311297j],
          [ 0.05907815+0.36311297j, -0.28555364+0.74919362j,
           -0.05533329+0.17745746j, -0.21715476-0.37432295j],
          [-0.17124007+0.34285104j,  0.05907815+0.36311297j,
           -0.21715476-0.37432295j,  0.37794656+0.62263254j]],
         input_dims=(2, 2), output_dims=(2, 2))"
