unitary
"Operator([[ 9.05698036e-01-0.39428106j, -7.03113336e-02-0.13823407j,
           -1.12571514e-02+0.00859611j,  6.09040188e-04+0.00043035j],
          [ 2.32329079e-03-0.15507077j,  9.70446769e-01-0.04265846j,
           -5.08436974e-02-0.17197466j, -1.12571514e-02+0.00859611j],
          [-1.34498937e-02-0.00444038j,  3.52866888e-02-0.17582723j,
            9.70446769e-01-0.04265846j, -7.03113336e-02-0.13823407j],
          [-3.58118720e-04+0.00065413j, -1.34498937e-02-0.00444038j,
            2.32329079e-03-0.15507077j,  9.05698036e-01-0.39428106j]],
         input_dims=(2, 2), output_dims=(2, 2))"
"Operator([[ 9.05698036e-01-0.39428106j, -1.34918847e-01+0.07648037j,
            1.04358932e-02-0.00957647j, -3.44147053e-04+0.00066159j],
          [ 1.54807775e-01+0.00932176j,  9.70446769e-01-0.04265846j,
           -1.69503920e-01+0.05855584j,  1.04358932e-02-0.00957647j],
          [ 1.29945447e-02+0.00563546j,  1.74054900e-01+0.04318862j,
            9.70446769e-01-0.04265846j, -1.34918847e-01+0.07648037j],
          [ 5.99763972e-04+0.00044319j,  1.29945447e-02+0.00563546j,
            1.54807775e-01+0.00932176j,  9.05698036e-01-0.39428106j]],
         input_dims=(2, 2), output_dims=(2, 2))"
"Operator([[ 9.05698036e-01-0.39428106j, -8.35276167e-02+0.13067318j,
           -2.03784965e-03-0.01401655j,  6.19079425e-04+0.00041578j],
          [ 1.32500246e-01+0.08059794j,  9.70446769e-01-0.04265846j,
           -1.22480337e-01+0.13099211j, -2.03784965e-03-0.01401655j],
          [ 2.65973433e-03+0.01391195j,  1.33686243e-01+0.1195339j ,
            9.70446769e-01-0.04265846j, -8.35276167e-02+0.13067318j],
          [-3.73537950e-04+0.00064545j,  2.65973433e-03+0.01391195j,
            1.32500246e-01+0.08059794j,  9.05698036e-01-0.39428106j]],
         input_dims=(2, 2), output_dims=(2, 2))"
"Operator([[ 9.05698036e-01-0.39428106j,  3.50208811e-02+0.15108236j,
           -1.39677146e-02+0.00234937j, -1.68104948e-04-0.00072655j],
          [ 3.50208811e-02+0.15108236j,  9.70446769e-01-0.04265846j,
            8.01347011e-03+0.17915398j, -1.39677146e-02+0.00234937j],
          [-1.39677146e-02+0.00234937j,  8.01347011e-03+0.17915398j,
            9.70446769e-01-0.04265846j,  3.50208811e-02+0.15108236j],
          [-1.68104948e-04-0.00072655j, -1.39677146e-02+0.00234937j,
            3.50208811e-02+0.15108236j,  9.05698036e-01-0.39428106j]],
         input_dims=(2, 2), output_dims=(2, 2))"
"Operator([[ 9.05698036e-01-0.39428106j,  3.50208811e-02+0.15108236j,
           -1.39677146e-02+0.00234937j, -1.68104948e-04-0.00072655j],
          [ 3.50208811e-02+0.15108236j,  9.70446769e-01-0.04265846j,
            8.01347011e-03+0.17915398j, -1.39677146e-02+0.00234937j],
          [-1.39677146e-02+0.00234937j,  8.01347011e-03+0.17915398j,
            9.70446769e-01-0.04265846j,  3.50208811e-02+0.15108236j],
          [-1.68104948e-04-0.00072655j, -1.39677146e-02+0.00234937j,
            3.50208811e-02+0.15108236j,  9.05698036e-01-0.39428106j]],
         input_dims=(2, 2), output_dims=(2, 2))"
"Operator([[ 9.05698036e-01-0.39428106j, -1.12750206e-01+0.10648818j,
            4.80383195e-03-0.01332441j,  1.79998660e-04+0.0007237j ],
          [ 1.48102199e-01+0.04602262j,  9.70446769e-01-0.04265846j,
           -1.50615220e-01+0.09734177j,  4.80383195e-03-0.01332441j],
          [ 8.89851324e-03+0.01101967j,  1.58704455e-01+0.08350606j,
            9.70446769e-01-0.04265846j, -1.12750206e-01+0.10648818j],
          [ 1.56166012e-04+0.00072921j,  8.89851324e-03+0.01101967j,
            1.48102199e-01+0.04602262j,  9.05698036e-01-0.39428106j]],
         input_dims=(2, 2), output_dims=(2, 2))"
"Operator([[ 9.05698036e-01-0.39428106j,  3.50208811e-02+0.15108236j,
           -1.39677146e-02+0.00234937j, -1.68104948e-04-0.00072655j],
          [ 3.50208811e-02+0.15108236j,  9.70446769e-01-0.04265846j,
            8.01347011e-03+0.17915398j, -1.39677146e-02+0.00234937j],
          [-1.39677146e-02+0.00234937j,  8.01347011e-03+0.17915398j,
            9.70446769e-01-0.04265846j,  3.50208811e-02+0.15108236j],
          [-1.68104948e-04-0.00072655j, -1.39677146e-02+0.00234937j,
            3.50208811e-02+0.15108236j,  9.05698036e-01-0.39428106j]],
         input_dims=(2, 2), output_dims=(2, 2))"
"Operator([[ 9.05698036e-01-0.39428106j, -1.15273490e-01+0.10375146j,
            5.43769622e-03-0.01307853j,  1.27465240e-04+0.00073477j],
          [ 1.49164100e-01+0.04245484j,  9.70446769e-01-0.04265846j,
           -1.52908078e-01+0.09369891j,  5.43769622e-03-0.01307853j],
          [ 9.41706273e-03+0.01057996j,  1.60662920e-01+0.07967303j,
            9.70446769e-01-0.04265846j, -1.15273490e-01+0.10375146j],
          [ 2.08225000e-04+0.00071608j,  9.41706273e-03+0.01057996j,
            1.49164100e-01+0.04245484j,  9.05698036e-01-0.39428106j]],
         input_dims=(2, 2), output_dims=(2, 2))"
"Operator([[ 9.05698036e-01-0.39428106j, -1.02443212e-01+0.11643767j,
            2.27355667e-03-0.01398026j,  3.71184821e-04+0.0006468j ],
          [ 1.43223718e-01+0.05949209j,  9.70446769e-01-0.04265846j,
           -1.40990650e-01+0.11082419j,  2.27355667e-03-0.01398026j],
          [ 6.72202672e-03+0.0124672j ,  1.50322036e-01+0.09779392j,
            9.70446769e-01-0.04265846j, -1.02443212e-01+0.11643767j],
          [-4.93634002e-05+0.00074411j,  6.72202672e-03+0.0124672j ,
            1.43223718e-01+0.05949209j,  9.05698036e-01-0.39428106j]],
         input_dims=(2, 2), output_dims=(2, 2))"
"Operator([[ 9.05698036e-01-0.39428106j,  1.41513512e-01+0.06345288j,
            6.01833603e-03+0.01282171j, -1.11220351e-04+0.0007374j ],
          [-9.91648264e-02+0.11924211j,  9.70446769e-01-0.04265846j,
            1.47543707e-01+0.10193733j,  6.01833603e-03+0.01282171j],
          [ 1.49260959e-03-0.01408505j, -1.37853490e-01+0.11470301j,
            9.70446769e-01-0.04265846j,  1.41513512e-01+0.06345288j],
          [ 4.23810434e-04+0.00061361j,  1.49260959e-03-0.01408505j,
           -9.91648264e-02+0.11924211j,  9.05698036e-01-0.39428106j]],
         input_dims=(2, 2), output_dims=(2, 2))"
"Operator([[ 9.05698036e-01-0.39428106j,  1.23059985e-01-0.09438529j,
            7.41709166e-03-0.01206662j,  4.76231394e-05-0.00074422j],
          [-1.52035764e-01-0.03061811j,  9.70446769e-01-0.04265846j,
            1.59789625e-01-0.08141033j,  7.41709166e-03-0.01206662j],
          [ 1.09564975e-02+0.00897618j, -1.66419856e-01-0.06681914j,
            9.70446769e-01-0.04265846j,  1.23059985e-01-0.09438529j],
          [-3.69671229e-04-0.00064767j,  1.09564975e-02+0.00897618j,
           -1.52035764e-01-0.03061811j,  9.05698036e-01-0.39428106j]],
         input_dims=(2, 2), output_dims=(2, 2))"
