unitary
"Operator([[ 0.6967498 -0.66116202j,  0.11179695+0.25045957j,
           -0.04427972+0.01395935j, -0.0018299 -0.00412768j],
          [ 0.11179695+0.25045957j,  0.90380399-0.06663156j,
            0.02500247+0.31731586j, -0.04427972+0.01395935j],
          [-0.04427972+0.01395935j,  0.02500247+0.31731586j,
            0.90380399-0.06663156j,  0.11179695+0.25045957j],
          [-0.0018299 -0.00412768j, -0.04427972+0.01395935j,
            0.11179695+0.25045957j,  0.6967498 -0.66116202j]],
         input_dims=(2, 2), output_dims=(2, 2))"
"Operator([[ 0.6967498 -0.66116202j,  0.11179695+0.25045957j,
           -0.04427972+0.01395935j, -0.0018299 -0.00412768j],
          [ 0.11179695+0.25045957j,  0.90380399-0.06663156j,
            0.02500247+0.31731586j, -0.04427972+0.01395935j],
          [-0.04427972+0.01395935j,  0.02500247+0.31731586j,
            0.90380399-0.06663156j,  0.11179695+0.25045957j],
          [-0.0018299 -0.00412768j, -0.04427972+0.01395935j,
            0.11179695+0.25045957j,  0.6967498 -0.66116202j]],
         input_dims=(2, 2), output_dims=(2, 2))"
"Operator([[ 0.6967498 -0.66116202j,  0.11179695+0.25045957j,
           -0.04427972+0.01395935j, -0.0018299 -0.00412768j],
          [ 0.11179695+0.25045957j,  0.90380399-0.06663156j,
            0.02500247+0.31731586j, -0.04427972+0.01395935j],
          [-0.04427972+0.01395935j,  0.02500247+0.31731586j,
            0.90380399-0.06663156j,  0.11179695+0.25045957j],
          [-0.0018299 -0.00412768j, -0.04427972+0.01395935j,
            0.11179695+0.25045957j,  0.6967498 -0.66116202j]],
         input_dims=(2, 2), output_dims=(2, 2))"
"Operator([[ 0.6967498 -0.66116202j,  0.11179695+0.25045957j,
           -0.04427972+0.01395935j, -0.0018299 -0.00412768j],
          [ 0.11179695+0.25045957j,  0.90380399-0.06663156j,
            0.02500247+0.31731586j, -0.04427972+0.01395935j],
          [-0.04427972+0.01395935j,  0.02500247+0.31731586j,
            0.90380399-0.06663156j,  0.11179695+0.25045957j],
          [-0.0018299 -0.00412768j, -0.04427972+0.01395935j,
            0.11179695+0.25045957j,  0.6967498 -0.66116202j]],
         input_dims=(2, 2), output_dims=(2, 2))"
"Operator([[ 0.6967498 -0.66116202j,  0.23452457+0.14222089j,
           -0.00249319+0.04636099j, -0.00355578+0.00278258j],
          [-0.0507249 +0.26954691j,  0.90380399-0.06663156j,
            0.20124884+0.2466037j , -0.00249319+0.04636099j],
          [-0.02863089-0.036549j  , -0.16014355+0.27507912j,
            0.90380399-0.06663156j,  0.23452457+0.14222089j],
          [ 0.0044496 -0.0007664j , -0.02863089-0.036549j  ,
           -0.0507249 +0.26954691j,  0.6967498 -0.66116202j]],
         input_dims=(2, 2), output_dims=(2, 2))"
"Operator([[ 0.6967498 -0.66116202j,  0.08451649-0.26093202j,
           -0.01850888-0.04257908j, -0.00441487-0.00094616j],
          [-0.25067475-0.11131362j,  0.90380399-0.06663156j,
            0.1937527 -0.25253588j, -0.01850888-0.04257908j],
          [ 0.00925706+0.04549576j, -0.23091264-0.21907495j,
            0.90380399-0.06663156j,  0.08451649-0.26093202j],
          [ 0.00226343-0.00390681j,  0.00925706+0.04549576j,
           -0.25067475-0.11131362j,  0.6967498 -0.66116202j]],
         input_dims=(2, 2), output_dims=(2, 2))"
"Operator([[ 0.6967498 -6.61162025e-01j, -0.26672093+6.39413455e-02j,
            0.04633386+2.95472874e-03j, -0.00447323-6.13621344e-04j],
          [ 0.22569316-1.55856188e-01j,  0.90380399-6.66315600e-02j,
           -0.31651596-3.36470829e-02j,  0.04633386+2.95472874e-03j],
          [ 0.03626208-2.89934215e-02j,  0.30734043-8.28030010e-02j,
            0.90380399-6.66315600e-02j, -0.26672093+6.39413455e-02j],
          [ 0.00254903-3.72675899e-03j,  0.03626208-2.89934215e-02j,
            0.22569316-1.55856188e-01j,  0.6967498 -6.61162025e-01j]],
         input_dims=(2, 2), output_dims=(2, 2))"
"Operator([[ 0.6967498 -0.66116202j,  0.2554203 +0.09994509j,
            0.01330147+0.04448177j, -0.00171804+0.00417548j],
          [-0.09614807+0.25687371j,  0.90380399-0.06663156j,
            0.24051701+0.20848512j,  0.01330147+0.04448177j],
          [-0.01461417-0.04406794j, -0.20489708+0.24358092j,
            0.90380399-0.06663156j,  0.2554203 +0.09994509j],
          [ 0.00424773+0.00153071j, -0.01461417-0.04406794j,
           -0.09614807+0.25687371j,  0.6967498 -0.66116202j]],
         input_dims=(2, 2), output_dims=(2, 2))"
"Operator([[ 0.6967498 -0.66116202j, -0.24036317+0.13211397j,
            0.04137535-0.0210627j , -0.0035516 +0.00278791j],
          [ 0.2588423 -0.09071502j,  0.90380399-0.06663156j,
           -0.31416396+0.05114182j,  0.04137535-0.0210627j ],
          [ 0.0459743 -0.00647462j,  0.31829667+0.00130794j,
            0.90380399-0.06663156j, -0.24036317+0.13211397j],
          [ 0.00445074-0.00075973j,  0.0459743 -0.00647462j,
            0.2588423 -0.09071502j,  0.6967498 -0.66116202j]],
         input_dims=(2, 2), output_dims=(2, 2))"
