unitary
"Operator([[ 9.87115582e-01-1.49262703e-01j,
           -3.58919040e-02-4.50727128e-02j,
           -6.25330683e-04+1.81718512e-03j,
            3.55597761e-05-1.02226952e-05j],
          [ 2.79146780e-02-5.04038586e-02j,
            9.95979600e-01-1.65272526e-02j,
           -3.78888663e-02-5.47032874e-02j,
           -6.25330683e-04+1.81718512e-03j],
          [-8.42209238e-04-1.72739220e-03j,
            3.60488595e-02-5.59329561e-02j,
            9.95979600e-01-1.65272526e-02j,
           -3.58919040e-02-4.50727128e-02j],
          [-3.67629794e-05-4.18144913e-06j,
           -8.42209238e-04-1.72739220e-03j,
            2.79146780e-02-5.04038586e-02j,
            9.87115582e-01-1.49262703e-01j]],
         input_dims=(2, 2), output_dims=(2, 2))"
"Operator([[ 9.87115582e-01-1.49262703e-01j,
           -4.26179499e-02-3.87748443e-02j,
           -2.16056063e-05+1.92164862e-03j,
            2.68136540e-05-2.54956689e-05j],
          [ 3.55925665e-02-4.53094628e-02j,
            9.95979600e-01-1.65272526e-02j,
           -4.61245797e-02-4.79639343e-02j,
           -2.16056063e-05+1.92164862e-03j],
          [-2.55723397e-04-1.90467996e-03j,
            4.45041225e-02-4.94711929e-02j,
            9.95979600e-01-1.65272526e-02j,
           -4.26179499e-02-3.87748443e-02j],
          [-3.06719407e-05-2.06937968e-05j,
           -2.55723397e-04-1.90467996e-03j,
            3.55925665e-02-4.53094628e-02j,
            9.87115582e-01-1.49262703e-01j]],
         input_dims=(2, 2), output_dims=(2, 2))"
"Operator([[ 9.87115582e-01-1.49262703e-01j,
            4.79732348e-03+5.74174529e-02j,
           -1.91818285e-03+1.17365961e-04j,
           -3.07994935e-06-3.68716027e-05j],
          [ 4.79732348e-03+5.74174529e-02j,
            9.95979600e-01-1.65272526e-02j,
            1.10653851e-03+6.65341372e-02j,
           -1.91818285e-03+1.17365961e-04j],
          [-1.91818285e-03+1.17365961e-04j,
            1.10653851e-03+6.65341372e-02j,
            9.95979600e-01-1.65272526e-02j,
            4.79732348e-03+5.74174529e-02j],
          [-3.07994935e-06-3.68716027e-05j,
           -1.91818285e-03+1.17365961e-04j,
            4.79732348e-03+5.74174529e-02j,
            9.87115582e-01-1.49262703e-01j]],
         input_dims=(2, 2), output_dims=(2, 2))"
"Operator([[ 9.87115582e-01-1.49262703e-01j,
            4.79732348e-03+5.74174529e-02j,
           -1.91818285e-03+1.17365961e-04j,
           -3.07994935e-06-3.68716027e-05j],
          [ 4.79732348e-03+5.74174529e-02j,
            9.95979600e-01-1.65272526e-02j,
            1.10653851e-03+6.65341372e-02j,
           -1.91818285e-03+1.17365961e-04j],
          [-1.91818285e-03+1.17365961e-04j,
            1.10653851e-03+6.65341372e-02j,
            9.95979600e-01-1.65272526e-02j,
            4.79732348e-03+5.74174529e-02j],
          [-3.07994935e-06-3.68716027e-05j,
           -1.91818285e-03+1.17365961e-04j,
            4.79732348e-03+5.74174529e-02j,
            9.87115582e-01-1.49262703e-01j]],
         input_dims=(2, 2), output_dims=(2, 2))"
"Operator([[ 9.87115582e-01-1.49262703e-01j,
           -5.50578678e-02-1.69826206e-02j,
            1.46490078e-03+1.24389144e-03j,
           -1.79490001e-05-3.23548229e-05j],
          [ 5.14763132e-02-2.58837282e-02j,
            9.95979600e-01-1.65272526e-02j,
           -6.21378407e-02-2.38097584e-02j,
            1.46490078e-03+1.24389144e-03j],
          [ 1.30232353e-03-1.41320687e-03j,
            6.13117284e-02-2.58628654e-02j,
            9.95979600e-01-1.65272526e-02j,
           -5.50578678e-02-1.69826206e-02j],
          [ 1.23324003e-05-3.48842812e-05j,
            1.30232353e-03-1.41320687e-03j,
            5.14763132e-02-2.58837282e-02j,
            9.87115582e-01-1.49262703e-01j]],
         input_dims=(2, 2), output_dims=(2, 2))"
"Operator([[ 9.87115582e-01-1.49262703e-01j,
           -5.67716128e-02-9.83677727e-03j,
            1.73150578e-03+8.33719354e-04j,
           -2.87368210e-05-2.33065718e-05j],
          [ 5.43521133e-02-1.91213490e-02j,
            9.95979600e-01-1.65272526e-02j,
           -6.46629566e-02-1.57072560e-02j,
            1.73150578e-03+8.33719354e-04j],
          [ 1.61694616e-03-1.03859778e-03j,
            6.41048809e-02-1.78488119e-02j,
            9.95979600e-01-1.65272526e-02j,
           -5.67716128e-02-9.83677727e-03j],
          [ 2.44718773e-05-2.77511873e-05j,
            1.61694616e-03-1.03859778e-03j,
            5.43521133e-02-1.91213490e-02j,
            9.87115582e-01-1.49262703e-01j]],
         input_dims=(2, 2), output_dims=(2, 2))"
"Operator([[ 9.87115582e-01-1.49262703e-01j,
           -5.75626158e-02-2.51465216e-03j,
            1.88611786e-03+3.68455737e-04j,
           -3.53724215e-05-1.08532470e-05j],
          [ 5.63472182e-02-1.20320078e-02j,
            9.95979600e-01-1.65272526e-02j,
           -6.61383306e-02-7.33055727e-03j,
            1.88611786e-03+3.68455737e-04j],
          [ 1.82712780e-03-5.95654435e-04j,
            6.58579901e-02-9.52580648e-03j,
            9.95979600e-01-1.65272526e-02j,
           -5.75626158e-02-2.51465216e-03j],
          [ 3.30815986e-05-1.65713309e-05j,
            1.82712780e-03-5.95654435e-04j,
            5.63472182e-02-1.20320078e-02j,
            9.87115582e-01-1.49262703e-01j]],
         input_dims=(2, 2), output_dims=(2, 2))"
"Operator([[ 9.87115582e-01-1.49262703e-01j,
           -5.74342969e-02+4.59126919e-03j,
            1.91897571e-03-1.03597507e-04j,
           -3.69026200e-05+2.68287333e-06j],
          [ 5.73998697e-02-5.00331600e-03j,
            9.95979600e-01-1.65272526e-02j,
           -6.65376794e-02+8.67795798e-04j,
            1.91897571e-03-1.03597507e-04j],
          [ 1.91729120e-03-1.31128371e-04j,
            6.65297385e-02-1.34526698e-03j,
            9.95979600e-01-1.65272526e-02j,
           -5.74342969e-02+4.59126919e-03j],
          [ 3.68363129e-05-3.47666849e-06j,
            1.91729120e-03-1.31128371e-04j,
            5.73998697e-02-5.00331600e-03j,
            9.87115582e-01-1.49262703e-01j]],
         input_dims=(2, 2), output_dims=(2, 2))"
"Operator([[ 9.87115582e-01-1.49262703e-01j,
           -5.65183461e-02+1.12006592e-02j,
            1.84388194e-03-5.41571428e-04j,
           -3.37814157e-05+1.50936121e-05j],
          [ 5.75934129e-02+1.66643235e-03j,
            9.95979600e-01-1.65272526e-02j,
           -6.59911675e-02+8.55462791e-03j,
            1.84388194e-03-5.41571428e-04j],
          [ 1.89615346e-03+3.12733573e-04j,
            6.62391397e-02+6.35548723e-03j,
            9.95979600e-01-1.65272526e-02j,
           -5.65183461e-02+1.12006592e-02j],
          [ 3.58173780e-05+9.27990337e-06j,
            1.89615346e-03+3.12733573e-04j,
            5.75934129e-02+1.66643235e-03j,
            9.87115582e-01-1.49262703e-01j]],
         input_dims=(2, 2), output_dims=(2, 2))"
"Operator([[ 9.87115582e-01-1.49262703e-01j,
           -5.50061202e-02+1.71494883e-02j,
            1.68757887e-03-9.19389885e-04j,
           -2.73249800e-05+2.49468764e-05j],
          [ 5.70893317e-02+7.78372724e-03j,
            9.95979600e-01-1.65272526e-02j,
           -6.47066723e-02+1.55261844e-02j,
            1.68757887e-03-9.19389885e-04j],
          [ 1.78707830e-03+7.06789465e-04j,
            6.51871806e-02+1.33659016e-02j,
            9.95979600e-01-1.65272526e-02j,
           -5.50061202e-02+1.71494883e-02j],
          [ 3.10851326e-05+2.00677777e-05j,
            1.78707830e-03+7.06789465e-04j,
            5.70893317e-02+7.78372724e-03j,
            9.87115582e-01-1.49262703e-01j]],
         input_dims=(2, 2), output_dims=(2, 2))"
"Operator([[ 9.87115582e-01-1.49262703e-01j,
           -5.30669824e-02+2.24426735e-02j,
            1.47652021e-03-1.23007653e-03j,
           -1.89350424e-05+3.17878175e-05j],
          [ 5.60554570e-02+1.33253126e-02j,
            9.95979600e-01-1.65272526e-02j,
           -6.28797372e-02+2.17750888e-02j,
            1.47652021e-03-1.23007653e-03j],
          [ 1.61547159e-03+1.04088988e-03j,
            6.35690512e-02+1.96721014e-02j,
            9.95979600e-01-1.65272526e-02j,
           -5.30669824e-02+2.24426735e-02j],
          [ 2.39464186e-05+2.82058542e-05j,
            1.61547159e-03+1.04088988e-03j,
            5.60554570e-02+1.33253126e-02j,
            9.87115582e-01-1.49262703e-01j]],
         input_dims=(2, 2), output_dims=(2, 2))"
"Operator([[ 9.87115582e-01-1.49262703e-01j,
            4.79732348e-03+5.74174529e-02j,
           -1.91818285e-03+1.17365961e-04j,
           -3.07994935e-06-3.68716027e-05j],
          [ 4.79732348e-03+5.74174529e-02j,
            9.95979600e-01-1.65272526e-02j,
            1.10653851e-03+6.65341372e-02j,
           -1.91818285e-03+1.17365961e-04j],
          [-1.91818285e-03+1.17365961e-04j,
            1.10653851e-03+6.65341372e-02j,
            9.95979600e-01-1.65272526e-02j,
            4.79732348e-03+5.74174529e-02j],
          [-3.07994935e-06-3.68716027e-05j,
           -1.91818285e-03+1.17365961e-04j,
            4.79732348e-03+5.74174529e-02j,
            9.87115582e-01-1.49262703e-01j]],
         input_dims=(2, 2), output_dims=(2, 2))"
"Operator([[ 9.87115582e-01-1.49262703e-01j,
           -4.87064030e-02+3.07809115e-02j,
            1.00319539e-03-1.63914588e-03j,
           -1.72905373e-06+3.69595934e-05j],
          [ 5.31390248e-02+2.22715570e-02j,
            9.95979600e-01-1.65272526e-02j,
           -5.84969616e-02+3.17194156e-02j,
            1.00319539e-03-1.63914588e-03j],
          [ 1.19554949e-03+1.50461345e-03j,
            5.95193789e-02+2.97566694e-02j,
            9.95979600e-01-1.65272526e-02j,
           -4.87064030e-02+3.07809115e-02j],
          [ 7.83690549e-06+3.61605321e-05j,
            1.19554949e-03+1.50461345e-03j,
            5.31390248e-02+2.22715570e-02j,
            9.87115582e-01-1.49262703e-01j]],
         input_dims=(2, 2), output_dims=(2, 2))"
"Operator([[ 9.87115582e-01-1.49262703e-01j,
            4.79732348e-03+5.74174529e-02j,
           -1.91818285e-03+1.17365961e-04j,
           -3.07994935e-06-3.68716027e-05j],
          [ 4.79732348e-03+5.74174529e-02j,
            9.95979600e-01-1.65272526e-02j,
            1.10653851e-03+6.65341372e-02j,
           -1.91818285e-03+1.17365961e-04j],
          [-1.91818285e-03+1.17365961e-04j,
            1.10653851e-03+6.65341372e-02j,
            9.95979600e-01-1.65272526e-02j,
            4.79732348e-03+5.74174529e-02j],
          [-3.07994935e-06-3.68716027e-05j,
           -1.91818285e-03+1.17365961e-04j,
            4.79732348e-03+5.74174529e-02j,
            9.87115582e-01-1.49262703e-01j]],
         input_dims=(2, 2), output_dims=(2, 2))"
"Operator([[ 9.87115582e-01-1.49262703e-01j,
           -4.40413727e-02+3.71501776e-02j,
            5.21761870e-04-1.84958502e-03j,
            1.31948173e-05+3.45672962e-05j],
          [ 4.95956221e-02+2.93266513e-02j,
            9.95979600e-01-1.65272526e-02j,
           -5.36117259e-02+3.94182532e-02j,
            5.21761870e-04-1.84958502e-03j],
          [ 7.43363054e-04+1.77217707e-03j,
            5.48928551e-02+3.76136984e-02j,
            9.95979600e-01-1.65272526e-02j,
           -4.40413727e-02+3.71501776e-02j],
          [-7.27704066e-06+3.62773463e-05j,
            7.43363054e-04+1.77217707e-03j,
            4.95956221e-02+2.93266513e-02j,
            9.87115582e-01-1.49262703e-01j]],
         input_dims=(2, 2), output_dims=(2, 2))"
