unitary
"Operator([[ 9.87115582e-01-1.49262703e-01j,
           -2.03723449e-02+5.38956935e-02j,
           -1.29923004e-03-1.41605139e-03j,
            3.51231581e-05-1.16346439e-05j],
          [ 2.90335972e-02+4.97677450e-02j,
            9.95979600e-01-1.65272526e-02j,
           -2.76263922e-02+6.05375776e-02j,
           -1.29923004e-03-1.41605139e-03j],
          [-1.11689963e-03+1.56388473e-03j,
            2.96241748e-02+5.95854354e-02j,
            9.95979600e-01-1.65272526e-02j,
           -2.03723449e-02+5.38956935e-02j],
          [-3.65666628e-05-5.64626799e-06j,
           -1.11689963e-03+1.56388473e-03j,
            2.90335972e-02+4.97677450e-02j,
            9.87115582e-01-1.49262703e-01j]],
         input_dims=(2, 2), output_dims=(2, 2))"
"Operator([[ 9.87115582e-01-1.49262703e-01j,
           -1.33040786e-02+5.60605004e-02j,
           -1.61625968e-03-1.03966575e-03j,
            2.81786243e-05-2.39784550e-05j],
          [ 2.24225709e-02+5.30754795e-02j,
            9.95979600e-01-1.65272526e-02j,
           -1.96480210e-02+6.35764982e-02j,
           -1.61625968e-03-1.03966575e-03j],
          [-1.47745166e-03+1.22895761e-03j,
            2.17512694e-02+6.28879808e-02j,
            9.95979600e-01-1.65272526e-02j,
           -1.33040786e-02+5.60605004e-02j],
          [-3.17662800e-05-1.89711524e-05j,
           -1.47745166e-03+1.22895761e-03j,
            2.24225709e-02+5.30754795e-02j,
            9.87115582e-01-1.49262703e-01j]],
         input_dims=(2, 2), output_dims=(2, 2))"
"Operator([[ 9.87115582e-01-1.49262703e-01j,
            4.79732348e-03+5.74174529e-02j,
           -1.91818285e-03+1.17365961e-04j,
           -3.07994935e-06-3.68716027e-05j],
          [ 4.79732348e-03+5.74174529e-02j,
            9.95979600e-01-1.65272526e-02j,
            1.10653851e-03+6.65341372e-02j,
           -1.91818285e-03+1.17365961e-04j],
          [-1.91818285e-03+1.17365961e-04j,
            1.10653851e-03+6.65341372e-02j,
            9.95979600e-01-1.65272526e-02j,
            4.79732348e-03+5.74174529e-02j],
          [-3.07994935e-06-3.68716027e-05j,
           -1.91818285e-03+1.17365961e-04j,
            4.79732348e-03+5.74174529e-02j,
            9.87115582e-01-1.49262703e-01j]],
         input_dims=(2, 2), output_dims=(2, 2))"
"Operator([[ 9.87115582e-01-1.49262703e-01j,
            8.66581503e-04+5.76109993e-02j,
           -1.91629182e-03-1.45003062e-04j,
            4.48861575e-06-3.67267409e-05j],
          [ 8.70568387e-03+5.69560293e-02j,
            9.95979600e-01-1.65272526e-02j,
           -3.43793623e-03+6.64544689e-02j,
           -1.91629182e-03-1.45003062e-04j],
          [-1.88431904e-03+3.77547289e-04j,
            5.64585078e-03+6.63033952e-02j,
            9.95979600e-01-1.65272526e-02j,
            8.66581503e-04+5.76109993e-02j],
          [-1.05195928e-05-3.54730791e-05j,
           -1.88431904e-03+3.77547289e-04j,
            8.70568387e-03+5.69560293e-02j,
            9.87115582e-01-1.49262703e-01j]],
         input_dims=(2, 2), output_dims=(2, 2))"
"Operator([[ 9.87115582e-01-1.49262703e-01j,
            7.92977455e-03+5.70692289e-02j,
           -1.89389607e-03+3.26125558e-04j,
           -9.06294610e-06-3.58728892e-05j],
          [ 1.65051775e-03+5.75938712e-02j,
            9.95979600e-01-1.65272526e-02j,
            4.74301839e-03+6.63740885e-02j,
           -1.89389607e-03+3.26125558e-04j],
          [-1.91952829e-03-9.27973242e-05j,
           -2.53325238e-03+6.64951012e-02j,
            9.95979600e-01-1.65272526e-02j,
            7.92977455e-03+5.70692289e-02j],
          [ 2.98582502e-06-3.68793441e-05j,
           -1.91952829e-03-9.27973242e-05j,
            1.65051775e-03+5.75938712e-02j,
            9.87115582e-01-1.49262703e-01j]],
         input_dims=(2, 2), output_dims=(2, 2))"
"Operator([[ 9.87115582e-01-1.49262703e-01j,
            1.49647061e-02+5.56402353e-02j,
           -1.75485007e-03+7.83390991e-04j,
           -2.15427404e-05-3.00817471e-05j],
          [-5.52400884e-03+5.73521014e-02j,
            9.95979600e-01-1.65272526e-02j,
            1.29597297e-02+6.52691447e-02j,
           -1.75485007e-03+7.83390991e-04j],
          [-1.83726730e-03-5.63603650e-04j,
           -1.07821624e-02+6.56639994e-02j,
            9.95979600e-01-1.65272526e-02j,
            1.49647061e-02+5.56402353e-02j],
          [ 1.62534537e-05-3.32389292e-05j,
           -1.83726730e-03-5.63603650e-04j,
           -5.52400884e-03+5.73521014e-02j,
            9.87115582e-01-1.49262703e-01j]],
         input_dims=(2, 2), output_dims=(2, 2))"
"Operator([[ 9.87115582e-01-1.49262703e-01j,
            4.79732348e-03+5.74174529e-02j,
           -1.91818285e-03+1.17365961e-04j,
           -3.07994935e-06-3.68716027e-05j],
          [ 4.79732348e-03+5.74174529e-02j,
            9.95979600e-01-1.65272526e-02j,
            1.10653851e-03+6.65341372e-02j,
           -1.91818285e-03+1.17365961e-04j],
          [-1.91818285e-03+1.17365961e-04j,
            1.10653851e-03+6.65341372e-02j,
            9.95979600e-01-1.65272526e-02j,
            4.79732348e-03+5.74174529e-02j],
          [-3.07994935e-06-3.68716027e-05j,
           -1.91818285e-03+1.17365961e-04j,
            4.79732348e-03+5.74174529e-02j,
            9.87115582e-01-1.49262703e-01j]],
         input_dims=(2, 2), output_dims=(2, 2))"
"Operator([[ 9.87115582e-01-1.49262703e-01j,
            2.89059812e-02+4.98419749e-02j,
           -1.12489927e-03+1.55814051e-03j,
           -3.65221803e-05-5.92718481e-06j],
          [-2.02341802e-02+5.39477169e-02j,
            9.95979600e-01-1.65272526e-02j,
            2.94714008e-02+5.96611463e-02j,
           -1.12489927e-03+1.55814051e-03j],
          [-1.30646970e-03-1.40937474e-03j,
           -2.74711851e-02+6.06081664e-02j,
            9.95979600e-01-1.65272526e-02j,
            2.89059812e-02+4.98419749e-02j],
          [ 3.50326862e-05-1.19042877e-05j,
           -1.30646970e-03-1.40937474e-03j,
           -2.02341802e-02+5.39477169e-02j,
            9.87115582e-01-1.49262703e-01j]],
         input_dims=(2, 2), output_dims=(2, 2))"
"Operator([[ 9.87115582e-01-1.49262703e-01j,
            3.57737010e-02+4.51665864e-02j,
           -6.34843261e-04+1.81388375e-03j,
           -3.56390203e-05+9.94290732e-06j],
          [-2.77825360e-02+5.04768155e-02j,
            9.95979600e-01-1.65272526e-02j,
            3.77454265e-02+5.48023596e-02j,
           -6.34843261e-04+1.81388375e-03j],
          [-8.51248367e-04-1.72295573e-03j,
           -3.59022046e-02+5.60272037e-02j,
            9.95979600e-01-1.65272526e-02j,
            3.57737010e-02+4.51665864e-02j],
          [ 3.67947069e-05+3.89239161e-06j,
           -8.51248367e-04-1.72295573e-03j,
           -2.77825360e-02+5.04768155e-02j,
            9.87115582e-01-1.49262703e-01j]],
         input_dims=(2, 2), output_dims=(2, 2))"
"Operator([[ 9.87115582e-01-1.49262703e-01j,
            4.23864147e-02+3.90278114e-02j,
           -4.44782349e-05+1.92125529e-03j,
           -2.72645942e-05+2.50128582e-05j],
          [-3.53222629e-02+4.55205003e-02j,
            9.95979600e-01-1.65272526e-02j,
            4.58382906e-02+4.82376094e-02j,
           -4.44782349e-05+1.92125529e-03j],
          [-2.78377454e-04-1.90150104e-03j,
           -4.42088912e-02+4.97351966e-02j,
            9.95979600e-01-1.65272526e-02j,
            4.23864147e-02+3.90278114e-02j],
          [ 3.10365305e-05+2.01428635e-05j,
           -2.78377454e-04-1.90150104e-03j,
           -3.53222629e-02+4.55205003e-02j,
            9.87115582e-01-1.49262703e-01j]],
         input_dims=(2, 2), output_dims=(2, 2))"
"Operator([[ 9.87115582e-01-1.49262703e-01j,
            4.79732348e-03+5.74174529e-02j,
           -1.91818285e-03+1.17365961e-04j,
           -3.07994935e-06-3.68716027e-05j],
          [ 4.79732348e-03+5.74174529e-02j,
            9.95979600e-01-1.65272526e-02j,
            1.10653851e-03+6.65341372e-02j,
           -1.91818285e-03+1.17365961e-04j],
          [-1.91818285e-03+1.17365961e-04j,
            1.10653851e-03+6.65341372e-02j,
            9.95979600e-01-1.65272526e-02j,
            4.79732348e-03+5.74174529e-02j],
          [-3.07994935e-06-3.68716027e-05j,
           -1.91818285e-03+1.17365961e-04j,
            4.79732348e-03+5.74174529e-02j,
            9.87115582e-01-1.49262703e-01j]],
         input_dims=(2, 2), output_dims=(2, 2))"
"Operator([[ 9.87115582e-01-1.49262703e-01j,
            5.27955465e-02+2.30739784e-02j,
            1.14942072e-03+1.54014032e-03j,
            6.18598196e-06+3.64792379e-05j],
          [-4.82345293e-02+3.15152089e-02j,
            9.95979600e-01-1.65272526e-02j,
            5.90617802e-02+3.06548848e-02j,
            1.14942072e-03+1.54014032e-03j],
          [ 9.53079439e-04-1.66878393e-03j,
           -5.80097475e-02+3.26019177e-02j,
            9.95979600e-01-1.65272526e-02j,
            5.27955465e-02+2.30739784e-02j],
          [-4.81342124e-08+3.69999845e-05j,
            9.53079439e-04-1.66878393e-03j,
           -4.82345293e-02+3.15152089e-02j,
            9.87115582e-01-1.49262703e-01j]],
         input_dims=(2, 2), output_dims=(2, 2))"
"Operator([[ 9.87115582e-01-1.49262703e-01j,
            5.57820262e-02+1.44271884e-02j,
            1.57320789e-03+1.10372874e-03j,
            2.22382325e-05+2.95713068e-05j],
          [-5.26144920e-02+2.34838974e-02j,
            9.95979600e-01-1.65272526e-02j,
            6.31691109e-02+2.09207858e-02j,
            1.57320789e-03+1.10372874e-03j],
          [ 1.42691074e-03-1.28729404e-03j,
           -6.24384954e-02+2.30097834e-02j,
            9.95979600e-01-1.65272526e-02j,
            5.57820262e-02+1.44271884e-02j],
          [-1.70239925e-05+3.28509490e-05j,
            1.42691074e-03-1.28729404e-03j,
           -5.26144920e-02+2.34838974e-02j,
            9.87115582e-01-1.49262703e-01j]],
         input_dims=(2, 2), output_dims=(2, 2))"
"Operator([[ 9.87115582e-01-1.49262703e-01j,
            4.79732348e-03+5.74174529e-02j,
           -1.91818285e-03+1.17365961e-04j,
           -3.07994935e-06-3.68716027e-05j],
          [ 4.79732348e-03+5.74174529e-02j,
            9.95979600e-01-1.65272526e-02j,
            1.10653851e-03+6.65341372e-02j,
           -1.91818285e-03+1.17365961e-04j],
          [-1.91818285e-03+1.17365961e-04j,
            1.10653851e-03+6.65341372e-02j,
            9.95979600e-01-1.65272526e-02j,
            4.79732348e-03+5.74174529e-02j],
          [-3.07994935e-06-3.68716027e-05j,
           -1.91818285e-03+1.17365961e-04j,
            4.79732348e-03+5.74174529e-02j,
            9.87115582e-01-1.49262703e-01j]],
         input_dims=(2, 2), output_dims=(2, 2))"
"Operator([[ 9.87115582e-01-1.49262703e-01j,
            5.76121073e-02-7.89496926e-04j,
            1.91589693e-03+1.50130554e-04j,
            3.67084277e-05+4.63600092e-06j],
          [-5.69443301e-02+8.78188353e-03j,
            9.95979600e-01-1.65272526e-02j,
            6.64498095e-02+3.52684956e-03j,
            1.91589693e-03+1.50130554e-04j],
          [ 1.88330198e-03-3.82588389e-04j,
           -6.62957817e-02+5.73456000e-03j,
            9.95979600e-01-1.65272526e-02j,
            5.76121073e-02-7.89496926e-04j],
          [-3.54305676e-05+1.06618972e-05j,
            1.88330198e-03-3.82588389e-04j,
           -5.69443301e-02+8.78188353e-03j,
            9.87115582e-01-1.49262703e-01j]],
         input_dims=(2, 2), output_dims=(2, 2))"
