unitary
"Operator([[-0.55855245-0.71417265j,  0.10560399+0.00284511j,
           -0.13859342-0.14243404j,  0.12808485-0.333039j  ],
          [-0.0098679 -0.10518043j, -0.86926765-0.35736958j,
            0.23438291-0.10521165j, -0.13859342-0.14243404j],
          [ 0.16857906+0.10524587j, -0.13261911-0.22003866j,
           -0.86926765-0.35736958j,  0.10560399+0.00284511j],
          [ 0.35681443+0.00203959j,  0.16857906+0.10524587j,
           -0.0098679 -0.10518043j, -0.55855245-0.71417265j]],
         input_dims=(2, 2), output_dims=(2, 2))"
"Operator([[-0.55855245-0.71417265j, -0.07217153+0.07714641j,
           -0.12474421+0.1547077j ,  0.29470535-0.20117022j],
          [-0.07217153+0.07714641j, -0.86926765-0.35736958j,
           -0.07671557+0.24519291j, -0.12474421+0.1547077j ],
          [-0.12474421+0.1547077j , -0.07671557+0.24519291j,
           -0.86926765-0.35736958j, -0.07217153+0.07714641j],
          [ 0.29470535-0.20117022j, -0.12474421+0.1547077j ,
           -0.07217153+0.07714641j, -0.55855245-0.71417265j]],
         input_dims=(2, 2), output_dims=(2, 2))"
"Operator([[-0.55855245-0.71417265j, -0.10115899+0.03044924j,
           -0.19618266-0.03174827j,  0.19875251+0.29634126j],
          [-0.02364848+0.10296139j, -0.86926765-0.35736958j,
           -0.18950785+0.17346936j, -0.19618266-0.03174827j],
          [ 0.07261872+0.18499219j,  0.05684228+0.25054699j,
           -0.86926765-0.35736958j, -0.10115899+0.03044924j],
          [-0.20357447-0.29304971j,  0.07261872+0.18499219j,
           -0.02364848+0.10296139j, -0.55855245-0.71417265j]],
         input_dims=(2, 2), output_dims=(2, 2))"
"Operator([[-0.55855245-0.71417265j, -0.07217153+0.07714641j,
           -0.12474421+0.1547077j ,  0.29470535-0.20117022j],
          [-0.07217153+0.07714641j, -0.86926765-0.35736958j,
           -0.07671557+0.24519291j, -0.12474421+0.1547077j ],
          [-0.12474421+0.1547077j , -0.07671557+0.24519291j,
           -0.86926765-0.35736958j, -0.07217153+0.07714641j],
          [ 0.29470535-0.20117022j, -0.12474421+0.1547077j ,
           -0.07217153+0.07714641j, -0.55855245-0.71417265j]],
         input_dims=(2, 2), output_dims=(2, 2))"
