unitary
"Operator([[ 8.49807622e-01-0.48915947j,  5.56732257e-02+0.18690713j,
           -2.21650333e-02+0.00475873j, -4.32099984e-04-0.00145507j],
          [ 5.56732257e-02+0.18690713j,  9.52785453e-01-0.05202104j,
            1.26658519e-02+0.2253565j , -2.21650333e-02+0.00475873j],
          [-2.21650333e-02+0.00475873j,  1.26658519e-02+0.2253565j ,
            9.52785453e-01-0.05202104j,  5.56732257e-02+0.18690713j],
          [-4.32099984e-04-0.00145507j, -2.21650333e-02+0.00475873j,
            5.56732257e-02+0.18690713j,  8.49807622e-01-0.48915947j]],
         input_dims=(2, 2), output_dims=(2, 2))"
"Operator([[ 8.49807622e-01-0.48915947j,  1.38820980e-01-0.13697634j,
            8.42748041e-03-0.02104547j, -2.79964730e-04-0.00149183j],
          [-1.91146098e-01-0.03869046j,  9.52785453e-01-0.05202104j,
            1.92970851e-01-0.11708213j,  8.42748041e-03-0.02104547j],
          [ 1.63233365e-02+0.01573159j, -2.04874997e-01-0.09472175j,
            9.52785453e-01-0.05202104j,  1.38820980e-01-0.13697634j],
          [-5.79640959e-04-0.00140284j,  1.63233365e-02+0.01573159j,
           -1.91146098e-01-0.03869046j,  8.49807622e-01-0.48915947j]],
         input_dims=(2, 2), output_dims=(2, 2))"
"Operator([[ 8.49807622e-01-0.48915947j,  1.11001439e-01-0.16035106j,
            1.74831553e-04-0.02266944j, -1.02937618e-03-0.00111549j],
          [-1.80651037e-01-0.07347779j,  9.52785453e-01-0.05202104j,
            1.67901940e-01-0.15084732j,  1.74831553e-04-0.02266944j],
          [ 9.46455270e-03+0.02059991j, -1.83747465e-01-0.13108334j,
            9.52785453e-01-0.05202104j,  1.11001439e-01-0.16035106j],
          [ 2.53708790e-04-0.00149652j,  9.46455270e-03+0.02059991j,
           -1.80651037e-01-0.07347779j,  8.49807622e-01-0.48915947j]],
         input_dims=(2, 2), output_dims=(2, 2))"
"Operator([[ 8.49807622e-01-4.89159468e-01j,
            7.55554849e-02-1.79791966e-01j,
           -8.98710887e-03-2.08126414e-02j,
           -1.48685141e-03-3.05304404e-04j],
          [-1.61620052e-01-1.09145504e-01j,
            9.52785453e-01-5.20210443e-02j,
            1.33192911e-01-1.82224100e-01j,
           -8.98710887e-03-2.08126414e-02j],
          [ 3.47855791e-04+2.26674472e-02j,
           -1.52772899e-01-1.66151785e-01j,
            9.52785453e-01-5.20210443e-02j,
            7.55554849e-02-1.79791966e-01j],
          [ 1.07923075e-03-1.06733260e-03j,
            3.47855791e-04+2.26674472e-02j,
           -1.61620052e-01-1.09145504e-01j,
            8.49807622e-01-4.89159468e-01j]],
         input_dims=(2, 2), output_dims=(2, 2))"
"Operator([[ 8.49807622e-01-0.48915947j,  5.56732257e-02+0.18690713j,
           -2.21650333e-02+0.00475873j, -4.32099984e-04-0.00145507j],
          [ 5.56732257e-02+0.18690713j,  9.52785453e-01-0.05202104j,
            1.26658519e-02+0.2253565j , -2.21650333e-02+0.00475873j],
          [-2.21650333e-02+0.00475873j,  1.26658519e-02+0.2253565j ,
            9.52785453e-01-0.05202104j,  5.56732257e-02+0.18690713j],
          [-4.32099984e-04-0.00145507j, -2.21650333e-02+0.00475873j,
            5.56732257e-02+0.18690713j,  8.49807622e-01-0.48915947j]],
         input_dims=(2, 2), output_dims=(2, 2))"
"Operator([[ 0.84980762-4.89159468e-01j, -0.06701289+1.83147630e-01j,
           -0.01090356-1.98757802e-02j,  0.00151502+9.30235687e-05j],
          [ 0.15630596+1.16628601e-01j,  0.95278545-5.20210443e-02j,
           -0.12447206+1.88288820e-01j, -0.01090356-1.98757802e-02j],
          [-0.00178426+2.25997920e-02j,  0.14478655+1.73155510e-01j,
            0.95278545-5.20210443e-02j, -0.06701289+1.83147630e-01j],
          [-0.00121869+9.04832110e-04j, -0.00178426+2.25997920e-02j,
            0.15630596+1.16628601e-01j,  0.84980762-4.89159468e-01j]],
         input_dims=(2, 2), output_dims=(2, 2))"
"Operator([[ 0.84980762-4.89159468e-01j, -0.02654886+1.93206988e-01j,
           -0.01817517-1.35498159e-02j,  0.00126856-8.33482661e-04j],
          [ 0.12794135+1.47189650e-01j,  0.95278545-5.20210443e-02j,
           -0.08160192+2.10445009e-01j, -0.01817517-1.35498159e-02j],
          [-0.01101167+1.98160879e-02j,  0.10466906+1.99975905e-01j,
            0.95278545-5.20210443e-02j, -0.02654886+1.93206988e-01j],
          [-0.00151786-6.02228517e-06j, -0.01101167+1.98160879e-02j,
            0.12794135+1.47189650e-01j,  0.84980762-4.89159468e-01j]],
         input_dims=(2, 2), output_dims=(2, 2))"
"Operator([[ 8.49807622e-01-0.48915947j,  5.56732257e-02+0.18690713j,
           -2.21650333e-02+0.00475873j, -4.32099984e-04-0.00145507j],
          [ 5.56732257e-02+0.18690713j,  9.52785453e-01-0.05202104j,
            1.26658519e-02+0.2253565j , -2.21650333e-02+0.00475873j],
          [-2.21650333e-02+0.00475873j,  1.26658519e-02+0.2253565j ,
            9.52785453e-01-0.05202104j,  5.56732257e-02+0.18690713j],
          [-4.32099984e-04-0.00145507j, -2.21650333e-02+0.00475873j,
            5.56732257e-02+0.18690713j,  8.49807622e-01-0.48915947j]],
         input_dims=(2, 2), output_dims=(2, 2))"
"Operator([[ 8.49807622e-01-0.48915947j,  5.56732257e-02+0.18690713j,
           -2.21650333e-02+0.00475873j, -4.32099984e-04-0.00145507j],
          [ 5.56732257e-02+0.18690713j,  9.52785453e-01-0.05202104j,
            1.26658519e-02+0.2253565j , -2.21650333e-02+0.00475873j],
          [-2.21650333e-02+0.00475873j,  1.26658519e-02+0.2253565j ,
            9.52785453e-01-0.05202104j,  5.56732257e-02+0.18690713j],
          [-4.32099984e-04-0.00145507j, -2.21650333e-02+0.00475873j,
            5.56732257e-02+0.18690713j,  8.49807622e-01-0.48915947j]],
         input_dims=(2, 2), output_dims=(2, 2))"
"Operator([[ 8.49807622e-01-0.48915947j, -3.31404962e-03+0.19499436j,
           -2.08673085e-02-0.00885944j,  8.95237087e-04-0.00122576j],
          [ 1.09471532e-01+0.1613994j ,  9.52785453e-01-0.05202104j,
           -5.59179664e-02+0.21867591j, -2.08673085e-02-0.00885944j],
          [-1.53918235e-02+0.0166441j ,  8.00691618e-02+0.21103294j,
            9.52785453e-01-0.05202104j, -3.31404962e-03+0.19499436j],
          [-1.41914794e-03-0.00053848j, -1.53918235e-02+0.0166441j ,
            1.09471532e-01+0.1613994j ,  8.49807622e-01-0.48915947j]],
         input_dims=(2, 2), output_dims=(2, 2))"
"Operator([[ 0.84980762-4.89159468e-01j, -0.05771179+1.86287765e-01j,
           -0.01284615-1.86791516e-02j,  0.00151177-1.35975745e-04j],
          [ 0.15023904+1.24346340e-01j,  0.95278545-5.20210443e-02j,
           -0.11483946+1.94313853e-01j, -0.01284615-1.86791516e-02j],
          [-0.00404683+2.23059926e-02j,  0.13588973+1.80221964e-01j,
            0.95278545-5.20210443e-02j, -0.05771179+1.86287765e-01j],
          [-0.00134096+7.11175224e-04j, -0.00404683+2.23059926e-02j,
            0.15023904+1.24346340e-01j,  0.84980762-4.89159468e-01j]],
         input_dims=(2, 2), output_dims=(2, 2))"
"Operator([[ 0.84980762-4.89159468e-01j,  0.14634062+1.28911616e-01j,
           -0.00541162+2.20147339e-02j, -0.00140083+5.84481521e-04j],
          [-0.05195072+1.87975809e-01j,  0.95278545-5.20210443e-02j,
            0.13027832+1.84319112e-01j, -0.00541162+2.20147339e-02j],
          [-0.01397111-1.78533553e-02j, -0.10880429+1.97756420e-01j,
            0.95278545-5.20210443e-02j,  0.14634062+1.28911616e-01j],
          [ 0.00149279-2.74811751e-04j, -0.01397111-1.78533553e-02j,
           -0.05195072+1.87975809e-01j,  0.84980762-4.89159468e-01j]],
         input_dims=(2, 2), output_dims=(2, 2))"
"Operator([[ 8.49807622e-01-0.48915947j,  1.42359666e-01-0.13329482j,
            9.51756137e-03-0.02057548j, -1.62032492e-04-0.0015092j ],
          [-1.92093555e-01-0.03367267j,  9.52785453e-01-0.05202104j,
            1.95970111e-01-0.11198969j,  9.51756137e-03-0.02057548j],
          [ 1.71244350e-02+0.01485557j, -2.07284743e-01-0.0893253j ,
            9.52785453e-01-0.05202104j,  1.42359666e-01-0.13329482j],
          [-6.87938829e-04-0.00135303j,  1.71244350e-02+0.01485557j,
           -1.92093555e-01-0.03367267j,  8.49807622e-01-0.48915947j]],
         input_dims=(2, 2), output_dims=(2, 2))"
