unitary
"Operator([[ 8.86340847e-01-4.30335148e-01j,
           -1.14140332e-01-1.26056126e-01j,
           -6.92879250e-03+1.56336579e-02j,
            9.82042708e-04-1.33197745e-04j],
          [ 3.95106171e-02-1.65399738e-01j,
            9.64342661e-01-4.62886825e-02j,
           -1.00141082e-01-1.69297879e-01j,
           -6.92879250e-03+1.56336579e-02j],
          [-1.20721295e-02-1.21112805e-02j,
            8.30979584e-02-1.78282745e-01j,
            9.64342661e-01-4.62886825e-02j,
           -1.14140332e-01-1.26056126e-01j],
          [-9.25587301e-04+3.54171808e-04j,
           -1.20721295e-02-1.21112805e-02j,
            3.95106171e-02-1.65399738e-01j,
            8.86340847e-01-4.30335148e-01j]],
         input_dims=(2, 2), output_dims=(2, 2))"
"Operator([[ 8.86340847e-01-0.43033515j, -1.58743145e-01-0.06098177j,
            8.48501125e-03+0.01484668j,  3.11155894e-05-0.00099055j],
          [ 1.09899561e-01-0.12976998j,  9.64342661e-01-0.04628868j,
           -1.65764387e-01-0.10588756j,  8.48501125e-03+0.01484668j],
          [ 2.59954974e-03-0.01690153j,  1.54610020e-01-0.12159667j,
            9.64342661e-01-0.04628868j, -1.58743145e-01-0.06098177j],
          [-5.02427940e-04-0.00085423j,  2.59954974e-03-0.01690153j,
            1.09899561e-01-0.12976998j,  8.86340847e-01-0.43033515j]],
         input_dims=(2, 2), output_dims=(2, 2))"
"Operator([[ 8.86340847e-01-0.43033515j,  4.21826807e-02+0.16473853j,
           -1.68138086e-02+0.00311693j, -2.45314235e-04-0.00096019j],
          [ 4.21826807e-02+0.16473853j,  9.64342661e-01-0.04628868j,
            9.63322217e-03+0.19646172j, -1.68138086e-02+0.00311693j],
          [-1.68138086e-02+0.00311693j,  9.63322217e-03+0.19646172j,
            9.64342661e-01-0.04628868j,  4.21826807e-02+0.16473853j],
          [-2.45314235e-04-0.00096019j, -1.68138086e-02+0.00311693j,
            4.21826807e-02+0.16473853j,  8.86340847e-01-0.43033515j]],
         input_dims=(2, 2), output_dims=(2, 2))"
"Operator([[ 8.86340847e-01-0.43033515j,  4.21826807e-02+0.16473853j,
           -1.68138086e-02+0.00311693j, -2.45314235e-04-0.00096019j],
          [ 4.21826807e-02+0.16473853j,  9.64342661e-01-0.04628868j,
            9.63322217e-03+0.19646172j, -1.68138086e-02+0.00311693j],
          [-1.68138086e-02+0.00311693j,  9.63322217e-03+0.19646172j,
            9.64342661e-01-0.04628868j,  4.21826807e-02+0.16473853j],
          [-2.45314235e-04-0.00096019j, -1.68138086e-02+0.00311693j,
            4.21826807e-02+0.16473853j,  8.86340847e-01-0.43033515j]],
         input_dims=(2, 2), output_dims=(2, 2))"
"Operator([[ 8.86340847e-01-0.43033515j, -1.09232733e-01+0.13033178j,
            2.42609316e-03-0.0169273j ,  5.15508064e-04+0.0008464j ],
          [ 1.58428380e-01+0.06179491j,  9.64342661e-01-0.04628868j,
           -1.53984512e-01+0.12238782j,  2.42609316e-03-0.0169273j ],
          [ 8.33231702e-03+0.01493291j,  1.65219279e-01+0.10673611j,
            9.64342661e-01-0.04628868j, -1.09232733e-01+0.13033178j],
          [-4.63481814e-05+0.00098995j,  8.33231702e-03+0.01493291j,
            1.58428380e-01+0.06179491j,  8.86340847e-01-0.43033515j]],
         input_dims=(2, 2), output_dims=(2, 2))"
