unitary
"Operator([[ 9.20523801e-01-0.36357189j,  2.95292899e-02+0.13941656j,
           -1.17829369e-02+0.00181407j, -1.18990440e-04-0.00056265j],
          [ 2.95292899e-02+0.13941656j,  9.75113011e-01-0.03950844j,
            6.76696943e-03+0.16461113j, -1.17829369e-02+0.00181407j],
          [-1.17829369e-02+0.00181407j,  6.76696943e-03+0.16461113j,
            9.75113011e-01-0.03950844j,  2.95292899e-02+0.13941656j],
          [-1.18990440e-04-0.00056265j, -1.17829369e-02+0.00181407j,
            2.95292899e-02+0.13941656j,  9.20523801e-01-0.36357189j]],
         input_dims=(2, 2), output_dims=(2, 2))"
"Operator([[ 9.20523801e-01-0.36357189j,  2.95292899e-02+0.13941656j,
           -1.17829369e-02+0.00181407j, -1.18990440e-04-0.00056265j],
          [ 2.95292899e-02+0.13941656j,  9.75113011e-01-0.03950844j,
            6.76696943e-03+0.16461113j, -1.17829369e-02+0.00181407j],
          [-1.17829369e-02+0.00181407j,  6.76696943e-03+0.16461113j,
            9.75113011e-01-0.03950844j,  2.95292899e-02+0.13941656j],
          [-1.18990440e-04-0.00056265j, -1.17829369e-02+0.00181407j,
            2.95292899e-02+0.13941656j,  9.20523801e-01-0.36357189j]],
         input_dims=(2, 2), output_dims=(2, 2))"
"Operator([[ 9.20523801e-01-0.36357189j,  2.95292899e-02+0.13941656j,
           -1.17829369e-02+0.00181407j, -1.18990440e-04-0.00056265j],
          [ 2.95292899e-02+0.13941656j,  9.75113011e-01-0.03950844j,
            6.76696943e-03+0.16461113j, -1.17829369e-02+0.00181407j],
          [-1.17829369e-02+0.00181407j,  6.76696943e-03+0.16461113j,
            9.75113011e-01-0.03950844j,  2.95292899e-02+0.13941656j],
          [-1.18990440e-04-0.00056265j, -1.17829369e-02+0.00181407j,
            2.95292899e-02+0.13941656j,  9.20523801e-01-0.36357189j]],
         input_dims=(2, 2), output_dims=(2, 2))"
"Operator([[ 9.20523801e-01-0.36357189j,  2.95292899e-02+0.13941656j,
           -1.17829369e-02+0.00181407j, -1.18990440e-04-0.00056265j],
          [ 2.95292899e-02+0.13941656j,  9.75113011e-01-0.03950844j,
            6.76696943e-03+0.16461113j, -1.17829369e-02+0.00181407j],
          [-1.17829369e-02+0.00181407j,  6.76696943e-03+0.16461113j,
            9.75113011e-01-0.03950844j,  2.95292899e-02+0.13941656j],
          [-1.18990440e-04-0.00056265j, -1.17829369e-02+0.00181407j,
            2.95292899e-02+0.13941656j,  9.20523801e-01-0.36357189j]],
         input_dims=(2, 2), output_dims=(2, 2))"
"Operator([[ 9.20523801e-01-3.63571888e-01j,
            6.98915268e-02+1.24193918e-01j,
           -8.63729338e-03+8.21739622e-03j,
           -5.17647070e-04-2.50554283e-04j],
          [-1.35386130e-02+1.41864939e-01j,
            9.75113011e-01-3.95084415e-02j,
            5.57105337e-02+1.55044997e-01j,
           -8.63729338e-03+8.21739622e-03j],
          [-1.07089851e-02-5.23890026e-03j,
           -4.27966287e-02+1.59094511e-01j,
            9.75113011e-01-3.95084415e-02j,
            6.98915268e-02+1.24193918e-01j],
          [ 3.71887994e-04-4.38674433e-04j,
           -1.07089851e-02-5.23890026e-03j,
           -1.35386130e-02+1.41864939e-01j,
            9.20523801e-01-3.63571888e-01j]],
         input_dims=(2, 2), output_dims=(2, 2))"
"Operator([[ 9.20523801e-01-0.36357189j,  5.65960437e-02+0.13078931j,
           -1.01504314e-02+0.00625277j, -4.15517537e-04-0.00039759j],
          [ 1.28909931e-03+0.14250366j,  9.75113011e-01-0.03950844j,
            3.92833674e-02+0.15999822j, -1.01504314e-02+0.00625277j],
          [-1.15611245e-02-0.00291013j, -2.60183348e-02+0.1626827j ,
            9.75113011e-01-0.03950844j,  5.65960437e-02+0.13078931j],
          [ 2.18972776e-04-0.00053178j, -1.15611245e-02-0.00291013j,
            1.28909931e-03+0.14250366j,  9.20523801e-01-0.36357189j]],
         input_dims=(2, 2), output_dims=(2, 2))"
"Operator([[ 9.20523801e-01-3.63571888e-01j,
           -1.34553330e-01+4.69505735e-02j,
            1.09489946e-02-4.71677370e-03j,
           -4.78054131e-04+3.19687638e-04j],
          [ 1.42033953e-01-1.16323261e-02j,
            9.75113011e-01-3.95084415e-02j,
           -1.62428151e-01+2.75628463e-02j,
            1.09489946e-02-4.71677370e-03j],
          [ 1.18607027e-02+1.20506000e-03j,
            1.64142420e-01+1.41379149e-02j,
            9.75113011e-01-3.95084415e-02j,
           -1.34553330e-01+4.69505735e-02j],
          [ 5.66550805e-04+9.87730892e-05j,
            1.18607027e-02+1.20506000e-03j,
            1.42033953e-01-1.16323261e-02j,
            9.20523801e-01-3.63571888e-01j]],
         input_dims=(2, 2), output_dims=(2, 2))"
"Operator([[ 9.20523801e-01-3.63571888e-01j,
            1.21048992e-01+7.52070245e-02j,
            2.30127941e-03+1.16975446e-02j,
           -2.83128577e-04+5.00573818e-04j],
          [-8.01635929e-02+1.17825096e-01j,
            9.75113011e-01-3.95084415e-02j,
            1.23471967e-01+1.09074691e-01j,
            2.30127941e-03+1.16975446e-02j],
          [-1.32373014e-03-1.18480452e-02j,
           -1.14102617e-01+1.18841102e-01j,
            9.75113011e-01-3.95084415e-02j,
            1.21048992e-01+7.52070245e-02j],
          [ 4.61547524e-04+3.43088649e-04j,
           -1.32373014e-03-1.18480452e-02j,
           -8.01635929e-02+1.17825096e-01j,
            9.20523801e-01-3.63571888e-01j]],
         input_dims=(2, 2), output_dims=(2, 2))"
"Operator([[ 9.20523801e-01-0.36357189j,  2.95292899e-02+0.13941656j,
           -1.17829369e-02+0.00181407j, -1.18990440e-04-0.00056265j],
          [ 2.95292899e-02+0.13941656j,  9.75113011e-01-0.03950844j,
            6.76696943e-03+0.16461113j, -1.17829369e-02+0.00181407j],
          [-1.17829369e-02+0.00181407j,  6.76696943e-03+0.16461113j,
            9.75113011e-01-0.03950844j,  2.95292899e-02+0.13941656j],
          [-1.18990440e-04-0.00056265j, -1.17829369e-02+0.00181407j,
            2.95292899e-02+0.13941656j,  9.20523801e-01-0.36357189j]],
         input_dims=(2, 2), output_dims=(2, 2))"
"Operator([[ 9.20523801e-01-3.63571888e-01j,
            1.42489953e-01+2.35971082e-03j,
            1.13970070e-02+3.49809499e-03j,
            5.13405214e-04+2.59135146e-04j],
          [-1.29297460e-01+5.99259682e-02j,
            9.75113011e-01-3.95084415e-02j,
            1.61963252e-01+3.01748190e-02j,
            1.13970070e-02+3.49809499e-03j],
          [ 9.81706199e-03-6.76415046e-03j,
           -1.58940044e-01+4.33667754e-02j,
            9.75113011e-01-3.95084415e-02j,
            1.42489953e-01+2.35971082e-03j],
          [-3.64535310e-04+4.44803266e-04j,
            9.81706199e-03-6.76415046e-03j,
           -1.29297460e-01+5.99259682e-02j,
            9.20523801e-01-3.63571888e-01j]],
         input_dims=(2, 2), output_dims=(2, 2))"
"Operator([[ 9.20523801e-01-3.63571888e-01j,
            1.42029482e-01+1.16867932e-02j,
            1.08420144e-02+4.95773751e-03j,
            4.52889363e-04+3.54439223e-04j],
          [-1.25095105e-01+6.82654351e-02j,
            9.75113011e-01-3.95084415e-02j,
            1.59639267e-01+4.07175546e-02j,
            1.08420144e-02+4.95773751e-03j],
          [ 8.84873183e-03-7.98926671e-03j,
           -1.55758563e-01+5.36831878e-02j,
            9.75113011e-01-3.95084415e-02j,
            1.42029482e-01+1.16867932e-02j],
          [-2.70616376e-04+5.07447253e-04j,
            8.84873183e-03-7.98926671e-03j,
           -1.25095105e-01+6.82654351e-02j,
            9.20523801e-01-3.63571888e-01j]],
         input_dims=(2, 2), output_dims=(2, 2))"
"Operator([[ 9.20523801e-01-0.36357189j,  1.41483298e-01+0.01707136j,
            1.04345218e-02+0.00576621j,  4.09655159e-04+0.00040363j],
          [-1.22412787e-01+0.07296619j,  9.75113011e-01-0.03950844j,
            1.57978056e-01+0.04674985j,  1.04345218e-02+0.00576621j],
          [ 8.21693280e-03-0.00863773j, -1.53607834e-01+0.05955878j,
            9.75113011e-01-0.03950844j,  1.41483298e-01+0.01707136j],
          [-2.11167978e-04+0.00053492j,  8.21693280e-03-0.00863773j,
           -1.22412787e-01+0.07296619j,  9.20523801e-01-0.36357189j]],
         input_dims=(2, 2), output_dims=(2, 2))"
