unitary
"Operator([[ 7.92720502e-01-0.56435937j, -2.27612443e-01-0.01702976j,
            2.62247764e-02+0.01735848j, -1.52908369e-03-0.0019697j ],
          [ 1.65453161e-01-0.1572345j ,  9.34626018e-01-0.05889908j,
           -2.48236761e-01-0.09108854j,  2.62247764e-02+0.01735848j],
          [ 1.46972584e-02-0.02780371j,  2.34181972e-01-0.12279013j,
            9.34626018e-01-0.05889908j, -2.27612443e-01-0.01702976j],
          [-5.57857904e-05-0.00249293j,  1.46972584e-02-0.02780371j,
            1.65453161e-01-0.1572345j ,  7.92720502e-01-0.56435937j]],
         input_dims=(2, 2), output_dims=(2, 2))"
"Operator([[ 7.92720502e-01-0.56435937j,  7.66830245e-02+0.21498175j,
           -3.04722668e-02+0.00777796j, -8.34503107e-04-0.00234977j],
          [ 7.66830245e-02+0.21498175j,  9.34626018e-01-0.05889908j,
            1.73387408e-02+0.26385219j, -3.04722668e-02+0.00777796j],
          [-3.04722668e-02+0.00777796j,  1.73387408e-02+0.26385219j,
            9.34626018e-01-0.05889908j,  7.66830245e-02+0.21498175j],
          [-8.34503107e-04-0.00234977j, -3.04722668e-02+0.00777796j,
            7.66830245e-02+0.21498175j,  7.92720502e-01-0.56435937j]],
         input_dims=(2, 2), output_dims=(2, 2))"
"Operator([[ 7.92720502e-01-0.56435937j, -1.34137173e-01+0.18467446j,
            3.79370991e-03-0.0312196j ,  1.34642951e-03+0.00209879j],
          [ 2.20731708e-01+0.05809432j,  9.34626018e-01-0.05889908j,
           -2.07979582e-01+0.16328841j,  3.79370991e-03-0.0312196j ],
          [ 1.82922134e-02+0.02558223j,  2.27559407e-01+0.13466747j,
            9.34626018e-01-0.05889908j, -1.34137173e-01+0.18467446j],
          [ 2.78950259e-04+0.0024779j ,  1.82922134e-02+0.02558223j,
            2.20731708e-01+0.05809432j,  7.92720502e-01-0.56435937j]],
         input_dims=(2, 2), output_dims=(2, 2))"
"Operator([[ 7.92720502e-01-0.56435937j,  7.66830245e-02+0.21498175j,
           -3.04722668e-02+0.00777796j, -8.34503107e-04-0.00234977j],
          [ 7.66830245e-02+0.21498175j,  9.34626018e-01-0.05889908j,
            1.73387408e-02+0.26385219j, -3.04722668e-02+0.00777796j],
          [-3.04722668e-02+0.00777796j,  1.73387408e-02+0.26385219j,
            9.34626018e-01-0.05889908j,  7.66830245e-02+0.21498175j],
          [-8.34503107e-04-0.00234977j, -3.04722668e-02+0.00777796j,
            7.66830245e-02+0.21498175j,  7.92720502e-01-0.56435937j]],
         input_dims=(2, 2), output_dims=(2, 2))"
"Operator([[ 7.92720502e-01-0.56435937j,  7.66830245e-02+0.21498175j,
           -3.04722668e-02+0.00777796j, -8.34503107e-04-0.00234977j],
          [ 7.66830245e-02+0.21498175j,  9.34626018e-01-0.05889908j,
            1.73387408e-02+0.26385219j, -3.04722668e-02+0.00777796j],
          [-3.04722668e-02+0.00777796j,  1.73387408e-02+0.26385219j,
            9.34626018e-01-0.05889908j,  7.66830245e-02+0.21498175j],
          [-8.34503107e-04-0.00234977j, -3.04722668e-02+0.00777796j,
            7.66830245e-02+0.21498175j,  7.92720502e-01-0.56435937j]],
         input_dims=(2, 2), output_dims=(2, 2))"
"Operator([[ 0.7927205 -5.64359367e-01j, -0.05950547+2.20355478e-01j,
           -0.01796335-2.58142153e-02j,  0.0024828 -2.31337487e-04j],
          [ 0.18552894+1.32952802e-01j,  0.93462602-5.88990813e-02j,
           -0.13612073+2.26693090e-01j, -0.01796335-2.58142153e-02j],
          [-0.0033939 +3.12655905e-02j,  0.16461581+2.06930537e-01j,
            0.93462602-5.88990813e-02j, -0.05950547+2.20355478e-01j],
          [-0.00207256+1.38646617e-03j, -0.0033939 +3.12655905e-02j,
            0.18552894+1.32952802e-01j,  0.7927205 -5.64359367e-01j]],
         input_dims=(2, 2), output_dims=(2, 2))"
"Operator([[ 7.92720502e-01-0.56435937j, -2.28095290e-01+0.00836515j,
            2.94107269e-02+0.01113844j, -2.09031713e-03-0.00135955j],
          [ 1.81898687e-01-0.13787786j,  9.34626018e-01-0.05889908j,
           -2.56820403e-01-0.06294356j,  2.94107269e-02+0.01113844j],
          [ 2.04745390e-02-0.02387151j,  2.46374924e-01-0.09601046j,
            9.34626018e-01-0.05889908j, -2.28095290e-01+0.00836515j],
          [ 7.64570309e-04-0.00237345j,  2.04745390e-02-0.02387151j,
            1.81898687e-01-0.13787786j,  7.92720502e-01-0.56435937j]],
         input_dims=(2, 2), output_dims=(2, 2))"
"Operator([[ 7.92720502e-01-0.56435937j,  7.66830245e-02+0.21498175j,
           -3.04722668e-02+0.00777796j, -8.34503107e-04-0.00234977j],
          [ 7.66830245e-02+0.21498175j,  9.34626018e-01-0.05889908j,
            1.73387408e-02+0.26385219j, -3.04722668e-02+0.00777796j],
          [-3.04722668e-02+0.00777796j,  1.73387408e-02+0.26385219j,
            9.34626018e-01-0.05889908j,  7.66830245e-02+0.21498175j],
          [-8.34503107e-04-0.00234977j, -3.04722668e-02+0.00777796j,
            7.66830245e-02+0.21498175j,  7.92720502e-01-0.56435937j]],
         input_dims=(2, 2), output_dims=(2, 2))"
"Operator([[ 7.92720502e-01-0.56435937j,  1.21837068e-01+0.19301079j,
           -2.42388603e-02+0.0200383j , -2.10174848e-03-0.00134181j],
          [ 2.78173839e-02+0.22654719j,  9.34626018e-01-0.05889908j,
            7.46154210e-02+0.25367528j, -2.42388603e-02+0.0200383j ],
          [-3.08774099e-02-0.00597003j, -4.07771658e-02+0.26125817j,
            9.34626018e-01-0.05889908j,  1.21837068e-01+0.19301079j],
          [ 7.84629942e-04-0.00236689j, -3.08774099e-02-0.00597003j,
            2.78173839e-02+0.22654719j,  7.92720502e-01-0.56435937j]],
         input_dims=(2, 2), output_dims=(2, 2))"
"Operator([[ 0.7927205 -5.64359367e-01j,  0.20079242-1.08534969e-01j,
            0.02671632-1.65919806e-02j,  0.00173727-1.78877533e-03j],
          [-0.22415369+4.30414029e-02j,  0.93462602-5.88990813e-02j,
            0.25813212-5.73273125e-02j,  0.02671632-1.65919806e-02j],
          [ 0.03140008+1.75793572e-03j, -0.26341432-2.30544934e-02j,
            0.93462602-5.88990813e-02j,  0.20079242-1.08534969e-01j],
          [-0.00247636-2.92337927e-04j,  0.03140008+1.75793572e-03j,
           -0.22415369+4.30414029e-02j,  0.7927205 -5.64359367e-01j]],
         input_dims=(2, 2), output_dims=(2, 2))"
"Operator([[ 0.7927205 -5.64359367e-01j,  0.22089629-5.74653598e-02j,
            0.03136396-2.31467568e-03j,  0.00248619-1.91522447e-04j],
          [-0.20739884+9.53055931e-02j,  0.93462602-5.88990813e-02j,
            0.26435433+5.94964519e-03j,  0.03136396-2.31467568e-03j],
          [ 0.02863649-1.30002664e-02j, -0.26130244+4.04925701e-02j,
            0.93462602-5.88990813e-02j,  0.22089629-5.74653598e-02j],
          [-0.00205008+1.41949972e-03j,  0.02863649-1.30002664e-02j,
           -0.20739884+9.53055931e-02j,  0.7927205 -5.64359367e-01j]],
         input_dims=(2, 2), output_dims=(2, 2))"
