unitary
"Operator([[ 2.12673044e-01-0.87021537j, -2.85656579e-02+0.42429282j,
           -6.06918901e-02-0.11181326j,  2.15404496e-02+0.00230083j],
          [ 4.24885886e-01+0.01767432j,  7.41052720e-01-0.0656797j ,
           -3.13984329e-01+0.38847751j, -6.06918901e-02-0.11181326j],
          [ 6.63455627e-02+0.10855402j,  3.96402556e-01+0.30391767j,
            7.41052720e-01-0.0656797j , -2.85656579e-02+0.42429282j],
          [-6.38118796e-04+0.02165358j,  6.63455627e-02+0.10855402j,
            4.24885886e-01+0.01767432j,  2.12673044e-01-0.87021537j]],
         input_dims=(2, 2), output_dims=(2, 2))"
"Operator([[ 0.21267304-0.87021537j,  0.37150247+0.2069452j ,
           -0.04774848+0.11792282j, -0.02144696+0.00305164j],
          [ 0.16538267+0.39177668j,  0.74105272-0.0656797j ,
            0.2172808 +0.4497666j , -0.04774848+0.11792282j],
          [-0.12597531-0.01777443j, -0.10563088+0.4882039j ,
            0.74105272-0.0656797j ,  0.37150247+0.2069452j ],
          [ 0.0059286 -0.02083594j, -0.12597531-0.01777443j,
            0.16538267+0.39177668j,  0.21267304-0.87021537j]],
         input_dims=(2, 2), output_dims=(2, 2))"
"Operator([[ 0.21267304-0.87021537j,  0.28390506+0.31660435j,
           -0.1102199 +0.06353963j, -0.01424286-0.01632255j],
          [ 0.28390506+0.31660435j,  0.74105272-0.0656797j ,
            0.05904052+0.49599915j, -0.1102199 +0.06353963j],
          [-0.1102199 +0.06353963j,  0.05904052+0.49599915j,
            0.74105272-0.0656797j ,  0.28390506+0.31660435j],
          [-0.01424286-0.01632255j, -0.1102199 +0.06353963j,
            0.28390506+0.31660435j,  0.21267304-0.87021537j]],
         input_dims=(2, 2), output_dims=(2, 2))"
"Operator([[ 0.21267304-0.87021537j,  0.28827587+0.31262985j,
           -0.10841217+0.06657711j, -0.01491057-0.01571496j],
          [ 0.27947946+0.32051775j,  0.74105272-0.0656797j ,
            0.06592514+0.49513111j, -0.10841217+0.06657711j],
          [-0.11194254+0.0604531j ,  0.0521445 +0.49677146j,
            0.74105272-0.0656797j ,  0.28827587+0.31262985j],
          [-0.01355042-0.0169018j , -0.11194254+0.0604531j ,
            0.27947946+0.32051775j,  0.21267304-0.87021537j]],
         input_dims=(2, 2), output_dims=(2, 2))"
"Operator([[ 0.21267304-0.87021537j, -0.13330241+0.40382034j,
            0.00075537-0.12722083j,  0.01411302+0.01643495j],
          [ 0.4159071 -0.08866613j,  0.74105272-0.0656797j ,
           -0.40081663+0.29807208j,  0.00075537-0.12722083j],
          [ 0.1104719 +0.06310047j,  0.45958673+0.19565525j,
            0.74105272-0.0656797j , -0.13330241+0.40382034j],
          [ 0.0143718 +0.01620913j,  0.1104719 +0.06310047j,
            0.4159071 -0.08866613j,  0.21267304-0.87021537j]],
         input_dims=(2, 2), output_dims=(2, 2))"
"Operator([[ 0.21267304-0.87021537j, -0.24986792-0.34410234j,
           -0.12088166+0.03966529j,  0.00860799+0.01987932j],
          [-0.31493633-0.28575428j,  0.74105272-0.0656797j ,
           -0.00775919-0.49944042j, -0.12088166+0.03966529j],
          [-0.09490263+0.08473016j, -0.10969675-0.48730643j,
            0.74105272-0.0656797j , -0.24986792-0.34410234j],
          [ 0.01853011+0.0112214j , -0.09490263+0.08473016j,
           -0.31493633-0.28575428j,  0.21267304-0.87021537j]],
         input_dims=(2, 2), output_dims=(2, 2))"
"Operator([[ 0.21267304-0.87021537j,  0.28390506+0.31660435j,
           -0.1102199 +0.06353963j, -0.01424286-0.01632255j],
          [ 0.28390506+0.31660435j,  0.74105272-0.0656797j ,
            0.05904052+0.49599915j, -0.1102199 +0.06353963j],
          [-0.1102199 +0.06353963j,  0.05904052+0.49599915j,
            0.74105272-0.0656797j ,  0.28390506+0.31660435j],
          [-0.01424286-0.01632255j, -0.1102199 +0.06353963j,
            0.28390506+0.31660435j,  0.21267304-0.87021537j]],
         input_dims=(2, 2), output_dims=(2, 2))"
