unitary
"Operator([[ 0.82465199-5.24388532e-01j, -0.02152572+2.09272590e-01j,
           -0.0218406 -1.50557392e-02j,  0.00155088-1.14173558e-03j],
          [ 0.14031566+1.56747850e-01j,  0.94479879-5.53159953e-02j,
           -0.08484787+2.28329079e-01j, -0.0218406 -1.50557392e-02j],
          [-0.01292815+2.31635481e-02j,  0.11180077+2.16411452e-01j,
            0.94479879-5.53159953e-02j, -0.02152572+2.09272590e-01j],
          [-0.00192574-1.74811461e-05j, -0.01292815+2.31635481e-02j,
            0.14031566+1.56747850e-01j,  0.82465199-5.24388532e-01j]],
         input_dims=(2, 2), output_dims=(2, 2))"
"Operator([[ 8.24651986e-01-0.52438853j,  6.49420862e-02+0.20010222j,
           -2.58339895e-02+0.00602429j, -5.92551551e-04-0.0018324j ],
          [ 6.49420862e-02+0.20010222j,  9.44798788e-01-0.055316j  ,
            1.47350671e-02+0.24313825j, -2.58339895e-02+0.00602429j],
          [-2.58339895e-02+0.00602429j,  1.47350671e-02+0.24313825j,
            9.44798788e-01-0.055316j  ,  6.49420862e-02+0.20010222j],
          [-5.92551551e-04-0.0018324j , -2.58339895e-02+0.00602429j,
            6.49420862e-02+0.20010222j,  8.24651986e-01-0.52438853j]],
         input_dims=(2, 2), output_dims=(2, 2))"
"Operator([[ 8.24651986e-01-0.52438853j,  9.57824619e-02+0.18730748j,
           -2.26585037e-02+0.01379418j, -1.36719632e-03-0.00135631j],
          [ 3.24658697e-02+0.20785654j,  9.44798788e-01-0.055316j  ,
            5.30165370e-02+0.23774477j, -2.26585037e-02+0.01379418j],
          [-2.64229143e-02-0.00234876j, -2.39175678e-02+0.24240726j,
            9.44798788e-01-0.055316j  ,  9.57824619e-02+0.18730748j],
          [ 3.14180082e-04-0.00190002j, -2.64229143e-02-0.00234876j,
            3.24658697e-02+0.20785654j,  8.24651986e-01-0.52438853j]],
         input_dims=(2, 2), output_dims=(2, 2))"
"Operator([[ 0.82465199-5.24388532e-01j,  0.16792897+1.26721095e-01j,
           -0.00319239+2.63343072e-02j, -0.00161765+1.04499676e-03j],
          [-0.06150916+2.01183988e-01j,  0.94479879-5.53159953e-02j,
            0.1514648 +1.90766201e-01j, -0.00319239+2.63343072e-02j],
          [-0.01451159-2.22058737e-02j, -0.12731863+2.07661496e-01j,
            0.94479879-5.53159953e-02j,  0.16792897+1.26721095e-01j],
          [ 0.00192322-1.00032273e-04j, -0.01451159-2.22058737e-02j,
           -0.06150916+2.01183988e-01j,  0.82465199-5.24388532e-01j]],
         input_dims=(2, 2), output_dims=(2, 2))"
"Operator([[ 8.24651986e-01-0.52438853j, -1.58409309e-01+0.13843722j,
            1.34766692e-02-0.02284877j, -8.63229106e-05+0.00192389j],
          [ 2.09514313e-01+0.01902961j,  9.44798788e-01-0.055316j  ,
           -2.17728768e-01+0.10921315j,  1.34766692e-02-0.02284877j],
          [ 2.21933036e-02+0.01453081j,  2.29324263e-01+0.08212011j,
            9.44798788e-01-0.055316j  , -1.58409309e-01+0.13843722j],
          [ 1.19645574e-03+0.00150907j,  2.21933036e-02+0.01453081j,
            2.09514313e-01+0.01902961j,  8.24651986e-01-0.52438853j]],
         input_dims=(2, 2), output_dims=(2, 2))"
"Operator([[ 8.24651986e-01-0.52438853j,  6.49420862e-02+0.20010222j,
           -2.58339895e-02+0.00602429j, -5.92551551e-04-0.0018324j ],
          [ 6.49420862e-02+0.20010222j,  9.44798788e-01-0.055316j  ,
            1.47350671e-02+0.24313825j, -2.58339895e-02+0.00602429j],
          [-2.58339895e-02+0.00602429j,  1.47350671e-02+0.24313825j,
            9.44798788e-01-0.055316j  ,  6.49420862e-02+0.20010222j],
          [-5.92551551e-04-0.0018324j , -2.58339895e-02+0.00602429j,
            6.49420862e-02+0.20010222j,  8.24651986e-01-0.52438853j]],
         input_dims=(2, 2), output_dims=(2, 2))"
"Operator([[ 0.82465199-5.24388532e-01j,  0.18541872-9.93894939e-02j,
            0.02210771-1.46607012e-02j,  0.00127468-1.44359913e-03j],
          [-0.20844592+2.84371315e-02j,  0.94479879-5.53159953e-02j,
            0.23667421-5.76076938e-02j,  0.02210771-1.46607012e-02j],
          [ 0.02631223+3.36953928e-03j, -0.24189898-2.86044078e-02j,
            0.94479879-5.53159953e-02j,  0.18541872-9.93894939e-02j],
          [-0.00187859-4.23909274e-04j,  0.02631223+3.36953928e-03j,
           -0.20844592+2.84371315e-02j,  0.82465199-5.24388532e-01j]],
         input_dims=(2, 2), output_dims=(2, 2))"
"Operator([[ 8.24651986e-01-0.52438853j,  6.49420862e-02+0.20010222j,
           -2.58339895e-02+0.00602429j, -5.92551551e-04-0.0018324j ],
          [ 6.49420862e-02+0.20010222j,  9.44798788e-01-0.055316j  ,
            1.47350671e-02+0.24313825j, -2.58339895e-02+0.00602429j],
          [-2.58339895e-02+0.00602429j,  1.47350671e-02+0.24313825j,
            9.44798788e-01-0.055316j  ,  6.49420862e-02+0.20010222j],
          [-5.92551551e-04-0.0018324j , -2.58339895e-02+0.00602429j,
            6.49420862e-02+0.20010222j,  8.24651986e-01-0.52438853j]],
         input_dims=(2, 2), output_dims=(2, 2))"
