unitary
"Operator([[-0.34591771-0.74033543j,  0.46356971+0.23706628j,
           -0.17339278+0.16512803j, -0.05362943-0.03063744j],
          [ 0.46356971+0.23706628j,  0.52443395-0.00218088j,
            0.0812213 +0.62444996j, -0.17339278+0.16512803j],
          [-0.17339278+0.16512803j,  0.0812213 +0.62444996j,
            0.52443395-0.00218088j,  0.46356971+0.23706628j],
          [-0.05362943-0.03063744j, -0.17339278+0.16512803j,
            0.46356971+0.23706628j, -0.34591771-0.74033543j]],
         input_dims=(2, 2), output_dims=(2, 2))"
"Operator([[-0.34591771-0.74033543j,  0.14210564-0.50090247j,
            0.09703067-0.21890036j, -0.00430882-0.06161333j],
          [-0.32292259+0.40843396j,  0.52443395-0.00218088j,
            0.59661891-0.2014461j ,  0.09703067-0.21890036j],
          [ 0.22337462-0.08623283j, -0.62829955-0.04212274j,
            0.52443395-0.00218088j,  0.14210564-0.50090247j],
          [-0.05526365+0.02758074j,  0.22337462-0.08623283j,
           -0.32292259+0.40843396j, -0.34591771-0.74033543j]],
         input_dims=(2, 2), output_dims=(2, 2))"
"Operator([[-0.34591771-0.74033543j,  0.21651211+0.47351854j,
           -0.20061867-0.13070757j,  0.05045032-0.03563052j],
          [ 0.5106506 -0.10165266j,  0.52443395-0.00218088j,
           -0.32368868+0.5401484j , -0.20061867-0.13070757j],
          [ 0.12076175+0.20675812j,  0.45109368+0.43937358j,
            0.52443395-0.00218088j,  0.21651211+0.47351854j],
          [-0.00507008+0.06155536j,  0.12076175+0.20675812j,
            0.5106506 -0.10165266j, -0.34591771-0.74033543j]],
         input_dims=(2, 2), output_dims=(2, 2))"
"Operator([[-0.34591771-0.74033543j,  0.46356971+0.23706628j,
           -0.17339278+0.16512803j, -0.05362943-0.03063744j],
          [ 0.46356971+0.23706628j,  0.52443395-0.00218088j,
            0.0812213 +0.62444996j, -0.17339278+0.16512803j],
          [-0.17339278+0.16512803j,  0.0812213 +0.62444996j,
            0.52443395-0.00218088j,  0.46356971+0.23706628j],
          [-0.05362943-0.03063744j, -0.17339278+0.16512803j,
            0.46356971+0.23706628j, -0.34591771-0.74033543j]],
         input_dims=(2, 2), output_dims=(2, 2))"
"Operator([[-0.34591771-0.74033543j, -0.49722292+0.15448842j,
            0.161121  +0.1771224j , -0.0142052 -0.06010808j],
          [-0.16581488-0.49356127j,  0.52443395-0.00218088j,
           -0.49456142-0.3897995j ,  0.161121  +0.1771224j ],
          [-0.16904874-0.16957253j,  0.37839164-0.50334324j,
            0.52443395-0.00218088j, -0.49722292+0.15448842j],
          [-0.05899321+0.01829125j, -0.16904874-0.16957253j,
           -0.16581488-0.49356127j, -0.34591771-0.74033543j]],
         input_dims=(2, 2), output_dims=(2, 2))"
"Operator([[-0.34591771-0.74033543j, -0.09682043-0.51158881j,
           -0.11683095-0.20900442j, -0.06138683-0.00681366j],
          [-0.47145047+0.22097908j,  0.52443395-0.00218088j,
            0.44361859-0.44691968j, -0.11683095-0.20900442j],
          [ 0.20305412+0.12689108j, -0.54318441-0.31856765j,
            0.52443395-0.00218088j, -0.09682043-0.51158881j],
          [-0.03704689-0.0494196j ,  0.20305412+0.12689108j,
           -0.47145047+0.22097908j, -0.34591771-0.74033543j]],
         input_dims=(2, 2), output_dims=(2, 2))"
