unitary
"Operator([[ 0.75140351-0.6097643j ,  0.19631059-0.15361601j,
            0.02503819-0.02840245j,  0.00108814-0.00312311j],
          [-0.24824802+0.02255326j,  0.92140335-0.0627214j ,
            0.27063564-0.1013356j ,  0.02503819-0.02840245j],
          [ 0.03618862+0.01113524j, -0.28232503-0.06168575j,
            0.92140335-0.0627214j ,  0.19631059-0.15361601j],
          [-0.00292641-0.00154078j,  0.03618862+0.01113524j,
           -0.24824802+0.02255326j,  0.75140351-0.6097643j ]],
         input_dims=(2, 2), output_dims=(2, 2))"
"Operator([[ 7.51403505e-01-0.6097643j ,  1.22694247e-01-0.21698352j,
           -2.33945913e-03-0.0377907j , -2.46551736e-03-0.00220434j],
          [-2.38020680e-01-0.07403975j,  9.21403351e-01-0.0627214j ,
            2.11358112e-01-0.19707943j, -2.33945913e-03-0.0377907j ],
          [ 1.77503198e-02+0.03344452j, -2.37314260e-01-0.16490754j,
            9.21403351e-01-0.0627214j ,  1.22694247e-01-0.21698352j],
          [ 2.98449396e-04-0.00329375j,  1.77503198e-02+0.03344452j,
           -2.38020680e-01-0.07403975j,  7.51403505e-01-0.6097643j ]],
         input_dims=(2, 2), output_dims=(2, 2))"
"Operator([[ 7.51403505e-01-0.6097643j ,  2.48877846e-01-0.01398378j,
            3.53355311e-02+0.01360185j,  2.75171461e-03+0.00183465j],
          [-1.90899453e-01+0.16029076j,  9.21403351e-01-0.0627214j ,
            2.80031240e-01+0.07137968j,  3.53355311e-02+0.01360185j],
          [ 2.30220410e-02-0.03005987j, -2.66982230e-01+0.11060308j,
            9.21403351e-01-0.0627214j ,  2.48877846e-01-0.01398378j],
          [-7.59917309e-04+0.00321876j,  2.30220410e-02-0.03005987j,
           -1.90899453e-01+0.16029076j,  7.51403505e-01-0.6097643j ]],
         input_dims=(2, 2), output_dims=(2, 2))"
"Operator([[ 0.75140351-0.6097643j ,  0.09183288+0.23173789j,
           -0.03644157+0.01027726j, -0.00121275-0.00307687j],
          [ 0.09183288+0.23173789j,  0.92140335-0.0627214j ,
            0.02066853+0.28824532j, -0.03644157+0.01027726j],
          [-0.03644157+0.01027726j,  0.02066853+0.28824532j,
            0.92140335-0.0627214j ,  0.09183288+0.23173789j],
          [-0.00121275-0.00307687j, -0.03644157+0.01027726j,
            0.09183288+0.23173789j,  0.75140351-0.6097643j ]],
         input_dims=(2, 2), output_dims=(2, 2))"
"Operator([[ 7.51403505e-01-0.6097643j , -1.37081156e-01+0.20819338j,
            2.77935080e-03-0.0377609j ,  1.97061751e-03+0.00265604j],
          [ 2.42481152e-01+0.05778079j,  9.21403351e-01-0.0627214j ,
           -2.24196750e-01+0.18234136j,  2.77935080e-03-0.0377609j ],
          [ 2.20992947e-02+0.03074461j,  2.47918787e-01+0.14848848j,
            9.21403351e-01-0.0627214j , -1.37081156e-01+0.20819338j],
          [ 3.71554701e-04+0.00328631j,  2.20992947e-02+0.03074461j,
            2.42481152e-01+0.05778079j,  7.51403505e-01-0.6097643j ]],
         input_dims=(2, 2), output_dims=(2, 2))"
"Operator([[ 0.75140351-0.6097643j , -0.04695856+0.24480732j,
           -0.02473938-0.0286631j ,  0.00320783-0.00080481j],
          [ 0.20190222+0.146189j  ,  0.92140335-0.0627214j ,
           -0.13733541+0.25426667j, -0.02473938-0.0286631j ],
          [-0.00611797+0.0373655j ,  0.17220808+0.23207096j,
            0.92140335-0.0627214j , -0.04695856+0.24480732j],
          [-0.00289427+0.00160033j, -0.00611797+0.0373655j ,
            0.20190222+0.146189j  ,  0.75140351-0.6097643j ]],
         input_dims=(2, 2), output_dims=(2, 2))"
"Operator([[ 0.75140351-0.6097643j ,  0.02387091+0.24812478j,
           -0.03630482-0.01075036j,  0.00149397-0.00295058j],
          [ 0.15257162+0.19712338j,  0.92140335-0.0627214j ,
           -0.060186  +0.28264854j, -0.03630482-0.01075036j],
          [-0.02533836+0.02813499j,  0.09989735+0.27116982j,
            0.92140335-0.0627214j ,  0.02387091+0.24812478j],
          [-0.00310538-0.00113774j, -0.02533836+0.02813499j,
            0.15257162+0.19712338j,  0.75140351-0.6097643j ]],
         input_dims=(2, 2), output_dims=(2, 2))"
"Operator([[ 0.75140351-0.6097643j ,  0.09183288+0.23173789j,
           -0.03644157+0.01027726j, -0.00121275-0.00307687j],
          [ 0.09183288+0.23173789j,  0.92140335-0.0627214j ,
            0.02066853+0.28824532j, -0.03644157+0.01027726j],
          [-0.03644157+0.01027726j,  0.02066853+0.28824532j,
            0.92140335-0.0627214j ,  0.09183288+0.23173789j],
          [-0.00121275-0.00307687j, -0.03644157+0.01027726j,
            0.09183288+0.23173789j,  0.75140351-0.6097643j ]],
         input_dims=(2, 2), output_dims=(2, 2))"
"Operator([[ 0.75140351-0.6097643j ,  0.1005191 -0.22810445j,
           -0.0097686 -0.0365812j , -0.00300501-0.00138123j],
          [-0.22948262-0.09733167j,  0.92140335-0.0627214j ,
            0.1907223 -0.21711186j, -0.0097686 -0.0365812j ],
          [ 0.01078393+0.03629486j, -0.2197477 -0.18767925j,
            0.92140335-0.0627214j ,  0.1005191 -0.22810445j],
          [ 0.00125447-0.0030601j ,  0.01078393+0.03629486j,
           -0.22948262-0.09733167j,  0.75140351-0.6097643j ]],
         input_dims=(2, 2), output_dims=(2, 2))"
"Operator([[ 0.75140351-0.6097643j ,  0.09183288+0.23173789j,
           -0.03644157+0.01027726j, -0.00121275-0.00307687j],
          [ 0.09183288+0.23173789j,  0.92140335-0.0627214j ,
            0.02066853+0.28824532j, -0.03644157+0.01027726j],
          [-0.03644157+0.01027726j,  0.02066853+0.28824532j,
            0.92140335-0.0627214j ,  0.09183288+0.23173789j],
          [-0.00121275-0.00307687j, -0.03644157+0.01027726j,
            0.09183288+0.23173789j,  0.75140351-0.6097643j ]],
         input_dims=(2, 2), output_dims=(2, 2))"
