unitary
"Operator([[-0.0710086 -0.86497666j, -0.22468417+0.17031468j,
           -0.11971077+0.10773091j,  0.37534576+0.0214948j ],
          [-0.22468417+0.17031468j, -0.72812456-0.34725482j,
           -0.16055736+0.46695113j, -0.11971077+0.10773091j],
          [-0.11971077+0.10773091j, -0.16055736+0.46695113j,
           -0.72812456-0.34725482j, -0.22468417+0.17031468j],
          [ 0.37534576+0.0214948j , -0.11971077+0.10773091j,
           -0.22468417+0.17031468j, -0.0710086 -0.86497666j]],
         input_dims=(2, 2), output_dims=(2, 2))"
"Operator([[-0.0710086 -0.86497666j,  0.27495656-0.06236151j,
           -0.15992121-0.01902169j, -0.08821552-0.36546476j],
          [ 0.13432765-0.24788334j, -0.72812456-0.34725482j,
            0.33901636-0.35901244j, -0.15992121-0.01902169j],
          [ 0.00211623+0.16103459j, -0.04654541-0.49158473j,
           -0.72812456-0.34725482j,  0.27495656-0.06236151j],
          [-0.12935987+0.35300495j,  0.00211623+0.16103459j,
            0.13432765-0.24788334j, -0.0710086 -0.86497666j]],
         input_dims=(2, 2), output_dims=(2, 2))"
"Operator([[-0.0710086 -0.86497666j, -0.22468417+0.17031468j,
           -0.11971077+0.10773091j,  0.37534576+0.0214948j ],
          [-0.22468417+0.17031468j, -0.72812456-0.34725482j,
           -0.16055736+0.46695113j, -0.11971077+0.10773091j],
          [-0.11971077+0.10773091j, -0.16055736+0.46695113j,
           -0.72812456-0.34725482j, -0.22468417+0.17031468j],
          [ 0.37534576+0.0214948j , -0.11971077+0.10773091j,
           -0.22468417+0.17031468j, -0.0710086 -0.86497666j]],
         input_dims=(2, 2), output_dims=(2, 2))"
