unitary
"Operator([[ 8.60421815e-01-0.47311191j,  5.17573063e-02+0.18087494j,
           -2.06130761e-02+0.00425699j, -3.72237781e-04-0.0013045j ],
          [ 5.17573063e-02+0.18087494j,  9.56148263e-01-0.05048357j,
            1.17880916e-02+0.21738299j, -2.06130761e-02+0.00425699j],
          [-2.06130761e-02+0.00425699j,  1.17880916e-02+0.21738299j,
            9.56148263e-01-0.05048357j,  5.17573063e-02+0.18087494j],
          [-3.72237781e-04-0.0013045j , -2.06130761e-02+0.00425699j,
            5.17573063e-02+0.18087494j,  8.60421815e-01-0.47311191j]],
         input_dims=(2, 2), output_dims=(2, 2))"
"Operator([[ 8.60421815e-01-0.47311191j,  5.17573063e-02+0.18087494j,
           -2.06130761e-02+0.00425699j, -3.72237781e-04-0.0013045j ],
          [ 5.17573063e-02+0.18087494j,  9.56148263e-01-0.05048357j,
            1.17880916e-02+0.21738299j, -2.06130761e-02+0.00425699j],
          [-2.06130761e-02+0.00425699j,  1.17880916e-02+0.21738299j,
            9.56148263e-01-0.05048357j,  5.17573063e-02+0.18087494j],
          [-3.72237781e-04-0.0013045j , -2.06130761e-02+0.00425699j,
            5.17573063e-02+0.18087494j,  8.60421815e-01-0.47311191j]],
         input_dims=(2, 2), output_dims=(2, 2))"
"Operator([[ 0.86042181-4.73111906e-01j,  0.0462883 -1.82351193e-01j,
           -0.01387665-1.58259119e-02j, -0.00130855+3.57757650e-04j],
          [-0.13574277-1.30263063e-01j,  0.95614826-5.04835675e-02j,
            0.09919929-1.93788090e-01j, -0.01387665-1.58259119e-02j],
          [-0.00647207+2.00283078e-02j, -0.11957317-1.81924651e-01j,
            0.95614826-5.04835675e-02j,  0.0462883 -1.82351193e-01j],
          [ 0.0013003 -3.86672191e-04j, -0.00647207+2.00283078e-02j,
           -0.13574277-1.30263063e-01j,  0.86042181-4.73111906e-01j]],
         input_dims=(2, 2), output_dims=(2, 2))"
"Operator([[ 8.60421815e-01-0.47311191j, -6.22801647e-03-0.18803132j,
           -2.01839907e-02-0.00596887j, -6.00806800e-04+0.00121627j],
          [-9.41804908e-02-0.16286374j,  9.56148263e-01-0.05048357j,
            4.14180878e-02-0.21372614j, -2.01839907e-02-0.00596887j],
          [-1.61681997e-02+0.01347628j, -6.42868336e-02-0.20799405j,
            9.56148263e-01-0.05048357j, -6.22801647e-03-0.18803132j],
          [ 1.15219413e-03+0.00071606j, -1.61681997e-02+0.01347628j,
           -9.41804908e-02-0.16286374j,  8.60421815e-01-0.47311191j]],
         input_dims=(2, 2), output_dims=(2, 2))"
"Operator([[ 8.60421815e-01-0.47311191j, -1.84295498e-02-0.18722958j,
           -2.07874894e-02-0.00330169j, -3.53720714e-04+0.00130965j],
          [-8.34017843e-02-0.1686378j ,  9.56148263e-01-0.05048357j,
            2.74467570e-02-0.21596527j, -2.07874894e-02-0.00330169j],
          [-1.77789080e-02+0.01126638j, -5.06395616e-02-0.21173086j,
            9.56148263e-01-0.05048357j, -1.84295498e-02-0.18722958j],
          [ 9.91590772e-04+0.00092576j, -1.77789080e-02+0.01126638j,
           -8.34017843e-02-0.1686378j ,  8.60421815e-01-0.47311191j]],
         input_dims=(2, 2), output_dims=(2, 2))"
"Operator([[ 8.60421815e-01-0.47311191j, -2.27598387e-03-0.18812066j,
           -1.99154063e-02-0.00681157j, -6.76232421e-04+0.00117601j],
          [-9.75815718e-02-0.160849j  ,  9.56148263e-01-0.05048357j,
            4.58994673e-02-0.21280874j, -1.99154063e-02-0.00681157j],
          [-1.55877594e-02+0.01414364j, -6.86427300e-02-0.20659743j,
            9.56148263e-01-0.05048357j, -2.27598387e-03-0.18812066j],
          [ 1.19501361e-03+0.00064205j, -1.55877594e-02+0.01414364j,
           -9.75815718e-02-0.160849j  ,  8.60421815e-01-0.47311191j]],
         input_dims=(2, 2), output_dims=(2, 2))"
"Operator([[ 0.86042181-4.73111906e-01j,  0.033825  -1.85068725e-01j,
           -0.01588914-1.38042082e-02j, -0.00120928+6.14768840e-04j],
          [-0.12660356-1.39162143e-01j,  0.95614826-5.04835675e-02j,
            0.08583936-2.00064808e-01j, -0.01588914-1.38042082e-02j],
          [-0.0091208 +1.89692336e-02j, -0.10697033-1.89609260e-01j,
            0.95614826-5.04835675e-02j,  0.033825  -1.85068725e-01j],
          [ 0.00135161-1.15974625e-04j, -0.0091208 +1.89692336e-02j,
           -0.12660356-1.39162143e-01j,  0.86042181-4.73111906e-01j]],
         input_dims=(2, 2), output_dims=(2, 2))"
"Operator([[ 8.60421815e-01-4.73111906e-01j,
            8.11691888e-02-1.69723678e-01j,
           -6.71814924e-03-1.99471135e-02j,
           -1.28528739e-03-4.33965469e-04j],
          [-1.58664005e-01-1.01095488e-01j,
            9.56148263e-01-5.04835675e-02j,
            1.35295730e-01-1.70556114e-01j,
           -6.71814924e-03-1.99471135e-02j],
          [ 1.73336389e-03+2.09765659e-02j,
           -1.52945721e-01-1.54925560e-01j,
            9.56148263e-01-5.04835675e-02j,
            8.11691888e-02-1.69723678e-01j],
          [ 8.62725707e-04-1.04689735e-03j,
            1.73336389e-03+2.09765659e-02j,
           -1.58664005e-01-1.01095488e-01j,
            8.60421815e-01-4.73111906e-01j]],
         input_dims=(2, 2), output_dims=(2, 2))"
"Operator([[ 8.60421815e-01-0.47311191j,  1.35452143e-01-0.13056524j,
            8.01168155e-03-0.01946365j, -2.32378630e-04-0.00133652j],
          [-1.84015971e-01-0.03914954j,  9.56148263e-01-0.05048357j,
            1.86444619e-01-0.1123954j ,  8.01168155e-03-0.01946365j],
          [ 1.50666156e-02+0.01469755j, -1.97505374e-01-0.09157483j,
            9.56148263e-01-0.05048357j,  1.35452143e-01-0.13056524j],
          [-5.07933025e-04-0.00125789j,  1.50666156e-02+0.01469755j,
           -1.84015971e-01-0.03914954j,  8.60421815e-01-0.47311191j]],
         input_dims=(2, 2), output_dims=(2, 2))"
