unitary
"Operator([[-0.54049164+0.48893212j, -0.36402434+0.2804703j ,
           -0.19109367+0.39857229j,  0.24940709-0.0075038j ],
          [-0.29172553+0.35506833j,  0.10994311+0.24837607j,
            0.15545272-0.70391926j, -0.19109367+0.39857229j],
          [ 0.00266205+0.4420063j , -0.00662883-0.72084945j,
            0.10994311+0.24837607j, -0.36402434+0.2804703j ],
          [ 0.18927274-0.16259161j,  0.00266205+0.4420063j ,
           -0.29172553+0.35506833j, -0.54049164+0.48893212j]],
         input_dims=(2, 2), output_dims=(2, 2))"
"Operator([[-0.54049164+0.48893212j, -0.4420135 -0.1257035j ,
           -0.32540782-0.29914279j, -0.23254153+0.090469j  ],
          [ 0.11180853+0.44573104j,  0.10994311+0.24837607j,
            0.65825743-0.29387928j, -0.32540782-0.29914279j],
          [ 0.42196796-0.13160435j, -0.58331668-0.42356762j,
            0.10994311+0.24837607j, -0.4420135 -0.1257035j ],
          [-0.23274542+0.08994316j,  0.42196796-0.13160435j,
            0.11180853+0.44573104j, -0.54049164+0.48893212j]],
         input_dims=(2, 2), output_dims=(2, 2))"
"Operator([[-0.54049164+0.48893212j,  0.32998968-0.31981888j,
           -0.09668634+0.43131011j, -0.23264362+0.09020614j],
          [ 0.32998968-0.31981888j,  0.10994311+0.24837607j,
           -0.07489189+0.71697914j, -0.09668634+0.43131011j],
          [-0.09668634+0.43131011j, -0.07489189+0.71697914j,
            0.10994311+0.24837607j,  0.32998968-0.31981888j],
          [-0.23264362+0.09020614j, -0.09668634+0.43131011j,
            0.32998968-0.31981888j, -0.54049164+0.48893212j]],
         input_dims=(2, 2), output_dims=(2, 2))"
"Operator([[-0.54049164+0.48893212j,  0.32998968-0.31981888j,
           -0.09668634+0.43131011j, -0.23264362+0.09020614j],
          [ 0.32998968-0.31981888j,  0.10994311+0.24837607j,
           -0.07489189+0.71697914j, -0.09668634+0.43131011j],
          [-0.09668634+0.43131011j, -0.07489189+0.71697914j,
            0.10994311+0.24837607j,  0.32998968-0.31981888j],
          [-0.23264362+0.09020614j, -0.09668634+0.43131011j,
            0.32998968-0.31981888j, -0.54049164+0.48893212j]],
         input_dims=(2, 2), output_dims=(2, 2))"
