unitary
"Operator([[ 8.49807622e-01-0.48915947j,  5.56732257e-02+0.18690713j,
           -2.21650333e-02+0.00475873j, -4.32099984e-04-0.00145507j],
          [ 5.56732257e-02+0.18690713j,  9.52785453e-01-0.05202104j,
            1.26658519e-02+0.2253565j , -2.21650333e-02+0.00475873j],
          [-2.21650333e-02+0.00475873j,  1.26658519e-02+0.2253565j ,
            9.52785453e-01-0.05202104j,  5.56732257e-02+0.18690713j],
          [-4.32099984e-04-0.00145507j, -2.21650333e-02+0.00475873j,
            5.56732257e-02+0.18690713j,  8.49807622e-01-0.48915947j]],
         input_dims=(2, 2), output_dims=(2, 2))"
"Operator([[ 8.49807622e-01-0.48915947j,  1.06226338e-01-0.1635535j ,
           -1.16140065e-03-0.02264035j, -1.12388626e-03-0.0010202j ],
          [-1.78406537e-01-0.07877112j,  9.52785453e-01-0.05202104j,
            1.63382265e-01-0.15573121j, -1.16140065e-03-0.02264035j],
          [ 8.23413463e-03+0.02112187j, -1.79803511e-01-0.13644293j,
            9.52785453e-01-0.05202104j,  1.06226338e-01-0.1635535j ],
          [ 3.84907850e-04-0.00146826j,  8.23413463e-03+0.02112187j,
           -1.78406537e-01-0.07877112j,  8.49807622e-01-0.48915947j]],
         input_dims=(2, 2), output_dims=(2, 2))"
"Operator([[ 0.84980762-4.89159468e-01j,  0.08069585-1.77544255e-01j,
           -0.0077754 -2.12950063e-02j, -0.001455  -4.32332130e-04j],
          [-0.16469269-1.04451422e-01j,  0.95278545-5.20210443e-02j,
            0.13837938-1.78317471e-01j, -0.0077754 -2.12950063e-02j],
          [ 0.00165078+2.26099338e-02j, -0.15748896-1.61688598e-01j,
            0.95278545-5.20210443e-02j,  0.08069585-1.77544255e-01j],
          [ 0.00098321-1.15638785e-03j,  0.00165078+2.26099338e-02j,
           -0.16469269-1.04451422e-01j,  0.84980762-4.89159468e-01j]],
         input_dims=(2, 2), output_dims=(2, 2))"
"Operator([[ 8.49807622e-01-0.48915947j,  5.56732257e-02+0.18690713j,
           -2.21650333e-02+0.00475873j, -4.32099984e-04-0.00145507j],
          [ 5.56732257e-02+0.18690713j,  9.52785453e-01-0.05202104j,
            1.26658519e-02+0.2253565j , -2.21650333e-02+0.00475873j],
          [-2.21650333e-02+0.00475873j,  1.26658519e-02+0.2253565j ,
            9.52785453e-01-0.05202104j,  5.56732257e-02+0.18690713j],
          [-4.32099984e-04-0.00145507j, -2.21650333e-02+0.00475873j,
            5.56732257e-02+0.18690713j,  8.49807622e-01-0.48915947j]],
         input_dims=(2, 2), output_dims=(2, 2))"
"Operator([[ 0.84980762-4.89159468e-01j, -0.15209906-1.22064162e-01j,
           -0.0033716 +2.24179941e-02j,  0.00130738-7.71156829e-04j],
          [ 0.06051742-1.85395320e-01j,  0.95278545-5.20210443e-02j,
           -0.13859487-1.78150036e-01j, -0.0033716 +2.24179941e-02j],
          [-0.01227639-1.90584447e-02j,  0.11775973-1.92558094e-01j,
            0.95278545-5.20210443e-02j, -0.15209906-1.22064162e-01j],
          [-0.00151638+6.73920735e-05j, -0.01227639-1.90584447e-02j,
            0.06051742-1.85395320e-01j,  0.84980762-4.89159468e-01j]],
         input_dims=(2, 2), output_dims=(2, 2))"
"Operator([[ 8.49807622e-01-0.48915947j,  1.11107789e-02+0.19470576j,
           -2.19455632e-02-0.00568563j,  6.03392110e-04-0.00139279j],
          [ 9.72398486e-02+0.16905086j,  9.52785453e-01-0.05202104j,
           -3.95984308e-02+0.22221147j, -2.19455632e-02-0.00568563j],
          [-1.76778071e-02+0.01419258j,  6.42485744e-02+0.21637489j,
            9.52785453e-01-0.05202104j,  1.11107789e-02+0.19470576j],
          [-1.26576688e-03-0.00083772j, -1.76778071e-02+0.01419258j,
            9.72398486e-02+0.16905086j,  8.49807622e-01-0.48915947j]],
         input_dims=(2, 2), output_dims=(2, 2))"
"Operator([[ 0.84980762-4.89159468e-01j, -0.00866238+1.94830043e-01j,
           -0.02034997-9.99063833e-03j,  0.00099299-1.14800280e-03j],
          [ 0.11385824+1.58335349e-01j,  0.95278545-5.20210443e-02j,
           -0.06189619+2.17059522e-01j, -0.02034997-9.99063833e-03j],
          [-0.01445575+1.74632586e-02j,  0.08582861+2.08756853e-01j,
            0.95278545-5.20210443e-02j, -0.00866238+1.94830043e-01j],
          [-0.00145862-4.19969608e-04j, -0.01445575+1.74632586e-02j,
            0.11385824+1.58335349e-01j,  0.84980762-4.89159468e-01j]],
         input_dims=(2, 2), output_dims=(2, 2))"
"Operator([[ 0.84980762-4.89159468e-01j, -0.04555501+1.89627327e-01j,
           -0.0151476 -1.68666677e-02j,  0.00145721-4.24824604e-04j],
          [ 0.14189101+1.33793582e-01j,  0.95278545-5.20210443e-02j,
           -0.10204474+2.01327706e-01j, -0.0151476 -1.68666677e-02j],
          [-0.00688944+2.15979123e-02j,  0.12396151+1.88625336e-01j,
            0.95278545-5.20210443e-02j, -0.04555501+1.89627327e-01j],
          [-0.00145289+4.39364576e-04j, -0.00688944+2.15979123e-02j,
            0.14189101+1.33793582e-01j,  0.84980762-4.89159468e-01j]],
         input_dims=(2, 2), output_dims=(2, 2))"
"Operator([[ 8.49807622e-01-0.48915947j,  5.56732257e-02+0.18690713j,
           -2.21650333e-02+0.00475873j, -4.32099984e-04-0.00145507j],
          [ 5.56732257e-02+0.18690713j,  9.52785453e-01-0.05202104j,
            1.26658519e-02+0.2253565j , -2.21650333e-02+0.00475873j],
          [-2.21650333e-02+0.00475873j,  1.26658519e-02+0.2253565j ,
            9.52785453e-01-0.05202104j,  5.56732257e-02+0.18690713j],
          [-4.32099984e-04-0.00145507j, -2.21650333e-02+0.00475873j,
            5.56732257e-02+0.18690713j,  8.49807622e-01-0.48915947j]],
         input_dims=(2, 2), output_dims=(2, 2))"
"Operator([[ 8.49807622e-01-0.48915947j,  5.56732257e-02+0.18690713j,
           -2.21650333e-02+0.00475873j, -4.32099984e-04-0.00145507j],
          [ 5.56732257e-02+0.18690713j,  9.52785453e-01-0.05202104j,
            1.26658519e-02+0.2253565j , -2.21650333e-02+0.00475873j],
          [-2.21650333e-02+0.00475873j,  1.26658519e-02+0.2253565j ,
            9.52785453e-01-0.05202104j,  5.56732257e-02+0.18690713j],
          [-4.32099984e-04-0.00145507j, -2.21650333e-02+0.00475873j,
            5.56732257e-02+0.18690713j,  8.49807622e-01-0.48915947j]],
         input_dims=(2, 2), output_dims=(2, 2))"
"Operator([[ 8.49807622e-01-0.48915947j, -1.58965612e-01+0.11297662j,
            1.46489421e-02-0.01730152j, -4.44226758e-04+0.00145141j],
          [ 1.94875171e-01+0.00757958j,  9.52785453e-01-0.05202104j,
           -2.09230577e-01+0.08466723j,  1.46489421e-02-0.01730152j],
          [ 2.04597479e-02+0.00976386j,  2.17400126e-01+0.06068904j,
            9.52785453e-01-0.05202104j, -1.58965612e-01+0.11297662j],
          [ 1.16439665e-03+0.00097371j,  2.04597479e-02+0.00976386j,
            1.94875171e-01+0.00757958j,  8.49807622e-01-0.48915947j]],
         input_dims=(2, 2), output_dims=(2, 2))"
"Operator([[ 8.49807622e-01-0.48915947j,  9.56285599e-02+0.16996753j,
           -1.79444127e-02+0.01385396j, -1.24136659e-03-0.00087347j],
          [ 1.29610326e-02+0.19459135j,  9.52785453e-01-0.05202104j,
            6.21889423e-02+0.21697583j, -1.79444127e-02+0.01385396j],
          [-2.20496810e-02-0.00526742j, -3.74844334e-02+0.22257783j,
            9.52785453e-01-0.05202104j,  9.56285599e-02+0.16996753j],
          [ 5.63434586e-04-0.00140943j, -2.20496810e-02-0.00526742j,
            1.29610326e-02+0.19459135j,  8.49807622e-01-0.48915947j]],
         input_dims=(2, 2), output_dims=(2, 2))"
"Operator([[ 8.49807622e-01-0.48915947j,  1.43454421e-01-0.1321159j ,
            9.85572403e-03-0.02041565j, -1.24636406e-04-0.00151275j],
          [-1.92364797e-01-0.03208687j,  9.52785453e-01-0.05202104j,
            1.96887287e-01-0.11036925j,  9.85572403e-03-0.02041565j],
          [ 1.73671942e-02+0.01457102j, -2.08014567e-01-0.08761229j,
            9.52785453e-01-0.05202104j,  1.43454421e-01-0.1321159j ],
          [-7.21209968e-04-0.00133559j,  1.73671942e-02+0.01457102j,
           -1.92364797e-01-0.03208687j,  8.49807622e-01-0.48915947j]],
         input_dims=(2, 2), output_dims=(2, 2))"
