unitary
"Operator([[ 0.06729822-0.87330781j, -0.42812886-0.15811915j,
           -0.02942699+0.15092626j,  0.02679629-0.01207081j],
          [-0.18647211-0.41656229j,  0.68885773-0.05582059j,
           -0.26923753-0.46682926j, -0.02942699+0.15092626j],
          [-0.15026089-0.03265499j,  0.14528839-0.51895057j,
            0.68885773-0.05582059j, -0.42812886-0.15811915j],
          [-0.01129058+0.02713426j, -0.15026089-0.03265499j,
           -0.18647211-0.41656229j,  0.06729822-0.87330781j]],
         input_dims=(2, 2), output_dims=(2, 2))"
"Operator([[ 0.06729822-0.87330781j,  0.33336437+0.3117117j ,
           -0.12844241+0.0845413j , -0.02107999-0.02047875j],
          [ 0.33336437+0.3117117j ,  0.68885773-0.05582059j,
            0.06723098+0.53469469j, -0.12844241+0.0845413j ],
          [-0.12844241+0.0845413j ,  0.06723098+0.53469469j,
            0.68885773-0.05582059j,  0.33336437+0.3117117j ],
          [-0.02107999-0.02047875j, -0.12844241+0.0845413j ,
            0.33336437+0.3117117j ,  0.06729822-0.87330781j]],
         input_dims=(2, 2), output_dims=(2, 2))"
"Operator([[ 0.06729822-0.87330781j,  0.33336437+0.3117117j ,
           -0.12844241+0.0845413j , -0.02107999-0.02047875j],
          [ 0.33336437+0.3117117j ,  0.68885773-0.05582059j,
            0.06723098+0.53469469j, -0.12844241+0.0845413j ],
          [-0.12844241+0.0845413j ,  0.06723098+0.53469469j,
            0.68885773-0.05582059j,  0.33336437+0.3117117j ],
          [-0.02107999-0.02047875j, -0.12844241+0.0845413j ,
            0.33336437+0.3117117j ,  0.06729822-0.87330781j]],
         input_dims=(2, 2), output_dims=(2, 2))"
"Operator([[ 0.06729822-0.87330781j,  0.33336437+0.3117117j ,
           -0.12844241+0.0845413j , -0.02107999-0.02047875j],
          [ 0.33336437+0.3117117j ,  0.68885773-0.05582059j,
            0.06723098+0.53469469j, -0.12844241+0.0845413j ],
          [-0.12844241+0.0845413j ,  0.06723098+0.53469469j,
            0.68885773-0.05582059j,  0.33336437+0.3117117j ],
          [-0.02107999-0.02047875j, -0.12844241+0.0845413j ,
            0.33336437+0.3117117j ,  0.06729822-0.87330781j]],
         input_dims=(2, 2), output_dims=(2, 2))"
"Operator([[ 0.06729822-0.87330781j, -0.06997281+0.45099866j,
           -0.0316283 -0.15048035j,  0.02508652+0.01531052j],
          [ 0.4452914 -0.10005775j,  0.68885773-0.05582059j,
           -0.40408322+0.35656018j, -0.0316283 -0.15048035j],
          [ 0.12570719+0.08855725j,  0.47977529+0.24542633j,
            0.68885773-0.05582059j, -0.06997281+0.45099866j],
          [ 0.01602982+0.02463311j,  0.12570719+0.08855725j,
            0.4452914 -0.10005775j,  0.06729822-0.87330781j]],
         input_dims=(2, 2), output_dims=(2, 2))"
"Operator([[ 0.06729822-0.87330781j,  0.33336437+0.3117117j ,
           -0.12844241+0.0845413j , -0.02107999-0.02047875j],
          [ 0.33336437+0.3117117j ,  0.68885773-0.05582059j,
            0.06723098+0.53469469j, -0.12844241+0.0845413j ],
          [-0.12844241+0.0845413j ,  0.06723098+0.53469469j,
            0.68885773-0.05582059j,  0.33336437+0.3117117j ],
          [-0.02107999-0.02047875j, -0.12844241+0.0845413j ,
            0.33336437+0.3117117j ,  0.06729822-0.87330781j]],
         input_dims=(2, 2), output_dims=(2, 2))"
"Operator([[ 0.06729822-0.87330781j, -0.45129853-0.06801191j,
            0.0329352 +0.15019972j,  0.01498212-0.02528402j],
          [-0.09812137-0.44572209j,  0.68885773-0.05582059j,
           -0.35831314-0.40252964j,  0.0329352 +0.15019972j],
          [-0.12493263-0.08964666j,  0.24750933-0.47870402j,
            0.68885773-0.05582059j, -0.45129853-0.06801191j],
          [-0.02484003+0.01570727j, -0.12493263-0.08964666j,
           -0.09812137-0.44572209j,  0.06729822-0.87330781j]],
         input_dims=(2, 2), output_dims=(2, 2))"
"Operator([[ 0.06729822-0.87330781j, -0.44877513-0.08304739j,
            0.02283394+0.15206346j,  0.01743664-0.02365817j],
          [-0.1129538 -0.44219614j,  0.68885773-0.05582059j,
           -0.34466868-0.41427275j,  0.02283394+0.15206346j],
          [-0.13063896-0.08110577j,  0.23138247-0.48670378j,
            0.68885773-0.05582059j, -0.44877513-0.08304739j],
          [-0.02314386+0.01811373j, -0.13063896-0.08110577j,
           -0.1129538 -0.44219614j,  0.06729822-0.87330781j]],
         input_dims=(2, 2), output_dims=(2, 2))"
"Operator([[ 6.72982226e-02-0.87330781j, -4.56240212e-01+0.01186828j,
            8.25932630e-02+0.12970365j,  2.40175676e-04-0.02938856j],
          [-1.87523508e-02-0.45600914j,  6.88857735e-01-0.05582059j,
           -4.23119282e-01-0.33374914j,  8.25932630e-02+0.12970365j],
          [-8.64700838e-02-0.12715191j,  3.27325550e-01-0.42810793j,
            6.88857735e-01-0.05582059j, -4.56240212e-01+0.01186828j],
          [-2.93693172e-02+0.00109023j, -8.64700838e-02-0.12715191j,
           -1.87523508e-02-0.45600914j,  6.72982226e-02-0.87330781j]],
         input_dims=(2, 2), output_dims=(2, 2))"
"Operator([[ 0.06729822-0.87330781j,  0.22178608+0.39888209j,
           -0.15363983-0.00628383j,  0.00394485-0.02912359j],
          [ 0.41285649+0.19453921j,  0.68885773-0.05582059j,
           -0.09988081+0.52956797j, -0.15363983-0.00628383j],
          [-0.05498479+0.14360138j,  0.22787183+0.48835729j,
            0.68885773-0.05582059j,  0.22178608+0.39888209j],
          [-0.02899729+0.00478569j, -0.05498479+0.14360138j,
            0.41285649+0.19453921j,  0.06729822-0.87330781j]],
         input_dims=(2, 2), output_dims=(2, 2))"
"Operator([[ 0.06729822-0.87330781j,  0.22694613+0.39596899j,
           -0.15375119-0.0022926j ,  0.00280776-0.02925512j],
          [ 0.41029597+0.19988298j,  0.68885773-0.05582059j,
           -0.09299694+0.5308201j , -0.15375119-0.0022926j ],
          [-0.05869473+0.14212534j,  0.22151221+0.49127462j,
            0.68885773-0.05582059j,  0.22694613+0.39596899j],
          [-0.02916165+0.00365289j, -0.05869473+0.14212534j,
            0.41029597+0.19988298j,  0.06729822-0.87330781j]],
         input_dims=(2, 2), output_dims=(2, 2))"
