unitary
"Operator([[ 0.5190507 -0.78013744j,  0.33224473+0.07665295j,
            0.03089302+0.06830964j, -0.00187571+0.00925191j],
          [-0.08731608+0.329603j  ,  0.84563433-0.07266066j,
            0.31075371+0.24733038j,  0.03089302+0.06830964j],
          [-0.02643014-0.0701572j , -0.25721262+0.30262494j,
            0.84563433-0.07266066j,  0.33224473+0.07665295j],
          [ 0.0090277 +0.00275984j, -0.02643014-0.0701572j ,
           -0.08731608+0.329603j  ,  0.5190507 -0.78013744j]],
         input_dims=(2, 2), output_dims=(2, 2))"
"Operator([[ 0.5190507 -0.78013744j, -0.32601291-0.09988901j,
            0.02097667+0.07197614j,  0.00377794-0.0086512j ],
          [ 0.06385817-0.33493935j,  0.84563433-0.07266066j,
           -0.29254078-0.26862628j,  0.02097667+0.07197614j],
          [-0.03603639-0.06574164j,  0.23523409-0.32000798j,
            0.84563433-0.07266066j, -0.32601291-0.09988901j],
          [-0.00940607-0.00080123j, -0.03603639-0.06574164j,
            0.06385817-0.33493935j,  0.5190507 -0.78013744j]],
         input_dims=(2, 2), output_dims=(2, 2))"
"Operator([[ 0.5190507 -0.78013744j,  0.17604954+0.2920082j ,
           -0.06926937+0.02867646j, -0.00482954-0.0081112j ],
          [ 0.17604954+0.2920082j ,  0.84563433-0.07266066j,
            0.03848421+0.39529628j, -0.06926937+0.02867646j],
          [-0.06926937+0.02867646j,  0.03848421+0.39529628j,
            0.84563433-0.07266066j,  0.17604954+0.2920082j ],
          [-0.00482954-0.0081112j , -0.06926937+0.02867646j,
            0.17604954+0.2920082j ,  0.5190507 -0.78013744j]],
         input_dims=(2, 2), output_dims=(2, 2))"
"Operator([[ 0.5190507 -7.80137444e-01j, -0.26649193-2.12707035e-01j,
           -0.033889  +6.68739194e-02j,  0.00943585-2.84326322e-04j],
          [-0.0636983 -3.34969789e-01j,  0.84563433-7.26606562e-02j,
           -0.17335211-3.57336300e-01j, -0.033889  +6.68739194e-02j],
          [-0.07124103-2.33516899e-02j,  0.10117295-3.84062782e-01j,
            0.84563433-7.26606562e-02j, -0.26649193-2.12707035e-01j],
          [-0.00474651+8.16007036e-03j, -0.07124103-2.33516899e-02j,
           -0.0636983 -3.34969789e-01j,  0.5190507 -7.80137444e-01j]],
         input_dims=(2, 2), output_dims=(2, 2))"
"Operator([[ 0.5190507 -0.78013744j,  0.17604954+0.2920082j ,
           -0.06926937+0.02867646j, -0.00482954-0.0081112j ],
          [ 0.17604954+0.2920082j ,  0.84563433-0.07266066j,
            0.03848421+0.39529628j, -0.06926937+0.02867646j],
          [-0.06926937+0.02867646j,  0.03848421+0.39529628j,
            0.84563433-0.07266066j,  0.17604954+0.2920082j ],
          [-0.00482954-0.0081112j , -0.06926937+0.02867646j,
            0.17604954+0.2920082j ,  0.5190507 -0.78013744j]],
         input_dims=(2, 2), output_dims=(2, 2))"
"Operator([[ 0.5190507 -0.78013744j,  0.17604954+0.2920082j ,
           -0.06926937+0.02867646j, -0.00482954-0.0081112j ],
          [ 0.17604954+0.2920082j ,  0.84563433-0.07266066j,
            0.03848421+0.39529628j, -0.06926937+0.02867646j],
          [-0.06926937+0.02867646j,  0.03848421+0.39529628j,
            0.84563433-0.07266066j,  0.17604954+0.2920082j ],
          [-0.00482954-0.0081112j , -0.06926937+0.02867646j,
            0.17604954+0.2920082j ,  0.5190507 -0.78013744j]],
         input_dims=(2, 2), output_dims=(2, 2))"
"Operator([[ 0.5190507 -0.78013744j,  0.34094697-0.00417053j,
            0.05885096+0.04644512j,  0.00466521+0.00820682j],
          [-0.16285437+0.2995675j ,  0.84563433-0.07266066j,
            0.36046747+0.16674348j,  0.05885096+0.04644512j],
          [ 0.00880133-0.07445214j, -0.32153666+0.23314023j,
            0.84563433-0.07266066j,  0.34094697-0.00417053j],
          [ 0.0049919 +0.0080123j ,  0.00880133-0.07445214j,
           -0.16285437+0.2995675j ,  0.5190507 -0.78013744j]],
         input_dims=(2, 2), output_dims=(2, 2))"
