unitary
"Operator([[-0.38954271-0.71094041j, -0.01869487-0.52496333j,
           -0.03925445-0.24679753j, -0.05340599-0.03977542j],
          [-0.41485332+0.32223084j,  0.50474029+0.00637966j,
            0.52606576-0.36064585j, -0.03925445-0.24679753j],
          [ 0.24656829+0.04066951j, -0.60022613-0.21572947j,
            0.50474029+0.00637966j, -0.01869487-0.52496333j],
          [-0.06285452-0.02199075j,  0.24656829+0.04066951j,
           -0.41485332+0.32223084j, -0.38954271-0.71094041j]],
         input_dims=(2, 2), output_dims=(2, 2))"
"Operator([[-0.38954271-0.71094041j, -0.33348906+0.40585839j,
            0.24005094-0.06946565j, -0.06297195+0.02165219j],
          [ 0.09764885-0.51614019j,  0.50474029+0.00637966j,
           -0.63304061-0.07791143j,  0.24005094-0.06946565j],
          [ 0.07084152-0.23964852j,  0.59269908-0.23562344j,
            0.50474029+0.00637966j, -0.33348906+0.40585839j],
          [-0.01730668-0.06430212j,  0.07084152-0.23964852j,
            0.09764885-0.51614019j, -0.38954271-0.71094041j]],
         input_dims=(2, 2), output_dims=(2, 2))"
"Operator([[-0.38954271-0.71094041j,  0.47584188+0.22250954j,
           -0.17721197+0.17619833j, -0.05880647-0.03124234j],
          [ 0.47584188+0.22250954j,  0.50474029+0.00637966j,
            0.0813949 +0.63260215j, -0.17721197+0.17619833j],
          [-0.17721197+0.17619833j,  0.0813949 +0.63260215j,
            0.50474029+0.00637966j,  0.47584188+0.22250954j],
          [-0.05880647-0.03124234j, -0.17721197+0.17619833j,
            0.47584188+0.22250954j, -0.38954271-0.71094041j]],
         input_dims=(2, 2), output_dims=(2, 2))"
"Operator([[-0.38954271-0.71094041j,  0.12084577+0.5112067j ,
           -0.13079074-0.21294064j,  0.06650538+0.00336425j],
          [ 0.46978976-0.23501823j,  0.50474029+0.00637966j,
           -0.44551435+0.45642915j, -0.13079074-0.21294064j],
          [ 0.21218688+0.13201008j,  0.54654522+0.32878402j,
            0.50474029+0.00637966j,  0.12084577+0.5112067j ],
          [ 0.0400146 +0.05322702j,  0.21218688+0.13201008j,
            0.46978976-0.23501823j, -0.38954271-0.71094041j]],
         input_dims=(2, 2), output_dims=(2, 2))"
"Operator([[-0.38954271-0.71094041j,  0.15755132-0.50111234j,
            0.12475429-0.21653244j,  0.00598476-0.06632094j],
          [-0.28355022+0.4421937j ,  0.50474029+0.00637966j,
            0.61625697-0.16443222j,  0.12475429-0.21653244j],
          [ 0.21724451-0.12351014j, -0.63780965-0.00307547j,
            0.50474029+0.00637966j,  0.15755132-0.50111234j],
          [-0.05160734+0.04208286j,  0.21724451-0.12351014j,
           -0.28355022+0.4421937j , -0.38954271-0.71094041j]],
         input_dims=(2, 2), output_dims=(2, 2))"
"Operator([[-0.38954271-0.71094041j, -0.05967052-0.52189599j,
           -0.07723776-0.23766418j, -0.06119241-0.02626353j],
          [-0.43877072+0.28881871j,  0.50474029+0.00637966j,
            0.49626704-0.40066149j, -0.07723776-0.23766418j],
          [ 0.23721721+0.07859981j, -0.58152766-0.26198509j,
            0.50474029+0.00637966j, -0.05967052-0.52189599j],
          [-0.05601629-0.03600639j,  0.23721721+0.07859981j,
           -0.43877072+0.28881871j, -0.38954271-0.71094041j]],
         input_dims=(2, 2), output_dims=(2, 2))"
"Operator([[-0.38954271-0.71094041j,  0.47584188+0.22250954j,
           -0.17721197+0.17619833j, -0.05880647-0.03124234j],
          [ 0.47584188+0.22250954j,  0.50474029+0.00637966j,
            0.0813949 +0.63260215j, -0.17721197+0.17619833j],
          [-0.17721197+0.17619833j,  0.0813949 +0.63260215j,
            0.50474029+0.00637966j,  0.47584188+0.22250954j],
          [-0.05880647-0.03124234j, -0.17721197+0.17619833j,
            0.47584188+0.22250954j, -0.38954271-0.71094041j]],
         input_dims=(2, 2), output_dims=(2, 2))"
