unitary
"Operator([[ 9.20523801e-01-3.63571888e-01j,
           -2.21628829e-02+1.40775571e-01j,
           -9.99172863e-03-6.50336809e-03j,
            4.45516554e-04-3.63663221e-04j],
          [ 7.73335628e-02+1.19701608e-01j,
            9.75113011e-01-3.95084415e-02j,
           -5.24169487e-02+1.56189238e-01j,
           -9.99172863e-03-6.50336809e-03j],
          [-7.57291904e-03+9.20756942e-03j,
            6.50599314e-02+1.51359902e-01j,
            9.75113011e-01-3.95084415e-02j,
           -2.21628829e-02+1.40775571e-01j],
          [-5.54602855e-04-1.52156535e-04j,
           -7.57291904e-03+9.20756942e-03j,
            7.73335628e-02+1.19701608e-01j,
            9.20523801e-01-3.63571888e-01j]],
         input_dims=(2, 2), output_dims=(2, 2))"
"Operator([[ 9.20523801e-01-0.36357189j,  2.95292899e-02+0.13941656j,
           -1.17829369e-02+0.00181407j, -1.18990440e-04-0.00056265j],
          [ 2.95292899e-02+0.13941656j,  9.75113011e-01-0.03950844j,
            6.76696943e-03+0.16461113j, -1.17829369e-02+0.00181407j],
          [-1.17829369e-02+0.00181407j,  6.76696943e-03+0.16461113j,
            9.75113011e-01-0.03950844j,  2.95292899e-02+0.13941656j],
          [-1.18990440e-04-0.00056265j, -1.17829369e-02+0.00181407j,
            2.95292899e-02+0.13941656j,  9.20523801e-01-0.36357189j]],
         input_dims=(2, 2), output_dims=(2, 2))"
"Operator([[ 9.20523801e-01-0.36357189j,  3.55713373e-02+0.13799868j,
           -1.15804492e-02+0.00283225j, -1.91282266e-04-0.00054235j],
          [ 2.34312391e-02+0.14057003j,  9.75113011e-01-0.03950844j,
            1.39275465e-02+0.1641604j , -1.15804492e-02+0.00283225j],
          [-1.18960797e-02+0.00078213j, -4.06441503e-04+0.16474966j,
            9.75113011e-01-0.03950844j,  3.55713373e-02+0.13799868j],
          [-4.46701518e-05-0.00057336j, -1.18960797e-02+0.00078213j,
            2.34312391e-02+0.14057003j,  9.20523801e-01-0.36357189j]],
         input_dims=(2, 2), output_dims=(2, 2))"
"Operator([[ 9.20523801e-01-0.36357189j,  4.53422493e-02+0.13510379j,
           -1.10583965e-02+0.00445425j, -3.02379179e-04-0.00048919j],
          [ 1.33257132e-02+0.1418851j ,  9.75113011e-01-0.03950844j,
            2.56234039e-02+0.16274537j, -1.10583965e-02+0.00445425j],
          [-1.18860740e-02-0.00092178j, -1.21789794e-02+0.16429938j,
            9.75113011e-01-0.03950844j,  4.53422493e-02+0.13510379j],
          [ 7.84398404e-05-0.00056972j, -1.18860740e-02-0.00092178j,
            1.33257132e-02+0.1418851j ,  9.20523801e-01-0.36357189j]],
         input_dims=(2, 2), output_dims=(2, 2))"
"Operator([[ 9.20523801e-01-0.36357189j,  2.95292899e-02+0.13941656j,
           -1.17829369e-02+0.00181407j, -1.18990440e-04-0.00056265j],
          [ 2.95292899e-02+0.13941656j,  9.75113011e-01-0.03950844j,
            6.76696943e-03+0.16461113j, -1.17829369e-02+0.00181407j],
          [-1.17829369e-02+0.00181407j,  6.76696943e-03+0.16461113j,
            9.75113011e-01-0.03950844j,  2.95292899e-02+0.13941656j],
          [-1.18990440e-04-0.00056265j, -1.17829369e-02+0.00181407j,
            2.95292899e-02+0.13941656j,  9.20523801e-01-0.36357189j]],
         input_dims=(2, 2), output_dims=(2, 2))"
"Operator([[ 9.20523801e-01-0.36357189j, -1.77384484e-03+0.14249845j,
           -1.14253862e-02-0.00340426j,  2.52782995e-04-0.00051656j],
          [ 5.93938565e-02+0.12954275j,  9.75113011e-01-0.03950844j,
           -2.95086536e-02+0.16208595j, -1.14253862e-02-0.00340426j],
          [-9.87235109e-03+0.0066832j ,  4.27129284e-02+0.159117j  ,
            9.75113011e-01-0.03950844j, -1.77384484e-03+0.14249845j],
          [-4.40273182e-04-0.00036999j, -9.87235109e-03+0.0066832j ,
            5.93938565e-02+0.12954275j,  9.20523801e-01-0.36357189j]],
         input_dims=(2, 2), output_dims=(2, 2))"
"Operator([[ 9.20523801e-01-0.36357189j,  2.95292899e-02+0.13941656j,
           -1.17829369e-02+0.00181407j, -1.18990440e-04-0.00056265j],
          [ 2.95292899e-02+0.13941656j,  9.75113011e-01-0.03950844j,
            6.76696943e-03+0.16461113j, -1.17829369e-02+0.00181407j],
          [-1.17829369e-02+0.00181407j,  6.76696943e-03+0.16461113j,
            9.75113011e-01-0.03950844j,  2.95292899e-02+0.13941656j],
          [-1.18990440e-04-0.00056265j, -1.17829369e-02+0.00181407j,
            2.95292899e-02+0.13941656j,  9.20523801e-01-0.36357189j]],
         input_dims=(2, 2), output_dims=(2, 2))"
"Operator([[ 9.20523801e-01-0.36357189j, -8.43589696e-04-0.14250699j,
           -1.15427030e-02-0.00298236j, -2.23950499e-04+0.0005297j ],
          [-5.70046483e-02-0.13061173j,  9.75113011e-01-0.03950844j,
            2.65267959e-02-0.16260057j, -1.15427030e-02-0.00298236j],
          [-1.01111376e-02+0.00631612j, -3.97833713e-02-0.15987463j,
            9.75113011e-01-0.03950844j, -8.43589696e-04-0.14250699j],
          [ 4.19228161e-04+0.00039368j, -1.01111376e-02+0.00631612j,
           -5.70046483e-02-0.13061173j,  9.20523801e-01-0.36357189j]],
         input_dims=(2, 2), output_dims=(2, 2))"
"Operator([[ 9.20523801e-01-0.36357189j,  1.39586459e-01+0.02871542j,
            9.34112967e-03+0.00740755j,  2.97835666e-04+0.00049197j],
          [-1.15958047e-01+0.08284133j,  9.75113011e-01-0.03950844j,
            1.53569890e-01+0.05965655j,  9.34112967e-03+0.00740755j],
          [ 6.68048519e-03-0.00987419j, -1.48155173e-01+0.07206011j,
            9.75113011e-01-0.03950844j,  1.39586459e-01+0.02871542j],
          [-7.31600540e-05+0.00057042j,  6.68048519e-03-0.00987419j,
           -1.15958047e-01+0.08284133j,  9.20523801e-01-0.36357189j]],
         input_dims=(2, 2), output_dims=(2, 2))"
"Operator([[ 9.20523801e-01-0.36357189j,  2.95292899e-02+0.13941656j,
           -1.17829369e-02+0.00181407j, -1.18990440e-04-0.00056265j],
          [ 2.95292899e-02+0.13941656j,  9.75113011e-01-0.03950844j,
            6.76696943e-03+0.16461113j, -1.17829369e-02+0.00181407j],
          [-1.17829369e-02+0.00181407j,  6.76696943e-03+0.16461113j,
            9.75113011e-01-0.03950844j,  2.95292899e-02+0.13941656j],
          [-1.18990440e-04-0.00056265j, -1.17829369e-02+0.00181407j,
            2.95292899e-02+0.13941656j,  9.20523801e-01-0.36357189j]],
         input_dims=(2, 2), output_dims=(2, 2))"
"Operator([[ 9.20523801e-01-0.36357189j,  2.95292899e-02+0.13941656j,
           -1.17829369e-02+0.00181407j, -1.18990440e-04-0.00056265j],
          [ 2.95292899e-02+0.13941656j,  9.75113011e-01-0.03950844j,
            6.76696943e-03+0.16461113j, -1.17829369e-02+0.00181407j],
          [-1.17829369e-02+0.00181407j,  6.76696943e-03+0.16461113j,
            9.75113011e-01-0.03950844j,  2.95292899e-02+0.13941656j],
          [-1.18990440e-04-0.00056265j, -1.17829369e-02+0.00181407j,
            2.95292899e-02+0.13941656j,  9.20523801e-01-0.36357189j]],
         input_dims=(2, 2), output_dims=(2, 2))"
"Operator([[ 9.20523801e-01-0.36357189j,  1.41754191e-01+0.01465279j,
            1.06253444e-02+0.00540652j,  4.29787842e-04+0.00038212j],
          [-1.23640967e-01+0.07086513j,  9.75113011e-01-0.03950844j,
            1.58753359e-01+0.04404527j,  1.06253444e-02+0.00540652j],
          [ 8.50710744e-03-0.0083521j , -1.54602510e-01+0.05692696j,
            9.75113011e-01-0.03950844j,  1.41754191e-01+0.01465279j],
          [-2.38284663e-04+0.00052341j,  8.50710744e-03-0.0083521j ,
           -1.23640967e-01+0.07086513j,  9.20523801e-01-0.36357189j]],
         input_dims=(2, 2), output_dims=(2, 2))"
