unitary
"Operator([[ 8.24651986e-01-0.52438853j,  6.49420862e-02+0.20010222j,
           -2.58339895e-02+0.00602429j, -5.92551551e-04-0.0018324j ],
          [ 6.49420862e-02+0.20010222j,  9.44798788e-01-0.055316j  ,
            1.47350671e-02+0.24313825j, -2.58339895e-02+0.00602429j],
          [-2.58339895e-02+0.00602429j,  1.47350671e-02+0.24313825j,
            9.44798788e-01-0.055316j  ,  6.49420862e-02+0.20010222j],
          [-5.92551551e-04-0.0018324j , -2.58339895e-02+0.00602429j,
            6.49420862e-02+0.20010222j,  8.24651986e-01-0.52438853j]],
         input_dims=(2, 2), output_dims=(2, 2))"
"Operator([[ 8.24651986e-01-0.52438853j,  5.39886043e-02+0.20333127j,
           -2.63346726e-02+0.00318937j, -2.87596472e-04-0.00190423j],
          [ 7.57042188e-02+0.19628358j,  9.44798788e-01-0.055316j  ,
            1.52036082e-03+0.24357959j, -2.63346726e-02+0.00318937j],
          [-2.50290556e-02+0.00878826j,  2.79063570e-02+0.2419805j ,
            9.44798788e-01-0.055316j  ,  5.39886043e-02+0.20333127j],
          [-8.81824118e-04-0.00171207j, -2.50290556e-02+0.00878826j,
            7.57042188e-02+0.19628358j,  8.24651986e-01-0.52438853j]],
         input_dims=(2, 2), output_dims=(2, 2))"
"Operator([[ 0.82465199-0.52438853j,  0.11745764+0.17453388j,
           -0.01874285+0.01877212j, -0.00175655-0.00078952j],
          [ 0.00742052+0.21024583j,  0.94479879-0.055316j  ,
            0.08101856+0.22971574j, -0.01874285+0.01877212j],
          [-0.02511306-0.00854526j, -0.05268427+0.23781862j,
            0.94479879-0.055316j  ,  0.11745764+0.17453388j],
          [ 0.00096168-0.00166852j, -0.02511306-0.00854526j,
            0.00742052+0.21024583j,  0.82465199-0.52438853j]],
         input_dims=(2, 2), output_dims=(2, 2))"
"Operator([[ 8.24651986e-01-0.52438853j,  6.49420862e-02+0.20010222j,
           -2.58339895e-02+0.00602429j, -5.92551551e-04-0.0018324j ],
          [ 6.49420862e-02+0.20010222j,  9.44798788e-01-0.055316j  ,
            1.47350671e-02+0.24313825j, -2.58339895e-02+0.00602429j],
          [-2.58339895e-02+0.00602429j,  1.47350671e-02+0.24313825j,
            9.44798788e-01-0.055316j  ,  6.49420862e-02+0.20010222j],
          [-5.92551551e-04-0.0018324j , -2.58339895e-02+0.00602429j,
            6.49420862e-02+0.20010222j,  8.24651986e-01-0.52438853j]],
         input_dims=(2, 2), output_dims=(2, 2))"
"Operator([[ 8.24651986e-01-0.52438853j, -4.57234454e-02-0.20534785j,
           -2.65062654e-02+0.00105118j,  5.50126007e-05+0.00192504j],
          [-8.35783796e-02-0.19306224j,  9.44798788e-01-0.055316j  ,
            8.32920027e-03-0.24344189j, -2.65062654e-02+0.00105118j],
          [-2.42371589e-02+0.0107818j , -3.76672024e-02-0.24065434j,
            9.44798788e-01-0.055316j  , -4.57234454e-02-0.20534785j],
          [ 1.08255431e-03+0.00159276j, -2.42371589e-02+0.0107818j ,
           -8.35783796e-02-0.19306224j,  8.24651986e-01-0.52438853j]],
         input_dims=(2, 2), output_dims=(2, 2))"
"Operator([[ 8.24651986e-01-0.52438853j, -1.91071200e-01-0.08803505j,
            8.06069348e-03+0.02527276j,  6.66077128e-04-0.00180697j],
          [ 1.02958684e-01-0.18346085j,  9.44798788e-01-0.055316j  ,
           -1.88629642e-01-0.15411745j,  8.06069348e-03+0.02527276j],
          [-3.94968801e-03-0.02623141j,  1.68637309e-01-0.17576913j,
            9.44798788e-01-0.055316j  , -1.91071200e-01-0.08803505j],
          [-1.59797918e-03-0.00107483j, -3.94968801e-03-0.02623141j,
            1.02958684e-01-0.18346085j,  8.24651986e-01-0.52438853j]],
         input_dims=(2, 2), output_dims=(2, 2))"
"Operator([[ 8.24651986e-01-0.52438853j, -1.75231289e-01+0.11641464j,
            1.89654266e-02-0.01854723j, -8.20818581e-04+0.00174214j],
          [ 2.10197836e-01-0.00867428j,  9.44798788e-01-0.055316j  ,
           -2.30194847e-01+0.07964711j,  1.89654266e-02-0.01854723j],
          [ 2.52131961e-02+0.00824511j,  2.38128600e-01+0.05126499j,
            9.44798788e-01-0.055316j  , -1.75231289e-01+0.11641464j],
          [ 1.68546282e-03+0.00093167j,  2.52131961e-02+0.00824511j,
            2.10197836e-01-0.00867428j,  8.24651986e-01-0.52438853j]],
         input_dims=(2, 2), output_dims=(2, 2))"
"Operator([[ 8.24651986e-01-0.52438853j, -1.55323736e-01+0.14189049j,
            1.24579882e-02-0.02341977j,  4.08254619e-05+0.00192539j],
          [ 2.09044684e-01+0.0236367j ,  9.44798788e-01-0.055316j  ,
           -2.15272085e-01+0.1139792j ,  1.24579882e-02-0.02341977j],
          [ 2.15322671e-02+0.0154935j ,  2.27461126e-01+0.08714795j,
            9.44798788e-01-0.055316j  , -1.55323736e-01+0.14189049j],
          [ 1.09426197e-03+0.00158474j,  2.15322671e-02+0.0154935j ,
            2.09044684e-01+0.0236367j ,  8.24651986e-01-0.52438853j]],
         input_dims=(2, 2), output_dims=(2, 2))"
