unitary
"Operator([[ 0.84980762-4.89159468e-01j, -0.16520652-1.03636804e-01j,
            0.00187401+2.25925262e-02j,  0.00096597-1.17082740e-03j],
          [ 0.08157168-1.77143569e-01j,  0.95278545-5.20210443e-02j,
           -0.15828554-1.60908859e-01j,  0.00187401+2.25925262e-02j],
          [-0.00756469-2.13707651e-02j,  0.13925833-1.77631903e-01j,
            0.95278545-5.20210443e-02j, -0.16520652-1.03636804e-01j],
          [-0.00144844-4.53840782e-04j, -0.00756469-2.13707651e-02j,
            0.08157168-1.77143569e-01j,  0.84980762-4.89159468e-01j]],
         input_dims=(2, 2), output_dims=(2, 2))"
"Operator([[ 8.49807622e-01-0.48915947j, -1.95018579e-01-0.00123949j,
            2.10510698e-02+0.00841348j, -1.25370270e-03-0.00085567j],
          [ 1.62554835e-01-0.10774835j,  9.52785453e-01-0.05202104j,
           -2.19258401e-01-0.05358851j,  2.10510698e-02+0.00841348j],
          [ 1.57424428e-02-0.01631287j,  2.11872787e-01-0.07781964j,
            9.52785453e-01-0.05202104j, -1.95018579e-01-0.00123949j],
          [ 5.83486630e-04-0.00140124j,  1.57424428e-02-0.01631287j,
            1.62554835e-01-0.10774835j,  8.49807622e-01-0.48915947j]],
         input_dims=(2, 2), output_dims=(2, 2))"
"Operator([[ 8.49807622e-01-0.48915947j, -1.42519885e-01+0.13312349j,
            9.56702839e-03-0.02055252j,  1.56585847e-04+0.00150977j],
          [ 1.92133916e-01+0.0334416j ,  9.52785453e-01-0.05202104j,
           -1.96104665e-01+0.1117539j ,  9.56702839e-03-0.02055252j],
          [ 1.71601207e-02+0.01481433j,  2.07392029e-01+0.08907593j,
            9.52785453e-01-0.05202104j, -1.42519885e-01+0.13312349j],
          [ 6.92816424e-04+0.00135053j,  1.71601207e-02+0.01481433j,
            1.92133916e-01+0.0334416j ,  8.49807622e-01-0.48915947j]],
         input_dims=(2, 2), output_dims=(2, 2))"
"Operator([[ 8.49807622e-01-0.48915947j,  5.56732257e-02+0.18690713j,
           -2.21650333e-02+0.00475873j, -4.32099984e-04-0.00145507j],
          [ 5.56732257e-02+0.18690713j,  9.52785453e-01-0.05202104j,
            1.26658519e-02+0.2253565j , -2.21650333e-02+0.00475873j],
          [-2.21650333e-02+0.00475873j,  1.26658519e-02+0.2253565j ,
            9.52785453e-01-0.05202104j,  5.56732257e-02+0.18690713j],
          [-4.32099984e-04-0.00145507j, -2.21650333e-02+0.00475873j,
            5.56732257e-02+0.18690713j,  8.49807622e-01-0.48915947j]],
         input_dims=(2, 2), output_dims=(2, 2))"
"Operator([[ 8.49807622e-01-0.48915947j,  9.45993069e-02+0.17054253j,
           -1.81106009e-02+0.01363599j, -1.22532207e-03-0.00089584j],
          [ 1.41371598e-02+0.19450944j,  9.52785453e-01-0.05202104j,
            6.08761209e-02+0.21734781j, -1.81106009e-02+0.01363599j],
          [-2.21117545e-02-0.00500045j, -3.61381975e-02+0.22280037j,
            9.52785453e-01-0.05202104j,  9.45993069e-02+0.17054253j],
          [ 5.37781958e-04-0.00141941j, -2.21117545e-02-0.00500045j,
            1.41371598e-02+0.19450944j,  8.49807622e-01-0.48915947j]],
         input_dims=(2, 2), output_dims=(2, 2))"
"Operator([[ 0.84980762-4.89159468e-01j,  0.14301617+1.32590181e-01j,
           -0.00652357+2.17112230e-02j, -0.00144129+4.76039994e-04j],
          [-0.04715527+1.89235734e-01j,  0.95278545-5.20210443e-02j,
            0.12555051+1.87571438e-01j, -0.00652357+2.17112230e-02j],
          [-0.01486048-1.71201705e-02j, -0.10374182+2.00458498e-01j,
            0.95278545-5.20210443e-02j,  0.14301617+1.32590181e-01j],
          [ 0.00146751-3.87762270e-04j, -0.01486048-1.71201705e-02j,
           -0.04715527+1.89235734e-01j,  0.84980762-4.89159468e-01j]],
         input_dims=(2, 2), output_dims=(2, 2))"
"Operator([[ 8.49807622e-01-0.48915947j,  1.69846456e-01+0.09584343j,
            3.96452149e-03+0.02232077j, -7.93740638e-04+0.0012938j ],
          [-8.97197602e-02+0.17315931j,  9.52785453e-01-0.05202104j,
            1.65595831e-01+0.15337534j,  3.96452149e-03+0.02232077j],
          [-5.54686429e-03-0.02198105j, -1.47366729e-01+0.17096497j,
            9.52785453e-01-0.05202104j,  1.69846456e-01+0.09584343j],
          [ 1.37123647e-03+0.00065088j, -5.54686429e-03-0.02198105j,
           -8.97197602e-02+0.17315931j,  8.49807622e-01-0.48915947j]],
         input_dims=(2, 2), output_dims=(2, 2))"
"Operator([[ 8.49807622e-01-0.48915947j,  1.86434790e-01+0.05723505j,
            1.29415452e-02+0.01861318j,  1.47573606e-04+0.00151068j],
          [-1.24730266e-01+0.14992046j,  9.52785453e-01-0.05202104j,
            1.94606993e-01+0.114342j  ,  1.29415452e-02+0.01861318j],
          [ 4.16090409e-03-0.022285j  , -1.80568999e-01+0.13542825j,
            9.52785453e-01-0.05202104j,  1.86434790e-01+0.05723505j],
          [ 7.00863290e-04+0.00134638j,  4.16090409e-03-0.022285j  ,
           -1.24730266e-01+0.14992046j,  8.49807622e-01-0.48915947j]],
         input_dims=(2, 2), output_dims=(2, 2))"
"Operator([[ 8.49807622e-01-0.48915947j,  1.94847412e-01+0.00826248j,
            2.03908106e-02+0.00990702j,  1.15409530e-03+0.0009859j ],
          [-1.58568708e-01+0.11353302j,  9.52785453e-01-0.05202104j,
            2.17186106e-01+0.06145055j,  2.03908106e-02+0.00990702j],
          [ 1.45273163e-02-0.01740377j, -2.08932575e-01+0.08539996j,
            9.52785453e-01-0.05202104j,  1.94847412e-01+0.00826248j],
          [-4.28942976e-04+0.001456j  ,  1.45273163e-02-0.01740377j,
           -1.58568708e-01+0.11353302j,  8.49807622e-01-0.48915947j]],
         input_dims=(2, 2), output_dims=(2, 2))"
"Operator([[ 8.49807622e-01-0.48915947j,  5.56732257e-02+0.18690713j,
           -2.21650333e-02+0.00475873j, -4.32099984e-04-0.00145507j],
          [ 5.56732257e-02+0.18690713j,  9.52785453e-01-0.05202104j,
            1.26658519e-02+0.2253565j , -2.21650333e-02+0.00475873j],
          [-2.21650333e-02+0.00475873j,  1.26658519e-02+0.2253565j ,
            9.52785453e-01-0.05202104j,  5.56732257e-02+0.18690713j],
          [-4.32099984e-04-0.00145507j, -2.21650333e-02+0.00475873j,
            5.56732257e-02+0.18690713j,  8.49807622e-01-0.48915947j]],
         input_dims=(2, 2), output_dims=(2, 2))"
"Operator([[ 8.49807622e-01-0.48915947j,  5.56732257e-02+0.18690713j,
           -2.21650333e-02+0.00475873j, -4.32099984e-04-0.00145507j],
          [ 5.56732257e-02+0.18690713j,  9.52785453e-01-0.05202104j,
            1.26658519e-02+0.2253565j , -2.21650333e-02+0.00475873j],
          [-2.21650333e-02+0.00475873j,  1.26658519e-02+0.2253565j ,
            9.52785453e-01-0.05202104j,  5.56732257e-02+0.18690713j],
          [-4.32099984e-04-0.00145507j, -2.21650333e-02+0.00475873j,
            5.56732257e-02+0.18690713j,  8.49807622e-01-0.48915947j]],
         input_dims=(2, 2), output_dims=(2, 2))"
"Operator([[ 8.49807622e-01-0.48915947j,  1.06802494e-01+0.16317785j,
           -1.59308528e-02+0.01612892j, -1.39086468e-03-0.00060781j],
          [-1.06894458e-04+0.19502249j,  9.52785453e-01-0.05202104j,
            7.65878704e-02+0.21232115j, -1.59308528e-02+0.01612892j],
          [-2.11473714e-02-0.00816841j, -5.23142514e-02+0.21956592j,
            9.52785453e-01-0.05202104j,  1.06802494e-01+0.16317785j],
          [ 8.33696166e-04-0.00126842j, -2.11473714e-02-0.00816841j,
           -1.06894458e-04+0.19502249j,  8.49807622e-01-0.48915947j]],
         input_dims=(2, 2), output_dims=(2, 2))"
"Operator([[ 0.84980762-4.89159468e-01j,  0.15505424+1.18287637e-01j,
           -0.00226549+2.25566339e-02j, -0.00124699+8.65414960e-04j],
          [-0.06505739+1.83851347e-01j,  0.95278545-5.20210443e-02j,
            0.14293311+1.74688581e-01j, -0.00226549+2.25566339e-02j],
          [-0.01132466-1.96388940e-02j, -0.12245852+1.89604552e-01j,
            0.95278545-5.20210443e-02j,  0.15505424+1.18287637e-01j],
          [ 0.00151722+4.45494101e-05j, -0.01132466-1.96388940e-02j,
           -0.06505739+1.83851347e-01j,  0.84980762-4.89159468e-01j]],
         input_dims=(2, 2), output_dims=(2, 2))"
