unitary
"Operator([[ 9.32123565e-01-3.37152602e-01j,
           -8.08481654e-03+1.31547526e-01j,
           -9.49428659e-03-3.64953322e-03j,
            2.44170718e-04-3.81262547e-04j],
          [ 5.69236650e-02+1.18868887e-01j,
            9.78758589e-01-3.67612587e-02j,
           -3.26480892e-02+1.48797715e-01j,
           -9.49428659e-03-3.64953322e-03j],
          [-8.10356715e-03+6.14758245e-03j,
            4.38530044e-02+1.45888902e-01j,
            9.78758589e-01-3.67612587e-02j,
           -8.08481654e-03+1.31547526e-01j],
          [-3.69414830e-04-2.61750172e-04j,
           -8.10356715e-03+6.14758245e-03j,
            5.69236650e-02+1.18868887e-01j,
            9.32123565e-01-3.37152602e-01j]],
         input_dims=(2, 2), output_dims=(2, 2))"
"Operator([[ 9.32123565e-01-0.3371526j ,  2.52288575e-02+0.1293585j ,
           -1.00705999e-02+0.00142954j, -8.65582110e-05-0.0004444j ],
          [ 2.52288575e-02+0.1293585j ,  9.78758589e-01-0.03676126j,
            5.78816283e-03+0.15222731j, -1.00705999e-02+0.00142954j],
          [-1.00705999e-02+0.00142954j,  5.78816283e-03+0.15222731j,
            9.78758589e-01-0.03676126j,  2.52288575e-02+0.1293585j ],
          [-8.65582110e-05-0.0004444j , -1.00705999e-02+0.00142954j,
            2.52288575e-02+0.1293585j ,  9.32123565e-01-0.3371526j ]],
         input_dims=(2, 2), output_dims=(2, 2))"
"Operator([[ 9.32123565e-01-3.37152602e-01j,
            6.38152009e-02+1.15315810e-01j,
           -7.32576158e-03+7.05647135e-03j,
           -4.09638148e-04-1.92813528e-04j],
          [-1.58064304e-02+1.30844460e-01j,
            9.78758589e-01-3.67612587e-02j,
            5.23560611e-02+1.43057683e-01j,
           -7.32576158e-03+7.05647135e-03j],
          [-9.00014819e-03-4.73897701e-03j,
           -4.13415876e-02+1.46620363e-01j,
            9.78758589e-01-3.67612587e-02j,
            6.38152009e-02+1.15315810e-01j],
          [ 3.07326577e-04-3.32461794e-04j,
           -9.00014819e-03-4.73897701e-03j,
           -1.58064304e-02+1.30844460e-01j,
            9.32123565e-01-3.37152602e-01j]],
         input_dims=(2, 2), output_dims=(2, 2))"
"Operator([[ 9.32123565e-01-3.37152602e-01j,
            9.14551389e-02+9.49003346e-02j,
           -2.82255702e-03+9.77208998e-03j,
           -4.26150342e-04+1.52893281e-04j],
          [-4.90922242e-02+1.22311363e-01j,
            9.78758589e-01-3.67612587e-02j,
            8.75566920e-02+1.24661475e-01j,
           -2.82255702e-03+9.77208998e-03j],
          [-5.43058727e-03-8.60054025e-03j,
           -7.78375262e-02+1.30950285e-01j,
            9.78758589e-01-3.67612587e-02j,
            9.14551389e-02+9.49003346e-02j],
          [ 4.52380747e-04-1.82244024e-05j,
           -5.43058727e-03-8.60054025e-03j,
           -4.90922242e-02+1.22311363e-01j,
            9.32123565e-01-3.37152602e-01j]],
         input_dims=(2, 2), output_dims=(2, 2))"
"Operator([[ 9.32123565e-01-0.3371526j ,  2.52288575e-02+0.1293585j ,
           -1.00705999e-02+0.00142954j, -8.65582110e-05-0.0004444j ],
          [ 2.52288575e-02+0.1293585j ,  9.78758589e-01-0.03676126j,
            5.78816283e-03+0.15222731j, -1.00705999e-02+0.00142954j],
          [-1.00705999e-02+0.00142954j,  5.78816283e-03+0.15222731j,
            9.78758589e-01-0.03676126j,  2.52288575e-02+0.1293585j ],
          [-8.65582110e-05-0.0004444j , -1.00705999e-02+0.00142954j,
            2.52288575e-02+0.1293585j ,  9.32123565e-01-0.3371526j ]],
         input_dims=(2, 2), output_dims=(2, 2))"
"Operator([[ 9.32123565e-01-0.3371526j ,  1.21434505e-01+0.05122282j,
            5.12662646e-03+0.00878512j, -5.51485639e-06+0.00045271j],
          [-9.32871292e-02+0.09310009j,  9.78758589e-01-0.03676126j,
            1.29569617e-01+0.08011474j,  5.12662646e-03+0.00878512j],
          [ 2.47923723e-03-0.00986478j, -1.23111870e-01+0.08972249j,
            9.78758589e-01-0.03676126j,  1.21434505e-01+0.05122282j],
          [ 1.75022245e-04+0.00041755j,  2.47923723e-03-0.00986478j,
           -9.32871292e-02+0.09310009j,  9.32123565e-01-0.3371526j ]],
         input_dims=(2, 2), output_dims=(2, 2))"
"Operator([[ 9.32123565e-01-0.3371526j ,  1.26583324e-01+0.03669848j,
            7.02376627e-03+0.00735712j,  1.50468123e-04+0.00042701j],
          [-1.03516394e-01+0.08157495j,  9.78758589e-01-0.03676126j,
            1.38035183e-01+0.06444335j,  7.02376627e-03+0.00735712j],
          [ 4.69883581e-03-0.00902117j, -1.32743023e-01+0.0747392j ,
            9.78758589e-01-0.03676126j,  1.26583324e-01+0.03669848j],
          [ 2.07959153e-05+0.00045227j,  4.69883581e-03-0.00902117j,
           -1.03516394e-01+0.08157495j,  9.32123565e-01-0.3371526j ]],
         input_dims=(2, 2), output_dims=(2, 2))"
"Operator([[ 9.32123565e-01-0.3371526j ,  1.29315851e-01+0.02544654j,
            8.20204362e-03+0.00601557j,  2.56551321e-04+0.00037304j],
          [-1.10276781e-01+0.07217442j,  9.78758589e-01-0.03676126j,
            1.43158701e-01+0.05207921j,  8.20204362e-03+0.00601557j],
          [ 6.20391575e-03-0.00806052j, -1.38790638e-01+0.06279981j,
            9.78758589e-01-0.03676126j,  1.29315851e-01+0.02544654j],
          [-9.77875370e-05+0.00044206j,  6.20391575e-03-0.00806052j,
           -1.10276781e-01+0.07217442j,  9.32123565e-01-0.3371526j ]],
         input_dims=(2, 2), output_dims=(2, 2))"
"Operator([[ 9.32123565e-01-3.37152602e-01j,
            1.31585488e-01+7.44145323e-03j,
            9.52952450e-03+3.55650578e-03j,
            3.84803388e-04+2.38551508e-04j],
          [-1.19145822e-01+5.63417162e-02j,
            9.78758589e-01-3.67612587e-02j,
            1.48955585e-01+3.19200789e-02j,
            9.52952450e-03+3.55650578e-03j],
          [ 8.16330217e-03-6.06803661e-03j,
           -1.46101599e-01+4.31390842e-02j,
            9.78758589e-01-3.67612587e-02j,
            1.31585488e-01+7.44145323e-03j],
          [-2.67141143e-04+3.65535332e-04j,
            8.16330217e-03-6.06803661e-03j,
           -1.19145822e-01+5.63417162e-02j,
            9.32123565e-01-3.37152602e-01j]],
         input_dims=(2, 2), output_dims=(2, 2))"
"Operator([[ 9.32123565e-01-0.3371526j , -8.64055550e-02+0.09951983j,
            1.04964885e-03-0.01011725j,  2.59803636e-04+0.00037079j],
          [ 1.17469586e-01+0.05975795j,  9.78758589e-01-0.03676126j,
           -1.16395289e-01+0.09827917j,  1.04964885e-03-0.01011725j],
          [ 3.82377476e-03+0.00942546j,  1.23522194e-01+0.08915675j,
            9.78758589e-01-0.03676126j, -8.64055550e-02+0.09951983j],
          [-1.01649450e-04+0.00044119j,  3.82377476e-03+0.00942546j,
            1.17469586e-01+0.05975795j,  9.32123565e-01-0.3371526j ]],
         input_dims=(2, 2), output_dims=(2, 2))"
"Operator([[ 9.32123565e-01-0.3371526j ,  2.52288575e-02+0.1293585j ,
           -1.00705999e-02+0.00142954j, -8.65582110e-05-0.0004444j ],
          [ 2.52288575e-02+0.1293585j ,  9.78758589e-01-0.03676126j,
            5.78816283e-03+0.15222731j, -1.00705999e-02+0.00142954j],
          [-1.00705999e-02+0.00142954j,  5.78816283e-03+0.15222731j,
            9.78758589e-01-0.03676126j,  2.52288575e-02+0.1293585j ],
          [-8.65582110e-05-0.0004444j , -1.00705999e-02+0.00142954j,
            2.52288575e-02+0.1293585j ,  9.32123565e-01-0.3371526j ]],
         input_dims=(2, 2), output_dims=(2, 2))"
"Operator([[ 9.32123565e-01-0.3371526j ,  1.30208948e-01+0.02038985j,
            8.64545795e-03+0.00535879j,  2.98307176e-04+0.00034058j],
          [-1.13004571e-01+0.06782391j,  9.78758589e-01-0.03676126j,
            1.45078742e-01+0.04646306j,  8.64545795e-03+0.00535879j],
          [ 6.81259180e-03-0.00755309j, -1.41131606e-01+0.05734568j,
            9.78758589e-01-0.03676126j,  1.30208948e-01+0.02038985j],
          [-1.48675983e-04+0.00042764j,  6.81259180e-03-0.00755309j,
           -1.13004571e-01+0.06782391j,  9.32123565e-01-0.3371526j ]],
         input_dims=(2, 2), output_dims=(2, 2))"
"Operator([[ 9.32123565e-01-0.3371526j ,  1.29461096e-01+0.02469697j,
            8.27118965e-03+0.00592013j,  2.62995547e-04+0.00036853j],
          [-1.10693045e-01+0.07153437j,  9.78758589e-01-0.03676126j,
            1.43458000e-01+0.051249j  ,  8.27118965e-03+0.00592013j],
          [ 6.29688879e-03-0.0079881j , -1.39152116e-01+0.06199473j,
            9.78758589e-01-0.03676126j,  1.29461096e-01+0.02469697j],
          [-1.05455156e-04+0.00044029j,  6.29688879e-03-0.0079881j ,
           -1.10693045e-01+0.07153437j,  9.32123565e-01-0.3371526j ]],
         input_dims=(2, 2), output_dims=(2, 2))"
