unitary
"Operator([[ 8.86340847e-01-0.43033515j, -1.70045771e-01-0.00161185j,
            1.61383789e-02+0.00565439j, -8.54911434e-04-0.00050127j],
          [ 1.48344757e-01-0.08313841j,  9.64342661e-01-0.04628868j,
           -1.92328928e-01-0.0412261j ,  1.61383789e-02+0.00565439j],
          [ 1.30392609e-02-0.01106332j,  1.87373086e-01-0.05984425j,
            9.64342661e-01-0.04628868j, -1.70045771e-01-0.00161185j],
          [ 5.09704438e-04-0.00084991j,  1.30392609e-02-0.01106332j,
            1.48344757e-01-0.08313841j,  8.86340847e-01-0.43033515j]],
         input_dims=(2, 2), output_dims=(2, 2))"
"Operator([[ 8.86340847e-01-0.43033515j, -1.44515187e-01+0.08962992j,
            1.20085884e-02-0.01217429j, -3.92521490e-04+0.00090999j],
          [ 1.69807335e-01+0.00914501j,  9.64342661e-01-0.04628868j,
           -1.84537349e-01+0.06808799j,  1.20085884e-02-0.01217429j],
          [ 1.55744063e-02+0.00706097j,  1.90313295e-01+0.04970772j,
            9.64342661e-01-0.04628868j, -1.44515187e-01+0.08962992j],
          [ 7.80904204e-04+0.0006102j ,  1.55744063e-02+0.00706097j,
            1.69807335e-01+0.00914501j,  8.86340847e-01-0.43033515j]],
         input_dims=(2, 2), output_dims=(2, 2))"
"Operator([[ 8.86340847e-01-4.30335148e-01j,
           -6.67285942e-02+1.56414376e-01j,
           -7.38063181e-03-1.54254886e-02j,
            9.81227513e-04+1.39075839e-04j],
          [ 1.33690368e-01+1.05095422e-01j,
            9.64342661e-01-4.62886825e-02j,
           -1.11860512e-01+1.61793801e-01j,
           -7.38063181e-03-1.54254886e-02j],
          [-1.36108624e-03+1.70460221e-02j,
            1.27152514e-01+1.50074136e-01j,
            9.64342661e-01-4.62886825e-02j,
           -6.67285942e-02+1.56414376e-01j],
          [-7.94273216e-04+5.92688433e-04j,
           -1.36108624e-03+1.70460221e-02j,
            1.33690368e-01+1.05095422e-01j,
            8.86340847e-01-4.30335148e-01j]],
         input_dims=(2, 2), output_dims=(2, 2))"
"Operator([[ 8.86340847e-01-0.43033515j,  4.21826807e-02+0.16473853j,
           -1.68138086e-02+0.00311693j, -2.45314235e-04-0.00096019j],
          [ 4.21826807e-02+0.16473853j,  9.64342661e-01-0.04628868j,
            9.63322217e-03+0.19646172j, -1.68138086e-02+0.00311693j],
          [-1.68138086e-02+0.00311693j,  9.63322217e-03+0.19646172j,
            9.64342661e-01-0.04628868j,  4.21826807e-02+0.16473853j],
          [-2.45314235e-04-0.00096019j, -1.68138086e-02+0.00311693j,
            4.21826807e-02+0.16473853j,  8.86340847e-01-0.43033515j]],
         input_dims=(2, 2), output_dims=(2, 2))"
"Operator([[ 8.86340847e-01-0.43033515j,  6.86607104e-02+0.15557593j,
           -1.48973912e-02+0.00839566j, -6.71882043e-04-0.00072851j],
          [ 1.45595207e-02+0.16942899j,  9.64342661e-01-0.04628868j,
            4.17621107e-02+0.19221325j, -1.48973912e-02+0.00839566j],
          [-1.69168438e-02-0.00249796j, -2.27571788e-02+0.19537686j,
            9.64342661e-01-0.04628868j,  6.86607104e-02+0.15557593j],
          [ 2.40109525e-04-0.00096151j, -1.69168438e-02-0.00249796j,
            1.45595207e-02+0.16942899j,  8.86340847e-01-0.43033515j]],
         input_dims=(2, 2), output_dims=(2, 2))"
"Operator([[ 8.86340847e-01-4.30335148e-01j,
            1.04683713e-01+1.34012994e-01j,
           -9.12057753e-03+1.44649400e-02j,
           -9.87601113e-04-8.24230710e-05j],
          [-2.73936447e-02+1.67832508e-01j,
            9.64342661e-01-4.62886825e-02j,
            8.75808773e-02+1.76123814e-01j,
           -9.12057753e-03+1.44649400e-02j],
          [-1.36993600e-02-1.02345962e-02j,
           -6.99302114e-02+1.83847147e-01j,
            9.64342661e-01-4.62886825e-02j,
            1.04683713e-01+1.34012994e-01j],
          [ 8.27039834e-04-5.46035377e-04j,
           -1.36993600e-02-1.02345962e-02j,
           -2.73936447e-02+1.67832508e-01j,
            8.86340847e-01-4.30335148e-01j]],
         input_dims=(2, 2), output_dims=(2, 2))"
"Operator([[ 8.86340847e-01-0.43033515j,  4.21826807e-02+0.16473853j,
           -1.68138086e-02+0.00311693j, -2.45314235e-04-0.00096019j],
          [ 4.21826807e-02+0.16473853j,  9.64342661e-01-0.04628868j,
            9.63322217e-03+0.19646172j, -1.68138086e-02+0.00311693j],
          [-1.68138086e-02+0.00311693j,  9.63322217e-03+0.19646172j,
            9.64342661e-01-0.04628868j,  4.21826807e-02+0.16473853j],
          [-2.45314235e-04-0.00096019j, -1.68138086e-02+0.00311693j,
            4.21826807e-02+0.16473853j,  8.86340847e-01-0.43033515j]],
         input_dims=(2, 2), output_dims=(2, 2))"
"Operator([[ 8.86340847e-01-4.30335148e-01j,
            1.38056619e-01+9.92901424e-02j,
            9.84896729e-05+1.70999919e-02j,
           -7.12009798e-04+6.89341402e-04j],
          [-7.33475697e-02+1.53421955e-01j,
            9.64342661e-01-4.62886825e-02j,
            1.33445596e-01+1.44507027e-01j,
            9.84896729e-05+1.70999919e-02j],
          [-6.03738600e-03-1.59990435e-02j,
           -1.18668047e-01+1.56869062e-01j,
            9.64342661e-01-4.62886825e-02j,
            1.38056619e-01+9.92901424e-02j],
          [ 9.55405695e-04+2.63342891e-04j,
           -6.03738600e-03-1.59990435e-02j,
           -7.33475697e-02+1.53421955e-01j,
            8.86340847e-01-4.30335148e-01j]],
         input_dims=(2, 2), output_dims=(2, 2))"
"Operator([[ 8.86340847e-01-0.43033515j,  4.21826807e-02+0.16473853j,
           -1.68138086e-02+0.00311693j, -2.45314235e-04-0.00096019j],
          [ 4.21826807e-02+0.16473853j,  9.64342661e-01-0.04628868j,
            9.63322217e-03+0.19646172j, -1.68138086e-02+0.00311693j],
          [-1.68138086e-02+0.00311693j,  9.63322217e-03+0.19646172j,
            9.64342661e-01-0.04628868j,  4.21826807e-02+0.16473853j],
          [-2.45314235e-04-0.00096019j, -1.68138086e-02+0.00311693j,
            4.21826807e-02+0.16473853j,  8.86340847e-01-0.43033515j]],
         input_dims=(2, 2), output_dims=(2, 2))"
"Operator([[ 8.86340847e-01-4.30335148e-01j,
            1.38566320e-01+9.85775702e-02j,
            2.74677138e-04+1.70980694e-02j,
           -7.01270871e-04+7.00263297e-04j],
          [-7.41370115e-02+1.53042040e-01j,
            9.64342661e-01-4.62886825e-02j,
            1.34188312e-01+1.43817610e-01j,
            2.74677138e-04+1.70980694e-02j],
          [-5.87221663e-03-1.60604015e-02j,
           -1.19474646e-01+1.56255614e-01j,
            9.64342661e-01-4.62886825e-02j,
            1.38566320e-01+9.85775702e-02j],
          [ 9.51221575e-04+2.78077390e-04j,
           -5.87221663e-03-1.60604015e-02j,
           -7.41370115e-02+1.53042040e-01j,
            8.86340847e-01-4.30335148e-01j]],
         input_dims=(2, 2), output_dims=(2, 2))"
"Operator([[ 8.86340847e-01-0.43033515j,  4.21826807e-02+0.16473853j,
           -1.68138086e-02+0.00311693j, -2.45314235e-04-0.00096019j],
          [ 4.21826807e-02+0.16473853j,  9.64342661e-01-0.04628868j,
            9.63322217e-03+0.19646172j, -1.68138086e-02+0.00311693j],
          [-1.68138086e-02+0.00311693j,  9.63322217e-03+0.19646172j,
            9.64342661e-01-0.04628868j,  4.21826807e-02+0.16473853j],
          [-2.45314235e-04-0.00096019j, -1.68138086e-02+0.00311693j,
            4.21826807e-02+0.16473853j,  8.86340847e-01-0.43033515j]],
         input_dims=(2, 2), output_dims=(2, 2))"
"Operator([[ 8.86340847e-01-0.43033515j,  1.09480422e-01-0.13012379j,
            2.49046570e-03-0.01691795j, -5.10670203e-04-0.00084933j],
          [-1.58545625e-01-0.06149347j,  9.64342661e-01-0.04628868j,
            1.54217010e-01-0.12209472j,  2.49046570e-03-0.01691795j],
          [ 8.38906035e-03+0.01490111j, -1.65421988e-01-0.10642168j,
            9.64342661e-01-0.04628868j,  1.09480422e-01-0.13012379j],
          [ 4.06989067e-05-0.0009902j ,  8.38906035e-03+0.01490111j,
           -1.58545625e-01-0.06149347j,  8.86340847e-01-0.43033515j]],
         input_dims=(2, 2), output_dims=(2, 2))"
"Operator([[ 8.86340847e-01-4.30335148e-01j,
           -9.52684907e-02-1.40861908e-01j,
           -1.10100664e-02+1.30842601e-02j,
            9.50020099e-04+2.82154802e-04j],
          [ 1.58454630e-02-1.69313566e-01j,
            9.64342661e-01-4.62886825e-02j,
           -7.53242970e-02-1.81703765e-01j,
           -1.10100664e-02+1.30842601e-02j],
          [-1.49684054e-02-8.26838949e-03j,
            5.71865291e-02-1.88201246e-01j,
            9.64342661e-01-4.62886825e-02j,
           -9.52684907e-02-1.40861908e-01j],
          [-6.98260859e-04+7.03264739e-04j,
           -1.49684054e-02-8.26838949e-03j,
            1.58454630e-02-1.69313566e-01j,
            8.86340847e-01-4.30335148e-01j]],
         input_dims=(2, 2), output_dims=(2, 2))"
"Operator([[ 8.86340847e-01-0.43033515j, -5.14422245e-02-0.16208596j,
           -1.63536266e-02+0.00499783j,  4.04176497e-04+0.00090487j],
          [-3.27878064e-02-0.16686258j,  9.64342661e-01-0.04628868j,
           -2.07410906e-02-0.19560116j, -1.63536266e-02+0.00499783j],
          [-1.70583953e-02+0.00119607j,  1.50555153e-03-0.196692j  ,
            9.64342661e-01-0.04628868j, -5.14422245e-02-0.16208596j],
          [ 7.93839578e-05+0.00098785j, -1.70583953e-02+0.00119607j,
           -3.27878064e-02-0.16686258j,  8.86340847e-01-0.43033515j]],
         input_dims=(2, 2), output_dims=(2, 2))"
"Operator([[ 8.86340847e-01-0.43033515j, -9.53023189e-02+0.14083902j,
           -1.07575428e-03-0.0170664j ,  7.47811953e-04+0.00065033j],
          [ 1.51262124e-01+0.07770413j,  9.64342661e-01-0.04628868j,
           -1.40632554e-01+0.1375227j , -1.07575428e-03-0.0170664j ],
          [ 5.11301920e-03+0.01631798j,  1.53412046e-01+0.12310464j,
            9.64342661e-01-0.04628868j, -9.53023189e-02+0.14083902j],
          [-3.44234321e-04+0.00092933j,  5.11301920e-03+0.01631798j,
            1.51262124e-01+0.07770413j,  8.86340847e-01-0.43033515j]],
         input_dims=(2, 2), output_dims=(2, 2))"
