unitary
"Operator([[ 9.05698036e-01-3.94281058e-01j,
            1.53807848e-01-1.98868917e-02j,
            1.41567824e-02+4.49581827e-04j,
            7.43907080e-04+5.23139681e-05j],
          [-1.46871541e-01+4.98105696e-02j,
            9.70446769e-01-4.26584628e-02j,
            1.79066906e-01+9.76772112e-03j,
            1.41567824e-02+4.49581827e-04j],
          [ 1.32307135e-02-5.05616766e-03j,
           -1.77479742e-01+2.57158785e-02j,
            9.70446769e-01-4.26584628e-02j,
            1.53807848e-01-1.98868917e-02j],
          [-6.45327587e-04+3.73746974e-04j,
            1.32307135e-02-5.05616766e-03j,
           -1.46871541e-01+4.98105696e-02j,
            9.05698036e-01-3.94281058e-01j]],
         input_dims=(2, 2), output_dims=(2, 2))"
"Operator([[ 9.05698036e-01-3.94281058e-01j,
            1.42883260e-01-6.03051934e-02j,
            1.23625867e-02-6.91252939e-03j,
            5.49614780e-04-5.04041753e-04j],
          [-1.54843520e-01+8.70785357e-03j,
            9.70446769e-01-4.26584628e-02j,
            1.75154346e-01-3.84879259e-02j,
            1.23625867e-02-6.91252939e-03j],
          [ 1.39437250e-02+2.48779910e-03j,
           -1.77891090e-01-2.26963761e-02j,
            9.70446769e-01-4.26584628e-02j,
            1.42883260e-01-6.03051934e-02j],
          [-7.15151267e-04-2.11407570e-04j,
            1.39437250e-02+2.48779910e-03j,
           -1.54843520e-01+8.70785357e-03j,
            9.05698036e-01-3.94281058e-01j]],
         input_dims=(2, 2), output_dims=(2, 2))"
"Operator([[ 9.05698036e-01-0.39428106j,  1.29288857e-01-0.08565474j,
            9.01013613e-03-0.01092859j,  1.99921986e-04-0.00071845j],
          [-1.53788303e-01-0.02003747j,  9.70446769e-01-0.04265846j,
            1.65033954e-01-0.07017235j,  9.01013613e-03-0.01092859j],
          [ 1.20895812e-02+0.00737961j, -1.70639912e-01-0.05515783j,
            9.70446769e-01-0.04265846j,  1.29288857e-01-0.08565474j],
          [-4.95170898e-04-0.00055762j,  1.20895812e-02+0.00737961j,
           -1.53788303e-01-0.02003747j,  9.05698036e-01-0.39428106j]],
         input_dims=(2, 2), output_dims=(2, 2))"
"Operator([[ 9.05698036e-01-0.39428106j,  1.20486787e-01-0.09764874j,
            6.76003356e-03-0.01244663j, -1.22967580e-05-0.00074564j],
          [-1.51160778e-01-0.03468085j,  9.70446769e-01-0.04265846j,
            1.57550899e-01-0.08566259j,  6.76003356e-03-0.01244663j],
          [ 1.04599120e-02+0.00955023j, -1.64569714e-01-0.07125429j,
            9.70446769e-01-0.04265846j,  1.20486787e-01-0.09764874j],
          [-3.16464890e-04-0.00067527j,  1.04599120e-02+0.00955023j,
           -1.51160778e-01-0.03468085j,  9.05698036e-01-0.39428106j]],
         input_dims=(2, 2), output_dims=(2, 2))"
"Operator([[ 9.05698036e-01-3.94281058e-01j,
           -4.54365930e-02-1.48283035e-01j,
           -1.35069964e-02+4.26352668e-03j,
            3.14970784e-04+6.75964422e-04j],
          [-2.44357993e-02-1.53151018e-01j,
            9.70446769e-01-4.26584628e-02j,
           -2.04454990e-02-1.78163820e-01j,
           -1.35069964e-02+4.26352668e-03j],
          [-1.41585538e-02+3.89827979e-04j,
            4.45731398e-03-1.79277711e-01j,
            9.70446769e-01-4.26584628e-02j,
           -4.54365930e-02-1.48283035e-01j],
          [ 1.39456956e-05+7.45613849e-04j,
           -1.41585538e-02+3.89827979e-04j,
           -2.44357993e-02-1.53151018e-01j,
            9.05698036e-01-3.94281058e-01j]],
         input_dims=(2, 2), output_dims=(2, 2))"
"Operator([[ 9.05698036e-01-3.94281058e-01j,
           -1.39174998e-01+6.84299813e-02j,
            1.14861684e-02-8.28761402e-03j,
           -4.54773122e-04+5.91029527e-04j],
          [ 1.55088021e-01+2.19834106e-04j,
            9.70446769e-01-4.26584628e-02j,
           -1.72648440e-01+4.85065082e-02j,
            1.14861684e-02-8.28761402e-03j],
          [ 1.35653850e-02+4.07393448e-03j,
            1.76289654e-01+3.28986778e-02j,
            9.70446769e-01-4.26584628e-02j,
           -1.39174998e-01+6.84299813e-02j],
          [ 6.68156146e-04+3.31212710e-04j,
            1.35653850e-02+4.07393448e-03j,
            1.55088021e-01+2.19834106e-04j,
            9.05698036e-01-3.94281058e-01j]],
         input_dims=(2, 2), output_dims=(2, 2))"
"Operator([[ 9.05698036e-01-0.39428106j,  3.50208811e-02+0.15108236j,
           -1.39677146e-02+0.00234937j, -1.68104948e-04-0.00072655j],
          [ 3.50208811e-02+0.15108236j,  9.70446769e-01-0.04265846j,
            8.01347011e-03+0.17915398j, -1.39677146e-02+0.00234937j],
          [-1.39677146e-02+0.00234937j,  8.01347011e-03+0.17915398j,
            9.70446769e-01-0.04265846j,  3.50208811e-02+0.15108236j],
          [-1.68104948e-04-0.00072655j, -1.39677146e-02+0.00234937j,
            3.50208811e-02+0.15108236j,  9.05698036e-01-0.39428106j]],
         input_dims=(2, 2), output_dims=(2, 2))"
"Operator([[ 9.05698036e-01-0.39428106j,  3.50208811e-02+0.15108236j,
           -1.39677146e-02+0.00234937j, -1.68104948e-04-0.00072655j],
          [ 3.50208811e-02+0.15108236j,  9.70446769e-01-0.04265846j,
            8.01347011e-03+0.17915398j, -1.39677146e-02+0.00234937j],
          [-1.39677146e-02+0.00234937j,  8.01347011e-03+0.17915398j,
            9.70446769e-01-0.04265846j,  3.50208811e-02+0.15108236j],
          [-1.68104948e-04-0.00072655j, -1.39677146e-02+0.00234937j,
            3.50208811e-02+0.15108236j,  9.05698036e-01-0.39428106j]],
         input_dims=(2, 2), output_dims=(2, 2))"
"Operator([[ 9.05698036e-01-0.39428106j,  3.50208811e-02+0.15108236j,
           -1.39677146e-02+0.00234937j, -1.68104948e-04-0.00072655j],
          [ 3.50208811e-02+0.15108236j,  9.70446769e-01-0.04265846j,
            8.01347011e-03+0.17915398j, -1.39677146e-02+0.00234937j],
          [-1.39677146e-02+0.00234937j,  8.01347011e-03+0.17915398j,
            9.70446769e-01-0.04265846j,  3.50208811e-02+0.15108236j],
          [-1.68104948e-04-0.00072655j, -1.39677146e-02+0.00234937j,
            3.50208811e-02+0.15108236j,  9.05698036e-01-0.39428106j]],
         input_dims=(2, 2), output_dims=(2, 2))"
"Operator([[ 9.05698036e-01-0.39428106j, -9.05125566e-02+0.12593578j,
           -5.03044260e-04-0.01415498j,  5.43257214e-04+0.00051089j],
          [ 1.36688573e-01+0.07327057j,  9.70446769e-01-0.04265846j,
           -1.29424946e-01+0.1241352j , -5.03044260e-04-0.01415498j],
          [ 4.15537223e-03+0.01354066j,  1.39990932e-01+0.11208436j,
            9.70446769e-01-0.04265846j, -9.05125566e-02+0.12593578j],
          [-2.63647989e-04+0.00069758j,  4.15537223e-03+0.01354066j,
            1.36688573e-01+0.07327057j,  9.05698036e-01-0.39428106j]],
         input_dims=(2, 2), output_dims=(2, 2))"
"Operator([[ 9.05698036e-01-0.39428106j, -8.25005471e-02+0.13132404j,
           -2.25737723e-03-0.01398288j,  6.28686828e-04+0.00040111j],
          [ 1.31864271e-01+0.08163429j,  9.70446769e-01-0.04265846j,
           -1.21449569e-01+0.13194835j, -2.25737723e-03-0.01398288j],
          [ 2.44126937e-03+0.01395195j,  1.32744965e-01+0.12057835j,
            9.70446769e-01-0.04265846j, -8.25005471e-02+0.13132404j],
          [-3.88614701e-04+0.00063648j,  2.44126937e-03+0.01395195j,
            1.31864271e-01+0.08163429j,  9.05698036e-01-0.39428106j]],
         input_dims=(2, 2), output_dims=(2, 2))"
