unitary
"Operator([[ 0.46606054-0.80475878j, -0.35431716+0.04977526j,
            0.07510507+0.03696424j, -0.00826919-0.00756021j],
          [ 0.1893353 -0.30359574j,  0.82797394-0.07287338j,
           -0.39405064-0.13728571j,  0.07510507+0.03696424j],
          [ 0.02320964-0.08042661j,  0.35825685-0.21395163j,
            0.82797394-0.07287338j, -0.35431716+0.04977526j],
          [-0.00341134-0.01067235j,  0.02320964-0.08042661j,
            0.1893353 -0.30359574j,  0.46606054-0.80475878j]],
         input_dims=(2, 2), output_dims=(2, 2))"
"Operator([[ 0.46606054-0.80475878j, -0.20099134+0.29600795j,
            0.02938628-0.07838095j,  0.00214635+0.01099679j],
          [ 0.35211498-0.063508j  ,  0.82797394-0.07287338j,
           -0.3663013 +0.19986653j,  0.02938628-0.07838095j],
          [ 0.0777492 +0.03101915j,  0.39908847+0.12186743j,
            0.82797394-0.07287338j, -0.20099134+0.29600795j],
          [ 0.00909272+0.00654666j,  0.0777492 +0.03101915j,
            0.35211498-0.063508j  ,  0.46606054-0.80475878j]],
         input_dims=(2, 2), output_dims=(2, 2))"
"Operator([[ 0.46606054-0.80475878j, -0.13991267+0.32930635j,
           -0.00257568-0.08366894j,  0.00785553+0.00798918j],
          [ 0.35774886+0.0058292j ,  0.82797394-0.07287338j,
           -0.32070215+0.2669708j , -0.00257568-0.08366894j],
          [ 0.06014859+0.05821746j,  0.36796299+0.19679052j,
            0.82797394-0.07287338j, -0.13991267+0.32930635j],
          [ 0.00397395+0.01047588j,  0.06014859+0.05821746j,
            0.35774886+0.0058292j ,  0.46606054-0.80475878j]],
         input_dims=(2, 2), output_dims=(2, 2))"
"Operator([[ 0.46606054-0.80475878j,  0.19499364+0.29999284j,
           -0.07656107+0.03384565j, -0.00604401-0.00943431j],
          [ 0.19499364+0.29999284j,  0.82797394-0.07287338j,
            0.04230502+0.41513077j, -0.07656107+0.03384565j],
          [-0.07656107+0.03384565j,  0.04230502+0.41513077j,
            0.82797394-0.07287338j,  0.19499364+0.29999284j],
          [-0.00604401-0.00943431j, -0.07656107+0.03384565j,
            0.19499364+0.29999284j,  0.46606054-0.80475878j]],
         input_dims=(2, 2), output_dims=(2, 2))"
"Operator([[ 0.46606054-0.80475878j,  0.16068167-0.31968676j,
            0.00812279-0.08331354j, -0.00618717-0.00934105j],
          [-0.35738956+0.01705658j,  0.82797394-0.07287338j,
            0.3371156 -0.24591939j,  0.00812279-0.08331354j],
          [ 0.06708622+0.05006561j, -0.37979254-0.17286094j,
            0.82797394-0.07287338j,  0.16068167-0.31968676j],
          [-0.00589944-0.00952538j,  0.06708622+0.05006561j,
           -0.35738956+0.01705658j,  0.46606054-0.80475878j]],
         input_dims=(2, 2), output_dims=(2, 2))"
"Operator([[ 0.46606054-0.80475878j,  0.17607188-0.31147539j,
            0.01619576-0.08212688j, -0.00475961-0.0101431j ],
          [-0.35613351+0.03445507j,  0.82797394-0.07287338j,
            0.34870079-0.2291965j ,  0.01619576-0.08212688j],
          [ 0.07164198+0.04329611j, -0.38776622-0.15414485j,
            0.82797394-0.07287338j,  0.17607188-0.31147539j],
          [-0.0072248 -0.00856379j,  0.07164198+0.04329611j,
           -0.35613351+0.03445507j,  0.46606054-0.80475878j]],
         input_dims=(2, 2), output_dims=(2, 2))"
"Operator([[ 0.46606054-0.80475878j, -0.34281004+0.10246709j,
            0.08269729+0.01297243j, -0.01074285-0.00318235j],
          [ 0.23281766-0.27168762j,  0.82797394-0.07287338j,
           -0.41020919-0.07649634j,  0.08269729+0.01297243j],
          [ 0.04606401-0.06989444j,  0.3863457 -0.15767141j,
            0.82797394-0.07287338j, -0.34281004+0.10246709j],
          [ 0.00159971-0.01108951j,  0.04606401-0.06989444j,
            0.23281766-0.27168762j,  0.46606054-0.80475878j]],
         input_dims=(2, 2), output_dims=(2, 2))"
"Operator([[ 0.46606054-0.80475878j,  0.14201257-0.32840624j,
           -0.00150697-0.08369501j, -0.00770105-0.00813818j],
          [-0.35777879-0.00354471j,  0.82797394-0.07287338j,
            0.32240032-0.26491755j, -0.00150697-0.08369501j],
          [ 0.06088716+0.05744459j, -0.36921208-0.19443692j,
            0.82797394-0.07287338j,  0.14201257-0.32840624j],
          [-0.00417389-0.01039783j,  0.06088716+0.05744459j,
           -0.35777879-0.00354471j,  0.46606054-0.80475878j]],
         input_dims=(2, 2), output_dims=(2, 2))"
"Operator([[ 0.46606054-0.80475878j,  0.19499364+0.29999284j,
           -0.07656107+0.03384565j, -0.00604401-0.00943431j],
          [ 0.19499364+0.29999284j,  0.82797394-0.07287338j,
            0.04230502+0.41513077j, -0.07656107+0.03384565j],
          [-0.07656107+0.03384565j,  0.04230502+0.41513077j,
            0.82797394-0.07287338j,  0.19499364+0.29999284j],
          [-0.00604401-0.00943431j, -0.07656107+0.03384565j,
            0.19499364+0.29999284j,  0.46606054-0.80475878j]],
         input_dims=(2, 2), output_dims=(2, 2))"
"Operator([[ 0.46606054-0.80475878j,  0.19499364+0.29999284j,
           -0.07656107+0.03384565j, -0.00604401-0.00943431j],
          [ 0.19499364+0.29999284j,  0.82797394-0.07287338j,
            0.04230502+0.41513077j, -0.07656107+0.03384565j],
          [-0.07656107+0.03384565j,  0.04230502+0.41513077j,
            0.82797394-0.07287338j,  0.19499364+0.29999284j],
          [-0.00604401-0.00943431j, -0.07656107+0.03384565j,
            0.19499364+0.29999284j,  0.46606054-0.80475878j]],
         input_dims=(2, 2), output_dims=(2, 2))"
"Operator([[ 0.46606054-0.80475878j,  0.19499364+0.29999284j,
           -0.07656107+0.03384565j, -0.00604401-0.00943431j],
          [ 0.19499364+0.29999284j,  0.82797394-0.07287338j,
            0.04230502+0.41513077j, -0.07656107+0.03384565j],
          [-0.07656107+0.03384565j,  0.04230502+0.41513077j,
            0.82797394-0.07287338j,  0.19499364+0.29999284j],
          [-0.00604401-0.00943431j, -0.07656107+0.03384565j,
            0.19499364+0.29999284j,  0.46606054-0.80475878j]],
         input_dims=(2, 2), output_dims=(2, 2))"
