unitary
"Operator([[-1.54237267e-04-0.86654891j,  1.16428384e-01+0.45460746j,
           -1.36530459e-01-0.09543289j,  2.80191338e-02-0.01834074j],
          [ 4.66919970e-01+0.04700268j,  6.63892045e-01-0.04981138j,
           -2.57840887e-01+0.49225272j, -1.36530459e-01-0.09543289j],
          [ 4.26079076e-02+0.16103592j,  3.73565591e-01+0.41139205j,
            6.63892045e-01-0.04981138j,  1.16428384e-01+0.45460746j],
          [-1.52722223e-02+0.02980292j,  4.26079076e-02+0.16103592j,
            4.66919970e-01+0.04700268j, -1.54237267e-04-0.86654891j]],
         input_dims=(2, 2), output_dims=(2, 2))"
"Operator([[-1.54237267e-04-0.86654891j, -9.13644397e-02+0.46029996j,
           -1.12237399e-02-0.16619877j,  2.42642917e-02+0.02308027j],
          [ 4.41415670e-01-0.15929757j,  6.63892045e-01-0.04981138j,
           -4.45176958e-01+0.33258404j, -1.12237399e-02-0.16619877j],
          [ 1.52180247e-01+0.06774345j,  5.14620156e-01+0.20966822j,
            6.63892045e-01-0.04981138j, -9.13644397e-02+0.46029996j],
          [ 2.55187318e-02+0.02168522j,  1.52180247e-01+0.06774345j,
            4.41415670e-01-0.15929757j, -1.54237267e-04-0.86654891j]],
         input_dims=(2, 2), output_dims=(2, 2))"
"Operator([[-1.54237267e-04-0.86654891j, -1.08831741e-01+0.45648566j,
            1.46122978e-03-0.16657091j,  2.14735587e-02+0.0256971j ],
          [ 4.35027395e-01-0.17599624j,  6.63892045e-01-0.04981138j,
           -4.57522563e-01+0.31538512j,  1.46122978e-03-0.16657091j],
          [ 1.56895807e-01+0.05596166j,  5.22233289e-01+0.1899133j ,
            6.63892045e-01-0.04981138j, -1.08831741e-01+0.45648566j],
          [ 2.78254978e-02+0.0186332j ,  1.56895807e-01+0.05596166j,
            4.35027395e-01-0.17599624j, -1.54237267e-04-0.86654891j]],
         input_dims=(2, 2), output_dims=(2, 2))"
"Operator([[-1.54237267e-04-0.86654891j,  3.55821921e-01+0.30596449j,
           -1.36562893e-01+0.09538647j, -2.49012830e-02-0.02239153j],
          [ 3.55821921e-01+0.30596449j,  6.63892045e-01-0.04981138j,
            7.05879882e-02+0.55119144j, -1.36562893e-01+0.09538647j],
          [-1.36562893e-01+0.09538647j,  7.05879882e-02+0.55119144j,
            6.63892045e-01-0.04981138j,  3.55821921e-01+0.30596449j],
          [-2.49012830e-02-0.02239153j, -1.36562893e-01+0.09538647j,
            3.55821921e-01+0.30596449j, -1.54237267e-04-0.86654891j]],
         input_dims=(2, 2), output_dims=(2, 2))"
"Operator([[-1.54237267e-04-0.86654891j, -3.97800166e-01-0.24895489j,
           -1.02009787e-01+0.13168905j,  3.21898849e-02+0.00923396j],
          [-3.05745201e-01-0.35601037j,  6.63892045e-01-0.04981138j,
           -1.52702670e-01-0.53430007j, -1.02009787e-01+0.13168905j],
          [-1.58754103e-01+0.05044935j,  1.31332701e-02-0.55553774j,
            6.63892045e-01-0.04981138j, -3.97800166e-01-0.24895489j],
          [ 1.25890237e-02+0.03103178j, -1.58754103e-01+0.05044935j,
           -3.05745201e-01-0.35601037j, -1.54237267e-04-0.86654891j]],
         input_dims=(2, 2), output_dims=(2, 2))"
"Operator([[-1.54237267e-04-0.86654891j, -3.37084308e-01+0.326493j  ,
            1.51593465e-01-0.06904653j, -2.82845645e-02+0.01792869j],
          [ 2.72304094e-01-0.38219627j,  6.63892045e-01-0.04981138j,
           -5.55328581e-01+0.02012053j,  1.51593465e-01-0.06904653j],
          [ 1.17005931e-01-0.11856481j,  5.42477475e-01-0.12046932j,
            6.63892045e-01-0.04981138j, -3.37084308e-01+0.326493j  ],
          [ 1.48343964e-02-0.03002325j,  1.17005931e-01-0.11856481j,
            2.72304094e-01-0.38219627j, -1.54237267e-04-0.86654891j]],
         input_dims=(2, 2), output_dims=(2, 2))"
"Operator([[-1.54237267e-04-0.86654891j, -4.58878249e-01+0.09825611j,
            1.28513646e-01+0.10598228j, -1.48742909e-02-0.0300035j ],
          [ 2.83956464e-02-0.46841989j,  6.63892045e-01-0.04981138j,
           -4.81608693e-01-0.27721424j,  1.28513646e-01+0.10598228j],
          [-5.52720836e-02-0.15714006j,  3.96209511e-01-0.38963148j,
            6.63892045e-01-0.04981138j, -4.58878249e-01+0.09825611j],
          [-3.14092554e-02-0.01161522j, -5.52720836e-02-0.15714006j,
            2.83956464e-02-0.46841989j, -1.54237267e-04-0.86654891j]],
         input_dims=(2, 2), output_dims=(2, 2))"
"Operator([[-1.54237267e-04-0.86654891j,  4.60986769e-01-0.08783341j,
            1.23580134e-01+0.1116958j ,  1.28018325e-02+0.03094459j],
          [-1.77746931e-02+0.46894303j,  6.63892045e-01-0.04981138j,
            4.75203805e-01+0.28805557j,  1.23580134e-01+0.1116958j ],
          [-6.23345981e-02-0.15447459j, -3.87279350e-01+0.39850894j,
            6.63892045e-01-0.04981138j,  4.60986769e-01-0.08783341j],
          [ 3.21257132e-02+0.0094548j , -6.23345981e-02-0.15447459j,
           -1.77746931e-02+0.46894303j, -1.54237267e-04-0.86654891j]],
         input_dims=(2, 2), output_dims=(2, 2))"
"Operator([[-1.54237267e-04-0.86654891j,  3.55821921e-01+0.30596449j,
           -1.36562893e-01+0.09538647j, -2.49012830e-02-0.02239153j],
          [ 3.55821921e-01+0.30596449j,  6.63892045e-01-0.04981138j,
            7.05879882e-02+0.55119144j, -1.36562893e-01+0.09538647j],
          [-1.36562893e-01+0.09538647j,  7.05879882e-02+0.55119144j,
            6.63892045e-01-0.04981138j,  3.55821921e-01+0.30596449j],
          [-2.49012830e-02-0.02239153j, -1.36562893e-01+0.09538647j,
            3.55821921e-01+0.30596449j, -1.54237267e-04-0.86654891j]],
         input_dims=(2, 2), output_dims=(2, 2))"
