unitary
"Operator([[ 0.73918452-0.62203735j,  0.09630391+0.23623503j,
           -0.03819977+0.01106408j, -0.00133901-0.0033034j ],
          [ 0.09630391+0.23623503j,  0.91747958-0.06370022j,
            0.02164458+0.29502872j, -0.03819977+0.01106408j],
          [-0.03819977+0.01106408j,  0.02164458+0.29502872j,
            0.91747958-0.06370022j,  0.09630391+0.23623503j],
          [-0.00133901-0.0033034j , -0.03819977+0.01106408j,
            0.09630391+0.23623503j,  0.73918452-0.62203735j]],
         input_dims=(2, 2), output_dims=(2, 2))"
"Operator([[ 0.73918452-0.62203735j,  0.09630391+0.23623503j,
           -0.03819977+0.01106408j, -0.00133901-0.0033034j ],
          [ 0.09630391+0.23623503j,  0.91747958-0.06370022j,
            0.02164458+0.29502872j, -0.03819977+0.01106408j],
          [-0.03819977+0.01106408j,  0.02164458+0.29502872j,
            0.91747958-0.06370022j,  0.09630391+0.23623503j],
          [-0.00133901-0.0033034j , -0.03819977+0.01106408j,
            0.09630391+0.23623503j,  0.73918452-0.62203735j]],
         input_dims=(2, 2), output_dims=(2, 2))"
"Operator([[ 7.39184522e-01-0.62203735j,  2.41450658e-01+0.08235904j,
            1.62558328e-02+0.03629579j, -6.78625114e-04+0.00349927j],
          [-1.15054607e-01+0.22769249j,  9.17479581e-01-0.06370022j,
            2.36819716e-01+0.17727621j,  1.62558328e-02+0.03629579j],
          [-5.65841775e-03-0.0393652j , -2.08411844e-01+0.20994031j,
            9.17479581e-01-0.06370022j,  2.41450658e-01+0.08235904j],
          [ 2.92358022e-03+0.00203914j, -5.65841775e-03-0.0393652j ,
           -1.15054607e-01+0.22769249j,  7.39184522e-01-0.62203735j]],
         input_dims=(2, 2), output_dims=(2, 2))"
"Operator([[ 0.73918452-0.62203735j,  0.09630391+0.23623503j,
           -0.03819977+0.01106408j, -0.00133901-0.0033034j ],
          [ 0.09630391+0.23623503j,  0.91747958-0.06370022j,
            0.02164458+0.29502872j, -0.03819977+0.01106408j],
          [-0.03819977+0.01106408j,  0.02164458+0.29502872j,
            0.91747958-0.06370022j,  0.09630391+0.23623503j],
          [-0.00133901-0.0033034j , -0.03819977+0.01106408j,
            0.09630391+0.23623503j,  0.73918452-0.62203735j]],
         input_dims=(2, 2), output_dims=(2, 2))"
"Operator([[ 0.73918452-0.62203735j,  0.09630391+0.23623503j,
           -0.03819977+0.01106408j, -0.00133901-0.0033034j ],
          [ 0.09630391+0.23623503j,  0.91747958-0.06370022j,
            0.02164458+0.29502872j, -0.03819977+0.01106408j],
          [-0.03819977+0.01106408j,  0.02164458+0.29502872j,
            0.91747958-0.06370022j,  0.09630391+0.23623503j],
          [-0.00133901-0.0033034j , -0.03819977+0.01106408j,
            0.09630391+0.23623503j,  0.73918452-0.62203735j]],
         input_dims=(2, 2), output_dims=(2, 2))"
"Operator([[ 0.73918452-6.22037353e-01j,  0.24994802-5.10629132e-02j,
            0.0396116 +3.54363423e-03j,  0.00351211+6.08712245e-04j],
          [-0.2144101 +1.38237982e-01j,  0.91747958-6.37002210e-02j,
            0.29395693+3.31625533e-02j,  0.0396116 +3.54363423e-03j],
          [ 0.0315861 -2.41651516e-02j, -0.28596968+7.57084675e-02j,
            0.91747958-6.37002210e-02j,  0.24994802-5.10629132e-02j],
          [-0.00209703+2.88233698e-03j,  0.0315861 -2.41651516e-02j,
           -0.2144101 +1.38237982e-01j,  0.73918452-6.22037353e-01j]],
         input_dims=(2, 2), output_dims=(2, 2))"
"Operator([[ 7.39184522e-01-0.62203735j,  2.54627729e-01-0.01568922j,
            3.70901409e-02+0.01435123j,  2.95875952e-03+0.00198775j],
          [-1.93025058e-01+0.16680156j,  9.17479581e-01-0.06370022j,
            2.86454532e-01+0.07385277j,  3.70901409e-02+0.01435123j],
          [ 2.36789295e-02-0.03195222j, -2.72609157e-01+0.11486809j,
            9.17479581e-01-0.06370022j,  2.54627729e-01-0.01568922j],
          [-7.39656737e-04+0.00348688j,  2.36789295e-02-0.03195222j,
           -1.93025058e-01+0.16680156j,  7.39184522e-01-0.62203735j]],
         input_dims=(2, 2), output_dims=(2, 2))"
"Operator([[ 0.73918452-0.62203735j,  0.19789816+0.16098991j,
           -0.01126946+0.03813968j, -0.00338724+0.00110996j],
          [-0.02894143+0.25346366j,  0.91747958-0.06370022j,
            0.16063423+0.24840909j, -0.01126946+0.03813968j],
          [-0.02990841-0.02621303j, -0.12266073+0.26919283j,
            0.91747958-0.06370022j,  0.19789816+0.16098991j],
          [ 0.0032041 -0.00156179j, -0.02990841-0.02621303j,
           -0.02894143+0.25346366j,  0.73918452-0.62203735j]],
         input_dims=(2, 2), output_dims=(2, 2))"
"Operator([[ 0.73918452-0.62203735j, -0.09334539-0.23741961j,
           -0.03846425+0.01010633j,  0.0012143 +0.00335125j],
          [-0.0992474 -0.23501358j,  0.91747958-0.06370022j,
           -0.01795744-0.29527608j, -0.03846425+0.01010633j],
          [-0.03791145+0.01201492j, -0.02532834-0.29473532j,
            0.91747958-0.06370022j, -0.09334539-0.23741961j],
          [ 0.00146184+0.00325091j, -0.03791145+0.01201492j,
           -0.0992474 -0.23501358j,  0.73918452-0.62203735j]],
         input_dims=(2, 2), output_dims=(2, 2))"
"Operator([[ 0.73918452-6.22037353e-01j,  0.01298849-2.54779770e-01j,
           -0.03295457-2.22628061e-02j, -0.00285518+2.13386504e-03j],
          [-0.18741212-1.73084168e-01j,  0.91747958-6.37002210e-02j,
            0.10553685-2.76355576e-01j, -0.03295457-2.22628061e-02j],
          [-0.01595525+3.64289202e-02j, -0.14473906-2.57994257e-01j,
            0.91747958-6.37002210e-02j,  0.01298849-2.54779770e-01j],
          [ 0.00353513-4.56399065e-04j, -0.01595525+3.64289202e-02j,
           -0.18741212-1.73084168e-01j,  0.73918452-6.22037353e-01j]],
         input_dims=(2, 2), output_dims=(2, 2))"
"Operator([[ 0.73918452-6.22037353e-01j,  0.06794672-2.45895658e-01j,
           -0.02042456-3.41243863e-02j, -0.00356411-5.05029678e-05j],
          [-0.22049549-1.28308894e-01j,  0.91747958-6.37002210e-02j,
            0.16297167-2.46881885e-01j, -0.02042456-3.41243863e-02j],
          [ 0.0009745 +3.97578501e-02j, -0.19725744-2.20453925e-01j,
            0.91747958-6.37002210e-02j,  0.06794672-2.45895658e-01j],
          [ 0.00252303-2.51788178e-03j,  0.0009745 +3.97578501e-02j,
           -0.22049549-1.28308894e-01j,  0.73918452-6.22037353e-01j]],
         input_dims=(2, 2), output_dims=(2, 2))"
"Operator([[ 7.39184522e-01-0.62203735j,  1.14619809e-01-0.22791167j,
           -5.80864598e-03-0.03934331j, -2.93520833e-03-0.00202237j],
          [-2.41293023e-01-0.08281974j,  9.17479581e-01-0.06370022j,
            2.08010760e-01-0.21033772j, -5.80864598e-03-0.03934331j],
          [ 1.61171618e-02+0.03635758j, -2.36480924e-01-0.17772789j,
            9.17479581e-01-0.06370022j,  1.14619809e-01-0.22791167j],
          [ 6.98650659e-04-0.00349533j,  1.61171618e-02+0.03635758j,
           -2.41293023e-01-0.08281974j,  7.39184522e-01-0.62203735j]],
         input_dims=(2, 2), output_dims=(2, 2))"
"Operator([[ 0.73918452-0.62203735j,  0.15628957-0.20163086j,
            0.00946293-0.03862757j, -0.00134609-0.00330052j],
          [-0.25271263-0.03489644j,  0.91747958-0.06370022j,
            0.24456123-0.16643388j,  0.00946293-0.03862757j],
          [ 0.02864227+0.02759088j, -0.26623259-0.12895984j,
            0.91747958-0.06370022j,  0.15628957-0.20163086j],
          [-0.00133193-0.00330626j,  0.02864227+0.02759088j,
           -0.25271263-0.03489644j,  0.73918452-0.62203735j]],
         input_dims=(2, 2), output_dims=(2, 2))"
