unitary
"Operator([[ 9.20523801e-01-0.36357189j,  2.95292899e-02+0.13941656j,
           -1.17829369e-02+0.00181407j, -1.18990440e-04-0.00056265j],
          [ 2.95292899e-02+0.13941656j,  9.75113011e-01-0.03950844j,
            6.76696943e-03+0.16461113j, -1.17829369e-02+0.00181407j],
          [-1.17829369e-02+0.00181407j,  6.76696943e-03+0.16461113j,
            9.75113011e-01-0.03950844j,  2.95292899e-02+0.13941656j],
          [-1.18990440e-04-0.00056265j, -1.17829369e-02+0.00181407j,
            2.95292899e-02+0.13941656j,  9.20523801e-01-0.36357189j]],
         input_dims=(2, 2), output_dims=(2, 2))"
"Operator([[ 9.20523801e-01-3.63571888e-01j,
            1.27928581e-01-6.27951678e-02j,
            9.50560562e-03-7.19526923e-03j,
            3.33973677e-04-4.68185349e-04j],
          [-1.42401864e-01-5.53750520e-03j,
            9.75113011e-01-3.95084415e-02j,
            1.57933158e-01-4.69013026e-02j,
            9.50560562e-03-7.19526923e-03j],
          [ 1.12296475e-02+4.00293084e-03j,
           -1.61249874e-01-3.37800642e-02j,
            9.75113011e-01-3.95084415e-02j,
            1.27928581e-01-6.27951678e-02j],
          [-4.94926628e-04-2.92888325e-04j,
            1.12296475e-02+4.00293084e-03j,
           -1.42401864e-01-5.53750520e-03j,
            9.20523801e-01-3.63571888e-01j]],
         input_dims=(2, 2), output_dims=(2, 2))"
"Operator([[ 9.20523801e-01-0.36357189j,  1.15740286e-01-0.0831453j ,
            6.62857684e-03-0.00990911j,  6.86677271e-05-0.00057098j],
          [-1.39510634e-01-0.02908158j,  9.75113011e-01-0.03950844j,
            1.47965589e-01-0.0724486j ,  6.62857684e-03-0.00990911j],
          [ 9.30212878e-03+0.00745646j, -1.53412832e-01-0.06005929j,
            9.75113011e-01-0.03950844j,  1.15740286e-01-0.0831453j ],
          [-2.93953962e-04-0.00049429j,  9.30212878e-03+0.00745646j,
           -1.39510634e-01-0.02908158j,  9.20523801e-01-0.36357189j]],
         input_dims=(2, 2), output_dims=(2, 2))"
"Operator([[ 9.20523801e-01-0.36357189j,  2.95292899e-02+0.13941656j,
           -1.17829369e-02+0.00181407j, -1.18990440e-04-0.00056265j],
          [ 2.95292899e-02+0.13941656j,  9.75113011e-01-0.03950844j,
            6.76696943e-03+0.16461113j, -1.17829369e-02+0.00181407j],
          [-1.17829369e-02+0.00181407j,  6.76696943e-03+0.16461113j,
            9.75113011e-01-0.03950844j,  2.95292899e-02+0.13941656j],
          [-1.18990440e-04-0.00056265j, -1.17829369e-02+0.00181407j,
            2.95292899e-02+0.13941656j,  9.20523801e-01-0.36357189j]],
         input_dims=(2, 2), output_dims=(2, 2))"
"Operator([[ 9.20523801e-01-3.63571888e-01j,
            7.09176639e-02-1.23610840e-01j,
           -3.11519056e-03-1.15075638e-02j,
           -5.27532267e-04-2.29010142e-04j],
          [-1.14942705e-01-8.42444632e-02j,
            9.75113011e-01-3.95084415e-02j,
            1.04679584e-01-1.27219493e-01j,
           -3.11519056e-03-1.15075638e-02j],
          [ 4.90366209e-04+1.19116740e-02j,
           -1.14768418e-01-1.18198244e-01j,
            9.75113011e-01-3.95084415e-02j,
            7.09176639e-02-1.23610840e-01j],
          [ 3.89649098e-04-4.22976971e-04j,
            4.90366209e-04+1.19116740e-02j,
           -1.14942705e-01-8.42444632e-02j,
            9.20523801e-01-3.63571888e-01j]],
         input_dims=(2, 2), output_dims=(2, 2))"
"Operator([[ 9.20523801e-01-0.36357189j,  2.95292899e-02+0.13941656j,
           -1.17829369e-02+0.00181407j, -1.18990440e-04-0.00056265j],
          [ 2.95292899e-02+0.13941656j,  9.75113011e-01-0.03950844j,
            6.76696943e-03+0.16461113j, -1.17829369e-02+0.00181407j],
          [-1.17829369e-02+0.00181407j,  6.76696943e-03+0.16461113j,
            9.75113011e-01-0.03950844j,  2.95292899e-02+0.13941656j],
          [-1.18990440e-04-0.00056265j, -1.17829369e-02+0.00181407j,
            2.95292899e-02+0.13941656j,  9.20523801e-01-0.36357189j]],
         input_dims=(2, 2), output_dims=(2, 2))"
"Operator([[ 9.20523801e-01-3.63571888e-01j,
            9.90137107e-03-1.42165107e-01j,
           -1.09631624e-02-4.68374932e-03j,
           -3.37120347e-04+4.65924682e-04j],
          [-6.66883155e-02-1.25942937e-01j,
            9.75113011e-01-3.95084415e-02j,
            3.87085866e-02-1.60138253e-01j,
           -1.09631624e-02-4.68374932e-03j],
          [-9.04668116e-03+7.76440580e-03j,
           -5.17219546e-02-1.56420760e-01j,
            9.75113011e-01-3.95084415e-02j,
            9.90137107e-03-1.42165107e-01j],
          [ 4.96888638e-04+2.89547267e-04j,
           -9.04668116e-03+7.76440580e-03j,
           -6.66883155e-02-1.25942937e-01j,
            9.20523801e-01-3.63571888e-01j]],
         input_dims=(2, 2), output_dims=(2, 2))"
"Operator([[ 9.20523801e-01-0.36357189j, -2.49822883e-04-0.14250927j,
           -1.15174503e-02-0.00307844j, -2.30553882e-04+0.00052686j],
          [-5.75483511e-02-0.13037309j,  9.75113011e-01-0.03950844j,
            2.72040456e-02-0.16248863j, -1.15174503e-02-0.00307844j],
          [-1.00581544e-02+0.00640015j, -4.04491482e-02-0.15970749j,
            9.75113011e-01-0.03950844j, -2.49822883e-04-0.14250927j],
          [ 4.24116130e-04+0.00038841j, -1.00581544e-02+0.00640015j,
           -5.75483511e-02-0.13037309j,  9.20523801e-01-0.36357189j]],
         input_dims=(2, 2), output_dims=(2, 2))"
"Operator([[ 9.20523801e-01-3.63571888e-01j,
            6.44629151e-03-1.42363620e-01j,
           -1.11776351e-02-4.14595126e-03j,
           -3.02310926e-04+4.89228006e-04j],
          [-6.36104101e-02-1.27525176e-01j,
            9.75113011e-01-3.95084415e-02j,
            3.48085752e-02-1.61030984e-01j,
           -1.11776351e-02-4.14595126e-03j],
          [-9.41298346e-03+7.31602214e-03j,
           -4.79083769e-02-1.57630588e-01j,
            9.75113011e-01-3.95084415e-02j,
            6.44629151e-03-1.42363620e-01j],
          [ 4.74494071e-04+3.24948172e-04j,
           -9.41298346e-03+7.31602214e-03j,
           -6.36104101e-02-1.27525176e-01j,
            9.20523801e-01-3.63571888e-01j]],
         input_dims=(2, 2), output_dims=(2, 2))"
"Operator([[ 9.20523801e-01-3.63571888e-01j,
            2.36695031e-02-1.40530102e-01j,
           -9.85012461e-03-6.71591264e-03j,
           -4.56970694e-04+3.49161457e-04j],
          [-7.86112881e-02-1.18866397e-01j,
            9.75113011e-01-3.95084415e-02j,
            5.40869339e-02-1.55618824e-01j,
           -9.85012461e-03-6.71591264e-03j],
          [-7.37394227e-03+9.36767916e-03j,
           -6.66774628e-02-1.50654342e-01j,
            9.75113011e-01-3.95084415e-02j,
            2.36695031e-02-1.40530102e-01j],
          [ 5.59205172e-04+1.34259128e-04j,
           -7.37394227e-03+9.36767916e-03j,
           -7.86112881e-02-1.18866397e-01j,
            9.20523801e-01-3.63571888e-01j]],
         input_dims=(2, 2), output_dims=(2, 2))"
"Operator([[ 9.20523801e-01-3.63571888e-01j,
            4.80565609e-02-1.34162297e-01j,
           -6.90942523e-03-9.71536312e-03j,
           -5.70880041e-04+6.95119941e-05j],
          [-9.83225327e-02-1.03158298e-01j,
            9.75113011e-01-3.95084415e-02j,
            8.06564406e-02-1.43656372e-01j,
           -6.90942523e-03-9.71536312e-03j],
          [-3.66723184e-03+1.13437140e-02j,
           -9.21754542e-02-1.36551457e-01j,
            9.75113011e-01-3.95084415e-02j,
            4.80565609e-02-1.34162297e-01j],
          [ 5.50143913e-04-1.67563758e-04j,
           -3.66723184e-03+1.13437140e-02j,
           -9.83225327e-02-1.03158298e-01j,
            9.20523801e-01-3.63571888e-01j]],
         input_dims=(2, 2), output_dims=(2, 2))"
"Operator([[ 9.20523801e-01-3.63571888e-01j,
            7.88541649e-02-1.18705415e-01j,
           -1.58574362e-03-1.18158307e-02j,
           -4.72686719e-04-3.27571677e-04j],
          [-1.20208909e-01-7.65426232e-02j,
            9.75113011e-01-3.95084415e-02j,
            1.12779860e-01-1.20097119e-01j,
           -1.58574362e-03-1.18158307e-02j],
          [ 2.04170958e-03+1.17456315e-02j,
           -1.22256765e-01-1.10435040e-01j,
            9.75113011e-01-3.95084415e-02j,
            7.88541649e-02-1.18705415e-01j],
          [ 2.99596178e-04-4.90895170e-04j,
            2.04170958e-03+1.17456315e-02j,
           -1.20208909e-01-7.65426232e-02j,
            9.20523801e-01-3.63571888e-01j]],
         input_dims=(2, 2), output_dims=(2, 2))"
