unitary
"Operator([[ 8.01463222e-01-0.55388377j,  1.81733171e-01-0.13011977j,
            2.05945013e-02-0.0219498j ,  8.60527078e-04-0.00216818j],
          [-2.23250288e-01+0.01083548j,  9.37415224e-01-0.05797781j,
            2.43136614e-01-0.08894848j,  2.05945013e-02-0.0219498j ],
          [ 2.84889683e-02+0.00971113j, -2.52533024e-01-0.05704662j,
            9.37415224e-01-0.05797781j,  1.81733171e-01-0.13011977j],
          [-2.01775687e-03-0.00117054j,  2.84889683e-02+0.00971113j,
           -2.23250288e-01+0.01083548j,  8.01463222e-01-0.55388377j]],
         input_dims=(2, 2), output_dims=(2, 2))"
"Operator([[ 8.01463222e-01-0.55388377j, -3.12161785e-02-0.2213225j ,
           -2.97815667e-02-0.00435724j, -5.78939475e-04+0.00225972j],
          [-1.12946427e-01-0.19287613j,  9.37415224e-01-0.05797781j,
            3.37019885e-02-0.25669324j, -2.97815667e-02-0.00435724j],
          [-2.42494187e-02+0.01782955j, -6.63297585e-02-0.25025509j,
            9.37415224e-01-0.05797781j, -3.12161785e-02-0.2213225j ],
          [ 1.85322348e-03+0.00141671j, -2.42494187e-02+0.01782955j,
           -1.12946427e-01-0.19287613j,  8.01463222e-01-0.55388377j]],
         input_dims=(2, 2), output_dims=(2, 2))"
"Operator([[ 8.01463222e-01-0.55388377j,  7.34711723e-02+0.2110926j ,
           -2.92044575e-02+0.00728196j, -7.63947885e-04-0.00220406j],
          [ 7.34711723e-02+0.2110926j ,  9.37415224e-01-0.05797781j,
            1.66284488e-02+0.25836164j, -2.92044575e-02+0.00728196j],
          [-2.92044575e-02+0.00728196j,  1.66284488e-02+0.25836164j,
            9.37415224e-01-0.05797781j,  7.34711723e-02+0.2110926j ],
          [-7.63947885e-04-0.00220406j, -2.92044575e-02+0.00728196j,
            7.34711723e-02+0.2110926j ,  8.01463222e-01-0.55388377j]],
         input_dims=(2, 2), output_dims=(2, 2))"
"Operator([[ 8.01463222e-01-0.55388377j, -2.23456508e-01+0.00502871j,
            2.79457836e-02+0.01117857j, -1.92042579e-03-0.00132419j],
          [ 1.78289466e-01-0.13479972j,  9.37415224e-01-0.05797781j,
           -2.50964840e-01-0.06359162j,  2.79457836e-02+0.01117857j],
          [ 1.94259421e-02-0.02299043j,  2.40742357e-01-0.09523845j,
            9.37415224e-01-0.05797781j, -2.23456508e-01+0.00502871j],
          [ 6.88986574e-04-0.00222863j,  1.94259421e-02-0.02299043j,
            1.78289466e-01-0.13479972j,  8.01463222e-01-0.55388377j]],
         input_dims=(2, 2), output_dims=(2, 2))"
"Operator([[ 8.01463222e-01-0.55388377j, -2.15983087e-01-0.05752743j,
            1.76024424e-02+0.02441478j, -2.76260633e-04-0.00231629j],
          [ 1.33590637e-01-0.17919721j,  9.37415224e-01-0.05797781j,
           -2.23249905e-01-0.13109815j,  1.76024424e-02+0.02441478j],
          [ 4.07908445e-03-0.02982094j,  2.04602338e-01-0.1586352j ,
            9.37415224e-01-0.05797781j, -2.15983087e-01-0.05752743j],
          [-1.21647610e-03-0.0019904j ,  4.07908445e-03-0.02982094j,
            1.33590637e-01-0.17919721j,  8.01463222e-01-0.55388377j]],
         input_dims=(2, 2), output_dims=(2, 2))"
"Operator([[ 8.01463222e-01-0.55388377j, -2.18641841e-01-0.04640953j,
            2.00036809e-02+0.02248955j, -6.27053596e-04-0.00224684j],
          [ 1.42577812e-01-0.1721327j ,  9.37415224e-01-0.05797781j,
           -2.29660637e-01-0.11951249j,  2.00036809e-02+0.02248955j],
          [ 7.10310683e-03-0.02924847j,  2.12445357e-01-0.14796694j,
            9.37415224e-01-0.05797781j, -2.18641841e-01-0.04640953j],
          [-8.97954242e-04-0.00215295j,  7.10310683e-03-0.02924847j,
            1.42577812e-01-0.1721327j ,  8.01463222e-01-0.55388377j]],
         input_dims=(2, 2), output_dims=(2, 2))"
"Operator([[ 8.01463222e-01-0.55388377j, -2.05626538e-01-0.08761179j,
            1.00296688e-02+0.02837839j,  7.08730186e-04-0.00222243j],
          [ 1.06793098e-01-0.19635003j,  9.37415224e-01-0.05797781j,
           -2.02373498e-01-0.16146892j,  1.00296688e-02+0.02837839j],
          [-4.46808003e-03-0.02976514j,  1.80004904e-01-0.18607923j,
            9.37415224e-01-0.05797781j, -2.05626538e-01-0.08761179j],
          [-1.93209738e-03-0.0013071j , -4.46808003e-03-0.02976514j,
            1.06793098e-01-0.19635003j,  8.01463222e-01-0.55388377j]],
         input_dims=(2, 2), output_dims=(2, 2))"
"Operator([[ 0.80146322-5.53883774e-01j,  0.05085257-2.17651361e-01j,
           -0.01907127-2.32854852e-02j, -0.00228094+4.88687674e-04j],
          [-0.17500062-1.39042739e-01j,  0.93741522-5.79778138e-02j,
            0.12416478-2.27179121e-01j, -0.01907127-2.32854852e-02j],
          [-0.00590616+2.95134631e-02j, -0.15226273-2.09387933e-01j,
            0.93741522-5.79778138e-02j,  0.05085257-2.17651361e-01j],
          [ 0.0020941 -1.02774102e-03j, -0.00590616+2.95134631e-02j,
           -0.17500062-1.39042739e-01j,  0.80146322-5.53883774e-01j]],
         input_dims=(2, 2), output_dims=(2, 2))"
"Operator([[ 8.01463222e-01-0.55388377j,  7.34711723e-02+0.2110926j ,
           -2.92044575e-02+0.00728196j, -7.63947885e-04-0.00220406j],
          [ 7.34711723e-02+0.2110926j ,  9.37415224e-01-0.05797781j,
            1.66284488e-02+0.25836164j, -2.92044575e-02+0.00728196j],
          [-2.92044575e-02+0.00728196j,  1.66284488e-02+0.25836164j,
            9.37415224e-01-0.05797781j,  7.34711723e-02+0.2110926j ],
          [-7.63947885e-04-0.00220406j, -2.92044575e-02+0.00728196j,
            7.34711723e-02+0.2110926j ,  8.01463222e-01-0.55388377j]],
         input_dims=(2, 2), output_dims=(2, 2))"
"Operator([[ 8.01463222e-01-0.55388377j,  2.02537234e-01+0.09453448j,
            8.08300741e-03+0.02899297j, -9.30814848e-04+0.00213895j],
          [-1.00073176e-01+0.1998586j ,  9.37415224e-01-0.05797781j,
            1.96781468e-01+0.16823881j,  8.08300741e-03+0.02899297j],
          [-6.47539620e-03-0.02939382j, -1.73591171e-01+0.19207642j,
            9.37415224e-01-0.05797781j,  2.02537234e-01+0.09453448j],
          [ 2.05487623e-03+0.00110408j, -6.47539620e-03-0.02939382j,
           -1.00073176e-01+0.1998586j ,  8.01463222e-01-0.55388377j]],
         input_dims=(2, 2), output_dims=(2, 2))"
"Operator([[ 8.01463222e-01-0.55388377j,  2.14746247e-01+0.06198506j,
            1.65770095e-02+0.0251223j ,  1.31997643e-04+0.00232897j],
          [-1.29853381e-01+0.18192361j,  9.37415224e-01-0.05797781j,
            2.20488898e-01+0.13569042j,  1.65770095e-02+0.0251223j ],
          [ 2.84151362e-03-0.0299642j , -2.01275421e-01+0.16283565j,
            9.37415224e-01-0.05797781j,  2.14746247e-01+0.06198506j],
          [ 1.33764044e-03+0.00191108j,  2.84151362e-03-0.0299642j ,
           -1.29853381e-01+0.18192361j,  8.01463222e-01-0.55388377j]],
         input_dims=(2, 2), output_dims=(2, 2))"
"Operator([[ 8.01463222e-01-0.55388377j,  7.34711723e-02+0.2110926j ,
           -2.92044575e-02+0.00728196j, -7.63947885e-04-0.00220406j],
          [ 7.34711723e-02+0.2110926j ,  9.37415224e-01-0.05797781j,
            1.66284488e-02+0.25836164j, -2.92044575e-02+0.00728196j],
          [-2.92044575e-02+0.00728196j,  1.66284488e-02+0.25836164j,
            9.37415224e-01-0.05797781j,  7.34711723e-02+0.2110926j ],
          [-7.63947885e-04-0.00220406j, -2.92044575e-02+0.00728196j,
            7.34711723e-02+0.2110926j ,  8.01463222e-01-0.55388377j]],
         input_dims=(2, 2), output_dims=(2, 2))"
"Operator([[ 0.80146322-5.53883774e-01j,  0.17802128+1.35153697e-01j,
           -0.00460037+2.97449804e-02j, -0.00202165+1.16380758e-03j],
          [-0.05563513+2.16478246e-01j,  0.93741522-5.79778138e-02j,
            0.15683863+2.05982738e-01j, -0.00460037+2.97449804e-02j],
          [-0.01802704-2.41029667e-02j, -0.12913944+2.24388612e-01j,
            0.93741522-5.79778138e-02j,  0.17802128+1.35153697e-01j],
          [ 0.00230824-3.36969501e-04j, -0.01802704-2.41029667e-02j,
           -0.05563513+2.16478246e-01j,  0.80146322-5.53883774e-01j]],
         input_dims=(2, 2), output_dims=(2, 2))"
"Operator([[ 8.01463222e-01-0.55388377j,  7.34711723e-02+0.2110926j ,
           -2.92044575e-02+0.00728196j, -7.63947885e-04-0.00220406j],
          [ 7.34711723e-02+0.2110926j ,  9.37415224e-01-0.05797781j,
            1.66284488e-02+0.25836164j, -2.92044575e-02+0.00728196j],
          [-2.92044575e-02+0.00728196j,  1.66284488e-02+0.25836164j,
            9.37415224e-01-0.05797781j,  7.34711723e-02+0.2110926j ],
          [-7.63947885e-04-0.00220406j, -2.92044575e-02+0.00728196j,
            7.34711723e-02+0.2110926j ,  8.01463222e-01-0.55388377j]],
         input_dims=(2, 2), output_dims=(2, 2))"
"Operator([[ 8.01463222e-01-0.55388377j,  7.16586047e-02+0.21171477j,
           -2.93250275e-02+0.00678012j, -7.07009147e-04-0.00222298j],
          [ 7.52783390e-02+0.21045491j,  9.37415224e-01-0.05797781j,
            1.44126948e-02+0.25849472j, -2.93250275e-02+0.00678012j],
          [-2.90753002e-02+0.00778166j,  1.88429804e-02+0.25820958j,
            9.37415224e-01-0.05797781j,  7.16586047e-02+0.21171477j],
          [-8.20381217e-04-0.00218368j, -2.90753002e-02+0.00778166j,
            7.52783390e-02+0.21045491j,  8.01463222e-01-0.55388377j]],
         input_dims=(2, 2), output_dims=(2, 2))"
