unitary
"Operator([[ 9.76092816e-01-2.02678355e-01j,
            8.89842555e-03+7.79254088e-02j,
           -3.55679443e-03+2.97075910e-04j,
           -1.06305121e-05-9.31351308e-05j],
          [ 8.89842555e-03+7.79254088e-02j,
            9.92535817e-01-2.23742987e-02j,
            2.05032137e-03+9.05734438e-02j,
           -3.55679443e-03+2.97075910e-04j],
          [-3.55679443e-03+2.97075910e-04j,
            2.05032137e-03+9.05734438e-02j,
            9.92535817e-01-2.23742987e-02j,
            8.89842555e-03+7.79254088e-02j],
          [-1.06305121e-05-9.31351308e-05j,
           -3.55679443e-03+2.97075910e-04j,
            8.89842555e-03+7.79254088e-02j,
            9.76092816e-01-2.02678355e-01j]],
         input_dims=(2, 2), output_dims=(2, 2))"
"Operator([[ 9.76092816e-01-2.02678355e-01j,
           -1.76248872e-02+7.64258770e-02j,
           -2.95105832e-03-2.00755960e-03j,
            7.38583118e-05-5.77244329e-05j],
          [ 3.44008694e-02+7.04849736e-02j,
            9.92535817e-01-2.23742987e-02j,
           -2.83023057e-02+8.60623729e-02j,
           -2.95105832e-03-2.00755960e-03j],
          [-2.57713587e-03+2.46929371e-03j,
            3.21677260e-02+8.46935059e-02j,
            9.92535817e-01-2.23742987e-02j,
           -1.76248872e-02+7.64258770e-02j],
          [-8.49665428e-05-3.95960477e-05j,
           -2.57713587e-03+2.46929371e-03j,
            3.44008694e-02+7.04849736e-02j,
            9.76092816e-01-2.02678355e-01j]],
         input_dims=(2, 2), output_dims=(2, 2))"
"Operator([[ 9.76092816e-01-2.02678355e-01j,
            8.89842555e-03+7.79254088e-02j,
           -3.55679443e-03+2.97075910e-04j,
           -1.06305121e-05-9.31351308e-05j],
          [ 8.89842555e-03+7.79254088e-02j,
            9.92535817e-01-2.23742987e-02j,
            2.05032137e-03+9.05734438e-02j,
           -3.55679443e-03+2.97075910e-04j],
          [-3.55679443e-03+2.97075910e-04j,
            2.05032137e-03+9.05734438e-02j,
            9.92535817e-01-2.23742987e-02j,
            8.89842555e-03+7.79254088e-02j],
          [-1.06305121e-05-9.31351308e-05j,
           -3.55679443e-03+2.97075910e-04j,
            8.89842555e-03+7.79254088e-02j,
            9.76092816e-01-2.02678355e-01j]],
         input_dims=(2, 2), output_dims=(2, 2))"
"Operator([[ 9.76092816e-01-2.02678355e-01j,
            7.56232880e-03+7.80663980e-02j,
           -3.56488305e-03+1.75070166e-04j,
           -5.83239061e-06-9.35582364e-05j],
          [ 1.02319113e-02+7.77615542e-02j,
            9.92535817e-01-2.23742987e-02j,
            4.98580018e-04+9.05952756e-02j,
           -3.56488305e-03+1.75070166e-04j],
          [-3.54453148e-03+4.18732999e-04j,
            3.60146110e-03+9.05250353e-02j,
            9.92535817e-01-2.23742987e-02j,
            7.56232880e-03+7.80663980e-02j],
          [-1.54005654e-05-9.24661179e-05j,
           -3.54453148e-03+4.18732999e-04j,
            1.02319113e-02+7.77615542e-02j,
            9.76092816e-01-2.02678355e-01j]],
         input_dims=(2, 2), output_dims=(2, 2))"
"Operator([[ 9.76092816e-01-2.02678355e-01j,
            8.89842555e-03+7.79254088e-02j,
           -3.55679443e-03+2.97075910e-04j,
           -1.06305121e-05-9.31351308e-05j],
          [ 8.89842555e-03+7.79254088e-02j,
            9.92535817e-01-2.23742987e-02j,
            2.05032137e-03+9.05734438e-02j,
           -3.55679443e-03+2.97075910e-04j],
          [-3.55679443e-03+2.97075910e-04j,
            2.05032137e-03+9.05734438e-02j,
            9.92535817e-01-2.23742987e-02j,
            8.89842555e-03+7.79254088e-02j],
          [-1.06305121e-05-9.31351308e-05j,
           -3.55679443e-03+2.97075910e-04j,
            8.89842555e-03+7.79254088e-02j,
            9.76092816e-01-2.02678355e-01j]],
         input_dims=(2, 2), output_dims=(2, 2))"
"Operator([[ 9.76092816e-01-2.02678355e-01j,
            3.13674382e-02+7.18862653e-02j,
           -2.77794642e-03+2.24099407e-03j,
           -7.92260215e-05-5.01038711e-05j],
          [-1.43536359e-02+7.71072270e-02j,
            9.92535817e-01-2.23742987e-02j,
            2.85311283e-02+8.59867854e-02j,
           -2.77794642e-03+2.24099407e-03j],
          [-3.11121393e-03-1.74911081e-03j,
           -2.46109110e-02+8.71897678e-02j,
            9.92535817e-01-2.23742987e-02j,
            3.13674382e-02+7.18862653e-02j],
          [ 6.58975510e-05-6.66683819e-05j,
           -3.11121393e-03-1.74911081e-03j,
           -1.43536359e-02+7.71072270e-02j,
            9.76092816e-01-2.02678355e-01j]],
         input_dims=(2, 2), output_dims=(2, 2))"
"Operator([[ 9.76092816e-01-2.02678355e-01j,
            4.33372963e-02+6.53714775e-02j,
           -1.84736447e-03+3.05389673e-03j,
           -9.36572181e-05-3.93521053e-06j],
          [-2.74840612e-02+7.34586802e-02j,
            9.92535817e-01-2.23742987e-02j,
            4.29845720e-02+7.97501042e-02j,
           -1.84736447e-03+3.05389673e-03j],
          [-2.32837803e-03-2.70512412e-03j,
           -3.93317655e-02+8.16135085e-02j,
            9.92535817e-01-2.23742987e-02j,
            4.33372963e-02+6.53714775e-02j],
          [ 9.03614674e-05-2.49392381e-05j,
           -2.32837803e-03-2.70512412e-03j,
           -2.74840612e-02+7.34586802e-02j,
            9.76092816e-01-2.02678355e-01j]],
         input_dims=(2, 2), output_dims=(2, 2))"
"Operator([[ 9.76092816e-01-2.02678355e-01j,
            5.55140081e-02+5.54052906e-02j,
           -5.05502757e-04+3.53320077e-03j,
           -7.93772112e-05+4.98640022e-05j],
          [-4.15941104e-02+6.64942200e-02j,
            9.92535817e-01-2.23742987e-02j,
            5.80385142e-02+6.95649583e-02j,
           -5.05502757e-04+3.53320077e-03j],
          [-1.08462035e-03-3.40038813e-03j,
           -5.48311756e-02+7.21200023e-02j,
            9.92535817e-01-2.23742987e-02j,
            5.55140081e-02+5.54052906e-02j],
          [ 8.85721761e-05+3.06941361e-05j,
           -1.08462035e-03-3.40038813e-03j,
           -4.15941104e-02+6.64942200e-02j,
            9.76092816e-01-2.02678355e-01j]],
         input_dims=(2, 2), output_dims=(2, 2))"
"Operator([[ 9.76092816e-01-2.02678355e-01j,
            6.67833504e-02+4.11282801e-02j,
            1.13205261e-03+3.38489256e-03j,
           -2.88300717e-05+8.91963415e-05j],
          [-5.57919960e-02+5.51253526e-02j,
            9.92535817e-01-2.23742987e-02j,
            7.25015262e-02+5.43256960e-02j,
            1.13205261e-03+3.38489256e-03j],
          [ 5.54848362e-04-3.52578843e-03j,
           -6.99689648e-02+5.75508167e-02j,
            9.92535817e-01-2.23742987e-02j,
            6.67833504e-02+4.11282801e-02j],
          [ 4.81885366e-05+8.04053812e-05j,
            5.54848362e-04-3.52578843e-03j,
           -5.57919960e-02+5.51253526e-02j,
            9.76092816e-01-2.02678355e-01j]],
         input_dims=(2, 2), output_dims=(2, 2))"
"Operator([[ 9.76092816e-01-2.02678355e-01j,
            7.47890769e-02+2.36250988e-02j,
            2.59686466e-03+2.44853725e-03j,
            3.86882878e-05+8.53837032e-05j],
          [-6.75376026e-02+3.98776072e-02j,
            9.92535817e-01-2.23742987e-02j,
            8.35492470e-02+3.50324973e-02j,
            2.59686466e-03+2.44853725e-03j],
          [ 2.15469615e-03-2.84540423e-03j,
           -8.18784062e-02+3.87773019e-02j,
            9.92535817e-01-2.23742987e-02j,
            7.47890769e-02+2.36250988e-02j],
          [-1.84523368e-05+9.19057759e-05j,
            2.15469615e-03-2.84540423e-03j,
           -6.75376026e-02+3.98776072e-02j,
            9.76092816e-01-2.02678355e-01j]],
         input_dims=(2, 2), output_dims=(2, 2))"
"Operator([[ 9.76092816e-01-2.02678355e-01j,
            7.81628015e-02+6.49059100e-03j,
            3.39930317e-03+1.08801593e-03j,
            8.33194180e-05+4.29538701e-05j],
          [-7.46873373e-02+2.39447899e-02j,
            9.92535817e-01-2.23742987e-02j,
            8.92299828e-02+1.56768209e-02j,
            3.39930317e-03+1.08801593e-03j],
          [ 3.17171283e-03-1.63685017e-03j,
           -8.84291874e-02+1.96985118e-02j,
            9.92535817e-01-2.23742987e-02j,
            7.81628015e-02+6.49059100e-03j],
          [-7.14968823e-05+6.06247160e-05j,
            3.17171283e-03-1.63685017e-03j,
           -7.46873373e-02+2.39447899e-02j,
            9.76092816e-01-2.02678355e-01j]],
         input_dims=(2, 2), output_dims=(2, 2))"
