unitary
"Operator([[ 8.69959337e-01-0.45800519j,  4.82361054e-02+0.17518533j,
           -1.92166063e-02+0.00382314j, -3.22371794e-04-0.00117384j],
          [ 4.82361054e-02+0.17518533j,  9.59166425e-01-0.04901741j,
            1.09970339e-02+0.20994192j, -1.92166063e-02+0.00382314j],
          [-1.92166063e-02+0.00382314j,  1.09970339e-02+0.20994192j,
            9.59166425e-01-0.04901741j,  4.82361054e-02+0.17518533j],
          [-3.22371794e-04-0.00117384j, -1.92166063e-02+0.00382314j,
            4.82361054e-02+0.17518533j,  8.69959337e-01-0.45800519j]],
         input_dims=(2, 2), output_dims=(2, 2))"
"Operator([[ 8.69959337e-01-0.45800519j,  4.82361054e-02+0.17518533j,
           -1.92166063e-02+0.00382314j, -3.22371794e-04-0.00117384j],
          [ 4.82361054e-02+0.17518533j,  9.59166425e-01-0.04901741j,
            1.09970339e-02+0.20994192j, -1.92166063e-02+0.00382314j],
          [-1.92166063e-02+0.00382314j,  1.09970339e-02+0.20994192j,
            9.59166425e-01-0.04901741j,  4.82361054e-02+0.17518533j],
          [-3.22371794e-04-0.00117384j, -1.92166063e-02+0.00382314j,
            4.82361054e-02+0.17518533j,  8.69959337e-01-0.45800519j]],
         input_dims=(2, 2), output_dims=(2, 2))"
"Operator([[ 8.69959337e-01-4.58005189e-01j,
           -1.12443537e-02+1.81356518e-01j,
           -1.75143449e-02-8.78305726e-03j,
            8.06144672e-04-9.12119408e-04j],
          [ 1.02492144e-01+1.50039936e-01j,
            9.59166425e-01-4.90174130e-02j,
           -5.77493579e-02+2.02142417e-01j,
           -1.75143449e-02-8.78305726e-03j],
          [-1.28189442e-02+1.48178622e-02j,
            7.85523442e-02+1.95002754e-01j,
            9.59166425e-01-4.90174130e-02j,
           -1.12443537e-02+1.81356518e-01j],
          [-1.15892607e-03-3.72453234e-04j,
           -1.28189442e-02+1.48178622e-02j,
            1.02492144e-01+1.50039936e-01j,
            8.69959337e-01-4.58005189e-01j]],
         input_dims=(2, 2), output_dims=(2, 2))"
"Operator([[ 8.69959337e-01-0.45800519j,  4.82361054e-02+0.17518533j,
           -1.92166063e-02+0.00382314j, -3.22371794e-04-0.00117384j],
          [ 4.82361054e-02+0.17518533j,  9.59166425e-01-0.04901741j,
            1.09970339e-02+0.20994192j, -1.92166063e-02+0.00382314j],
          [-1.92166063e-02+0.00382314j,  1.09970339e-02+0.20994192j,
            9.59166425e-01-0.04901741j,  4.82361054e-02+0.17518533j],
          [-3.22371794e-04-0.00117384j, -1.92166063e-02+0.00382314j,
            4.82361054e-02+0.17518533j,  8.69959337e-01-0.45800519j]],
         input_dims=(2, 2), output_dims=(2, 2))"
"Operator([[ 8.69959337e-01-0.45800519j,  1.62926820e-01+0.08044547j,
            6.02441231e-03+0.01864406j, -4.09566839e-04+0.00114634j],
          [-9.87851668e-02+0.15250611j,  9.59166425e-01-0.04901741j,
            1.64129306e-01+0.13137015j,  6.02441231e-03+0.01864406j],
          [-1.57035058e-03-0.01953019j, -1.49506071e-01+0.14779878j,
            9.59166425e-01-0.04901741j,  1.62926820e-01+0.08044547j],
          [ 9.37597051e-04+0.00077637j, -1.57035058e-03-0.01953019j,
           -9.87851668e-02+0.15250611j,  8.69959337e-01-0.45800519j]],
         input_dims=(2, 2), output_dims=(2, 2))"
"Operator([[ 8.69959337e-01-0.45800519j,  1.75283951e-01+0.04787649j,
            1.25704492e-02+0.01502924j,  2.80909700e-04+0.00118445j],
          [-1.26072028e-01+0.13085284j,  9.59166425e-01-0.04901741j,
            1.86182100e-01+0.09763591j,  1.25704492e-02+0.01502924j],
          [ 5.86078779e-03-0.01869614j, -1.74962596e-01+0.11655314j,
            9.59166425e-01-0.04901741j,  1.75283951e-01+0.04787649j],
          [ 3.63435423e-04+0.00116179j,  5.86078779e-03-0.01869614j,
           -1.26072028e-01+0.13085284j,  8.69959337e-01-0.45800519j]],
         input_dims=(2, 2), output_dims=(2, 2))"
"Operator([[ 8.69959337e-01-0.45800519j,  1.68965711e-01+0.0668372j ,
            8.98605859e-03+0.01741106j, -1.18225537e-04+0.00121155j],
          [-1.10938710e-01+0.143907j  ,  9.59166425e-01-0.04901741j,
            1.74333184e-01+0.11749249j,  8.98605859e-03+0.01741106j],
          [ 1.63770015e-03-0.01952466j, -1.61103988e-01+0.13506313j,
            9.59166425e-01-0.04901741j,  1.68965711e-01+0.0668372j ],
          [ 7.20427766e-04+0.00098123j,  1.63770015e-03-0.01952466j,
           -1.10938710e-01+0.143907j  ,  8.69959337e-01-0.45800519j]],
         input_dims=(2, 2), output_dims=(2, 2))"
"Operator([[ 8.69959337e-01-0.45800519j,  4.82361054e-02+0.17518533j,
           -1.92166063e-02+0.00382314j, -3.22371794e-04-0.00117384j],
          [ 4.82361054e-02+0.17518533j,  9.59166425e-01-0.04901741j,
            1.09970339e-02+0.20994192j, -1.92166063e-02+0.00382314j],
          [-1.92166063e-02+0.00382314j,  1.09970339e-02+0.20994192j,
            9.59166425e-01-0.04901741j,  4.82361054e-02+0.17518533j],
          [-3.22371794e-04-0.00117384j, -1.92166063e-02+0.00382314j,
            4.82361054e-02+0.17518533j,  8.69959337e-01-0.45800519j]],
         input_dims=(2, 2), output_dims=(2, 2))"
"Operator([[ 8.69959337e-01-0.45800519j, -1.37290052e-01+0.11902968j,
            9.10375912e-03-0.01734981j,  4.13832875e-05+0.0012166j ],
          [ 1.78868849e-01+0.03197744j,  9.59166425e-01-0.04901741j,
           -1.84702613e-01+0.10040662j,  9.10375912e-03-0.01734981j],
          [ 1.50511679e-02+0.01254419j,  1.94181890e-01+0.08056015j,
            9.59166425e-01-0.04901741j, -1.37290052e-01+0.11902968j],
          [ 5.85786031e-04+0.00106709j,  1.50511679e-02+0.01254419j,
            1.78868849e-01+0.03197744j,  8.69959337e-01-0.45800519j]],
         input_dims=(2, 2), output_dims=(2, 2))"
"Operator([[ 8.69959337e-01-0.45800519j,  4.82361054e-02+0.17518533j,
           -1.92166063e-02+0.00382314j, -3.22371794e-04-0.00117384j],
          [ 4.82361054e-02+0.17518533j,  9.59166425e-01-0.04901741j,
            1.09970339e-02+0.20994192j, -1.92166063e-02+0.00382314j],
          [-1.92166063e-02+0.00382314j,  1.09970339e-02+0.20994192j,
            9.59166425e-01-0.04901741j,  4.82361054e-02+0.17518533j],
          [-3.22371794e-04-0.00117384j, -1.92166063e-02+0.00382314j,
            4.82361054e-02+0.17518533j,  8.69959337e-01-0.45800519j]],
         input_dims=(2, 2), output_dims=(2, 2))"
"Operator([[ 8.69959337e-01-0.45800519j, -1.58312248e-01+0.08918438j,
            1.51724110e-02-0.01239727j, -6.56627933e-04+0.00102502j],
          [ 1.81650946e-01-0.0044222j ,  9.59166425e-01-0.04901741j,
           -2.01045353e-01+0.06145983j,  1.51724110e-02-0.01239727j],
          [ 1.87621178e-02+0.005646j  ,  2.06366190e-01+0.04011908j,
            9.59166425e-01-0.04901741j, -1.58312248e-01+0.08918438j],
          [ 1.08804495e-03+0.00054588j,  1.87621178e-02+0.005646j  ,
            1.81650946e-01-0.0044222j ,  8.69959337e-01-0.45800519j]],
         input_dims=(2, 2), output_dims=(2, 2))"
"Operator([[ 8.69959337e-01-0.45800519j, -1.55623209e-01+0.09379786j,
            1.44179382e-02-0.01326716j, -5.63820883e-04+0.00107886j],
          [ 1.81702450e-01+0.00091751j,  9.59166425e-01-0.04901741j,
           -1.99152544e-01+0.06734099j,  1.44179382e-02-0.01326716j],
          [ 1.83980455e-02+0.00673842j,  2.05098179e-01+0.04616581j,
            9.59166425e-01-0.04901741j, -1.55623209e-01+0.09379786j],
          [ 1.03575188e-03+0.00063957j,  1.83980455e-02+0.00673842j,
            1.81702450e-01+0.00091751j,  8.69959337e-01-0.45800519j]],
         input_dims=(2, 2), output_dims=(2, 2))"
"Operator([[ 8.69959337e-01-0.45800519j, -1.42490778e-01+0.11275194j,
            1.06219619e-02-0.01646415j, -1.22258408e-04+0.00121115j],
          [ 1.80123131e-01+0.02392237j,  9.59166425e-01-0.04901741j,
           -1.89020312e-01+0.09202101j,  1.06219619e-02-0.01646415j],
          [ 1.61147762e-02+0.01114488j,  1.97599866e-01+0.07176934j,
            9.59166425e-01-0.04901741j, -1.42490778e-01+0.11275194j],
          [ 7.23690515e-04+0.00097883j,  1.61147762e-02+0.01114488j,
            1.80123131e-01+0.02392237j,  8.69959337e-01-0.45800519j]],
         input_dims=(2, 2), output_dims=(2, 2))"
"Operator([[ 0.86995934-4.58005189e-01j, -0.04538064+1.75946640e-01j,
           -0.0129925 -1.46659230e-02j,  0.0011714 -3.31138756e-04j],
          [ 0.12904797+1.27918893e-01j,  0.95916643-4.90174130e-02j,
           -0.09498015+1.87550838e-01j, -0.0129925 -1.46659230e-02j],
          [-0.00638976+1.85220224e-02j,  0.11405492+1.76601306e-01j,
            0.95916643-4.90174130e-02j, -0.04538064+1.75946640e-01j],
          [-0.00117622+3.13586812e-04j, -0.00638976+1.85220224e-02j,
            0.12904797+1.27918893e-01j,  0.86995934-4.58005189e-01j]],
         input_dims=(2, 2), output_dims=(2, 2))"
