unitary
"Operator([[-0.74011024-0.08357735j,  0.51951201-0.06794472j,
           -0.17724429+0.33955167j, -0.15490291-0.00605489j],
          [ 0.51951201-0.06794472j,  0.25498727+0.15159152j,
            0.03564974+0.69965028j, -0.17724429+0.33955167j],
          [-0.17724429+0.33955167j,  0.03564974+0.69965028j,
            0.25498727+0.15159152j,  0.51951201-0.06794472j],
          [-0.15490291-0.00605489j, -0.17724429+0.33955167j,
            0.51951201-0.06794472j, -0.74011024-0.08357735j]],
         input_dims=(2, 2), output_dims=(2, 2))"
"Operator([[-0.74011024-0.08357735j,  0.39171483+0.34794928j,
           -0.31107358-0.22348177j,  0.13347916-0.07883456j],
          [ 0.28905675-0.43698445j,  0.25498727+0.15159152j,
           -0.50519504+0.48534461j, -0.31107358-0.22348177j],
          [ 0.36120473+0.12744417j,  0.55191066+0.43148122j,
            0.25498727+0.15159152j,  0.39171483+0.34794928j],
          [ 0.12691828+0.08901305j,  0.36120473+0.12744417j,
            0.28905675-0.43698445j, -0.74011024-0.08357735j]],
         input_dims=(2, 2), output_dims=(2, 2))"
"Operator([[-0.74011024-0.08357735j,  0.19181728+0.4875606j ,
           -0.00324152-0.38301484j,  0.09930411+0.11903892j],
          [ 0.05997846-0.52049188j,  0.25498727+0.15159152j,
           -0.67015559+0.20413943j, -0.00324152-0.38301484j],
          [ 0.31609325-0.21632367j,  0.68743421+0.13496527j,
            0.25498727+0.15159152j,  0.19181728+0.4875606j ],
          [ 0.10829299-0.1109243j ,  0.31609325-0.21632367j,
            0.05997846-0.52049188j, -0.74011024-0.08357735j]],
         input_dims=(2, 2), output_dims=(2, 2))"
"Operator([[-0.74011024-0.08357735j, -0.0128073 -0.52377971j,
            0.24448771-0.29485018j,  0.05401039-0.14530812j],
          [ 0.12232516+0.50945634j,  0.25498727+0.15159152j,
            0.69951047+0.03829517j,  0.24448771-0.29485018j],
          [ 0.10212404-0.36916331j, -0.69199518+0.10919747j,
            0.25498727+0.15159152j, -0.0128073 -0.52377971j],
          [ 0.04250323+0.14908067j,  0.10212404-0.36916331j,
            0.12232516+0.50945634j, -0.74011024-0.08357735j]],
         input_dims=(2, 2), output_dims=(2, 2))"
"Operator([[-0.74011024-0.08357735j,  0.51951201-0.06794472j,
           -0.17724429+0.33955167j, -0.15490291-0.00605489j],
          [ 0.51951201-0.06794472j,  0.25498727+0.15159152j,
            0.03564974+0.69965028j, -0.17724429+0.33955167j],
          [-0.17724429+0.33955167j,  0.03564974+0.69965028j,
            0.25498727+0.15159152j,  0.51951201-0.06794472j],
          [-0.15490291-0.00605489j, -0.17724429+0.33955167j,
            0.51951201-0.06794472j, -0.74011024-0.08357735j]],
         input_dims=(2, 2), output_dims=(2, 2))"
