unitary
"Operator([[ 0.61891334+0.39029306j, -0.36016103-0.27751817j,
            0.07366362+0.2930626j , -0.07831586+0.40054951j],
          [-0.36016103-0.27751817j, -0.12778352+0.08779185j,
           -0.32407516+0.75689823j,  0.07366362+0.2930626j ],
          [ 0.07366362+0.2930626j , -0.32407516+0.75689823j,
           -0.12778352+0.08779185j, -0.36016103-0.27751817j],
          [-0.07831586+0.40054951j,  0.07366362+0.2930626j ,
           -0.36016103-0.27751817j,  0.61891334+0.39029306j]],
         input_dims=(2, 2), output_dims=(2, 2))"
"Operator([[ 0.61891334+0.39029306j,  0.45238931+0.0455655j ,
            0.29539628+0.06366361j, -0.40627495-0.03890955j],
          [ 0.159382  +0.42582823j, -0.12778352+0.08779185j,
           -0.12433369-0.81391693j,  0.29539628+0.06366361j],
          [-0.23018492+0.19577263j,  0.67480936-0.47175414j,
           -0.12778352+0.08779185j,  0.45238931+0.0455655j ],
          [ 0.39101118+0.11697667j, -0.23018492+0.19577263j,
            0.159382  +0.42582823j,  0.61891334+0.39029306j]],
         input_dims=(2, 2), output_dims=(2, 2))"
"Operator([[ 0.61891334+0.39029306j, -0.36016103-0.27751817j,
            0.07366362+0.2930626j , -0.07831586+0.40054951j],
          [-0.36016103-0.27751817j, -0.12778352+0.08779185j,
           -0.32407516+0.75689823j,  0.07366362+0.2930626j ],
          [ 0.07366362+0.2930626j , -0.32407516+0.75689823j,
           -0.12778352+0.08779185j, -0.36016103-0.27751817j],
          [-0.07831586+0.40054951j,  0.07366362+0.2930626j ,
           -0.36016103-0.27751817j,  0.61891334+0.39029306j]],
         input_dims=(2, 2), output_dims=(2, 2))"
"Operator([[ 0.61891334+0.39029306j,  0.36679239+0.26869247j,
            0.08780239+0.28914142j,  0.0489578 -0.4051869j ],
          [ 0.35331736+0.28618027j, -0.12778352+0.08779185j,
            0.30560385-0.76454295j,  0.08780239+0.28914142j],
          [ 0.05935118+0.29629286j,  0.34235543-0.74880732j,
           -0.12778352+0.08779185j,  0.36679239+0.26869247j],
          [ 0.10725859-0.39378786j,  0.05935118+0.29629286j,
            0.35331736+0.28618027j,  0.61891334+0.39029306j]],
         input_dims=(2, 2), output_dims=(2, 2))"
"Operator([[ 0.61891334+0.39029306j, -0.44834125+0.07564674j,
            0.2865718 -0.0958573j ,  0.31027698-0.26514427j],
          [-0.04114235-0.452813j  , -0.12778352+0.08779185j,
            0.3350734 +0.75209405j,  0.2865718 -0.0958573j ],
          [-0.29783734+0.05103859j, -0.77551381+0.27658266j,
           -0.12778352+0.08779185j, -0.44834125+0.07564674j],
          [-0.18756275-0.36248242j, -0.29783734+0.05103859j,
           -0.04114235-0.452813j  ,  0.61891334+0.39029306j]],
         input_dims=(2, 2), output_dims=(2, 2))"
"Operator([[ 0.61891334+0.39029306j, -0.36016103-0.27751817j,
            0.07366362+0.2930626j , -0.07831586+0.40054951j],
          [-0.36016103-0.27751817j, -0.12778352+0.08779185j,
           -0.32407516+0.75689823j,  0.07366362+0.2930626j ],
          [ 0.07366362+0.2930626j , -0.32407516+0.75689823j,
           -0.12778352+0.08779185j, -0.36016103-0.27751817j],
          [-0.07831586+0.40054951j,  0.07366362+0.2930626j ,
           -0.36016103-0.27751817j,  0.61891334+0.39029306j]],
         input_dims=(2, 2), output_dims=(2, 2))"
