unitary
"Operator([[ 9.76092816e-01-2.02678355e-01j,
           -2.37946701e-02+7.47352995e-02j,
           -2.58573072e-03-2.46029213e-03j,
            8.56449760e-05-3.81064099e-05j],
          [ 4.00306893e-02+6.74469809e-02j,
            9.92535817e-01-2.23742987e-02j,
           -3.52219085e-02+8.34695735e-02j,
           -2.58573072e-03-2.46029213e-03j],
          [-2.14176647e-03+2.85514923e-03j,
            3.89629138e-02+8.17902433e-02j,
            9.92535817e-01-2.23742987e-02j,
           -2.37946701e-02+7.47352995e-02j],
          [-9.20292048e-05-1.78265488e-05j,
           -2.14176647e-03+2.85514923e-03j,
            4.00306893e-02+6.74469809e-02j,
            9.76092816e-01-2.02678355e-01j]],
         input_dims=(2, 2), output_dims=(2, 2))"
"Operator([[ 9.76092816e-01-2.02678355e-01j,
            8.89842555e-03+7.79254088e-02j,
           -3.55679443e-03+2.97075910e-04j,
           -1.06305121e-05-9.31351308e-05j],
          [ 8.89842555e-03+7.79254088e-02j,
            9.92535817e-01-2.23742987e-02j,
            2.05032137e-03+9.05734438e-02j,
           -3.55679443e-03+2.97075910e-04j],
          [-3.55679443e-03+2.97075910e-04j,
            2.05032137e-03+9.05734438e-02j,
            9.92535817e-01-2.23742987e-02j,
            8.89842555e-03+7.79254088e-02j],
          [-1.06305121e-05-9.31351308e-05j,
           -3.55679443e-03+2.97075910e-04j,
            8.89842555e-03+7.79254088e-02j,
            9.76092816e-01-2.02678355e-01j]],
         input_dims=(2, 2), output_dims=(2, 2))"
"Operator([[ 9.76092816e-01-2.02678355e-01j,
            8.89842555e-03+7.79254088e-02j,
           -3.55679443e-03+2.97075910e-04j,
           -1.06305121e-05-9.31351308e-05j],
          [ 8.89842555e-03+7.79254088e-02j,
            9.92535817e-01-2.23742987e-02j,
            2.05032137e-03+9.05734438e-02j,
           -3.55679443e-03+2.97075910e-04j],
          [-3.55679443e-03+2.97075910e-04j,
            2.05032137e-03+9.05734438e-02j,
            9.92535817e-01-2.23742987e-02j,
            8.89842555e-03+7.79254088e-02j],
          [-1.06305121e-05-9.31351308e-05j,
           -3.55679443e-03+2.97075910e-04j,
            8.89842555e-03+7.79254088e-02j,
            9.76092816e-01-2.02678355e-01j]],
         input_dims=(2, 2), output_dims=(2, 2))"
"Operator([[ 9.76092816e-01-2.02678355e-01j,
            2.03444248e-02+7.57473148e-02j,
           -3.31362607e-03+1.32624394e-03j,
           -4.97713130e-05-7.94353623e-05j],
          [-2.74394788e-03+7.83838125e-02j,
            9.92535817e-01-2.23742987e-02j,
            1.54456153e-02+8.92702947e-02j,
           -3.31362607e-03+1.32624394e-03j],
          [-3.48772373e-03-7.58171422e-04j,
           -1.13902199e-02+8.98777805e-02j,
            9.92535817e-01-2.23742987e-02j,
            2.03444248e-02+7.57473148e-02j],
          [ 3.05907269e-05-8.86079444e-05j,
           -3.48772373e-03-7.58171422e-04j,
           -2.74394788e-03+7.83838125e-02j,
            9.76092816e-01-2.02678355e-01j]],
         input_dims=(2, 2), output_dims=(2, 2))"
"Operator([[ 9.76092816e-01-2.02678355e-01j,
            8.89842555e-03+7.79254088e-02j,
           -3.55679443e-03+2.97075910e-04j,
           -1.06305121e-05-9.31351308e-05j],
          [ 8.89842555e-03+7.79254088e-02j,
            9.92535817e-01-2.23742987e-02j,
            2.05032137e-03+9.05734438e-02j,
           -3.55679443e-03+2.97075910e-04j],
          [-3.55679443e-03+2.97075910e-04j,
            2.05032137e-03+9.05734438e-02j,
            9.92535817e-01-2.23742987e-02j,
            8.89842555e-03+7.79254088e-02j],
          [-1.06305121e-05-9.31351308e-05j,
           -3.55679443e-03+2.97075910e-04j,
            8.89842555e-03+7.79254088e-02j,
            9.76092816e-01-2.02678355e-01j]],
         input_dims=(2, 2), output_dims=(2, 2))"
"Operator([[ 9.76092816e-01-2.02678355e-01j,
            8.89842555e-03+7.79254088e-02j,
           -3.55679443e-03+2.97075910e-04j,
           -1.06305121e-05-9.31351308e-05j],
          [ 8.89842555e-03+7.79254088e-02j,
            9.92535817e-01-2.23742987e-02j,
            2.05032137e-03+9.05734438e-02j,
           -3.55679443e-03+2.97075910e-04j],
          [-3.55679443e-03+2.97075910e-04j,
            2.05032137e-03+9.05734438e-02j,
            9.92535817e-01-2.23742987e-02j,
            8.89842555e-03+7.79254088e-02j],
          [-1.06305121e-05-9.31351308e-05j,
           -3.55679443e-03+2.97075910e-04j,
            8.89842555e-03+7.79254088e-02j,
            9.76092816e-01-2.02678355e-01j]],
         input_dims=(2, 2), output_dims=(2, 2))"
"Operator([[ 9.76092816e-01-2.02678355e-01j,
            6.29628820e-02+4.67677967e-02j,
            5.29824613e-04+3.52963548e-03j,
           -5.08413956e-05+7.87547642e-05j],
          [-5.07984887e-02+5.97583874e-02j,
            9.92535817e-01-2.23742987e-02j,
            6.75143845e-02+6.04115918e-02j,
            5.29824613e-04+3.52963548e-03j],
          [-6.30467095e-05-3.56862240e-03j,
           -6.47115386e-02+6.34048051e-02j,
            9.92535817e-01-2.23742987e-02j,
            6.29628820e-02+4.67677967e-02j],
          [ 6.72807407e-05+6.52722170e-05j,
           -6.30467095e-05-3.56862240e-03j,
           -5.07984887e-02+5.97583874e-02j,
            9.76092816e-01-2.02678355e-01j]],
         input_dims=(2, 2), output_dims=(2, 2))"
"Operator([[ 9.76092816e-01-2.02678355e-01j,
            8.89842555e-03+7.79254088e-02j,
           -3.55679443e-03+2.97075910e-04j,
           -1.06305121e-05-9.31351308e-05j],
          [ 8.89842555e-03+7.79254088e-02j,
            9.92535817e-01-2.23742987e-02j,
            2.05032137e-03+9.05734438e-02j,
           -3.55679443e-03+2.97075910e-04j],
          [-3.55679443e-03+2.97075910e-04j,
            2.05032137e-03+9.05734438e-02j,
            9.92535817e-01-2.23742987e-02j,
            8.89842555e-03+7.79254088e-02j],
          [-1.06305121e-05-9.31351308e-05j,
           -3.55679443e-03+2.97075910e-04j,
            8.89842555e-03+7.79254088e-02j,
            9.76092816e-01-2.02678355e-01j]],
         input_dims=(2, 2), output_dims=(2, 2))"
"Operator([[ 9.76092816e-01-2.02678355e-01j,
            7.71656798e-02+1.40359959e-02j,
            3.12551355e-03+1.72342849e-03j,
            6.74773510e-05+6.50689441e-05j],
          [-7.20148232e-02+3.10711532e-02j,
            9.92535817e-01-2.23742987e-02j,
            8.72903733e-02+2.42516653e-02j,
            3.12551355e-03+1.72342849e-03j],
          [ 2.79630834e-03-2.21803977e-03j,
           -8.61035441e-02+2.81768032e-02j,
            9.92535817e-01-2.23742987e-02j,
            7.71656798e-02+1.40359959e-02j],
          [-5.10787555e-05+7.86010249e-05j,
            2.79630834e-03-2.21803977e-03j,
           -7.20148232e-02+3.10711532e-02j,
            9.76092816e-01-2.02678355e-01j]],
         input_dims=(2, 2), output_dims=(2, 2))"
"Operator([[ 9.76092816e-01-2.02678355e-01j,
            8.89842555e-03+7.79254088e-02j,
           -3.55679443e-03+2.97075910e-04j,
           -1.06305121e-05-9.31351308e-05j],
          [ 8.89842555e-03+7.79254088e-02j,
            9.92535817e-01-2.23742987e-02j,
            2.05032137e-03+9.05734438e-02j,
           -3.55679443e-03+2.97075910e-04j],
          [-3.55679443e-03+2.97075910e-04j,
            2.05032137e-03+9.05734438e-02j,
            9.92535817e-01-2.23742987e-02j,
            8.89842555e-03+7.79254088e-02j],
          [-1.06305121e-05-9.31351308e-05j,
           -3.55679443e-03+2.97075910e-04j,
            8.89842555e-03+7.79254088e-02j,
            9.76092816e-01-2.02678355e-01j]],
         input_dims=(2, 2), output_dims=(2, 2))"
"Operator([[ 9.76092816e-01-2.02678355e-01j,
            8.89842555e-03+7.79254088e-02j,
           -3.55679443e-03+2.97075910e-04j,
           -1.06305121e-05-9.31351308e-05j],
          [ 8.89842555e-03+7.79254088e-02j,
            9.92535817e-01-2.23742987e-02j,
            2.05032137e-03+9.05734438e-02j,
           -3.55679443e-03+2.97075910e-04j],
          [-3.55679443e-03+2.97075910e-04j,
            2.05032137e-03+9.05734438e-02j,
            9.92535817e-01-2.23742987e-02j,
            8.89842555e-03+7.79254088e-02j],
          [-1.06305121e-05-9.31351308e-05j,
           -3.55679443e-03+2.97075910e-04j,
            8.89842555e-03+7.79254088e-02j,
            9.76092816e-01-2.02678355e-01j]],
         input_dims=(2, 2), output_dims=(2, 2))"
