unitary
"Operator([[-0.72363362-0.20391325j,  0.28287585+0.45037019j,
           -0.18676678-0.31295548j,  0.13774385+0.01119727j],
          [ 0.25917415-0.46441449j,  0.29079085+0.12698835j,
           -0.57134991+0.39648316j, -0.18676678-0.31295548j],
          [ 0.36427568+0.01123353j,  0.62216453+0.31072643j,
            0.29079085+0.12698835j,  0.28287585+0.45037019j],
          [ 0.1366663 +0.02051998j,  0.36427568+0.01123353j,
            0.25917415-0.46441449j, -0.72363362-0.20391325j]],
         input_dims=(2, 2), output_dims=(2, 2))"
"Operator([[-0.72363362-0.20391325j,  0.52975247+0.04705722j,
           -0.25128432+0.2639681j , -0.12392031-0.06117602j],
          [ 0.52660486-0.07442701j,  0.29079085+0.12698835j,
           -0.02973565+0.69480602j, -0.25128432+0.2639681j ],
          [-0.10867183+0.3478698j ,  0.12876414+0.68341745j,
            0.29079085+0.12698835j,  0.52975247+0.04705722j],
          [-0.13460835+0.0312944j , -0.10867183+0.3478698j ,
            0.52660486-0.07442701j, -0.72363362-0.20391325j]],
         input_dims=(2, 2), output_dims=(2, 2))"
"Operator([[-0.72363362-0.20391325j,  0.53165995-0.01377509j,
           -0.18480255+0.31411938j, -0.13728423-0.01586778j],
          [ 0.53165995-0.01377509j,  0.29079085+0.12698835j,
            0.0498406 +0.69365375j, -0.18480255+0.31411938j],
          [-0.18480255+0.31411938j,  0.0498406 +0.69365375j,
            0.29079085+0.12698835j,  0.53165995-0.01377509j],
          [-0.13728423-0.01586778j, -0.18480255+0.31411938j,
            0.53165995-0.01377509j, -0.72363362-0.20391325j]],
         input_dims=(2, 2), output_dims=(2, 2))"
"Operator([[-0.72363362-0.20391325j,  0.21272228-0.48744363j,
            0.3595455 -0.05958189j,  0.13677692-0.01976921j],
          [ 0.23767885+0.47577392j,  0.29079085+0.12698835j,
            0.64946375+0.24866937j,  0.3595455 -0.05958189j],
          [-0.12256956-0.34321956j, -0.60724077+0.33896645j,
            0.29079085+0.12698835j,  0.21272228-0.48744363j],
          [ 0.12866082+0.0504494j , -0.12256956-0.34321956j,
            0.23767885+0.47577392j, -0.72363362-0.20391325j]],
         input_dims=(2, 2), output_dims=(2, 2))"
"Operator([[-0.72363362-0.20391325j, -0.36446694-0.38731887j,
           -0.29136915-0.21892233j, -0.12118405+0.06643172j],
          [-0.34392085+0.40567291j,  0.29079085+0.12698835j,
            0.48410196-0.49928439j, -0.29136915-0.21892233j],
          [ 0.3328924 +0.14834289j, -0.55050996-0.42494517j,
            0.29079085+0.12698835j, -0.36446694-0.38731887j],
          [-0.10283446-0.09232454j,  0.3328924 +0.14834289j,
           -0.34392085+0.40567291j, -0.72363362-0.20391325j]],
         input_dims=(2, 2), output_dims=(2, 2))"
"Operator([[-7.23633618e-01-0.20391325j,  4.76810318e-01+0.23559283j,
           -3.63572398e-01+0.0252602j , -1.73915371e-04-0.13819811j],
          [ 4.63970535e-01-0.25996808j,  2.90790851e-01+0.12698835j,
           -2.79180890e-01+0.63694399j, -3.63572398e-01+0.0252602j ],
          [ 1.54526111e-01+0.33006764j,  3.67374636e-01+0.5904875j ,
            2.90790851e-01+0.12698835j,  4.76810318e-01+0.23559283j],
          [-3.16949705e-02+0.13451459j,  1.54526111e-01+0.33006764j,
            4.63970535e-01-0.25996808j, -7.23633618e-01-0.20391325j]],
         input_dims=(2, 2), output_dims=(2, 2))"
"Operator([[-0.72363362-0.20391325j,  0.53165995-0.01377509j,
           -0.18480255+0.31411938j, -0.13728423-0.01586778j],
          [ 0.53165995-0.01377509j,  0.29079085+0.12698835j,
            0.0498406 +0.69365375j, -0.18480255+0.31411938j],
          [-0.18480255+0.31411938j,  0.0498406 +0.69365375j,
            0.29079085+0.12698835j,  0.53165995-0.01377509j],
          [-0.13728423-0.01586778j, -0.18480255+0.31411938j,
            0.53165995-0.01377509j, -0.72363362-0.20391325j]],
         input_dims=(2, 2), output_dims=(2, 2))"
