unitary
"Operator([[ 0.57532448-0.74905336j,  0.15581789+0.28151575j,
           -0.06144206+0.02357565j, -0.00370673-0.00676778j],
          [ 0.15581789+0.28151575j,  0.8642233 -0.07169777j,
            0.0343219 +0.37274422j, -0.06144206+0.02357565j],
          [-0.06144206+0.02357565j,  0.0343219 +0.37274422j,
            0.8642233 -0.07169777j,  0.15581789+0.28151575j],
          [-0.00370673-0.00676778j, -0.06144206+0.02357565j,
            0.15581789+0.28151575j,  0.57532448-0.74905336j]],
         input_dims=(2, 2), output_dims=(2, 2))"
"Operator([[ 0.57532448-0.74905336j,  0.15581789+0.28151575j,
           -0.06144206+0.02357565j, -0.00370673-0.00676778j],
          [ 0.15581789+0.28151575j,  0.8642233 -0.07169777j,
            0.0343219 +0.37274422j, -0.06144206+0.02357565j],
          [-0.06144206+0.02357565j,  0.0343219 +0.37274422j,
            0.8642233 -0.07169777j,  0.15581789+0.28151575j],
          [-0.00370673-0.00676778j, -0.06144206+0.02357565j,
            0.15581789+0.28151575j,  0.57532448-0.74905336j]],
         input_dims=(2, 2), output_dims=(2, 2))"
"Operator([[ 0.57532448-0.74905336j,  0.32156984-0.01109813j,
            0.05520318+0.03582662j,  0.00472373+0.00610157j],
          [-0.18014961+0.26660167j,  0.8642233 -0.07169777j,
            0.34772903+0.13856685j,  0.05520318+0.03582662j],
          [ 0.01706886-0.06355779j, -0.31657849+0.1997356j ,
            0.8642233 -0.07169777j,  0.32156984-0.01109813j],
          [ 0.00259772+0.00726599j,  0.01706886-0.06355779j,
           -0.18014961+0.26660167j,  0.57532448-0.74905336j]],
         input_dims=(2, 2), output_dims=(2, 2))"
"Operator([[ 0.57532448-0.74905336j,  0.15581789+0.28151575j,
           -0.06144206+0.02357565j, -0.00370673-0.00676778j],
          [ 0.15581789+0.28151575j,  0.8642233 -0.07169777j,
            0.0343219 +0.37274422j, -0.06144206+0.02357565j],
          [-0.06144206+0.02357565j,  0.0343219 +0.37274422j,
            0.8642233 -0.07169777j,  0.15581789+0.28151575j],
          [-0.00370673-0.00676778j, -0.06144206+0.02357565j,
            0.15581789+0.28151575j,  0.57532448-0.74905336j]],
         input_dims=(2, 2), output_dims=(2, 2))"
"Operator([[ 5.75324479e-01-0.74905336j, -1.09714160e-01-0.30247832j,
           -6.57234476e-02+0.00337142j,  2.18999421e-04+0.00771329j],
          [-1.98061203e-01-0.25357857j,  8.64223300e-01-0.07169777j,
            2.45917316e-02-0.37351238j, -6.57234476e-02+0.00337142j],
          [-5.11094363e-02+0.04145797j, -9.23852047e-02-0.36274126j,
            8.64223300e-01-0.07169777j, -1.09714160e-01-0.30247832j],
          [ 6.38154865e-03+0.00433804j, -5.11094363e-02+0.04145797j,
           -1.98061203e-01-0.25357857j,  5.75324479e-01-0.74905336j]],
         input_dims=(2, 2), output_dims=(2, 2))"
"Operator([[ 0.57532448-0.74905336j, -0.13313742-0.2929245j ,
           -0.06438415+0.01362421j,  0.00201581+0.00744844j],
          [-0.17752827-0.26835433j,  0.8642233 -0.07169777j,
           -0.00482695-0.37428993j, -0.06438415+0.01362421j],
          [-0.05697224+0.03294089j, -0.06360317-0.36887787j,
            0.8642233 -0.07169777j, -0.13313742-0.2929245j ],
          [ 0.00519082+0.00570948j, -0.05697224+0.03294089j,
           -0.17752827-0.26835433j,  0.57532448-0.74905336j]],
         input_dims=(2, 2), output_dims=(2, 2))"
"Operator([[ 5.75324479e-01-0.74905336j, -9.69522429e-02-0.3068071j ,
           -6.57750708e-02-0.00213965j, -7.49398965e-04+0.00767992j],
          [-2.08505600e-01-0.24506274j,  8.64223300e-01-0.07169777j,
            4.02102667e-02-0.37215505j, -6.57750708e-02-0.00213965j],
          [-4.74613118e-02+0.04558906j, -1.07493261e-01-0.35855466j,
            8.64223300e-01-0.07169777j, -9.69522429e-02-0.3068071j ],
          [ 6.87490198e-03+0.00350407j, -4.74613118e-02+0.04558906j,
           -2.08505600e-01-0.24506274j,  5.75324479e-01-0.74905336j]],
         input_dims=(2, 2), output_dims=(2, 2))"
"Operator([[ 5.75324479e-01-0.74905336j, -1.13509008e-01-0.3010748j ,
           -6.56178820e-02+0.00502311j,  5.09755234e-04+0.00769954j],
          [-1.94856912e-01-0.25604905j,  8.64223300e-01-0.07169777j,
            1.98930445e-02-0.37379207j, -6.56178820e-02+0.00502311j],
          [-5.21358202e-02+0.04015961j, -8.78165994e-02-0.36387428j,
            8.64223300e-01-0.07169777j, -1.13509008e-01-0.3010748j ],
          [ 6.21339614e-03+0.00457564j, -5.21358202e-02+0.04015961j,
           -1.94856912e-01-0.25604905j,  5.75324479e-01-0.74905336j]],
         input_dims=(2, 2), output_dims=(2, 2))"
"Operator([[ 0.57532448-7.49053357e-01j, -0.29752912-1.22502064e-01j,
            0.00950728+6.51195031e-02j,  0.00446106-6.29616759e-03j],
          [ 0.05417339-3.17168056e-01j,  0.8642233 -7.16977729e-02j,
           -0.25963981-2.69635710e-01j,  0.00950728+6.51195031e-02j],
          [-0.03649301-5.47649340e-02j,  0.20603601-3.12514658e-01j,
            0.8642233 -7.16977729e-02j, -0.29752912-1.22502064e-01j],
          [-0.00770759+3.68634030e-04j, -0.03649301-5.47649340e-02j,
            0.05417339-3.17168056e-01j,  0.57532448-7.49053357e-01j]],
         input_dims=(2, 2), output_dims=(2, 2))"
"Operator([[ 0.57532448-0.74905336j,  0.15581789+0.28151575j,
           -0.06144206+0.02357565j, -0.00370673-0.00676778j],
          [ 0.15581789+0.28151575j,  0.8642233 -0.07169777j,
            0.0343219 +0.37274422j, -0.06144206+0.02357565j],
          [-0.06144206+0.02357565j,  0.0343219 +0.37274422j,
            0.8642233 -0.07169777j,  0.15581789+0.28151575j],
          [-0.00370673-0.00676778j, -0.06144206+0.02357565j,
            0.15581789+0.28151575j,  0.57532448-0.74905336j]],
         input_dims=(2, 2), output_dims=(2, 2))"
