theta
1.0518016110341177
0.3608195467144086
