unitary
"Operator([[-0.34591771-0.74033543j,  0.46356971+0.23706628j,
           -0.17339278+0.16512803j, -0.05362943-0.03063744j],
          [ 0.46356971+0.23706628j,  0.52443395-0.00218088j,
            0.0812213 +0.62444996j, -0.17339278+0.16512803j],
          [-0.17339278+0.16512803j,  0.0812213 +0.62444996j,
            0.52443395-0.00218088j,  0.46356971+0.23706628j],
          [-0.05362943-0.03063744j, -0.17339278+0.16512803j,
            0.46356971+0.23706628j, -0.34591771-0.74033543j]],
         input_dims=(2, 2), output_dims=(2, 2))"
"Operator([[-0.34591771-0.74033543j,  0.46356971+0.23706628j,
           -0.17339278+0.16512803j, -0.05362943-0.03063744j],
          [ 0.46356971+0.23706628j,  0.52443395-0.00218088j,
            0.0812213 +0.62444996j, -0.17339278+0.16512803j],
          [-0.17339278+0.16512803j,  0.0812213 +0.62444996j,
            0.52443395-0.00218088j,  0.46356971+0.23706628j],
          [-0.05362943-0.03063744j, -0.17339278+0.16512803j,
            0.46356971+0.23706628j, -0.34591771-0.74033543j]],
         input_dims=(2, 2), output_dims=(2, 2))"
"Operator([[-0.34591771-0.74033543j, -0.1758196 -0.49008649j,
           -0.17580564-0.16255675j, -0.05776788+0.02185499j],
          [-0.50026234+0.14434295j,  0.52443395-0.00218088j,
            0.36807537-0.51093559j, -0.17580564-0.16255675j],
          [ 0.15378384+0.18352888j, -0.48653059-0.39977823j,
            0.52443395-0.00218088j, -0.1758196 -0.49008649j],
          [-0.01051299-0.06086251j,  0.15378384+0.18352888j,
           -0.50026234+0.14434295j, -0.34591771-0.74033543j]],
         input_dims=(2, 2), output_dims=(2, 2))"
"Operator([[-0.34591771-0.74033543j, -0.44180545+0.27550906j,
            0.22728788+0.07531626j, -0.0520092 -0.03331383j],
          [-0.0352562 -0.51947503j,  0.52443395-0.00218088j,
           -0.57723286-0.25166818j,  0.22728788+0.07531626j],
          [-0.06413498-0.23069249j,  0.49364766-0.39095605j,
            0.52443395-0.00218088j, -0.44180545+0.27550906j],
          [-0.05511205-0.02788245j, -0.06413498-0.23069249j,
           -0.0352562 -0.51947503j, -0.34591771-0.74033543j]],
         input_dims=(2, 2), output_dims=(2, 2))"
"Operator([[-0.34591771-0.74033543j, -0.01126556+0.52054816j,
           -0.02208255-0.23842123j,  0.0457526 +0.04149058j],
          [ 0.41544234-0.31385501j,  0.52443395-0.00218088j,
           -0.52658235+0.34531967j, -0.02208255-0.23842123j],
          [ 0.23705955+0.03369109j,  0.59739751+0.19912524j,
            0.52443395-0.00218088j, -0.01126556+0.52054816j],
          [ 0.05897807+0.01834001j,  0.23705955+0.03369109j,
            0.41544234-0.31385501j, -0.34591771-0.74033543j]],
         input_dims=(2, 2), output_dims=(2, 2))"
"Operator([[-0.34591771-0.74033543j, -0.49546936+0.16002318j,
            0.16503075+0.17348536j, -0.01620765-0.05959933j],
          [-0.16030103-0.49537953j,  0.52443395-0.00218088j,
           -0.4988772 -0.38426058j,  0.16503075+0.17348536j],
          [-0.16522525-0.17330014j,  0.38398073-0.49909263j,
            0.52443395-0.00218088j, -0.49546936+0.16002318j],
          [-0.05957198+0.01630791j, -0.16522525-0.17330014j,
           -0.16030103-0.49537953j, -0.34591771-0.74033543j]],
         input_dims=(2, 2), output_dims=(2, 2))"
