unitary
"Operator([[-0.23744318-0.79843555j, -0.23971572+0.44702148j,
            0.14450424-0.15912427j, -0.0202503 +0.04709038j],
          [ 0.29269218-0.4142742j ,  0.57085573-0.02059512j,
           -0.5972322 +0.1162731j ,  0.14450424-0.15912427j],
          [ 0.17887165-0.11919288j,  0.60697983-0.04220458j,
            0.57085573-0.02059512j, -0.23971572+0.44702148j],
          [ 0.03585664-0.03663167j,  0.17887165-0.11919288j,
            0.29269218-0.4142742j , -0.23744318-0.79843555j]],
         input_dims=(2, 2), output_dims=(2, 2))"
"Operator([[-0.23744318-0.79843555j,  0.43146169+0.26670703j,
           -0.16291599+0.14021551j, -0.0425821 -0.0285367j ],
          [ 0.43146169+0.26670703j,  0.57085573-0.02059512j,
            0.07938859+0.60324389j, -0.16291599+0.14021551j],
          [-0.16291599+0.14021551j,  0.07938859+0.60324389j,
            0.57085573-0.02059512j,  0.43146169+0.26670703j],
          [-0.0425821 -0.0285367j , -0.16291599+0.14021551j,
            0.43146169+0.26670703j, -0.23744318-0.79843555j]],
         input_dims=(2, 2), output_dims=(2, 2))"
"Operator([[-0.23744318-0.79843555j, -0.49337277-0.1177928j ,
           -0.04723439+0.20969244j,  0.04783783-0.01841521j],
          [-0.32593617-0.38866109j,  0.57085573-0.02059512j,
           -0.26473199-0.54783457j, -0.04723439+0.20969244j],
          [-0.21438864+0.0154764j ,  0.11397984-0.5976741j ,
            0.57085573-0.02059512j, -0.49337277-0.1177928j ],
          [ 0.00115323+0.05124694j, -0.21438864+0.0154764j ,
           -0.32593617-0.38866109j, -0.23744318-0.79843555j]],
         input_dims=(2, 2), output_dims=(2, 2))"
"Operator([[-0.23744318-0.79843555j, -0.02243563+0.506743j  ,
           -0.03396421-0.21224618j,  0.04132931+0.03032271j],
          [ 0.44325177-0.24661649j,  0.57085573-0.02059512j,
           -0.48793616+0.36348871j, -0.03396421-0.21224618j],
          [ 0.20482034+0.0651969j ,  0.56536597+0.22487121j,
            0.57085573-0.02059512j, -0.02243563+0.506743j  ],
          [ 0.04375775+0.02669901j,  0.20482034+0.0651969j ,
            0.44325177-0.24661649j, -0.23744318-0.79843555j]],
         input_dims=(2, 2), output_dims=(2, 2))"
"Operator([[-0.23744318-0.79843555j,  0.43146169+0.26670703j,
           -0.16291599+0.14021551j, -0.0425821 -0.0285367j ],
          [ 0.43146169+0.26670703j,  0.57085573-0.02059512j,
            0.07938859+0.60324389j, -0.16291599+0.14021551j],
          [-0.16291599+0.14021551j,  0.07938859+0.60324389j,
            0.57085573-0.02059512j,  0.43146169+0.26670703j],
          [-0.0425821 -0.0285367j , -0.16291599+0.14021551j,
            0.43146169+0.26670703j, -0.23744318-0.79843555j]],
         input_dims=(2, 2), output_dims=(2, 2))"
"Operator([[-0.23744318-0.79843555j, -0.18731246+0.47138718j,
            0.10479999-0.18766718j, -0.00328567+0.0511545j ],
          [ 0.33791506-0.37829253j,  0.57085573-0.02059512j,
           -0.58013026+0.18345195j,  0.10479999-0.18766718j],
          [ 0.20118274-0.07568034j,  0.60784101+0.0271116j ,
            0.57085573-0.02059512j, -0.18731246+0.47138718j],
          [ 0.04606486-0.02248571j,  0.20118274-0.07568034j,
            0.33791506-0.37829253j, -0.23744318-0.79843555j]],
         input_dims=(2, 2), output_dims=(2, 2))"
"Operator([[-0.23744318-0.79843555j, -0.31728139+0.39575794j,
            0.19198832-0.09665658j, -0.04189698+0.0295334j ],
          [ 0.2121599 -0.46073854j,  0.57085573-0.02059512j,
           -0.60842217+0.00531003j,  0.19198832-0.09665658j],
          [ 0.12417287-0.17545115j,  0.58907991-0.1522846j ,
            0.57085573-0.02059512j, -0.31728139+0.39575794j],
          [ 0.01138868-0.04997876j,  0.12417287-0.17545115j,
            0.2121599 -0.46073854j, -0.23744318-0.79843555j]],
         input_dims=(2, 2), output_dims=(2, 2))"
"Operator([[-0.23744318-0.79843555j,  0.32463158+0.38975141j,
           -0.21448757+0.01403885j, -0.00063786-0.05125594j],
          [ 0.49376482+0.1161384j ,  0.57085573-0.02059512j,
           -0.11598254+0.5972887j , -0.21448757+0.01403885j],
          [-0.0458276 +0.21000438j,  0.26656678+0.54694414j,
            0.57085573-0.02059512j,  0.32463158+0.38975141j],
          [-0.04765024+0.01889532j, -0.0458276 +0.21000438j,
            0.49376482+0.1161384j , -0.23744318-0.79843555j]],
         input_dims=(2, 2), output_dims=(2, 2))"
"Operator([[-0.23744318-0.79843555j,  0.43146169+0.26670703j,
           -0.16291599+0.14021551j, -0.0425821 -0.0285367j ],
          [ 0.43146169+0.26670703j,  0.57085573-0.02059512j,
            0.07938859+0.60324389j, -0.16291599+0.14021551j],
          [-0.16291599+0.14021551j,  0.07938859+0.60324389j,
            0.57085573-0.02059512j,  0.43146169+0.26670703j],
          [-0.0425821 -0.0285367j , -0.16291599+0.14021551j,
            0.43146169+0.26670703j, -0.23744318-0.79843555j]],
         input_dims=(2, 2), output_dims=(2, 2))"
