unitary
"Operator([[ 9.41366246e-01-3.14213578e-01j,
           -7.49100050e-02-9.70087512e-02j,
           -4.07266892e-03+7.77775479e-03j,
            3.62409472e-04-1.59743080e-05j],
          [ 3.62118575e-02-1.17093587e-01j,
            9.81660078e-01-3.43511799e-02j,
           -6.96545356e-02-1.23338747e-01j,
           -4.07266892e-03+7.77775479e-03j],
          [-5.94744430e-03-6.45817374e-03j,
            6.07680443e-02-1.27950951e-01j,
            9.81660078e-01-3.43511799e-02j,
           -7.49100050e-02-9.70087512e-02j],
          [-3.45114978e-04+1.11765182e-04j,
           -5.94744430e-03-6.45817374e-03j,
            3.62118575e-02-1.17093587e-01j,
            9.41366246e-01-3.14213578e-01j]],
         input_dims=(2, 2), output_dims=(2, 2))"
"Operator([[ 9.41366246e-01-3.14213578e-01j,
           -1.03002713e-01-6.64277630e-02j,
            1.73151962e-03+8.60708670e-03j,
            1.75634213e-04-3.17408928e-04j],
          [ 7.32321648e-02-9.82815176e-02j,
            9.81660078e-01-3.43511799e-02j,
           -1.06840722e-01-9.30014031e-02j,
            1.73151962e-03+8.60708670e-03j],
          [-5.55860034e-04-8.76191311e-03j,
            1.00004330e-01-1.00316175e-01j,
            9.81660078e-01-3.43511799e-02j,
           -1.03002713e-01-6.64277630e-02j],
          [-2.75540350e-04-2.35951943e-04j,
           -5.55860034e-04-8.76191311e-03j,
            7.32321648e-02-9.82815176e-02j,
            9.41366246e-01-3.14213578e-01j]],
         input_dims=(2, 2), output_dims=(2, 2))"
"Operator([[ 9.41366246e-01-0.31421358j,  2.17999268e-02+0.12061082j,
           -8.70437146e-03+0.00114631j, -6.44524569e-05-0.00035699j],
          [ 2.17999268e-02+0.12061082j,  9.81660078e-01-0.03435118j,
            5.00604995e-03+0.14155967j, -8.70437146e-03+0.00114631j],
          [-8.70437146e-03+0.00114631j,  5.00604995e-03+0.14155967j,
            9.81660078e-01-0.03435118j,  2.17999268e-02+0.12061082j],
          [-6.44524569e-05-0.00035699j, -8.70437146e-03+0.00114631j,
            2.17999268e-02+0.12061082j,  9.41366246e-01-0.31421358j]],
         input_dims=(2, 2), output_dims=(2, 2))"
"Operator([[ 9.41366246e-01-0.31421358j,  2.17999268e-02+0.12061082j,
           -8.70437146e-03+0.00114631j, -6.44524569e-05-0.00035699j],
          [ 2.17999268e-02+0.12061082j,  9.81660078e-01-0.03435118j,
            5.00604995e-03+0.14155967j, -8.70437146e-03+0.00114631j],
          [-8.70437146e-03+0.00114631j,  5.00604995e-03+0.14155967j,
            9.81660078e-01-0.03435118j,  2.17999268e-02+0.12061082j],
          [-6.44524569e-05-0.00035699j, -8.70437146e-03+0.00114631j,
            2.17999268e-02+0.12061082j,  9.41366246e-01-0.31421358j]],
         input_dims=(2, 2), output_dims=(2, 2))"
"Operator([[ 9.41366246e-01-3.14213578e-01j,
           -1.11250132e-01+5.14355401e-02j,
            7.04491587e-03-5.23920434e-03j,
           -2.13547189e-04+2.93246317e-04j],
          [ 1.22216520e-01+9.23736971e-03j,
            9.81660078e-01-3.43511799e-02j,
           -1.35749557e-01+4.04506945e-02j,
            7.04491587e-03-5.23920434e-03j],
          [ 8.16113124e-03+3.23667091e-03j,
            1.38267836e-01+3.07604717e-02j,
            9.81660078e-01-3.43511799e-02j,
           -1.11250132e-01+5.14355401e-02j],
          [ 3.02610287e-04+2.00057039e-04j,
            8.16113124e-03+3.23667091e-03j,
            1.22216520e-01+9.23736971e-03j,
            9.41366246e-01-3.14213578e-01j]],
         input_dims=(2, 2), output_dims=(2, 2))"
"Operator([[ 9.41366246e-01-0.31421358j, -9.50711946e-02+0.07735422j,
            3.67170059e-03-0.00797488j,  4.35692953e-05+0.00036014j],
          [ 1.16134232e-01+0.03917967j,  9.81660078e-01-0.03435118j,
           -1.21526395e-01+0.07277044j,  3.67170059e-03-0.00797488j],
          [ 5.61118204e-03+0.00675239j,  1.26363229e-01+0.06400418j,
            9.81660078e-01-0.03435118j, -9.50711946e-02+0.07735422j],
          [ 8.51171776e-05+0.00035263j,  5.61118204e-03+0.00675239j,
            1.16134232e-01+0.03917967j,  9.41366246e-01-0.31421358j]],
         input_dims=(2, 2), output_dims=(2, 2))"
"Operator([[ 9.41366246e-01-3.14213578e-01j,
           -7.77462129e-02+9.47509000e-02j,
            2.64812367e-04-8.77553281e-03j,
            2.39841719e-04+2.72161265e-04j],
          [ 1.05995238e-01+6.15403622e-02j,
            9.81660078e-01-3.43511799e-02j,
           -1.04584222e-01+9.55318874e-02j,
            2.64812367e-04-8.77553281e-03j],
          [ 2.52773737e-03+8.40777292e-03j,
            1.11071217e-01+8.79055494e-02j,
            9.81660078e-01-3.43511799e-02j,
           -7.77462129e-02+9.47509000e-02j],
          [-1.29527360e-04+3.38848738e-04j,
            2.52773737e-03+8.40777292e-03j,
            1.05995238e-01+6.15403622e-02j,
            9.41366246e-01-3.14213578e-01j]],
         input_dims=(2, 2), output_dims=(2, 2))"
