unitary
"Operator([[ 9.32123565e-01-0.3371526j ,  1.04071495e-01-0.08086557j,
            4.82170319e-03-0.0089561j , -1.15190945e-05-0.0004526j ],
          [-1.26831181e-01-0.03583249j,  9.78758589e-01-0.03676126j,
            1.33250723e-01-0.07383023j,  4.82170319e-03-0.0089561j ],
          [ 7.12367136e-03+0.00726043j, -1.38472393e-01-0.06349846j,
            9.78758589e-01-0.03676126j,  1.04071495e-01-0.08086557j],
          [-1.59191123e-04-0.00042384j,  7.12367136e-03+0.00726043j,
           -1.26831181e-01-0.03583249j,  9.32123565e-01-0.3371526j ]],
         input_dims=(2, 2), output_dims=(2, 2))"
"Operator([[ 9.32123565e-01-0.3371526j ,  2.52288575e-02+0.1293585j ,
           -1.00705999e-02+0.00142954j, -8.65582110e-05-0.0004444j ],
          [ 2.52288575e-02+0.1293585j ,  9.78758589e-01-0.03676126j,
            5.78816283e-03+0.15222731j, -1.00705999e-02+0.00142954j],
          [-1.00705999e-02+0.00142954j,  5.78816283e-03+0.15222731j,
            9.78758589e-01-0.03676126j,  2.52288575e-02+0.1293585j ],
          [-8.65582110e-05-0.0004444j , -1.00705999e-02+0.00142954j,
            2.52288575e-02+0.1293585j ,  9.32123565e-01-0.3371526j ]],
         input_dims=(2, 2), output_dims=(2, 2))"
"Operator([[ 9.32123565e-01-3.37152602e-01j,
            4.54100158e-02-1.23725690e-01j,
           -5.93538013e-03-8.26025625e-03j,
           -4.48924214e-04+5.87155749e-05j],
          [-8.85742448e-02-9.75946674e-02j,
            9.78758589e-01-3.67612587e-02j,
            7.38839203e-02-1.33220959e-01j,
           -5.93538013e-03-8.26025625e-03j],
          [-3.40210792e-03+9.58573066e-03j,
           -8.37869286e-02-1.27225816e-01j,
            9.78758589e-01-3.67612587e-02j,
            4.54100158e-02-1.23725690e-01j],
          [ 4.38143449e-04-1.14064837e-04j,
           -3.40210792e-03+9.58573066e-03j,
           -8.85742448e-02-9.75946674e-02j,
            9.32123565e-01-3.37152602e-01j]],
         input_dims=(2, 2), output_dims=(2, 2))"
"Operator([[ 9.32123565e-01-0.3371526j ,  2.52288575e-02+0.1293585j ,
           -1.00705999e-02+0.00142954j, -8.65582110e-05-0.0004444j ],
          [ 2.52288575e-02+0.1293585j ,  9.78758589e-01-0.03676126j,
            5.78816283e-03+0.15222731j, -1.00705999e-02+0.00142954j],
          [-1.00705999e-02+0.00142954j,  5.78816283e-03+0.15222731j,
            9.78758589e-01-0.03676126j,  2.52288575e-02+0.1293585j ],
          [-8.65582110e-05-0.0004444j , -1.00705999e-02+0.00142954j,
            2.52288575e-02+0.1293585j ,  9.32123565e-01-0.3371526j ]],
         input_dims=(2, 2), output_dims=(2, 2))"
"Operator([[ 9.32123565e-01-3.37152602e-01j,
           -1.81465728e-02-1.30540483e-01j,
           -1.01663378e-02+3.25802504e-04j,
            1.30862342e-05+4.52558526e-04j],
          [-3.22362611e-02-1.27792564e-01j,
            9.78758589e-01-3.67612587e-02j,
            2.51070345e-03-1.52316624e-01j,
           -1.01663378e-02+3.25802504e-04j],
          [-9.85538954e-03+2.51632025e-03j,
           -1.40698494e-02-1.51686179e-01j,
            9.78758589e-01-3.67612587e-02j,
           -1.81465728e-02-1.30540483e-01j],
          [ 1.57722557e-04+4.24386692e-04j,
           -9.85538954e-03+2.51632025e-03j,
           -3.22362611e-02-1.27792564e-01j,
            9.32123565e-01-3.37152602e-01j]],
         input_dims=(2, 2), output_dims=(2, 2))"
"Operator([[ 9.32123565e-01-3.37152602e-01j,
           -3.48809959e-02-1.27096153e-01j,
           -9.74249895e-03+2.92306088e-03j,
            1.83819727e-04+4.13752072e-04j],
          [-1.54339716e-02-1.30888916e-01j,
            9.78758589e-01-3.67612587e-02j,
           -1.72142842e-02-1.51361574e-01j,
           -9.74249895e-03+2.92306088e-03j],
          [-1.01711012e-02-9.62869868e-05j,
            5.67070855e-03-1.52231734e-01j,
            9.78758589e-01-3.67612587e-02j,
           -3.48809959e-02-1.27096153e-01j],
          [-1.50944950e-05+4.52495995e-04j,
           -1.01711012e-02-9.62869868e-05j,
           -1.54339716e-02-1.30888916e-01j,
            9.32123565e-01-3.37152602e-01j]],
         input_dims=(2, 2), output_dims=(2, 2))"
"Operator([[ 9.32123565e-01-3.37152602e-01j,
           -3.63444805e-02-1.26685416e-01j,
           -9.67248818e-03+3.14698951e-03j,
            1.98022621e-04+4.07145564e-04j],
          [-1.39233986e-02-1.31058212e-01j,
            9.78758589e-01-3.67612587e-02j,
           -1.89587977e-02-1.51152974e-01j,
           -9.67248818e-03+3.14698951e-03j],
          [-1.01661746e-02-3.30853112e-04j,
            7.42602540e-03-1.52156209e-01j,
            9.78758589e-01-3.67612587e-02j,
           -3.63444805e-02-1.26685416e-01j],
          [-3.07386413e-05+4.51703005e-04j,
           -1.01661746e-02-3.30853112e-04j,
           -1.39233986e-02-1.31058212e-01j,
            9.32123565e-01-3.37152602e-01j]],
         input_dims=(2, 2), output_dims=(2, 2))"
"Operator([[ 9.32123565e-01-0.3371526j , -2.51306902e-02-0.1293776j ,
           -1.00727579e-02+0.00141426j,  8.55463345e-05+0.00044459j],
          [-2.53270103e-02-0.12933932j,  9.78758589e-01-0.03676126j,
           -5.67264777e-03-0.15223166j, -1.00727579e-02+0.00141426j],
          [-1.00684188e-02+0.00144482j, -5.90367457e-03-0.15222288j,
            9.78758589e-01-0.03676126j, -2.51306902e-02-0.1293776j ],
          [ 8.75696389e-05+0.0004442j , -1.00684188e-02+0.00144482j,
           -2.53270103e-02-0.12933932j,  9.32123565e-01-0.3371526j ]],
         input_dims=(2, 2), output_dims=(2, 2))"
"Operator([[ 9.32123565e-01-0.3371526j , -2.01595741e-03-0.13178032j,
           -9.94035147e-03-0.00215638j, -1.50806061e-04+0.00042689j],
          [-4.76506139e-02-0.12288016j,  9.78758589e-01-0.03676126j,
            2.11537122e-02-0.15086145j, -9.94035147e-03-0.00215638j],
          [-8.94754853e-03+0.00483756j, -3.25485287e-02-0.14881952j,
            9.78758589e-01-0.03676126j, -2.01595741e-03-0.13178032j],
          [ 3.00001362e-04+0.00033909j, -8.94754853e-03+0.00483756j,
           -4.76506139e-02-0.12288016j,  9.32123565e-01-0.3371526j ]],
         input_dims=(2, 2), output_dims=(2, 2))"
"Operator([[ 9.32123565e-01-3.37152602e-01j,
            3.76992307e-02-1.26288891e-01j,
           -6.90642689e-03-7.46738496e-03j,
           -4.30464843e-04+1.40287162e-04j],
          [-8.23917230e-02-1.02867487e-01j,
            9.78758589e-01-3.67612587e-02j,
            6.55338814e-02-1.37520791e-01j,
           -6.90642689e-03-7.46738496e-03j],
          [-4.55544678e-03+9.09442001e-03j,
           -7.57875135e-02-1.32147306e-01j,
            9.78758589e-01-3.67612587e-02j,
            3.76992307e-02-1.26288891e-01j],
          [ 4.51648577e-04-3.15282766e-05j,
           -4.55544678e-03+9.09442001e-03j,
           -8.23917230e-02-1.02867487e-01j,
            9.32123565e-01-3.37152602e-01j]],
         input_dims=(2, 2), output_dims=(2, 2))"
"Operator([[ 9.32123565e-01-0.3371526j ,  2.52288575e-02+0.1293585j ,
           -1.00705999e-02+0.00142954j, -8.65582110e-05-0.0004444j ],
          [ 2.52288575e-02+0.1293585j ,  9.78758589e-01-0.03676126j,
            5.78816283e-03+0.15222731j, -1.00705999e-02+0.00142954j],
          [-1.00705999e-02+0.00142954j,  5.78816283e-03+0.15222731j,
            9.78758589e-01-0.03676126j,  2.52288575e-02+0.1293585j ],
          [-8.65582110e-05-0.0004444j , -1.00705999e-02+0.00142954j,
            2.52288575e-02+0.1293585j ,  9.32123565e-01-0.3371526j ]],
         input_dims=(2, 2), output_dims=(2, 2))"
"Operator([[ 9.32123565e-01-0.3371526j ,  2.52288575e-02+0.1293585j ,
           -1.00705999e-02+0.00142954j, -8.65582110e-05-0.0004444j ],
          [ 2.52288575e-02+0.1293585j ,  9.78758589e-01-0.03676126j,
            5.78816283e-03+0.15222731j, -1.00705999e-02+0.00142954j],
          [-1.00705999e-02+0.00142954j,  5.78816283e-03+0.15222731j,
            9.78758589e-01-0.03676126j,  2.52288575e-02+0.1293585j ],
          [-8.65582110e-05-0.0004444j , -1.00705999e-02+0.00142954j,
            2.52288575e-02+0.1293585j ,  9.32123565e-01-0.3371526j ]],
         input_dims=(2, 2), output_dims=(2, 2))"
"Operator([[ 9.32123565e-01-3.37152602e-01j,
            1.00469930e-01+8.52989392e-02j,
           -8.25482636e-04+1.01380052e-02j,
           -3.61958200e-04+2.71968252e-04j],
          [-6.10542528e-02+1.16801088e-01j,
            9.78758589e-01-3.67612587e-02j,
            9.95612229e-02+1.15300566e-01j,
           -8.25482636e-04+1.01380052e-02j],
          [-3.61423941e-03-9.50777808e-03j,
           -9.05182308e-02+1.22527987e-01j,
            9.78758589e-01-3.67612587e-02j,
            1.00469930e-01+8.52989392e-02j],
          [ 4.37571893e-04+1.16238149e-04j,
           -3.61423941e-03-9.50777808e-03j,
           -6.10542528e-02+1.16801088e-01j,
            9.32123565e-01-3.37152602e-01j]],
         input_dims=(2, 2), output_dims=(2, 2))"
