unitary
"Operator([[ 9.85214685e-01-1.59807648e-01j,
            5.50476864e-03+6.14684467e-02j,
           -2.20092402e-03+1.44310927e-04j,
           -4.05752853e-06-4.53203950e-05j],
          [ 5.50476864e-03+6.14684467e-02j,
            9.95385996e-01-1.76857145e-02j,
            1.26948548e-03+7.12656000e-02j,
           -2.20092402e-03+1.44310927e-04j],
          [-2.20092402e-03+1.44310927e-04j,
            1.26948548e-03+7.12656000e-02j,
            9.95385996e-01-1.76857145e-02j,
            5.50476864e-03+6.14684467e-02j],
          [-4.05752853e-06-4.53203950e-05j,
           -2.20092402e-03+1.44310927e-04j,
            5.50476864e-03+6.14684467e-02j,
            9.85214685e-01-1.59807648e-01j]],
         input_dims=(2, 2), output_dims=(2, 2))"
"Operator([[ 9.85214685e-01-1.59807648e-01j,
            6.16370391e-02+3.08995649e-03j,
            2.15564775e-03+4.66984993e-04j,
            4.30623263e-05+1.46982244e-05j],
          [-6.01072135e-02+1.39926876e-02j,
            9.95385996e-01-1.76857145e-02j,
            7.07506358e-02+8.64551142e-03j,
            2.15564775e-03+4.66984993e-04j],
          [ 2.07621524e-03-7.44461208e-04j,
           -7.03978341e-02+1.11598512e-02j,
            9.95385996e-01-1.76857145e-02j,
            6.16370391e-02+3.08995649e-03j],
          [-3.97665437e-05+2.21138813e-05j,
            2.07621524e-03-7.44461208e-04j,
           -6.01072135e-02+1.39926876e-02j,
            9.85214685e-01-1.59807648e-01j]],
         input_dims=(2, 2), output_dims=(2, 2))"
"Operator([[ 9.85214685e-01-1.59807648e-01j,
            6.16361037e-02-3.10856044e-03j,
            2.20548118e-03+2.72938797e-05j,
            4.54844853e-05+1.25033751e-06j],
          [-6.12076686e-02+7.89263743e-03j,
            9.95385996e-01-1.76857145e-02j,
            7.12610202e-02+1.50476986e-03j,
            2.20548118e-03+2.72938797e-05j],
          [ 2.18303481e-03-3.15041573e-04j,
           -7.11622164e-02+4.04181762e-03j,
            9.95385996e-01-1.76857145e-02j,
            6.16361037e-02-3.10856044e-03j],
          [-4.45390083e-05+9.31012810e-06j,
            2.18303481e-03-3.15041573e-04j,
           -6.12076686e-02+7.89263743e-03j,
            9.85214685e-01-1.59807648e-01j]],
         input_dims=(2, 2), output_dims=(2, 2))"
"Operator([[ 9.85214685e-01-1.59807648e-01j,
            5.50476864e-03+6.14684467e-02j,
           -2.20092402e-03+1.44310927e-04j,
           -4.05752853e-06-4.53203950e-05j],
          [ 5.50476864e-03+6.14684467e-02j,
            9.95385996e-01-1.76857145e-02j,
            1.26948548e-03+7.12656000e-02j,
           -2.20092402e-03+1.44310927e-04j],
          [-2.20092402e-03+1.44310927e-04j,
            1.26948548e-03+7.12656000e-02j,
            9.95385996e-01-1.76857145e-02j,
            5.50476864e-03+6.14684467e-02j],
          [-4.05752853e-06-4.53203950e-05j,
           -2.20092402e-03+1.44310927e-04j,
            5.50476864e-03+6.14684467e-02j,
            9.85214685e-01-1.59807648e-01j]],
         input_dims=(2, 2), output_dims=(2, 2))"
"Operator([[ 9.85214685e-01-1.59807648e-01j,
            6.04976751e-02-1.21944140e-02j,
            2.11689559e-03-6.19391039e-04j,
            4.15831200e-05-1.84728416e-05j],
          [-6.17017635e-02-1.25091908e-03j,
            9.95385996e-01-1.76857145e-02j,
            7.06992621e-02-9.05602958e-03j,
            2.11689559e-03-6.19391039e-04j],
          [ 2.17964874e-03+3.37673775e-04j,
           -7.09769437e-02-6.53228901e-03j,
            9.95385996e-01-1.76857145e-02j,
            6.04976751e-02-1.21944140e-02j],
          [-4.42032330e-05-1.07924016e-05j,
            2.17964874e-03+3.37673775e-04j,
           -6.17017635e-02-1.25091908e-03j,
            9.85214685e-01-1.59807648e-01j]],
         input_dims=(2, 2), output_dims=(2, 2))"
"Operator([[ 9.85214685e-01-1.59807648e-01j,
            5.50476864e-03+6.14684467e-02j,
           -2.20092402e-03+1.44310927e-04j,
           -4.05752853e-06-4.53203950e-05j],
          [ 5.50476864e-03+6.14684467e-02j,
            9.95385996e-01-1.76857145e-02j,
            1.26948548e-03+7.12656000e-02j,
           -2.20092402e-03+1.44310927e-04j],
          [-2.20092402e-03+1.44310927e-04j,
            1.26948548e-03+7.12656000e-02j,
            9.95385996e-01-1.76857145e-02j,
            5.50476864e-03+6.14684467e-02j],
          [-4.05752853e-06-4.53203950e-05j,
           -2.20092402e-03+1.44310927e-04j,
            5.50476864e-03+6.14684467e-02j,
            9.85214685e-01-1.59807648e-01j]],
         input_dims=(2, 2), output_dims=(2, 2))"
"Operator([[ 9.85214685e-01-1.59807648e-01j,
            5.50476864e-03+6.14684467e-02j,
           -2.20092402e-03+1.44310927e-04j,
           -4.05752853e-06-4.53203950e-05j],
          [ 5.50476864e-03+6.14684467e-02j,
            9.95385996e-01-1.76857145e-02j,
            1.26948548e-03+7.12656000e-02j,
           -2.20092402e-03+1.44310927e-04j],
          [-2.20092402e-03+1.44310927e-04j,
            1.26948548e-03+7.12656000e-02j,
            9.95385996e-01-1.76857145e-02j,
            5.50476864e-03+6.14684467e-02j],
          [-4.05752853e-06-4.53203950e-05j,
           -2.20092402e-03+1.44310927e-04j,
            5.50476864e-03+6.14684467e-02j,
            9.85214685e-01-1.59807648e-01j]],
         input_dims=(2, 2), output_dims=(2, 2))"
"Operator([[ 9.85214685e-01-1.59807648e-01j,
            5.50476864e-03+6.14684467e-02j,
           -2.20092402e-03+1.44310927e-04j,
           -4.05752853e-06-4.53203950e-05j],
          [ 5.50476864e-03+6.14684467e-02j,
            9.95385996e-01-1.76857145e-02j,
            1.26948548e-03+7.12656000e-02j,
           -2.20092402e-03+1.44310927e-04j],
          [-2.20092402e-03+1.44310927e-04j,
            1.26948548e-03+7.12656000e-02j,
            9.95385996e-01-1.76857145e-02j,
            5.50476864e-03+6.14684467e-02j],
          [-4.05752853e-06-4.53203950e-05j,
           -2.20092402e-03+1.44310927e-04j,
            5.50476864e-03+6.14684467e-02j,
            9.85214685e-01-1.59807648e-01j]],
         input_dims=(2, 2), output_dims=(2, 2))"
"Operator([[ 9.85214685e-01-1.59807648e-01j,
            5.88788037e-02-1.84921307e-02j,
            1.94040673e-03-1.04867246e-03j,
            3.37761891e-05-3.04888634e-05j],
          [-6.12276541e-02-7.73607135e-03j,
            9.95385996e-01-1.76857145e-02j,
            6.93539767e-02-1.64445505e-02j,
            1.94040673e-03-1.04867246e-03j],
          [ 2.06072446e-03+7.86324940e-04j,
           -6.98956582e-02-1.39640356e-02j,
            9.95385996e-01-1.76857145e-02j,
            5.88788037e-02-1.84921307e-02j],
          [-3.86549377e-05-2.40041150e-05j,
            2.06072446e-03+7.86324940e-04j,
           -6.12276541e-02-7.73607135e-03j,
            9.85214685e-01-1.59807648e-01j]],
         input_dims=(2, 2), output_dims=(2, 2))"
"Operator([[ 9.85214685e-01-1.59807648e-01j,
            5.94155271e-02-1.66873474e-02j,
            2.00074763e-03-9.28386292e-04j,
            3.64216420e-05-2.72739021e-05j],
          [-6.14351563e-02-5.86463938e-03j,
            9.95385996e-01-1.76857145e-02j,
            6.98233605e-02-1.43211611e-02j,
            2.00074763e-03-9.28386292e-04j],
          [ 2.10484234e-03+6.59189587e-04j,
           -7.02891185e-02-1.18252759e-02j,
            9.95385996e-01-1.76857145e-02j,
            5.94155271e-02-1.66873474e-02j],
          [-4.06872257e-05-2.03703561e-05j,
            2.10484234e-03+6.59189587e-04j,
           -6.14351563e-02-5.86463938e-03j,
            9.85214685e-01-1.59807648e-01j]],
         input_dims=(2, 2), output_dims=(2, 2))"
"Operator([[ 9.85214685e-01-1.59807648e-01j,
            6.01775578e-02-1.36869995e-02j,
            2.08367562e-03-7.23317430e-04j,
            4.00991043e-05-2.15049664e-05j],
          [-6.16519483e-02-2.77663358e-03j,
            9.95385996e-01-1.76857145e-02j,
            7.04536471e-02-1.08018955e-02j,
            2.08367562e-03-7.23317430e-04j],
          [ 2.16028340e-03+4.45048097e-04j,
           -7.07936645e-02-8.28579501e-03j,
            9.95385996e-01-1.76857145e-02j,
            6.01775578e-02-1.36869995e-02j],
          [-4.32814328e-05-1.40399188e-05j,
            2.16028340e-03+4.45048097e-04j,
           -6.16519483e-02-2.77663358e-03j,
            9.85214685e-01-1.59807648e-01j]],
         input_dims=(2, 2), output_dims=(2, 2))"
"Operator([[ 9.85214685e-01-1.59807648e-01j,
            6.09406374e-02-9.74223447e-03j,
            2.15996372e-03-4.46597052e-04j,
            4.35107142e-05-1.33123813e-05j],
          [-6.17019649e-02+1.24094775e-03j,
            9.95385996e-01-1.76857145e-02j,
            7.10072146e-02-6.19457902e-03j,
            2.15996372e-03-4.46597052e-04j],
          [ 2.19978551e-03+1.60735548e-04j,
           -7.11827886e-02-3.66168595e-03j,
            9.95385996e-01-1.76857145e-02j,
            6.09406374e-02-9.74223447e-03j],
          [-4.51834885e-05-5.37160194e-06j,
            2.19978551e-03+1.60735548e-04j,
           -6.17019649e-02+1.24094775e-03j,
            9.85214685e-01-1.59807648e-01j]],
         input_dims=(2, 2), output_dims=(2, 2))"
"Operator([[ 9.85214685e-01-1.59807648e-01j,
            6.14871486e-02-5.29178365e-03j,
            2.20187109e-03-1.29057744e-04j,
            4.53601175e-05-3.58629152e-06j],
          [-6.14490071e-02+5.71768756e-03j,
            9.95385996e-01-1.76857145e-02j,
            7.12695703e-02-1.02258454e-03j,
            2.20187109e-03-1.29057744e-04j],
          [ 2.19987129e-03-1.59557181e-04j,
           -7.12607743e-02+1.51637117e-03j,
            9.95385996e-01-1.76857145e-02j,
            6.14871486e-02-5.29178365e-03j],
          [-4.52757771e-05+4.52832725e-06j,
            2.19987129e-03-1.59557181e-04j,
           -6.14490071e-02+5.71768756e-03j,
            9.85214685e-01-1.59807648e-01j]],
         input_dims=(2, 2), output_dims=(2, 2))"
"Operator([[ 9.85214685e-01-1.59807648e-01j,
            6.17082558e-02-8.73836123e-04j,
            2.19771726e-03+1.86898513e-04j,
            4.50804229e-05+6.17715223e-06j],
          [-6.08815985e-02+1.01046223e-02j,
            9.95385996e-01-1.76857145e-02j,
            7.11597439e-02+4.08511602e-03j,
            2.19771726e-03+1.86898513e-04j],
          [ 2.15449694e-03-4.72265958e-04j,
           -7.09691039e-02+6.61691970e-03j,
            9.95385996e-01-1.76857145e-02j,
            6.17082558e-02-8.73836123e-04j],
          [-4.32661931e-05+1.40868122e-05j,
            2.15449694e-03-4.72265958e-04j,
           -6.08815985e-02+1.01046223e-02j,
            9.85214685e-01-1.59807648e-01j]],
         input_dims=(2, 2), output_dims=(2, 2))"
