unitary
"Operator([[ 0.06729822-0.87330781j,  0.33336437+0.3117117j ,
           -0.12844241+0.0845413j , -0.02107999-0.02047875j],
          [ 0.33336437+0.3117117j ,  0.68885773-0.05582059j,
            0.06723098+0.53469469j, -0.12844241+0.0845413j ],
          [-0.12844241+0.0845413j ,  0.06723098+0.53469469j,
            0.68885773-0.05582059j,  0.33336437+0.3117117j ],
          [-0.02107999-0.02047875j, -0.12844241+0.0845413j ,
            0.33336437+0.3117117j ,  0.06729822-0.87330781j]],
         input_dims=(2, 2), output_dims=(2, 2))"
"Operator([[ 0.06729822-0.87330781j, -0.43923318+0.12397662j,
            0.13453078+0.07447251j, -0.01979762-0.02172095j],
          [ 0.09424409-0.44655799j,  0.68885773-0.05582059j,
           -0.49233783-0.21913894j,  0.13453078+0.07447251j],
          [-0.01520236-0.15301494j,  0.42276244-0.33420104j,
            0.68885773-0.05582059j, -0.43923318+0.12397662j],
          [-0.02228457-0.01916099j, -0.01520236-0.15301494j,
            0.09424409-0.44655799j,  0.06729822-0.87330781j]],
         input_dims=(2, 2), output_dims=(2, 2))"
"Operator([[ 0.06729822-0.87330781j, -0.17194549+0.42276558j,
            0.03916681-0.14869649j,  0.00940535+0.02784394j],
          [ 0.41028393-0.19990769j,  0.68885773-0.05582059j,
           -0.47533028+0.25392821j,  0.03916681-0.14869649j],
          [ 0.15206445+0.02282732j,  0.52339699+0.12835109j,
            0.68885773-0.05582059j, -0.17194549+0.42276558j],
          [ 0.02810436+0.00859594j,  0.15206445+0.02282732j,
            0.41028393-0.19990769j,  0.06729822-0.87330781j]],
         input_dims=(2, 2), output_dims=(2, 2))"
"Operator([[ 0.06729822-0.87330781j, -0.43533894+0.13702554j,
            0.13873295+0.06631631j, -0.02166012-0.01986415j],
          [ 0.10752477-0.44354753j,  0.68885773-0.05582059j,
           -0.49865647-0.20435296j,  0.13873295+0.06631631j],
          [-0.00604925-0.15364925j,  0.43254482-0.32143955j,
            0.68885773-0.05582059j, -0.43533894+0.13702554j],
          [-0.02048243-0.02107642j, -0.00604925-0.15364925j,
            0.10752477-0.44354753j,  0.06729822-0.87330781j]],
         input_dims=(2, 2), output_dims=(2, 2))"
"Operator([[ 0.06729822-0.87330781j, -0.40486265+0.21067088j,
            0.15305745+0.01476826j, -0.02869647-0.0063449j ],
          [ 0.18304798-0.41807825j,  0.68885773-0.05582059j,
           -0.52660342-0.1144869j ,  0.15305745+0.01476826j],
          [ 0.04696164-0.14642161j,  0.48186913-0.24128936j,
            0.68885773-0.05582059j, -0.40486265+0.21067088j],
          [-0.00717238-0.02850092j,  0.04696164-0.14642161j,
            0.18304798-0.41807825j,  0.06729822-0.87330781j]],
         input_dims=(2, 2), output_dims=(2, 2))"
"Operator([[ 0.06729822-0.87330781j,  0.33336437+0.3117117j ,
           -0.12844241+0.0845413j , -0.02107999-0.02047875j],
          [ 0.33336437+0.3117117j ,  0.68885773-0.05582059j,
            0.06723098+0.53469469j, -0.12844241+0.0845413j ],
          [-0.12844241+0.0845413j ,  0.06723098+0.53469469j,
            0.68885773-0.05582059j,  0.33336437+0.3117117j ],
          [-0.02107999-0.02047875j, -0.12844241+0.0845413j ,
            0.33336437+0.3117117j ,  0.06729822-0.87330781j]],
         input_dims=(2, 2), output_dims=(2, 2))"
"Operator([[ 0.06729822-0.87330781j,  0.33336437+0.3117117j ,
           -0.12844241+0.0845413j , -0.02107999-0.02047875j],
          [ 0.33336437+0.3117117j ,  0.68885773-0.05582059j,
            0.06723098+0.53469469j, -0.12844241+0.0845413j ],
          [-0.12844241+0.0845413j ,  0.06723098+0.53469469j,
            0.68885773-0.05582059j,  0.33336437+0.3117117j ],
          [-0.02107999-0.02047875j, -0.12844241+0.0845413j ,
            0.33336437+0.3117117j ,  0.06729822-0.87330781j]],
         input_dims=(2, 2), output_dims=(2, 2))"
"Operator([[ 0.06729822-0.87330781j, -0.0425397 +0.4544077j ,
           -0.04958404-0.14555448j,  0.0274406 +0.01052421j],
          [ 0.45053234-0.07291498j,  0.68885773-0.05582059j,
           -0.38175479+0.38037047j, -0.04958404-0.14555448j],
          [ 0.11408229+0.10310148j,  0.46403637+0.2740231j ,
            0.68885773-0.05582059j, -0.0425397 +0.4544077j ],
          [ 0.01131361+0.02712467j,  0.11408229+0.10310148j,
            0.45053234-0.07291498j,  0.06729822-0.87330781j]],
         input_dims=(2, 2), output_dims=(2, 2))"
"Operator([[ 0.06729822-0.87330781j,  0.35617179+0.28537282j,
           -0.11408669+0.10309662j, -0.02517959-0.01515697j],
          [ 0.30861416+0.33623398j,  0.68885773-0.05582059j,
            0.10782407+0.52800794j, -0.11408669+0.10309662j],
          [-0.13980833+0.06401809j,  0.02624609+0.53826532j,
            0.68885773-0.05582059j,  0.35617179+0.28537282j],
          [-0.01587903-0.02473059j, -0.13980833+0.06401809j,
            0.30861416+0.33623398j,  0.06729822-0.87330781j]],
         input_dims=(2, 2), output_dims=(2, 2))"
"Operator([[ 0.06729822-0.87330781j,  0.39307346-0.23192508j,
            0.15376008-0.00158842j,  0.02934043+0.00169841j],
          [-0.20504489+0.40774083j,  0.68885773-0.05582059j,
            0.53195143+0.08629073j,  0.15376008-0.00158842j],
          [ 0.06226292-0.14059877j, -0.49403092+0.21529483j,
            0.68885773-0.05582059j,  0.39307346-0.23192508j],
          [ 0.00254647+0.02927902j,  0.06226292-0.14059877j,
           -0.20504489+0.40774083j,  0.06729822-0.87330781j]],
         input_dims=(2, 2), output_dims=(2, 2))"
"Operator([[ 0.06729822-0.87330781j, -0.1860081 -0.41676969j,
           -0.15018779-0.03298958j, -0.01138117+0.02709639j],
          [-0.42830468-0.15764227j,  0.68885773-0.05582059j,
            0.14586622-0.51878845j, -0.15018779-0.03298958j],
          [-0.02909076+0.15099143j, -0.26975724-0.46652914j,
            0.68885773-0.05582059j, -0.1860081 -0.41676969j],
          [ 0.02675581-0.01216026j, -0.02909076+0.15099143j,
           -0.42830468-0.15764227j,  0.06729822-0.87330781j]],
         input_dims=(2, 2), output_dims=(2, 2))"
