unitary
"Operator([[ 0.36987224-0.83919507j,  0.22909293+0.31027511j,
           -0.08958706+0.04413662j, -0.00866545-0.01195714j],
          [ 0.22909293+0.31027511j,  0.79549348-0.07168081j,
            0.04897584+0.44824686j, -0.08958706+0.04413662j],
          [-0.08958706+0.04413662j,  0.04897584+0.44824686j,
            0.79549348-0.07168081j,  0.22909293+0.31027511j],
          [-0.00866545-0.01195714j, -0.08958706+0.04413662j,
            0.22909293+0.31027511j,  0.36987224-0.83919507j]],
         input_dims=(2, 2), output_dims=(2, 2))"
"Operator([[ 0.36987224-8.39195068e-01j, -0.2506134 +2.93167433e-01j,
            0.06107795-7.90149747e-02j, -0.0038136 +1.42660336e-02j],
          [ 0.35394886-1.53213651e-01j,  0.79549348-7.16808055e-02j,
           -0.42565253+1.48807919e-01j,  0.06107795-7.90149747e-02j],
          [ 0.09986894-2.78303139e-04j,  0.44774375+5.33798813e-02j,
            0.79549348-7.16808055e-02j, -0.2506134 +2.93167433e-01j],
          [ 0.01474435+8.16921107e-04j,  0.09986894-2.78303139e-04j,
            0.35394886-1.53213651e-01j,  0.36987224-8.39195068e-01j]],
         input_dims=(2, 2), output_dims=(2, 2))"
"Operator([[ 0.36987224-0.83919507j,  0.22909293+0.31027511j,
           -0.08958706+0.04413662j, -0.00866545-0.01195714j],
          [ 0.22909293+0.31027511j,  0.79549348-0.07168081j,
            0.04897584+0.44824686j, -0.08958706+0.04413662j],
          [-0.08958706+0.04413662j,  0.04897584+0.44824686j,
            0.79549348-0.07168081j,  0.22909293+0.31027511j],
          [-0.00866545-0.01195714j, -0.08958706+0.04413662j,
            0.22909293+0.31027511j,  0.36987224-0.83919507j]],
         input_dims=(2, 2), output_dims=(2, 2))"
"Operator([[ 0.36987224-0.83919507j,  0.30565301-0.23522427j,
            0.08775912-0.0476678j ,  0.01141858-0.00936372j],
          [-0.31477424+0.2228708j ,  0.79549348-0.07168081j,
            0.44718305-0.05788951j,  0.08775912-0.0476678j ],
          [ 0.09127298-0.04053548j, -0.449133  +0.04004276j,
            0.79549348-0.07168081j,  0.30565301-0.23522427j],
          [-0.01245307+0.00793627j,  0.09127298-0.04053548j,
           -0.31477424+0.2228708j ,  0.36987224-0.83919507j]],
         input_dims=(2, 2), output_dims=(2, 2))"
"Operator([[ 3.69872239e-01-0.83919507j,  2.19444080e-01-0.31717269j,
            4.37951790e-02-0.08975447j, -6.63317452e-04-0.01475206j],
          [-3.67715612e-01+0.11635914j,  7.95493485e-01-0.07168081j,
            4.08278751e-01-0.19139576j,  4.37951790e-02-0.08975447j],
          [ 9.78524893e-02+0.01996928j, -4.39976468e-01-0.09871466j,
            7.95493485e-01-0.07168081j,  2.19444080e-01-0.31717269j],
          [-1.38125594e-02-0.00522269j,  9.78524893e-02+0.01996928j,
           -3.67715612e-01+0.11635914j,  3.69872239e-01-0.83919507j]],
         input_dims=(2, 2), output_dims=(2, 2))"
"Operator([[ 0.36987224-0.83919507j,  0.37063511-0.10669507j,
            0.09667347+0.02506235j,  0.01336029+0.00629015j],
          [-0.21106756+0.32280754j,  0.79549348-0.07168081j,
            0.43724209+0.11019633j,  0.09667347+0.02506235j],
          [ 0.03903851-0.09192321j, -0.40312949+0.20201606j,
            0.79549348-0.07168081j,  0.37063511-0.10669507j],
          [ 0.00181853+0.01465456j,  0.03903851-0.09192321j,
           -0.21106756+0.32280754j,  0.36987224-0.83919507j]],
         input_dims=(2, 2), output_dims=(2, 2))"
"Operator([[ 0.36987224-0.83919507j, -0.05985671+0.38101364j,
           -0.04298039-0.09014748j,  0.01453474+0.00260855j],
          [ 0.38175219+0.05494985j,  0.79549348-0.07168081j,
           -0.28458312+0.3497661j , -0.04298039-0.09014748j],
          [ 0.04528554+0.08901181j,  0.35339843+0.28005968j,
            0.79549348-0.07168081j, -0.05985671+0.38101364j],
          [-0.00204574+0.01462458j,  0.04528554+0.08901181j,
            0.38175219+0.05494985j,  0.36987224-0.83919507j]],
         input_dims=(2, 2), output_dims=(2, 2))"
"Operator([[ 0.36987224-0.83919507j,  0.22909293+0.31027511j,
           -0.08958706+0.04413662j, -0.00866545-0.01195714j],
          [ 0.22909293+0.31027511j,  0.79549348-0.07168081j,
            0.04897584+0.44824686j, -0.08958706+0.04413662j],
          [-0.08958706+0.04413662j,  0.04897584+0.44824686j,
            0.79549348-0.07168081j,  0.22909293+0.31027511j],
          [-0.00866545-0.01195714j, -0.08958706+0.04413662j,
            0.22909293+0.31027511j,  0.36987224-0.83919507j]],
         input_dims=(2, 2), output_dims=(2, 2))"
