unitary
"Operator([[ 0.77344283-0.58634141j,  0.08375764+0.22311568j,
           -0.03326202+0.00891263j, -0.00100171-0.00268132j],
          [ 0.08375764+0.22311568j,  0.92846514-0.0607864j ,
            0.01889794+0.27553332j, -0.03326202+0.00891263j],
          [-0.03326202+0.00891263j,  0.01889794+0.27553332j,
            0.92846514-0.0607864j ,  0.08375764+0.22311568j],
          [-0.00100171-0.00268132j, -0.03326202+0.00891263j,
            0.08375764+0.22311568j,  0.77344283-0.58634141j]],
         input_dims=(2, 2), output_dims=(2, 2))"
"Operator([[ 0.77344283-0.58634141j,  0.08375764+0.22311568j,
           -0.03326202+0.00891263j, -0.00100171-0.00268132j],
          [ 0.08375764+0.22311568j,  0.92846514-0.0607864j ,
            0.01889794+0.27553332j, -0.03326202+0.00891263j],
          [-0.03326202+0.00891263j,  0.01889794+0.27553332j,
            0.92846514-0.0607864j ,  0.08375764+0.22311568j],
          [-0.00100171-0.00268132j, -0.03326202+0.00891263j,
            0.08375764+0.22311568j,  0.77344283-0.58634141j]],
         input_dims=(2, 2), output_dims=(2, 2))"
"Operator([[ 0.77344283-0.58634141j,  0.08375764+0.22311568j,
           -0.03326202+0.00891263j, -0.00100171-0.00268132j],
          [ 0.08375764+0.22311568j,  0.92846514-0.0607864j ,
            0.01889794+0.27553332j, -0.03326202+0.00891263j],
          [-0.03326202+0.00891263j,  0.01889794+0.27553332j,
            0.92846514-0.0607864j ,  0.08375764+0.22311568j],
          [-0.00100171-0.00268132j, -0.03326202+0.00891263j,
            0.08375764+0.22311568j,  0.77344283-0.58634141j]],
         input_dims=(2, 2), output_dims=(2, 2))"
"Operator([[ 7.73442832e-01-0.58634141j, -1.19733454e-01-0.20605788j,
           -2.84920581e-02+0.01933907j,  2.16791001e-03+0.00186897j],
          [-4.54440706e-02-0.23394612j,  9.28465144e-01-0.0607864j ,
           -6.45054829e-02-0.26854197j, -2.84920581e-02+0.01933907j],
          [-3.43443939e-02-0.0025019j ,  2.72370643e-02-0.27483429j,
            9.28465144e-01-0.0607864j , -1.19733454e-01-0.20605788j],
          [-4.11453910e-04+0.00283259j, -3.43443939e-02-0.0025019j ,
           -4.54440706e-02-0.23394612j,  7.73442832e-01-0.58634141j]],
         input_dims=(2, 2), output_dims=(2, 2))"
"Operator([[ 0.77344283-0.58634141j,  0.08375764+0.22311568j,
           -0.03326202+0.00891263j, -0.00100171-0.00268132j],
          [ 0.08375764+0.22311568j,  0.92846514-0.0607864j ,
            0.01889794+0.27553332j, -0.03326202+0.00891263j],
          [-0.03326202+0.00891263j,  0.01889794+0.27553332j,
            0.92846514-0.0607864j ,  0.08375764+0.22311568j],
          [-0.00100171-0.00268132j, -0.03326202+0.00891263j,
            0.08375764+0.22311568j,  0.77344283-0.58634141j]],
         input_dims=(2, 2), output_dims=(2, 2))"
"Operator([[ 7.73442832e-01-0.58634141j, -2.21825516e-01-0.0871171j ,
            1.23210343e-02+0.0321557j ,  7.68158116e-04-0.00275732j],
          [ 1.09697972e-01-0.21157104j,  9.28465144e-01-0.0607864j ,
           -2.17354421e-01-0.17039014j,  1.23210343e-02+0.0321557j ],
          [-5.40771665e-03-0.03400814j,  1.92055482e-01-0.19847024j,
            9.28465144e-01-0.0607864j , -2.21825516e-01-0.0871171j ],
          [-2.38788476e-03-0.00157826j, -5.40771665e-03-0.03400814j,
            1.09697972e-01-0.21157104j,  7.73442832e-01-0.58634141j]],
         input_dims=(2, 2), output_dims=(2, 2))"
"Operator([[ 0.77344283-0.58634141j, -0.20279707+0.12517706j,
            0.02742227-0.02082825j, -0.00169002+0.00231013j],
          [ 0.23507308-0.03919943j,  0.92846514-0.0607864j ,
           -0.26672939+0.07163223j,  0.02742227-0.02082825j],
          [ 0.03416253+0.00432646j,  0.27401171+0.03454454j,
            0.92846514-0.0607864j , -0.20279707+0.12517706j],
          [ 0.00279073+0.00063617j,  0.03416253+0.00432646j,
            0.23507308-0.03919943j,  0.77344283-0.58634141j]],
         input_dims=(2, 2), output_dims=(2, 2))"
