unitary
"Operator([[-0.60522005-0.48632716j, -0.08458674-0.53259272j,
           -0.02717759-0.30944577j, -0.07255031-0.06801332j],
          [-0.29984638+0.44822101j,  0.39143586+0.06411884j,
            0.59759454-0.31343624j, -0.02717759-0.30944577j],
          [ 0.30645885-0.05077673j, -0.65141692-0.17611786j,
            0.39143586+0.06411884j, -0.08458674-0.53259272j],
          [-0.09837043+0.01458144j,  0.30645885-0.05077673j,
           -0.29984638+0.44822101j, -0.60522005-0.48632716j]],
         input_dims=(2, 2), output_dims=(2, 2))"
"Operator([[-0.60522005-0.48632716j, -0.43903926+0.31313648j,
            0.26333662+0.16476994j, -0.05882883-0.0801781j ],
          [-0.26755607-0.46821328j,  0.39143586+0.06411884j,
           -0.5469659 -0.39520857j,  0.26333662+0.16476994j],
          [-0.22518342-0.21398068j,  0.44803934-0.50460109j,
            0.39143586+0.06411884j, -0.43903926+0.31313648j],
          [-0.0940207 +0.0323955j , -0.22518342-0.21398068j,
           -0.26755607-0.46821328j, -0.60522005-0.48632716j]],
         input_dims=(2, 2), output_dims=(2, 2))"
"Operator([[-0.60522005-0.48632716j,  0.52673153+0.11560201j,
           -0.19033372+0.24549619j, -0.09491548-0.02967172j],
          [ 0.52673153+0.11560201j,  0.39143586+0.06411884j,
            0.0737448 +0.67076316j, -0.19033372+0.24549619j],
          [-0.19033372+0.24549619j,  0.0737448 +0.67076316j,
            0.39143586+0.06411884j,  0.52673153+0.11560201j],
          [-0.09491548-0.02967172j, -0.19033372+0.24549619j,
            0.52673153+0.11560201j, -0.60522005-0.48632716j]],
         input_dims=(2, 2), output_dims=(2, 2))"
"Operator([[-0.60522005-0.48632716j,  0.52673153+0.11560201j,
           -0.19033372+0.24549619j, -0.09491548-0.02967172j],
          [ 0.52673153+0.11560201j,  0.39143586+0.06411884j,
            0.0737448 +0.67076316j, -0.19033372+0.24549619j],
          [-0.19033372+0.24549619j,  0.0737448 +0.67076316j,
            0.39143586+0.06411884j,  0.52673153+0.11560201j],
          [-0.09491548-0.02967172j, -0.19033372+0.24549619j,
            0.52673153+0.11560201j, -0.60522005-0.48632716j]],
         input_dims=(2, 2), output_dims=(2, 2))"
"Operator([[-0.60522005-0.48632716j,  0.0882096 -0.53200469j,
            0.16396013-0.26384158j,  0.01464309-0.09836127j],
          [-0.1426851 +0.52004893j,  0.39143586+0.06411884j,
            0.66605233-0.10833189j,  0.16396013-0.26384158j],
          [ 0.21467149-0.22452496j, -0.67367915+0.03896039j,
            0.39143586+0.06411884j,  0.0882096 -0.53200469j],
          [-0.04398707+0.08918799j,  0.21467149-0.22452496j,
           -0.1426851 +0.52004893j, -0.60522005-0.48632716j]],
         input_dims=(2, 2), output_dims=(2, 2))"
"Operator([[-0.60522005-0.48632716j, -0.49382015-0.21668314j,
           -0.27013011+0.1533787j ,  0.06217939+0.07760852j],
          [-0.53917469-0.01002871j,  0.39143586+0.06411884j,
            0.05926945-0.67219688j, -0.27013011+0.1533787j ],
          [-0.08124009+0.29982554j, -0.20389342-0.64326432j,
            0.39143586+0.06411884j, -0.49382015-0.21668314j],
          [ 0.09531114-0.02837509j, -0.08124009+0.29982554j,
           -0.53917469-0.01002871j, -0.60522005-0.48632716j]],
         input_dims=(2, 2), output_dims=(2, 2))"
