unitary
"Operator([[-0.42098767-0.68722796j,  0.48440098+0.21090925j,
           -0.17979148+0.18462917j, -0.06285844-0.03155946j],
          [ 0.48440098+0.21090925j,  0.49008315+0.01303748j,
            0.08126898+0.63836037j, -0.17979148+0.18462917j],
          [-0.17979148+0.18462917j,  0.08126898+0.63836037j,
            0.49008315+0.01303748j,  0.48440098+0.21090925j],
          [-0.06285844-0.03155946j, -0.17979148+0.18462917j,
            0.48440098+0.21090925j, -0.42098767-0.68722796j]],
         input_dims=(2, 2), output_dims=(2, 2))"
"Operator([[-0.42098767-0.68722796j,  0.14510681-0.50800692j,
            0.12519633-0.22525272j,  0.0047827 -0.07017342j],
          [-0.2730189 +0.45231372j,  0.49008315+0.01303748j,
            0.62204184-0.16484101j,  0.12519633-0.22525272j],
          [ 0.22184996-0.13113162j, -0.64350192-0.00372597j,
            0.49008315+0.01303748j,  0.14510681-0.50800692j],
          [-0.05342096+0.04575352j,  0.22184996-0.13113162j,
           -0.2730189 +0.45231372j, -0.42098767-0.68722796j]],
         input_dims=(2, 2), output_dims=(2, 2))"
"Operator([[-0.42098767-0.68722796j, -0.49862906+0.17463128j,
            0.17049293+0.19324872j, -0.01441899-0.0688424j ],
          [-0.21186704-0.48398283j,  0.49008315+0.01303748j,
           -0.49357295-0.41290962j,  0.17049293+0.19324872j],
          [-0.19770642-0.165303j  ,  0.3743715 -0.52340671j,
            0.49008315+0.01303748j, -0.49862906+0.17463128j],
          [-0.06382357+0.029559j  , -0.19770642-0.165303j  ,
           -0.21186704-0.48398283j, -0.42098767-0.68722796j]],
         input_dims=(2, 2), output_dims=(2, 2))"
"Operator([[-0.42098767-0.68722796j, -0.45853408+0.26243763j,
            0.22835149+0.11945086j, -0.04821827-0.05120725j],
          [-0.12027456-0.51445218j,  0.49008315+0.01303748j,
           -0.56046012-0.3162168j ,  0.22835149+0.11945086j],
          [-0.12547043-0.22510015j,  0.46335216-0.44655726j,
            0.49008315+0.01303748j, -0.45853408+0.26243763j],
          [-0.06987037-0.00808174j, -0.12547043-0.22510015j,
           -0.12027456-0.51445218j, -0.42098767-0.68722796j]],
         input_dims=(2, 2), output_dims=(2, 2))"
"Operator([[-0.42098767-0.68722796j, -0.41558576+0.32621388j,
            0.25303862+0.04882998j, -0.06535878-0.0259887j ],
          [-0.04432893-0.52646174j,  0.49008315+0.01303748j,
           -0.60042315-0.23151815j,  0.25303862+0.04882998j],
          [-0.05552977-0.25165324j,  0.52326228-0.37457335j,
            0.49008315+0.01303748j, -0.41558576+0.32621388j],
          [-0.05988436-0.03689237j, -0.05552977-0.25165324j,
           -0.04432893-0.52646174j, -0.42098767-0.68722796j]],
         input_dims=(2, 2), output_dims=(2, 2))"
"Operator([[-0.42098767-0.68722796j,  0.2501842 +0.46533309j,
           -0.22169638-0.13139111j,  0.0548781 -0.04399519j],
          [ 0.51108133-0.13387642j,  0.49008315+0.01303748j,
           -0.33096994+0.55187635j, -0.22169638-0.13139111j],
          [ 0.13722981+0.21813044j,  0.45868908+0.4513457j ,
            0.49008315+0.01303748j,  0.2501842 +0.46533309j],
          [-0.00250213+0.0702917j ,  0.13722981+0.21813044j,
            0.51108133-0.13387642j, -0.42098767-0.68722796j]],
         input_dims=(2, 2), output_dims=(2, 2))"
"Operator([[-0.42098767-0.68722796j,  0.48440098+0.21090925j,
           -0.17979148+0.18462917j, -0.06285844-0.03155946j],
          [ 0.48440098+0.21090925j,  0.49008315+0.01303748j,
            0.08126898+0.63836037j, -0.17979148+0.18462917j],
          [-0.17979148+0.18462917j,  0.08126898+0.63836037j,
            0.49008315+0.01303748j,  0.48440098+0.21090925j],
          [-0.06285844-0.03155946j, -0.17979148+0.18462917j,
            0.48440098+0.21090925j, -0.42098767-0.68722796j]],
         input_dims=(2, 2), output_dims=(2, 2))"
"Operator([[-0.42098767-0.68722796j,  0.48440098+0.21090925j,
           -0.17979148+0.18462917j, -0.06285844-0.03155946j],
          [ 0.48440098+0.21090925j,  0.49008315+0.01303748j,
            0.08126898+0.63836037j, -0.17979148+0.18462917j],
          [-0.17979148+0.18462917j,  0.08126898+0.63836037j,
            0.49008315+0.01303748j,  0.48440098+0.21090925j],
          [-0.06285844-0.03155946j, -0.17979148+0.18462917j,
            0.48440098+0.21090925j, -0.42098767-0.68722796j]],
         input_dims=(2, 2), output_dims=(2, 2))"
