unitary
"Operator([[-0.18022564-0.82166568j, -0.04432601+0.49716137j,
           -0.02499951-0.20117415j,  0.03599085+0.02930266j],
          [ 0.44435666-0.22733541j,  0.59419143-0.02890261j,
           -0.48017715+0.3539786j , -0.02499951-0.20117415j],
          [ 0.19220362+0.06444982j,  0.55536923+0.21779798j,
            0.59419143-0.02890261j, -0.04432601+0.49716137j],
          [ 0.03910651+0.02499336j,  0.19220362+0.06444982j,
            0.44435666-0.22733541j, -0.18022564-0.82166568j]],
         input_dims=(2, 2), output_dims=(2, 2))"
"Operator([[-0.18022564-0.82166568j,  0.4137995 +0.27911324j,
           -0.15693415+0.12832648j, -0.03761045-0.02719267j],
          [ 0.4137995 +0.27911324j,  0.59419143-0.02890261j,
            0.07778015+0.59145684j, -0.15693415+0.12832648j],
          [-0.15693415+0.12832648j,  0.07778015+0.59145684j,
            0.59419143-0.02890261j,  0.4137995 +0.27911324j],
          [-0.03761045-0.02719267j, -0.15693415+0.12832648j,
            0.4137995 +0.27911324j, -0.18022564-0.82166568j]],
         input_dims=(2, 2), output_dims=(2, 2))"
"Operator([[-0.18022564-0.82166568j,  0.07306066-0.4937574j ,
           -0.00155581-0.20271555j, -0.03037656-0.03508921j],
          [-0.43043652+0.25270265j,  0.59419143-0.02890261j,
            0.49988237-0.32555884j, -0.00155581-0.20271555j],
          [ 0.19836966+0.04177908j, -0.56705681-0.18524988j,
            0.59419143-0.02890261j,  0.07306066-0.4937574j ],
          [-0.04284186-0.01784832j,  0.19836966+0.04177908j,
           -0.43043652+0.25270265j, -0.18022564-0.82166568j]],
         input_dims=(2, 2), output_dims=(2, 2))"
"Operator([[-0.18022564-0.82166568j,  0.4137995 +0.27911324j,
           -0.15693415+0.12832648j, -0.03761045-0.02719267j],
          [ 0.4137995 +0.27911324j,  0.59419143-0.02890261j,
            0.07778015+0.59145684j, -0.15693415+0.12832648j],
          [-0.15693415+0.12832648j,  0.07778015+0.59145684j,
            0.59419143-0.02890261j,  0.4137995 +0.27911324j],
          [-0.03761045-0.02719267j, -0.15693415+0.12832648j,
            0.4137995 +0.27911324j, -0.18022564-0.82166568j]],
         input_dims=(2, 2), output_dims=(2, 2))"
