unitary
"Operator([[ 0.59104213+0.42996398j,  0.24816765-0.37727041j,
           -0.14704753-0.27558495j,  0.40095936-0.05951127j],
          [-0.33480461+0.30302808j, -0.11622474+0.10198692j,
           -0.7907557 -0.22204892j, -0.14704753-0.27558495j],
          [ 0.00516194-0.31231938j,  0.70986164+0.41315463j,
           -0.11622474+0.10198692j,  0.24816765-0.37727041j],
          [-0.33162435-0.23309931j,  0.00516194-0.31231938j,
           -0.33480461+0.30302808j,  0.59104213+0.42996398j]],
         input_dims=(2, 2), output_dims=(2, 2))"
"Operator([[ 0.59104213+0.42996398j, -0.17622751+0.41576917j,
           -0.23508726-0.20567941j, -0.31258784+0.25806751j],
          [ 0.38386861-0.23783405j, -0.11622474+0.10198692j,
            0.81780476+0.07612928j, -0.23508726-0.20567941j],
          [ 0.11539531-0.29026533j, -0.62392757-0.53414856j,
           -0.11622474+0.10198692j, -0.17622751+0.41576917j],
          [ 0.16355416+0.37089087j,  0.11539531-0.29026533j,
            0.38386861-0.23783405j,  0.59104213+0.42996398j]],
         input_dims=(2, 2), output_dims=(2, 2))"
"Operator([[ 0.59104213+0.42996398j, -0.34289648-0.29384034j,
            0.07328189+0.30364421j, -0.09346142+0.39442992j],
          [-0.34289648-0.29384034j, -0.11622474+0.10198692j,
           -0.32016691+0.75636859j,  0.07328189+0.30364421j],
          [ 0.07328189+0.30364421j, -0.32016691+0.75636859j,
           -0.11622474+0.10198692j, -0.34289648-0.29384034j],
          [-0.09346142+0.39442992j,  0.07328189+0.30364421j,
           -0.34289648-0.29384034j,  0.59104213+0.42996398j]],
         input_dims=(2, 2), output_dims=(2, 2))"
"Operator([[ 0.59104213+0.42996398j, -0.42116453-0.16291281j,
            0.24769012+0.19031459j,  0.28668274+0.28657112j],
          [-0.22550291-0.3912398j , -0.11622474+0.10198692j,
           -0.05007656+0.81981256j,  0.24769012+0.19031459j],
          [-0.133619  +0.28234023j, -0.55372525+0.60662068j,
           -0.11622474+0.10198692j, -0.42116453-0.16291281j],
          [-0.38478959+0.12746362j, -0.133619  +0.28234023j,
           -0.22550291-0.3912398j ,  0.59104213+0.42996398j]],
         input_dims=(2, 2), output_dims=(2, 2))"
"Operator([[ 0.59104213+0.42996398j,  0.16092392-0.42192847j,
           -0.2494749 -0.18796892j,  0.2824848 -0.29071006j],
          [-0.39229937+0.22365452j, -0.11622474+0.10198692j,
           -0.8200397 -0.04620809j, -0.2494749 -0.18796892j],
          [ 0.1362772 -0.28106683j,  0.60400143+0.55658115j,
           -0.11622474+0.10198692j,  0.16092392-0.42192847j],
          [-0.12200466-0.38655513j,  0.1362772 -0.28106683j,
           -0.39229937+0.22365452j,  0.59104213+0.42996398j]],
         input_dims=(2, 2), output_dims=(2, 2))"
"Operator([[ 0.59104213+0.42996398j, -0.34289648-0.29384034j,
            0.07328189+0.30364421j, -0.09346142+0.39442992j],
          [-0.34289648-0.29384034j, -0.11622474+0.10198692j,
           -0.32016691+0.75636859j,  0.07328189+0.30364421j],
          [ 0.07328189+0.30364421j, -0.32016691+0.75636859j,
           -0.11622474+0.10198692j, -0.34289648-0.29384034j],
          [-0.09346142+0.39442992j,  0.07328189+0.30364421j,
           -0.34289648-0.29384034j,  0.59104213+0.42996398j]],
         input_dims=(2, 2), output_dims=(2, 2))"
"Operator([[ 0.59104213+0.42996398j,  0.41079484+0.18753064j,
            0.22349148+0.21822373j, -0.23158229-0.33268551j],
          [ 0.24824183+0.3772216j , -0.11622474+0.10198692j,
            0.09846331-0.81541724j,  0.22349148+0.21822373j],
          [-0.09935433+0.29613976j,  0.5168878 -0.63830032j,
           -0.11622474+0.10198692j,  0.41079484+0.18753064j],
          [ 0.35623973-0.19339921j, -0.09935433+0.29613976j,
            0.24824183+0.3772216j ,  0.59104213+0.42996398j]],
         input_dims=(2, 2), output_dims=(2, 2))"
