unitary
"Operator([[ 0.59104213+0.42996398j, -0.30144439-0.3362312j ,
           -0.00811003+0.31225673j, -0.23777169+0.32829045j],
          [-0.37843758-0.24638413j, -0.11622474+0.10198692j,
           -0.41650064+0.7079036j , -0.00811003+0.31225673j],
          [ 0.14964252+0.27418453j, -0.21831401+0.79179498j,
           -0.11622474+0.10198692j, -0.30144439-0.3362312j ],
          [ 0.06518283+0.40007649j,  0.14964252+0.27418453j,
           -0.37843758-0.24638413j,  0.59104213+0.42996398j]],
         input_dims=(2, 2), output_dims=(2, 2))"
"Operator([[ 0.59104213+0.42996398j,  0.4481798 -0.05527216j,
            0.29566494-0.10075854j, -0.31257907+0.25807814j],
          [ 0.01403091+0.45135715j, -0.11622474+0.10198692j,
           -0.34298095-0.74630045j,  0.29566494-0.10075854j],
          [-0.30907583+0.04519038j,  0.7745531 -0.27325407j,
           -0.11622474+0.10198692j,  0.4481798 -0.05527216j],
          [ 0.16354154+0.37089643j, -0.30907583+0.04519038j,
            0.01403091+0.45135715j,  0.59104213+0.42996398j]],
         input_dims=(2, 2), output_dims=(2, 2))"
"Operator([[ 0.59104213+0.42996398j, -0.34289648-0.29384034j,
            0.07328189+0.30364421j, -0.09346142+0.39442992j],
          [-0.34289648-0.29384034j, -0.11622474+0.10198692j,
           -0.32016691+0.75636859j,  0.07328189+0.30364421j],
          [ 0.07328189+0.30364421j, -0.32016691+0.75636859j,
           -0.11622474+0.10198692j, -0.34289648-0.29384034j],
          [-0.09346142+0.39442992j,  0.07328189+0.30364421j,
           -0.34289648-0.29384034j,  0.59104213+0.42996398j]],
         input_dims=(2, 2), output_dims=(2, 2))"
"Operator([[ 0.59104213+0.42996398j, -0.34289648-0.29384034j,
            0.07328189+0.30364421j, -0.09346142+0.39442992j],
          [-0.34289648-0.29384034j, -0.11622474+0.10198692j,
           -0.32016691+0.75636859j,  0.07328189+0.30364421j],
          [ 0.07328189+0.30364421j, -0.32016691+0.75636859j,
           -0.11622474+0.10198692j, -0.34289648-0.29384034j],
          [-0.09346142+0.39442992j,  0.07328189+0.30364421j,
           -0.34289648-0.29384034j,  0.59104213+0.42996398j]],
         input_dims=(2, 2), output_dims=(2, 2))"
"Operator([[ 0.59104213+0.42996398j,  0.33561589+0.3021293j ,
            0.05836334+0.30686114j,  0.1220942 -0.38652685j],
          [ 0.34997241+0.28537599j, -0.11622474+0.10198692j,
            0.33854877-0.74832147j,  0.05836334+0.30686114j],
          [ 0.0880255 +0.29970244j,  0.30159396-0.76396425j,
           -0.11622474+0.10198692j,  0.33561589+0.3021293j ],
          [ 0.06432679-0.40021502j,  0.0880255 +0.29970244j,
            0.34997241+0.28537599j,  0.59104213+0.42996398j]],
         input_dims=(2, 2), output_dims=(2, 2))"
"Operator([[ 0.59104213+0.42996398j, -0.19863714+0.40554091j,
           -0.21129123-0.23005664j, -0.35046014+0.20368528j],
          [ 0.37032841-0.25841248j, -0.11622474+0.10198692j,
            0.81243667+0.12061078j, -0.21129123-0.23005664j],
          [ 0.0830999 -0.30110537j, -0.6521263 -0.49933114j,
           -0.11622474+0.10198692j, -0.19863714+0.40554091j],
          [ 0.22180171+0.33928454j,  0.0830999 -0.30110537j,
            0.37032841-0.25841248j,  0.59104213+0.42996398j]],
         input_dims=(2, 2), output_dims=(2, 2))"
"Operator([[ 0.59104213+0.42996398j,  0.4188188 -0.16885188j,
            0.20627351-0.23456616j, -0.04008271+0.40336507j],
          [-0.10270585+0.43974043j, -0.11622474+0.10198692j,
           -0.52364375-0.63276972j,  0.20627351-0.23456616j],
          [-0.29055634-0.1146606j ,  0.81880252-0.06451916j,
           -0.11622474+0.10198692j,  0.4188188 -0.16885188j],
          [-0.14517402+0.37846335j, -0.29055634-0.1146606j ,
           -0.10270585+0.43974043j,  0.59104213+0.42996398j]],
         input_dims=(2, 2), output_dims=(2, 2))"
