unitary
"Operator([[ 9.41366246e-01-3.14213578e-01j,
           -2.21683217e-02+1.20543653e-01j,
           -7.29315258e-03-4.88774255e-03j,
            2.84934412e-04-2.24517672e-04j],
          [ 6.29627375e-02+1.05156552e-01j,
            9.81660078e-01-3.43511799e-02j,
           -4.52747864e-02+1.34217714e-01j,
           -7.29315258e-03-4.88774255e-03j],
          [-5.77907437e-03+6.60926631e-03j,
            5.46426566e-02+1.30684280e-01j,
            9.81660078e-01-3.43511799e-02j,
           -2.21683217e-02+1.20543653e-01j],
          [-3.45456793e-04-1.10704148e-04j,
           -5.77907437e-03+6.60926631e-03j,
            6.29627375e-02+1.05156552e-01j,
            9.41366246e-01-3.14213578e-01j]],
         input_dims=(2, 2), output_dims=(2, 2))"
"Operator([[ 9.41366246e-01-0.31421358j,  1.16437516e-02+0.12201078j,
           -8.77371079e-03-0.00031953j,  2.62388994e-05-0.00036181j],
          [ 3.18035717e-02+0.11836697j,  9.81660078e-01-0.03435118j,
           -6.84214937e-03+0.14148281j, -8.77371079e-03-0.00031953j],
          [-8.39184634e-03+0.00258012j,  1.68192228e-02+0.14064606j,
            9.81660078e-01-0.03435118j,  1.16437516e-02+0.12201078j],
          [-1.51104059e-04-0.00032979j, -8.39184634e-03+0.00258012j,
            3.18035717e-02+0.11836697j,  9.41366246e-01-0.31421358j]],
         input_dims=(2, 2), output_dims=(2, 2))"
"Operator([[ 9.41366246e-01-3.14213578e-01j,
            4.53260295e-02+1.13876063e-01j,
           -7.57094386e-03+4.44532460e-03j,
           -2.54759540e-04-2.58250617e-04j],
          [-2.59519250e-03+1.22537634e-01j,
            9.81660078e-01-3.43511799e-02j,
            3.30285923e-02+1.37743650e-01j,
           -7.57094386e-03+4.44532460e-03j],
          [-8.46369176e-03-2.33367167e-03j,
           -2.32160500e-02+1.39732659e-01j,
            9.81660078e-01-3.43511799e-02j,
            4.53260295e-02+1.13876063e-01j],
          [ 1.48367766e-04-3.31032944e-04j,
           -8.46369176e-03-2.33367167e-03j,
           -2.59519250e-03+1.22537634e-01j,
            9.41366246e-01-3.14213578e-01j]],
         input_dims=(2, 2), output_dims=(2, 2))"
"Operator([[ 9.41366246e-01-0.31421358j,  2.17999268e-02+0.12061082j,
           -8.70437146e-03+0.00114631j, -6.44524569e-05-0.00035699j],
          [ 2.17999268e-02+0.12061082j,  9.81660078e-01-0.03435118j,
            5.00604995e-03+0.14155967j, -8.70437146e-03+0.00114631j],
          [-8.70437146e-03+0.00114631j,  5.00604995e-03+0.14155967j,
            9.81660078e-01-0.03435118j,  2.17999268e-02+0.12061082j],
          [-6.44524569e-05-0.00035699j, -8.70437146e-03+0.00114631j,
            2.17999268e-02+0.12061082j,  9.41366246e-01-0.31421358j]],
         input_dims=(2, 2), output_dims=(2, 2))"
"Operator([[ 9.41366246e-01-3.14213578e-01j,
            1.05316450e-01+6.26949118e-02j,
            2.34339906e-03+8.46100364e-03j,
           -1.40563931e-04+3.34421270e-04j],
          [-7.67062159e-02+9.55947860e-02j,
            9.81660078e-01-3.43511799e-02j,
            1.10104031e-01+8.91139907e-02j,
            2.34339906e-03+8.46100364e-03j],
          [ 7.29778160e-05-8.77922411e-03j,
           -1.03534089e-01+9.66689892e-02j,
            9.81660078e-01-3.43511799e-02j,
            1.05316450e-01+6.26949118e-02j],
          [ 2.48633260e-04+2.64153944e-04j,
            7.29778160e-05-8.77922411e-03j,
           -7.67062159e-02+9.55947860e-02j,
            9.41366246e-01-3.14213578e-01j]],
         input_dims=(2, 2), output_dims=(2, 2))"
"Operator([[ 9.41366246e-01-3.14213578e-01j,
            1.20800289e-01+2.07243027e-02j,
            7.40802961e-03+4.71181482e-03j,
            2.34599683e-04+2.76692596e-04j],
          [-1.05902438e-01+6.16999207e-02j,
            9.81660078e-01-3.43511799e-02j,
            1.34749865e-01+4.36654887e-02j,
            7.40802961e-03+4.71181482e-03j],
          [ 5.93558174e-03-6.46907808e-03j,
           -1.31328781e-01+5.30749693e-02j,
            9.81660078e-01-3.43511799e-02j,
            1.20800289e-01+2.07243027e-02j],
          [-1.23031717e-04+3.41260899e-04j,
            5.93558174e-03-6.46907808e-03j,
           -1.05902438e-01+6.16999207e-02j,
            9.41366246e-01-3.14213578e-01j]],
         input_dims=(2, 2), output_dims=(2, 2))"
"Operator([[ 9.41366246e-01-0.31421358j,  2.17999268e-02+0.12061082j,
           -8.70437146e-03+0.00114631j, -6.44524569e-05-0.00035699j],
          [ 2.17999268e-02+0.12061082j,  9.81660078e-01-0.03435118j,
            5.00604995e-03+0.14155967j, -8.70437146e-03+0.00114631j],
          [-8.70437146e-03+0.00114631j,  5.00604995e-03+0.14155967j,
            9.81660078e-01-0.03435118j,  2.17999268e-02+0.12061082j],
          [-6.44524569e-05-0.00035699j, -8.70437146e-03+0.00114631j,
            2.17999268e-02+0.12061082j,  9.41366246e-01-0.31421358j]],
         input_dims=(2, 2), output_dims=(2, 2))"
