unitary
"Operator([[ 0.14873993-0.87453732j,  0.30581933+0.31570441j,
           -0.11834605+0.07239479j, -0.01703118-0.01814716j],
          [ 0.30581933+0.31570441j,  0.71834518-0.06185492j,
            0.06279007+0.51358549j, -0.11834605+0.07239479j],
          [-0.11834605+0.07239479j,  0.06279007+0.51358549j,
            0.71834518-0.06185492j,  0.30581933+0.31570441j],
          [-0.01703118-0.01814716j, -0.11834605+0.07239479j,
            0.30581933+0.31570441j,  0.14873993-0.87453732j]],
         input_dims=(2, 2), output_dims=(2, 2))"
"Operator([[ 0.14873993-0.87453732j,  0.30581933+0.31570441j,
           -0.11834605+0.07239479j, -0.01703118-0.01814716j],
          [ 0.30581933+0.31570441j,  0.71834518-0.06185492j,
            0.06279007+0.51358549j, -0.11834605+0.07239479j],
          [-0.11834605+0.07239479j,  0.06279007+0.51358549j,
            0.71834518-0.06185492j,  0.30581933+0.31570441j],
          [-0.01703118-0.01814716j, -0.11834605+0.07239479j,
            0.30581933+0.31570441j,  0.14873993-0.87453732j]],
         input_dims=(2, 2), output_dims=(2, 2))"
"Operator([[ 0.14873993-0.87453732j,  0.43835316-0.03226827j,
            0.09228489+0.10358713j,  0.00582961+0.02419497j],
          [-0.04619207+0.43710528j,  0.71834518-0.06185492j,
            0.43438599+0.28110755j,  0.09228489+0.10358713j],
          [-0.0501973 -0.129333j  , -0.35386845+0.37747817j,
            0.71834518-0.06185492j,  0.43835316-0.03226827j],
          [ 0.02377682+0.00735145j, -0.0501973 -0.129333j  ,
           -0.04619207+0.43710528j,  0.14873993-0.87453732j]],
         input_dims=(2, 2), output_dims=(2, 2))"
"Operator([[ 0.14873993-0.87453732j, -0.13106769+0.41954261j,
            0.00344005-0.13869015j,  0.01561792+0.01937682j],
          [ 0.42349851-0.11765947j,  0.71834518-0.06185492j,
           -0.42106141+0.30069908j,  0.00344005-0.13869015j],
          [ 0.12504136+0.06009535j,  0.48110259+0.19040207j,
            0.71834518-0.06185492j, -0.13106769+0.41954261j],
          [ 0.01834795+0.01681468j,  0.12504136+0.06009535j,
            0.42349851-0.11765947j,  0.14873993-0.87453732j]],
         input_dims=(2, 2), output_dims=(2, 2))"
"Operator([[ 0.14873993-0.87453732j, -0.07344877+0.43335899j,
           -0.03365277-0.13458932j,  0.02198607+0.01166162j],
          [ 0.43547556-0.05963032j,  0.71834518-0.06185492j,
           -0.37679185+0.35459913j, -0.03365277-0.13458932j],
          [ 0.10449875+0.09125133j,  0.4511223 +0.25337979j,
            0.71834518-0.06185492j, -0.07344877+0.43335899j],
          [ 0.01024462+0.02268102j,  0.10449875+0.09125133j,
            0.43547556-0.05963032j,  0.14873993-0.87453732j]],
         input_dims=(2, 2), output_dims=(2, 2))"
