unitary
"Operator([[ 8.86340847e-01-4.30335148e-01j,
           -2.29904773e-02+1.68492137e-01j,
           -1.42162722e-02-9.50352712e-03j,
            7.81644159e-04-6.09247018e-04j],
          [ 1.01139435e-01+1.36707634e-01j,
            9.64342661e-01-4.62886825e-02j,
           -6.50932089e-02+1.85614876e-01j,
           -1.42162722e-02-9.50352712e-03j],
          [-9.86518710e-03+1.39677309e-02j,
            8.29400184e-02+1.78356276e-01j,
            9.64342661e-01-4.62886825e-02j,
           -2.29904773e-02+1.68492137e-01j],
          [-9.78088585e-04-1.59662897e-04j,
           -9.86518710e-03+1.39677309e-02j,
            1.01139435e-01+1.36707634e-01j,
            8.86340847e-01-4.30335148e-01j]],
         input_dims=(2, 2), output_dims=(2, 2))"
"Operator([[ 8.86340847e-01-0.43033515j,  4.21826807e-02+0.16473853j,
           -1.68138086e-02+0.00311693j, -2.45314235e-04-0.00096019j],
          [ 4.21826807e-02+0.16473853j,  9.64342661e-01-0.04628868j,
            9.63322217e-03+0.19646172j, -1.68138086e-02+0.00311693j],
          [-1.68138086e-02+0.00311693j,  9.63322217e-03+0.19646172j,
            9.64342661e-01-0.04628868j,  4.21826807e-02+0.16473853j],
          [-2.45314235e-04-0.00096019j, -1.68138086e-02+0.00311693j,
            4.21826807e-02+0.16473853j,  8.86340847e-01-0.43033515j]],
         input_dims=(2, 2), output_dims=(2, 2))"
"Operator([[ 8.86340847e-01-0.43033515j,  4.21826807e-02+0.16473853j,
           -1.68138086e-02+0.00311693j, -2.45314235e-04-0.00096019j],
          [ 4.21826807e-02+0.16473853j,  9.64342661e-01-0.04628868j,
            9.63322217e-03+0.19646172j, -1.68138086e-02+0.00311693j],
          [-1.68138086e-02+0.00311693j,  9.63322217e-03+0.19646172j,
            9.64342661e-01-0.04628868j,  4.21826807e-02+0.16473853j],
          [-2.45314235e-04-0.00096019j, -1.68138086e-02+0.00311693j,
            4.21826807e-02+0.16473853j,  8.86340847e-01-0.43033515j]],
         input_dims=(2, 2), output_dims=(2, 2))"
"Operator([[ 8.86340847e-01-0.43033515j,  6.52010828e-02+0.15705725j,
           -1.52542925e-02+0.00772826j, -6.22068787e-04-0.00077148j],
          [ 1.83053297e-02+0.1690653j ,  9.64342661e-01-0.04628868j,
            3.74983055e-02+0.19309035j, -1.52542925e-02+0.00772826j],
          [-1.70108052e-02-0.00174698j, -1.84280186e-02+0.19583262j,
            9.64342661e-01-0.04628868j,  6.52010828e-02+0.15705725j],
          [ 1.75789205e-04-0.00097532j, -1.70108052e-02-0.00174698j,
            1.83053297e-02+0.1690653j ,  8.86340847e-01-0.43033515j]],
         input_dims=(2, 2), output_dims=(2, 2))"
"Operator([[ 8.86340847e-01-0.43033515j,  3.39181247e-03+0.17001958j,
           -1.64430147e-02-0.00469539j,  4.23951773e-04-0.00089578j],
          [ 7.87379276e-02+0.15072658j,  9.64342661e-01-0.04628868j,
           -3.55496937e-02+0.19345859j, -1.64430147e-02-0.00469539j],
          [-1.36673994e-02+0.01027724j,  5.43055911e-02+0.18905267j,
            9.64342661e-01-0.04628868j,  3.39181247e-03+0.17001958j],
          [-8.01666316e-04-0.00058265j, -1.36673994e-02+0.01027724j,
            7.87379276e-02+0.15072658j,  8.86340847e-01-0.43033515j]],
         input_dims=(2, 2), output_dims=(2, 2))"
"Operator([[ 8.86340847e-01-0.43033515j,  1.46807841e-01+0.08582319j,
            3.30874124e-03+0.01677712j, -4.90819887e-04+0.00086096j],
          [-8.74941303e-02+0.14581817j,  9.64342661e-01-0.04628868j,
            1.46483101e-01+0.13127341j,  3.30874124e-03+0.01677712j],
          [-2.92471603e-03-0.01684831j, -1.32937681e-01+0.14497442j,
            9.64342661e-01-0.04628868j,  1.46807841e-01+0.08582319j],
          [ 8.43638363e-04+0.00052002j, -2.92471603e-03-0.01684831j,
           -8.74941303e-02+0.14581817j,  8.86340847e-01-0.43033515j]],
         input_dims=(2, 2), output_dims=(2, 2))"
"Operator([[ 8.86340847e-01-0.43033515j, -1.21500096e-01+0.11897852j,
            5.68687114e-03-0.01612696j,  2.47162095e-04+0.00095972j],
          [ 1.63729648e-01+0.04594306j,  9.64342661e-01-0.04628868j,
           -1.65255816e-01+0.10667954j,  5.68687114e-03-0.01612696j],
          [ 1.10895510e-02+0.01301696j,  1.74899742e-01+0.09000049j,
            9.64342661e-01-0.04628868j, -1.21500096e-01+0.11897852j],
          [ 2.43465465e-04+0.00096066j,  1.10895510e-02+0.01301696j,
            1.63729648e-01+0.04594306j,  8.86340847e-01-0.43033515j]],
         input_dims=(2, 2), output_dims=(2, 2))"
"Operator([[ 8.86340847e-01-4.30335148e-01j,
            1.66022145e-01-3.68077382e-02j,
            1.69807503e-02-2.01830195e-03j,
            9.79511809e-04-1.50685553e-04j],
          [-1.63280953e-01+4.75130782e-02j,
            9.64342661e-01-4.62886825e-02j,
            1.96670994e-01-3.24471862e-03j,
            1.69807503e-02-2.01830195e-03j],
          [ 1.65758639e-02-4.20239934e-03j,
           -1.96044990e-01+1.60115530e-02j,
            9.64342661e-01-4.62886825e-02j,
            1.66022145e-01-3.68077382e-02j],
          [-9.31754756e-04+3.37613084e-04j,
            1.65758639e-02-4.20239934e-03j,
           -1.63280953e-01+4.75130782e-02j,
            8.86340847e-01-4.30335148e-01j]],
         input_dims=(2, 2), output_dims=(2, 2))"
"Operator([[ 8.86340847e-01-0.43033515j,  4.21826807e-02+0.16473853j,
           -1.68138086e-02+0.00311693j, -2.45314235e-04-0.00096019j],
          [ 4.21826807e-02+0.16473853j,  9.64342661e-01-0.04628868j,
            9.63322217e-03+0.19646172j, -1.68138086e-02+0.00311693j],
          [-1.68138086e-02+0.00311693j,  9.63322217e-03+0.19646172j,
            9.64342661e-01-0.04628868j,  4.21826807e-02+0.16473853j],
          [-2.45314235e-04-0.00096019j, -1.68138086e-02+0.00311693j,
            4.21826807e-02+0.16473853j,  8.86340847e-01-0.43033515j]],
         input_dims=(2, 2), output_dims=(2, 2))"
"Operator([[ 8.86340847e-01-0.43033515j,  1.69611349e-01+0.01225368j,
            1.53053411e-02+0.00762666j,  7.46211283e-04+0.00065216j],
          [-1.42849274e-01+0.09226184j,  9.64342661e-01-0.04628868j,
            1.89370918e-01+0.05318518j,  1.53053411e-02+0.00762666j],
          [ 1.15546351e-02-0.01260594j, -1.83259286e-01+0.07145657j,
            9.64342661e-01-0.04628868j,  1.69611349e-01+0.01225368j],
          [-3.41949127e-04+0.00093017j,  1.15546351e-02-0.01260594j,
           -1.42849274e-01+0.09226184j,  8.86340847e-01-0.43033515j]],
         input_dims=(2, 2), output_dims=(2, 2))"
