unitary
"Operator([[ 9.05698036e-01-0.39428106j,  3.50208811e-02+0.15108236j,
           -1.39677146e-02+0.00234937j, -1.68104948e-04-0.00072655j],
          [ 3.50208811e-02+0.15108236j,  9.70446769e-01-0.04265846j,
            8.01347011e-03+0.17915398j, -1.39677146e-02+0.00234937j],
          [-1.39677146e-02+0.00234937j,  8.01347011e-03+0.17915398j,
            9.70446769e-01-0.04265846j,  3.50208811e-02+0.15108236j],
          [-1.68104948e-04-0.00072655j, -1.39677146e-02+0.00234937j,
            3.50208811e-02+0.15108236j,  9.05698036e-01-0.39428106j]],
         input_dims=(2, 2), output_dims=(2, 2))"
"Operator([[ 9.05698036e-01-0.39428106j,  3.50208811e-02+0.15108236j,
           -1.39677146e-02+0.00234937j, -1.68104948e-04-0.00072655j],
          [ 3.50208811e-02+0.15108236j,  9.70446769e-01-0.04265846j,
            8.01347011e-03+0.17915398j, -1.39677146e-02+0.00234937j],
          [-1.39677146e-02+0.00234937j,  8.01347011e-03+0.17915398j,
            9.70446769e-01-0.04265846j,  3.50208811e-02+0.15108236j],
          [-1.68104948e-04-0.00072655j, -1.39677146e-02+0.00234937j,
            3.50208811e-02+0.15108236j,  9.05698036e-01-0.39428106j]],
         input_dims=(2, 2), output_dims=(2, 2))"
"Operator([[ 9.05698036e-01-0.39428106j,  3.50208811e-02+0.15108236j,
           -1.39677146e-02+0.00234937j, -1.68104948e-04-0.00072655j],
          [ 3.50208811e-02+0.15108236j,  9.70446769e-01-0.04265846j,
            8.01347011e-03+0.17915398j, -1.39677146e-02+0.00234937j],
          [-1.39677146e-02+0.00234937j,  8.01347011e-03+0.17915398j,
            9.70446769e-01-0.04265846j,  3.50208811e-02+0.15108236j],
          [-1.68104948e-04-0.00072655j, -1.39677146e-02+0.00234937j,
            3.50208811e-02+0.15108236j,  9.05698036e-01-0.39428106j]],
         input_dims=(2, 2), output_dims=(2, 2))"
"Operator([[ 9.05698036e-01-0.39428106j,  3.50208811e-02+0.15108236j,
           -1.39677146e-02+0.00234937j, -1.68104948e-04-0.00072655j],
          [ 3.50208811e-02+0.15108236j,  9.70446769e-01-0.04265846j,
            8.01347011e-03+0.17915398j, -1.39677146e-02+0.00234937j],
          [-1.39677146e-02+0.00234937j,  8.01347011e-03+0.17915398j,
            9.70446769e-01-0.04265846j,  3.50208811e-02+0.15108236j],
          [-1.68104948e-04-0.00072655j, -1.39677146e-02+0.00234937j,
            3.50208811e-02+0.15108236j,  9.05698036e-01-0.39428106j]],
         input_dims=(2, 2), output_dims=(2, 2))"
"Operator([[ 9.05698036e-01-0.39428106j,  6.54832037e-02+0.14058553j,
           -1.18250404e-02+0.00779648j, -5.61128531e-04-0.00049119j],
          [ 3.04700285e-03+0.15505824j,  9.70446769e-01-0.04265846j,
            4.48590635e-02+0.17363188j, -1.18250404e-02+0.00779648j],
          [-1.37249365e-02-0.00349896j, -2.91779971e-02+0.17694352j,
            9.70446769e-01-0.04265846j,  6.54832037e-02+0.14058553j],
          [ 2.88354195e-04-0.00068774j, -1.37249365e-02-0.00349896j,
            3.04700285e-03+0.15505824j,  9.05698036e-01-0.39428106j]],
         input_dims=(2, 2), output_dims=(2, 2))"
"Operator([[ 9.05698036e-01-0.39428106j,  6.14379735e-02+0.14239985j,
           -1.22512416e-02+0.007108j  , -5.16991614e-04-0.00053745j],
          [ 7.47791705e-03+0.15490779j,  9.70446769e-01-0.04265846j,
            3.98776690e-02+0.17484318j, -1.22512416e-02+0.007108j  ],
          [-1.39024547e-02-0.00270894j, -2.41083505e-02+0.17770524j,
            9.70446769e-01-0.04265846j,  6.14379735e-02+0.14239985j],
          [ 2.28383878e-04-0.00070991j, -1.39024547e-02-0.00270894j,
            7.47791705e-03+0.15490779j,  9.05698036e-01-0.39428106j]],
         input_dims=(2, 2), output_dims=(2, 2))"
"Operator([[ 9.05698036e-01-0.39428106j, -1.22371692e-01+0.09527598j,
            7.24115503e-03-0.01217301j, -3.14082307e-05+0.00074508j],
          [ 1.51809533e-01+0.03172079j,  9.70446769e-01-0.04265846j,
           -1.59194537e-01+0.08256794j,  7.24115503e-03-0.01217301j],
          [ 1.08250479e-02+0.00913427j,  1.65930497e-01+0.06802526j,
            9.70446769e-01-0.04265846j, -1.22371692e-01+0.09527598j],
          [ 3.55482144e-04+0.00065557j,  1.08250479e-02+0.00913427j,
            1.51809533e-01+0.03172079j,  9.05698036e-01-0.39428106j]],
         input_dims=(2, 2), output_dims=(2, 2))"
"Operator([[ 9.05698036e-01-3.94281058e-01j,
            1.50978545e-01-3.54657782e-02j,
            1.39536310e-02-2.43162353e-03j,
            7.25036287e-04-1.74518989e-04j],
          [-1.51184870e-01+3.45756802e-02j,
            9.70446769e-01-4.26584628e-02j,
            1.79129600e-01-8.54117601e-03j,
            1.39536310e-02-2.43162353e-03j],
          [ 1.39813135e-02-2.26704334e-03j,
           -1.79176811e-01+7.48569467e-03j,
            9.70446769e-01-4.26584628e-02j,
            1.50978545e-01-3.54657782e-02j],
          [-7.28007411e-04+1.61677778e-04j,
            1.39813135e-02-2.26704334e-03j,
           -1.51184870e-01+3.45756802e-02j,
            9.05698036e-01-3.94281058e-01j]],
         input_dims=(2, 2), output_dims=(2, 2))"
"Operator([[ 9.05698036e-01-0.39428106j,  3.50208811e-02+0.15108236j,
           -1.39677146e-02+0.00234937j, -1.68104948e-04-0.00072655j],
          [ 3.50208811e-02+0.15108236j,  9.70446769e-01-0.04265846j,
            8.01347011e-03+0.17915398j, -1.39677146e-02+0.00234937j],
          [-1.39677146e-02+0.00234937j,  8.01347011e-03+0.17915398j,
            9.70446769e-01-0.04265846j,  3.50208811e-02+0.15108236j],
          [-1.68104948e-04-0.00072655j, -1.39677146e-02+0.00234937j,
            3.50208811e-02+0.15108236j,  9.05698036e-01-0.39428106j]],
         input_dims=(2, 2), output_dims=(2, 2))"
"Operator([[ 9.05698036e-01-0.39428106j,  1.54735380e-01+0.01045488j,
            1.29106378e-02+0.00582512j,  5.89886016e-04+0.00045626j],
          [-1.34355307e-01+0.07746608j,  9.70446769e-01-0.04265846j,
            1.73734045e-01+0.04446175j,  1.29106378e-02+0.00582512j],
          [ 1.02945567e-02-0.00972824j, -1.69070681e-01+0.05979523j,
            9.70446769e-01-0.04265846j,  1.54735380e-01+0.01045488j],
          [-3.29534347e-04+0.00066899j,  1.02945567e-02-0.00972824j,
           -1.34355307e-01+0.07746608j,  9.05698036e-01-0.39428106j]],
         input_dims=(2, 2), output_dims=(2, 2))"
"Operator([[ 9.05698036e-01-0.39428106j,  1.54176728e-01+0.01678925j,
            1.23900618e-02+0.00686316j,  5.29443413e-04+0.00052519j],
          [-1.31066756e-01+0.08290867j,  9.70446769e-01-0.04265846j,
            1.71765359e-01+0.05154636j,  1.23900618e-02+0.00686316j],
          [ 9.46303622e-03-0.01053886j, -1.66477340e-01+0.06667579j,
            9.70446769e-01-0.04265846j,  1.54176728e-01+0.01678925j],
          [-2.44956080e-04+0.00070437j,  9.46303622e-03-0.01053886j,
           -1.31066756e-01+0.08290867j,  9.05698036e-01-0.39428106j]],
         input_dims=(2, 2), output_dims=(2, 2))"
