unitary
"Operator([[ 0.64342104-0.70368247j,  0.13118932+0.26567659j,
           -0.05186141+0.01794479j, -0.00256566-0.00523951j],
          [ 0.13118932+0.26567659j,  0.88650541-0.0694078j ,
            0.02914994+0.34297913j, -0.05186141+0.01794479j],
          [-0.05186141+0.01794479j,  0.02914994+0.34297913j,
            0.88650541-0.0694078j ,  0.13118932+0.26567659j],
          [-0.00256566-0.00523951j, -0.05186141+0.01794479j,
            0.13118932+0.26567659j,  0.64342104-0.70368247j]],
         input_dims=(2, 2), output_dims=(2, 2))"
"Operator([[ 0.64342104-0.70368247j,  0.26209654-0.13820308j,
            0.05083477-0.02067481j,  0.00501851-0.00297482j],
          [-0.26906899+0.12408291j,  0.88650541-0.0694078j ,
            0.34208337-0.03825397j,  0.05083477-0.02067481j],
          [ 0.05274155-0.01516409j, -0.34363263+0.02002532j,
            0.88650541-0.0694078j ,  0.26209654-0.13820308j],
          [-0.00542721+0.00214019j,  0.05274155-0.01516409j,
           -0.26906899+0.12408291j,  0.64342104-0.70368247j]],
         input_dims=(2, 2), output_dims=(2, 2))"
"Operator([[ 0.64342104-0.70368247j,  0.29492521+0.02852738j,
            0.0391264 +0.03848046j,  0.00205983+0.00545821j],
          [-0.1566448 +0.25150964j,  0.88650541-0.0694078j ,
            0.30684327+0.15598592j,  0.0391264 +0.03848046j],
          [ 0.00697703-0.05443292j, -0.27611771+0.20553202j,
            0.88650541-0.0694078j ,  0.29492521+0.02852738j],
          [ 0.00304859+0.00497405j,  0.00697703-0.05443292j,
           -0.1566448 +0.25150964j,  0.64342104-0.70368247j]],
         input_dims=(2, 2), output_dims=(2, 2))"
"Operator([[ 0.64342104-0.70368247j,  0.1473602 +0.25705965j,
           -0.049251  +0.02420662j, -0.00348824-0.00467623j],
          [ 0.11451675+0.27327752j,  0.88650541-0.0694078j ,
            0.05029407+0.34052152j, -0.049251  +0.02420662j],
          [-0.05367925+0.01140873j,  0.00789433+0.34412509j,
            0.88650541-0.0694078j ,  0.1473602 +0.25705965j],
          [-0.00155499-0.0056229j , -0.05367925+0.01140873j,
            0.11451675+0.27327752j,  0.64342104-0.70368247j]],
         input_dims=(2, 2), output_dims=(2, 2))"
"Operator([[ 0.64342104-0.70368247j,  0.13118932+0.26567659j,
           -0.05186141+0.01794479j, -0.00256566-0.00523951j],
          [ 0.13118932+0.26567659j,  0.88650541-0.0694078j ,
            0.02914994+0.34297913j, -0.05186141+0.01794479j],
          [-0.05186141+0.01794479j,  0.02914994+0.34297913j,
            0.88650541-0.0694078j ,  0.13118932+0.26567659j],
          [-0.00256566-0.00523951j, -0.05186141+0.01794479j,
            0.13118932+0.26567659j,  0.64342104-0.70368247j]],
         input_dims=(2, 2), output_dims=(2, 2))"
"Operator([[ 0.64342104-0.70368247j,  0.13118932+0.26567659j,
           -0.05186141+0.01794479j, -0.00256566-0.00523951j],
          [ 0.13118932+0.26567659j,  0.88650541-0.0694078j ,
            0.02914994+0.34297913j, -0.05186141+0.01794479j],
          [-0.05186141+0.01794479j,  0.02914994+0.34297913j,
            0.88650541-0.0694078j ,  0.13118932+0.26567659j],
          [-0.00256566-0.00523951j, -0.05186141+0.01794479j,
            0.13118932+0.26567659j,  0.64342104-0.70368247j]],
         input_dims=(2, 2), output_dims=(2, 2))"
"Operator([[ 0.64342104-0.70368247j, -0.14570381+0.25800211j,
            0.00228232-0.05483076j,  0.00366232+0.00454119j],
          [ 0.29342875+0.04116139j,  0.88650541-0.0694078j ,
           -0.26704028+0.2171955j ,  0.00228232-0.05483076j],
          [ 0.03568153+0.04169472j,  0.29986439+0.16901404j,
            0.88650541-0.0694078j , -0.14570381+0.25800211j],
          [ 0.00134158+0.0056776j ,  0.03568153+0.04169472j,
            0.29342875+0.04116139j,  0.64342104-0.70368247j]],
         input_dims=(2, 2), output_dims=(2, 2))"
"Operator([[ 0.64342104-0.70368247j, -0.18704702+0.22980013j,
            0.02034572-0.05096737j,  0.00099482+0.00574851j],
          [ 0.2961707 -0.00880954j,  0.88650541-0.0694078j ,
           -0.29978503+0.16915477j,  0.02034572-0.05096737j],
          [ 0.04749439+0.02749372j,  0.32403203+0.1161363j ,
            0.88650541-0.0694078j , -0.18704702+0.22980013j],
          [ 0.00393096+0.00431075j,  0.04749439+0.02749372j,
            0.2961707 -0.00880954j,  0.64342104-0.70368247j]],
         input_dims=(2, 2), output_dims=(2, 2))"
"Operator([[ 0.64342104-0.70368247j, -0.15001096+0.25552182j,
            0.00412021-0.05472335j,  0.00342925+0.00471967j],
          [ 0.29407789+0.03623371j,  0.88650541-0.0694078j ,
           -0.27064589+0.21268569j,  0.00412021-0.05472335j],
          [ 0.03706001+0.0404744j ,  0.3026572 +0.16396043j,
            0.88650541-0.0694078j , -0.15001096+0.25552182j],
          [ 0.00162547+0.00560293j,  0.03706001+0.0404744j ,
            0.29407789+0.03623371j,  0.64342104-0.70368247j]],
         input_dims=(2, 2), output_dims=(2, 2))"
"Operator([[ 0.64342104-0.70368247j,  0.13118932+0.26567659j,
           -0.05186141+0.01794479j, -0.00256566-0.00523951j],
          [ 0.13118932+0.26567659j,  0.88650541-0.0694078j ,
            0.02914994+0.34297913j, -0.05186141+0.01794479j],
          [-0.05186141+0.01794479j,  0.02914994+0.34297913j,
            0.88650541-0.0694078j ,  0.13118932+0.26567659j],
          [-0.00256566-0.00523951j, -0.05186141+0.01794479j,
            0.13118932+0.26567659j,  0.64342104-0.70368247j]],
         input_dims=(2, 2), output_dims=(2, 2))"
"Operator([[ 0.64342104-0.70368247j,  0.13118932+0.26567659j,
           -0.05186141+0.01794479j, -0.00256566-0.00523951j],
          [ 0.13118932+0.26567659j,  0.88650541-0.0694078j ,
            0.02914994+0.34297913j, -0.05186141+0.01794479j],
          [-0.05186141+0.01794479j,  0.02914994+0.34297913j,
            0.88650541-0.0694078j ,  0.13118932+0.26567659j],
          [-0.00256566-0.00523951j, -0.05186141+0.01794479j,
            0.13118932+0.26567659j,  0.64342104-0.70368247j]],
         input_dims=(2, 2), output_dims=(2, 2))"
