unitary
"Operator([[ 8.69959337e-01-0.45800519j, -1.77968022e-01-0.03666068j,
            1.43722402e-02+0.01331665j, -5.00033572e-04-0.00110986j],
          [ 1.34118940e-01-0.12259173j,  9.59166425e-01-0.04901741j,
           -1.92000780e-01-0.08562853j,  1.43722402e-02+0.01331665j],
          [ 8.18087268e-03-0.01780359j,  1.82003915e-01-0.10521939j,
            9.59166425e-01-0.04901741j, -1.77968022e-01-0.03666068j],
          [-1.36952835e-04-0.00120958j,  8.18087268e-03-0.01780359j,
            1.34118940e-01-0.12259173j,  8.69959337e-01-0.45800519j]],
         input_dims=(2, 2), output_dims=(2, 2))"
"Operator([[ 8.69959337e-01-0.45800519j, -1.49862004e-01+0.10275214j,
            1.27674830e-02-0.01486223j, -3.66419981e-04+0.00116085j],
          [ 1.81336749e-01+0.01155878j,  9.59166425e-01-0.04901741j,
           -1.94866263e-01+0.07889033j,  1.27674830e-02-0.01486223j],
          [ 1.74837825e-02+0.00884374j,  2.02041984e-01+0.05809976j,
            9.59166425e-01-0.04901741j, -1.49862004e-01+0.10275214j],
          [ 9.07913864e-04+0.00081088j,  1.74837825e-02+0.00884374j,
            1.81336749e-01+0.01155878j,  8.69959337e-01-0.45800519j]],
         input_dims=(2, 2), output_dims=(2, 2))"
"Operator([[ 0.86995934-4.58005189e-01j, -0.03296217+1.78690004e-01j,
           -0.01491207-1.27092301e-02j,  0.00107663-5.68074187e-04j],
          [ 0.11978406+1.36632356e-01j,  0.95916643-4.90174130e-02j,
           -0.08162848+1.93735221e-01j, -0.01491207-1.27092301e-02j],
          [-0.00891208+1.74490435e-02j,  0.10142244+1.84146773e-01j,
            0.95916643-4.90174130e-02j, -0.03296217+1.78690004e-01j],
          [-0.00121575+6.14798916e-05j, -0.00891208+1.74490435e-02j,
            0.11978406+1.36632356e-01j,  0.86995934-4.58005189e-01j]],
         input_dims=(2, 2), output_dims=(2, 2))"
"Operator([[ 8.69959337e-01-0.45800519j,  4.82361054e-02+0.17518533j,
           -1.92166063e-02+0.00382314j, -3.22371794e-04-0.00117384j],
          [ 4.82361054e-02+0.17518533j,  9.59166425e-01-0.04901741j,
            1.09970339e-02+0.20994192j, -1.92166063e-02+0.00382314j],
          [-1.92166063e-02+0.00382314j,  1.09970339e-02+0.20994192j,
            9.59166425e-01-0.04901741j,  4.82361054e-02+0.17518533j],
          [-3.22371794e-04-0.00117384j, -1.92166063e-02+0.00382314j,
            4.82361054e-02+0.17518533j,  8.69959337e-01-0.45800519j]],
         input_dims=(2, 2), output_dims=(2, 2))"
"Operator([[ 8.69959337e-01-0.45800519j,  4.82361054e-02+0.17518533j,
           -1.92166063e-02+0.00382314j, -3.22371794e-04-0.00117384j],
          [ 4.82361054e-02+0.17518533j,  9.59166425e-01-0.04901741j,
            1.09970339e-02+0.20994192j, -1.92166063e-02+0.00382314j],
          [-1.92166063e-02+0.00382314j,  1.09970339e-02+0.20994192j,
            9.59166425e-01-0.04901741j,  4.82361054e-02+0.17518533j],
          [-3.22371794e-04-0.00117384j, -1.92166063e-02+0.00382314j,
            4.82361054e-02+0.17518533j,  8.69959337e-01-0.45800519j]],
         input_dims=(2, 2), output_dims=(2, 2))"
"Operator([[ 8.69959337e-01-0.45800519j,  9.30272567e-02+0.15608508j,
           -1.45484272e-02+0.01312393j, -1.07037751e-03-0.00057976j],
          [-1.90899421e-05+0.18170477j,  9.59166425e-01-0.04901741j,
            6.63554848e-02+0.19948307j, -1.45484272e-02+0.01312393j],
          [-1.84637796e-02-0.00655616j, -4.51511617e-02+0.20532393j,
            9.59166425e-01-0.04901741j,  9.30272567e-02+0.15608508j],
          [ 6.24136171e-04-0.00104512j, -1.84637796e-02-0.00655616j,
           -1.90899421e-05+0.18170477j,  8.69959337e-01-0.45800519j]],
         input_dims=(2, 2), output_dims=(2, 2))"
"Operator([[ 8.69959337e-01-0.45800519j,  4.82361054e-02+0.17518533j,
           -1.92166063e-02+0.00382314j, -3.22371794e-04-0.00117384j],
          [ 4.82361054e-02+0.17518533j,  9.59166425e-01-0.04901741j,
            1.09970339e-02+0.20994192j, -1.92166063e-02+0.00382314j],
          [-1.92166063e-02+0.00382314j,  1.09970339e-02+0.20994192j,
            9.59166425e-01-0.04901741j,  4.82361054e-02+0.17518533j],
          [-3.22371794e-04-0.00117384j, -1.92166063e-02+0.00382314j,
            4.82361054e-02+0.17518533j,  8.69959337e-01-0.45800519j]],
         input_dims=(2, 2), output_dims=(2, 2))"
"Operator([[ 0.86995934-4.58005189e-01j,  0.11959559+1.36797355e-01j,
           -0.00896016+1.74244055e-02j, -0.001216  +5.64514264e-05j],
          [-0.0327158 +1.78735275e-01j,  0.95916643-4.90174130e-02j,
            0.10116849+1.84286414e-01j, -0.00896016+1.74244055e-02j],
          [-0.01494705-1.26680675e-02j, -0.08136133+1.93847566e-01j,
            0.95916643-4.90174130e-02j,  0.11959559+1.36797355e-01j],
          [ 0.00107427-5.72521891e-04j, -0.01494705-1.26680675e-02j,
           -0.0327158 +1.78735275e-01j,  0.86995934-4.58005189e-01j]],
         input_dims=(2, 2), output_dims=(2, 2))"
"Operator([[ 8.69959337e-01-0.45800519j,  4.82361054e-02+0.17518533j,
           -1.92166063e-02+0.00382314j, -3.22371794e-04-0.00117384j],
          [ 4.82361054e-02+0.17518533j,  9.59166425e-01-0.04901741j,
            1.09970339e-02+0.20994192j, -1.92166063e-02+0.00382314j],
          [-1.92166063e-02+0.00382314j,  1.09970339e-02+0.20994192j,
            9.59166425e-01-0.04901741j,  4.82361054e-02+0.17518533j],
          [-3.22371794e-04-0.00117384j, -1.92166063e-02+0.00382314j,
            4.82361054e-02+0.17518533j,  8.69959337e-01-0.45800519j]],
         input_dims=(2, 2), output_dims=(2, 2))"
"Operator([[ 0.86995934-4.58005189e-01j,  0.17895163-3.15108974e-02j,
            0.01959265-1.49173621e-04j,  0.00121717+1.84249632e-05j],
          [-0.16985951+6.45319103e-02j,  0.95916643-4.90174130e-02j,
            0.21004388+8.83808853e-03j,  0.01959265-1.49173621e-04j],
          [ 0.01815781-7.36127723e-03j, -0.20797103+3.07342595e-02j,
            0.95916643-4.90174130e-02j,  0.17895163-3.15108974e-02j],
          [-0.00103703+6.37493505e-04j,  0.01815781-7.36127723e-03j,
           -0.16985951+6.45319103e-02j,  0.86995934-4.58005189e-01j]],
         input_dims=(2, 2), output_dims=(2, 2))"
"Operator([[ 8.69959337e-01-0.45800519j,  4.82361054e-02+0.17518533j,
           -1.92166063e-02+0.00382314j, -3.22371794e-04-0.00117384j],
          [ 4.82361054e-02+0.17518533j,  9.59166425e-01-0.04901741j,
            1.09970339e-02+0.20994192j, -1.92166063e-02+0.00382314j],
          [-1.92166063e-02+0.00382314j,  1.09970339e-02+0.20994192j,
            9.59166425e-01-0.04901741j,  4.82361054e-02+0.17518533j],
          [-3.22371794e-04-0.00117384j, -1.92166063e-02+0.00382314j,
            4.82361054e-02+0.17518533j,  8.69959337e-01-0.45800519j]],
         input_dims=(2, 2), output_dims=(2, 2))"
"Operator([[ 8.69959337e-01-0.45800519j, -2.04611064e-02-0.18054907j,
           -1.94631440e-02-0.00225397j, -2.41241445e-04+0.00119316j],
          [-7.48420113e-02-0.16557565j,  9.59166425e-01-0.04901741j,
            2.17212434e-02-0.2091046j , -1.94631440e-02-0.00225397j],
          [-1.71183538e-02+0.00953186j, -4.34487774e-02-0.20569091j,
            9.59166425e-01-0.04901741j, -2.04611064e-02-0.18054907j],
          [ 8.16797055e-04+0.00090259j, -1.71183538e-02+0.00953186j,
           -7.48420113e-02-0.16557565j,  8.69959337e-01-0.45800519j]],
         input_dims=(2, 2), output_dims=(2, 2))"
"Operator([[ 8.69959337e-01-0.45800519j, -1.11715143e-02-0.18136102j,
           -1.91297263e-02-0.0042365j , -4.21379959e-04+0.00114205j],
          [-8.32379274e-02-0.16151802j,  9.59166425e-01-0.04901741j,
            3.24202625e-02-0.20771488j, -1.91297263e-02-0.0042365j ],
          [-1.60515125e-02+0.01123581j, -5.39440531e-02-0.203191j  ,
            9.59166425e-01-0.04901741j, -1.11715143e-02-0.18136102j],
          [ 9.45562395e-04+0.00076664j, -1.60515125e-02+0.01123581j,
           -8.32379274e-02-0.16151802j,  8.69959337e-01-0.45800519j]],
         input_dims=(2, 2), output_dims=(2, 2))"
"Operator([[ 0.86995934-4.58005189e-01j, -0.17292569+5.57972157e-02j,
            0.01881246-5.47593460e-03j, -0.00112201+4.72160485e-04j],
          [ 0.17711454-4.05840115e-02j,  0.95916643-4.90174130e-02j,
           -0.20926643+2.01024067e-02j,  0.01881246-5.47593460e-03j],
          [ 0.01947584-2.14151796e-03j,  0.21022142-1.87091838e-03j,
            0.95916643-4.90174130e-02j, -0.17292569+5.57972157e-02j],
          [ 0.00120578-1.67117424e-04j,  0.01947584-2.14151796e-03j,
            0.17711454-4.05840115e-02j,  0.86995934-4.58005189e-01j]],
         input_dims=(2, 2), output_dims=(2, 2))"
