unitary
"Operator([[-0.28186732-0.77701398j,  0.44485248+0.25560309j,
           -0.16735679+0.15001124j, -0.04682539-0.02948106j],
          [ 0.44485248+0.25560309j,  0.55222849-0.01350588j,
            0.08035206+0.61210007j, -0.16735679+0.15001124j],
          [-0.16735679+0.15001124j,  0.08035206+0.61210007j,
            0.55222849-0.01350588j,  0.44485248+0.25560309j],
          [-0.04682539-0.02948106j, -0.16735679+0.15001124j,
            0.44485248+0.25560309j, -0.28186732-0.77701398j]],
         input_dims=(2, 2), output_dims=(2, 2))"
"Operator([[-0.28186732-0.77701398j,  0.13740389-0.49431451j,
            0.07478311-0.21194139j, -0.01041131-0.05434478j],
          [-0.35786022+0.36764483j,  0.55222849-0.01350588j,
            0.57310152-0.22951603j,  0.07478311-0.21194139j],
          [ 0.21882908-0.05123962j, -0.61292173-0.07382349j,
            0.55222849-0.01350588j,  0.13740389-0.49431451j],
          [-0.05350568+0.01410291j,  0.21882908-0.05123962j,
           -0.35786022+0.36764483j, -0.28186732-0.77701398j]],
         input_dims=(2, 2), output_dims=(2, 2))"
"Operator([[-0.28186732-0.77701398j, -0.19641404+0.47397066j,
            0.12367075-0.18766249j, -0.0096841 +0.05447906j],
          [ 0.31056694-0.40838076j,  0.55222849-0.01350588j,
           -0.59673147+0.15822296j,  0.12367075-0.18766249j],
          [ 0.20002273-0.10248206j,  0.61735049-0.00115292j,
            0.55222849-0.01350588j, -0.19641404+0.47397066j],
          [ 0.04494025-0.03228194j,  0.20002273-0.10248206j,
            0.31056694-0.40838076j, -0.28186732-0.77701398j]],
         input_dims=(2, 2), output_dims=(2, 2))"
"Operator([[-0.28186732-0.77701398j,  0.44485248+0.25560309j,
           -0.16735679+0.15001124j, -0.04682539-0.02948106j],
          [ 0.44485248+0.25560309j,  0.55222849-0.01350588j,
            0.08035206+0.61210007j, -0.16735679+0.15001124j],
          [-0.16735679+0.15001124j,  0.08035206+0.61210007j,
            0.55222849-0.01350588j,  0.44485248+0.25560309j],
          [-0.04682539-0.02948106j, -0.16735679+0.15001124j,
            0.44485248+0.25560309j, -0.28186732-0.77701398j]],
         input_dims=(2, 2), output_dims=(2, 2))"
"Operator([[-0.28186732-0.77701398j, -0.50355097+0.09830097j,
            0.12478318+0.18692465j, -0.00056625-0.05533019j],
          [-0.16866209-0.48454078j,  0.55222849-0.01350588j,
           -0.46169371-0.40983151j,  0.12478318+0.18692465j],
          [-0.17221198-0.14441157j,  0.34027435-0.51510807j,
            0.55222849-0.01350588j, -0.50355097+0.09830097j],
          [-0.05013861+0.02340663j, -0.17221198-0.14441157j,
           -0.16866209-0.48454078j, -0.28186732-0.77701398j]],
         input_dims=(2, 2), output_dims=(2, 2))"
