unitary
"Operator([[ 0.7927205 -5.64359367e-01j,  0.22236693-5.14819143e-02j,
            0.03144317-6.18746480e-04j,  0.00249353+1.02338000e-05j],
          [-0.20475076+1.00869047e-01j,  0.93462602-5.88990813e-02j,
            0.26409742+1.30830191e-02j,  0.03144317-6.18746480e-04j],
          [ 0.02789321-1.45266914e-02j, -0.26011424+4.75309802e-02j,
            0.93462602-5.88990813e-02j,  0.22236693-5.14819143e-02j],
          [-0.00192853+1.58069527e-03j,  0.02789321-1.45266914e-02j,
           -0.20475076+1.00869047e-01j,  0.7927205 -5.64359367e-01j]],
         input_dims=(2, 2), output_dims=(2, 2))"
"Operator([[ 0.7927205 -5.64359367e-01j,  0.15650699+1.66141505e-01j,
           -0.01494069+2.76736585e-02j, -0.00249345+2.29652330e-05j],
          [-0.01603085+2.27684977e-01j,  0.93462602-5.88990813e-02j,
            0.12176136+2.34718515e-01j, -0.01494069+2.76736585e-02j],
          [-0.0263761 -1.71276662e-02j, -0.08999841+2.48634063e-01j,
            0.93462602-5.88990813e-02j,  0.15650699+1.66141505e-01j],
          [ 0.0019494 -1.55487937e-03j, -0.0263761 -1.71276662e-02j,
           -0.01603085+2.27684977e-01j,  0.7927205 -5.64359367e-01j]],
         input_dims=(2, 2), output_dims=(2, 2))"
"Operator([[ 7.92720502e-01-0.56435937j,  7.66830245e-02+0.21498175j,
           -3.04722668e-02+0.00777796j, -8.34503107e-04-0.00234977j],
          [ 7.66830245e-02+0.21498175j,  9.34626018e-01-0.05889908j,
            1.73387408e-02+0.26385219j, -3.04722668e-02+0.00777796j],
          [-3.04722668e-02+0.00777796j,  1.73387408e-02+0.26385219j,
            9.34626018e-01-0.05889908j,  7.66830245e-02+0.21498175j],
          [-8.34503107e-04-0.00234977j, -3.04722668e-02+0.00777796j,
            7.66830245e-02+0.21498175j,  7.92720502e-01-0.56435937j]],
         input_dims=(2, 2), output_dims=(2, 2))"
"Operator([[ 0.7927205 -0.56435937j,  0.21316056-0.0816089j ,
            0.0300822 -0.00917153j,  0.00228661-0.00099459j],
          [-0.21668911+0.07171656j,  0.93462602-0.05889908j,
            0.26338343-0.0234047j ,  0.0300822 -0.00917153j],
          [ 0.03079781-0.00636792j, -0.26418127+0.0112636j ,
            0.93462602-0.05889908j,  0.21316056-0.0816089j ],
          [-0.00240173+0.00067044j,  0.03079781-0.00636792j,
           -0.21668911+0.07171656j,  0.7927205 -0.56435937j]],
         input_dims=(2, 2), output_dims=(2, 2))"
"Operator([[ 0.7927205 -5.64359367e-01j,  0.19868939-1.12338608e-01j,
            0.0260652 -1.75971832e-02j,  0.0016323 -1.88504792e-03j],
          [-0.2249326 +3.87654579e-02j,  0.93462602-5.88990813e-02j,
            0.25699374-6.22320488e-02j,  0.0260652 -1.75971832e-02j],
          [ 0.03131038+2.95223101e-03j, -0.26292757-2.80660224e-02j,
            0.93462602-5.88990813e-02j,  0.19868939-1.12338608e-01j],
          [-0.00245563-4.33250699e-04j,  0.03131038+2.95223101e-03j,
           -0.2249326 +3.87654579e-02j,  0.7927205 -5.64359367e-01j]],
         input_dims=(2, 2), output_dims=(2, 2))"
"Operator([[ 0.7927205 -5.64359367e-01j,  0.20169882-1.06841118e-01j,
            0.02699183-1.61399200e-02j,  0.00178187-1.74434319e-03j],
          [-0.22378348+4.49265093e-02j,  0.93462602-5.88990813e-02j,
            0.25860548-5.51526652e-02j,  0.02699183-1.61399200e-02j],
          [ 0.03142523+1.22913615e-03j, -0.26359903-2.08366015e-02j,
            0.93462602-5.88990813e-02j,  0.20169882-1.06841118e-01j],
          [-0.00248295-2.29722466e-04j,  0.03142523+1.22913615e-03j,
           -0.22378348+4.49265093e-02j,  0.7927205 -5.64359367e-01j]],
         input_dims=(2, 2), output_dims=(2, 2))"
"Operator([[ 0.7927205 -0.56435937j, -0.09877625+0.20576853j,
           -0.00748641-0.0305452j ,  0.00223603+0.00110362j],
          [ 0.20670303+0.09680544j,  0.93462602-0.05889908j,
           -0.17525936+0.19799689j, -0.00748641-0.0305452j ],
          [ 0.00806879+0.03039655j,  0.19966261+0.17335932j,
            0.93462602-0.05889908j, -0.09877625+0.20576853j],
          [-0.00103907+0.00226675j,  0.00806879+0.03039655j,
            0.20670303+0.09680544j,  0.7927205 -0.56435937j]],
         input_dims=(2, 2), output_dims=(2, 2))"
"Operator([[ 7.92720502e-01-0.56435937j,  7.66830245e-02+0.21498175j,
           -3.04722668e-02+0.00777796j, -8.34503107e-04-0.00234977j],
          [ 7.66830245e-02+0.21498175j,  9.34626018e-01-0.05889908j,
            1.73387408e-02+0.26385219j, -3.04722668e-02+0.00777796j],
          [-3.04722668e-02+0.00777796j,  1.73387408e-02+0.26385219j,
            9.34626018e-01-0.05889908j,  7.66830245e-02+0.21498175j],
          [-8.34503107e-04-0.00234977j, -3.04722668e-02+0.00777796j,
            7.66830245e-02+0.21498175j,  7.92720502e-01-0.56435937j]],
         input_dims=(2, 2), output_dims=(2, 2))"
"Operator([[ 7.92720502e-01-0.56435937j, -1.75521294e-01+0.14590995j,
            1.82493518e-02-0.02561283j, -4.38633188e-04+0.00245467j],
          [ 2.28240806e-01+0.00188981j,  9.34626018e-01-0.05889908j,
           -2.41813214e-01+0.10698122j,  1.82493518e-02-0.02561283j],
          [ 2.82923113e-02+0.0137332j ,  2.53733583e-01+0.07441693j,
            9.34626018e-01-0.05889908j, -1.75521294e-01+0.14590995j],
          [ 1.88862192e-03+0.00162816j,  2.82923113e-02+0.0137332j ,
            2.28240806e-01+0.00188981j,  7.92720502e-01-0.56435937j]],
         input_dims=(2, 2), output_dims=(2, 2))"
"Operator([[ 7.92720502e-01-0.56435937j,  7.66830245e-02+0.21498175j,
           -3.04722668e-02+0.00777796j, -8.34503107e-04-0.00234977j],
          [ 7.66830245e-02+0.21498175j,  9.34626018e-01-0.05889908j,
            1.73387408e-02+0.26385219j, -3.04722668e-02+0.00777796j],
          [-3.04722668e-02+0.00777796j,  1.73387408e-02+0.26385219j,
            9.34626018e-01-0.05889908j,  7.66830245e-02+0.21498175j],
          [-8.34503107e-04-0.00234977j, -3.04722668e-02+0.00777796j,
            7.66830245e-02+0.21498175j,  7.92720502e-01-0.56435937j]],
         input_dims=(2, 2), output_dims=(2, 2))"
"Operator([[ 0.7927205 -5.64359367e-01j, -0.20312337+1.04107321e-01j,
            0.0274179 -1.54050200e-02j, -0.00185107+1.67073353e-03j],
          [ 0.22315631-4.79447298e-02j,  0.93462602-5.88990813e-02j,
           -0.25932676+5.16550270e-02j,  0.0274179 -1.54050200e-02j],
          [ 0.03144696+3.79935502e-04j,  0.2638564 +1.72746525e-02j,
            0.93462602-5.88990813e-02j, -0.20312337+1.04107321e-01j],
          [ 0.00249022+1.28957623e-04j,  0.03144696+3.79935502e-04j,
            0.22315631-4.79447298e-02j,  0.7927205 -5.64359367e-01j]],
         input_dims=(2, 2), output_dims=(2, 2))"
