unitary
"Operator([[ 8.60421815e-01-0.47311191j,  5.17573063e-02+0.18087494j,
           -2.06130761e-02+0.00425699j, -3.72237781e-04-0.0013045j ],
          [ 5.17573063e-02+0.18087494j,  9.56148263e-01-0.05048357j,
            1.17880916e-02+0.21738299j, -2.06130761e-02+0.00425699j],
          [-2.06130761e-02+0.00425699j,  1.17880916e-02+0.21738299j,
            9.56148263e-01-0.05048357j,  5.17573063e-02+0.18087494j],
          [-3.72237781e-04-0.0013045j , -2.06130761e-02+0.00425699j,
            5.17573063e-02+0.18087494j,  8.60421815e-01-0.47311191j]],
         input_dims=(2, 2), output_dims=(2, 2))"
"Operator([[ 0.86042181-4.73111906e-01j,  0.18664339-2.36391717e-02j,
            0.02093913+2.13860894e-03j,  0.00133461+2.43126742e-04j],
          [-0.17089615+7.86706493e-02j,  0.95614826-5.04835675e-02j,
            0.21664617+2.14186612e-02j,  0.02093913+2.13860894e-03j],
          [ 0.01837889-1.02585232e-02j, -0.21305963+4.47204446e-02j,
            0.95614826-5.04835675e-02j,  0.18664339-2.36391717e-02j],
          [-0.00100533+9.10824205e-04j,  0.01837889-1.02585232e-02j,
           -0.17089615+7.86706493e-02j,  0.86042181-4.73111906e-01j]],
         input_dims=(2, 2), output_dims=(2, 2))"
"Operator([[ 8.60421815e-01-0.47311191j,  5.17573063e-02+0.18087494j,
           -2.06130761e-02+0.00425699j, -3.72237781e-04-0.0013045j ],
          [ 5.17573063e-02+0.18087494j,  9.56148263e-01-0.05048357j,
            1.17880916e-02+0.21738299j, -2.06130761e-02+0.00425699j],
          [-2.06130761e-02+0.00425699j,  1.17880916e-02+0.21738299j,
            9.56148263e-01-0.05048357j,  5.17573063e-02+0.18087494j],
          [-3.72237781e-04-0.0013045j , -2.06130761e-02+0.00425699j,
            5.17573063e-02+0.18087494j,  8.60421815e-01-0.47311191j]],
         input_dims=(2, 2), output_dims=(2, 2))"
"Operator([[ 8.60421815e-01-0.47311191j, -1.70673446e-02-0.18735867j,
           -2.07372652e-02-0.00360371j, -3.82209597e-04+0.00130162j],
          [-8.46260784e-02-0.16802676j,  9.56148263e-01-0.05048357j,
            2.90167431e-02-0.21575994j, -2.07372652e-02-0.00360371j],
          [-1.76131511e-02+0.01152379j, -5.21781375e-02-0.21135696j,
            9.56148263e-01-0.05048357j, -1.70673446e-02-0.18735867j],
          [ 1.01155250e-03+0.00090391j, -1.76131511e-02+0.01152379j,
           -8.46260784e-02-0.16802676j,  8.60421815e-01-0.47311191j]],
         input_dims=(2, 2), output_dims=(2, 2))"
"Operator([[ 8.60421815e-01-0.47311191j, -9.80907579e-02-0.16053899j,
           -1.54978140e-02+0.01424214j,  1.20106288e-03+0.00063066j],
          [-1.67988177e-03-0.18812693j,  9.56148263e-01-0.05048357j,
           -6.92970227e-02-0.20637889j, -1.54978140e-02+0.01424214j],
          [-1.98718395e-02-0.00693764j,  4.65735558e-02-0.21266224j,
            9.56148263e-01-0.05048357j, -9.80907579e-02-0.16053899j],
          [-6.87380850e-04+0.00116953j, -1.98718395e-02-0.00693764j,
           -1.67988177e-03-0.18812693j,  8.60421815e-01-0.47311191j]],
         input_dims=(2, 2), output_dims=(2, 2))"
"Operator([[ 0.86042181-4.73111906e-01j, -0.14686824-1.17576710e-01j,
           -0.00279356+2.08618525e-02j,  0.00115066-7.18525234e-04j],
          [ 0.06244062-1.77470373e-01j,  0.95614826-5.04835675e-02j,
           -0.13539252-1.70479292e-01j, -0.00279356+2.08618525e-02j],
          [-0.01082928-1.80484790e-02j,  0.11616353-1.84120496e-01j,
            0.95614826-5.04835675e-02j, -0.14686824-1.17576710e-01j],
          [-0.00135657-3.09253606e-06j, -0.01082928-1.80484790e-02j,
            0.06244062-1.77470373e-01j,  0.86042181-4.73111906e-01j]],
         input_dims=(2, 2), output_dims=(2, 2))"
"Operator([[ 0.86042181-4.73111906e-01j, -0.15018839-1.13304943e-01j,
           -0.00158968+2.09879434e-02j,  0.00108446-8.15003583e-04j],
          [ 0.0675179 -1.75601529e-01j,  0.95614826-5.04835675e-02j,
           -0.14023861-1.66515630e-01j, -0.00158968+2.09879434e-02j],
          [-0.00977384-1.86411602e-02j,  0.12140982-1.80704117e-01j,
            0.95614826-5.04835675e-02j, -0.15018839-1.13304943e-01j],
          [-0.00135126-1.19975161e-04j, -0.00977384-1.86411602e-02j,
            0.0675179 -1.75601529e-01j,  0.86042181-4.73111906e-01j]],
         input_dims=(2, 2), output_dims=(2, 2))"
"Operator([[ 0.86042181-4.73111906e-01j, -0.12696204-1.38835169e-01j,
           -0.00902284+1.90160263e-02j,  0.00135067-1.26428465e-04j],
          [ 0.03430219-1.84980875e-01j,  0.95614826-5.04835675e-02j,
           -0.10745898-1.89332752e-01j, -0.00902284+1.90160263e-02j],
          [-0.01581772-1.38859807e-02j,  0.08635504-1.99842762e-01j,
            0.95614826-5.04835675e-02j, -0.12696204-1.38835169e-01j],
          [-0.001214  +6.05394328e-04j, -0.01581772-1.38859807e-02j,
            0.03430219-1.84980875e-01j,  0.86042181-4.73111906e-01j]],
         input_dims=(2, 2), output_dims=(2, 2))"
"Operator([[ 8.60421815e-01-0.47311191j, -4.74004623e-02-0.18206526j,
           -2.07936400e-02+0.00326273j,  2.77400568e-04+0.00132791j],
          [-5.60843210e-02-0.17958038j,  9.56148263e-01-0.05048357j,
           -6.56638443e-03-0.21760332j, -2.07936400e-02+0.00326273j],
          [-2.03849992e-02+0.00524144j, -1.70030049e-02-0.21703737j,
            9.56148263e-01-0.05048357j, -4.74004623e-02-0.18206526j],
          [ 4.65144949e-04+0.00127434j, -2.03849992e-02+0.00524144j,
           -5.60843210e-02-0.17958038j,  8.60421815e-01-0.47311191j]],
         input_dims=(2, 2), output_dims=(2, 2))"
