unitary
"Operator([[ 0.6967498 -0.66116202j, -0.27090973-0.04285405j,
            0.03071008+0.03482022j, -0.00115176-0.00436575j],
          [ 0.14899004-0.23028356j,  0.90380399-0.06663156j,
           -0.27962592-0.15206519j,  0.03071008+0.03482022j],
          [ 0.00518793-0.04613721j,  0.25235958-0.19398227j,
            0.90380399-0.06663156j, -0.27090973-0.04285405j],
          [-0.00246167-0.00378503j,  0.00518793-0.04613721j,
            0.14899004-0.23028356j,  0.6967498 -0.66116202j]],
         input_dims=(2, 2), output_dims=(2, 2))"
"Operator([[ 0.6967498 -0.66116202j,  0.11179695+0.25045957j,
           -0.04427972+0.01395935j, -0.0018299 -0.00412768j],
          [ 0.11179695+0.25045957j,  0.90380399-0.06663156j,
            0.02500247+0.31731586j, -0.04427972+0.01395935j],
          [-0.04427972+0.01395935j,  0.02500247+0.31731586j,
            0.90380399-0.06663156j,  0.11179695+0.25045957j],
          [-0.0018299 -0.00412768j, -0.04427972+0.01395935j,
            0.11179695+0.25045957j,  0.6967498 -0.66116202j]],
         input_dims=(2, 2), output_dims=(2, 2))"
"Operator([[ 0.6967498 -0.66116202j, -0.02983128+0.27265115j,
           -0.03390041-0.03172254j,  0.00415577-0.00176518j],
          [ 0.22288437+0.15984715j,  0.90380399-0.06663156j,
           -0.13849972+0.28658735j, -0.03390041-0.03172254j],
          [-0.00957799+0.04542927j,  0.18167446+0.26135966j,
            0.90380399-0.06663156j, -0.02983128+0.27265115j],
          [-0.00409859+0.00189417j, -0.00957799+0.04542927j,
            0.22288437+0.15984715j,  0.6967498 -0.66116202j]],
         input_dims=(2, 2), output_dims=(2, 2))"
"Operator([[ 0.6967498 -6.61162025e-01j,  0.18871   +1.99040415e-01j,
           -0.02573562+3.86423954e-02j, -0.00447299-6.15326643e-04j],
          [ 0.02216358+2.73381288e-01j,  0.90380399-6.66315600e-02j,
            0.12908178+2.90950809e-01j, -0.02573562+3.86423954e-02j],
          [-0.04324438-1.68961816e-02j, -0.08192163+3.07576536e-01j,
            0.90380399-6.66315600e-02j,  0.18871   +1.99040415e-01j],
          [ 0.00254761-3.72773049e-03j, -0.04324438-1.68961816e-02j,
            0.02216358+2.73381288e-01j,  0.6967498 -6.61162025e-01j]],
         input_dims=(2, 2), output_dims=(2, 2))"
"Operator([[ 0.6967498 -0.66116202j,  0.11179695+0.25045957j,
           -0.04427972+0.01395935j, -0.0018299 -0.00412768j],
          [ 0.11179695+0.25045957j,  0.90380399-0.06663156j,
            0.02500247+0.31731586j, -0.04427972+0.01395935j],
          [-0.04427972+0.01395935j,  0.02500247+0.31731586j,
            0.90380399-0.06663156j,  0.11179695+0.25045957j],
          [-0.0018299 -0.00412768j, -0.04427972+0.01395935j,
            0.11179695+0.25045957j,  0.6967498 -0.66116202j]],
         input_dims=(2, 2), output_dims=(2, 2))"
"Operator([[ 0.6967498 -6.61162025e-01j,  0.26629905-6.56762446e-02j,
            0.0463684 +2.35125876e-03j,  0.00448436+5.26152121e-04j],
          [-0.22670294+1.54383708e-01j,  0.90380399-6.66315600e-02j,
            0.31672828+3.15859690e-02j,  0.0463684 +2.35125876e-03j],
          [ 0.03663647-2.85188691e-02j, -0.30787294+8.08005749e-02j,
            0.90380399-6.66315600e-02j,  0.26629905-6.56762446e-02j],
          [-0.00262132+3.67627140e-03j,  0.03663647-2.85188691e-02j,
           -0.22670294+1.54383708e-01j,  0.6967498 -6.61162025e-01j]],
         input_dims=(2, 2), output_dims=(2, 2))"
"Operator([[ 0.6967498 -0.66116202j,  0.11179695+0.25045957j,
           -0.04427972+0.01395935j, -0.0018299 -0.00412768j],
          [ 0.11179695+0.25045957j,  0.90380399-0.06663156j,
            0.02500247+0.31731586j, -0.04427972+0.01395935j],
          [-0.04427972+0.01395935j,  0.02500247+0.31731586j,
            0.90380399-0.06663156j,  0.11179695+0.25045957j],
          [-0.0018299 -0.00412768j, -0.04427972+0.01395935j,
            0.11179695+0.25045957j,  0.6967498 -0.66116202j]],
         input_dims=(2, 2), output_dims=(2, 2))"
"Operator([[ 0.6967498 -0.66116202j,  0.27214147-0.03416974j,
            0.04456225+0.01302932j,  0.00403067+0.0020347j ],
          [-0.20715013+0.17977035j,  0.90380399-0.06663156j,
            0.31088292+0.06831024j,  0.04456225+0.01302932j],
          [ 0.0290329 -0.03623048j, -0.29634814+0.11615619j,
            0.90380399-0.06663156j,  0.27214147-0.03416974j],
          [-0.00119883+0.00435306j,  0.0290329 -0.03623048j,
           -0.20715013+0.17977035j,  0.6967498 -0.66116202j]],
         input_dims=(2, 2), output_dims=(2, 2))"
"Operator([[ 0.6967498 -6.61162025e-01j,  0.01802803+2.73685116e-01j,
           -0.04271379-1.81958583e-02j,  0.00271401-3.60838653e-03j],
          [ 0.19169756+1.96164722e-01j,  0.90380399-6.66315600e-02j,
           -0.08656225+3.06302881e-01j, -0.04271379-1.81958583e-02j],
          [-0.02455559+3.94027922e-02j,  0.13346566+2.88966080e-01j,
            0.90380399-6.66315600e-02j,  0.01802803+2.73685116e-01j],
          [-0.00449629-4.11885519e-04j, -0.02455559+3.94027922e-02j,
            0.19169756+1.96164722e-01j,  0.6967498 -6.61162025e-01j]],
         input_dims=(2, 2), output_dims=(2, 2))"
