unitary
"Operator([[ 0.74613269-0.06537464j, -0.46178053-0.09513271j,
            0.04806364+0.19165432j,  0.09025877+0.41174329j],
          [-0.46178053-0.09513271j, -0.26480465-0.06377087j,
           -0.33196122+0.74450019j,  0.04806364+0.19165432j],
          [ 0.04806364+0.19165432j, -0.33196122+0.74450019j,
           -0.26480465-0.06377087j, -0.46178053-0.09513271j],
          [ 0.09025877+0.41174329j,  0.04806364+0.19165432j,
           -0.46178053-0.09513271j,  0.74613269-0.06537464j]],
         input_dims=(2, 2), output_dims=(2, 2))"
"Operator([[ 0.74613269-0.06537464j, -0.46178053-0.09513271j,
            0.04806364+0.19165432j,  0.09025877+0.41174329j],
          [-0.46178053-0.09513271j, -0.26480465-0.06377087j,
           -0.33196122+0.74450019j,  0.04806364+0.19165432j],
          [ 0.04806364+0.19165432j, -0.33196122+0.74450019j,
           -0.26480465-0.06377087j, -0.46178053-0.09513271j],
          [ 0.09025877+0.41174329j,  0.04806364+0.19165432j,
           -0.46178053-0.09513271j,  0.74613269-0.06537464j]],
         input_dims=(2, 2), output_dims=(2, 2))"
"Operator([[ 0.74613269-0.06537464j, -0.46178053-0.09513271j,
            0.04806364+0.19165432j,  0.09025877+0.41174329j],
          [-0.46178053-0.09513271j, -0.26480465-0.06377087j,
           -0.33196122+0.74450019j,  0.04806364+0.19165432j],
          [ 0.04806364+0.19165432j, -0.33196122+0.74450019j,
           -0.26480465-0.06377087j, -0.46178053-0.09513271j],
          [ 0.09025877+0.41174329j,  0.04806364+0.19165432j,
           -0.46178053-0.09513271j,  0.74613269-0.06537464j]],
         input_dims=(2, 2), output_dims=(2, 2))"
"Operator([[ 0.74613269-0.06537464j, -0.46178053-0.09513271j,
            0.04806364+0.19165432j,  0.09025877+0.41174329j],
          [-0.46178053-0.09513271j, -0.26480465-0.06377087j,
           -0.33196122+0.74450019j,  0.04806364+0.19165432j],
          [ 0.04806364+0.19165432j, -0.33196122+0.74450019j,
           -0.26480465-0.06377087j, -0.46178053-0.09513271j],
          [ 0.09025877+0.41174329j,  0.04806364+0.19165432j,
           -0.46178053-0.09513271j,  0.74613269-0.06537464j]],
         input_dims=(2, 2), output_dims=(2, 2))"
"Operator([[ 0.74613269-0.06537464j, -0.46178053-0.09513271j,
            0.04806364+0.19165432j,  0.09025877+0.41174329j],
          [-0.46178053-0.09513271j, -0.26480465-0.06377087j,
           -0.33196122+0.74450019j,  0.04806364+0.19165432j],
          [ 0.04806364+0.19165432j, -0.33196122+0.74450019j,
           -0.26480465-0.06377087j, -0.46178053-0.09513271j],
          [ 0.09025877+0.41174329j,  0.04806364+0.19165432j,
           -0.46178053-0.09513271j,  0.74613269-0.06537464j]],
         input_dims=(2, 2), output_dims=(2, 2))"
