unitary
"Operator([[ 0.62259735-0.7185402j ,  0.13873702+0.27091713j,
           -0.05480338+0.01960301j, -0.00289008-0.00569463j],
          [ 0.13873702+0.27091713j,  0.87971529-0.07024829j,
            0.03074665+0.35240473j, -0.05480338+0.01960301j],
          [-0.05480338+0.01960301j,  0.03074665+0.35240473j,
            0.87971529-0.07024829j,  0.13873702+0.27091713j],
          [-0.00289008-0.00569463j, -0.05480338+0.01960301j,
            0.13873702+0.27091713j,  0.62259735-0.7185402j ]],
         input_dims=(2, 2), output_dims=(2, 2))"
"Operator([[ 0.62259735-0.7185402j ,  0.13873702+0.27091713j,
           -0.05480338+0.01960301j, -0.00289008-0.00569463j],
          [ 0.13873702+0.27091713j,  0.87971529-0.07024829j,
            0.03074665+0.35240473j, -0.05480338+0.01960301j],
          [-0.05480338+0.01960301j,  0.03074665+0.35240473j,
            0.87971529-0.07024829j,  0.13873702+0.27091713j],
          [-0.00289008-0.00569463j, -0.05480338+0.01960301j,
            0.13873702+0.27091713j,  0.62259735-0.7185402j ]],
         input_dims=(2, 2), output_dims=(2, 2))"
"Operator([[ 6.22597347e-01-0.7185402j , -1.87078258e-01-0.24009535j,
           -4.37277207e-02+0.03841322j,  5.49288757e-03+0.00325723j],
          [-8.54736319e-02-0.29212722j,  8.79715286e-01-0.07024829j,
           -9.62840779e-02-0.34038776j, -4.37277207e-02+0.03841322j],
          [-5.81706944e-02-0.00196445j,  3.58816207e-02-0.35191897j,
            8.79715286e-01-0.07024829j, -1.87078258e-01-0.24009535j],
          [-6.13850266e-04+0.00635646j, -5.81706944e-02-0.00196445j,
           -8.54736319e-02-0.29212722j,  6.22597347e-01-0.7185402j ]],
         input_dims=(2, 2), output_dims=(2, 2))"
"Operator([[ 0.62259735-0.7185402j ,  0.25336901-0.16866593j,
            0.04895131-0.03148743j,  0.00439494-0.00463313j],
          [-0.28494536+0.10700558j,  0.87971529-0.07024829j,
            0.34661648-0.07065032j,  0.04895131-0.03148743j],
          [ 0.05781658-0.00670314j, -0.35361438-0.0095565j ,
            0.87971529-0.07024829j,  0.25336901-0.16866593j],
          [-0.0063342 +0.000812j  ,  0.05781658-0.00670314j,
           -0.28494536+0.10700558j,  0.62259735-0.7185402j ]],
         input_dims=(2, 2), output_dims=(2, 2))"
"Operator([[ 0.62259735-0.7185402j ,  0.27153996-0.13751401j,
            0.05497794-0.01910799j,  0.0057332 -0.00281278j],
          [-0.27028879+0.13995721j,  0.87971529-0.07024829j,
            0.35253979-0.0291573j ,  0.05497794-0.01910799j],
          [ 0.05462437-0.02009644j, -0.35226251+0.03233537j,
            0.87971529-0.07024829j,  0.27153996-0.13751401j],
          [-0.00565502+0.00296685j,  0.05462437-0.02009644j,
           -0.27028879+0.13995721j,  0.62259735-0.7185402j ]],
         input_dims=(2, 2), output_dims=(2, 2))"
"Operator([[ 0.62259735-7.18540202e-01j, -0.23982803+1.87420833e-01j,
            0.04361786-3.85379129e-02j, -0.00323368+5.50678744e-03j],
          [ 0.29224894-8.50564975e-02j,  0.87971529-7.02482895e-02j,
           -0.34024996+9.67699248e-02j,  0.04361786-3.85379129e-02j],
          [ 0.05816485+2.13053256e-03j,  0.35186739+3.63839914e-02j,
            0.87971529-7.02482895e-02j, -0.23982803+1.87420833e-01j],
          [ 0.00635377+6.41068424e-04j,  0.05816485+2.13053256e-03j,
            0.29224894-8.50564975e-02j,  0.62259735-7.18540202e-01j]],
         input_dims=(2, 2), output_dims=(2, 2))"
"Operator([[ 0.62259735-0.7185402j ,  0.13873702+0.27091713j,
           -0.05480338+0.01960301j, -0.00289008-0.00569463j],
          [ 0.13873702+0.27091713j,  0.87971529-0.07024829j,
            0.03074665+0.35240473j, -0.05480338+0.01960301j],
          [-0.05480338+0.01960301j,  0.03074665+0.35240473j,
            0.87971529-0.07024829j,  0.13873702+0.27091713j],
          [-0.00289008-0.00569463j, -0.05480338+0.01960301j,
            0.13873702+0.27091713j,  0.62259735-0.7185402j ]],
         input_dims=(2, 2), output_dims=(2, 2))"
"Operator([[ 0.62259735-0.7185402j ,  0.13873702+0.27091713j,
           -0.05480338+0.01960301j, -0.00289008-0.00569463j],
          [ 0.13873702+0.27091713j,  0.87971529-0.07024829j,
            0.03074665+0.35240473j, -0.05480338+0.01960301j],
          [-0.05480338+0.01960301j,  0.03074665+0.35240473j,
            0.87971529-0.07024829j,  0.13873702+0.27091713j],
          [-0.00289008-0.00569463j, -0.05480338+0.01960301j,
            0.13873702+0.27091713j,  0.62259735-0.7185402j ]],
         input_dims=(2, 2), output_dims=(2, 2))"
