unitary
"Operator([[ 0.6967498 -0.66116202j, -0.20796887+0.17882254j,
            0.02936258-0.03596382j, -0.00125835+0.00433623j],
          [ 0.2719826 -0.03541209j,  0.90380399-0.06663156j,
           -0.29687546+0.11480173j,  0.02936258-0.03596382j],
          [ 0.04467938+0.0126218j ,  0.31119161+0.06688991j,
            0.90380399-0.06663156j, -0.20796887+0.17882254j],
          [ 0.00405817+0.00197929j,  0.04467938+0.0126218j ,
            0.2719826 -0.03541209j,  0.6967498 -0.66116202j]],
         input_dims=(2, 2), output_dims=(2, 2))"
"Operator([[ 0.6967498 -0.66116202j, -0.1489519 +0.23030824j,
            0.00517265-0.04613893j,  0.00246355+0.00378381j],
          [ 0.27090263+0.04289892j,  0.90380399-0.06663156j,
           -0.25232745+0.19402407j,  0.00517265-0.04613893j],
          [ 0.03069854+0.0348304j ,  0.27960073+0.15211151j,
            0.90380399-0.06663156j, -0.1489519 +0.23030824j],
          [ 0.00114959+0.00436632j,  0.03069854+0.0348304j ,
            0.27090263+0.04289892j,  0.6967498 -0.66116202j]],
         input_dims=(2, 2), output_dims=(2, 2))"
"Operator([[ 6.96749798e-01-0.66116202j, -1.79545671e-01+0.20734489j,
            1.76860079e-02-0.0429274j ,  7.12158914e-04+0.0044586j ],
          [ 2.74236385e-01+0.00479144j,  9.03803987e-01-0.06663156j,
           -2.76867665e-01+0.15703113j,  1.76860079e-02-0.0429274j ],
          [ 3.91076345e-02+0.02502299j,  2.98044468e-01+0.1117317j ,
            9.03803987e-01-0.06663156j, -1.79545671e-01+0.20734489j],
          [ 2.82567078e-03+0.00352163j,  3.91076345e-02+0.02502299j,
            2.74236385e-01+0.00479144j,  6.96749798e-01-0.66116202j]],
         input_dims=(2, 2), output_dims=(2, 2))"
"Operator([[ 0.6967498 -0.66116202j,  0.11179695+0.25045957j,
           -0.04427972+0.01395935j, -0.0018299 -0.00412768j],
          [ 0.11179695+0.25045957j,  0.90380399-0.06663156j,
            0.02500247+0.31731586j, -0.04427972+0.01395935j],
          [-0.04427972+0.01395935j,  0.02500247+0.31731586j,
            0.90380399-0.06663156j,  0.11179695+0.25045957j],
          [-0.0018299 -0.00412768j, -0.04427972+0.01395935j,
            0.11179695+0.25045957j,  0.6967498 -0.66116202j]],
         input_dims=(2, 2), output_dims=(2, 2))"
"Operator([[ 0.6967498 -0.66116202j,  0.11179695+0.25045957j,
           -0.04427972+0.01395935j, -0.0018299 -0.00412768j],
          [ 0.11179695+0.25045957j,  0.90380399-0.06663156j,
            0.02500247+0.31731586j, -0.04427972+0.01395935j],
          [-0.04427972+0.01395935j,  0.02500247+0.31731586j,
            0.90380399-0.06663156j,  0.11179695+0.25045957j],
          [-0.0018299 -0.00412768j, -0.04427972+0.01395935j,
            0.11179695+0.25045957j,  0.6967498 -0.66116202j]],
         input_dims=(2, 2), output_dims=(2, 2))"
"Operator([[ 0.6967498 -0.66116202j, -0.24197864+0.1291313j ,
            0.04188362-0.02003296j, -0.00365257+0.00265425j],
          [ 0.25770064-0.09390918j,  0.90380399-0.06663156j,
           -0.3147724 +0.04725265j,  0.04188362-0.02003296j],
          [ 0.04580011-0.00760968j,  0.3182885 -0.00262853j,
            0.90380399-0.06663156j, -0.24197864+0.1291313j ],
          [ 0.0044195 -0.0009243j ,  0.04580011-0.00760968j,
            0.25770064-0.09390918j,  0.6967498 -0.66116202j]],
         input_dims=(2, 2), output_dims=(2, 2))"
"Operator([[ 0.6967498 -0.66116202j,  0.11179695+0.25045957j,
           -0.04427972+0.01395935j, -0.0018299 -0.00412768j],
          [ 0.11179695+0.25045957j,  0.90380399-0.06663156j,
            0.02500247+0.31731586j, -0.04427972+0.01395935j],
          [-0.04427972+0.01395935j,  0.02500247+0.31731586j,
            0.90380399-0.06663156j,  0.11179695+0.25045957j],
          [-0.0018299 -0.00412768j, -0.04427972+0.01395935j,
            0.11179695+0.25045957j,  0.6967498 -0.66116202j]],
         input_dims=(2, 2), output_dims=(2, 2))"
"Operator([[ 0.6967498 -0.66116202j,  0.0884824 -0.25961398j,
           -0.01720291-0.04312327j, -0.00436702-0.00114691j],
          [-0.2523417 -0.10748126j,  0.90380399-0.06663156j,
            0.197578  -0.24955443j, -0.01720291-0.04312327j],
          [ 0.010639  +0.04519257j, -0.23422379-0.21553119j,
            0.90380399-0.06663156j,  0.0884824 -0.25961398j],
          [ 0.00208254-0.00400616j,  0.010639  +0.04519257j,
           -0.2523417 -0.10748126j,  0.6967498 -0.66116202j]],
         input_dims=(2, 2), output_dims=(2, 2))"
"Operator([[ 0.6967498 -0.66116202j,  0.11179695+0.25045957j,
           -0.04427972+0.01395935j, -0.0018299 -0.00412768j],
          [ 0.11179695+0.25045957j,  0.90380399-0.06663156j,
            0.02500247+0.31731586j, -0.04427972+0.01395935j],
          [-0.04427972+0.01395935j,  0.02500247+0.31731586j,
            0.90380399-0.06663156j,  0.11179695+0.25045957j],
          [-0.0018299 -0.00412768j, -0.04427972+0.01395935j,
            0.11179695+0.25045957j,  0.6967498 -0.66116202j]],
         input_dims=(2, 2), output_dims=(2, 2))"
