unitary
"Operator([[ 0.65512369-0.69492195j,  0.12694146+0.2625662j ,
           -0.05020344+0.01703783j, -0.0023926 -0.00498874j],
          [ 0.12694146+0.2625662j ,  0.89031251-0.0688777j ,
            0.02824691+0.33754377j, -0.05020344+0.01703783j],
          [-0.05020344+0.01703783j,  0.02824691+0.33754377j,
            0.89031251-0.0688777j ,  0.12694146+0.2625662j ],
          [-0.0023926 -0.00498874j, -0.05020344+0.01703783j,
            0.12694146+0.2625662j ,  0.65512369-0.69492195j]],
         input_dims=(2, 2), output_dims=(2, 2))"
"Operator([[ 0.65512369-0.69492195j,  0.12694146+0.2625662j ,
           -0.05020344+0.01703783j, -0.0023926 -0.00498874j],
          [ 0.12694146+0.2625662j ,  0.89031251-0.0688777j ,
            0.02824691+0.33754377j, -0.05020344+0.01703783j],
          [-0.05020344+0.01703783j,  0.02824691+0.33754377j,
            0.89031251-0.0688777j ,  0.12694146+0.2625662j ],
          [-0.0023926 -0.00498874j, -0.05020344+0.01703783j,
            0.12694146+0.2625662j ,  0.65512369-0.69492195j]],
         input_dims=(2, 2), output_dims=(2, 2))"
"Operator([[ 0.65512369-0.69492195j,  0.27574142+0.09498322j,
            0.0173719 +0.05008882j, -0.0017835 +0.00523748j],
          [-0.09681806+0.27510254j,  0.89031251-0.0688777j ,
            0.25938013+0.21784314j,  0.0173719 +0.05008882j],
          [-0.016703  -0.05031582j, -0.21956625+0.25792314j,
            0.89031251-0.0688777j ,  0.27574142+0.09498322j],
          [ 0.00520079+0.00188782j, -0.016703  -0.05031582j,
           -0.09681806+0.27510254j,  0.65512369-0.69492195j]],
         input_dims=(2, 2), output_dims=(2, 2))"
"Operator([[ 0.65512369-0.69492195j,  0.12694146+0.2625662j ,
           -0.05020344+0.01703783j, -0.0023926 -0.00498874j],
          [ 0.12694146+0.2625662j ,  0.89031251-0.0688777j ,
            0.02824691+0.33754377j, -0.05020344+0.01703783j],
          [-0.05020344+0.01703783j,  0.02824691+0.33754377j,
            0.89031251-0.0688777j ,  0.12694146+0.2625662j ],
          [-0.0023926 -0.00498874j, -0.05020344+0.01703783j,
            0.12694146+0.2625662j ,  0.65512369-0.69492195j]],
         input_dims=(2, 2), output_dims=(2, 2))"
"Operator([[ 0.65512369-0.69492195j,  0.12694146+0.2625662j ,
           -0.05020344+0.01703783j, -0.0023926 -0.00498874j],
          [ 0.12694146+0.2625662j ,  0.89031251-0.0688777j ,
            0.02824691+0.33754377j, -0.05020344+0.01703783j],
          [-0.05020344+0.01703783j,  0.02824691+0.33754377j,
            0.89031251-0.0688777j ,  0.12694146+0.2625662j ],
          [-0.0023926 -0.00498874j, -0.05020344+0.01703783j,
            0.12694146+0.2625662j ,  0.65512369-0.69492195j]],
         input_dims=(2, 2), output_dims=(2, 2))"
"Operator([[ 0.65512369-0.69492195j,  0.14760096-0.2515335j ,
            0.0033912 -0.05290721j, -0.0033299 -0.00441858j],
          [-0.28881017-0.04054417j,  0.89031251-0.0688777j ,
            0.26480477-0.21121581j,  0.0033912 -0.05290721j],
          [ 0.03489266+0.03991459j, -0.29622653-0.16426663j,
            0.89031251-0.0688777j ,  0.14760096-0.2515335j ],
          [-0.00136122-0.00536275j,  0.03489266+0.03991459j,
           -0.28881017-0.04054417j,  0.65512369-0.69492195j]],
         input_dims=(2, 2), output_dims=(2, 2))"
"Operator([[ 0.65512369-6.94921953e-01j, -0.0303715 -2.90056400e-01j,
           -0.04952656-1.89154075e-02j, -0.00308199+4.59492933e-03j],
          [-0.20846523-2.03954385e-01j,  0.89031251-6.88777022e-02j,
            0.08790193-3.27119146e-01j, -0.04952656-1.89154075e-02j],
          [-0.02778345+4.51525488e-02j, -0.14104768-3.07959795e-01j,
            0.89031251-6.88777022e-02j, -0.0303715 -2.90056400e-01j],
          [ 0.00551256+4.72989677e-04j, -0.02778345+4.51525488e-02j,
           -0.20846523-2.03954385e-01j,  0.65512369-6.94921953e-01j]],
         input_dims=(2, 2), output_dims=(2, 2))"
"Operator([[ 6.55123691e-01-0.69492195j, -1.59533666e-01-0.24413962j,
           -4.42258758e-02+0.02923601j,  4.09250907e-03+0.00372336j],
          [-9.22571416e-02-0.27666544j,  8.90312508e-01-0.0688777j ,
           -7.12580416e-02-0.33114344j, -4.42258758e-02+0.02923601j],
          [-5.28850278e-02+0.00372107j,  1.52297544e-02-0.33838106j,
            8.90312508e-01-0.0688777j , -1.59533666e-01-0.24413962j],
          [ 3.41680089e-04+0.00552226j, -5.28850278e-02+0.00372107j,
           -9.22571416e-02-0.27666544j,  6.55123691e-01-0.69492195j]],
         input_dims=(2, 2), output_dims=(2, 2))"
"Operator([[ 0.65512369-0.69492195j,  0.12694146+0.2625662j ,
           -0.05020344+0.01703783j, -0.0023926 -0.00498874j],
          [ 0.12694146+0.2625662j ,  0.89031251-0.0688777j ,
            0.02824691+0.33754377j, -0.05020344+0.01703783j],
          [-0.05020344+0.01703783j,  0.02824691+0.33754377j,
            0.89031251-0.0688777j ,  0.12694146+0.2625662j ],
          [-0.0023926 -0.00498874j, -0.05020344+0.01703783j,
            0.12694146+0.2625662j ,  0.65512369-0.69492195j]],
         input_dims=(2, 2), output_dims=(2, 2))"
"Operator([[ 0.65512369-0.69492195j,  0.04628511-0.28794588j,
           -0.03327627-0.04127181j, -0.00543444+0.00103871j],
          [-0.25442176-0.14256476j,  0.89031251-0.0688777j ,
            0.17013069-0.29289799j, -0.03327627-0.04127181j],
          [-0.00128261+0.05300026j, -0.21644509-0.2605479j ,
            0.89031251-0.0688777j ,  0.04628511-0.28794588j],
          [ 0.00421195-0.00358769j, -0.00128261+0.05300026j,
           -0.25442176-0.14256476j,  0.65512369-0.69492195j]],
         input_dims=(2, 2), output_dims=(2, 2))"
"Operator([[ 0.65512369-0.69492195j,  0.26000596-0.13210618j,
            0.04949085-0.01900863j,  0.00483818-0.00268404j],
          [-0.26502385+0.12172715j,  0.89031251-0.0688777j ,
            0.33691955-0.03491281j,  0.04949085-0.01900863j],
          [ 0.05083757-0.0150404j , -0.33803612+0.02156998j,
            0.89031251-0.0688777j ,  0.26000596-0.13210618j],
          [-0.00512176+0.00209274j,  0.05083757-0.0150404j ,
           -0.26502385+0.12172715j,  0.65512369-0.69492195j]],
         input_dims=(2, 2), output_dims=(2, 2))"
"Operator([[ 0.65512369-6.94921953e-01j,  0.24318857-1.60979699e-01j,
            0.04387577-2.97588598e-02j,  0.00364991-4.15814603e-03j],
          [-0.27720806+9.06136513e-02j,  0.89031251-6.88777022e-02j,
            0.33071473-7.32219512e-02j,  0.04387577-2.97588598e-02j],
          [ 0.05292547-3.09313216e-03j, -0.33828472-1.72376021e-02j,
            0.89031251-6.88777022e-02j,  0.24318857-1.60979699e-01j],
          [-0.00552746+2.43315400e-04j,  0.05292547-3.09313216e-03j,
           -0.27720806+9.06136513e-02j,  0.65512369-6.94921953e-01j]],
         input_dims=(2, 2), output_dims=(2, 2))"
"Operator([[ 0.65512369-0.69492195j,  0.26620886-0.11911333j,
            0.05112372-0.01403702j,  0.00518131-0.00194065j],
          [-0.2586934 +0.13465833j,  0.89031251-0.0688777j ,
            0.33823201-0.01824254j,  0.05112372-0.01403702j],
          [ 0.04910718-0.01997892j, -0.33655968+0.03822652j,
            0.89031251-0.0688777j ,  0.26620886-0.11911333j],
          [-0.00475685+0.00282568j,  0.04910718-0.01997892j,
           -0.2586934 +0.13465833j,  0.65512369-0.69492195j]],
         input_dims=(2, 2), output_dims=(2, 2))"
"Operator([[ 0.65512369-0.69492195j,  0.12694146+0.2625662j ,
           -0.05020344+0.01703783j, -0.0023926 -0.00498874j],
          [ 0.12694146+0.2625662j ,  0.89031251-0.0688777j ,
            0.02824691+0.33754377j, -0.05020344+0.01703783j],
          [-0.05020344+0.01703783j,  0.02824691+0.33754377j,
            0.89031251-0.0688777j ,  0.12694146+0.2625662j ],
          [-0.0023926 -0.00498874j, -0.05020344+0.01703783j,
            0.12694146+0.2625662j ,  0.65512369-0.69492195j]],
         input_dims=(2, 2), output_dims=(2, 2))"
