unitary
"Operator([[ 0.65368147+0.33181641j,  0.43574007-0.1435677j ,
            0.25314576-0.13650093j, -0.22101269+0.34721093j],
          [ 0.03721275+0.45727049j, -0.14470454+0.06732302j,
           -0.39174075-0.72654733j,  0.25314576-0.13650093j],
          [-0.28754296+0.005859j  ,  0.79823007-0.2101442j ,
           -0.14470454+0.06732302j,  0.43574007-0.1435677j ],
          [ 0.11876243+0.39407807j, -0.28754296+0.005859j  ,
            0.03721275+0.45727049j,  0.65368147+0.33181641j]],
         input_dims=(2, 2), output_dims=(2, 2))"
"Operator([[ 0.65368147+0.33181641j, -0.3074851 +0.34049083j,
            0.01157111-0.28736978j, -0.34345819-0.22680059j],
          [ 0.19408871-0.41570502j, -0.14470454+0.06732302j,
            0.70009926+0.43725607j,  0.01157111-0.28736978j],
          [-0.15158579-0.24441159j, -0.79756019-0.21267249j,
           -0.14470454+0.06732302j, -0.3074851 +0.34049083j],
          [ 0.39203237-0.12535013j, -0.15158579-0.24441159j,
            0.19408871-0.41570502j,  0.65368147+0.33181641j]],
         input_dims=(2, 2), output_dims=(2, 2))"
"Operator([[ 0.65368147+0.33181641j, -0.38232542-0.25359094j,
            0.07322827+0.27812389j, -0.05623977+0.40772433j],
          [-0.38232542-0.25359094j, -0.14470454+0.06732302j,
           -0.32859769+0.75720235j,  0.07322827+0.27812389j],
          [ 0.07322827+0.27812389j, -0.32859769+0.75720235j,
           -0.14470454+0.06732302j, -0.38232542-0.25359094j],
          [-0.05623977+0.40772433j,  0.07322827+0.27812389j,
           -0.38232542-0.25359094j,  0.65368147+0.33181641j]],
         input_dims=(2, 2), output_dims=(2, 2))"
"Operator([[ 0.65368147+0.33181641j, -0.38232542-0.25359094j,
            0.07322827+0.27812389j, -0.05623977+0.40772433j],
          [-0.38232542-0.25359094j, -0.14470454+0.06732302j,
           -0.32859769+0.75720235j,  0.07322827+0.27812389j],
          [ 0.07322827+0.27812389j, -0.32859769+0.75720235j,
           -0.14470454+0.06732302j, -0.38232542-0.25359094j],
          [-0.05623977+0.40772433j,  0.07322827+0.27812389j,
           -0.38232542-0.25359094j,  0.65368147+0.33181641j]],
         input_dims=(2, 2), output_dims=(2, 2))"
"Operator([[ 0.65368147+0.33181641j, -0.20706441+0.40939641j,
           -0.13592279-0.25345665j, -0.40209793+0.0878595j ],
          [ 0.29662645-0.34999119j, -0.14470454+0.06732302j,
            0.79047839+0.23764627j, -0.13592279-0.25345665j],
          [-0.00651528-0.28752883j, -0.71350239-0.41502551j,
           -0.14470454+0.06732302j, -0.20706441+0.40939641j],
          [ 0.36329738+0.19343489j, -0.00651528-0.28752883j,
            0.29662645-0.34999119j,  0.65368147+0.33181641j]],
         input_dims=(2, 2), output_dims=(2, 2))"
