unitary
"Operator([[ 8.69959337e-01-0.45800519j, -1.71588386e-01-0.05978334j,
            1.03959207e-02+0.01660781j, -3.28455043e-05-0.00121686j],
          [ 1.16802460e-01-0.13918982j,  9.59166425e-01-0.04901741j,
           -1.79048790e-01-0.11017294j,  1.03959207e-02+0.01660781j],
          [ 3.24765097e-03-0.01932219j,  1.66558505e-01-0.1282763j ,
            9.59166425e-01-0.04901741j, -1.71588386e-01-0.05978334j],
          [-5.93259285e-04-0.00106296j,  3.24765097e-03-0.01932219j,
            1.16802460e-01-0.13918982j,  8.69959337e-01-0.45800519j]],
         input_dims=(2, 2), output_dims=(2, 2))"
"Operator([[ 8.69959337e-01-0.45800519j, -1.53124646e-01+0.09782364j,
            1.37067229e-02-0.01400072j, -4.77783547e-04+0.00111962j],
          [ 1.81616753e-01+0.00565484j,  9.59166425e-01-0.04901741j,
           -1.97329010e-01+0.07251074j,  1.37067229e-02-0.01400072j],
          [ 1.80217590e-02+0.00768834j,  2.03824739e-01+0.05149777j,
            9.59166425e-01-0.04901741j, -1.53124646e-01+0.09782364j],
          [ 9.82601723e-04+0.00071856j,  1.80217590e-02+0.00768834j,
            1.81616753e-01+0.00565484j,  8.69959337e-01-0.45800519j]],
         input_dims=(2, 2), output_dims=(2, 2))"
"Operator([[ 8.69959337e-01-4.58005189e-01j,
           -1.63845600e-02+1.80964550e-01j,
           -1.69880397e-02-9.76221685e-03j,
            8.80768180e-04-8.40284749e-04j],
          [ 1.06707237e-01+1.47072049e-01j,
            9.59166425e-01-4.90174130e-02j,
           -6.34605036e-02+2.00422827e-01j,
           -1.69880397e-02-9.76221685e-03j],
          [-1.19579427e-02+1.55210173e-02j,
            8.40525793e-02+1.92695898e-01j,
            9.59166425e-01-4.90174130e-02j,
           -1.63845600e-02+1.80964550e-01j],
          [-1.18639390e-03-2.72581294e-04j,
           -1.19579427e-02+1.55210173e-02j,
            1.06707237e-01+1.47072049e-01j,
            8.69959337e-01-4.58005189e-01j]],
         input_dims=(2, 2), output_dims=(2, 2))"
"Operator([[ 8.69959337e-01-0.45800519j,  4.82361054e-02+0.17518533j,
           -1.92166063e-02+0.00382314j, -3.22371794e-04-0.00117384j],
          [ 4.82361054e-02+0.17518533j,  9.59166425e-01-0.04901741j,
            1.09970339e-02+0.20994192j, -1.92166063e-02+0.00382314j],
          [-1.92166063e-02+0.00382314j,  1.09970339e-02+0.20994192j,
            9.59166425e-01-0.04901741j,  4.82361054e-02+0.17518533j],
          [-3.22371794e-04-0.00117384j, -1.92166063e-02+0.00382314j,
            4.82361054e-02+0.17518533j,  8.69959337e-01-0.45800519j]],
         input_dims=(2, 2), output_dims=(2, 2))"
"Operator([[ 8.69959337e-01-0.45800519j,  4.82361054e-02+0.17518533j,
           -1.92166063e-02+0.00382314j, -3.22371794e-04-0.00117384j],
          [ 4.82361054e-02+0.17518533j,  9.59166425e-01-0.04901741j,
            1.09970339e-02+0.20994192j, -1.92166063e-02+0.00382314j],
          [-1.92166063e-02+0.00382314j,  1.09970339e-02+0.20994192j,
            9.59166425e-01-0.04901741j,  4.82361054e-02+0.17518533j],
          [-3.22371794e-04-0.00117384j, -1.92166063e-02+0.00382314j,
            4.82361054e-02+0.17518533j,  8.69959337e-01-0.45800519j]],
         input_dims=(2, 2), output_dims=(2, 2))"
"Operator([[ 8.69959337e-01-0.45800519j,  4.82361054e-02+0.17518533j,
           -1.92166063e-02+0.00382314j, -3.22371794e-04-0.00117384j],
          [ 4.82361054e-02+0.17518533j,  9.59166425e-01-0.04901741j,
            1.09970339e-02+0.20994192j, -1.92166063e-02+0.00382314j],
          [-1.92166063e-02+0.00382314j,  1.09970339e-02+0.20994192j,
            9.59166425e-01-0.04901741j,  4.82361054e-02+0.17518533j],
          [-3.22371794e-04-0.00117384j, -1.92166063e-02+0.00382314j,
            4.82361054e-02+0.17518533j,  8.69959337e-01-0.45800519j]],
         input_dims=(2, 2), output_dims=(2, 2))"
"Operator([[ 8.69959337e-01-0.45800519j,  4.82361054e-02+0.17518533j,
           -1.92166063e-02+0.00382314j, -3.22371794e-04-0.00117384j],
          [ 4.82361054e-02+0.17518533j,  9.59166425e-01-0.04901741j,
            1.09970339e-02+0.20994192j, -1.92166063e-02+0.00382314j],
          [-1.92166063e-02+0.00382314j,  1.09970339e-02+0.20994192j,
            9.59166425e-01-0.04901741j,  4.82361054e-02+0.17518533j],
          [-3.22371794e-04-0.00117384j, -1.92166063e-02+0.00382314j,
            4.82361054e-02+0.17518533j,  8.69959337e-01-0.45800519j]],
         input_dims=(2, 2), output_dims=(2, 2))"
"Operator([[ 8.69959337e-01-0.45800519j,  4.82361054e-02+0.17518533j,
           -1.92166063e-02+0.00382314j, -3.22371794e-04-0.00117384j],
          [ 4.82361054e-02+0.17518533j,  9.59166425e-01-0.04901741j,
            1.09970339e-02+0.20994192j, -1.92166063e-02+0.00382314j],
          [-1.92166063e-02+0.00382314j,  1.09970339e-02+0.20994192j,
            9.59166425e-01-0.04901741j,  4.82361054e-02+0.17518533j],
          [-3.22371794e-04-0.00117384j, -1.92166063e-02+0.00382314j,
            4.82361054e-02+0.17518533j,  8.69959337e-01-0.45800519j]],
         input_dims=(2, 2), output_dims=(2, 2))"
"Operator([[ 8.69959337e-01-0.45800519j,  1.55676553e-01+0.0937093j ,
            2.85257177e-03+0.01938446j, -6.80081933e-04+0.00100961j],
          [-8.57672927e-02+0.16018924j,  9.59166425e-01-0.04901741j,
            1.52642106e-01+0.14455771j,  2.85257177e-03+0.01938446j],
          [-4.78405035e-03-0.01900019j, -1.36703951e-01+0.15971404j,
            9.59166425e-01-0.04901741j,  1.55676553e-01+0.0937093j ],
          [ 1.10033937e-03+0.00052066j, -4.78405035e-03-0.01900019j,
           -8.57672927e-02+0.16018924j,  8.69959337e-01-0.45800519j]],
         input_dims=(2, 2), output_dims=(2, 2))"
"Operator([[ 8.69959337e-01-0.45800519j,  1.61954135e-01+0.08238616j,
            5.57725457e-03+0.01878267j, -4.50380783e-04+0.00113092j],
          [-9.69561724e-02+0.15367538j,  9.59166425e-01-0.04901741j,
            1.62548154e-01+0.13332158j,  5.57725457e-03+0.01878267j],
          [-2.03651169e-03-0.0194871j , -1.47729694e-01+0.14957434j,
            9.59166425e-01-0.04901741j,  1.61954135e-01+0.08238616j],
          [ 9.64814618e-04+0.00074227j, -2.03651169e-03-0.0194871j ,
           -9.69561724e-02+0.15367538j,  8.69959337e-01-0.45800519j]],
         input_dims=(2, 2), output_dims=(2, 2))"
"Operator([[ 0.86995934-4.58005189e-01j,  0.13151712+1.25378900e-01j,
           -0.0056629 +1.87570239e-02j, -0.00115588+3.81804158e-04j],
          [-0.04880195+1.75028546e-01j,  0.95916643-4.90174130e-02j,
            0.11747594+1.74344339e-01j, -0.0056629 +1.87570239e-02j],
          [-0.01241093-1.51612365e-02j, -0.09861825+1.85663637e-01j,
            0.95916643-4.90174130e-02j,  0.13151712+1.25378900e-01j],
          [ 0.00118875-2.62100796e-04j, -0.01241093-1.51612365e-02j,
           -0.04880195+1.75028546e-01j,  0.86995934-4.58005189e-01j]],
         input_dims=(2, 2), output_dims=(2, 2))"
"Operator([[ 8.69959337e-01-0.45800519j, -4.51360850e-02-0.17600953j,
           -1.93395867e-02+0.00314241j,  2.59780922e-04+0.00118926j],
          [-5.13210934e-02-0.17430653j,  9.59166425e-01-0.04901741j,
           -7.28926644e-03-0.21010334j, -1.93395867e-02+0.00314241j],
          [-1.90696727e-02+0.00449911j, -1.47013742e-02-0.20971508j,
            9.59166425e-01-0.04901741j, -4.51360850e-02-0.17600953j],
          [ 3.84058665e-04+0.00115513j, -1.90696727e-02+0.00449911j,
           -5.13210934e-02-0.17430653j,  8.69959337e-01-0.45800519j]],
         input_dims=(2, 2), output_dims=(2, 2))"
"Operator([[ 8.69959337e-01-0.45800519j, -9.33739994e-03-0.18146469j,
           -1.90401589e-02-0.00462241j, -4.55819392e-04+0.00112874j],
          [-8.48666059e-02-0.16066823j,  9.59166425e-01-0.04901741j,
            3.45185842e-02-0.2073765j , -1.90401589e-02-0.00462241j],
          [-1.58210569e-02+0.01155805j, -5.59955388e-02-0.20263525j,
            9.59166425e-01-0.04901741j, -9.33739994e-03-0.18146469j],
          [ 9.68376436e-04+0.00073762j, -1.58210569e-02+0.01155805j,
           -8.48666059e-02-0.16066823j,  8.69959337e-01-0.45800519j]],
         input_dims=(2, 2), output_dims=(2, 2))"
"Operator([[ 8.69959337e-01-0.45800519j, -1.80745077e-01-0.01865045j,
            1.67381183e-02+0.01018478j, -8.06594659e-04-0.00091172j],
          [ 1.45723648e-01-0.10854142j,  9.59166425e-01-0.04901741j,
           -1.99612046e-01-0.06596648j,  1.67381183e-02+0.01018478j],
          [ 1.15653158e-02-0.01581575j,  1.91627739e-01-0.08646013j,
            9.59166425e-01-0.04901741j, -1.80745077e-01-0.01865045j],
          [ 2.27807655e-04-0.0011958j ,  1.15653158e-02-0.01581575j,
            1.45723648e-01-0.10854142j,  8.69959337e-01-0.45800519j]],
         input_dims=(2, 2), output_dims=(2, 2))"
