unitary
"Operator([[ 6.04646673e-01-0.73063395j,  1.19547504e-01+0.28723929j,
           -6.02047085e-02+0.0103194j , -1.41974206e-03-0.00673049j],
          [ 1.69707178e-01+0.26076329j,  8.73845444e-01-0.0708715j ,
           -8.62203028e-04+0.36172021j, -6.02047085e-02+0.0103194j ],
          [-5.25517228e-02+0.03113541j,  6.48197747e-02+0.35586606j,
            8.73845444e-01-0.0708715j ,  1.19547504e-01+0.28723929j],
          [-4.71662617e-03-0.00500685j, -5.25517228e-02+0.03113541j,
            1.69707178e-01+0.26076329j,  6.04646673e-01-0.73063395j]],
         input_dims=(2, 2), output_dims=(2, 2))"
"Operator([[ 0.60464667-0.73063395j,  0.14523193+0.2751467j ,
           -0.05733088+0.02107765j, -0.00318692-0.00609579j],
          [ 0.14523193+0.2751467j ,  0.87384544-0.0708715j ,
            0.03211247+0.360293j  , -0.05733088+0.02107765j],
          [-0.05733088+0.02107765j,  0.03211247+0.360293j  ,
            0.87384544-0.0708715j ,  0.14523193+0.2751467j ],
          [-0.00318692-0.00609579j, -0.05733088+0.02107765j,
            0.14523193+0.2751467j ,  0.60464667-0.73063395j]],
         input_dims=(2, 2), output_dims=(2, 2))"
"Operator([[ 0.60464667-7.30633952e-01j,  0.23397158+2.05073929e-01j,
           -0.02861624+5.39648773e-02j, -0.00687842+5.02045156e-05j],
          [ 0.03731028+3.08878552e-01j,  0.87384544-7.08714987e-02j,
            0.15875163+3.25023349e-01j, -0.02861624+5.39648773e-02j],
          [-0.05675698-2.25774850e-02j, -0.09876805+3.47975757e-01j,
            0.87384544-7.08714987e-02j,  0.23397158+2.05073929e-01j],
          [ 0.00396665-5.61967862e-03j, -0.05675698-2.25774850e-02j,
            0.03731028+3.08878552e-01j,  0.60464667-7.30633952e-01j]],
         input_dims=(2, 2), output_dims=(2, 2))"
"Operator([[ 0.60464667-7.30633952e-01j, -0.29505217+9.87027544e-02j,
            0.06106106-1.62617071e-03j, -0.00687844-4.67804683e-05j],
          [ 0.24796108-1.87918388e-01j,  0.87384544-7.08714987e-02j,
           -0.36073267-2.67244227e-02j,  0.06106106-1.62617071e-03j],
          [ 0.04757314-3.83131018e-02j,  0.35032028-9.00996881e-02j,
            0.87384544-7.08714987e-02j, -0.29505217+9.87027544e-02j],
          [ 0.00388703-5.67504659e-03j,  0.04757314-3.83131018e-02j,
            0.24796108-1.87918388e-01j,  0.60464667-7.30633952e-01j]],
         input_dims=(2, 2), output_dims=(2, 2))"
"Operator([[ 0.60464667-7.30633952e-01j,  0.28827146+1.17036667e-01j,
            0.01096248+6.00909408e-02j, -0.00366236+5.82256277e-03j],
          [-0.06601263+3.04040046e-01j,  0.87384544-7.08714987e-02j,
            0.25653205+2.55016791e-01j,  0.01096248+6.00909408e-02j],
          [-0.03057178-5.28815942e-02j, -0.20738804+2.96365411e-01j,
            0.87384544-7.08714987e-02j,  0.28827146+1.17036667e-01j],
          [ 0.00687136+3.15453644e-04j, -0.03057178-5.28815942e-02j,
           -0.06601263+3.04040046e-01j,  0.60464667-7.30633952e-01j]],
         input_dims=(2, 2), output_dims=(2, 2))"
"Operator([[ 0.60464667-7.30633952e-01j, -0.02952696-3.09719512e-01j,
           -0.05554936-2.54040548e-02j, -0.00437918+5.30451861e-03j],
          [-0.23905726-1.99122184e-01j,  0.87384544-7.08714987e-02j,
            0.107492  -3.45380551e-01j, -0.05554936-2.54040548e-02j],
          [-0.02586531+5.53360902e-02j, -0.16687909-3.20926197e-01j,
            0.87384544-7.08714987e-02j, -0.02952696-3.09719512e-01j],
          [ 0.00685504-5.68814930e-04j, -0.02586531+5.53360902e-02j,
           -0.23905726-1.99122184e-01j,  0.60464667-7.30633952e-01j]],
         input_dims=(2, 2), output_dims=(2, 2))"
"Operator([[ 0.60464667-0.73063395j,  0.31090105+0.011771j  ,
            0.04692622+0.03910278j,  0.00318856+0.00609493j],
          [-0.16569162+0.26333307j,  0.87384544-0.0708715j ,
            0.32809275+0.15230694j,  0.04692622+0.03910278j],
          [ 0.01042243-0.06018696j, -0.29598526+0.20793024j,
            0.87384544-0.0708715j ,  0.31090105+0.011771j  ],
          [ 0.00318529+0.00609664j,  0.01042243-0.06018696j,
           -0.16569162+0.26333307j,  0.60464667-0.73063395j]],
         input_dims=(2, 2), output_dims=(2, 2))"
"Operator([[ 0.60464667-0.73063395j,  0.14523193+0.2751467j ,
           -0.05733088+0.02107765j, -0.00318692-0.00609579j],
          [ 0.14523193+0.2751467j ,  0.87384544-0.0708715j ,
            0.03211247+0.360293j  , -0.05733088+0.02107765j],
          [-0.05733088+0.02107765j,  0.03211247+0.360293j  ,
            0.87384544-0.0708715j ,  0.14523193+0.2751467j ],
          [-0.00318692-0.00609579j, -0.05733088+0.02107765j,
            0.14523193+0.2751467j ,  0.60464667-0.73063395j]],
         input_dims=(2, 2), output_dims=(2, 2))"
"Operator([[ 0.60464667-0.73063395j,  0.14523193+0.2751467j ,
           -0.05733088+0.02107765j, -0.00318692-0.00609579j],
          [ 0.14523193+0.2751467j ,  0.87384544-0.0708715j ,
            0.03211247+0.360293j  , -0.05733088+0.02107765j],
          [-0.05733088+0.02107765j,  0.03211247+0.360293j  ,
            0.87384544-0.0708715j ,  0.14523193+0.2751467j ],
          [-0.00318692-0.00609579j, -0.05733088+0.02107765j,
            0.14523193+0.2751467j ,  0.60464667-0.73063395j]],
         input_dims=(2, 2), output_dims=(2, 2))"
"Operator([[ 0.60464667-0.73063395j,  0.14523193+0.2751467j ,
           -0.05733088+0.02107765j, -0.00318692-0.00609579j],
          [ 0.14523193+0.2751467j ,  0.87384544-0.0708715j ,
            0.03211247+0.360293j  , -0.05733088+0.02107765j],
          [-0.05733088+0.02107765j,  0.03211247+0.360293j  ,
            0.87384544-0.0708715j ,  0.14523193+0.2751467j ],
          [-0.00318692-0.00609579j, -0.05733088+0.02107765j,
            0.14523193+0.2751467j ,  0.60464667-0.73063395j]],
         input_dims=(2, 2), output_dims=(2, 2))"
"Operator([[ 0.60464667-0.73063395j,  0.30142658-0.07707161j,
            0.06065528+0.00721348j,  0.0067063 +0.00152993j],
          [-0.23369801+0.20538563j,  0.87384544-0.0708715j ,
            0.35784933+0.05278361j,  0.06065528+0.00721348j],
          [ 0.04153815-0.04478481j, -0.34287376+0.11523819j,
            0.87384544-0.0708715j ,  0.30142658-0.07707161j],
          [-0.00257088+0.0063801j ,  0.04153815-0.04478481j,
           -0.23369801+0.20538563j,  0.60464667-0.73063395j]],
         input_dims=(2, 2), output_dims=(2, 2))"
"Operator([[ 0.60464667-0.73063395j,  0.14523315+0.27514605j,
           -0.05733069+0.02107816j, -0.00318701-0.00609575j],
          [ 0.1452307 +0.27514735j,  0.87384544-0.0708715j ,
            0.03211407+0.36029286j, -0.05733069+0.02107816j],
          [-0.05733107+0.02107714j,  0.03211086+0.36029314j,
            0.87384544-0.0708715j ,  0.14523315+0.27514605j],
          [-0.00318684-0.00609583j, -0.05733107+0.02107714j,
            0.1452307 +0.27514735j,  0.60464667-0.73063395j]],
         input_dims=(2, 2), output_dims=(2, 2))"
"Operator([[ 0.60464667-0.73063395j,  0.25628758-0.17639357j,
            0.0508717 -0.03381075j,  0.00462621-0.00509051j],
          [-0.29023465+0.11207973j,  0.87384544-0.0708715j ,
            0.35407086-0.07400053j,  0.0508717 -0.03381075j],
          [ 0.06065772-0.00719295j, -0.36157696-0.01021573j,
            0.87384544-0.0708715j ,  0.25628758-0.17639357j],
          [-0.00682028+0.0008938j ,  0.06065772-0.00719295j,
           -0.29023465+0.11207973j,  0.60464667-0.73063395j]],
         input_dims=(2, 2), output_dims=(2, 2))"
