unitary
"Operator([[ 0.73851445+0.07252413j, -0.4620299 -0.0872031j ,
            0.11739091+0.19466973j,  0.20316913+0.36783967j],
          [-0.42135159-0.20865965j, -0.22126601-0.0192958j ,
           -0.22980765+0.79063552j,  0.11739091+0.19466973j],
          [-0.00088515+0.22732388j, -0.43465659+0.69927801j,
           -0.22126601-0.0192958j , -0.4620299 -0.0872031j ],
          [-0.13025943+0.39951996j, -0.00088515+0.22732388j,
           -0.42135159-0.20865965j,  0.73851445+0.07252413j]],
         input_dims=(2, 2), output_dims=(2, 2))"
"Operator([[ 0.73851445+0.07252413j, -0.38376651-0.27166023j,
           -0.07070099+0.21605161j, -0.29663979+0.29763829j],
          [-0.46997049-0.01427398j, -0.22126601-0.0192958j ,
           -0.53813724+0.6231568j , -0.07070099+0.21605161j],
          [ 0.1715341 +0.14917434j, -0.10402893+0.81675827j,
           -0.22126601-0.0192958j , -0.38376651-0.27166023j],
          [ 0.34738522+0.23644708j,  0.1715341 +0.14917434j,
           -0.46997049-0.01427398j,  0.73851445+0.07252413j]],
         input_dims=(2, 2), output_dims=(2, 2))"
"Operator([[ 0.73851445+0.07252413j, -0.23001364-0.41008504j,
           -0.21216553+0.08162547j, -0.35959612-0.21742664j],
          [-0.43060298+0.18883085j, -0.22126601-0.0192958j ,
           -0.75351873+0.33185178j, -0.21216553+0.08162547j],
          [ 0.22399156-0.03879061j,  0.25661437+0.78234593j,
           -0.22126601-0.0192958j , -0.23001364-0.41008504j],
          [ 0.31221425-0.28125784j,  0.22399156-0.03879061j,
           -0.43060298+0.18883085j,  0.73851445+0.07252413j]],
         input_dims=(2, 2), output_dims=(2, 2))"
"Operator([[ 0.73851445+0.07252413j, -0.440711  +0.16385917j,
            0.22695809-0.01292111j,  0.35572579-0.22370266j],
          [-0.25312271-0.39623845j, -0.22126601-0.0192958j ,
            0.21138621+0.79575873j,  0.22695809-0.01292111j],
          [-0.20143921+0.10535261j, -0.73327589+0.37446302j,
           -0.22126601-0.0192958j , -0.440711  +0.16385917j],
          [-0.39148986-0.15270692j, -0.20143921+0.10535261j,
           -0.25312271-0.39623845j,  0.73851445+0.07252413j]],
         input_dims=(2, 2), output_dims=(2, 2))"
"Operator([[ 0.73851445+0.07252413j, -0.44584598-0.14932305j,
            0.0604977 +0.21912772j,  0.03974753+0.41833461j],
          [-0.44584598-0.14932305j, -0.22126601-0.0192958j ,
           -0.33535761+0.751965j  ,  0.0604977 +0.21912772j],
          [ 0.0604977 +0.21912772j, -0.33535761+0.751965j  ,
           -0.22126601-0.0192958j , -0.44584598-0.14932305j],
          [ 0.03974753+0.41833461j,  0.0604977 +0.21912772j,
           -0.44584598-0.14932305j,  0.73851445+0.07252413j]],
         input_dims=(2, 2), output_dims=(2, 2))"
"Operator([[ 0.73851445+0.07252413j, -0.44584598-0.14932305j,
            0.0604977 +0.21912772j,  0.03974753+0.41833461j],
          [-0.44584598-0.14932305j, -0.22126601-0.0192958j ,
           -0.33535761+0.751965j  ,  0.0604977 +0.21912772j],
          [ 0.0604977 +0.21912772j, -0.33535761+0.751965j  ,
           -0.22126601-0.0192958j , -0.44584598-0.14932305j],
          [ 0.03974753+0.41833461j,  0.0604977 +0.21912772j,
           -0.44584598-0.14932305j,  0.73851445+0.07252413j]],
         input_dims=(2, 2), output_dims=(2, 2))"
