unitary
"Operator([[ 0.82465199-5.24388532e-01j,  0.06637349-1.99631994e-01j,
           -0.013417  -2.28838610e-02j, -0.00192541-4.01446325e-05j],
          [-0.17095485-1.22608373e-01j,  0.94479879-5.53159953e-02j,
            0.13232078-2.04510491e-01j, -0.013417  -2.28838610e-02j],
          [-0.00191081+2.64581912e-02j, -0.15604982-1.87034178e-01j,
            0.94479879-5.53159953e-02j,  0.06637349-1.99631994e-01j],
          [ 0.00153734-1.15990933e-03j, -0.00191081+2.64581912e-02j,
           -0.17095485-1.22608373e-01j,  0.82465199-5.24388532e-01j]],
         input_dims=(2, 2), output_dims=(2, 2))"
"Operator([[ 0.82465199-5.24388532e-01j,  0.00899735-2.10184255e-01j,
           -0.02347894-1.23461058e-02j, -0.0013226 +1.39982647e-03j],
          [-0.13071036-1.64842879e-01j,  0.94479879-5.53159953e-02j,
            0.07106927-2.32986026e-01j, -0.02347894-1.23461058e-02j],
          [-0.01559606+2.14580994e-02j, -0.09868541-2.22698271e-01j,
            0.94479879-5.53159953e-02j,  0.00899735-2.10184255e-01j],
          [ 0.00189181+3.60365971e-04j, -0.01559606+2.14580994e-02j,
           -0.13071036-1.64842879e-01j,  0.82465199-5.24388532e-01j]],
         input_dims=(2, 2), output_dims=(2, 2))"
"Operator([[ 0.82465199-0.52438853j,  0.00265803-0.21035995j,
           -0.0241802 -0.01090894j, -0.00119078+0.00151356j],
          [-0.12568239-0.16870777j,  0.94479879-0.055316j  ,
            0.06401447-0.23502229j, -0.0241802 -0.01090894j],
          [-0.01686068+0.02047937j, -0.09192815-0.2255716j ,
            0.94479879-0.055316j  ,  0.00265803-0.21035995j],
          [ 0.00185153+0.00052975j, -0.01686068+0.02047937j,
           -0.12568239-0.16870777j,  0.82465199-0.52438853j]],
         input_dims=(2, 2), output_dims=(2, 2))"
"Operator([[ 0.82465199-5.24388532e-01j,  0.03780214-2.06952583e-01j,
           -0.01923   -1.82727767e-02j, -0.00177373+7.50112078e-04j],
          [-0.15212766-1.45311901e-01j,  0.94479879-5.53159953e-02j,
            0.10241905-2.21006036e-01j, -0.01923   -1.82727767e-02j],
          [-0.00916383+2.48940011e-02j, -0.12835899-2.07020043e-01j,
            0.94479879-5.53159953e-02j,  0.03780214-2.06952583e-01j],
          [ 0.0018771 -4.30474858e-04j, -0.00916383+2.48940011e-02j,
           -0.15212766-1.45311901e-01j,  0.82465199-5.24388532e-01j]],
         input_dims=(2, 2), output_dims=(2, 2))"
"Operator([[ 0.82465199-5.24388532e-01j,  0.07930394-1.94857020e-01j,
           -0.01031126-2.44410507e-02j, -0.00188048-4.15464521e-04j],
          [-0.17861692-1.11150209e-01j,  0.94479879-5.53159953e-02j,
            0.14542914-1.95406483e-01j, -0.01031126-2.44410507e-02j],
          [ 0.00156337+2.64809924e-02j, -0.16796281-1.76413784e-01j,
            0.94479879-5.53159953e-02j,  0.07930394-1.94857020e-01j],
          [ 0.00128116-1.43785742e-03j,  0.00156337+2.64809924e-02j,
           -0.17861692-1.11150209e-01j,  0.82465199-5.24388532e-01j]],
         input_dims=(2, 2), output_dims=(2, 2))"
"Operator([[ 8.24651986e-01-0.52438853j,  1.19602851e-01-0.17307089j,
            9.85267631e-04-0.0265088j , -1.23886145e-03-0.00147446j],
          [-1.98441890e-01-0.0698512j ,  9.44798788e-01-0.055316j  ,
            1.84279233e-01-0.15929373j,  9.85267631e-04-0.0265088j ],
          [ 1.26093123e-02+0.02333864j, -2.02167456e-01-0.13587365j,
            9.44798788e-01-0.055316j  ,  1.19602851e-01-0.17307089j],
          [ 1.40966557e-04-0.00192066j,  1.26093123e-02+0.02333864j,
           -1.98441890e-01-0.0698512j ,  8.24651986e-01-0.52438853j]],
         input_dims=(2, 2), output_dims=(2, 2))"
"Operator([[ 8.24651986e-01-0.52438853j,  6.49420862e-02+0.20010222j,
           -2.58339895e-02+0.00602429j, -5.92551551e-04-0.0018324j ],
          [ 6.49420862e-02+0.20010222j,  9.44798788e-01-0.055316j  ,
            1.47350671e-02+0.24313825j, -2.58339895e-02+0.00602429j],
          [-2.58339895e-02+0.00602429j,  1.47350671e-02+0.24313825j,
            9.44798788e-01-0.055316j  ,  6.49420862e-02+0.20010222j],
          [-5.92551551e-04-0.0018324j , -2.58339895e-02+0.00602429j,
            6.49420862e-02+0.20010222j,  8.24651986e-01-0.52438853j]],
         input_dims=(2, 2), output_dims=(2, 2))"
"Operator([[ 8.24651986e-01-0.52438853j,  6.49420862e-02+0.20010222j,
           -2.58339895e-02+0.00602429j, -5.92551551e-04-0.0018324j ],
          [ 6.49420862e-02+0.20010222j,  9.44798788e-01-0.055316j  ,
            1.47350671e-02+0.24313825j, -2.58339895e-02+0.00602429j],
          [-2.58339895e-02+0.00602429j,  1.47350671e-02+0.24313825j,
            9.44798788e-01-0.055316j  ,  6.49420862e-02+0.20010222j],
          [-5.92551551e-04-0.0018324j , -2.58339895e-02+0.00602429j,
            6.49420862e-02+0.20010222j,  8.24651986e-01-0.52438853j]],
         input_dims=(2, 2), output_dims=(2, 2))"
