unitary
"Operator([[ 9.41366246e-01-0.31421358j,  2.17999268e-02+0.12061082j,
           -8.70437146e-03+0.00114631j, -6.44524569e-05-0.00035699j],
          [ 2.17999268e-02+0.12061082j,  9.81660078e-01-0.03435118j,
            5.00604995e-03+0.14155967j, -8.70437146e-03+0.00114631j],
          [-8.70437146e-03+0.00114631j,  5.00604995e-03+0.14155967j,
            9.81660078e-01-0.03435118j,  2.17999268e-02+0.12061082j],
          [-6.44524569e-05-0.00035699j, -8.70437146e-03+0.00114631j,
            2.17999268e-02+0.12061082j,  9.41366246e-01-0.31421358j]],
         input_dims=(2, 2), output_dims=(2, 2))"
"Operator([[ 9.41366246e-01-3.14213578e-01j,
            1.21532580e-01-1.58757243e-02j,
            8.77471940e-03-2.90518902e-04j,
            3.62577318e-04-1.15539148e-05j],
          [-1.19400456e-01+2.76719655e-02j,
            9.81660078e-01-3.43511799e-02j,
            1.41635112e-01+1.92250249e-03j,
            8.77471940e-03-2.90518902e-04j],
          [ 8.55076050e-03-1.99112947e-03j,
           -1.41145499e-01+1.19226237e-02j,
            9.81660078e-01-3.43511799e-02j,
            1.21532580e-01-1.58757243e-02j],
          [-3.43726460e-04+1.15965189e-04j,
            8.55076050e-03-1.99112947e-03j,
           -1.19400456e-01+2.76719655e-02j,
            9.41366246e-01-3.14213578e-01j]],
         input_dims=(2, 2), output_dims=(2, 2))"
"Operator([[ 9.41366246e-01-3.14213578e-01j,
            1.18096742e-01-3.27927769e-02j,
            8.34749983e-03-2.72017430e-03j,
            3.25896750e-04-1.59333337e-04j],
          [-1.22103924e-01+1.06225399e-02j,
            9.81660078e-01-3.43511799e-02j,
            1.40500421e-01-1.79953506e-02j,
            8.34749983e-03-2.72017430e-03j],
          [ 8.76713596e-03+4.66292666e-04j,
           -1.41420615e-01-8.02562707e-03j,
            9.81660078e-01-3.43511799e-02j,
            1.18096742e-01-3.27927769e-02j],
          [-3.61038685e-04-3.53110759e-05j,
            8.76713596e-03+4.66292666e-04j,
           -1.22103924e-01+1.06225399e-02j,
            9.41366246e-01-3.14213578e-01j]],
         input_dims=(2, 2), output_dims=(2, 2))"
"Operator([[ 9.41366246e-01-0.31421358j,  2.17999268e-02+0.12061082j,
           -8.70437146e-03+0.00114631j, -6.44524569e-05-0.00035699j],
          [ 2.17999268e-02+0.12061082j,  9.81660078e-01-0.03435118j,
            5.00604995e-03+0.14155967j, -8.70437146e-03+0.00114631j],
          [-8.70437146e-03+0.00114631j,  5.00604995e-03+0.14155967j,
            9.81660078e-01-0.03435118j,  2.17999268e-02+0.12061082j],
          [-6.44524569e-05-0.00035699j, -8.70437146e-03+0.00114631j,
            2.17999268e-02+0.12061082j,  9.41366246e-01-0.31421358j]],
         input_dims=(2, 2), output_dims=(2, 2))"
"Operator([[ 9.41366246e-01-3.14213578e-01j,
            1.14847996e-01-4.28035559e-02j,
            7.75960777e-03-4.10713879e-03j,
            2.74530133e-04-2.37126571e-04j],
          [-1.22565064e-01+1.07912242e-04j,
            9.81660078e-01-3.43511799e-02j,
            1.38438567e-01-2.99827284e-02j,
            7.75960777e-03-4.10713879e-03j],
          [ 8.55836811e-03+1.95817187e-03j,
           -1.40210685e-01-2.01287067e-02j,
            9.81660078e-01-3.43511799e-02j,
            1.14847996e-01-4.28035559e-02j],
          [-3.40118588e-04-1.26155262e-04j,
            8.55836811e-03+1.95817187e-03j,
           -1.22565064e-01+1.07912242e-04j,
            9.41366246e-01-3.14213578e-01j]],
         input_dims=(2, 2), output_dims=(2, 2))"
"Operator([[ 9.41366246e-01-0.31421358j,  2.17999268e-02+0.12061082j,
           -8.70437146e-03+0.00114631j, -6.44524569e-05-0.00035699j],
          [ 2.17999268e-02+0.12061082j,  9.81660078e-01-0.03435118j,
            5.00604995e-03+0.14155967j, -8.70437146e-03+0.00114631j],
          [-8.70437146e-03+0.00114631j,  5.00604995e-03+0.14155967j,
            9.81660078e-01-0.03435118j,  2.17999268e-02+0.12061082j],
          [-6.44524569e-05-0.00035699j, -8.70437146e-03+0.00114631j,
            2.17999268e-02+0.12061082j,  9.41366246e-01-0.31421358j]],
         input_dims=(2, 2), output_dims=(2, 2))"
"Operator([[ 9.41366246e-01-3.14213578e-01j,
            1.20283131e-01-2.35409218e-02j,
            8.66760133e-03-1.39742223e-03j,
            3.53860230e-04-7.98670242e-05j],
          [-1.20913310e-01+2.00543774e-02j,
            9.81660078e-01-3.43511799e-02j,
            1.41472528e-01-7.05158757e-03j,
            8.66760133e-03-1.39742223e-03j],
          [ 8.73386789e-03-8.94233421e-04j,
           -1.41617239e-01+2.95946646e-03j,
            9.81660078e-01-3.43511799e-02j,
            1.20283131e-01-2.35409218e-02j],
          [-3.59448131e-04+4.89167177e-05j,
            8.73386789e-03-8.94233421e-04j,
           -1.20913310e-01+2.00543774e-02j,
            9.41366246e-01-3.14213578e-01j]],
         input_dims=(2, 2), output_dims=(2, 2))"
