unitary
"Operator([[ 0.77344283-5.86341408e-01j, -0.17339828-1.63490019e-01j,
           -0.01333473+3.17487279e-02j,  0.00282855-4.38422584e-04j],
          [ 0.02297588-2.37208890e-01j,  0.92846514-6.07863960e-02j,
           -0.13822428-2.39102056e-01j, -0.01333473+3.17487279e-02j],
          [-0.0274227 -2.08276797e-02j,  0.10428501-2.55734983e-01j,
            0.92846514-6.07863960e-02j, -0.17339828-1.63490019e-01j],
          [-0.00242315+1.52355691e-03j, -0.0274227 -2.08276797e-02j,
            0.02297588-2.37208890e-01j,  0.77344283-5.86341408e-01j]],
         input_dims=(2, 2), output_dims=(2, 2))"
"Operator([[ 7.73442832e-01-0.58634141j, -1.35890358e-01+0.19577987j,
            3.40873013e-03-0.03426627j,  1.61973283e-03+0.00235995j],
          [ 2.31155849e-01+0.05799071j,  9.28465144e-01-0.0607864j ,
           -2.15891865e-01+0.17223951j,  3.40873013e-03-0.03426627j],
          [ 2.00853442e-02+0.02797098j,  2.37386280e-01+0.14115062j,
            9.28465144e-01-0.0607864j , -1.35890358e-01+0.19577987j],
          [ 3.24364486e-04+0.00284388j,  2.00853442e-02+0.02797098j,
            2.31155849e-01+0.05799071j,  7.73442832e-01-0.58634141j]],
         input_dims=(2, 2), output_dims=(2, 2))"
"Operator([[ 0.77344283-0.58634141j,  0.02152793+0.23734468j,
           -0.03313655-0.00936836j,  0.00124105-0.00257928j],
          [ 0.1399779 +0.19287856j,  0.92846514-0.0607864j ,
           -0.054919  +0.2706652j , -0.03313655-0.00936836j],
          [-0.02401277+0.02468165j,  0.09135899+0.26063246j,
            0.92846514-0.0607864j ,  0.02152793+0.23734468j],
          [-0.0026282 -0.00113377j, -0.02401277+0.02468165j,
            0.1399779 +0.19287856j,  0.77344283-0.58634141j]],
         input_dims=(2, 2), output_dims=(2, 2))"
"Operator([[ 0.77344283-0.58634141j,  0.08375764+0.22311568j,
           -0.03326202+0.00891263j, -0.00100171-0.00268132j],
          [ 0.08375764+0.22311568j,  0.92846514-0.0607864j ,
            0.01889794+0.27553332j, -0.03326202+0.00891263j],
          [-0.03326202+0.00891263j,  0.01889794+0.27553332j,
            0.92846514-0.0607864j ,  0.08375764+0.22311568j],
          [-0.00100171-0.00268132j, -0.03326202+0.00891263j,
            0.08375764+0.22311568j,  0.77344283-0.58634141j]],
         input_dims=(2, 2), output_dims=(2, 2))"
"Operator([[ 0.77344283-5.86341408e-01j, -0.00465471+2.38273545e-01j,
           -0.0302938 -1.63732312e-02j,  0.00200981-2.03802413e-03j],
          [ 0.16030372+1.76348139e-01j,  0.92846514-6.07863960e-02j,
           -0.08429719+2.63001384e-01j, -0.0302938 -1.63732312e-02j],
          [-0.01804841+2.93266369e-02j,  0.11941572+2.49029375e-01j,
            0.92846514-6.07863960e-02j, -0.00465471+2.38273545e-01j],
          [-0.00285377-2.21038748e-04j, -0.01804841+2.93266369e-02j,
            0.16030372+1.76348139e-01j,  0.77344283-5.86341408e-01j]],
         input_dims=(2, 2), output_dims=(2, 2))"
"Operator([[ 0.77344283-0.58634141j,  0.04255074-0.23448962j,
           -0.02360672-0.02507029j, -0.00272374+0.00087983j],
          [-0.18634798-0.14856103j,  0.92846514-0.0607864j ,
            0.12511527-0.24621518j, -0.02360672-0.02507029j],
          [-0.00790868+0.03351492j, -0.15755973-0.22682741j,
            0.92846514-0.0607864j ,  0.04255074-0.23448962j],
          [ 0.00263344-0.00112156j, -0.00790868+0.03351492j,
           -0.18634798-0.14856103j,  0.77344283-0.58634141j]],
         input_dims=(2, 2), output_dims=(2, 2))"
"Operator([[ 0.77344283-0.58634141j,  0.08375764+0.22311568j,
           -0.03326202+0.00891263j, -0.00100171-0.00268132j],
          [ 0.08375764+0.22311568j,  0.92846514-0.0607864j ,
            0.01889794+0.27553332j, -0.03326202+0.00891263j],
          [-0.03326202+0.00891263j,  0.01889794+0.27553332j,
            0.92846514-0.0607864j ,  0.08375764+0.22311568j],
          [-0.00100171-0.00268132j, -0.03326202+0.00891263j,
            0.08375764+0.22311568j,  0.77344283-0.58634141j]],
         input_dims=(2, 2), output_dims=(2, 2))"
