unitary
"Operator([[ 9.54987403e-01-2.76408553e-01j,
           -2.09892564e-02+1.05410831e-01j,
           -5.58893816e-03-3.75302293e-03j,
            1.90963307e-04-1.50731314e-04j],
          [ 5.24107047e-02+9.38355482e-02j,
            9.85930789e-01-3.03350869e-02j,
           -3.92962557e-02+1.17808122e-01j,
           -5.58893816e-03-3.75302293e-03j],
          [-4.59034514e-03+4.92444335e-03j,
            4.65214025e-02+1.15146465e-01j,
            9.85930789e-01-3.03350869e-02j,
           -2.09892564e-02+1.05410831e-01j],
          [-2.28060695e-04-8.47067491e-05j,
           -4.59034514e-03+4.92444335e-03j,
            5.24107047e-02+9.38355482e-02j,
            9.54987403e-01-2.76408553e-01j]],
         input_dims=(2, 2), output_dims=(2, 2))"
"Operator([[ 9.54987403e-01-2.76408553e-01j,
            1.67428684e-02+1.06168114e-01j,
           -6.68797857e-03+7.69645017e-04j,
           -3.78664076e-05-2.40318640e-04j],
          [ 1.67428684e-02+1.06168114e-01j,
            9.85930789e-01-3.03350869e-02j,
            3.84990788e-03+1.24129479e-01j,
           -6.68797857e-03+7.69645017e-04j],
          [-6.68797857e-03+7.69645017e-04j,
            3.84990788e-03+1.24129479e-01j,
            9.85930789e-01-3.03350869e-02j,
            1.67428684e-02+1.06168114e-01j],
          [-3.78664076e-05-2.40318640e-04j,
           -6.68797857e-03+7.69645017e-04j,
            1.67428684e-02+1.06168114e-01j,
            9.54987403e-01-2.76408553e-01j]],
         input_dims=(2, 2), output_dims=(2, 2))"
"Operator([[ 9.54987403e-01-2.76408553e-01j,
            2.89624850e-02+1.03504428e-01j,
           -6.32988054e-03+2.29216561e-03j,
           -1.17822625e-04-2.12849108e-04j],
          [ 4.29655303e-03+1.07394282e-01j,
            9.85930789e-01-3.03350869e-02j,
            1.82432829e-02+1.22841898e-01j,
           -6.32988054e-03+2.29216561e-03j],
          [-6.68508116e-03-7.94418522e-04j,
           -1.05955950e-02+1.23736343e-01j,
            9.85930789e-01-3.03350869e-02j,
            2.89624850e-02+1.03504428e-01j],
          [ 4.66626601e-05-2.38766643e-04j,
           -6.68508116e-03-7.94418522e-04j,
            4.29655303e-03+1.07394282e-01j,
            9.54987403e-01-2.76408553e-01j]],
         input_dims=(2, 2), output_dims=(2, 2))"
"Operator([[ 9.54987403e-01-2.76408553e-01j,
            5.29519531e-02+9.35311859e-02j,
           -4.53313896e-03+4.97715401e-03j,
           -2.29494522e-04-8.07414265e-05j],
          [-2.15979039e-02+1.05287809e-01j,
            9.85930789e-01-3.03350869e-02j,
            4.71858702e-02+1.14875772e-01j,
           -4.53313896e-03+4.97715401e-03j],
          [-5.54520055e-03-3.81735008e-03j,
           -3.99762214e-02+1.17579127e-01j,
            9.85930789e-01-3.03350869e-02j,
            5.29519531e-02+9.35311859e-02j],
          [ 1.93547002e-04-1.47399022e-04j,
           -5.54520055e-03-3.81735008e-03j,
           -2.15979039e-02+1.05287809e-01j,
            9.54987403e-01-2.76408553e-01j]],
         input_dims=(2, 2), output_dims=(2, 2))"
"Operator([[ 9.54987403e-01-2.76408553e-01j,
            1.67428684e-02+1.06168114e-01j,
           -6.68797857e-03+7.69645017e-04j,
           -3.78664076e-05-2.40318640e-04j],
          [ 1.67428684e-02+1.06168114e-01j,
            9.85930789e-01-3.03350869e-02j,
            3.84990788e-03+1.24129479e-01j,
           -6.68797857e-03+7.69645017e-04j],
          [-6.68797857e-03+7.69645017e-04j,
            3.84990788e-03+1.24129479e-01j,
            9.85930789e-01-3.03350869e-02j,
            1.67428684e-02+1.06168114e-01j],
          [-3.78664076e-05-2.40318640e-04j,
           -6.68797857e-03+7.69645017e-04j,
            1.67428684e-02+1.06168114e-01j,
            9.54987403e-01-2.76408553e-01j]],
         input_dims=(2, 2), output_dims=(2, 2))"
"Operator([[ 9.54987403e-01-2.76408553e-01j,
            1.67428684e-02+1.06168114e-01j,
           -6.68797857e-03+7.69645017e-04j,
           -3.78664076e-05-2.40318640e-04j],
          [ 1.67428684e-02+1.06168114e-01j,
            9.85930789e-01-3.03350869e-02j,
            3.84990788e-03+1.24129479e-01j,
           -6.68797857e-03+7.69645017e-04j],
          [-6.68797857e-03+7.69645017e-04j,
            3.84990788e-03+1.24129479e-01j,
            9.85930789e-01-3.03350869e-02j,
            1.67428684e-02+1.06168114e-01j],
          [-3.78664076e-05-2.40318640e-04j,
           -6.68797857e-03+7.69645017e-04j,
            1.67428684e-02+1.06168114e-01j,
            9.54987403e-01-2.76408553e-01j]],
         input_dims=(2, 2), output_dims=(2, 2))"
"Operator([[ 9.54987403e-01-2.76408553e-01j,
            1.03678543e-01+2.83328756e-02j,
            5.00861391e-03+4.49835498e-03j,
            1.07470959e-04+2.18258807e-04j],
          [-8.99273390e-02+5.88648093e-02j,
            9.85930789e-01-3.03350869e-02j,
            1.14760917e-01+4.74645258e-02j,
            5.00861391e-03+4.49835498e-03j],
          [ 3.85588879e-03-5.51847194e-03j,
           -1.11598922e-01+5.44851347e-02j,
            9.85930789e-01-3.03350869e-02j,
            1.03678543e-01+2.83328756e-02j],
          [-3.51490682e-05+2.40731088e-04j,
            3.85588879e-03-5.51847194e-03j,
           -8.99273390e-02+5.88648093e-02j,
            9.54987403e-01-2.76408553e-01j]],
         input_dims=(2, 2), output_dims=(2, 2))"
"Operator([[ 9.54987403e-01-2.76408553e-01j,
            1.07355949e-01+5.16645035e-03j,
            6.44242616e-03+1.95360078e-03j,
            2.18294347e-04+1.07398751e-04j],
          [-1.00555723e-01+3.79544283e-02j,
            9.85930789e-01-3.03350869e-02j,
            1.22324764e-01+2.14383172e-02j,
            6.44242616e-03+1.95360078e-03j],
          [ 5.83026083e-03-3.36592774e-03j,
           -1.20761098e-01+2.89776880e-02j,
            9.85930789e-01-3.03350869e-02j,
            1.07355949e-01+5.16645035e-03j],
          [-1.74692357e-04+1.69320684e-04j,
            5.83026083e-03-3.36592774e-03j,
           -1.00555723e-01+3.79544283e-02j,
            9.54987403e-01-2.76408553e-01j]],
         input_dims=(2, 2), output_dims=(2, 2))"
