unitary
"Operator([[ 9.41366246e-01-3.14213578e-01j,
           -1.20579365e-01+2.19732435e-02j,
            8.70104061e-03-1.17132147e-03j,
           -3.56708549e-04+6.59910267e-05j],
          [ 1.20642026e-01-2.16265651e-02j,
            9.81660078e-01-3.43511799e-02j,
           -1.41552330e-01+5.20949118e-03j,
            8.70104061e-03-1.17132147e-03j],
          [ 8.70763039e-03-1.12128261e-03j,
            1.41566719e-01-4.80259838e-03j,
            9.81660078e-01-3.43511799e-02j,
           -1.20579365e-01+2.19732435e-02j],
          [ 3.57264325e-04-6.29126890e-05j,
            8.70763039e-03-1.12128261e-03j,
            1.20642026e-01-2.16265651e-02j,
            9.41366246e-01-3.14213578e-01j]],
         input_dims=(2, 2), output_dims=(2, 2))"
"Operator([[ 9.41366246e-01-3.14213578e-01j,
           -1.12535535e-01+4.85588314e-02j,
            7.30486699e-03-4.87021764e-03j,
           -2.35506386e-04+2.75921269e-04j],
          [ 1.22413584e-01+6.09271109e-03j,
            9.81660078e-01-3.43511799e-02j,
           -1.36744496e-01+3.69478518e-02j,
            7.30486699e-03-4.87021764e-03j],
          [ 8.31669004e-03+2.81296437e-03j,
            1.39012853e-01+2.71960980e-02j,
            9.81660078e-01-3.43511799e-02j,
           -1.12535535e-01+4.85588314e-02j],
          [ 3.17124704e-04+1.76146888e-04j,
            8.31669004e-03+2.81296437e-03j,
            1.22413584e-01+6.09271109e-03j,
            9.41366246e-01-3.14213578e-01j]],
         input_dims=(2, 2), output_dims=(2, 2))"
"Operator([[ 9.41366246e-01-3.14213578e-01j,
           -1.03213634e-01+6.60995637e-02j,
            5.37088579e-03-6.94504770e-03j,
           -7.90944376e-05+3.54033719e-04j],
          [ 1.19821731e-01+2.57868068e-02j,
            9.81660078e-01-3.43511799e-02j,
           -1.28980241e-01+5.85516729e-02j,
            5.37088579e-03-6.94504770e-03j],
          [ 6.98581374e-03+5.31775405e-03j,
            1.32794059e-01+4.92944091e-02j,
            9.81660078e-01-3.43511799e-02j,
           -1.03213634e-01+6.60995637e-02j],
          [ 1.97902891e-04+3.04023437e-04j,
            6.98581374e-03+5.31775405e-03j,
            1.19821731e-01+2.57868068e-02j,
            9.41366246e-01-3.14213578e-01j]],
         input_dims=(2, 2), output_dims=(2, 2))"
"Operator([[ 9.41366246e-01-0.31421358j,  2.17999268e-02+0.12061082j,
           -8.70437146e-03+0.00114631j, -6.44524569e-05-0.00035699j],
          [ 2.17999268e-02+0.12061082j,  9.81660078e-01-0.03435118j,
            5.00604995e-03+0.14155967j, -8.70437146e-03+0.00114631j],
          [-8.70437146e-03+0.00114631j,  5.00604995e-03+0.14155967j,
            9.81660078e-01-0.03435118j,  2.17999268e-02+0.12061082j],
          [-6.44524569e-05-0.00035699j, -8.70437146e-03+0.00114631j,
            2.17999268e-02+0.12061082j,  9.41366246e-01-0.31421358j]],
         input_dims=(2, 2), output_dims=(2, 2))"
"Operator([[ 9.41366246e-01-0.31421358j, -9.33484596e-02+0.07942463j,
            3.31775980e-03-0.0081285j ,  6.72001784e-05+0.00035648j],
          [ 1.15245258e-01+0.04172214j,  9.81660078e-01-0.03435118j,
           -1.19897996e-01+0.07542328j,  3.31775980e-03-0.0081285j ],
          [ 5.30908135e-03+0.00699241j,  1.24926291e-01+0.06676543j,
            9.81660078e-01-0.03435118j, -9.33484596e-02+0.07942463j],
          [ 6.17009117e-05+0.00035748j,  5.30908135e-03+0.00699241j,
            1.15245258e-01+0.04172214j,  9.41366246e-01-0.31421358j]],
         input_dims=(2, 2), output_dims=(2, 2))"
"Operator([[ 9.41366246e-01-0.31421358j,  2.17999268e-02+0.12061082j,
           -8.70437146e-03+0.00114631j, -6.44524569e-05-0.00035699j],
          [ 2.17999268e-02+0.12061082j,  9.81660078e-01-0.03435118j,
            5.00604995e-03+0.14155967j, -8.70437146e-03+0.00114631j],
          [-8.70437146e-03+0.00114631j,  5.00604995e-03+0.14155967j,
            9.81660078e-01-0.03435118j,  2.17999268e-02+0.12061082j],
          [-6.44524569e-05-0.00035699j, -8.70437146e-03+0.00114631j,
            2.17999268e-02+0.12061082j,  9.41366246e-01-0.31421358j]],
         input_dims=(2, 2), output_dims=(2, 2))"
"Operator([[ 9.41366246e-01-3.14213578e-01j,
           -1.05965614e-01+6.15913571e-02j,
            5.94882857e-03-6.45689866e-03j,
           -1.24080329e-04+3.40881029e-04j],
          [ 1.20821465e-01+2.06004930e-02j,
            9.81660078e-01-3.43511799e-02j,
           -1.31383104e-01+5.29403528e-02j,
            5.94882857e-03-6.45689866e-03j],
          [ 7.41767160e-03+4.69662111e-03j,
            1.34794543e-01+4.35273711e-02j,
            9.81660078e-01-3.43511799e-02j,
           -1.05965614e-01+6.15913571e-02j],
          [ 2.35449256e-04+2.75970021e-04j,
            7.41767160e-03+4.69662111e-03j,
            1.20821465e-01+2.06004930e-02j,
            9.41366246e-01-3.14213578e-01j]],
         input_dims=(2, 2), output_dims=(2, 2))"
