unitary
"Operator([[-0.0039255 +0.72795417j,  0.37741407+0.1851231j ,
            0.32582302-0.26989075j, -0.17680211+0.28826158j],
          [-0.3794038 +0.18101022j,  0.01217543+0.24558036j,
           -0.56924128-0.50969875j,  0.32582302-0.26989075j],
          [-0.33746085-0.2551898j ,  0.7529546 -0.12995312j,
            0.01217543+0.24558036j,  0.37741407+0.1851231j ],
          [-0.28238492+0.18604429j, -0.33746085-0.2551898j ,
           -0.3794038 +0.18101022j, -0.0039255 +0.72795417j]],
         input_dims=(2, 2), output_dims=(2, 2))"
"Operator([[-0.0039255 +0.72795417j, -0.11532462+0.40424271j,
           -0.21124196+0.36657672j,  0.33811999+0.00534745j],
          [ 0.11092428+0.40547225j,  0.01217543+0.24558036j,
            0.40077746-0.65054276j, -0.21124196+0.36657672j],
          [ 0.22727607+0.35685746j,  0.00551015-0.76406681j,
            0.01217543+0.24558036j, -0.11532462+0.40424271j],
          [-0.01629415-0.33776948j,  0.22727607+0.35685746j,
            0.11092428+0.40547225j, -0.0039255 +0.72795417j]],
         input_dims=(2, 2), output_dims=(2, 2))"
"Operator([[-0.0039255 +0.72795417j,  0.00228445-0.42036498j,
            0.00937492+0.422982j  , -0.23521325+0.24295771j],
          [ 0.00228445-0.42036498j,  0.01217543+0.24558036j,
           -0.21092495+0.73439711j,  0.00937492+0.422982j  ],
          [ 0.00937492+0.422982j  , -0.21092495+0.73439711j,
            0.01217543+0.24558036j,  0.00228445-0.42036498j],
          [-0.23521325+0.24295771j,  0.00937492+0.422982j  ,
            0.00228445-0.42036498j, -0.0039255 +0.72795417j]],
         input_dims=(2, 2), output_dims=(2, 2))"
"Operator([[-0.0039255 +0.72795417j, -0.3436415 -0.24212076j,
            0.39349102-0.1554557j ,  0.28876335-0.17598138j],
          [ 0.3462527 -0.23837157j,  0.01217543+0.24558036j,
            0.48209116+0.59280398j,  0.39349102-0.1554557j ],
          [-0.39999224-0.13786903j, -0.72318598+0.24663838j,
            0.01217543+0.24558036j, -0.3436415 -0.24212076j],
          [ 0.16653792-0.29431079j, -0.39999224-0.13786903j,
            0.3462527 -0.23837157j, -0.0039255 +0.72795417j]],
         input_dims=(2, 2), output_dims=(2, 2))"
"Operator([[-0.0039255 +0.72795417j,  0.00228445-0.42036498j,
            0.00937492+0.422982j  , -0.23521325+0.24295771j],
          [ 0.00228445-0.42036498j,  0.01217543+0.24558036j,
           -0.21092495+0.73439711j,  0.00937492+0.422982j  ],
          [ 0.00937492+0.422982j  , -0.21092495+0.73439711j,
            0.01217543+0.24558036j,  0.00228445-0.42036498j],
          [-0.23521325+0.24295771j,  0.00937492+0.422982j  ,
            0.00228445-0.42036498j, -0.0039255 +0.72795417j]],
         input_dims=(2, 2), output_dims=(2, 2))"
