unitary
"Operator([[ 0.65368147+0.33181641j, -0.38232542-0.25359094j,
            0.07322827+0.27812389j, -0.05623977+0.40772433j],
          [-0.38232542-0.25359094j, -0.14470454+0.06732302j,
           -0.32859769+0.75720235j,  0.07322827+0.27812389j],
          [ 0.07322827+0.27812389j, -0.32859769+0.75720235j,
           -0.14470454+0.06732302j, -0.38232542-0.25359094j],
          [-0.05623977+0.40772433j,  0.07322827+0.27812389j,
           -0.38232542-0.25359094j,  0.65368147+0.33181641j]],
         input_dims=(2, 2), output_dims=(2, 2))"
"Operator([[ 0.65368147+0.33181641j, -0.45659876-0.04470644j,
            0.2714033 +0.09516055j,  0.39942372+0.09931126j],
          [-0.21877558-0.40325964j, -0.14470454+0.06732302j,
            0.06482812+0.82287858j,  0.2714033 +0.09516055j],
          [-0.18935177+0.21647445j, -0.64529292+0.51471243j,
           -0.14470454+0.06732302j, -0.45659876-0.04470644j],
          [-0.41139403-0.01252951j, -0.18935177+0.21647445j,
           -0.21877558-0.40325964j,  0.65368147+0.33181641j]],
         input_dims=(2, 2), output_dims=(2, 2))"
"Operator([[ 0.65368147+0.33181641j, -0.4080742 -0.20965813j,
            0.1326952 +0.25516125j,  0.08018925+0.40369756j],
          [-0.35186644-0.29439955j, -0.14470454+0.06732302j,
           -0.2426576 +0.78895445j,  0.1326952 +0.25516125j],
          [ 0.01016381+0.28742299j, -0.41048951+0.71612164j,
           -0.14470454+0.06732302j, -0.4080742 -0.20965813j],
          [-0.18648411+0.36691377j,  0.01016381+0.28742299j,
           -0.35186644-0.29439955j,  0.65368147+0.33181641j]],
         input_dims=(2, 2), output_dims=(2, 2))"
"Operator([[ 0.65368147+0.33181641j, -0.38232542-0.25359094j,
            0.07322827+0.27812389j, -0.05623977+0.40772433j],
          [-0.38232542-0.25359094j, -0.14470454+0.06732302j,
           -0.32859769+0.75720235j,  0.07322827+0.27812389j],
          [ 0.07322827+0.27812389j, -0.32859769+0.75720235j,
           -0.14470454+0.06732302j, -0.38232542-0.25359094j],
          [-0.05623977+0.40772433j,  0.07322827+0.27812389j,
           -0.38232542-0.25359094j,  0.65368147+0.33181641j]],
         input_dims=(2, 2), output_dims=(2, 2))"
"Operator([[ 0.65368147+0.33181641j, -0.38232542-0.25359094j,
            0.07322827+0.27812389j, -0.05623977+0.40772433j],
          [-0.38232542-0.25359094j, -0.14470454+0.06732302j,
           -0.32859769+0.75720235j,  0.07322827+0.27812389j],
          [ 0.07322827+0.27812389j, -0.32859769+0.75720235j,
           -0.14470454+0.06732302j, -0.38232542-0.25359094j],
          [-0.05623977+0.40772433j,  0.07322827+0.27812389j,
           -0.38232542-0.25359094j,  0.65368147+0.33181641j]],
         input_dims=(2, 2), output_dims=(2, 2))"
