unitary
"Operator([[ 0.37794656+0.62263254j, -0.07640735+0.42595279j,
           -0.34854183+0.11772788j,  0.20644034+0.32288138j],
          [ 0.40769675+0.14511105j, -0.05533329+0.17745746j,
            0.70227735-0.38683134j, -0.34854183+0.11772788j],
          [ 0.36788572+0.00116577j, -0.26663921-0.75613193j,
           -0.05533329+0.17745746j, -0.07640735+0.42595279j],
          [-0.38214443+0.02890736j,  0.36788572+0.00116577j,
            0.40769675+0.14511105j,  0.37794656+0.62263254j]],
         input_dims=(2, 2), output_dims=(2, 2))"
"Operator([[ 3.77946561e-01+0.62263254j,  4.27455343e-01-0.06749658j,
            2.00641187e-01-0.30835754j,  1.44151103e-04+0.38323619j],
          [-2.70779585e-01+0.33756818j, -5.53332905e-02+0.17745746j,
           -5.95733213e-01-0.53659472j,  2.00641187e-01-0.30835754j],
          [-2.88044184e-01-0.22884887j,  8.01758322e-01-0.00394365j,
           -5.53332905e-02+0.17745746j,  4.27455343e-01-0.06749658j],
          [-3.06476382e-01+0.23009178j, -2.88044184e-01-0.22884887j,
           -2.70779585e-01+0.33756818j,  3.77946561e-01+0.62263254j]],
         input_dims=(2, 2), output_dims=(2, 2))"
"Operator([[ 0.37794656+0.62263254j,  0.40776799+0.14491074j,
            0.36788668+0.0008043j , -0.38210141+0.02947055j],
          [-0.0766166 +0.4259152j , -0.05533329+0.17745746j,
           -0.26701065-0.75600084j,  0.36788668+0.0008043j ],
          [-0.34865733+0.11738536j,  0.70246731-0.38648628j,
           -0.05533329+0.17745746j,  0.40776799+0.14491074j],
          [ 0.20596424+0.32318529j, -0.34865733+0.11738536j,
           -0.0766166 +0.4259152j ,  0.37794656+0.62263254j]],
         input_dims=(2, 2), output_dims=(2, 2))"
"Operator([[ 0.37794656+0.62263254j,  0.22000312-0.37265599j,
           -0.34083521-0.13846522j,  0.18325307-0.33658329j],
          [-0.4327099 +0.00600029j, -0.05533329+0.17745746j,
           -0.79304287+0.11796169j, -0.34083521-0.13846522j],
          [ 0.27936165-0.23937069j,  0.51333823+0.61588621j,
           -0.05533329+0.17745746j,  0.22000312-0.37265599j],
          [ 0.15901301-0.34869021j,  0.27936165-0.23937069j,
           -0.4327099 +0.00600029j,  0.37794656+0.62263254j]],
         input_dims=(2, 2), output_dims=(2, 2))"
"Operator([[ 0.37794656+0.62263254j, -0.21715476-0.37432295j,
            0.05907815+0.36311297j, -0.17124007+0.34285104j],
          [-0.21715476-0.37432295j, -0.05533329+0.17745746j,
           -0.28555364+0.74919362j,  0.05907815+0.36311297j],
          [ 0.05907815+0.36311297j, -0.28555364+0.74919362j,
           -0.05533329+0.17745746j, -0.21715476-0.37432295j],
          [-0.17124007+0.34285104j,  0.05907815+0.36311297j,
           -0.21715476-0.37432295j,  0.37794656+0.62263254j]],
         input_dims=(2, 2), output_dims=(2, 2))"
"Operator([[ 0.37794656+0.62263254j, -0.42831095+0.06183518j,
            0.20872975-0.30294084j,  0.01506376-0.38294005j],
          [ 0.26628965-0.34112121j, -0.05533329+0.17745746j,
            0.58858159+0.54442967j,  0.20872975-0.30294084j],
          [-0.29399843-0.22114742j, -0.80163597+0.01455105j,
           -0.05533329+0.17745746j, -0.42831095+0.06183518j],
          [ 0.29710435-0.24207231j, -0.29399843-0.22114742j,
            0.26628965-0.34112121j,  0.37794656+0.62263254j]],
         input_dims=(2, 2), output_dims=(2, 2))"
"Operator([[ 0.37794656+0.62263254j, -0.21715476-0.37432295j,
            0.05907815+0.36311297j, -0.17124007+0.34285104j],
          [-0.21715476-0.37432295j, -0.05533329+0.17745746j,
           -0.28555364+0.74919362j,  0.05907815+0.36311297j],
          [ 0.05907815+0.36311297j, -0.28555364+0.74919362j,
           -0.05533329+0.17745746j, -0.21715476-0.37432295j],
          [-0.17124007+0.34285104j,  0.05907815+0.36311297j,
           -0.21715476-0.37432295j,  0.37794656+0.62263254j]],
         input_dims=(2, 2), output_dims=(2, 2))"
