unitary
"Operator([[ 8.01463222e-01-0.55388377j,  1.38058209e-01+0.17577835j,
           -1.85666729e-02+0.02368979j, -2.26325960e-03-0.00056494j],
          [ 9.15267446e-04+0.22351121j,  9.37415224e-01-0.05797781j,
            9.96530480e-02+0.23894877j, -1.85666729e-02+0.02368979j],
          [-2.75154507e-02-0.01219948j, -6.81997138e-02+0.24975196j,
            9.37415224e-01-0.05797781j,  1.38058209e-01+0.17577835j],
          [ 1.42815297e-03-0.00184442j, -2.75154507e-02-0.01219948j,
            9.15267446e-04+0.22351121j,  8.01463222e-01-0.55388377j]],
         input_dims=(2, 2), output_dims=(2, 2))"
"Operator([[ 0.80146322-0.55388377j,  0.19542317+0.10847988j,
            0.00395483+0.02983767j, -0.00135657+0.00189769j],
          [-0.08583792+0.20637333j,  0.93741522-0.05797781j,
            0.18452233+0.18160053j,  0.00395483+0.02983767j],
          [-0.01051689-0.02820146j, -0.15972033+0.20375638j,
            0.93741522-0.05797781j,  0.19542317+0.10847988j],
          [ 0.00224   +0.00065109j, -0.01051689-0.02820146j,
           -0.08583792+0.20637333j,  0.80146322-0.55388377j]],
         input_dims=(2, 2), output_dims=(2, 2))"
"Operator([[ 8.01463222e-01-0.55388377j,  7.34711723e-02+0.2110926j ,
           -2.92044575e-02+0.00728196j, -7.63947885e-04-0.00220406j],
          [ 7.34711723e-02+0.2110926j ,  9.37415224e-01-0.05797781j,
            1.66284488e-02+0.25836164j, -2.92044575e-02+0.00728196j],
          [-2.92044575e-02+0.00728196j,  1.66284488e-02+0.25836164j,
            9.37415224e-01-0.05797781j,  7.34711723e-02+0.2110926j ],
          [-7.63947885e-04-0.00220406j, -2.92044575e-02+0.00728196j,
            7.34711723e-02+0.2110926j ,  8.01463222e-01-0.55388377j]],
         input_dims=(2, 2), output_dims=(2, 2))"
"Operator([[ 8.01463222e-01-0.55388377j,  7.34711723e-02+0.2110926j ,
           -2.92044575e-02+0.00728196j, -7.63947885e-04-0.00220406j],
          [ 7.34711723e-02+0.2110926j ,  9.37415224e-01-0.05797781j,
            1.66284488e-02+0.25836164j, -2.92044575e-02+0.00728196j],
          [-2.92044575e-02+0.00728196j,  1.66284488e-02+0.25836164j,
            9.37415224e-01-0.05797781j,  7.34711723e-02+0.2110926j ],
          [-7.63947885e-04-0.00220406j, -2.92044575e-02+0.00728196j,
            7.34711723e-02+0.2110926j ,  8.01463222e-01-0.55388377j]],
         input_dims=(2, 2), output_dims=(2, 2))"
"Operator([[ 8.01463222e-01-0.55388377j,  2.22426104e-01+0.02201652j,
            2.44468678e-02+0.01755785j,  1.32415411e-03+0.00192045j],
          [-1.60689645e-01+0.15536067j,  9.37415224e-01-0.05797781j,
            2.41438882e-01+0.09345861j,  2.44468678e-02+0.01755785j],
          [ 1.33415738e-02-0.02698017j, -2.27466306e-01+0.12363788j,
            9.37415224e-01-0.05797781j,  2.22426104e-01+0.02201652j],
          [ 1.48389296e-04+0.00232798j,  1.33415738e-02-0.02698017j,
           -1.60689645e-01+0.15536067j,  8.01463222e-01-0.55388377j]],
         input_dims=(2, 2), output_dims=(2, 2))"
"Operator([[ 8.01463222e-01-0.55388377j,  7.34711723e-02+0.2110926j ,
           -2.92044575e-02+0.00728196j, -7.63947885e-04-0.00220406j],
          [ 7.34711723e-02+0.2110926j ,  9.37415224e-01-0.05797781j,
            1.66284488e-02+0.25836164j, -2.92044575e-02+0.00728196j],
          [-2.92044575e-02+0.00728196j,  1.66284488e-02+0.25836164j,
            9.37415224e-01-0.05797781j,  7.34711723e-02+0.2110926j ],
          [-7.63947885e-04-0.00220406j, -2.92044575e-02+0.00728196j,
            7.34711723e-02+0.2110926j ,  8.01463222e-01-0.55388377j]],
         input_dims=(2, 2), output_dims=(2, 2))"
"Operator([[ 8.01463222e-01-0.55388377j,  7.34711723e-02+0.2110926j ,
           -2.92044575e-02+0.00728196j, -7.63947885e-04-0.00220406j],
          [ 7.34711723e-02+0.2110926j ,  9.37415224e-01-0.05797781j,
            1.66284488e-02+0.25836164j, -2.92044575e-02+0.00728196j],
          [-2.92044575e-02+0.00728196j,  1.66284488e-02+0.25836164j,
            9.37415224e-01-0.05797781j,  7.34711723e-02+0.2110926j ],
          [-7.63947885e-04-0.00220406j, -2.92044575e-02+0.00728196j,
            7.34711723e-02+0.2110926j ,  8.01463222e-01-0.55388377j]],
         input_dims=(2, 2), output_dims=(2, 2))"
"Operator([[ 8.01463222e-01-0.55388377j,  2.06899887e-01+0.08456084j,
            1.08646631e-02+0.02806931j, -6.09447099e-04+0.00225168j],
          [-1.09685577e-01+0.194749j  ,  9.37415224e-01-0.05797781j,
            2.04739604e-01+0.158458j  ,  1.08646631e-02+0.02806931j],
          [-3.58572492e-03-0.02988427j, -1.82737462e-01+0.18339647j,
            9.37415224e-01-0.05797781j,  2.06899887e-01+0.08456084j],
          [ 1.87221365e-03+0.00139152j, -3.58572492e-03-0.02988427j,
           -1.09685577e-01+0.194749j  ,  8.01463222e-01-0.55388377j]],
         input_dims=(2, 2), output_dims=(2, 2))"
"Operator([[ 8.01463222e-01-0.55388377j, -2.23153575e-01+0.01267205j,
            2.86449143e-02+0.009241j  , -2.04603360e-03-0.00112038j],
          [ 1.82797662e-01-0.12862004j,  9.37415224e-01-0.05797781j,
           -2.52993863e-01-0.05496681j,  2.86449143e-02+0.009241j  ],
          [ 2.09529124e-02-0.02160793j,  2.43860264e-01-0.0869449j ,
            9.37415224e-01-0.05797781j, -2.23153575e-01+0.01267205j],
          [ 9.13780294e-04-0.00214628j,  2.09529124e-02-0.02160793j,
            1.82797662e-01-0.12862004j,  8.01463222e-01-0.55388377j]],
         input_dims=(2, 2), output_dims=(2, 2))"
"Operator([[ 8.01463222e-01-0.55388377j, -2.02467462e-01-0.09468382j,
            8.04023575e-03+0.02900486j,  9.35544790e-04-0.00213688j],
          [ 9.99257593e-02-0.19993234j,  9.37415224e-01-0.05797781j,
           -1.96657344e-01-0.16838389j,  8.04023575e-03+0.02900486j],
          [-6.51874326e-03-0.02938424j,  1.73449473e-01-0.19220438j,
            9.37415224e-01-0.05797781j, -2.02467462e-01-0.09468382j],
          [-2.05731387e-03-0.00109953j, -6.51874326e-03-0.02938424j,
            9.99257593e-02-0.19993234j,  8.01463222e-01-0.55388377j]],
         input_dims=(2, 2), output_dims=(2, 2))"
"Operator([[ 0.80146322-5.53883774e-01j, -0.19177578-1.14804829e-01j,
            0.00199834+3.00322146e-02j,  0.00153574-1.75585086e-03j],
          [ 0.07905165-2.09066820e-01j,  0.93741522-5.79778138e-02j,
           -0.17849253-1.87530430e-01j,  0.00199834+3.00322146e-02j],
          [-0.01233567-2.74546614e-02j,  0.15298011-2.08864385e-01j,
            0.93741522-5.79778138e-02j, -0.19177578-1.14804829e-01j],
          [-0.00229295-4.28790887e-04j, -0.01233567-2.74546614e-02j,
            0.07905165-2.09066820e-01j,  0.80146322-5.53883774e-01j]],
         input_dims=(2, 2), output_dims=(2, 2))"
"Operator([[ 0.80146322-5.53883774e-01j, -0.19229999-1.13924589e-01j,
            0.00227357+3.00126334e-02j,  0.00151145-1.77680215e-03j],
          [ 0.08000911-2.08702279e-01j,  0.93741522-5.79778138e-02j,
           -0.17935023-1.86710311e-01j,  0.00227357+3.00126334e-02j],
          [-0.01208347-2.75665916e-02j,  0.15393586-2.08160983e-01j,
            0.93741522-5.79778138e-02j, -0.19229999-1.13924589e-01j],
          [-0.00228684-4.60279820e-04j, -0.01208347-2.75665916e-02j,
            0.08000911-2.08702279e-01j,  0.80146322-5.53883774e-01j]],
         input_dims=(2, 2), output_dims=(2, 2))"
"Operator([[ 8.01463222e-01-0.55388377j, -2.14348137e-01-0.06334805j,
            1.62564853e-02+0.02533089j, -8.75898778e-05-0.00233106j],
          [ 1.28695041e-01-0.18274486j,  9.37415224e-01-0.05797781j,
           -2.19622438e-01-0.1370884j ,  1.62564853e-02+0.02533089j],
          [ 2.46058033e-03-0.02999788j,  2.00236901e-01-0.16411102j,
            9.37415224e-01-0.05797781j, -2.14348137e-01-0.06334805j],
          [-1.37381751e-03-0.00188524j,  2.46058033e-03-0.02999788j,
            1.28695041e-01-0.18274486j,  8.01463222e-01-0.55388377j]],
         input_dims=(2, 2), output_dims=(2, 2))"
"Operator([[ 0.80146322-0.55388377j, -0.19040945+0.117057j  ,
            0.02346252-0.01885305j, -0.00129461+0.00194048j],
          [ 0.22194108-0.02646237j,  0.93741522-0.05797781j,
           -0.24877497+0.07168164j,  0.02346252-0.01885305j],
          [ 0.02956732+0.00563037j,  0.25591141+0.03919945j,
            0.93741522-0.05797781j, -0.19040945+0.117057j  ],
          [ 0.00221782+0.00072304j,  0.02956732+0.00563037j,
            0.22194108-0.02646237j,  0.80146322-0.55388377j]],
         input_dims=(2, 2), output_dims=(2, 2))"
"Operator([[ 8.01463222e-01-0.55388377j, -1.74414250e-01+0.13977757j,
            1.80978826e-02-0.02404982j, -4.98034726e-04+0.00227892j],
          [ 2.23509422e-01+0.00127949j,  9.37415224e-01-0.05797781j,
           -2.37958731e-01+0.10199454j,  1.80978826e-02-0.02404982j],
          [ 2.72705765e-02+0.01273746j,  2.49070253e-01+0.07064881j,
            9.37415224e-01-0.05797781j, -1.74414250e-01+0.13977757j],
          [ 1.80155423e-03+0.00148186j,  2.72705765e-02+0.01273746j,
            2.23509422e-01+0.00127949j,  8.01463222e-01-0.55388377j]],
         input_dims=(2, 2), output_dims=(2, 2))"
