unitary
"Operator([[ 9.20523801e-01-0.36357189j,  2.95292899e-02+0.13941656j,
           -1.17829369e-02+0.00181407j, -1.18990440e-04-0.00056265j],
          [ 2.95292899e-02+0.13941656j,  9.75113011e-01-0.03950844j,
            6.76696943e-03+0.16461113j, -1.17829369e-02+0.00181407j],
          [-1.17829369e-02+0.00181407j,  6.76696943e-03+0.16461113j,
            9.75113011e-01-0.03950844j,  2.95292899e-02+0.13941656j],
          [-1.18990440e-04-0.00056265j, -1.17829369e-02+0.00181407j,
            2.95292899e-02+0.13941656j,  9.20523801e-01-0.36357189j]],
         input_dims=(2, 2), output_dims=(2, 2))"
"Operator([[ 9.20523801e-01-0.36357189j,  2.95292899e-02+0.13941656j,
           -1.17829369e-02+0.00181407j, -1.18990440e-04-0.00056265j],
          [ 2.95292899e-02+0.13941656j,  9.75113011e-01-0.03950844j,
            6.76696943e-03+0.16461113j, -1.17829369e-02+0.00181407j],
          [-1.17829369e-02+0.00181407j,  6.76696943e-03+0.16461113j,
            9.75113011e-01-0.03950844j,  2.95292899e-02+0.13941656j],
          [-1.18990440e-04-0.00056265j, -1.17829369e-02+0.00181407j,
            2.95292899e-02+0.13941656j,  9.20523801e-01-0.36357189j]],
         input_dims=(2, 2), output_dims=(2, 2))"
"Operator([[ 9.20523801e-01-0.36357189j,  2.95292899e-02+0.13941656j,
           -1.17829369e-02+0.00181407j, -1.18990440e-04-0.00056265j],
          [ 2.95292899e-02+0.13941656j,  9.75113011e-01-0.03950844j,
            6.76696943e-03+0.16461113j, -1.17829369e-02+0.00181407j],
          [-1.17829369e-02+0.00181407j,  6.76696943e-03+0.16461113j,
            9.75113011e-01-0.03950844j,  2.95292899e-02+0.13941656j],
          [-1.18990440e-04-0.00056265j, -1.17829369e-02+0.00181407j,
            2.95292899e-02+0.13941656j,  9.20523801e-01-0.36357189j]],
         input_dims=(2, 2), output_dims=(2, 2))"
"Operator([[ 9.20523801e-01-3.63571888e-01j,
            8.88893572e-02+1.11389573e-01j,
           -5.59423070e-03+1.05277263e-02j,
           -5.74801695e-04+1.84105655e-05j],
          [-3.60962661e-02+1.37862303e-01j,
            9.75113011e-01-3.95084415e-02j,
            7.98352245e-02+1.44114370e-01j,
           -5.59423070e-03+1.05277263e-02j],
          [-8.50175217e-03-8.35755033e-03j,
           -6.77370930e-02+1.50180894e-01j,
            9.75113011e-01-3.95084415e-02j,
            8.88893572e-02+1.11389573e-01j],
          [ 5.33041081e-04-2.15877613e-04j,
           -8.50175217e-03-8.35755033e-03j,
           -3.60962661e-02+1.37862303e-01j,
            9.20523801e-01-3.63571888e-01j]],
         input_dims=(2, 2), output_dims=(2, 2))"
"Operator([[ 9.20523801e-01-0.36357189j,  2.95292899e-02+0.13941656j,
           -1.17829369e-02+0.00181407j, -1.18990440e-04-0.00056265j],
          [ 2.95292899e-02+0.13941656j,  9.75113011e-01-0.03950844j,
            6.76696943e-03+0.16461113j, -1.17829369e-02+0.00181407j],
          [-1.17829369e-02+0.00181407j,  6.76696943e-03+0.16461113j,
            9.75113011e-01-0.03950844j,  2.95292899e-02+0.13941656j],
          [-1.18990440e-04-0.00056265j, -1.17829369e-02+0.00181407j,
            2.95292899e-02+0.13941656j,  9.20523801e-01-0.36357189j]],
         input_dims=(2, 2), output_dims=(2, 2))"
"Operator([[ 9.20523801e-01-0.36357189j,  2.95292899e-02+0.13941656j,
           -1.17829369e-02+0.00181407j, -1.18990440e-04-0.00056265j],
          [ 2.95292899e-02+0.13941656j,  9.75113011e-01-0.03950844j,
            6.76696943e-03+0.16461113j, -1.17829369e-02+0.00181407j],
          [-1.17829369e-02+0.00181407j,  6.76696943e-03+0.16461113j,
            9.75113011e-01-0.03950844j,  2.95292899e-02+0.13941656j],
          [-1.18990440e-04-0.00056265j, -1.17829369e-02+0.00181407j,
            2.95292899e-02+0.13941656j,  9.20523801e-01-0.36357189j]],
         input_dims=(2, 2), output_dims=(2, 2))"
"Operator([[ 9.20523801e-01-0.36357189j, -8.82032923e-04-0.14250676j,
           -1.15443104e-02-0.00297613j, -2.23521744e-04+0.00052988j],
          [-5.69694119e-02-0.13062711j,  9.75113011e-01-0.03950844j,
            2.64829312e-02-0.16260772j, -1.15443104e-02-0.00297613j],
          [-1.01145438e-02+0.00631066j, -3.97402414e-02-0.15988536j,
            9.75113011e-01-0.03950844j, -8.82032923e-04-0.14250676j],
          [ 4.18909422e-04+0.00039402j, -1.01145438e-02+0.00631066j,
           -5.69694119e-02-0.13062711j,  9.20523801e-01-0.36357189j]],
         input_dims=(2, 2), output_dims=(2, 2))"
"Operator([[ 9.20523801e-01-0.36357189j, -5.20991150e-02-0.13264478j,
           -1.05533592e-02+0.00554572j,  3.72692916e-04+0.00043799j],
          [-6.15212364e-03-0.14237664j,  9.75113011e-01-0.03950844j,
           -3.37995995e-02-0.16124578j, -1.05533592e-02+0.00554572j],
          [-1.17327236e-02-0.00211462j,  2.04506720e-02-0.16347595j,
            9.75113011e-01-0.03950844j, -5.20991150e-02-0.13264478j],
          [-1.63459964e-04+0.00055138j, -1.17327236e-02-0.00211462j,
           -6.15212364e-03-0.14237664j,  9.20523801e-01-0.36357189j]],
         input_dims=(2, 2), output_dims=(2, 2))"
"Operator([[ 9.20523801e-01-3.63571888e-01j,
           -1.42473883e-01-3.18551937e-03j,
            1.13556933e-02+3.62996808e-03j,
           -5.08822096e-04-2.68022410e-04j],
          [ 1.28947968e-01-6.06743484e-02j,
            9.75113011e-01-3.95084415e-02j,
           -1.61785643e-01-3.11130244e-02j,
            1.13556933e-02+3.62996808e-03j],
          [ 9.73799597e-03-6.87749024e-03j,
            1.58686028e-01-4.42872372e-02j,
            9.75113011e-01-3.95084415e-02j,
           -1.42473883e-01-3.18551937e-03j],
          [ 3.56746535e-04-4.51074105e-04j,
            9.73799597e-03-6.87749024e-03j,
            1.28947968e-01-6.06743484e-02j,
            9.20523801e-01-3.63571888e-01j]],
         input_dims=(2, 2), output_dims=(2, 2))"
"Operator([[ 9.20523801e-01-3.63571888e-01j,
           -1.40770857e-01+2.21928061e-02j,
            1.19080063e-02-5.72558111e-04j,
           -5.74338669e-04+2.95132350e-05j],
          [ 1.37680173e-01-3.67848467e-02j,
            9.75113011e-01-3.95084415e-02j,
           -1.64739694e-01-1.85681904e-03j,
            1.19080063e-02-5.72558111e-04j],
          [ 1.15287880e-02-3.03570160e-03j,
            1.64031429e-01-1.53722125e-02j,
            9.75113011e-01-3.95084415e-02j,
           -1.40770857e-01+2.21928061e-02j],
          [ 5.37112681e-04-2.05538089e-04j,
            1.15287880e-02-3.03570160e-03j,
            1.37680173e-01-3.67848467e-02j,
            9.20523801e-01-3.63571888e-01j]],
         input_dims=(2, 2), output_dims=(2, 2))"
"Operator([[ 9.20523801e-01-3.63571888e-01j,
           -1.40411276e-01+2.43644948e-02j,
            1.18846391e-02-9.40101389e-04j,
           -5.72354981e-04+5.60866641e-05j],
          [ 1.38231924e-01-3.46538607e-02j,
            9.75113011e-01-3.95084415e-02j,
           -1.64748722e-01+6.87959532e-04j,
            1.18846391e-02-9.40101389e-04j],
          [ 1.16170543e-02-2.67814999e-03j,
            1.64249299e-01-1.28367615e-02j,
            9.75113011e-01-3.95084415e-02j,
           -1.40411276e-01+2.43644948e-02j],
          [ 5.46057245e-04-1.80436756e-04j,
            1.16170543e-02-2.67814999e-03j,
            1.38231924e-01-3.46538607e-02j,
            9.20523801e-01-3.63571888e-01j]],
         input_dims=(2, 2), output_dims=(2, 2))"
"Operator([[ 9.20523801e-01-0.36357189j,  2.95292899e-02+0.13941656j,
           -1.17829369e-02+0.00181407j, -1.18990440e-04-0.00056265j],
          [ 2.95292899e-02+0.13941656j,  9.75113011e-01-0.03950844j,
            6.76696943e-03+0.16461113j, -1.17829369e-02+0.00181407j],
          [-1.17829369e-02+0.00181407j,  6.76696943e-03+0.16461113j,
            9.75113011e-01-0.03950844j,  2.95292899e-02+0.13941656j],
          [-1.18990440e-04-0.00056265j, -1.17829369e-02+0.00181407j,
            2.95292899e-02+0.13941656j,  9.20523801e-01-0.36357189j]],
         input_dims=(2, 2), output_dims=(2, 2))"
