unitary
"Operator([[ 0.36987224-0.83919507j,  0.38567648-0.00280561j,
            0.06960119+0.07162092j,  0.00452895+0.01405531j],
          [-0.11620847+0.36776325j,  0.79549348-0.07168081j,
            0.39133409+0.22401229j,  0.06960119+0.07162092j],
          [-0.01437416-0.09882948j, -0.3337268 +0.30323307j,
            0.79549348-0.07168081j,  0.38567648-0.00280561j],
          [ 0.01194706+0.00867935j, -0.01437416-0.09882948j,
           -0.11620847+0.36776325j,  0.36987224-0.83919507j]],
         input_dims=(2, 2), output_dims=(2, 2))"
"Operator([[ 0.36987224-0.83919507j,  0.22909293+0.31027511j,
           -0.08958706+0.04413662j, -0.00866545-0.01195714j],
          [ 0.22909293+0.31027511j,  0.79549348-0.07168081j,
            0.04897584+0.44824686j, -0.08958706+0.04413662j],
          [-0.08958706+0.04413662j,  0.04897584+0.44824686j,
            0.79549348-0.07168081j,  0.22909293+0.31027511j],
          [-0.00866545-0.01195714j, -0.08958706+0.04413662j,
            0.22909293+0.31027511j,  0.36987224-0.83919507j]],
         input_dims=(2, 2), output_dims=(2, 2))"
"Operator([[ 0.36987224-0.83919507j,  0.22909293+0.31027511j,
           -0.08958706+0.04413662j, -0.00866545-0.01195714j],
          [ 0.22909293+0.31027511j,  0.79549348-0.07168081j,
            0.04897584+0.44824686j, -0.08958706+0.04413662j],
          [-0.08958706+0.04413662j,  0.04897584+0.44824686j,
            0.79549348-0.07168081j,  0.22909293+0.31027511j],
          [-0.00866545-0.01195714j, -0.08958706+0.04413662j,
            0.22909293+0.31027511j,  0.36987224-0.83919507j]],
         input_dims=(2, 2), output_dims=(2, 2))"
"Operator([[ 0.36987224-0.83919507j, -0.36631152-0.12070663j,
            0.01194774+0.09915207j,  0.00911262-0.01161996j],
          [-0.00753181-0.38561314j,  0.79549348-0.07168081j,
           -0.29912053-0.33741782j,  0.01194774+0.09915207j],
          [-0.07133556-0.06989363j,  0.21919972-0.39404994j,
            0.79549348-0.07168081j, -0.36631152-0.12070663j],
          [-0.01387934+0.00504253j, -0.07133556-0.06989363j,
           -0.00753181-0.38561314j,  0.36987224-0.83919507j]],
         input_dims=(2, 2), output_dims=(2, 2))"
