unitary
"Operator([[ 0.62259735-7.18540202e-01j, -0.05957106+2.98488427e-01j,
           -0.03159333-4.88830288e-02j,  0.00638323-1.89159560e-04j],
          [ 0.27701481+1.26122354e-01j,  0.87971529-7.02482895e-02j,
           -0.19481805+2.95263239e-01j, -0.03159333-4.88830288e-02j],
          [ 0.00657796+5.78309540e-02j,  0.24300754+2.57063781e-01j,
            0.87971529-7.02482895e-02j, -0.05957106+2.98488427e-01j],
          [-0.00392117+5.04041740e-03j,  0.00657796+5.78309540e-02j,
            0.27701481+1.26122354e-01j,  0.62259735-7.18540202e-01j]],
         input_dims=(2, 2), output_dims=(2, 2))"
"Operator([[ 0.62259735-0.7185402j ,  0.13873702+0.27091713j,
           -0.05480338+0.01960301j, -0.00289008-0.00569463j],
          [ 0.13873702+0.27091713j,  0.87971529-0.07024829j,
            0.03074665+0.35240473j, -0.05480338+0.01960301j],
          [-0.05480338+0.01960301j,  0.03074665+0.35240473j,
            0.87971529-0.07024829j,  0.13873702+0.27091713j],
          [-0.00289008-0.00569463j, -0.05480338+0.01960301j,
            0.13873702+0.27091713j,  0.62259735-0.7185402j ]],
         input_dims=(2, 2), output_dims=(2, 2))"
"Operator([[ 0.62259735-0.7185402j ,  0.13873702+0.27091713j,
           -0.05480338+0.01960301j, -0.00289008-0.00569463j],
          [ 0.13873702+0.27091713j,  0.87971529-0.07024829j,
            0.03074665+0.35240473j, -0.05480338+0.01960301j],
          [-0.05480338+0.01960301j,  0.03074665+0.35240473j,
            0.87971529-0.07024829j,  0.13873702+0.27091713j],
          [-0.00289008-0.00569463j, -0.05480338+0.01960301j,
            0.13873702+0.27091713j,  0.62259735-0.7185402j ]],
         input_dims=(2, 2), output_dims=(2, 2))"
"Operator([[ 6.22597347e-01-0.7185402j ,  3.03185586e-01-0.02688033j,
            5.29973417e-02+0.02406181j,  4.94577463e-03+0.00403989j],
          [-1.99015399e-01+0.23029747j,  8.79715286e-01-0.07024829j,
            3.38170573e-01+0.10380326j,  5.29973417e-02+0.02406181j],
          [ 2.57129082e-02-0.05221623j, -3.15084564e-01+0.16079854j,
            8.79715286e-01-0.07024829j,  3.03185586e-01-0.02688033j],
          [ 3.40855042e-04+0.00637693j,  2.57129082e-02-0.05221623j,
           -1.99015399e-01+0.23029747j,  6.22597347e-01-0.7185402j ]],
         input_dims=(2, 2), output_dims=(2, 2))"
"Operator([[ 0.62259735-0.7185402j ,  0.13873702+0.27091713j,
           -0.05480338+0.01960301j, -0.00289008-0.00569463j],
          [ 0.13873702+0.27091713j,  0.87971529-0.07024829j,
            0.03074665+0.35240473j, -0.05480338+0.01960301j],
          [-0.05480338+0.01960301j,  0.03074665+0.35240473j,
            0.87971529-0.07024829j,  0.13873702+0.27091713j],
          [-0.00289008-0.00569463j, -0.05480338+0.01960301j,
            0.13873702+0.27091713j,  0.62259735-0.7185402j ]],
         input_dims=(2, 2), output_dims=(2, 2))"
"Operator([[ 0.62259735-0.7185402j , -0.26272189+0.15369209j,
            0.05226729-0.02560897j, -0.00513081+0.00380213j],
          [ 0.27826193-0.12334646j,  0.87971529-0.07024829j,
           -0.35012965+0.05043495j,  0.05226729-0.02560897j],
          [ 0.05665189-0.0133511j ,  0.3535736 -0.01096183j,
            0.87971529-0.07024829j, -0.26272189+0.15369209j],
          [ 0.00609791-0.00189655j,  0.05665189-0.0133511j ,
            0.27826193-0.12334646j,  0.62259735-0.7185402j ]],
         input_dims=(2, 2), output_dims=(2, 2))"
"Operator([[ 0.62259735-0.7185402j ,  0.13873702+0.27091713j,
           -0.05480338+0.01960301j, -0.00289008-0.00569463j],
          [ 0.13873702+0.27091713j,  0.87971529-0.07024829j,
            0.03074665+0.35240473j, -0.05480338+0.01960301j],
          [-0.05480338+0.01960301j,  0.03074665+0.35240473j,
            0.87971529-0.07024829j,  0.13873702+0.27091713j],
          [-0.00289008-0.00569463j, -0.05480338+0.01960301j,
            0.13873702+0.27091713j,  0.62259735-0.7185402j ]],
         input_dims=(2, 2), output_dims=(2, 2))"
"Operator([[ 6.22597347e-01-0.7185402j , -3.03761086e-01+0.01931979j,
            5.17332106e-02+0.0266714j , -4.63032373e-03-0.0043979j ],
          [ 1.93217052e-01-0.23518338j,  8.79715286e-01-0.07024829j,
           -3.35479955e-01-0.11219471j,  5.17332106e-02+0.0266714j ],
          [ 2.30804460e-02-0.05343203j,  3.10981386e-01-0.16859725j,
            8.79715286e-01-0.07024829j, -3.03761086e-01+0.01931979j],
          [-8.16047507e-04-0.00633368j,  2.30804460e-02-0.05343203j,
            1.93217052e-01-0.23518338j,  6.22597347e-01-0.7185402j ]],
         input_dims=(2, 2), output_dims=(2, 2))"
