unitary
"Operator([[-0.10434541-0.84554544j,  0.38523091+0.29851004j,
           -0.15202518+0.10906831j, -0.03056637-0.0266832j ],
          [ 0.39420523+0.28655425j,  0.62417754-0.03862586j,
            0.0662733 +0.5761941j , -0.15202518+0.10906831j],
          [-0.14505188+0.1181842j ,  0.08391448+0.57389037j,
            0.62417754-0.03862586j,  0.38523091+0.29851004j],
          [-0.03288914-0.02376133j, -0.14505188+0.1181842j ,
            0.39420523+0.28655425j, -0.10434541-0.84554544j]],
         input_dims=(2, 2), output_dims=(2, 2))"
"Operator([[-0.10434541-0.84554544j, -0.14774268-0.46441705j,
           -0.15601277-0.10328392j, -0.03318113+0.02335184j],
          [-0.48719873-0.01218588j,  0.62417754-0.03862586j,
            0.27246851-0.5120085j , -0.15601277-0.10328392j],
          [ 0.05885633+0.17760486j, -0.39481394-0.4248691j ,
            0.62417754-0.03862586j, -0.14774268-0.46441705j],
          [ 0.01526724-0.03759266j,  0.05885633+0.17760486j,
           -0.48719873-0.01218588j, -0.10434541-0.84554544j]],
         input_dims=(2, 2), output_dims=(2, 2))"
"Operator([[-0.10434541-0.84554544j,  0.38976391+0.29256656j,
           -0.14860844+0.11367974j, -0.03176137-0.02524899j],
          [ 0.38976391+0.29256656j,  0.62417754-0.03862586j,
            0.07510273+0.57510988j, -0.14860844+0.11367974j],
          [-0.14860844+0.11367974j,  0.07510273+0.57510988j,
            0.62417754-0.03862586j,  0.38976391+0.29256656j],
          [-0.03176137-0.02524899j, -0.14860844+0.11367974j,
            0.38976391+0.29256656j, -0.10434541-0.84554544j]],
         input_dims=(2, 2), output_dims=(2, 2))"
"Operator([[-0.10434541-0.84554544j,  0.38976391+0.29256656j,
           -0.14860844+0.11367974j, -0.03176137-0.02524899j],
          [ 0.38976391+0.29256656j,  0.62417754-0.03862586j,
            0.07510273+0.57510988j, -0.14860844+0.11367974j],
          [-0.14860844+0.11367974j,  0.07510273+0.57510988j,
            0.62417754-0.03862586j,  0.38976391+0.29256656j],
          [-0.03176137-0.02524899j, -0.14860844+0.11367974j,
            0.38976391+0.29256656j, -0.10434541-0.84554544j]],
         input_dims=(2, 2), output_dims=(2, 2))"
"Operator([[-0.10434541-0.84554544j, -0.48714926-0.01402496j,
            0.05751374+0.17804416j,  0.01569199-0.03741735j],
          [-0.1494948 -0.46385602j,  0.62417754-0.03862586j,
           -0.39320724-0.42635649j,  0.05751374+0.17804416j],
          [-0.15678811-0.10210309j,  0.27053374-0.51303342j,
            0.62417754-0.03862586j, -0.48714926-0.01402496j],
          [-0.03291455+0.02372611j, -0.15678811-0.10210309j,
           -0.1494948 -0.46385602j, -0.10434541-0.84554544j]],
         input_dims=(2, 2), output_dims=(2, 2))"
"Operator([[-0.10434541-0.84554544j,  0.46885496-0.13298918j,
            0.14917492+0.11293536j,  0.02010464+0.03524344j],
          [ 0.00321998+0.48734047j,  0.62417754-0.03862586j,
            0.50314025+0.28851634j,  0.14917492+0.11293536j],
          [-0.06996086-0.17353106j, -0.4121772 +0.40804626j,
            0.62417754-0.03862586j,  0.46885496-0.13298918j],
          [ 0.03886952+0.01163859j, -0.06996086-0.17353106j,
            0.00321998+0.48734047j, -0.10434541-0.84554544j]],
         input_dims=(2, 2), output_dims=(2, 2))"
"Operator([[-0.10434541-0.84554544j, -0.43553272+0.21868321j,
            0.18031838+0.04992829j, -0.03588475-0.01893624j],
          [ 0.08837008-0.47927218j,  0.62417754-0.03862586j,
           -0.54837543-0.18888141j,  0.18031838+0.04992829j],
          [-0.00099943-0.18710038j,  0.48148144-0.32336885j,
            0.62417754-0.03862586j, -0.43553272+0.21868321j],
          [-0.02654116-0.03068979j, -0.00099943-0.18710038j,
            0.08837008-0.47927218j, -0.10434541-0.84554544j]],
         input_dims=(2, 2), output_dims=(2, 2))"
