unitary
"Operator([[-0.60522005-0.48632716j,  0.52673153+0.11560201j,
           -0.19033372+0.24549619j, -0.09491548-0.02967172j],
          [ 0.52673153+0.11560201j,  0.39143586+0.06411884j,
            0.0737448 +0.67076316j, -0.19033372+0.24549619j],
          [-0.19033372+0.24549619j,  0.0737448 +0.67076316j,
            0.39143586+0.06411884j,  0.52673153+0.11560201j],
          [-0.09491548-0.02967172j, -0.19033372+0.24549619j,
            0.52673153+0.11560201j, -0.60522005-0.48632716j]],
         input_dims=(2, 2), output_dims=(2, 2))"
"Operator([[-0.60522005-0.48632716j, -0.21779015-0.49333293j,
           -0.17643874-0.25566517j, -0.09942215+0.00214365j],
          [-0.40436656+0.35678791j,  0.39143586+0.06411884j,
            0.4977383 -0.45565129j, -0.17643874-0.25566517j],
          [ 0.29156205+0.10717683j, -0.58484306-0.33663051j,
            0.39143586+0.06411884j, -0.21779015-0.49333293j],
          [-0.08049888-0.05838913j,  0.29156205+0.10717683j,
           -0.40436656+0.35678791j, -0.60522005-0.48632716j]],
         input_dims=(2, 2), output_dims=(2, 2))"
"Operator([[-0.60522005-0.48632716j,  0.29298115+0.4527383j ,
           -0.24738833-0.18786782j,  0.08739414-0.04745129j],
          [ 0.45564713-0.28843651j,  0.39143586+0.06411884j,
           -0.41951667+0.52855205j, -0.24738833-0.18786782j],
          [ 0.24357948+0.19278056j,  0.52432802+0.42478422j,
            0.39143586+0.06411884j,  0.29298115+0.4527383j ],
          [ 0.04480693+0.08877893j,  0.24357948+0.19278056j,
            0.45564713-0.28843651j, -0.60522005-0.48632716j]],
         input_dims=(2, 2), output_dims=(2, 2))"
"Operator([[-0.60522005-0.48632716j,  0.52673153+0.11560201j,
           -0.19033372+0.24549619j, -0.09491548-0.02967172j],
          [ 0.52673153+0.11560201j,  0.39143586+0.06411884j,
            0.0737448 +0.67076316j, -0.19033372+0.24549619j],
          [-0.19033372+0.24549619j,  0.0737448 +0.67076316j,
            0.39143586+0.06411884j,  0.52673153+0.11560201j],
          [-0.09491548-0.02967172j, -0.19033372+0.24549619j,
            0.52673153+0.11560201j, -0.60522005-0.48632716j]],
         input_dims=(2, 2), output_dims=(2, 2))"
"Operator([[-0.60522005-0.48632716j, -0.41036763+0.34986902j,
            0.28775398+0.11701688j, -0.07742066-0.06241315j],
          [-0.2261371 -0.48956301j,  0.39143586+0.06411884j,
           -0.57904166-0.34651446j,  0.28775398+0.11701688j],
          [-0.18501972-0.24952557j,  0.48992811-0.46403875j,
            0.39143586+0.06411884j, -0.41036763+0.34986902j],
          [-0.09918395+0.00720443j, -0.18501972-0.24952557j,
           -0.2261371 -0.48956301j, -0.60522005-0.48632716j]],
         input_dims=(2, 2), output_dims=(2, 2))"
"Operator([[-0.60522005-0.48632716j, -0.16300134-0.51404327j,
           -0.11715912-0.2876961j , -0.09487206-0.02981026j],
          [-0.36328613+0.39853872j,  0.39143586+0.06411884j,
            0.54421976-0.39898165j, -0.11715912-0.2876961j ],
          [ 0.30781362+0.04178616j, -0.6179024 -0.27121603j,
            0.39143586+0.06411884j, -0.16300134-0.51404327j],
          [-0.0949587 -0.02953312j,  0.30781362+0.04178616j,
           -0.36328613+0.39853872j, -0.60522005-0.48632716j]],
         input_dims=(2, 2), output_dims=(2, 2))"
