unitary
"Operator([[-0.23744318-0.79843555j,  0.27687276+0.42500977j,
           -0.21189006-0.03611942j,  0.01703922-0.04834505j],
          [ 0.50395208+0.05765527j,  0.57085573-0.02059512j,
           -0.18497098+0.57964772j, -0.21189006-0.03611942j],
          [ 0.0041581 +0.2149063j ,  0.32864209+0.5120548j ,
            0.57085573-0.02059512j,  0.27687276+0.42500977j],
          [-0.03823783+0.03413864j,  0.0041581 +0.2149063j ,
            0.50395208+0.05765527j, -0.23744318-0.79843555j]],
         input_dims=(2, 2), output_dims=(2, 2))"
"Operator([[-0.23744318-0.79843555j, -0.22840815-0.45290346j,
           -0.19885225-0.08160754j, -0.03182148+0.04018671j],
          [-0.50723611-0.00183331j,  0.57085573-0.02059512j,
            0.24765067-0.55576513j, -0.19885225-0.08160754j],
          [ 0.05108069+0.20878882j, -0.38300859-0.47276861j,
            0.57085573-0.02059512j, -0.22840815-0.45290346j],
          [ 0.02507244-0.04470963j,  0.05108069+0.20878882j,
           -0.50723611-0.00183331j, -0.23744318-0.79843555j]],
         input_dims=(2, 2), output_dims=(2, 2))"
"Operator([[-0.23744318-0.79843555j,  0.43146169+0.26670703j,
           -0.16291599+0.14021551j, -0.0425821 -0.0285367j ],
          [ 0.43146169+0.26670703j,  0.57085573-0.02059512j,
            0.07938859+0.60324389j, -0.16291599+0.14021551j],
          [-0.16291599+0.14021551j,  0.07938859+0.60324389j,
            0.57085573-0.02059512j,  0.43146169+0.26670703j],
          [-0.0425821 -0.0285367j , -0.16291599+0.14021551j,
            0.43146169+0.26670703j, -0.23744318-0.79843555j]],
         input_dims=(2, 2), output_dims=(2, 2))"
"Operator([[-0.23744318-0.79843555j,  0.43146169+0.26670703j,
           -0.16291599+0.14021551j, -0.0425821 -0.0285367j ],
          [ 0.43146169+0.26670703j,  0.57085573-0.02059512j,
            0.07938859+0.60324389j, -0.16291599+0.14021551j],
          [-0.16291599+0.14021551j,  0.07938859+0.60324389j,
            0.57085573-0.02059512j,  0.43146169+0.26670703j],
          [-0.0425821 -0.0285367j , -0.16291599+0.14021551j,
            0.43146169+0.26670703j, -0.23744318-0.79843555j]],
         input_dims=(2, 2), output_dims=(2, 2))"
"Operator([[-0.23744318-0.79843555j,  0.43146169+0.26670703j,
           -0.16291599+0.14021551j, -0.0425821 -0.0285367j ],
          [ 0.43146169+0.26670703j,  0.57085573-0.02059512j,
            0.07938859+0.60324389j, -0.16291599+0.14021551j],
          [-0.16291599+0.14021551j,  0.07938859+0.60324389j,
            0.57085573-0.02059512j,  0.43146169+0.26670703j],
          [-0.0425821 -0.0285367j , -0.16291599+0.14021551j,
            0.43146169+0.26670703j, -0.23744318-0.79843555j]],
         input_dims=(2, 2), output_dims=(2, 2))"
"Operator([[-0.23744318-0.79843555j,  0.43146169+0.26670703j,
           -0.16291599+0.14021551j, -0.0425821 -0.0285367j ],
          [ 0.43146169+0.26670703j,  0.57085573-0.02059512j,
            0.07938859+0.60324389j, -0.16291599+0.14021551j],
          [-0.16291599+0.14021551j,  0.07938859+0.60324389j,
            0.57085573-0.02059512j,  0.43146169+0.26670703j],
          [-0.0425821 -0.0285367j , -0.16291599+0.14021551j,
            0.43146169+0.26670703j, -0.23744318-0.79843555j]],
         input_dims=(2, 2), output_dims=(2, 2))"
"Operator([[-0.23744318-0.79843555j,  0.43146169+0.26670703j,
           -0.16291599+0.14021551j, -0.0425821 -0.0285367j ],
          [ 0.43146169+0.26670703j,  0.57085573-0.02059512j,
            0.07938859+0.60324389j, -0.16291599+0.14021551j],
          [-0.16291599+0.14021551j,  0.07938859+0.60324389j,
            0.57085573-0.02059512j,  0.43146169+0.26670703j],
          [-0.0425821 -0.0285367j , -0.16291599+0.14021551j,
            0.43146169+0.26670703j, -0.23744318-0.79843555j]],
         input_dims=(2, 2), output_dims=(2, 2))"
"Operator([[-0.23744318-0.79843555j,  0.21501187+0.45941455j,
           -0.19371926-0.0931389j ,  0.0352338 -0.03723114j],
          [ 0.50707125-0.01306056j,  0.57085573-0.02059512j,
           -0.26386185+0.54825419j, -0.19371926-0.0931389j ],
          [ 0.06324793+0.20543054j,  0.39672454+0.46131917j,
            0.57085573-0.02059512j,  0.21501187+0.45941455j],
          [-0.02104154+0.04674219j,  0.06324793+0.20543054j,
            0.50707125-0.01306056j, -0.23744318-0.79843555j]],
         input_dims=(2, 2), output_dims=(2, 2))"
"Operator([[-0.23744318-0.79843555j,  0.43146169+0.26670703j,
           -0.16291599+0.14021551j, -0.0425821 -0.0285367j ],
          [ 0.43146169+0.26670703j,  0.57085573-0.02059512j,
            0.07938859+0.60324389j, -0.16291599+0.14021551j],
          [-0.16291599+0.14021551j,  0.07938859+0.60324389j,
            0.57085573-0.02059512j,  0.43146169+0.26670703j],
          [-0.0425821 -0.0285367j , -0.16291599+0.14021551j,
            0.43146169+0.26670703j, -0.23744318-0.79843555j]],
         input_dims=(2, 2), output_dims=(2, 2))"
