unitary
"Operator([[ 0.36987224-8.39195068e-01j, -0.3130206 -2.25327152e-01j,
           -0.04711533+8.80569562e-02j,  0.01476606+1.63560237e-04j],
          [-0.12320376-3.65479209e-01j,  0.79549348-7.16808055e-02j,
           -0.18374022-4.11780775e-01j, -0.04711533+8.80569562e-02j],
          [-0.09852977-1.63023703e-02j,  0.09048351-4.41742698e-01j,
            0.79549348-7.16808055e-02j, -0.3130206 -2.25327152e-01j],
          [-0.00444125+1.40832711e-02j, -0.09852977-1.63023703e-02j,
           -0.12320376-3.65479209e-01j,  0.36987224-8.39195068e-01j]],
         input_dims=(2, 2), output_dims=(2, 2))"
"Operator([[ 0.36987224-0.83919507j, -0.37585956+0.08650904j,
            0.09340387+0.03534967j, -0.01216907-0.00836522j],
          [ 0.19331373-0.33374245j,  0.79549348-0.07168081j,
           -0.43064781-0.13366502j,  0.09340387+0.03534967j],
          [ 0.02888944-0.09559959j,  0.39162289-0.22350703j,
            0.79549348-0.07168081j, -0.37585956+0.08650904j],
          [-0.00416132-0.01416851j,  0.02888944-0.09559959j,
            0.19331373-0.33374245j,  0.36987224-0.83919507j]],
         input_dims=(2, 2), output_dims=(2, 2))"
"Operator([[ 0.36987224-0.83919507j, -0.28256558+0.26250888j,
            0.0774676 -0.06302899j, -0.00840911+0.01213879j],
          [ 0.33405403-0.1927748j ,  0.79549348-0.07168081j,
           -0.43990398+0.09903719j,  0.0774676 -0.06302899j],
          [ 0.09718127-0.02301482j,  0.45091126+0.00170594j,
            0.79549348-0.07168081j, -0.28256558+0.26250888j],
          [ 0.01415339-0.00421246j,  0.09718127-0.02301482j,
            0.33405403-0.1927748j ,  0.36987224-0.83919507j]],
         input_dims=(2, 2), output_dims=(2, 2))"
"Operator([[ 0.36987224-0.83919507j, -0.32640016+0.20546813j,
            0.09512698-0.03040953j, -0.01357479+0.00581276j],
          [ 0.29244355-0.25145773j,  0.79549348-0.07168081j,
           -0.45064382+0.01562114j,  0.09512698-0.03040953j],
          [ 0.08207893-0.05689404j,  0.44338453-0.08206118j,
            0.79549348-0.07168081j, -0.32640016+0.20546813j],
          [ 0.00974978-0.01109076j,  0.08207893-0.05689404j,
            0.29244355-0.25145773j,  0.36987224-0.83919507j]],
         input_dims=(2, 2), output_dims=(2, 2))"
"Operator([[ 0.36987224-0.83919507j, -0.35645634+0.14728577j,
            0.0998226 +0.00305453j, -0.01468499-0.00155377j],
          [ 0.24568625-0.29730874j,  0.79549348-0.07168081j,
           -0.44679062-0.06084421j,  0.0998226 +0.00305453j],
          [ 0.05840716-0.08100917j,  0.42311002-0.15589031j,
            0.79549348-0.07168081j, -0.35645634+0.14728577j],
          [ 0.00309489-0.01443901j,  0.05840716-0.08100917j,
            0.24568625-0.29730874j,  0.36987224-0.83919507j]],
         input_dims=(2, 2), output_dims=(2, 2))"
"Operator([[ 0.36987224-0.83919507j,  0.22909293+0.31027511j,
           -0.08958706+0.04413662j, -0.00866545-0.01195714j],
          [ 0.22909293+0.31027511j,  0.79549348-0.07168081j,
            0.04897584+0.44824686j, -0.08958706+0.04413662j],
          [-0.08958706+0.04413662j,  0.04897584+0.44824686j,
            0.79549348-0.07168081j,  0.22909293+0.31027511j],
          [-0.00866545-0.01195714j, -0.08958706+0.04413662j,
            0.22909293+0.31027511j,  0.36987224-0.83919507j]],
         input_dims=(2, 2), output_dims=(2, 2))"
"Operator([[ 0.36987224-0.83919507j,  0.22909293+0.31027511j,
           -0.08958706+0.04413662j, -0.00866545-0.01195714j],
          [ 0.22909293+0.31027511j,  0.79549348-0.07168081j,
            0.04897584+0.44824686j, -0.08958706+0.04413662j],
          [-0.08958706+0.04413662j,  0.04897584+0.44824686j,
            0.79549348-0.07168081j,  0.22909293+0.31027511j],
          [-0.00866545-0.01195714j, -0.08958706+0.04413662j,
            0.22909293+0.31027511j,  0.36987224-0.83919507j]],
         input_dims=(2, 2), output_dims=(2, 2))"
"Operator([[ 0.36987224-0.83919507j,  0.22909293+0.31027511j,
           -0.08958706+0.04413662j, -0.00866545-0.01195714j],
          [ 0.22909293+0.31027511j,  0.79549348-0.07168081j,
            0.04897584+0.44824686j, -0.08958706+0.04413662j],
          [-0.08958706+0.04413662j,  0.04897584+0.44824686j,
            0.79549348-0.07168081j,  0.22909293+0.31027511j],
          [-0.00866545-0.01195714j, -0.08958706+0.04413662j,
            0.22909293+0.31027511j,  0.36987224-0.83919507j]],
         input_dims=(2, 2), output_dims=(2, 2))"
"Operator([[ 0.36987224-0.83919507j,  0.38464574-0.02831743j,
            0.07844851+0.06180382j,  0.00721349+0.01288522j],
          [-0.14028658+0.35926855j,  0.79549348-0.07168081j,
            0.40529817+0.19762913j,  0.07844851+0.06180382j],
          [-0.00119902-0.09986213j, -0.35305869+0.28048786j,
            0.79549348-0.07168081j,  0.38464574-0.02831743j],
          [ 0.0099994 +0.01086624j, -0.00119902-0.09986213j,
           -0.14028658+0.35926855j,  0.36987224-0.83919507j]],
         input_dims=(2, 2), output_dims=(2, 2))"
"Operator([[ 0.36987224-0.83919507j, -0.32630518+0.20561893j,
            0.09509884-0.03049743j, -0.01356672+0.00583158j],
          [ 0.29255972-0.25132256j,  0.79549348-0.07168081j,
           -0.45063656+0.01582937j,  0.09509884-0.03049743j],
          [ 0.08213147-0.05681816j,  0.4434224 -0.08185629j,
            0.79549348-0.07168081j, -0.32630518+0.20561893j],
          [ 0.00976515-0.01107724j,  0.08213147-0.05681816j,
            0.29255972-0.25132256j,  0.36987224-0.83919507j]],
         input_dims=(2, 2), output_dims=(2, 2))"
