unitary
"Operator([[ 9.32123565e-01-3.37152602e-01j,
           -1.11257085e-01-7.06539232e-02j,
            1.97082765e-03+9.97879797e-03j,
            2.21833209e-04-3.94677712e-04j],
          [ 7.65539866e-02-1.07282818e-01j,
            9.78758589e-01-3.67612587e-02j,
           -1.14487654e-01-1.00494949e-01j,
            1.97082765e-03+9.97879797e-03j],
          [-8.84089688e-04-1.01330625e-02j,
            1.06525852e-01-1.08898580e-01j,
            9.78758589e-01-3.67612587e-02j,
           -1.11257085e-01-7.06539232e-02j],
          [-3.53745173e-04-2.82568260e-04j,
           -8.84089688e-04-1.01330625e-02j,
            7.65539866e-02-1.07282818e-01j,
            9.32123565e-01-3.37152602e-01j]],
         input_dims=(2, 2), output_dims=(2, 2))"
"Operator([[ 9.32123565e-01-0.3371526j , -1.24747710e-01-0.04252205j,
            6.31284211e-03+0.0079755j , -8.98527252e-05-0.00044374j],
          [ 9.96269921e-02-0.08628197j,  9.78758589e-01-0.03676126j,
           -1.34902220e-01-0.07076757j,  6.31284211e-03+0.0079755j ],
          [ 3.84390503e-03-0.00941727j,  1.29138867e-01-0.08080724j,
            9.78758589e-01-0.03676126j, -1.24747710e-01-0.04252205j],
          [-8.32589326e-05-0.00044503j,  3.84390503e-03-0.00941727j,
            9.96269921e-02-0.08628197j,  9.32123565e-01-0.3371526j ]],
         input_dims=(2, 2), output_dims=(2, 2))"
"Operator([[ 9.32123565e-01-0.3371526j ,  2.52288575e-02+0.1293585j ,
           -1.00705999e-02+0.00142954j, -8.65582110e-05-0.0004444j ],
          [ 2.52288575e-02+0.1293585j ,  9.78758589e-01-0.03676126j,
            5.78816283e-03+0.15222731j, -1.00705999e-02+0.00142954j],
          [-1.00705999e-02+0.00142954j,  5.78816283e-03+0.15222731j,
            9.78758589e-01-0.03676126j,  2.52288575e-02+0.1293585j ],
          [-8.65582110e-05-0.0004444j , -1.00705999e-02+0.00142954j,
            2.52288575e-02+0.1293585j ,  9.32123565e-01-0.3371526j ]],
         input_dims=(2, 2), output_dims=(2, 2))"
"Operator([[ 9.32123565e-01-0.3371526j ,  2.52288575e-02+0.1293585j ,
           -1.00705999e-02+0.00142954j, -8.65582110e-05-0.0004444j ],
          [ 2.52288575e-02+0.1293585j ,  9.78758589e-01-0.03676126j,
            5.78816283e-03+0.15222731j, -1.00705999e-02+0.00142954j],
          [-1.00705999e-02+0.00142954j,  5.78816283e-03+0.15222731j,
            9.78758589e-01-0.03676126j,  2.52288575e-02+0.1293585j ],
          [-8.65582110e-05-0.0004444j , -1.00705999e-02+0.00142954j,
            2.52288575e-02+0.1293585j ,  9.32123565e-01-0.3371526j ]],
         input_dims=(2, 2), output_dims=(2, 2))"
"Operator([[ 9.32123565e-01-3.37152602e-01j,
           -1.31781009e-01-1.97016488e-03j,
            9.79180623e-03+2.75337998e-03j,
           -4.11472260e-04-1.88867806e-04j],
          [ 1.21382949e-01-5.13448685e-02j,
            9.78758589e-01-3.67612587e-02j,
           -1.50152739e-01-2.57062746e-02j,
            9.79180623e-03+2.75337998e-03j],
          [ 8.63872932e-03-5.36963000e-03j,
            1.47767151e-01-3.70341290e-02j,
            9.78758589e-01-3.67612587e-02j,
           -1.31781009e-01-1.97016488e-03j],
          [ 3.10507500e-04-3.29492885e-04j,
            8.63872932e-03-5.36963000e-03j,
            1.21382949e-01-5.13448685e-02j,
            9.32123565e-01-3.37152602e-01j]],
         input_dims=(2, 2), output_dims=(2, 2))"
"Operator([[ 9.32123565e-01-3.37152602e-01j,
           -1.31306874e-01-1.13411055e-02j,
            9.30187255e-03+4.11530529e-03j,
           -3.62078577e-04-2.71807971e-04j],
          [ 1.17422262e-01-5.98508834e-02j,
            9.78758589e-01-3.67612587e-02j,
           -1.47943274e-01-3.63241715e-02j,
            9.30187255e-03+4.11530529e-03j],
          [ 7.78913182e-03-6.54140628e-03j,
            1.44757779e-01-4.74535892e-02j,
            9.78758589e-01-3.67612587e-02j,
           -1.31306874e-01-1.13411055e-02j],
          [ 2.33595920e-04-3.87831684e-04j,
            7.78913182e-03-6.54140628e-03j,
            1.17422262e-01-5.98508834e-02j,
            9.32123565e-01-3.37152602e-01j]],
         input_dims=(2, 2), output_dims=(2, 2))"
"Operator([[ 9.32123565e-01-0.3371526j , -1.26936573e-01-0.03545733j,
            7.16648083e-03+0.00721818j, -1.62944335e-04-0.00042241j],
          [ 1.04310137e-01-0.0805575j ,  9.78758589e-01-0.03676126j,
           -1.38659535e-01-0.06308875j,  7.16648083e-03+0.00721818j],
          [ 4.87458012e-03-0.00892743j,  1.33468437e-01-0.07343592j,
            9.78758589e-01-0.03676126j, -1.26936573e-01-0.03545733j],
          [-7.50403614e-06-0.00045269j,  4.87458012e-03-0.00892743j,
            1.04310137e-01-0.0805575j ,  9.32123565e-01-0.3371526j ]],
         input_dims=(2, 2), output_dims=(2, 2))"
"Operator([[ 9.32123565e-01-0.3371526j , -1.20527543e-01-0.05332192j,
            4.81875336e-03+0.00895769j,  2.90608644e-05-0.00045181j],
          [ 9.16578590e-02-0.09470456j,  9.78758589e-01-0.03676126j,
           -1.28160174e-01-0.08235064j,  4.81875336e-03+0.00895769j],
          [ 2.13550039e-03-0.00994486j,  1.21536710e-01-0.0918449j ,
            9.78758589e-01-0.03676126j, -1.20527543e-01-0.05332192j],
          [-1.96509171e-04-0.00040788j,  2.13550039e-03-0.00994486j,
            9.16578590e-02-0.09470456j,  9.32123565e-01-0.3371526j ]],
         input_dims=(2, 2), output_dims=(2, 2))"
"Operator([[ 9.32123565e-01-0.3371526j , -1.18705669e-01-0.05726325j,
            4.21846993e-03+0.00925554j,  7.35037197e-05-0.00044674j],
          [ 8.84884770e-02-0.09767244j,  9.78758589e-01-0.03676126j,
           -1.25377930e-01-0.08652764j,  4.21846993e-03+0.00925554j],
          [ 1.47603918e-03-0.01006389j,  1.18445312e-01-0.09579857j,
            9.78758589e-01-0.03676126j, -1.18705669e-01-0.05726325j],
          [-2.35799199e-04-0.0003865j ,  1.47603918e-03-0.01006389j,
            8.84884770e-02-0.09767244j,  9.32123565e-01-0.3371526j ]],
         input_dims=(2, 2), output_dims=(2, 2))"
"Operator([[ 9.32123565e-01-0.3371526j , -1.21050896e-01-0.0521229j ,
            4.99562912e-03+0.00886026j,  1.55951681e-05-0.00045248j],
          [ 9.25934128e-02-0.09379006j,  9.78758589e-01-0.03676126j,
           -1.28971300e-01-0.08107442j,  4.99562912e-03+0.00886026j],
          [ 2.33250192e-03-0.00990051j,  1.22442406e-01-0.09063396j,
            9.78758589e-01-0.03676126j, -1.21050896e-01-0.0521229j ],
          [-1.84277427e-04-0.00041355j,  2.33250192e-03-0.00990051j,
            9.25934128e-02-0.09379006j,  9.32123565e-01-0.3371526j ]],
         input_dims=(2, 2), output_dims=(2, 2))"
"Operator([[ 9.32123565e-01-0.3371526j , -1.24830319e-01-0.04227892j,
            6.34387160e-03+0.00795084j, -9.24448170e-05-0.00044321j],
          [ 9.97949070e-02-0.0860877j ,  9.78758589e-01-0.03676126j,
           -1.35039841e-01-0.0705046j ,  6.34387160e-03+0.00795084j],
          [ 3.88057128e-03-0.00940222j,  1.29296059e-01-0.08055549j,
            9.78758589e-01-0.03676126j, -1.24830319e-01-0.04227892j],
          [-8.06563770e-05-0.00044551j,  3.88057128e-03-0.00940222j,
            9.97949070e-02-0.0860877j ,  9.32123565e-01-0.3371526j ]],
         input_dims=(2, 2), output_dims=(2, 2))"
"Operator([[ 9.32123565e-01-0.3371526j ,  2.52288575e-02+0.1293585j ,
           -1.00705999e-02+0.00142954j, -8.65582110e-05-0.0004444j ],
          [ 2.52288575e-02+0.1293585j ,  9.78758589e-01-0.03676126j,
            5.78816283e-03+0.15222731j, -1.00705999e-02+0.00142954j],
          [-1.00705999e-02+0.00142954j,  5.78816283e-03+0.15222731j,
            9.78758589e-01-0.03676126j,  2.52288575e-02+0.1293585j ],
          [-8.65582110e-05-0.0004444j , -1.00705999e-02+0.00142954j,
            2.52288575e-02+0.1293585j ,  9.32123565e-01-0.3371526j ]],
         input_dims=(2, 2), output_dims=(2, 2))"
"Operator([[ 9.32123565e-01-0.3371526j , -1.28102418e-01-0.03098203j,
            7.65501480e-03+0.00669786j, -2.06428959e-04-0.00040295j],
          [ 1.07072216e-01-0.07684827j,  9.78758589e-01-0.03676126j,
           -1.40787590e-01-0.05818515j,  7.65501480e-03+0.00669786j],
          [ 5.48861795e-03-0.00856362j,  1.35962709e-01-0.06870807j,
            9.78758589e-01-0.03676126j, -1.28102418e-01-0.03098203j],
          [ 4.01056461e-05-0.00045097j,  5.48861795e-03-0.00856362j,
            1.07072216e-01-0.07684827j,  9.32123565e-01-0.3371526j ]],
         input_dims=(2, 2), output_dims=(2, 2))"
