unitary
"Operator([[ 9.05698036e-01-0.39428106j,  3.50208811e-02+0.15108236j,
           -1.39677146e-02+0.00234937j, -1.68104948e-04-0.00072655j],
          [ 3.50208811e-02+0.15108236j,  9.70446769e-01-0.04265846j,
            8.01347011e-03+0.17915398j, -1.39677146e-02+0.00234937j],
          [-1.39677146e-02+0.00234937j,  8.01347011e-03+0.17915398j,
            9.70446769e-01-0.04265846j,  3.50208811e-02+0.15108236j],
          [-1.68104948e-04-0.00072655j, -1.39677146e-02+0.00234937j,
            3.50208811e-02+0.15108236j,  9.05698036e-01-0.39428106j]],
         input_dims=(2, 2), output_dims=(2, 2))"
"Operator([[ 9.05698036e-01-0.39428106j,  3.50208811e-02+0.15108236j,
           -1.39677146e-02+0.00234937j, -1.68104948e-04-0.00072655j],
          [ 3.50208811e-02+0.15108236j,  9.70446769e-01-0.04265846j,
            8.01347011e-03+0.17915398j, -1.39677146e-02+0.00234937j],
          [-1.39677146e-02+0.00234937j,  8.01347011e-03+0.17915398j,
            9.70446769e-01-0.04265846j,  3.50208811e-02+0.15108236j],
          [-1.68104948e-04-0.00072655j, -1.39677146e-02+0.00234937j,
            3.50208811e-02+0.15108236j,  9.05698036e-01-0.39428106j]],
         input_dims=(2, 2), output_dims=(2, 2))"
"Operator([[ 9.05698036e-01-0.39428106j,  3.50208811e-02+0.15108236j,
           -1.39677146e-02+0.00234937j, -1.68104948e-04-0.00072655j],
          [ 3.50208811e-02+0.15108236j,  9.70446769e-01-0.04265846j,
            8.01347011e-03+0.17915398j, -1.39677146e-02+0.00234937j],
          [-1.39677146e-02+0.00234937j,  8.01347011e-03+0.17915398j,
            9.70446769e-01-0.04265846j,  3.50208811e-02+0.15108236j],
          [-1.68104948e-04-0.00072655j, -1.39677146e-02+0.00234937j,
            3.50208811e-02+0.15108236j,  9.05698036e-01-0.39428106j]],
         input_dims=(2, 2), output_dims=(2, 2))"
"Operator([[ 9.05698036e-01-3.94281058e-01j,
            4.46511817e-02-1.48521428e-01j,
           -9.10077536e-03-1.08532253e-02j,
           -7.24597462e-04+1.76332109e-04j],
          [-1.05441057e-01-1.13730057e-01j,
            9.70446769e-01-4.26584628e-02j,
            8.20349826e-02-1.59469831e-01j,
           -9.10077536e-03-1.08532253e-02j],
          [-5.04941521e-03+1.32332920e-02j,
           -9.59449082e-02-1.51508877e-01j,
            9.70446769e-01-4.26584628e-02j,
            4.46511817e-02-1.48521428e-01j],
          [ 7.28409568e-04-1.59856174e-04j,
           -5.04941521e-03+1.32332920e-02j,
           -1.05441057e-01-1.13730057e-01j,
            9.05698036e-01-3.94281058e-01j]],
         input_dims=(2, 2), output_dims=(2, 2))"
"Operator([[ 9.05698036e-01-3.94281058e-01j,
            1.71262773e-02-1.54139655e-01j,
           -1.23599347e-02-6.91727010e-03j,
           -5.28650766e-04+5.25987512e-04j],
          [-8.31950153e-02-1.30885186e-01j,
            9.70446769e-01-4.26584628e-02j,
            5.19217492e-02-1.71652257e-01j,
           -1.23599347e-02-6.91727010e-03j],
          [-9.41686540e-03+1.05801351e-02j,
           -6.70395829e-02-1.66331174e-01j,
            9.70446769e-01-4.26584628e-02j,
            1.71262773e-02-1.54139655e-01j],
          [ 7.05957104e-04+2.40331152e-04j,
           -9.41686540e-03+1.05801351e-02j,
           -8.31950153e-02-1.30885186e-01j,
            9.05698036e-01-3.94281058e-01j]],
         input_dims=(2, 2), output_dims=(2, 2))"
"Operator([[ 9.05698036e-01-0.39428106j,  3.50208811e-02+0.15108236j,
           -1.39677146e-02+0.00234937j, -1.68104948e-04-0.00072655j],
          [ 3.50208811e-02+0.15108236j,  9.70446769e-01-0.04265846j,
            8.01347011e-03+0.17915398j, -1.39677146e-02+0.00234937j],
          [-1.39677146e-02+0.00234937j,  8.01347011e-03+0.17915398j,
            9.70446769e-01-0.04265846j,  3.50208811e-02+0.15108236j],
          [-1.68104948e-04-0.00072655j, -1.39677146e-02+0.00234937j,
            3.50208811e-02+0.15108236j,  9.05698036e-01-0.39428106j]],
         input_dims=(2, 2), output_dims=(2, 2))"
"Operator([[ 9.05698036e-01-0.39428106j, -5.63671162e-02-0.14448215j,
           -1.27227258e-02+0.00622486j,  4.57200998e-04+0.00058915j],
          [-1.29477611e-02-0.15454675j,  9.70446769e-01-0.04265846j,
           -3.36737172e-02-0.17614325j, -1.27227258e-02+0.00622486j],
          [-1.40590788e-02-0.00172015j,  1.78131026e-02-0.17844623j,
            9.70446769e-01-0.04265846j, -5.63671162e-02-0.14448215j],
          [-1.51960398e-04+0.0007301j , -1.40590788e-02-0.00172015j,
           -1.29477611e-02-0.15454675j,  9.05698036e-01-0.39428106j]],
         input_dims=(2, 2), output_dims=(2, 2))"
"Operator([[ 9.05698036e-01-3.94281058e-01j,
           -8.71429677e-02-1.28290474e-01j,
           -8.75518439e-03+1.11338833e-02j,
            7.24944212e-04+1.74901071e-04j],
          [ 2.18131768e-02-1.53546500e-01j,
            9.70446769e-01-4.26584628e-02j,
           -7.20746585e-02-1.64212085e-01j,
           -8.75518439e-03+1.11338833e-02j],
          [-1.19158195e-02-7.65701367e-03j,
            5.71259105e-02-1.69991163e-01j,
            9.70446769e-01-4.26584628e-02j,
           -8.71429677e-02-1.28290474e-01j],
          [-5.74447401e-04+4.75546715e-04j,
           -1.19158195e-02-7.65701367e-03j,
            2.18131768e-02-1.53546500e-01j,
            9.05698036e-01-3.94281058e-01j]],
         input_dims=(2, 2), output_dims=(2, 2))"
"Operator([[ 9.05698036e-01-3.94281058e-01j,
           -1.03276980e-01-1.15698781e-01j,
           -5.54497838e-03+1.30334119e-02j,
            7.36285335e-04-1.18399326e-04j],
          [ 4.18416426e-02-1.49337267e-01j,
            9.70446769e-01-4.26584628e-02j,
           -9.30698896e-02-1.53291751e-01j,
           -5.54497838e-03+1.30334119e-02j],
          [-9.50367987e-03-1.05022226e-02j,
            7.90122696e-02-1.60988902e-01j,
            9.70446769e-01-4.26584628e-02j,
           -1.03276980e-01-1.15698781e-01j],
          [-7.13463563e-04+2.17035110e-04j,
           -9.50367987e-03-1.05022226e-02j,
            4.18416426e-02-1.49337267e-01j,
            9.05698036e-01-3.94281058e-01j]],
         input_dims=(2, 2), output_dims=(2, 2))"
"Operator([[ 9.05698036e-01-3.94281058e-01j,
           -1.01554765e-01-1.17213361e-01j,
           -5.92798014e-03+1.28637344e-02j,
            7.40811901e-04-8.56283943e-05j],
          [ 3.96287090e-02-1.49939681e-01j,
            9.70446769e-01-4.26584628e-02j,
           -9.07928767e-02-1.54651281e-01j,
           -5.92798014e-03+1.28637344e-02j],
          [-9.81009740e-03-1.02165846e-02j,
            7.66229704e-02-1.62139710e-01j,
            9.70446769e-01-4.26584628e-02j,
           -1.01554765e-01-1.17213361e-01j],
          [-7.03135987e-04+2.48463837e-04j,
           -9.81009740e-03-1.02165846e-02j,
            3.96287090e-02-1.49939681e-01j,
            9.05698036e-01-3.94281058e-01j]],
         input_dims=(2, 2), output_dims=(2, 2))"
"Operator([[ 9.05698036e-01-3.94281058e-01j,
           -8.17415005e-02-1.31797836e-01j,
           -9.64871144e-03+1.03691359e-02j,
            6.97590620e-04+2.63631981e-04j],
          [ 1.54194661e-02-1.54319741e-01j,
            9.70446769e-01-4.26584628e-02j,
           -6.51947997e-02-1.67062872e-01j,
           -9.64871144e-03+1.03691359e-02j],
          [-1.25099958e-02-6.64203403e-03j,
            5.00190068e-02-1.72216330e-01j,
            9.70446769e-01-4.26584628e-02j,
           -8.17415005e-02-1.31797836e-01j],
          [-5.10900022e-04+5.43245490e-04j,
           -1.25099958e-02-6.64203403e-03j,
            1.54194661e-02-1.54319741e-01j,
            9.05698036e-01-3.94281058e-01j]],
         input_dims=(2, 2), output_dims=(2, 2))"
