unitary
"Operator([[ 9.76092816e-01-2.02678355e-01j,
            7.55976178e-02+2.08938150e-02j,
            2.76771945e-03+2.25361261e-03j,
            4.77437415e-05+8.06702890e-05j],
          [-6.89410786e-02+3.73989171e-02j,
            9.92535817e-01-2.23742987e-02j,
            8.47662305e-02+3.19755956e-02j,
            2.76771945e-03+2.25361261e-03j],
          [ 2.35551962e-03-2.68152345e-03j,
           -8.32324710e-02+3.57786013e-02j,
            9.92535817e-01-2.23742987e-02j,
            7.55976178e-02+2.08938150e-02j],
          [-2.83370214e-05+8.93542030e-05j,
            2.35551962e-03-2.68152345e-03j,
           -6.89410786e-02+3.73989171e-02j,
            9.76092816e-01-2.02678355e-01j]],
         input_dims=(2, 2), output_dims=(2, 2))"
"Operator([[ 9.76092816e-01-2.02678355e-01j,
            8.89842555e-03+7.79254088e-02j,
           -3.55679443e-03+2.97075910e-04j,
           -1.06305121e-05-9.31351308e-05j],
          [ 8.89842555e-03+7.79254088e-02j,
            9.92535817e-01-2.23742987e-02j,
            2.05032137e-03+9.05734438e-02j,
           -3.55679443e-03+2.97075910e-04j],
          [-3.55679443e-03+2.97075910e-04j,
            2.05032137e-03+9.05734438e-02j,
            9.92535817e-01-2.23742987e-02j,
            8.89842555e-03+7.79254088e-02j],
          [-1.06305121e-05-9.31351308e-05j,
           -3.55679443e-03+2.97075910e-04j,
            8.89842555e-03+7.79254088e-02j,
            9.76092816e-01-2.02678355e-01j]],
         input_dims=(2, 2), output_dims=(2, 2))"
"Operator([[ 9.76092816e-01-2.02678355e-01j,
            7.84287651e-02-6.92904632e-04j,
            3.54070540e-03+4.49939984e-04j,
            9.18536668e-05+1.87100048e-05j],
          [-7.65659260e-02+1.70061840e-02j,
            9.92535817e-01-2.23742987e-02j,
            9.02905139e-02+7.44148144e-03j,
            3.54070540e-03+4.49939984e-04j],
          [ 3.41700607e-03-1.03107238e-03j,
           -8.98612898e-02+1.15195984e-02j,
            9.92535817e-01-2.23742987e-02j,
            7.84287651e-02-6.92904632e-04j],
          [-8.52748700e-05+3.89275857e-05j,
            3.41700607e-03-1.03107238e-03j,
           -7.65659260e-02+1.70061840e-02j,
            9.76092816e-01-2.02678355e-01j]],
         input_dims=(2, 2), output_dims=(2, 2))"
"Operator([[ 9.76092816e-01-2.02678355e-01j,
            8.89842555e-03+7.79254088e-02j,
           -3.55679443e-03+2.97075910e-04j,
           -1.06305121e-05-9.31351308e-05j],
          [ 8.89842555e-03+7.79254088e-02j,
            9.92535817e-01-2.23742987e-02j,
            2.05032137e-03+9.05734438e-02j,
           -3.55679443e-03+2.97075910e-04j],
          [-3.55679443e-03+2.97075910e-04j,
            2.05032137e-03+9.05734438e-02j,
            9.92535817e-01-2.23742987e-02j,
            8.89842555e-03+7.79254088e-02j],
          [-1.06305121e-05-9.31351308e-05j,
           -3.55679443e-03+2.97075910e-04j,
            8.89842555e-03+7.79254088e-02j,
            9.76092816e-01-2.02678355e-01j]],
         input_dims=(2, 2), output_dims=(2, 2))"
"Operator([[ 9.76092816e-01-2.02678355e-01j,
            7.71936181e-02-1.38815217e-02j,
            3.48943533e-03-7.50254517e-04j,
            8.93759949e-05-2.82682139e-05j],
          [-7.83358635e-02+3.87863556e-03j,
            9.92535817e-01-2.23742987e-02j,
            9.02551032e-02-7.85931881e-03j,
            3.48943533e-03-7.50254517e-04j],
          [ 3.56554630e-03+1.60997778e-04j,
           -9.05182924e-02-3.76713085e-03j,
            9.92535817e-01-2.23742987e-02j,
            7.71936181e-02-1.38815217e-02j],
          [-9.34472632e-05-7.40063334e-06j,
            3.56554630e-03+1.60997778e-04j,
           -7.83358635e-02+3.87863556e-03j,
            9.76092816e-01-2.02678355e-01j]],
         input_dims=(2, 2), output_dims=(2, 2))"
"Operator([[ 9.76092816e-01-2.02678355e-01j,
            7.67578338e-02-1.61178867e-02j,
            3.43998067e-03-9.51616365e-04j,
            8.65762532e-05-3.59404057e-05j],
          [-7.84154717e-02+1.60159821e-03j,
            9.92535817e-01-2.23742987e-02j,
            8.99887329e-02-1.04776183e-02j,
            3.43998067e-03-9.51616365e-04j],
          [ 3.55018074e-03+3.67773637e-04j,
           -9.03706758e-02-6.39480184e-03j,
            9.92535817e-01-2.23742987e-02j,
            7.67578338e-02-1.61178867e-02j],
          [-9.24484290e-05-1.55063973e-05j,
            3.55018074e-03+3.67773637e-04j,
           -7.84154717e-02+1.60159821e-03j,
            9.76092816e-01-2.02678355e-01j]],
         input_dims=(2, 2), output_dims=(2, 2))"
"Operator([[ 9.76092816e-01-2.02678355e-01j,
            8.89842555e-03+7.79254088e-02j,
           -3.55679443e-03+2.97075910e-04j,
           -1.06305121e-05-9.31351308e-05j],
          [ 8.89842555e-03+7.79254088e-02j,
            9.92535817e-01-2.23742987e-02j,
            2.05032137e-03+9.05734438e-02j,
           -3.55679443e-03+2.97075910e-04j],
          [-3.55679443e-03+2.97075910e-04j,
            2.05032137e-03+9.05734438e-02j,
            9.92535817e-01-2.23742987e-02j,
            8.89842555e-03+7.79254088e-02j],
          [-1.06305121e-05-9.31351308e-05j,
           -3.55679443e-03+2.97075910e-04j,
            8.89842555e-03+7.79254088e-02j,
            9.76092816e-01-2.02678355e-01j]],
         input_dims=(2, 2), output_dims=(2, 2))"
"Operator([[ 9.76092816e-01-2.02678355e-01j,
            7.70493815e-02-1.46609728e-02j,
            3.47355832e-03-8.20629856e-04j,
            8.84779515e-05-3.09646973e-05j],
          [-7.83710622e-02+3.08673326e-03j,
            9.92535817e-01-2.23742987e-02j,
            9.01710632e-02-8.77108385e-03j,
            3.47355832e-03-8.20629856e-04j],
          [ 3.56156383e-03+2.33031850e-04j,
           -9.04755968e-02-4.68176482e-03j,
            9.92535817e-01-2.23742987e-02j,
            7.70493815e-02-1.46609728e-02j],
          [-9.31799593e-05-1.02301303e-05j,
            3.56156383e-03+2.33031850e-04j,
           -7.83710622e-02+3.08673326e-03j,
            9.76092816e-01-2.02678355e-01j]],
         input_dims=(2, 2), output_dims=(2, 2))"
"Operator([[ 9.76092816e-01-2.02678355e-01j,
            7.78150400e-02-9.81686679e-03j,
            3.54879793e-03-3.80885814e-04j,
            9.27007737e-05-1.39185825e-05j],
          [-7.80249378e-02+7.97874649e-03j,
            9.92535817e-01-2.23742987e-02j,
            9.05429625e-02-3.11841112e-03j,
            3.54879793e-03-3.80885814e-04j],
          [ 3.56281193e-03-2.13100712e-04j,
           -9.05913259e-02+9.81946408e-04j,
            9.92535817e-01-2.23742987e-02j,
            7.78150400e-02-9.81686679e-03j],
          [-9.34528982e-05+7.32913395e-06j,
            3.56281193e-03-2.13100712e-04j,
           -7.80249378e-02+7.97874649e-03j,
            9.76092816e-01-2.02678355e-01j]],
         input_dims=(2, 2), output_dims=(2, 2))"
"Operator([[ 9.76092816e-01-2.02678355e-01j,
            7.83679334e-02-3.16517455e-03j,
            3.56202318e-03+2.25901736e-04j,
            9.32102577e-05+9.95028871e-06j],
          [-7.70640173e-02+1.45838455e-02j,
            9.92535817e-01-2.23742987e-02j,
            9.04802376e-02+4.59120401e-03j,
            3.56202318e-03+2.25901736e-04j],
          [ 3.47519412e-03-8.13674736e-04j,
           -9.01797971e-02+8.68082581e-03j,
            9.92535817e-01-2.23742987e-02j,
            7.83679334e-02-3.16517455e-03j],
          [-8.85705317e-05+3.06988812e-05j,
            3.47519412e-03-8.13674736e-04j,
           -7.70640173e-02+1.45838455e-02j,
            9.76092816e-01-2.02678355e-01j]],
         input_dims=(2, 2), output_dims=(2, 2))"
"Operator([[ 9.76092816e-01-2.02678355e-01j,
            8.89842555e-03+7.79254088e-02j,
           -3.55679443e-03+2.97075910e-04j,
           -1.06305121e-05-9.31351308e-05j],
          [ 8.89842555e-03+7.79254088e-02j,
            9.92535817e-01-2.23742987e-02j,
            2.05032137e-03+9.05734438e-02j,
           -3.55679443e-03+2.97075910e-04j],
          [-3.55679443e-03+2.97075910e-04j,
            2.05032137e-03+9.05734438e-02j,
            9.92535817e-01-2.23742987e-02j,
            8.89842555e-03+7.79254088e-02j],
          [-1.06305121e-05-9.31351308e-05j,
           -3.55679443e-03+2.97075910e-04j,
            8.89842555e-03+7.79254088e-02j,
            9.76092816e-01-2.02678355e-01j]],
         input_dims=(2, 2), output_dims=(2, 2))"
