unitary
"Operator([[-8.47005792e-01+0.17871629j, -5.12319815e-02-0.28768377j,
            8.52343281e-02+0.18811945j, -1.37036401e-01-0.32221455j],
          [-5.12319815e-02-0.28768377j, -8.66900861e-01-0.26843928j,
            6.46251898e-04-0.21995988j,  8.52343281e-02+0.18811945j],
          [ 8.52343281e-02+0.18811945j,  6.46251898e-04-0.21995988j,
           -8.66900861e-01-0.26843928j, -5.12319815e-02-0.28768377j],
          [-1.37036401e-01-0.32221455j,  8.52343281e-02+0.18811945j,
           -5.12319815e-02-0.28768377j, -8.47005792e-01+0.17871629j]],
         input_dims=(2, 2), output_dims=(2, 2))"
"Operator([[-0.84700579+0.17871629j, -0.05538094+0.28691395j,
           -0.0626907 +0.19678337j, -0.22520031+0.26811567j],
          [ 0.15102476+0.25015632j, -0.86690086-0.26843928j,
           -0.07951102+0.20508722j, -0.0626907 +0.19678337j],
          [ 0.18928334+0.08261741j,  0.07830454+0.20555089j,
           -0.86690086-0.26843928j, -0.05538094+0.28691395j],
          [ 0.34933694+0.02376756j,  0.18928334+0.08261741j,
            0.15102476+0.25015632j, -0.84700579+0.17871629j]],
         input_dims=(2, 2), output_dims=(2, 2))"
"Operator([[-0.84700579+0.17871629j, -0.29017973+0.03438591j,
           -0.06277517-0.19675644j,  0.34114169-0.07888942j],
          [ 0.28421067-0.06790404j, -0.86690086-0.26843928j,
           -0.21954868-0.01345896j, -0.06277517-0.19675644j],
          [-0.10653646-0.17692881j,  0.21962398-0.01216865j,
           -0.86690086-0.26843928j, -0.29017973+0.03438591j],
          [-0.29345994+0.1910038j , -0.10653646-0.17692881j,
            0.28421067-0.06790404j, -0.84700579+0.17871629j]],
         input_dims=(2, 2), output_dims=(2, 2))"
"Operator([[-8.47005792e-01+0.17871629j, -5.12319815e-02-0.28768377j,
            8.52343281e-02+0.18811945j, -1.37036401e-01-0.32221455j],
          [-5.12319815e-02-0.28768377j, -8.66900861e-01-0.26843928j,
            6.46251898e-04-0.21995988j,  8.52343281e-02+0.18811945j],
          [ 8.52343281e-02+0.18811945j,  6.46251898e-04-0.21995988j,
           -8.66900861e-01-0.26843928j, -5.12319815e-02-0.28768377j],
          [-1.37036401e-01-0.32221455j,  8.52343281e-02+0.18811945j,
           -5.12319815e-02-0.28768377j, -8.47005792e-01+0.17871629j]],
         input_dims=(2, 2), output_dims=(2, 2))"
