unitary
"Operator([[-0.60522005-0.48632716j,  0.52673153+0.11560201j,
           -0.19033372+0.24549619j, -0.09491548-0.02967172j],
          [ 0.52673153+0.11560201j,  0.39143586+0.06411884j,
            0.0737448 +0.67076316j, -0.19033372+0.24549619j],
          [-0.19033372+0.24549619j,  0.0737448 +0.67076316j,
            0.39143586+0.06411884j,  0.52673153+0.11560201j],
          [-0.09491548-0.02967172j, -0.19033372+0.24549619j,
            0.52673153+0.11560201j, -0.60522005-0.48632716j]],
         input_dims=(2, 2), output_dims=(2, 2))"
"Operator([[-6.05220048e-01-0.48632716j,  6.29075152e-02-0.53558619j,
            1.38253938e-01-0.27817468j,  5.57954125e-04-0.09944369j],
          [-1.67161548e-01+0.51270551j,  3.91435861e-01+0.06411884j,
            6.60172428e-01-0.13976364j,  1.38253938e-01-0.27817468j],
          [ 2.34957206e-01-0.20320043j, -6.74768466e-01+0.00700196j,
            3.91435861e-01+0.06411884j,  6.29075152e-02-0.53558619j],
          [-5.61808208e-02+0.08205532j,  2.34957206e-01-0.20320043j,
           -1.67161548e-01+0.51270551j, -6.05220048e-01-0.48632716j]],
         input_dims=(2, 2), output_dims=(2, 2))"
"Operator([[-0.60522005-0.48632716j, -0.2225698 +0.49119508j,
            0.27371904-0.14687816j, -0.07978772+0.05935722j],
          [ 0.00358378-0.53925605j,  0.39143586+0.06411884j,
           -0.67144048-0.06729931j,  0.27371904-0.14687816j],
          [ 0.07405037-0.3016817j ,  0.64078144-0.21156714j,
            0.39143586+0.06411884j, -0.2225698 +0.49119508j],
          [-0.03177367-0.09423266j,  0.07405037-0.3016817j ,
            0.00358378-0.53925605j, -0.60522005-0.48632716j]],
         input_dims=(2, 2), output_dims=(2, 2))"
"Operator([[-0.60522005-0.48632716j, -0.53889326-0.02009926j,
           -0.09238349+0.29658152j,  0.09675097-0.02299151j],
          [-0.49778183-0.2074203j ,  0.39143586+0.06411884j,
           -0.19184104-0.64696099j, -0.09238349+0.29658152j],
          [-0.26421205+0.16336247j,  0.04670182-0.67318679j,
            0.39143586+0.06411884j, -0.53889326-0.02009926j],
          [ 0.06642914+0.07400357j, -0.26421205+0.16336247j,
           -0.49778183-0.2074203j , -0.60522005-0.48632716j]],
         input_dims=(2, 2), output_dims=(2, 2))"
"Operator([[-0.60522005-0.48632716j,  0.52673153+0.11560201j,
           -0.19033372+0.24549619j, -0.09491548-0.02967172j],
          [ 0.52673153+0.11560201j,  0.39143586+0.06411884j,
            0.0737448 +0.67076316j, -0.19033372+0.24549619j],
          [-0.19033372+0.24549619j,  0.0737448 +0.67076316j,
            0.39143586+0.06411884j,  0.52673153+0.11560201j],
          [-0.09491548-0.02967172j, -0.19033372+0.24549619j,
            0.52673153+0.11560201j, -0.60522005-0.48632716j]],
         input_dims=(2, 2), output_dims=(2, 2))"
"Operator([[-0.60522005-0.48632716j, -0.40217851-0.35925252j,
           -0.30859306-0.03557571j, -0.02664996+0.09580782j],
          [-0.51565938+0.15781422j,  0.39143586+0.06411884j,
            0.26497706-0.62060347j, -0.30859306-0.03557571j],
          [ 0.1113387 +0.28999827j, -0.39347853-0.54821178j,
            0.39143586+0.06411884j, -0.40217851-0.35925252j],
          [ 0.03266369-0.09392786j,  0.1113387 +0.28999827j,
           -0.51565938+0.15781422j, -0.60522005-0.48632716j]],
         input_dims=(2, 2), output_dims=(2, 2))"
