unitary
"Operator([[ 8.49807622e-01-0.48915947j, -1.67883203e-01-0.09924219j,
            3.06307896e-03+0.02246223j,  8.70365292e-04-0.00124354j],
          [ 8.62167500e-02-0.17492986j,  9.52785453e-01-0.05202104j,
           -1.62475607e-01-0.1566769j ,  3.06307896e-03+0.02246223j],
          [-6.42693121e-03-0.02174003j,  1.43896205e-01-0.17389611j,
            9.52785453e-01-0.05202104j, -1.67883203e-01-0.09924219j],
          [-1.40801363e-03-0.00056695j, -6.42693121e-03-0.02174003j,
            8.62167500e-02-0.17492986j,  8.49807622e-01-0.48915947j]],
         input_dims=(2, 2), output_dims=(2, 2))"
"Operator([[ 0.84980762-4.89159468e-01j, -0.1811925 +7.21322421e-02j,
            0.0209659 -8.62352098e-03j, -0.00128862+8.02114242e-04j],
          [ 0.19113001-3.87698687e-02j,  0.95278545-5.20210443e-02j,
           -0.22332678+3.27280439e-02j,  0.0209659 -8.62352098e-03j],
          [ 0.02265796-7.42311120e-04j,  0.22558759+7.49742906e-03j,
            0.95278545-5.20210443e-02j, -0.1811925 +7.21322421e-02j],
          [ 0.00151755-3.12124673e-05j,  0.02265796-7.42311120e-04j,
            0.19113001-3.87698687e-02j,  0.84980762-4.89159468e-01j]],
         input_dims=(2, 2), output_dims=(2, 2))"
"Operator([[ 8.49807622e-01-0.48915947j,  1.65298584e-02+0.19432073j,
           -2.22281254e-02-0.00445473j,  4.85021238e-04-0.00143829j],
          [ 9.24933274e-02+0.17169382j,  9.52785453e-01-0.05202104j,
           -3.33935237e-02+0.22322824j, -2.22281254e-02-0.00445473j],
          [-1.84407177e-02+0.01318613j,  5.81966766e-02+0.21808054j,
            9.52785453e-01-0.05202104j,  1.65298584e-02+0.19432073j],
          [-1.19141930e-03-0.00094046j, -1.84407177e-02+0.01318613j,
            9.24933274e-02+0.17169382j,  8.49807622e-01-0.48915947j]],
         input_dims=(2, 2), output_dims=(2, 2))"
"Operator([[ 8.49807622e-01-0.48915947j,  5.56732257e-02+0.18690713j,
           -2.21650333e-02+0.00475873j, -4.32099984e-04-0.00145507j],
          [ 5.56732257e-02+0.18690713j,  9.52785453e-01-0.05202104j,
            1.26658519e-02+0.2253565j , -2.21650333e-02+0.00475873j],
          [-2.21650333e-02+0.00475873j,  1.26658519e-02+0.2253565j ,
            9.52785453e-01-0.05202104j,  5.56732257e-02+0.18690713j],
          [-4.32099984e-04-0.00145507j, -2.21650333e-02+0.00475873j,
            5.56732257e-02+0.18690713j,  8.49807622e-01-0.48915947j]],
         input_dims=(2, 2), output_dims=(2, 2))"
"Operator([[ 0.84980762-4.89159468e-01j,  0.11727717+1.55819918e-01j,
           -0.01368212+1.80757763e-02j, -0.00148291-3.23901918e-04j],
          [-0.01290047+1.94595376e-01j,  0.95278545-5.20210443e-02j,
            0.09035152+2.06839496e-01j, -0.01368212+1.80757763e-02j],
          [-0.01989594-1.08667290e-02j, -0.06660546+2.15661047e-01j,
            0.95278545-5.20210443e-02j,  0.11727717+1.55819918e-01j],
          [ 0.00106578-1.08076528e-03j, -0.01989594-1.08667290e-02j,
           -0.01290047+1.94595376e-01j,  0.84980762-4.89159468e-01j]],
         input_dims=(2, 2), output_dims=(2, 2))"
"Operator([[ 8.49807622e-01-0.48915947j,  5.56732257e-02+0.18690713j,
           -2.21650333e-02+0.00475873j, -4.32099984e-04-0.00145507j],
          [ 5.56732257e-02+0.18690713j,  9.52785453e-01-0.05202104j,
            1.26658519e-02+0.2253565j , -2.21650333e-02+0.00475873j],
          [-2.21650333e-02+0.00475873j,  1.26658519e-02+0.2253565j ,
            9.52785453e-01-0.05202104j,  5.56732257e-02+0.18690713j],
          [-4.32099984e-04-0.00145507j, -2.21650333e-02+0.00475873j,
            5.56732257e-02+0.18690713j,  8.49807622e-01-0.48915947j]],
         input_dims=(2, 2), output_dims=(2, 2))"
"Operator([[ 8.49807622e-01-0.48915947j,  5.56732257e-02+0.18690713j,
           -2.21650333e-02+0.00475873j, -4.32099984e-04-0.00145507j],
          [ 5.56732257e-02+0.18690713j,  9.52785453e-01-0.05202104j,
            1.26658519e-02+0.2253565j , -2.21650333e-02+0.00475873j],
          [-2.21650333e-02+0.00475873j,  1.26658519e-02+0.2253565j ,
            9.52785453e-01-0.05202104j,  5.56732257e-02+0.18690713j],
          [-4.32099984e-04-0.00145507j, -2.21650333e-02+0.00475873j,
            5.56732257e-02+0.18690713j,  8.49807622e-01-0.48915947j]],
         input_dims=(2, 2), output_dims=(2, 2))"
"Operator([[ 8.49807622e-01-0.48915947j,  5.56732257e-02+0.18690713j,
           -2.21650333e-02+0.00475873j, -4.32099984e-04-0.00145507j],
          [ 5.56732257e-02+0.18690713j,  9.52785453e-01-0.05202104j,
            1.26658519e-02+0.2253565j , -2.21650333e-02+0.00475873j],
          [-2.21650333e-02+0.00475873j,  1.26658519e-02+0.2253565j ,
            9.52785453e-01-0.05202104j,  5.56732257e-02+0.18690713j],
          [-4.32099984e-04-0.00145507j, -2.21650333e-02+0.00475873j,
            5.56732257e-02+0.18690713j,  8.49807622e-01-0.48915947j]],
         input_dims=(2, 2), output_dims=(2, 2))"
"Operator([[ 8.49807622e-01-0.48915947j,  1.70522865e-01+0.09463474j,
            4.28116389e-03+0.02226221j, -7.65996134e-04+0.00131042j],
          [-9.09472987e-02+0.17251774j,  9.52785453e-01-0.05202104j,
            1.66680947e-01+0.15219539j,  4.28116389e-03+0.02226221j],
          [-5.23408775e-03-0.02205762j, -1.48577230e-01+0.16991404j,
            9.52785453e-01-0.05202104j,  1.70522865e-01+0.09463474j],
          [ 1.35705819e-03+0.00067995j, -5.23408775e-03-0.02205762j,
           -9.09472987e-02+0.17251774j,  8.49807622e-01-0.48915947j]],
         input_dims=(2, 2), output_dims=(2, 2))"
"Operator([[ 0.84980762-4.89159468e-01j,  0.16421113+1.05206879e-01j,
            0.00144298+2.26241459e-02j, -0.00099905+1.14272849e-03j],
          [-0.0798794 +1.77913080e-01j,  0.95278545-5.20210443e-02j,
            0.15674454+1.62410360e-01j,  0.00144298+2.26241459e-02j],
          [-0.00797072-2.12226715e-02j, -0.13755877+1.78951272e-01j,
            0.95278545-5.20210443e-02j,  0.16421113+1.05206879e-01j],
          [ 0.00146082+4.12239843e-04j, -0.00797072-2.12226715e-02j,
           -0.0798794 +1.77913080e-01j,  0.84980762-4.89159468e-01j]],
         input_dims=(2, 2), output_dims=(2, 2))"
"Operator([[ 8.49807622e-01-0.48915947j,  1.67914486e-01-0.09918925j,
            1.73446811e-02-0.01459782j,  7.93287017e-04-0.00129408j],
          [-1.94821279e-01+0.0088573j ,  9.52785453e-01-0.05202104j,
            2.15617058e-01-0.06674772j,  1.73446811e-02-0.01459782j],
          [ 2.18081314e-02+0.0061919j , -2.21738447e-01-0.04216676j,
            9.52785453e-01-0.05202104j,  1.67914486e-01-0.09918925j],
          [-1.37100820e-03-0.00065136j,  2.18081314e-02+0.0061919j ,
           -1.94821279e-01+0.0088573j ,  8.49807622e-01-0.48915947j]],
         input_dims=(2, 2), output_dims=(2, 2))"
"Operator([[ 0.84980762-4.89159468e-01j, -0.13379853-1.41886344e-01j,
           -0.00937147+2.06424232e-02j,  0.00150739-1.78069947e-04j],
          [ 0.03435328-1.91973005e-01j,  0.95278545-5.20210443e-02j,
           -0.11268355-1.95571962e-01j, -0.00937147+2.06424232e-02j],
          [-0.0170187 -1.49765800e-02j,  0.09005941-2.06966851e-01j,
            0.95278545-5.20210443e-02j, -0.13379853-1.41886344e-01j],
          [-0.00136026+6.73513853e-04j, -0.0170187 -1.49765800e-02j,
            0.03435328-1.91973005e-01j,  0.84980762-4.89159468e-01j]],
         input_dims=(2, 2), output_dims=(2, 2))"
"Operator([[ 0.84980762-4.89159468e-01j, -0.14742097-1.27674740e-01j,
           -0.0050401 +2.21027489e-02j,  0.00138562-6.19679965e-04j],
          [ 0.05353179-1.87531678e-01j,  0.95278545-5.20210443e-02j,
           -0.13182581-1.83215528e-01j, -0.0050401 +2.21027489e-02j],
          [-0.01366846-1.80861109e-02j,  0.1104657 -1.96833189e-01j,
            0.95278545-5.20210443e-02j, -0.14742097-1.27674740e-01j],
          [-0.00149925+2.37016206e-04j, -0.01366846-1.80861109e-02j,
            0.05353179-1.87531678e-01j,  0.84980762-4.89159468e-01j]],
         input_dims=(2, 2), output_dims=(2, 2))"
