unitary
"Operator([[ 0.45152796-0.81078114j,  0.20017002+0.30188366j,
           -0.07854689+0.03532522j, -0.0064048 -0.00980607j],
          [ 0.20017002+0.30188366j,  0.82310268-0.07282063j,
            0.04333536+0.42035926j, -0.07854689+0.03532522j],
          [-0.07854689+0.03532522j,  0.04333536+0.42035926j,
            0.82310268-0.07282063j,  0.20017002+0.30188366j],
          [-0.0064048 -0.00980607j, -0.07854689+0.03532522j,
            0.20017002+0.30188366j,  0.45152796-0.81078114j]],
         input_dims=(2, 2), output_dims=(2, 2))"
"Operator([[ 0.45152796-0.81078114j, -0.12810803-0.3388069j ,
           -0.08609707-0.00218615j, -0.00109286+0.01166131j],
          [-0.26222935-0.24987507j,  0.82310268-0.07282063j,
            0.05112631-0.41948297j, -0.08609707-0.00218615j],
          [-0.05549265+0.06586388j, -0.13563153-0.40022987j,
            0.82310268-0.07282063j, -0.12810803-0.3388069j ],
          [ 0.01111715+0.00368637j, -0.05549265+0.06586388j,
           -0.26222935-0.24987507j,  0.45152796-0.81078114j]],
         input_dims=(2, 2), output_dims=(2, 2))"
"Operator([[ 0.45152796-0.81078114j, -0.24720924-0.26474398j,
           -0.06278492+0.05895369j,  0.01030513+0.00556639j],
          [-0.14765054-0.33075837j,  0.82310268-0.07282063j,
           -0.11205762-0.40745914j, -0.06278492+0.05895369j],
          [-0.08576589+0.00785469j,  0.02657334-0.42175078j,
            0.82310268-0.07282063j, -0.24720924-0.26474398j],
          [ 0.00095499+0.01167341j, -0.08576589+0.00785469j,
           -0.14765054-0.33075837j,  0.45152796-0.81078114j]],
         input_dims=(2, 2), output_dims=(2, 2))"
"Operator([[ 0.45152796-0.81078114j,  0.17873431+0.31504893j,
           -0.08268195+0.02410768j, -0.00423751-0.01091897j],
          [ 0.22064027+0.28726235j,  0.82310268-0.07282063j,
            0.01405479+0.42235332j, -0.08268195+0.02410768j],
          [-0.07289826+0.04586205j,  0.07240692+0.41633773j,
            0.82310268-0.07282063j,  0.17873431+0.31504893j],
          [-0.00829496-0.00826886j, -0.07289826+0.04586205j,
            0.22064027+0.28726235j,  0.45152796-0.81078114j]],
         input_dims=(2, 2), output_dims=(2, 2))"
"Operator([[ 0.45152796-0.81078114j, -0.30439649+0.19632769j,
            0.07941704-0.03332293j, -0.01004246+0.00602739j],
          [ 0.29932234-0.20398019j,  0.82310268-0.07282063j,
           -0.42087476+0.038004j  ,  0.07941704-0.03332293j],
          [ 0.07762626-0.03730481j,  0.41977624-0.04865976j,
            0.82310268-0.07282063j, -0.30439649+0.19632769j],
          [ 0.00955549-0.00677296j,  0.07762626-0.03730481j,
            0.29932234-0.20398019j,  0.45152796-0.81078114j]],
         input_dims=(2, 2), output_dims=(2, 2))"
"Operator([[ 0.45152796-0.81078114j,  0.20017002+0.30188366j,
           -0.07854689+0.03532522j, -0.0064048 -0.00980607j],
          [ 0.20017002+0.30188366j,  0.82310268-0.07282063j,
            0.04333536+0.42035926j, -0.07854689+0.03532522j],
          [-0.07854689+0.03532522j,  0.04333536+0.42035926j,
            0.82310268-0.07282063j,  0.20017002+0.30188366j],
          [-0.0064048 -0.00980607j, -0.07854689+0.03532522j,
            0.20017002+0.30188366j,  0.45152796-0.81078114j]],
         input_dims=(2, 2), output_dims=(2, 2))"
"Operator([[ 0.45152796-0.81078114j,  0.20017002+0.30188366j,
           -0.07854689+0.03532522j, -0.0064048 -0.00980607j],
          [ 0.20017002+0.30188366j,  0.82310268-0.07282063j,
            0.04333536+0.42035926j, -0.07854689+0.03532522j],
          [-0.07854689+0.03532522j,  0.04333536+0.42035926j,
            0.82310268-0.07282063j,  0.20017002+0.30188366j],
          [-0.0064048 -0.00980607j, -0.07854689+0.03532522j,
            0.20017002+0.30188366j,  0.45152796-0.81078114j]],
         input_dims=(2, 2), output_dims=(2, 2))"
"Operator([[ 0.45152796-0.81078114j,  0.20017002+0.30188366j,
           -0.07854689+0.03532522j, -0.0064048 -0.00980607j],
          [ 0.20017002+0.30188366j,  0.82310268-0.07282063j,
            0.04333536+0.42035926j, -0.07854689+0.03532522j],
          [-0.07854689+0.03532522j,  0.04333536+0.42035926j,
            0.82310268-0.07282063j,  0.20017002+0.30188366j],
          [-0.0064048 -0.00980607j, -0.07854689+0.03532522j,
            0.20017002+0.30188366j,  0.45152796-0.81078114j]],
         input_dims=(2, 2), output_dims=(2, 2))"
"Operator([[ 0.45152796-0.81078114j,  0.31391029+0.18072662j,
           -0.01899234+0.08400462j, -0.01080369+0.00452335j],
          [ 0.04429715+0.35949902j,  0.82310268-0.07282063j,
            0.22648667+0.35676834j, -0.01899234+0.08400462j],
          [-0.07544987-0.04153072j, -0.14893735+0.39547128j,
            0.82310268-0.07282063j,  0.31391029+0.18072662j],
          [ 0.00848426-0.00807452j, -0.07544987-0.04153072j,
            0.04429715+0.35949902j,  0.45152796-0.81078114j]],
         input_dims=(2, 2), output_dims=(2, 2))"
"Operator([[ 0.45152796-0.81078114j, -0.18042824+0.31408189j,
            0.01883265-0.08404056j,  0.00455413+0.01079075j],
          [ 0.35954095-0.04395551j,  0.82310268-0.07282063j,
           -0.35655296+0.2268256j ,  0.01883265-0.08404056j],
          [ 0.07537081+0.04167404j,  0.39532957+0.14931309j,
            0.82310268-0.07282063j, -0.18042824+0.31408189j],
          [ 0.0080503 +0.00850724j,  0.07537081+0.04167404j,
            0.35954095-0.04395551j,  0.45152796-0.81078114j]],
         input_dims=(2, 2), output_dims=(2, 2))"
"Operator([[ 0.45152796-8.10781141e-01j, -0.09075256-3.50664733e-01j,
           -0.08361739-2.06304963e-02j, -0.00475666+1.07030188e-02j],
          [-0.28769147-2.20080438e-01j,  0.82310268-7.28206337e-02j,
            0.09614904-4.11503617e-01j, -0.08361739-2.06304963e-02j],
          [-0.0400482 +7.62471378e-02j, -0.17807943-3.83233061e-01j,
            0.82310268-7.28206337e-02j, -0.09075256-3.50664733e-01j],
          [ 0.01171228-5.36218962e-05j, -0.0400482 +7.62471378e-02j,
           -0.28769147-2.20080438e-01j,  0.45152796-8.10781141e-01j]],
         input_dims=(2, 2), output_dims=(2, 2))"
"Operator([[ 0.45152796-8.10781141e-01j,  0.33146922-1.46047720e-01j,
            0.08583792-7.02400103e-03j,  0.01168604-7.85374162e-04j],
          [-0.26354422+2.48487881e-01j,  0.82310268-7.28206337e-02j,
            0.42161721+2.86145780e-02j,  0.08583792-7.02400103e-03j],
          [ 0.06221124-5.95587642e-02j, -0.40691194+1.14028684e-01j,
            0.82310268-7.28206337e-02j,  0.33146922-1.46047720e-01j],
          [-0.00541616+1.03848772e-02j,  0.06221124-5.95587642e-02j,
           -0.26354422+2.48487881e-01j,  0.45152796-8.10781141e-01j]],
         input_dims=(2, 2), output_dims=(2, 2))"
"Operator([[ 0.45152796-0.81078114j,  0.28107177+0.22847416j,
           -0.04447649+0.07375179j, -0.01167114-0.00098225j],
          [ 0.1010609 +0.34783398j,  0.82310268-0.07282063j,
            0.16669296+0.38832116j, -0.04447649+0.07375179j],
          [-0.08468881-0.01566174j, -0.08396399+0.4141617j ,
            0.82310268-0.07282063j,  0.28107177+0.22847416j],
          [ 0.00379161-0.0110817j , -0.08468881-0.01566174j,
            0.1010609 +0.34783398j,  0.45152796-0.81078114j]],
         input_dims=(2, 2), output_dims=(2, 2))"
