unitary
"Operator([[ 0.59104213+0.42996398j, -0.32729652-0.31112237j,
            0.04163511+0.3095748j , -0.15311513+0.37532088j],
          [-0.35758502-0.27577726j, -0.11622474+0.10198692j,
           -0.35872391+0.73886227j,  0.04163511+0.3095748j ],
          [ 0.10415004+0.29448737j, -0.28075889+0.77186446j,
           -0.11622474+0.10198692j, -0.32729652-0.31112237j],
          [-0.03157587+0.40411999j,  0.10415004+0.29448737j,
           -0.35758502-0.27577726j,  0.59104213+0.42996398j]],
         input_dims=(2, 2), output_dims=(2, 2))"
"Operator([[ 0.59104213+0.42996398j, -0.14846692+0.42647124j,
           -0.26007742-0.17300224j, -0.25581353+0.31443511j],
          [ 0.39869666-0.21204037j, -0.11622474+0.10198692j,
            0.82104284+0.02211218j, -0.26007742-0.17300224j],
          [ 0.15253914-0.27258366j, -0.58740008-0.57407442j,
           -0.11622474+0.10198692j, -0.14846692+0.42647124j],
          [ 0.08752346+0.3957899j ,  0.15253914-0.27258366j,
            0.39869666-0.21204037j,  0.59104213+0.42996398j]],
         input_dims=(2, 2), output_dims=(2, 2))"
"Operator([[ 0.59104213+0.42996398j,  0.4495086 +0.04315277j,
            0.3105292 +0.03378838j, -0.40510426+0.01416125j],
          [ 0.11149785+0.43759384j, -0.11622474+0.10198692j,
           -0.17312388-0.80288755j,  0.3105292 +0.03378838j],
          [-0.26093486+0.17170626j,  0.6969429 -0.43459279j,
           -0.11622474+0.10198692j,  0.4495086 +0.04315277j],
          [ 0.35567768+0.19443095j, -0.26093486+0.17170626j,
            0.11149785+0.43759384j,  0.59104213+0.42996398j]],
         input_dims=(2, 2), output_dims=(2, 2))"
"Operator([[ 0.59104213+0.42996398j, -0.34289648-0.29384034j,
            0.07328189+0.30364421j, -0.09346142+0.39442992j],
          [-0.34289648-0.29384034j, -0.11622474+0.10198692j,
           -0.32016691+0.75636859j,  0.07328189+0.30364421j],
          [ 0.07328189+0.30364421j, -0.32016691+0.75636859j,
           -0.11622474+0.10198692j, -0.34289648-0.29384034j],
          [-0.09346142+0.39442992j,  0.07328189+0.30364421j,
           -0.34289648-0.29384034j,  0.59104213+0.42996398j]],
         input_dims=(2, 2), output_dims=(2, 2))"
"Operator([[ 0.59104213+0.42996398j, -0.1953764 +0.40712185j,
           -0.21495618-0.22663602j, -0.34545546+0.21206255j],
          [ 0.37239017-0.25543238j, -0.11622474+0.10198692j,
            0.81337837+0.11408733j, -0.21495618-0.22663602j],
          [ 0.08792161-0.29973293j, -0.64809831-0.50454819j,
           -0.11622474+0.10198692j, -0.1953764 +0.40712185j],
          [ 0.21357016+0.34452545j,  0.08792161-0.29973293j,
            0.37239017-0.25543238j,  0.59104213+0.42996398j]],
         input_dims=(2, 2), output_dims=(2, 2))"
"Operator([[ 0.59104213+0.42996398j, -0.34289648-0.29384034j,
            0.07328189+0.30364421j, -0.09346142+0.39442992j],
          [-0.34289648-0.29384034j, -0.11622474+0.10198692j,
           -0.32016691+0.75636859j,  0.07328189+0.30364421j],
          [ 0.07328189+0.30364421j, -0.32016691+0.75636859j,
           -0.11622474+0.10198692j, -0.34289648-0.29384034j],
          [-0.09346142+0.39442992j,  0.07328189+0.30364421j,
           -0.34289648-0.29384034j,  0.59104213+0.42996398j]],
         input_dims=(2, 2), output_dims=(2, 2))"
"Operator([[ 0.59104213+0.42996398j, -0.37730419-0.24811628j,
            0.14712256+0.2755449j ,  0.05967503+0.40093502j],
          [-0.30298249-0.33484586j, -0.11622474+0.10198692j,
           -0.22194126+0.79078592j,  0.14712256+0.2755449j ],
          [-0.00524698+0.31231796j, -0.41325127+0.70980538j,
           -0.11622474+0.10198692j, -0.37730419-0.24811628j],
          [-0.23323474+0.33152912j, -0.00524698+0.31231796j,
           -0.30298249-0.33484586j,  0.59104213+0.42996398j]],
         input_dims=(2, 2), output_dims=(2, 2))"
