unitary
"Operator([[ 9.85214685e-01-1.59807648e-01j,
            5.50476864e-03+6.14684467e-02j,
           -2.20092402e-03+1.44310927e-04j,
           -4.05752853e-06-4.53203950e-05j],
          [ 5.50476864e-03+6.14684467e-02j,
            9.95385996e-01-1.76857145e-02j,
            1.26948548e-03+7.12656000e-02j,
           -2.20092402e-03+1.44310927e-04j],
          [-2.20092402e-03+1.44310927e-04j,
            1.26948548e-03+7.12656000e-02j,
            9.95385996e-01-1.76857145e-02j,
            5.50476864e-03+6.14684467e-02j],
          [-4.05752853e-06-4.53203950e-05j,
           -2.20092402e-03+1.44310927e-04j,
            5.50476864e-03+6.14684467e-02j,
            9.85214685e-01-1.59807648e-01j]],
         input_dims=(2, 2), output_dims=(2, 2))"
"Operator([[ 9.85214685e-01-1.59807648e-01j,
            5.50476864e-03+6.14684467e-02j,
           -2.20092402e-03+1.44310927e-04j,
           -4.05752853e-06-4.53203950e-05j],
          [ 5.50476864e-03+6.14684467e-02j,
            9.95385996e-01-1.76857145e-02j,
            1.26948548e-03+7.12656000e-02j,
           -2.20092402e-03+1.44310927e-04j],
          [-2.20092402e-03+1.44310927e-04j,
            1.26948548e-03+7.12656000e-02j,
            9.95385996e-01-1.76857145e-02j,
            5.50476864e-03+6.14684467e-02j],
          [-4.05752853e-06-4.53203950e-05j,
           -2.20092402e-03+1.44310927e-04j,
            5.50476864e-03+6.14684467e-02j,
            9.85214685e-01-1.59807648e-01j]],
         input_dims=(2, 2), output_dims=(2, 2))"
"Operator([[ 9.85214685e-01-1.59807648e-01j,
            6.10615709e-02+8.95304327e-03j,
            2.02780070e-03+8.67707631e-04j,
            3.71536803e-05+2.62679611e-05j],
          [-5.84991272e-02+1.96602275e-02j,
            9.95385996e-01-1.76857145e-02j,
            6.96039144e-02+1.53522778e-02j,
            2.02780070e-03+8.67707631e-04j],
          [ 1.89713828e-03-1.12505935e-03j,
           -6.90129749e-02+1.78215214e-02j,
            9.95385996e-01-1.76857145e-02j,
            6.10615709e-02+8.95304327e-03j],
          [-3.18966670e-05+3.24500289e-05j,
            1.89713828e-03-1.12505935e-03j,
           -5.84991272e-02+1.96602275e-02j,
            9.85214685e-01-1.59807648e-01j]],
         input_dims=(2, 2), output_dims=(2, 2))"
"Operator([[ 9.85214685e-01-1.59807648e-01j,
            6.15949963e-02+3.83781895e-03j,
            2.14367788e-03+5.19169843e-04j,
            4.24987099e-05+1.62561189e-05j],
          [-5.99329567e-02+1.47211794e-02j,
            9.95385996e-01-1.76857145e-02j,
            7.06404938e-02+9.50357660e-03j,
            2.14367788e-03+5.19169843e-04j],
          [ 2.05753380e-03-7.94636304e-04j,
           -7.02572015e-02+1.20134492e-02j,
            9.95385996e-01-1.76857145e-02j,
            6.15949963e-02+3.83781895e-03j],
          [-3.89351529e-05+2.35468811e-05j,
            2.05753380e-03-7.94636304e-04j,
           -5.99329567e-02+1.47211794e-02j,
            9.85214685e-01-1.59807648e-01j]],
         input_dims=(2, 2), output_dims=(2, 2))"
"Operator([[ 9.85214685e-01-1.59807648e-01j,
            6.17142027e-02-1.72066067e-04j,
            2.19289853e-03+2.36829496e-04j,
            4.48434987e-05+7.71118479e-06j],
          [-6.07627576e-02+1.07962822e-02j,
            9.95385996e-01-1.76857145e-02j,
            7.11086892e-02+4.89404276e-03j,
            2.19289853e-03+2.36829496e-04j],
          [ 2.14319972e-03-5.21140245e-04j,
           -7.08892711e-02+7.42351488e-03j,
            9.95385996e-01-1.76857145e-02j,
            6.17142027e-02-1.72066067e-04j],
          [-4.27605376e-05+1.55543617e-05j,
            2.14319972e-03-5.21140245e-04j,
           -6.07627576e-02+1.07962822e-02j,
            9.85214685e-01-1.59807648e-01j]],
         input_dims=(2, 2), output_dims=(2, 2))"
"Operator([[ 9.85214685e-01-1.59807648e-01j,
            6.16419995e-02-2.98936844e-03j,
            2.20535913e-03+3.58231701e-05j,
            4.54764666e-05+1.51417621e-06j],
          [-6.11922921e-02+8.01098039e-03j,
            9.95385996e-01-1.76857145e-02j,
            7.12579772e-02+1.64256501e-03j,
            2.20535913e-03+3.58231701e-05j],
          [ 2.18180009e-03-3.23481902e-04j,
           -7.11542676e-02+4.17941696e-03j,
            9.95385996e-01-1.76857145e-02j,
            6.16419995e-02-2.98936844e-03j],
          [-4.44842499e-05+9.56834638e-06j,
            2.18180009e-03-3.23481902e-04j,
           -6.11922921e-02+8.01098039e-03j,
            9.85214685e-01-1.59807648e-01j]],
         input_dims=(2, 2), output_dims=(2, 2))"
"Operator([[ 9.85214685e-01-1.59807648e-01j,
            6.15529301e-02-4.46197440e-03j,
            2.20455105e-03-6.96192873e-05j,
            4.54680650e-05-1.74837309e-06j],
          [-6.13662982e-02+6.54598089e-03j,
            9.95385996e-01-1.76857145e-02j,
            7.12768797e-02-6.12200425e-05j,
            2.20455105e-03-6.96192873e-05j],
          [ 2.19476712e-03-2.18836687e-04j,
           -7.12338395e-02+2.47738608e-03j,
            9.95385996e-01-1.76857145e-02j,
            6.15529301e-02-4.46197440e-03j],
          [-4.50555277e-05+6.35619131e-06j,
            2.19476712e-03-2.18836687e-04j,
           -6.13662982e-02+6.54598089e-03j,
            9.85214685e-01-1.59807648e-01j]],
         input_dims=(2, 2), output_dims=(2, 2))"
"Operator([[ 9.85214685e-01-1.59807648e-01j,
            6.15572141e-02-4.40247774e-03j,
            2.20468152e-03-6.53574995e-05j,
            4.54729436e-05-1.61652312e-06j],
          [-6.13599425e-02+6.60529202e-03j,
            9.95385996e-01-1.76857145e-02j,
            7.12769056e-02+7.67333528e-06j,
            2.20468152e-03-6.53574995e-05j],
          [ 2.19433998e-03-2.23079022e-04j,
           -7.12314117e-02+2.54623667e-03j,
            9.95385996e-01-1.76857145e-02j,
            6.15572141e-02-4.40247774e-03j],
          [-4.50369074e-05+6.48681097e-06j,
            2.19433998e-03-2.23079022e-04j,
           -6.13599425e-02+6.60529202e-03j,
            9.85214685e-01-1.59807648e-01j]],
         input_dims=(2, 2), output_dims=(2, 2))"
"Operator([[ 9.85214685e-01-1.59807648e-01j,
            6.16551892e-02-2.70371297e-03j,
            2.20493246e-03+5.62588451e-05j,
            4.54510253e-05+2.14616888e-06j],
          [-6.11545157e-02+8.29443401e-03j,
            9.95385996e-01-1.76857145e-02j,
            7.12496012e-02+1.97272719e-03j,
            2.20493246e-03+5.62588451e-05j],
          [ 2.17870868e-03-3.43686902e-04j,
           -7.11341381e-02+4.50907136e-03j,
            9.95385996e-01-1.76857145e-02j,
            6.16551892e-02-2.70371297e-03j],
          [-4.43469487e-05+1.01857687e-05j,
            2.17870868e-03-3.43686902e-04j,
           -6.11545157e-02+8.29443401e-03j,
            9.85214685e-01-1.59807648e-01j]],
         input_dims=(2, 2), output_dims=(2, 2))"
"Operator([[ 9.85214685e-01-1.59807648e-01j,
            5.50476864e-03+6.14684467e-02j,
           -2.20092402e-03+1.44310927e-04j,
           -4.05752853e-06-4.53203950e-05j],
          [ 5.50476864e-03+6.14684467e-02j,
            9.95385996e-01-1.76857145e-02j,
            1.26948548e-03+7.12656000e-02j,
           -2.20092402e-03+1.44310927e-04j],
          [-2.20092402e-03+1.44310927e-04j,
            1.26948548e-03+7.12656000e-02j,
            9.95385996e-01-1.76857145e-02j,
            5.50476864e-03+6.14684467e-02j],
          [-4.05752853e-06-4.53203950e-05j,
           -2.20092402e-03+1.44310927e-04j,
            5.50476864e-03+6.14684467e-02j,
            9.85214685e-01-1.59807648e-01j]],
         input_dims=(2, 2), output_dims=(2, 2))"
"Operator([[ 9.85214685e-01-1.59807648e-01j,
            6.16652031e-02+2.46478291e-03j,
            2.16467464e-03+4.23173610e-04j,
            4.34894712e-05+1.33816155e-05j],
          [-6.02460125e-02+1.33824662e-02j,
            9.95385996e-01-1.76857145e-02j,
            7.08346658e-02+7.92763810e-03j,
            2.16467464e-03+4.23173610e-04j],
          [ 2.09088553e-03-7.02203610e-04j,
           -7.05073784e-02+1.04454261e-02j,
            9.95385996e-01-1.76857145e-02j,
            6.16652031e-02+2.46478291e-03j],
          [-4.04207724e-05+2.08940877e-05j,
            2.09088553e-03-7.02203610e-04j,
           -6.02460125e-02+1.33824662e-02j,
            9.85214685e-01-1.59807648e-01j]],
         input_dims=(2, 2), output_dims=(2, 2))"
"Operator([[ 9.85214685e-01-1.59807648e-01j,
            6.14651738e-02+5.54119371e-03j,
            2.11166492e-03+6.36995660e-04j,
            4.10038000e-05+1.97253677e-05j],
          [-5.95025380e-02+1.63743821e-02j,
            9.95385996e-01-1.76857145e-02j,
            7.03503873e-02+1.14551447e-02j,
            2.11166492e-03+6.36995660e-04j],
          [ 2.01040977e-03-9.07273240e-04j,
           -6.98977729e-02+1.39534469e-02j,
            9.95385996e-01-1.76857145e-02j,
            6.14651738e-02+5.54119371e-03j],
          [-3.68477547e-05+2.66954063e-05j,
            2.01040977e-03-9.07273240e-04j,
           -5.95025380e-02+1.63743821e-02j,
            9.85214685e-01-1.59807648e-01j]],
         input_dims=(2, 2), output_dims=(2, 2))"
"Operator([[ 9.85214685e-01-1.59807648e-01j,
            6.11126009e-02+8.59781561e-03j,
            2.03775492e-03+8.44065809e-04j,
            3.76062550e-05+2.56158414e-05j],
          [-5.86124634e-02+1.93197195e-02j,
            9.95385996e-01-1.76857145e-02j,
            6.96920119e-02+1.49472677e-02j,
            2.03775492e-03+8.44065809e-04j],
          [ 1.91009432e-03-1.10291972e-03j,
           -6.91154412e-02+1.74199059e-02j,
            9.95385996e-01-1.76857145e-02j,
            6.11126009e-02+8.59781561e-03j],
          [-3.24578839e-05+3.18886738e-05j,
            1.91009432e-03-1.10291972e-03j,
           -5.86124634e-02+1.93197195e-02j,
            9.85214685e-01-1.59807648e-01j]],
         input_dims=(2, 2), output_dims=(2, 2))"
"Operator([[ 9.85214685e-01-1.59807648e-01j,
            5.50476864e-03+6.14684467e-02j,
           -2.20092402e-03+1.44310927e-04j,
           -4.05752853e-06-4.53203950e-05j],
          [ 5.50476864e-03+6.14684467e-02j,
            9.95385996e-01-1.76857145e-02j,
            1.26948548e-03+7.12656000e-02j,
           -2.20092402e-03+1.44310927e-04j],
          [-2.20092402e-03+1.44310927e-04j,
            1.26948548e-03+7.12656000e-02j,
            9.95385996e-01-1.76857145e-02j,
            5.50476864e-03+6.14684467e-02j],
          [-4.05752853e-06-4.53203950e-05j,
           -2.20092402e-03+1.44310927e-04j,
            5.50476864e-03+6.14684467e-02j,
            9.85214685e-01-1.59807648e-01j]],
         input_dims=(2, 2), output_dims=(2, 2))"
