unitary
"Operator([[ 8.69959337e-01-4.58005189e-01j,
           -1.52900837e-01-9.81730924e-02j,
            1.72686218e-03+1.95169751e-02j,
            7.65034907e-04-9.46864635e-04j],
          [ 8.10978714e-02-1.62603067e-01j,
            9.59166425e-01-4.90174130e-02j,
           -1.48396850e-01-1.48912457e-01j,
            1.72686218e-03+1.95169751e-02j],
          [-5.87476030e-03-1.86917512e-02j,
            1.32026962e-01-1.63601425e-01j,
            9.59166425e-01-4.90174130e-02j,
           -1.52900837e-01-9.81730924e-02j],
          [-1.14132823e-03-4.23321296e-04j,
           -5.87476030e-03-1.86917512e-02j,
            8.10978714e-02-1.62603067e-01j,
            8.69959337e-01-4.58005189e-01j]],
         input_dims=(2, 2), output_dims=(2, 2))"
"Operator([[ 8.69959337e-01-0.45800519j,  4.82361054e-02+0.17518533j,
           -1.92166063e-02+0.00382314j, -3.22371794e-04-0.00117384j],
          [ 4.82361054e-02+0.17518533j,  9.59166425e-01-0.04901741j,
            1.09970339e-02+0.20994192j, -1.92166063e-02+0.00382314j],
          [-1.92166063e-02+0.00382314j,  1.09970339e-02+0.20994192j,
            9.59166425e-01-0.04901741j,  4.82361054e-02+0.17518533j],
          [-3.22371794e-04-0.00117384j, -1.92166063e-02+0.00382314j,
            4.82361054e-02+0.17518533j,  8.69959337e-01-0.45800519j]],
         input_dims=(2, 2), output_dims=(2, 2))"
"Operator([[ 8.69959337e-01-0.45800519j,  4.82361054e-02+0.17518533j,
           -1.92166063e-02+0.00382314j, -3.22371794e-04-0.00117384j],
          [ 4.82361054e-02+0.17518533j,  9.59166425e-01-0.04901741j,
            1.09970339e-02+0.20994192j, -1.92166063e-02+0.00382314j],
          [-1.92166063e-02+0.00382314j,  1.09970339e-02+0.20994192j,
            9.59166425e-01-0.04901741j,  4.82361054e-02+0.17518533j],
          [-3.22371794e-04-0.00117384j, -1.92166063e-02+0.00382314j,
            4.82361054e-02+0.17518533j,  8.69959337e-01-0.45800519j]],
         input_dims=(2, 2), output_dims=(2, 2))"
"Operator([[ 8.69959337e-01-0.45800519j,  4.82361054e-02+0.17518533j,
           -1.92166063e-02+0.00382314j, -3.22371794e-04-0.00117384j],
          [ 4.82361054e-02+0.17518533j,  9.59166425e-01-0.04901741j,
            1.09970339e-02+0.20994192j, -1.92166063e-02+0.00382314j],
          [-1.92166063e-02+0.00382314j,  1.09970339e-02+0.20994192j,
            9.59166425e-01-0.04901741j,  4.82361054e-02+0.17518533j],
          [-3.22371794e-04-0.00117384j, -1.92166063e-02+0.00382314j,
            4.82361054e-02+0.17518533j,  8.69959337e-01-0.45800519j]],
         input_dims=(2, 2), output_dims=(2, 2))"
"Operator([[ 8.69959337e-01-0.45800519j, -1.15918489e-01+0.13992686j,
            3.00262185e-03-0.01936178j,  6.13349374e-04+0.00105149j],
          [ 1.71206277e-01+0.06086898j,  9.59166425e-01-0.04901741j,
           -1.65742662e-01+0.12932871j,  3.00262185e-03-0.01936178j],
          [ 1.01847032e-02+0.01673817j,  1.78347363e-01+0.11130482j,
            9.59166425e-01-0.04901741j, -1.15918489e-01+0.13992686j],
          [ 9.71801611e-06+0.00121727j,  1.01847032e-02+0.01673817j,
            1.71206277e-01+0.06086898j,  8.69959337e-01-0.45800519j]],
         input_dims=(2, 2), output_dims=(2, 2))"
"Operator([[ 0.86995934-4.58005189e-01j, -0.02786822+1.79554963e-01j,
           -0.01561038-1.18410461e-02j,  0.00102431-6.57743164e-04j],
          [ 0.11585082+1.39982891e-01j,  0.95916643-4.90174130e-02j,
           -0.07608708+1.95977807e-01j, -0.01561038-1.18410461e-02j],
          [-0.00988952+1.69142486e-02j,  0.09614566+1.86956029e-01j,
            0.95916643-4.90174130e-02j, -0.02786822+1.79554963e-01j],
          [-0.00121657-4.23328729e-05j, -0.00988952+1.69142486e-02j,
            0.11585082+1.39982891e-01j,  0.86995934-4.58005189e-01j]],
         input_dims=(2, 2), output_dims=(2, 2))"
"Operator([[ 8.69959337e-01-0.45800519j,  1.66349472e-01+0.07310592j,
            7.66031486e-03+0.01803369j, -2.53081881e-04+0.00119071j],
          [-1.05482383e-01+0.147953j  ,  9.59166425e-01-0.04901741j,
            1.69819853e-01+0.12392644j,  7.66031486e-03+0.01803369j],
          [ 1.74599097e-04-0.01959244j, -1.55943164e-01+0.14099034j,
            9.59166425e-01-0.04901741j,  1.66349472e-01+0.07310592j],
          [ 8.25722714e-04+0.00089443j,  1.74599097e-04-0.01959244j,
           -1.05482383e-01+0.147953j  ,  8.69959337e-01-0.45800519j]],
         input_dims=(2, 2), output_dims=(2, 2))"
"Operator([[ 8.69959337e-01-0.45800519j,  4.82361054e-02+0.17518533j,
           -1.92166063e-02+0.00382314j, -3.22371794e-04-0.00117384j],
          [ 4.82361054e-02+0.17518533j,  9.59166425e-01-0.04901741j,
            1.09970339e-02+0.20994192j, -1.92166063e-02+0.00382314j],
          [-1.92166063e-02+0.00382314j,  1.09970339e-02+0.20994192j,
            9.59166425e-01-0.04901741j,  4.82361054e-02+0.17518533j],
          [-3.22371794e-04-0.00117384j, -1.92166063e-02+0.00382314j,
            4.82361054e-02+0.17518533j,  8.69959337e-01-0.45800519j]],
         input_dims=(2, 2), output_dims=(2, 2))"
"Operator([[ 8.69959337e-01-0.45800519j,  1.14970781e-01-0.14070658j,
            2.74081534e-03-0.01940057j, -6.34527454e-04-0.00103885j],
          [-1.70791263e-01-0.06202392j,  9.59166425e-01-0.04901741j,
            1.64865397e-01-0.13044518j,  2.74081534e-03-0.01940057j],
          [ 9.95768040e-03+0.01687421j, -1.77591543e-01-0.11250684j,
            9.59166425e-01-0.04901741j,  1.14970781e-01-0.14070658j],
          [ 1.49466825e-05-0.00121721j,  9.95768040e-03+0.01687421j,
           -1.70791263e-01-0.06202392j,  8.69959337e-01-0.45800519j]],
         input_dims=(2, 2), output_dims=(2, 2))"
"Operator([[ 8.69959337e-01-0.45800519j,  4.82361054e-02+0.17518533j,
           -1.92166063e-02+0.00382314j, -3.22371794e-04-0.00117384j],
          [ 4.82361054e-02+0.17518533j,  9.59166425e-01-0.04901741j,
            1.09970339e-02+0.20994192j, -1.92166063e-02+0.00382314j],
          [-1.92166063e-02+0.00382314j,  1.09970339e-02+0.20994192j,
            9.59166425e-01-0.04901741j,  4.82361054e-02+0.17518533j],
          [-3.22371794e-04-0.00117384j, -1.92166063e-02+0.00382314j,
            4.82361054e-02+0.17518533j,  8.69959337e-01-0.45800519j]],
         input_dims=(2, 2), output_dims=(2, 2))"
"Operator([[ 8.69959337e-01-0.45800519j,  4.82361054e-02+0.17518533j,
           -1.92166063e-02+0.00382314j, -3.22371794e-04-0.00117384j],
          [ 4.82361054e-02+0.17518533j,  9.59166425e-01-0.04901741j,
            1.09970339e-02+0.20994192j, -1.92166063e-02+0.00382314j],
          [-1.92166063e-02+0.00382314j,  1.09970339e-02+0.20994192j,
            9.59166425e-01-0.04901741j,  4.82361054e-02+0.17518533j],
          [-3.22371794e-04-0.00117384j, -1.92166063e-02+0.00382314j,
            4.82361054e-02+0.17518533j,  8.69959337e-01-0.45800519j]],
         input_dims=(2, 2), output_dims=(2, 2))"
"Operator([[ 0.86995934-4.58005189e-01j,  0.05581904-1.72918643e-01j,
           -0.01114904-1.61118964e-02j, -0.0012117 +1.16712679e-04j],
          [-0.13646519-1.19974471e-01j,  0.95916643-4.90174130e-02j,
            0.10602362-1.81536602e-01j, -0.01114904-1.61118964e-02j],
          [-0.00413323+1.91523040e-02j, -0.12440961-1.69466207e-01j,
            0.95916643-4.90174130e-02j,  0.05581904-1.72918643e-01j],
          [ 0.00110135-5.18517772e-04j, -0.00413323+1.91523040e-02j,
           -0.13646519-1.19974471e-01j,  0.86995934-4.58005189e-01j]],
         input_dims=(2, 2), output_dims=(2, 2))"
"Operator([[ 0.86995934-4.58005189e-01j, -0.03261973+1.78752832e-01j,
           -0.01496066-1.26519935e-02j,  0.00107334-5.74253261e-04j],
          [ 0.11952205+1.36861613e-01j,  0.95916643-4.90174130e-02j,
           -0.08125713+1.93891266e-01j, -0.01496066-1.26519935e-02j],
          [-0.00897888+1.74147641e-02j,  0.10106943+1.84340761e-01j,
            0.95916643-4.90174130e-02j, -0.03261973+1.78752832e-01j],
          [-0.00121608+5.44907211e-05j, -0.00897888+1.74147641e-02j,
            0.11952205+1.36861613e-01j,  0.86995934-4.58005189e-01j]],
         input_dims=(2, 2), output_dims=(2, 2))"
"Operator([[ 8.69959337e-01-0.45800519j,  4.82361054e-02+0.17518533j,
           -1.92166063e-02+0.00382314j, -3.22371794e-04-0.00117384j],
          [ 4.82361054e-02+0.17518533j,  9.59166425e-01-0.04901741j,
            1.09970339e-02+0.20994192j, -1.92166063e-02+0.00382314j],
          [-1.92166063e-02+0.00382314j,  1.09970339e-02+0.20994192j,
            9.59166425e-01-0.04901741j,  4.82361054e-02+0.17518533j],
          [-3.22371794e-04-0.00117384j, -1.92166063e-02+0.00382314j,
            4.82361054e-02+0.17518533j,  8.69959337e-01-0.45800519j]],
         input_dims=(2, 2), output_dims=(2, 2))"
