unitary
"Operator([[ 8.86340847e-01-0.43033515j, -1.46334727e-01-0.08662742j,
            3.12443576e-03+0.01681242j,  5.04924787e-04-0.00085276j],
          [ 8.66927222e-02-0.14629605j,  9.64342661e-01-0.04628868j,
           -1.45760611e-01-0.13207518j,  3.12443576e-03+0.01681242j],
          [-3.10942740e-03-0.0168152j ,  1.32140218e-01-0.14570165j,
            9.64342661e-01-0.04628868j, -1.46334727e-01-0.08662742j],
          [-8.52083682e-04-0.00050607j, -3.10942740e-03-0.0168152j ,
            8.66927222e-02-0.14629605j,  8.86340847e-01-0.43033515j]],
         input_dims=(2, 2), output_dims=(2, 2))"
"Operator([[ 8.86340847e-01-0.43033515j, -1.69618747e-01-0.01215085j,
            1.53145775e-02+0.0076081j , -7.47396214e-04-0.00065081j],
          [ 1.42905183e-01-0.09217522j,  9.64342661e-01-0.04628868j,
           -1.89403128e-01-0.05307036j,  1.53145775e-02+0.0076081j ],
          [ 1.15699118e-02-0.01259192j,  1.83302574e-01-0.07134546j,
            9.64342661e-01-0.04628868j, -1.69618747e-01-0.01215085j],
          [ 3.43640371e-04-0.00092955j,  1.15699118e-02-0.01259192j,
            1.42905183e-01-0.09217522j,  8.86340847e-01-0.43033515j]],
         input_dims=(2, 2), output_dims=(2, 2))"
"Operator([[ 8.86340847e-01-4.30335148e-01j,
           -1.50844955e-01+7.85109030e-02j,
            1.36982845e-02-1.02360357e-02j,
           -5.86264705e-04+7.99026418e-04j],
          [ 1.70014282e-01-3.64779174e-03j,
            9.64342661e-01-4.62886825e-02j,
           -1.89134215e-01+5.40208901e-02j,
            1.36982845e-02-1.02360357e-02j],
          [ 1.64570789e-02+4.64585587e-03j,
            1.93511898e-01+3.52583803e-02j,
            9.64342661e-01-4.62886825e-02j,
           -1.50844955e-01+7.85109030e-02j],
          [ 8.97681647e-04+4.19901395e-04j,
            1.64570789e-02+4.64585587e-03j,
            1.70014282e-01-3.64779174e-03j,
            8.86340847e-01-4.30335148e-01j]],
         input_dims=(2, 2), output_dims=(2, 2))"
"Operator([[ 8.86340847e-01-0.43033515j,  4.21826807e-02+0.16473853j,
           -1.68138086e-02+0.00311693j, -2.45314235e-04-0.00096019j],
          [ 4.21826807e-02+0.16473853j,  9.64342661e-01-0.04628868j,
            9.63322217e-03+0.19646172j, -1.68138086e-02+0.00311693j],
          [-1.68138086e-02+0.00311693j,  9.63322217e-03+0.19646172j,
            9.64342661e-01-0.04628868j,  4.21826807e-02+0.16473853j],
          [-2.45314235e-04-0.00096019j, -1.68138086e-02+0.00311693j,
            4.21826807e-02+0.16473853j,  8.86340847e-01-0.43033515j]],
         input_dims=(2, 2), output_dims=(2, 2))"
"Operator([[ 8.86340847e-01-0.43033515j,  4.21826807e-02+0.16473853j,
           -1.68138086e-02+0.00311693j, -2.45314235e-04-0.00096019j],
          [ 4.21826807e-02+0.16473853j,  9.64342661e-01-0.04628868j,
            9.63322217e-03+0.19646172j, -1.68138086e-02+0.00311693j],
          [-1.68138086e-02+0.00311693j,  9.63322217e-03+0.19646172j,
            9.64342661e-01-0.04628868j,  4.21826807e-02+0.16473853j],
          [-2.45314235e-04-0.00096019j, -1.68138086e-02+0.00311693j,
            4.21826807e-02+0.16473853j,  8.86340847e-01-0.43033515j]],
         input_dims=(2, 2), output_dims=(2, 2))"
"Operator([[ 8.86340847e-01-0.43033515j,  6.15798969e-02+0.15851208j,
           -1.55928172e-02+0.00702022j, -5.67522614e-04-0.00081245j],
          [ 2.21800772e-02+0.16860073j,  9.64342661e-01-0.04628868j,
            3.30575572e-02+0.19389999j, -1.55928172e-02+0.00702022j],
          [-1.70730456e-02-0.00096464j, -1.39293646e-02+0.19620393j,
            9.64342661e-01-0.04628868j,  6.15798969e-02+0.15851208j],
          [ 1.08277486e-04-0.0009851j , -1.70730456e-02-0.00096464j,
            2.21800772e-02+0.16860073j,  8.86340847e-01-0.43033515j]],
         input_dims=(2, 2), output_dims=(2, 2))"
"Operator([[ 8.86340847e-01-4.30335148e-01j,
            1.14679797e-01+1.25565547e-01j,
           -6.79446829e-03+1.56925022e-02j,
           -9.80248090e-04+1.45819074e-04j],
          [-4.02194689e-02+1.65228801e-01j,
            9.64342661e-01-4.62886825e-02j,
            1.00866091e-01+1.68866929e-01j,
           -6.79446829e-03+1.56925022e-02j],
          [-1.19678229e-02-1.22143620e-02j,
           -8.38616504e-02+1.77924792e-01j,
            9.64342661e-01-4.62886825e-02j,
            1.14679797e-01+1.25565547e-01j],
          [ 9.30066553e-04-3.42236361e-04j,
           -1.19678229e-02-1.22143620e-02j,
           -4.02194689e-02+1.65228801e-01j,
            8.86340847e-01-4.30335148e-01j]],
         input_dims=(2, 2), output_dims=(2, 2))"
"Operator([[ 8.86340847e-01-0.43033515j,  1.50153904e-01+0.0798246j ,
            4.65187291e-03+0.01645538j, -3.83142592e-04+0.00091398j],
          [-9.33113691e-02+0.14216593j,  9.64342661e-01-0.04628868j,
            1.51664856e-01+0.12525087j,  4.65187291e-03+0.01645538j],
          [-1.55550813e-03-0.01702938j, -1.38683776e-01+0.1394877j ,
            9.64342661e-01-0.04628868j,  1.50153904e-01+0.0798246j ],
          [ 7.74587774e-04+0.00061819j, -1.55550813e-03-0.01702938j,
           -9.33113691e-02+0.14216593j,  8.86340847e-01-0.43033515j]],
         input_dims=(2, 2), output_dims=(2, 2))"
"Operator([[ 8.86340847e-01-0.43033515j,  1.67153799e-01+0.03126931j,
            1.32112421e-02+0.01085737j,  4.87357772e-04+0.00086292j],
          [-1.31555142e-01+0.10775624j,  9.64342661e-01-0.04628868j,
            1.82180019e-01+0.07416501j,  1.32112421e-02+0.01085737j],
          [ 8.44166600e-03-0.01487137j, -1.74050384e-01+0.09163226j,
            9.64342661e-01-0.04628868j,  1.67153799e-01+0.03126931j],
          [-1.37255888e-05+0.00099094j,  8.44166600e-03-0.01487137j,
           -1.31555142e-01+0.10775624j,  8.86340847e-01-0.43033515j]],
         input_dims=(2, 2), output_dims=(2, 2))"
"Operator([[ 8.86340847e-01-0.43033515j,  4.21826807e-02+0.16473853j,
           -1.68138086e-02+0.00311693j, -2.45314235e-04-0.00096019j],
          [ 4.21826807e-02+0.16473853j,  9.64342661e-01-0.04628868j,
            9.63322217e-03+0.19646172j, -1.68138086e-02+0.00311693j],
          [-1.68138086e-02+0.00311693j,  9.63322217e-03+0.19646172j,
            9.64342661e-01-0.04628868j,  4.21826807e-02+0.16473853j],
          [-2.45314235e-04-0.00096019j, -1.68138086e-02+0.00311693j,
            4.21826807e-02+0.16473853j,  8.86340847e-01-0.43033515j]],
         input_dims=(2, 2), output_dims=(2, 2))"
"Operator([[ 8.86340847e-01-0.43033515j,  4.21826807e-02+0.16473853j,
           -1.68138086e-02+0.00311693j, -2.45314235e-04-0.00096019j],
          [ 4.21826807e-02+0.16473853j,  9.64342661e-01-0.04628868j,
            9.63322217e-03+0.19646172j, -1.68138086e-02+0.00311693j],
          [-1.68138086e-02+0.00311693j,  9.63322217e-03+0.19646172j,
            9.64342661e-01-0.04628868j,  4.21826807e-02+0.16473853j],
          [-2.45314235e-04-0.00096019j, -1.68138086e-02+0.00311693j,
            4.21826807e-02+0.16473853j,  8.86340847e-01-0.43033515j]],
         input_dims=(2, 2), output_dims=(2, 2))"
"Operator([[ 8.86340847e-01-4.30335148e-01j,
            1.63170401e-01-4.78913614e-02j,
            1.65562074e-02-4.27918459e-03j,
            9.29384953e-04-3.44083026e-04j],
          [-1.66107003e-01+3.64228757e-02j,
            9.64342661e-01-4.62886825e-02j,
            1.96007356e-01-1.64658529e-02j,
            1.65562074e-02-4.27918459e-03j],
          [ 1.69899229e-02-1.93957321e-03j,
           -1.96677985e-01+2.78891619e-03j,
            9.64342661e-01-4.62886825e-02j,
            1.63170401e-01-4.78913614e-02j],
          [-9.80535789e-04+1.43871774e-04j,
            1.69899229e-02-1.93957321e-03j,
           -1.66107003e-01+3.64228757e-02j,
            8.86340847e-01-4.30335148e-01j]],
         input_dims=(2, 2), output_dims=(2, 2))"
"Operator([[ 8.86340847e-01-4.30335148e-01j,
            9.77986179e-02+1.39117190e-01j,
           -1.05300287e-02+1.34736008e-02j,
           -9.63914845e-04-2.30255710e-04j],
          [-1.89027456e-02+1.68999552e-01j,
            9.64342661e-01-4.62886825e-02j,
            7.85957841e-02+1.80312814e-01j,
           -1.05300287e-02+1.34736008e-02j],
          [-1.46598205e-02-8.80392449e-03j,
           -6.05784022e-02+1.87137023e-01j,
            9.64342661e-01-4.62886825e-02j,
            9.77986179e-02+1.39117190e-01j],
          [ 7.35346790e-04-6.64390411e-04j,
           -1.46598205e-02-8.80392449e-03j,
           -1.89027456e-02+1.68999552e-01j,
            8.86340847e-01-4.30335148e-01j]],
         input_dims=(2, 2), output_dims=(2, 2))"
"Operator([[ 8.86340847e-01-0.43033515j,  4.21826807e-02+0.16473853j,
           -1.68138086e-02+0.00311693j, -2.45314235e-04-0.00096019j],
          [ 4.21826807e-02+0.16473853j,  9.64342661e-01-0.04628868j,
            9.63322217e-03+0.19646172j, -1.68138086e-02+0.00311693j],
          [-1.68138086e-02+0.00311693j,  9.63322217e-03+0.19646172j,
            9.64342661e-01-0.04628868j,  4.21826807e-02+0.16473853j],
          [-2.45314235e-04-0.00096019j, -1.68138086e-02+0.00311693j,
            4.21826807e-02+0.16473853j,  8.86340847e-01-0.43033515j]],
         input_dims=(2, 2), output_dims=(2, 2))"
"Operator([[ 8.86340847e-01-0.43033515j,  4.21826807e-02+0.16473853j,
           -1.68138086e-02+0.00311693j, -2.45314235e-04-0.00096019j],
          [ 4.21826807e-02+0.16473853j,  9.64342661e-01-0.04628868j,
            9.63322217e-03+0.19646172j, -1.68138086e-02+0.00311693j],
          [-1.68138086e-02+0.00311693j,  9.63322217e-03+0.19646172j,
            9.64342661e-01-0.04628868j,  4.21826807e-02+0.16473853j],
          [-2.45314235e-04-0.00096019j, -1.68138086e-02+0.00311693j,
            4.21826807e-02+0.16473853j,  8.86340847e-01-0.43033515j]],
         input_dims=(2, 2), output_dims=(2, 2))"
