unitary
"Operator([[ 0.62259735-0.7185402j , -0.04541934+0.300967j  ,
           -0.03606096-0.04568693j,  0.00629262-0.00108824j],
          [ 0.27075463+0.13905389j,  0.87971529-0.07024829j,
           -0.18066786+0.30412757j, -0.03606096-0.04568693j],
          [ 0.00109678+0.05819352j,  0.23060626+0.26824468j,
            0.87971529-0.07024829j, -0.04541934+0.300967j  ],
          [-0.00459335+0.0044365j ,  0.00109678+0.05819352j,
            0.27075463+0.13905389j,  0.62259735-0.7185402j ]],
         input_dims=(2, 2), output_dims=(2, 2))"
"Operator([[ 0.62259735-0.7185402j ,  0.13873702+0.27091713j,
           -0.05480338+0.01960301j, -0.00289008-0.00569463j],
          [ 0.13873702+0.27091713j,  0.87971529-0.07024829j,
            0.03074665+0.35240473j, -0.05480338+0.01960301j],
          [-0.05480338+0.01960301j,  0.03074665+0.35240473j,
            0.87971529-0.07024829j,  0.13873702+0.27091713j],
          [-0.00289008-0.00569463j, -0.05480338+0.01960301j,
            0.13873702+0.27091713j,  0.62259735-0.7185402j ]],
         input_dims=(2, 2), output_dims=(2, 2))"
"Operator([[ 0.62259735-0.7185402j ,  0.13873702+0.27091713j,
           -0.05480338+0.01960301j, -0.00289008-0.00569463j],
          [ 0.13873702+0.27091713j,  0.87971529-0.07024829j,
            0.03074665+0.35240473j, -0.05480338+0.01960301j],
          [-0.05480338+0.01960301j,  0.03074665+0.35240473j,
            0.87971529-0.07024829j,  0.13873702+0.27091713j],
          [-0.00289008-0.00569463j, -0.05480338+0.01960301j,
            0.13873702+0.27091713j,  0.62259735-0.7185402j ]],
         input_dims=(2, 2), output_dims=(2, 2))"
"Operator([[ 6.22597347e-01-0.7185402j ,  2.47081571e-01+0.17774912j,
           -1.60569980e-02+0.05594517j, -6.06081695e-03+0.00201193j],
          [-1.85266029e-04+0.3043748j ,  8.79715286e-01-0.07024829j,
            1.88178761e-01+0.29953832j, -1.60569980e-02+0.05594517j],
          [-4.78970964e-02-0.03306897j, -1.33462048e-01+0.32760088j,
            8.79715286e-01-0.07024829j,  2.47081571e-01+0.17774912j],
          [ 5.20204211e-03-0.00370407j, -4.78970964e-02-0.03306897j,
           -1.85266029e-04+0.3043748j ,  6.22597347e-01-0.7185402j ]],
         input_dims=(2, 2), output_dims=(2, 2))"
"Operator([[ 0.62259735-7.18540202e-01j,  0.22343038+2.06695228e-01j,
           -0.02918623+5.03572480e-02j, -0.00637863-3.07344545e-04j],
          [ 0.03712548+3.02102219e-01j,  0.87971529-7.02482895e-02j,
            0.1500432 +3.20345893e-01j, -0.02918623+5.03572480e-02j],
          [-0.05450363-2.04216255e-02j, -0.09229928+3.41489818e-01j,
            0.87971529-7.02482895e-02j,  0.22343038+2.06695228e-01j],
          [ 0.00351771-5.32982946e-03j, -0.05450363-2.04216255e-02j,
            0.03712548+3.02102219e-01j,  0.62259735-7.18540202e-01j]],
         input_dims=(2, 2), output_dims=(2, 2))"
"Operator([[ 6.22597347e-01-0.7185402j , -1.32879577e-01+0.27383767j,
           -3.73370658e-03-0.05808398j,  4.73844525e-03+0.00428118j],
          [ 2.99859888e-01+0.05223121j,  8.79715286e-01-0.07024829j,
           -2.62947405e-01+0.23662865j, -3.73370658e-03-0.05808398j],
          [ 3.39527851e-02+0.0472747j ,  2.99953280e-01+0.18751662j,
            8.79715286e-01-0.07024829j, -1.32879577e-01+0.27383767j],
          [ 6.58012413e-04+0.00635204j,  3.39527851e-02+0.0472747j ,
            2.99859888e-01+0.05223121j,  6.22597347e-01-0.7185402j ]],
         input_dims=(2, 2), output_dims=(2, 2))"
"Operator([[ 0.62259735-0.7185402j ,  0.13873702+0.27091713j,
           -0.05480338+0.01960301j, -0.00289008-0.00569463j],
          [ 0.13873702+0.27091713j,  0.87971529-0.07024829j,
            0.03074665+0.35240473j, -0.05480338+0.01960301j],
          [-0.05480338+0.01960301j,  0.03074665+0.35240473j,
            0.87971529-0.07024829j,  0.13873702+0.27091713j],
          [-0.00289008-0.00569463j, -0.05480338+0.01960301j,
            0.13873702+0.27091713j,  0.62259735-0.7185402j ]],
         input_dims=(2, 2), output_dims=(2, 2))"
"Operator([[ 6.22597347e-01-0.7185402j , -3.01578657e-01-0.04116267j,
            3.73373878e-02+0.04464984j, -1.35389920e-03-0.00624086j],
          [ 1.42865299e-01-0.26876301j,  8.79715286e-01-0.07024829j,
           -3.06649735e-01-0.17635304j,  3.73373878e-02+0.04464984j],
          [ 5.47842097e-04-0.05820128j,  2.71475968e-01-0.22679341j,
            8.79715286e-01-0.07024829j, -3.01578657e-01-0.04116267j],
          [-4.23787594e-03-0.00477722j,  5.47842097e-04-0.05820128j,
            1.42865299e-01-0.26876301j,  6.22597347e-01-0.7185402j ]],
         input_dims=(2, 2), output_dims=(2, 2))"
