unitary
"Operator([[ 9.20523801e-01-3.63571888e-01j,
            1.41618612e-01-1.59098578e-02j,
            1.19117749e-02+4.87910432e-04j,
            5.73157843e-04+4.71807651e-05j],
          [-1.35907870e-01+4.28719700e-02j,
            9.75113011e-01-3.95084415e-02j,
            1.64494089e-01+9.18201721e-03j,
            1.19117749e-02+4.87910432e-04j],
          [ 1.12134094e-02-4.04819558e-03j,
           -1.63185408e-01+2.26525352e-02j,
            9.75113011e-01-3.95084415e-02j,
            1.41618612e-01-1.59098578e-02j],
          [-5.04982936e-04+2.75187522e-04j,
            1.12134094e-02-4.04819558e-03j,
           -1.35907870e-01+4.28719700e-02j,
            9.20523801e-01-3.63571888e-01j]],
         input_dims=(2, 2), output_dims=(2, 2))"
"Operator([[ 9.20523801e-01-3.63571888e-01j,
            1.32855099e-01-5.15604255e-02j,
            1.05980194e-02-5.45989218e-03j,
            4.42495294e-04-3.67333435e-04j],
          [-1.42350498e-01+6.72982457e-03j,
            9.75113011e-01-3.95084415e-02j,
            1.61381609e-01-3.31450004e-02j,
            1.05980194e-02-5.45989218e-03j],
          [ 1.17494990e-02+2.01933418e-03j,
           -1.63557586e-01-1.97871329e-02j,
            9.75113011e-01-3.95084415e-02j,
            1.32855099e-01-5.15604255e-02j],
          [-5.53326182e-04-1.56735682e-04j,
            1.17494990e-02+2.01933418e-03j,
           -1.42350498e-01+6.72982457e-03j,
            9.20523801e-01-3.63571888e-01j]],
         input_dims=(2, 2), output_dims=(2, 2))"
"Operator([[ 9.20523801e-01-0.36357189j,  1.20657898e-01-0.07583289j,
            7.80047945e-03-0.0090156j ,  1.72820535e-04-0.00054852j],
          [-1.41041333e-01-0.02040337j,  9.75113011e-01-0.03950844j,
            1.52160470e-01-0.06316491j,  7.80047945e-03-0.0090156j ],
          [ 1.01510083e-02+0.00625184j, -1.56831564e-01-0.05046261j,
            9.75113011e-01-0.03950844j,  1.20657898e-01-0.07583289j],
          [-3.80093384e-04-0.00043158j,  1.01510083e-02+0.00625184j,
           -1.41041333e-01-0.02040337j,  9.20523801e-01-0.36357189j]],
         input_dims=(2, 2), output_dims=(2, 2))"
"Operator([[ 9.20523801e-01-0.36357189j,  1.09611883e-01-0.09107244j,
            5.17400839e-03-0.01074049j, -5.24250645e-05-0.0005727j ],
          [-1.37122341e-01-0.03881261j,  9.75113011e-01-0.03950844j,
            1.42509153e-01-0.08266654j,  5.17400839e-03-0.01074049j],
          [ 8.16498483e-03+0.00868686j, -1.48813484e-01-0.07069061j,
            9.75113011e-01-0.03950844j,  1.09611883e-01-0.09107244j],
          [-1.83925333e-04-0.00054489j,  8.16498483e-03+0.00868686j,
           -1.37122341e-01-0.03881261j,  9.20523801e-01-0.36357189j]],
         input_dims=(2, 2), output_dims=(2, 2))"
"Operator([[ 9.20523801e-01-0.36357189j,  1.01424187e-01-0.10011038j,
            3.26855034e-03-0.01146495j, -1.96165866e-04-0.00054061j],
          [-1.33301935e-01-0.05039394j,  9.75113011e-01-0.03950844j,
            1.34919677e-01-0.09454785j,  3.26855034e-03-0.01146495j],
          [ 6.56567094e-03+0.0099509j , -1.42224822e-01-0.08315476j,
            9.75113011e-01-0.03950844j,  1.01424187e-01-0.10011038j],
          [-3.94973207e-05-0.00057374j,  6.56567094e-03+0.0099509j ,
           -1.33301935e-01-0.05039394j,  9.20523801e-01-0.36357189j]],
         input_dims=(2, 2), output_dims=(2, 2))"
"Operator([[ 9.20523801e-01-0.36357189j,  2.95292899e-02+0.13941656j,
           -1.17829369e-02+0.00181407j, -1.18990440e-04-0.00056265j],
          [ 2.95292899e-02+0.13941656j,  9.75113011e-01-0.03950844j,
            6.76696943e-03+0.16461113j, -1.17829369e-02+0.00181407j],
          [-1.17829369e-02+0.00181407j,  6.76696943e-03+0.16461113j,
            9.75113011e-01-0.03950844j,  2.95292899e-02+0.13941656j],
          [-1.18990440e-04-0.00056265j, -1.17829369e-02+0.00181407j,
            2.95292899e-02+0.13941656j,  9.20523801e-01-0.36357189j]],
         input_dims=(2, 2), output_dims=(2, 2))"
"Operator([[ 9.20523801e-01-0.36357189j, -1.41936613e-01-0.01276529j,
            1.07654489e-02+0.00512187j, -4.44695583e-04-0.00036467j],
          [ 1.24572961e-01-0.06921367j,  9.75113011e-01-0.03950844j,
           -1.59325376e-01-0.04192898j,  1.07654489e-02+0.00512187j],
          [ 8.72634345e-03-0.00812277j,  1.55346300e-01-0.05486476j,
            9.75113011e-01-0.03950844j, -1.41936613e-01-0.01276529j],
          [ 2.58983502e-04-0.00051348j,  8.72634345e-03-0.00812277j,
            1.24572961e-01-0.06921367j,  9.20523801e-01-0.36357189j]],
         input_dims=(2, 2), output_dims=(2, 2))"
"Operator([[ 9.20523801e-01-0.36357189j,  2.95292899e-02+0.13941656j,
           -1.17829369e-02+0.00181407j, -1.18990440e-04-0.00056265j],
          [ 2.95292899e-02+0.13941656j,  9.75113011e-01-0.03950844j,
            6.76696943e-03+0.16461113j, -1.17829369e-02+0.00181407j],
          [-1.17829369e-02+0.00181407j,  6.76696943e-03+0.16461113j,
            9.75113011e-01-0.03950844j,  2.95292899e-02+0.13941656j],
          [-1.18990440e-04-0.00056265j, -1.17829369e-02+0.00181407j,
            2.95292899e-02+0.13941656j,  9.20523801e-01-0.36357189j]],
         input_dims=(2, 2), output_dims=(2, 2))"
"Operator([[ 9.20523801e-01-3.63571888e-01j,
           -7.28235885e-02+1.22497673e-01j,
           -2.75729066e-03-1.15985252e-02j,
            5.16325888e-04+2.53265702e-04j],
          [ 1.16233660e-01+8.24541767e-02j,
            9.75113011e-01-3.95084415e-02j,
           -1.06637349e-01+1.25583003e-01j,
           -2.75729066e-03-1.15985252e-02j],
          [ 8.59052281e-04+1.18907723e-02j,
            1.16585255e-01+1.16406585e-01j,
            9.75113011e-01-3.95084415e-02j,
           -7.28235885e-02+1.22497673e-01j],
          [-3.69582196e-04+4.40618813e-04j,
            8.59052281e-04+1.18907723e-02j,
            1.16233660e-01+8.24541767e-02j,
            9.20523801e-01-3.63571888e-01j]],
         input_dims=(2, 2), output_dims=(2, 2))"
"Operator([[ 9.20523801e-01-3.63571888e-01j,
           -6.22918939e-02+1.28174392e-01j,
           -4.65739366e-03-1.09743848e-02j,
            5.63160086e-04+1.16561809e-04j],
          [ 1.08907816e-01+9.19132334e-02j,
            9.75113011e-01-3.95084415e-02j,
           -9.57276944e-02+1.34085134e-01j,
           -4.65739366e-03-1.09743848e-02j],
          [-1.14079275e-03+1.18670565e-02j,
            1.06410258e-01+1.25775481e-01j,
            9.75113011e-01-3.95084415e-02j,
           -6.22918939e-02+1.28174392e-01j],
          [-4.67751855e-04+3.34580543e-04j,
           -1.14079275e-03+1.18670565e-02j,
            1.08907816e-01+9.19132334e-02j,
            9.20523801e-01-3.63571888e-01j]],
         input_dims=(2, 2), output_dims=(2, 2))"
"Operator([[ 9.20523801e-01-3.63571888e-01j,
           -5.86256181e-02+1.29892231e-01j,
           -5.27313847e-03-1.06921676e-02j,
            5.71038729e-04+6.81961000e-05j],
          [ 1.06252822e-01+9.49699567e-02j,
            9.75113011e-01-3.95084415e-02j,
           -9.18800142e-02+1.36750421e-01j,
           -5.27313847e-03-1.06921676e-02j],
          [-1.81291030e-03+1.17831148e-02j,
            1.02794325e-01+1.28747589e-01j,
            9.75113011e-01-3.95084415e-02j,
           -5.86256181e-02+1.29892231e-01j],
          [-4.94537076e-04+2.93545598e-04j,
           -1.81291030e-03+1.17831148e-02j,
            1.06252822e-01+9.49699567e-02j,
            9.20523801e-01-3.63571888e-01j]],
         input_dims=(2, 2), output_dims=(2, 2))"
"Operator([[ 9.20523801e-01-0.36357189j,  2.95292899e-02+0.13941656j,
           -1.17829369e-02+0.00181407j, -1.18990440e-04-0.00056265j],
          [ 2.95292899e-02+0.13941656j,  9.75113011e-01-0.03950844j,
            6.76696943e-03+0.16461113j, -1.17829369e-02+0.00181407j],
          [-1.17829369e-02+0.00181407j,  6.76696943e-03+0.16461113j,
            9.75113011e-01-0.03950844j,  2.95292899e-02+0.13941656j],
          [-1.18990440e-04-0.00056265j, -1.17829369e-02+0.00181407j,
            2.95292899e-02+0.13941656j,  9.20523801e-01-0.36357189j]],
         input_dims=(2, 2), output_dims=(2, 2))"
