unitary
"Operator([[ 0.27043067-0.86225768j, -0.37625468+0.16660356j,
            0.11681762+0.00696761j, -0.01874234-0.00290297j],
          [ 0.23068556-0.34074698j,  0.76127054-0.06845062j,
           -0.47596719-0.07885223j,  0.11681762+0.00696761j],
          [ 0.05740604-0.1019777j ,  0.44536847-0.1854976j ,
            0.76127054-0.06845062j, -0.37625468+0.16660356j],
          [ 0.00090959-0.018944j  ,  0.05740604-0.1019777j ,
            0.23068556-0.34074698j,  0.27043067-0.86225768j]],
         input_dims=(2, 2), output_dims=(2, 2))"
"Operator([[ 0.27043067-0.86225768j,  0.26391047+0.31571442j,
           -0.10274114+0.05602823j, -0.01199293-0.01469259j],
          [ 0.26391047+0.31571442j,  0.76127054-0.06845062j,
            0.05547413+0.47925469j, -0.10274114+0.05602823j],
          [-0.10274114+0.05602823j,  0.05547413+0.47925469j,
            0.76127054-0.06845062j,  0.26391047+0.31571442j],
          [-0.01199293-0.01469259j, -0.10274114+0.05602823j,
            0.26391047+0.31571442j,  0.27043067-0.86225768j]],
         input_dims=(2, 2), output_dims=(2, 2))"
"Operator([[ 0.27043067-0.86225768j,  0.26391047+0.31571442j,
           -0.10274114+0.05602823j, -0.01199293-0.01469259j],
          [ 0.26391047+0.31571442j,  0.76127054-0.06845062j,
            0.05547413+0.47925469j, -0.10274114+0.05602823j],
          [-0.10274114+0.05602823j,  0.05547413+0.47925469j,
            0.76127054-0.06845062j,  0.26391047+0.31571442j],
          [-0.01199293-0.01469259j, -0.10274114+0.05602823j,
            0.26391047+0.31571442j,  0.27043067-0.86225768j]],
         input_dims=(2, 2), output_dims=(2, 2))"
"Operator([[ 0.27043067-0.86225768j,  0.34193445-0.22892174j,
            0.11225041-0.03308702j,  0.01771196-0.00678153j],
          [-0.28592993+0.2959196j ,  0.76127054-0.06845062j,
            0.48243535-0.00430958j,  0.11225041-0.03308702j],
          [ 0.08860511-0.07644632j, -0.47066316+0.10601237j,
            0.76127054-0.06845062j,  0.34193445-0.22892174j],
          [-0.0101915 +0.01599487j,  0.08860511-0.07644632j,
           -0.28592993+0.2959196j ,  0.27043067-0.86225768j]],
         input_dims=(2, 2), output_dims=(2, 2))"
"Operator([[ 0.27043067-0.86225768j,  0.15657007-0.38053928j,
            0.01204779-0.11640342j, -0.01017691-0.01600416j],
          [-0.40227316+0.08660623j,  0.76127054-0.06845062j,
            0.39833871-0.27219241j,  0.01204779-0.11640342j],
          [ 0.1043807 +0.052911j  , -0.44998564-0.17399815j,
            0.76127054-0.06845062j,  0.15657007-0.38053928j],
          [-0.01364164-0.01317605j,  0.1043807 +0.052911j  ,
           -0.40227316+0.08660623j,  0.27043067-0.86225768j]],
         input_dims=(2, 2), output_dims=(2, 2))"
"Operator([[ 0.27043067-0.86225768j,  0.26391047+0.31571442j,
           -0.10274114+0.05602823j, -0.01199293-0.01469259j],
          [ 0.26391047+0.31571442j,  0.76127054-0.06845062j,
            0.05547413+0.47925469j, -0.10274114+0.05602823j],
          [-0.10274114+0.05602823j,  0.05547413+0.47925469j,
            0.76127054-0.06845062j,  0.26391047+0.31571442j],
          [-0.01199293-0.01469259j, -0.10274114+0.05602823j,
            0.26391047+0.31571442j,  0.27043067-0.86225768j]],
         input_dims=(2, 2), output_dims=(2, 2))"
"Operator([[ 0.27043067-0.86225768j,  0.32134244+0.25702796j,
           -0.07283394+0.09159761j, -0.01819237-0.005361j  ],
          [ 0.19596953+0.36182907j,  0.76127054-0.06845062j,
            0.14952771+0.45869805j, -0.07283394+0.09159761j],
          [-0.11644655+0.01162347j, -0.04078844+0.4807273j ,
            0.76127054-0.06845062j,  0.32134244+0.25702796j],
          [-0.00160879-0.01889747j, -0.11644655+0.01162347j,
            0.19596953+0.36182907j,  0.27043067-0.86225768j]],
         input_dims=(2, 2), output_dims=(2, 2))"
"Operator([[ 0.27043067-0.86225768j,  0.14580295+0.38479323j,
           -0.11536051-0.01966867j,  0.00592307-0.01801721j],
          [ 0.35283885+0.21172879j,  0.76127054-0.06845062j,
           -0.10473291+0.47094952j, -0.11536051-0.01966867j],
          [-0.04593962+0.10763111j,  0.2095477 +0.43457128j,
            0.76127054-0.06845062j,  0.14580295+0.38479323j],
          [-0.01883843+0.00219455j, -0.04593962+0.10763111j,
            0.35283885+0.21172879j,  0.27043067-0.86225768j]],
         input_dims=(2, 2), output_dims=(2, 2))"
"Operator([[ 0.27043067-0.86225768j, -0.03864976+0.40967124j,
           -0.05501316-0.10328822j,  0.01883924+0.00218763j],
          [ 0.41003219+0.03461121j,  0.76127054-0.06845062j,
           -0.30151734+0.37662943j, -0.05501316-0.10328822j],
          [ 0.05703787+0.10218408j,  0.37958214+0.2977916j ,
            0.76127054-0.06845062j, -0.03864976+0.40967124j],
          [-0.00162985+0.01889567j,  0.05703787+0.10218408j,
            0.41003219+0.03461121j,  0.27043067-0.86225768j]],
         input_dims=(2, 2), output_dims=(2, 2))"
"Operator([[ 0.27043067-0.86225768j,  0.058359  -0.40733102j,
           -0.04480788-0.10810716j, -0.01832683-0.00488157j],
          [-0.41122416-0.01479934j,  0.76127054-0.06845062j,
            0.31932754-0.36165226j, -0.04480788-0.10810716j],
          [ 0.06661572+0.0962146j , -0.3935    -0.27914188j,
            0.76127054-0.06845062j,  0.058359  -0.40733102j],
          [-0.00111214-0.01893319j,  0.06661572+0.0962146j ,
           -0.41122416-0.01479934j,  0.27043067-0.86225768j]],
         input_dims=(2, 2), output_dims=(2, 2))"
"Operator([[ 0.27043067-0.86225768j,  0.36191885-0.19580367j,
            0.11645716-0.01151673j,  0.01889967-0.0015828j ],
          [-0.25688065+0.3214602j ,  0.76127054-0.06845062j,
            0.48070856+0.04100876j,  0.11645716-0.01151673j],
          [ 0.07274995-0.09166433j, -0.45862947+0.14973793j,
            0.76127054-0.06845062j,  0.36191885-0.19580367j],
          [-0.00533598+0.01819972j,  0.07274995-0.09166433j,
           -0.25688065+0.3214602j ,  0.27043067-0.86225768j]],
         input_dims=(2, 2), output_dims=(2, 2))"
