unitary
"Operator([[-0.10434541-0.84554544j,  0.42088808-0.24569152j,
            0.18516601+0.02685332j,  0.03880525+0.01185112j],
          [-0.11839335+0.47275164j,  0.62417754-0.03862586j,
            0.55918714+0.15395303j,  0.18516601+0.02685332j],
          [ 0.02253999-0.18574041j, -0.50090012+0.29238821j,
            0.62417754-0.03862586j,  0.42088808-0.24569152j],
          [ 0.02029719+0.03513289j,  0.02253999-0.18574041j,
           -0.11839335+0.47275164j, -0.10434541-0.84554544j]],
         input_dims=(2, 2), output_dims=(2, 2))"
"Operator([[-0.10434541-0.84554544j,  0.38976391+0.29256656j,
           -0.14860844+0.11367974j, -0.03176137-0.02524899j],
          [ 0.38976391+0.29256656j,  0.62417754-0.03862586j,
            0.07510273+0.57510988j, -0.14860844+0.11367974j],
          [-0.14860844+0.11367974j,  0.07510273+0.57510988j,
            0.62417754-0.03862586j,  0.38976391+0.29256656j],
          [-0.03176137-0.02524899j, -0.14860844+0.11367974j,
            0.38976391+0.29256656j, -0.10434541-0.84554544j]],
         input_dims=(2, 2), output_dims=(2, 2))"
"Operator([[-0.10434541-0.84554544j,  0.22782693+0.43082013j,
           -0.18226485-0.04227383j,  0.01662747-0.03701113j],
          [ 0.47730026+0.09846601j,  0.62417754-0.03862586j,
           -0.17726521+0.55223984j, -0.18226485-0.04227383j],
          [-0.00689766+0.18697587j,  0.31313457+0.48819927j,
            0.62417754-0.03862586j,  0.22782693+0.43082013j],
          [-0.03230783+0.02454589j, -0.00689766+0.18697587j,
            0.47730026+0.09846601j, -0.10434541-0.84554544j]],
         input_dims=(2, 2), output_dims=(2, 2))"
"Operator([[-0.10434541-0.84554544j,  0.48170353+0.07397844j,
            0.01219821+0.186705j  , -0.02818448+0.02918786j],
          [ 0.20554293+0.44188596j,  0.62417754-0.03862586j,
            0.337642  +0.4715821j ,  0.01219821+0.186705j  ],
          [-0.17700608-0.06063332j, -0.20521803+0.54247337j,
            0.62417754-0.03862586j,  0.48170353+0.07397844j],
          [ 0.02207976-0.03404087j, -0.17700608-0.06063332j,
            0.20554293+0.44188596j, -0.10434541-0.84554544j]],
         input_dims=(2, 2), output_dims=(2, 2))"
"Operator([[-0.10434541-0.84554544j,  0.45201153-0.18219956j,
            0.16972112+0.07875465j,  0.03017941+0.0271201j ],
          [-0.04873621+0.48490811j,  0.62417754-0.03862586j,
            0.53102311+0.23325147j,  0.16972112+0.07875465j],
          [-0.03159446-0.18441622j, -0.4533169 +0.36179494j,
            0.62417754-0.03862586j,  0.45201153-0.18219956j],
          [ 0.03322751+0.0232858j , -0.03159446-0.18441622j,
           -0.04873621+0.48490811j, -0.10434541-0.84554544j]],
         input_dims=(2, 2), output_dims=(2, 2))"
"Operator([[-0.10434541-0.84554544j, -0.48373381+0.05926801j,
            0.1077737 +0.15294568j, -0.00223008-0.04051324j],
          [-0.07816345-0.48104217j,  0.62417754-0.03862586j,
           -0.45275836-0.36249367j,  0.1077737 +0.15294568j],
          [-0.11941141-0.14404328j,  0.34448765-0.46660482j,
            0.62417754-0.03862586j, -0.48373381+0.05926801j],
          [-0.03997249+0.00696394j, -0.11941141-0.14404328j,
           -0.07816345-0.48104217j, -0.10434541-0.84554544j]],
         input_dims=(2, 2), output_dims=(2, 2))"
"Operator([[-0.10434541-0.84554544j,  0.38976391+0.29256656j,
           -0.14860844+0.11367974j, -0.03176137-0.02524899j],
          [ 0.38976391+0.29256656j,  0.62417754-0.03862586j,
            0.07510273+0.57510988j, -0.14860844+0.11367974j],
          [-0.14860844+0.11367974j,  0.07510273+0.57510988j,
            0.62417754-0.03862586j,  0.38976391+0.29256656j],
          [-0.03176137-0.02524899j, -0.14860844+0.11367974j,
            0.38976391+0.29256656j, -0.10434541-0.84554544j]],
         input_dims=(2, 2), output_dims=(2, 2))"
