unitary
"Operator([[-0.28186732-0.77701398j,  0.44485248+0.25560309j,
           -0.16735679+0.15001124j, -0.04682539-0.02948106j],
          [ 0.44485248+0.25560309j,  0.55222849-0.01350588j,
            0.08035206+0.61210007j, -0.16735679+0.15001124j],
          [-0.16735679+0.15001124j,  0.08035206+0.61210007j,
            0.55222849-0.01350588j,  0.44485248+0.25560309j],
          [-0.04682539-0.02948106j, -0.16735679+0.15001124j,
            0.44485248+0.25560309j, -0.28186732-0.77701398j]],
         input_dims=(2, 2), output_dims=(2, 2))"
"Operator([[-0.28186732-0.77701398j,  0.44485248+0.25560309j,
           -0.16735679+0.15001124j, -0.04682539-0.02948106j],
          [ 0.44485248+0.25560309j,  0.55222849-0.01350588j,
            0.08035206+0.61210007j, -0.16735679+0.15001124j],
          [-0.16735679+0.15001124j,  0.08035206+0.61210007j,
            0.55222849-0.01350588j,  0.44485248+0.25560309j],
          [-0.04682539-0.02948106j, -0.16735679+0.15001124j,
            0.44485248+0.25560309j, -0.28186732-0.77701398j]],
         input_dims=(2, 2), output_dims=(2, 2))"
"Operator([[-0.28186732-0.77701398j, -0.19254961-0.47555369j,
           -0.18570559-0.12659028j, -0.04610068+0.03060192j],
          [-0.50781644+0.07313776j,  0.55222849-0.01350588j,
            0.31423701-0.53139256j, -0.18570559-0.12659028j],
          [ 0.10559747+0.19839567j, -0.44074154-0.43228445j,
            0.55222849-0.01350588j, -0.19254961-0.47555369j],
          [ 0.00766754-0.05479926j,  0.10559747+0.19839567j,
           -0.50781644+0.07313776j, -0.28186732-0.77701398j]],
         input_dims=(2, 2), output_dims=(2, 2))"
"Operator([[-0.28186732-0.77701398j,  0.44485248+0.25560309j,
           -0.16735679+0.15001124j, -0.04682539-0.02948106j],
          [ 0.44485248+0.25560309j,  0.55222849-0.01350588j,
            0.08035206+0.61210007j, -0.16735679+0.15001124j],
          [-0.16735679+0.15001124j,  0.08035206+0.61210007j,
            0.55222849-0.01350588j,  0.44485248+0.25560309j],
          [-0.04682539-0.02948106j, -0.16735679+0.15001124j,
            0.44485248+0.25560309j, -0.28186732-0.77701398j]],
         input_dims=(2, 2), output_dims=(2, 2))"
"Operator([[-0.28186732-0.77701398j, -0.25710251-0.44398757j,
           -0.21348155-0.07026586j, -0.02959158+0.04675562j],
          [-0.51305409+0.00147142j,  0.55222849-0.01350588j,
            0.23691204-0.57008389j, -0.21348155-0.07026586j],
          [ 0.04658143+0.21986777j, -0.37602258-0.48962227j,
            0.55222849-0.01350588j, -0.25710251-0.44398757j],
          [ 0.02937038-0.04689489j,  0.04658143+0.21986777j,
           -0.51305409+0.00147142j, -0.28186732-0.77701398j]],
         input_dims=(2, 2), output_dims=(2, 2))"
