unitary
"Operator([[-0.85349209-0.31064606j,  0.06931978+0.07536059j,
            0.18822042+0.07898562j,  0.33670754-0.09761257j],
          [-0.06456778+0.07946982j, -0.91963096-0.31877734j,
            0.01574575-0.01618219j,  0.18822042+0.07898562j],
          [-0.20293934-0.02193803j,  0.01828514+0.01324558j,
           -0.91963096-0.31877734j,  0.06931978+0.07536059j],
          [-0.23027219-0.26433862j, -0.20293934-0.02193803j,
           -0.06456778+0.07946982j, -0.85349209-0.31064606j]],
         input_dims=(2, 2), output_dims=(2, 2))"
"Operator([[-0.85349209-0.31064606j, -0.00314115-0.10234541j,
           -0.05099566+0.19764892j,  0.09890154-0.33633119j],
          [-0.00314115-0.10234541j, -0.91963096-0.31877734j,
           -0.02249497+0.00194115j, -0.05099566+0.19764892j],
          [-0.05099566+0.19764892j, -0.02249497+0.00194115j,
           -0.91963096-0.31877734j, -0.00314115-0.10234541j],
          [ 0.09890154-0.33633119j, -0.05099566+0.19764892j,
           -0.00314115-0.10234541j, -0.85349209-0.31064606j]],
         input_dims=(2, 2), output_dims=(2, 2))"
"Operator([[-0.85349209-0.31064606j, -0.00314115-0.10234541j,
           -0.05099566+0.19764892j,  0.09890154-0.33633119j],
          [-0.00314115-0.10234541j, -0.91963096-0.31877734j,
           -0.02249497+0.00194115j, -0.05099566+0.19764892j],
          [-0.05099566+0.19764892j, -0.02249497+0.00194115j,
           -0.91963096-0.31877734j, -0.00314115-0.10234541j],
          [ 0.09890154-0.33633119j, -0.05099566+0.19764892j,
           -0.00314115-0.10234541j, -0.85349209-0.31064606j]],
         input_dims=(2, 2), output_dims=(2, 2))"
"Operator([[-0.85349209-0.31064606j, -0.00314115-0.10234541j,
           -0.05099566+0.19764892j,  0.09890154-0.33633119j],
          [-0.00314115-0.10234541j, -0.91963096-0.31877734j,
           -0.02249497+0.00194115j, -0.05099566+0.19764892j],
          [-0.05099566+0.19764892j, -0.02249497+0.00194115j,
           -0.91963096-0.31877734j, -0.00314115-0.10234541j],
          [ 0.09890154-0.33633119j, -0.05099566+0.19764892j,
           -0.00314115-0.10234541j, -0.85349209-0.31064606j]],
         input_dims=(2, 2), output_dims=(2, 2))"
