unitary
"Operator([[ 0.57532448-0.74905336j,  0.15581789+0.28151575j,
           -0.06144206+0.02357565j, -0.00370673-0.00676778j],
          [ 0.15581789+0.28151575j,  0.8642233 -0.07169777j,
            0.0343219 +0.37274422j, -0.06144206+0.02357565j],
          [-0.06144206+0.02357565j,  0.0343219 +0.37274422j,
            0.8642233 -0.07169777j,  0.15581789+0.28151575j],
          [-0.00370673-0.00676778j, -0.06144206+0.02357565j,
            0.15581789+0.28151575j,  0.57532448-0.74905336j]],
         input_dims=(2, 2), output_dims=(2, 2))"
"Operator([[ 0.57532448-7.49053357e-01j, -0.2991231 -1.18556749e-01j,
            0.01122612+6.48452952e-02j,  0.00420782-6.46815455e-03j],
          [ 0.05836297-3.16423918e-01j,  0.8642233 -7.16977729e-02j,
           -0.26318284-2.66178587e-01j,  0.01122612+6.48452952e-02j],
          [-0.03503192-5.57108813e-02j,  0.21015077-3.09762656e-01j,
            0.8642233 -7.16977729e-02j, -0.2991231 -1.18556749e-01j],
          [-0.00771614+6.26337681e-05j, -0.03503192-5.57108813e-02j,
            0.05836297-3.16423918e-01j,  0.57532448-7.49053357e-01j]],
         input_dims=(2, 2), output_dims=(2, 2))"
"Operator([[ 0.57532448-7.49053357e-01j, -0.25003719-2.02513550e-01j,
           -0.02775727+5.96696897e-02j,  0.00768932-6.45828492e-04j],
          [-0.03884437-3.19407962e-01j,  0.8642233 -7.16977729e-02j,
           -0.17163203-3.32654016e-01j, -0.02775727+5.96696897e-02j],
          [-0.06054736-2.57867352e-02j,  0.10800028-3.58402270e-01j,
            0.8642233 -7.16977729e-02j, -0.25003719-2.02513550e-01j],
          [-0.0046848 +6.13151236e-03j, -0.06054736-2.57867352e-02j,
           -0.03884437-3.19407962e-01j,  0.57532448-7.49053357e-01j]],
         input_dims=(2, 2), output_dims=(2, 2))"
"Operator([[ 0.57532448-0.74905336j, -0.09236162+0.30822015j,
           -0.02218472-0.06195786j,  0.00732919+0.00241365j],
          [ 0.31022372+0.08539071j,  0.8642233 -0.07169777j,
           -0.24252975+0.28512378j, -0.02218472-0.06195786j],
          [ 0.02495459+0.06089504j,  0.29051809+0.23604129j,
            0.8642233 -0.07169777j, -0.09236162+0.30822015j],
          [-0.00191286+0.00747555j,  0.02495459+0.06089504j,
            0.31022372+0.08539071j,  0.57532448-0.74905336j]],
         input_dims=(2, 2), output_dims=(2, 2))"
"Operator([[ 0.57532448-0.74905336j,  0.15581789+0.28151575j,
           -0.06144206+0.02357565j, -0.00370673-0.00676778j],
          [ 0.15581789+0.28151575j,  0.8642233 -0.07169777j,
            0.0343219 +0.37274422j, -0.06144206+0.02357565j],
          [-0.06144206+0.02357565j,  0.0343219 +0.37274422j,
            0.8642233 -0.07169777j,  0.15581789+0.28151575j],
          [-0.00370673-0.00676778j, -0.06144206+0.02357565j,
            0.15581789+0.28151575j,  0.57532448-0.74905336j]],
         input_dims=(2, 2), output_dims=(2, 2))"
"Operator([[ 0.57532448-0.74905336j,  0.15581789+0.28151575j,
           -0.06144206+0.02357565j, -0.00370673-0.00676778j],
          [ 0.15581789+0.28151575j,  0.8642233 -0.07169777j,
            0.0343219 +0.37274422j, -0.06144206+0.02357565j],
          [-0.06144206+0.02357565j,  0.0343219 +0.37274422j,
            0.8642233 -0.07169777j,  0.15581789+0.28151575j],
          [-0.00370673-0.00676778j, -0.06144206+0.02357565j,
            0.15581789+0.28151575j,  0.57532448-0.74905336j]],
         input_dims=(2, 2), output_dims=(2, 2))"
"Operator([[ 0.57532448-0.74905336j,  0.15581789+0.28151575j,
           -0.06144206+0.02357565j, -0.00370673-0.00676778j],
          [ 0.15581789+0.28151575j,  0.8642233 -0.07169777j,
            0.0343219 +0.37274422j, -0.06144206+0.02357565j],
          [-0.06144206+0.02357565j,  0.0343219 +0.37274422j,
            0.8642233 -0.07169777j,  0.15581789+0.28151575j],
          [-0.00370673-0.00676778j, -0.06144206+0.02357565j,
            0.15581789+0.28151575j,  0.57532448-0.74905336j]],
         input_dims=(2, 2), output_dims=(2, 2))"
"Operator([[ 0.57532448-0.74905336j,  0.15581789+0.28151575j,
           -0.06144206+0.02357565j, -0.00370673-0.00676778j],
          [ 0.15581789+0.28151575j,  0.8642233 -0.07169777j,
            0.0343219 +0.37274422j, -0.06144206+0.02357565j],
          [-0.06144206+0.02357565j,  0.0343219 +0.37274422j,
            0.8642233 -0.07169777j,  0.15581789+0.28151575j],
          [-0.00370673-0.00676778j, -0.06144206+0.02357565j,
            0.15581789+0.28151575j,  0.57532448-0.74905336j]],
         input_dims=(2, 2), output_dims=(2, 2))"
"Operator([[ 5.75324479e-01-0.74905336j,  2.13093919e-01-0.24108362j,
            3.27890854e-02-0.05705974j,  3.50560737e-04-0.00770843j],
          [-3.17438719e-01+0.05256416j,  8.64223300e-01-0.07169777j,
            3.39736995e-01-0.1571465j ,  3.27890854e-02-0.05705974j],
          [ 6.25417929e-02+0.02048078j, -3.62720954e-01-0.0924649j ,
            8.64223300e-01-0.07169777j,  2.13093919e-01-0.24108362j],
          [-6.68415529e-03-0.0038555j ,  6.25417929e-02+0.02048078j,
           -3.17438719e-01+0.05256416j,  5.75324479e-01-0.74905336j]],
         input_dims=(2, 2), output_dims=(2, 2))"
"Operator([[ 0.57532448-0.74905336j, -0.31880722-0.0435004j ,
            0.04008401+0.05219397j, -0.00114148-0.0076315j ],
          [ 0.13241658-0.29325105j,  0.8642233 -0.07169777j,
           -0.31925215-0.19543365j,  0.04008401+0.05219397j],
          [-0.0051182 -0.06561053j,  0.27819601-0.25044606j,
            0.8642233 -0.07169777j, -0.31880722-0.0435004j ],
          [-0.00581589-0.00507132j, -0.0051182 -0.06561053j,
            0.13241658-0.29325105j,  0.57532448-0.74905336j]],
         input_dims=(2, 2), output_dims=(2, 2))"
