unitary
"Operator([[ 9.32123565e-01-3.37152602e-01j,
           -8.08492576e-03+1.31547520e-01j,
           -9.49428053e-03-3.64954899e-03j,
            2.44171667e-04-3.81261939e-04j],
          [ 5.69237637e-02+1.18868840e-01j,
            9.78758589e-01-3.67612587e-02j,
           -3.26482128e-02+1.48797688e-01j,
           -9.49428053e-03-3.64954899e-03j],
          [-8.10355694e-03+6.14759591e-03j,
            4.38531255e-02+1.45888865e-01j,
            9.78758589e-01-3.67612587e-02j,
           -8.08492576e-03+1.31547520e-01j],
          [-3.69415482e-04-2.61749251e-04j,
           -8.10355694e-03+6.14759591e-03j,
            5.69237637e-02+1.18868840e-01j,
            9.32123565e-01-3.37152602e-01j]],
         input_dims=(2, 2), output_dims=(2, 2))"
"Operator([[ 9.32123565e-01-0.3371526j ,  2.52288575e-02+0.1293585j ,
           -1.00705999e-02+0.00142954j, -8.65582110e-05-0.0004444j ],
          [ 2.52288575e-02+0.1293585j ,  9.78758589e-01-0.03676126j,
            5.78816283e-03+0.15222731j, -1.00705999e-02+0.00142954j],
          [-1.00705999e-02+0.00142954j,  5.78816283e-03+0.15222731j,
            9.78758589e-01-0.03676126j,  2.52288575e-02+0.1293585j ],
          [-8.65582110e-05-0.0004444j , -1.00705999e-02+0.00142954j,
            2.52288575e-02+0.1293585j ,  9.32123565e-01-0.3371526j ]],
         input_dims=(2, 2), output_dims=(2, 2))"
"Operator([[ 9.32123565e-01-3.37152602e-01j,
            6.38150136e-02+1.15315914e-01j,
           -7.32578449e-03+7.05644756e-03j,
           -4.09637209e-04-1.92815524e-04j],
          [-1.58062179e-02+1.30844486e-01j,
            9.78758589e-01-3.67612587e-02j,
            5.23558288e-02+1.43057768e-01j,
           -7.32578449e-03+7.05644756e-03j],
          [-9.00016358e-03-4.73894779e-03j,
           -4.13413496e-02+1.46620430e-01j,
            9.78758589e-01-3.67612587e-02j,
            6.38150136e-02+1.15315914e-01j],
          [ 3.07324957e-04-3.32463291e-04j,
           -9.00016358e-03-4.73894779e-03j,
           -1.58062179e-02+1.30844486e-01j,
            9.32123565e-01-3.37152602e-01j]],
         input_dims=(2, 2), output_dims=(2, 2))"
"Operator([[ 9.32123565e-01-3.37152602e-01j,
            9.14548836e-02+9.49005806e-02j,
           -2.82260959e-03+9.77207479e-03j,
           -4.26151576e-04+1.52889842e-04j],
          [-4.90918952e-02+1.22311495e-01j,
            9.78758589e-01-3.67612587e-02j,
            8.75563567e-02+1.24661711e-01j,
           -2.82260959e-03+9.77207479e-03j],
          [-5.43063354e-03-8.60051103e-03j,
           -7.78371740e-02+1.30950495e-01j,
            9.78758589e-01-3.67612587e-02j,
            9.14548836e-02+9.49005806e-02j],
          [ 4.52380600e-04-1.82280529e-05j,
           -5.43063354e-03-8.60051103e-03j,
           -4.90918952e-02+1.22311495e-01j,
            9.32123565e-01-3.37152602e-01j]],
         input_dims=(2, 2), output_dims=(2, 2))"
"Operator([[ 9.32123565e-01-0.3371526j ,  2.52288575e-02+0.1293585j ,
           -1.00705999e-02+0.00142954j, -8.65582110e-05-0.0004444j ],
          [ 2.52288575e-02+0.1293585j ,  9.78758589e-01-0.03676126j,
            5.78816283e-03+0.15222731j, -1.00705999e-02+0.00142954j],
          [-1.00705999e-02+0.00142954j,  5.78816283e-03+0.15222731j,
            9.78758589e-01-0.03676126j,  2.52288575e-02+0.1293585j ],
          [-8.65582110e-05-0.0004444j , -1.00705999e-02+0.00142954j,
            2.52288575e-02+0.1293585j ,  9.32123565e-01-0.3371526j ]],
         input_dims=(2, 2), output_dims=(2, 2))"
"Operator([[ 9.32123565e-01-0.3371526j ,  1.21434486e-01+0.05122286j,
            5.12662015e-03+0.00878512j, -5.51534392e-06+0.00045271j],
          [-9.32870957e-02+0.09310013j,  9.78758589e-01-0.03676126j,
            1.29569589e-01+0.08011479j,  5.12662015e-03+0.00878512j],
          [ 2.47923015e-03-0.00986479j, -1.23111838e-01+0.08972253j,
            9.78758589e-01-0.03676126j,  1.21434486e-01+0.05122286j],
          [ 1.75022695e-04+0.00041755j,  2.47923015e-03-0.00986479j,
           -9.32870957e-02+0.09310013j,  9.32123565e-01-0.3371526j ]],
         input_dims=(2, 2), output_dims=(2, 2))"
"Operator([[ 9.32123565e-01-0.3371526j ,  1.26583428e-01+0.03669812j,
            7.02380807e-03+0.00735708j,  1.50471762e-04+0.00042701j],
          [-1.03516626e-01+0.08157465j,  9.78758589e-01-0.03676126j,
            1.38035366e-01+0.06444296j,  7.02380807e-03+0.00735708j],
          [ 4.69888706e-03-0.00902114j, -1.32743236e-01+0.07473882j,
            9.78758589e-01-0.03676126j,  1.26583428e-01+0.03669812j],
          [ 2.07920612e-05+0.00045227j,  4.69888706e-03-0.00902114j,
           -1.03516626e-01+0.08157465j,  9.32123565e-01-0.3371526j ]],
         input_dims=(2, 2), output_dims=(2, 2))"
"Operator([[ 9.32123565e-01-0.3371526j ,  1.29315823e-01+0.02544669j,
            8.20203042e-03+0.00601559j,  2.56550093e-04+0.00037304j],
          [-1.10276702e-01+0.07217454j,  9.78758589e-01-0.03676126j,
            1.43158644e-01+0.05207937j,  8.20203042e-03+0.00601559j],
          [ 6.20389806e-03-0.00806053j, -1.38790569e-01+0.06279996j,
            9.78758589e-01-0.03676126j,  1.29315823e-01+0.02544669j],
          [-9.77860820e-05+0.00044206j,  6.20389806e-03-0.00806053j,
           -1.10276702e-01+0.07217454j,  9.32123565e-01-0.3371526j ]],
         input_dims=(2, 2), output_dims=(2, 2))"
"Operator([[ 9.32123565e-01-3.37152602e-01j,
            1.31585506e-01+7.44113989e-03j,
            9.52954144e-03+3.55646040e-03j,
            3.84805092e-04+2.38548759e-04j],
          [-1.19145956e-01+5.63414325e-02j,
            9.78758589e-01-3.67612587e-02j,
            1.48955661e-01+3.19197242e-02j,
            9.52954144e-03+3.55646040e-03j],
          [ 8.16333107e-03-6.06799773e-03j,
           -1.46101701e-01+4.31387363e-02j,
            9.78758589e-01-3.67612587e-02j,
            1.31585506e-01+7.44113989e-03j],
          [-2.67143754e-04+3.65533423e-04j,
            8.16333107e-03-6.06799773e-03j,
           -1.19145956e-01+5.63414325e-02j,
            9.32123565e-01-3.37152602e-01j]],
         input_dims=(2, 2), output_dims=(2, 2))"
"Operator([[ 9.32123565e-01-0.3371526j , -8.64054095e-02+0.09951995j,
            1.04961927e-03-0.01011726j,  2.59805263e-04+0.00037079j],
          [ 1.17469498e-01+0.05975812j,  9.78758589e-01-0.03676126j,
           -1.16395145e-01+0.09827934j,  1.04961927e-03-0.01011726j],
          [ 3.82374720e-03+0.00942547j,  1.23522063e-01+0.08915693j,
            9.78758589e-01-0.03676126j, -8.64054095e-02+0.09951995j],
          [-1.01651385e-04+0.00044119j,  3.82374720e-03+0.00942547j,
            1.17469498e-01+0.05975812j,  9.32123565e-01-0.3371526j ]],
         input_dims=(2, 2), output_dims=(2, 2))"
"Operator([[ 9.32123565e-01-0.3371526j ,  2.52288575e-02+0.1293585j ,
           -1.00705999e-02+0.00142954j, -8.65582110e-05-0.0004444j ],
          [ 2.52288575e-02+0.1293585j ,  9.78758589e-01-0.03676126j,
            5.78816283e-03+0.15222731j, -1.00705999e-02+0.00142954j],
          [-1.00705999e-02+0.00142954j,  5.78816283e-03+0.15222731j,
            9.78758589e-01-0.03676126j,  2.52288575e-02+0.1293585j ],
          [-8.65582110e-05-0.0004444j , -1.00705999e-02+0.00142954j,
            2.52288575e-02+0.1293585j ,  9.32123565e-01-0.3371526j ]],
         input_dims=(2, 2), output_dims=(2, 2))"
"Operator([[ 9.32123565e-01-0.3371526j ,  1.30208878e-01+0.02039029j,
            8.64542116e-03+0.00535885j,  2.98303669e-04+0.00034058j],
          [-1.13004338e-01+0.0678243j ,  9.78758589e-01-0.03676126j,
            1.45078583e-01+0.04646356j,  8.64542116e-03+0.00535885j],
          [ 6.81253995e-03-0.00755314j, -1.41131409e-01+0.05734617j,
            9.78758589e-01-0.03676126j,  1.30208878e-01+0.02039029j],
          [-1.48671579e-04+0.00042764j,  6.81253995e-03-0.00755314j,
           -1.13004338e-01+0.0678243j ,  9.32123565e-01-0.3371526j ]],
         input_dims=(2, 2), output_dims=(2, 2))"
"Operator([[ 9.32123565e-01-0.3371526j ,  1.29461147e-01+0.02469671j,
            8.27121419e-03+0.0059201j ,  2.62997838e-04+0.00036853j],
          [-1.10693194e-01+0.07153414j,  9.78758589e-01-0.03676126j,
            1.43458106e-01+0.0512487j ,  8.27121419e-03+0.0059201j ],
          [ 6.29692190e-03-0.00798808j, -1.39152244e-01+0.06199444j,
            9.78758589e-01-0.03676126j,  1.29461147e-01+0.02469671j],
          [-1.05457894e-04+0.00044029j,  6.29692190e-03-0.00798808j,
           -1.10693194e-01+0.07153414j,  9.32123565e-01-0.3371526j ]],
         input_dims=(2, 2), output_dims=(2, 2))"
