unitary
"Operator([[-0.0710086 -0.86497666j, -0.22468417+0.17031468j,
           -0.11971077+0.10773091j,  0.37534576+0.0214948j ],
          [-0.22468417+0.17031468j, -0.72812456-0.34725482j,
           -0.16055736+0.46695113j, -0.11971077+0.10773091j],
          [-0.11971077+0.10773091j, -0.16055736+0.46695113j,
           -0.72812456-0.34725482j, -0.22468417+0.17031468j],
          [ 0.37534576+0.0214948j , -0.11971077+0.10773091j,
           -0.22468417+0.17031468j, -0.0710086 -0.86497666j]],
         input_dims=(2, 2), output_dims=(2, 2))"
"Operator([[-0.0710086 -0.86497666j,  0.25612152-0.11786363j,
           -0.15394406+0.04730586j, -0.2853187 -0.24482588j],
          [ 0.18267711-0.21475368j, -0.72812456-0.34725482j,
            0.25746198-0.42134944j, -0.15394406+0.04730586j],
          [-0.06321639+0.14812261j,  0.05609971-0.49058623j,
           -0.72812456-0.34725482j,  0.25612152-0.11786363j],
          [-0.31140248+0.21065365j, -0.06321639+0.14812261j,
            0.18267711-0.21475368j, -0.0710086 -0.86497666j]],
         input_dims=(2, 2), output_dims=(2, 2))"
"Operator([[-0.0710086 -0.86497666j, -0.22468417+0.17031468j,
           -0.11971077+0.10773091j,  0.37534576+0.0214948j ],
          [-0.22468417+0.17031468j, -0.72812456-0.34725482j,
           -0.16055736+0.46695113j, -0.11971077+0.10773091j],
          [-0.11971077+0.10773091j, -0.16055736+0.46695113j,
           -0.72812456-0.34725482j, -0.22468417+0.17031468j],
          [ 0.37534576+0.0214948j , -0.11971077+0.10773091j,
           -0.22468417+0.17031468j, -0.0710086 -0.86497666j]],
         input_dims=(2, 2), output_dims=(2, 2))"
"Operator([[-0.0710086 -0.86497666j, -0.22468417+0.17031468j,
           -0.11971077+0.10773091j,  0.37534576+0.0214948j ],
          [-0.22468417+0.17031468j, -0.72812456-0.34725482j,
           -0.16055736+0.46695113j, -0.11971077+0.10773091j],
          [-0.11971077+0.10773091j, -0.16055736+0.46695113j,
           -0.72812456-0.34725482j, -0.22468417+0.17031468j],
          [ 0.37534576+0.0214948j , -0.11971077+0.10773091j,
           -0.22468417+0.17031468j, -0.0710086 -0.86497666j]],
         input_dims=(2, 2), output_dims=(2, 2))"
"Operator([[-0.0710086 -0.86497666j, -0.26982196-0.08176904j,
           -0.06535188-0.1471929j , -0.36372772+0.09512421j],
          [ 0.00583026+0.28187954j, -0.72812456-0.34725482j,
           -0.47220044+0.14439105j, -0.06535188-0.1471929j ],
          [ 0.13951302+0.08045332j,  0.28355426+0.40425117j,
           -0.72812456-0.34725482j, -0.26982196-0.08176904j],
          [-0.35049057-0.1360251j ,  0.13951302+0.08045332j,
            0.00583026+0.28187954j, -0.0710086 -0.86497666j]],
         input_dims=(2, 2), output_dims=(2, 2))"
