,unitary
0,"Operator([[ 0.05175762-0.04821722j, -0.99629561+0.04890093j],
          [ 0.1192536 -0.99034076j,  0.05175762-0.04821722j]],
         input_dims=(2,), output_dims=(2,))"
1,"Operator([[0.05175762-0.04821722j, 0.61811315+0.78289999j],
          [0.73721522+0.67194492j, 0.05175762-0.04821722j]],
         input_dims=(2,), output_dims=(2,))"
2,"Operator([[ 0.05175762-0.04821722j, -0.05031425-0.99622524j],
          [-0.99017059-0.1206584j ,  0.05175762-0.04821722j]],
         input_dims=(2,), output_dims=(2,))"
