unitary
"Operator([[ 0.33010752-0.75410628j, -0.35627869+0.15207724j,
           -0.07126108+0.09796846j,  0.34128865+0.20282224j],
          [-0.35627869+0.15207724j, -0.57496808-0.28977471j,
           -0.23467697+0.60467437j, -0.07126108+0.09796846j],
          [-0.07126108+0.09796846j, -0.23467697+0.60467437j,
           -0.57496808-0.28977471j, -0.35627869+0.15207724j],
          [ 0.34128865+0.20282224j, -0.07126108+0.09796846j,
           -0.35627869+0.15207724j,  0.33010752-0.75410628j]],
         input_dims=(2, 2), output_dims=(2, 2))"
"Operator([[ 0.33010752-0.75410628j, -0.35627869+0.15207724j,
           -0.07126108+0.09796846j,  0.34128865+0.20282224j],
          [-0.35627869+0.15207724j, -0.57496808-0.28977471j,
           -0.23467697+0.60467437j, -0.07126108+0.09796846j],
          [-0.07126108+0.09796846j, -0.23467697+0.60467437j,
           -0.57496808-0.28977471j, -0.35627869+0.15207724j],
          [ 0.34128865+0.20282224j, -0.07126108+0.09796846j,
           -0.35627869+0.15207724j,  0.33010752-0.75410628j]],
         input_dims=(2, 2), output_dims=(2, 2))"
"Operator([[ 0.33010752-0.75410628j,  0.15759173-0.35387404j,
            0.09243128+0.07830977j,  0.05468476+0.39322306j],
          [ 0.36455766+0.13099505j, -0.57496808-0.28977471j,
           -0.23949156-0.60278368j,  0.09243128+0.07830977j],
          [-0.10296931-0.06382227j,  0.58342578-0.2834056j ,
           -0.57496808-0.28977471j,  0.15759173-0.35387404j],
          [ 0.37152945-0.13993095j, -0.10296931-0.06382227j,
            0.36455766+0.13099505j,  0.33010752-0.75410628j]],
         input_dims=(2, 2), output_dims=(2, 2))"
"Operator([[ 0.33010752-0.75410628j,  0.18448279+0.34062896j,
            0.05192978-0.1094498j , -0.10106964+0.38392672j],
          [-0.11835926-0.36885373j, -0.57496808-0.28977471j,
            0.62384264+0.17755208j,  0.05192978-0.1094498j ],
          [ 0.08813776-0.08311255j, -0.58028778-0.28977659j,
           -0.57496808-0.28977471j,  0.18448279+0.34062896j],
          [ 0.28891216-0.272295j  ,  0.08813776-0.08311255j,
           -0.11835926-0.36885373j,  0.33010752-0.75410628j]],
         input_dims=(2, 2), output_dims=(2, 2))"
"Operator([[ 0.33010752-0.75410628j,  0.09566621+0.37537976j,
            0.0975922 -0.07177551j, -0.33361756+0.21520718j],
          [-0.20489357-0.32875616j, -0.57496808-0.28977471j,
            0.5615545 +0.32459347j,  0.0975922 -0.07177551j],
          [ 0.03823211-0.11495332j, -0.6335014 -0.13921334j,
           -0.57496808-0.28977471j,  0.09566621+0.37537976j],
          [ 0.02955671-0.39590555j,  0.03823211-0.11495332j,
           -0.20489357-0.32875616j,  0.33010752-0.75410628j]],
         input_dims=(2, 2), output_dims=(2, 2))"
