unitary
"Operator([[ 8.49807622e-01-4.89159468e-01j,
           -7.48965866e-02-1.80067442e-01j,
           -2.06921817e-02+9.26108980e-03j,
            8.60410034e-04+1.25045290e-03j],
          [-3.58404640e-02-1.91700922e-01j,
            9.52785453e-01-5.20210443e-02j,
           -3.61417839e-02-2.22799789e-01j,
           -2.06921817e-02+9.26108980e-03j],
          [-2.26700641e-02+4.85745822e-05j,
            1.09487208e-02-2.25446446e-01j,
            9.52785453e-01-5.20210443e-02j,
           -7.48965866e-02-1.80067442e-01j],
          [-3.84680122e-05+1.51738528e-03j,
           -2.26700641e-02+4.85745822e-05j,
           -3.58404640e-02-1.91700922e-01j,
            8.49807622e-01-4.89159468e-01j]],
         input_dims=(2, 2), output_dims=(2, 2))"
"Operator([[ 8.49807622e-01-0.48915947j, -1.06373818e-01-0.16345762j,
           -1.60153032e-02+0.01604507j,  1.38603547e-03+0.00061874j],
          [-4.04999700e-04-0.1950221j ,  9.52785453e-01-0.05202104j,
           -7.60303074e-02-0.21252145j, -1.60153032e-02+0.01604507j],
          [-2.11899606e-02-0.00805728j,  5.17377559e-02-0.21970248j,
            9.52785453e-01-0.05202104j, -1.06373818e-01-0.16345762j],
          [-8.23682391e-04+0.00127495j, -2.11899606e-02-0.00805728j,
           -4.04999700e-04-0.1950221j ,  8.49807622e-01-0.48915947j]],
         input_dims=(2, 2), output_dims=(2, 2))"
"Operator([[ 8.49807622e-01-0.48915947j, -8.01053790e-02-0.17781145j,
           -2.01183054e-02+0.0104493j ,  9.66184583e-04+0.00117065j],
          [-3.02461949e-02-0.19266279j,  9.52785453e-01-0.05202104j,
           -4.26106352e-02-0.22165358j, -2.01183054e-02+0.0104493j ],
          [-2.26344877e-02-0.00127049j,  1.75052694e-02-0.22503231j,
            9.52785453e-01-0.05202104j, -8.01053790e-02-0.17781145j],
          [-1.70653594e-04+0.00150825j, -2.26344877e-02-0.00127049j,
           -3.02461949e-02-0.19266279j,  8.49807622e-01-0.48915947j]],
         input_dims=(2, 2), output_dims=(2, 2))"
"Operator([[ 8.49807622e-01-0.48915947j, -2.04358879e-02-0.19394885j,
           -2.23893377e-02-0.00355693j, -3.97377317e-04+0.00146493j],
          [-8.90204444e-02-0.17351986j,  9.52785453e-01-0.05202104j,
            2.88958243e-02-0.22385488j, -2.23893377e-02-0.00355693j],
          [-1.89562443e-02+0.01243362j, -5.37975196e-02-0.21920721j,
            9.52785453e-01-0.05202104j, -2.04358879e-02-0.19394885j],
          [ 1.13251959e-03+0.00101061j, -1.89562443e-02+0.01243362j,
           -8.90204444e-02-0.17351986j,  8.49807622e-01-0.48915947j]],
         input_dims=(2, 2), output_dims=(2, 2))"
"Operator([[ 0.84980762-4.89159468e-01j,  0.00914092-1.94808177e-01j,
           -0.02030065-1.00904888e-02j, -0.00100142+1.14065445e-03j],
          [-0.11424682-1.58055201e-01j,  0.95278545-5.20210443e-02j,
            0.06242917-2.16906831e-01j, -0.02030065-1.00904888e-02j],
          [-0.01436979+1.75340631e-02j, -0.08634112-2.08545402e-01j,
            0.95278545-5.20210443e-02j,  0.00914092-1.94808177e-01j],
          [ 0.00146167+4.09209883e-04j, -0.01436979+1.75340631e-02j,
           -0.11424682-1.58055201e-01j,  0.84980762-4.89159468e-01j]],
         input_dims=(2, 2), output_dims=(2, 2))"
"Operator([[ 0.84980762-4.89159468e-01j,  0.0196452 -1.94030535e-01j,
           -0.01909432-1.22205133e-02j, -0.00117233+9.64142129e-04j],
          [-0.12261352-1.51656540e-01j,  0.95278545-5.20210443e-02j,
            0.07404882-2.13219948e-01j, -0.01909432-1.22205133e-02j],
          [-0.01239546+1.89812184e-02j, -0.09747447-2.03579717e-01j,
            0.95278545-5.20210443e-02j,  0.0196452 -1.94030535e-01j],
          [ 0.00150854+1.68023760e-04j, -0.01239546+1.89812184e-02j,
           -0.12261352-1.51656540e-01j,  0.84980762-4.89159468e-01j]],
         input_dims=(2, 2), output_dims=(2, 2))"
"Operator([[ 8.49807622e-01-0.48915947j,  5.56732257e-02+0.18690713j,
           -2.21650333e-02+0.00475873j, -4.32099984e-04-0.00145507j],
          [ 5.56732257e-02+0.18690713j,  9.52785453e-01-0.05202104j,
            1.26658519e-02+0.2253565j , -2.21650333e-02+0.00475873j],
          [-2.21650333e-02+0.00475873j,  1.26658519e-02+0.2253565j ,
            9.52785453e-01-0.05202104j,  5.56732257e-02+0.18690713j],
          [-4.32099984e-04-0.00145507j, -2.21650333e-02+0.00475873j,
            5.56732257e-02+0.18690713j,  8.49807622e-01-0.48915947j]],
         input_dims=(2, 2), output_dims=(2, 2))"
"Operator([[ 0.84980762-4.89159468e-01j,  0.05169107-1.88047376e-01j,
           -0.01402037-1.78146979e-02j, -0.00149164+2.80994176e-04j],
          [-0.14616245-1.29113596e-01j,  0.95278545-5.20210443e-02j,
            0.10853107-1.97906495e-01j, -0.01402037-1.78146979e-02j],
          [-0.00547241+2.19997026e-02j, -0.13002364-1.84498855e-01j,
            0.95278545-5.20210443e-02j,  0.05169107-1.88047376e-01j],
          [ 0.00140324-5.78672722e-04j, -0.00547241+2.19997026e-02j,
           -0.14616245-1.29113596e-01j,  0.84980762-4.89159468e-01j]],
         input_dims=(2, 2), output_dims=(2, 2))"
"Operator([[ 8.49807622e-01-0.48915947j, -1.26574115e-01+0.14836703j,
            4.71058339e-03-0.02217531j,  6.50458065e-04+0.00137144j],
          [ 1.87128107e-01+0.05492589j,  9.52785453e-01-0.05202104j,
           -1.82229422e-01+0.13318563j,  4.71058339e-03-0.02217531j],
          [ 1.33977625e-02+0.01828754j,  1.96005666e-01+0.11192745j,
            9.52785453e-01-0.05202104j, -1.26574115e-01+0.14836703j],
          [ 2.03487785e-04+0.00150417j,  1.33977625e-02+0.01828754j,
            1.87128107e-01+0.05492589j,  8.49807622e-01-0.48915947j]],
         input_dims=(2, 2), output_dims=(2, 2))"
"Operator([[ 0.84980762-4.89159468e-01j,  0.14696844+1.28195394e-01j,
           -0.00519634+2.20665407e-02j, -0.00139211+6.04941847e-04j],
          [-0.05286812+1.87719856e-01j,  0.95278545-5.20210443e-02j,
            0.13117692+1.83680672e-01j, -0.00519634+2.20665407e-02j],
          [-0.01379606-1.79889637e-02j, -0.10976877+1.97222694e-01j,
            0.95278545-5.20210443e-02j,  0.14696844+1.28195394e-01j],
          [ 0.00149665-2.52911925e-04j, -0.01379606-1.79889637e-02j,
           -0.05286812+1.87719856e-01j,  0.84980762-4.89159468e-01j]],
         input_dims=(2, 2), output_dims=(2, 2))"
"Operator([[ 8.49807622e-01-0.48915947j,  4.42234773e-02+0.18994227j,
           -2.25783828e-02+0.00203735j, -1.61236649e-04-0.00150928j],
          [ 6.69175923e-02+0.18318247j,  9.52785453e-01-0.05202104j,
           -1.03881406e-03+0.22570976j, -2.25783828e-02+0.00203735j],
          [-2.14249130e-02+0.00740994j,  2.63237929e-02+0.22417188j,
            9.52785453e-01-0.05202104j,  4.42234773e-02+0.18994227j],
          [-6.88652201e-04-0.00135266j, -2.14249130e-02+0.00740994j,
            6.69175923e-02+0.18318247j,  8.49807622e-01-0.48915947j]],
         input_dims=(2, 2), output_dims=(2, 2))"
"Operator([[ 8.49807622e-01-0.48915947j,  5.56732257e-02+0.18690713j,
           -2.21650333e-02+0.00475873j, -4.32099984e-04-0.00145507j],
          [ 5.56732257e-02+0.18690713j,  9.52785453e-01-0.05202104j,
            1.26658519e-02+0.2253565j , -2.21650333e-02+0.00475873j],
          [-2.21650333e-02+0.00475873j,  1.26658519e-02+0.2253565j ,
            9.52785453e-01-0.05202104j,  5.56732257e-02+0.18690713j],
          [-4.32099984e-04-0.00145507j, -2.21650333e-02+0.00475873j,
            5.56732257e-02+0.18690713j,  8.49807622e-01-0.48915947j]],
         input_dims=(2, 2), output_dims=(2, 2))"
"Operator([[ 8.49807622e-01-0.48915947j,  5.56732257e-02+0.18690713j,
           -2.21650333e-02+0.00475873j, -4.32099984e-04-0.00145507j],
          [ 5.56732257e-02+0.18690713j,  9.52785453e-01-0.05202104j,
            1.26658519e-02+0.2253565j , -2.21650333e-02+0.00475873j],
          [-2.21650333e-02+0.00475873j,  1.26658519e-02+0.2253565j ,
            9.52785453e-01-0.05202104j,  5.56732257e-02+0.18690713j],
          [-4.32099984e-04-0.00145507j, -2.21650333e-02+0.00475873j,
            5.56732257e-02+0.18690713j,  8.49807622e-01-0.48915947j]],
         input_dims=(2, 2), output_dims=(2, 2))"
