unitary
"Operator([[ 0.46606054-0.80475878j, -0.26720697+0.23794676j,
            0.06301093-0.0551067j , -0.00583267+0.00956641j],
          [ 0.32593638-0.14759303j,  0.82797394-0.07287338j,
           -0.4040257 +0.10433842j,  0.06301093-0.0551067j ],
          [ 0.08316612-0.00951435j,  0.41676739+0.02069329j,
            0.82797394-0.07287338j, -0.26720697+0.23794676j],
          [ 0.01112866-0.00129972j,  0.08316612-0.00951435j,
            0.32593638-0.14759303j,  0.46606054-0.80475878j]],
         input_dims=(2, 2), output_dims=(2, 2))"
"Operator([[ 0.46606054-0.80475878j,  0.19499364+0.29999284j,
           -0.07656107+0.03384565j, -0.00604401-0.00943431j],
          [ 0.19499364+0.29999284j,  0.82797394-0.07287338j,
            0.04230502+0.41513077j, -0.07656107+0.03384565j],
          [-0.07656107+0.03384565j,  0.04230502+0.41513077j,
            0.82797394-0.07287338j,  0.19499364+0.29999284j],
          [-0.00604401-0.00943431j, -0.07656107+0.03384565j,
            0.19499364+0.29999284j,  0.46606054-0.80475878j]],
         input_dims=(2, 2), output_dims=(2, 2))"
"Operator([[ 0.46606054-0.80475878j,  0.31053278-0.17772906j,
            0.07989128-0.02499018j,  0.01031921-0.00436464j],
          [-0.28849411+0.211635j  ,  0.82797394-0.07287338j,
            0.41685809-0.01877786j,  0.07989128-0.02499018j],
          [ 0.07225287-0.04226877j, -0.41207667+0.06569697j,
            0.82797394-0.07287338j,  0.31053278-0.17772906j],
          [-0.00827861+0.00754989j,  0.07225287-0.04226877j,
           -0.28849411+0.211635j  ,  0.46606054-0.80475878j]],
         input_dims=(2, 2), output_dims=(2, 2))"
"Operator([[ 0.46606054-0.80475878j,  0.19499364+0.29999284j,
           -0.07656107+0.03384565j, -0.00604401-0.00943431j],
          [ 0.19499364+0.29999284j,  0.82797394-0.07287338j,
            0.04230502+0.41513077j, -0.07656107+0.03384565j],
          [-0.07656107+0.03384565j,  0.04230502+0.41513077j,
            0.82797394-0.07287338j,  0.19499364+0.29999284j],
          [-0.00604401-0.00943431j, -0.07656107+0.03384565j,
            0.19499364+0.29999284j,  0.46606054-0.80475878j]],
         input_dims=(2, 2), output_dims=(2, 2))"
"Operator([[ 0.46606054-0.80475878j,  0.08655837-0.34716837j,
           -0.02835778-0.07875889j, -0.01062992-0.00354134j],
          [-0.35241169-0.06184033j,  0.82797394-0.07287338j,
            0.27488466-0.31394538j, -0.02835778-0.07875889j],
          [ 0.03916472+0.07398142j, -0.3325631 -0.25204178j,
            0.82797394-0.07287338j,  0.08655837-0.34716837j],
          [ 0.00122638-0.01113698j,  0.03916472+0.07398142j,
           -0.35241169-0.06184033j,  0.46606054-0.80475878j]],
         input_dims=(2, 2), output_dims=(2, 2))"
"Operator([[ 0.46606054-0.80475878j, -0.15602194-0.32198662j,
           -0.08255872+0.01382695j,  0.00216347+0.01099344j],
          [-0.23091516-0.27330645j,  0.82797394-0.07287338j,
            0.00984456-0.41716467j, -0.08255872+0.01382695j],
          [-0.06579175+0.05175492j, -0.09379285-0.40660322j,
            0.82797394-0.07287338j, -0.15602194-0.32198662j],
          [ 0.00908251+0.00656082j, -0.06579175+0.05175492j,
           -0.23091516-0.27330645j,  0.46606054-0.80475878j]],
         input_dims=(2, 2), output_dims=(2, 2))"
"Operator([[ 0.46606054-8.04758775e-01j, -0.08082541-3.48547672e-01j,
           -0.08043074-2.31952983e-02j, -0.00513165+9.96004409e-03j],
          [-0.28571729-2.15369117e-01j,  0.82797394-7.28733846e-02j,
            0.10200312-4.04621596e-01j, -0.08043074-2.31952983e-02j],
          [-0.03697763+7.50984747e-02j, -0.18152672-3.75727723e-01j,
            0.82797394-7.28733846e-02j, -0.08082541-3.48547672e-01j],
          [ 0.01119321-4.98334368e-04j, -0.03697763+7.50984747e-02j,
           -0.28571729-2.15369117e-01j,  0.46606054-8.04758775e-01j]],
         input_dims=(2, 2), output_dims=(2, 2))"
"Operator([[ 0.46606054-0.80475878j,  0.17376943-0.31276574j,
            0.01498238-0.08235687j, -0.00498289-0.01003529j],
          [-0.35637798+0.03182705j,  0.82797394-0.07287338j,
            0.34700059-0.23176252j,  0.01498238-0.08235687j],
          [ 0.07099544+0.04434832j, -0.38661859-0.15700108j,
            0.82797394-0.07287338j,  0.17376943-0.31276574j],
          [-0.00703353-0.00872157j,  0.07099544+0.04434832j,
           -0.35637798+0.03182705j,  0.46606054-0.80475878j]],
         input_dims=(2, 2), output_dims=(2, 2))"
"Operator([[ 0.46606054-0.80475878j,  0.19577073-0.29948631j,
            0.02662023-0.07936303j, -0.00272154-0.01086874j],
          [-0.3531743 +0.05732483j,  0.82797394-0.07287338j,
            0.36274087-0.20625794j,  0.02662023-0.07936303j],
          [ 0.07661389+0.03372592j, -0.3968905 -0.12884566j,
            0.82797394-0.07287338j,  0.19577073-0.29948631j],
          [-0.00873595-0.00701566j,  0.07661389+0.03372592j,
           -0.3531743 +0.05732483j,  0.46606054-0.80475878j]],
         input_dims=(2, 2), output_dims=(2, 2))"
"Operator([[ 0.46606054-0.80475878j,  0.19499364+0.29999284j,
           -0.07656107+0.03384565j, -0.00604401-0.00943431j],
          [ 0.19499364+0.29999284j,  0.82797394-0.07287338j,
            0.04230502+0.41513077j, -0.07656107+0.03384565j],
          [-0.07656107+0.03384565j,  0.04230502+0.41513077j,
            0.82797394-0.07287338j,  0.19499364+0.29999284j],
          [-0.00604401-0.00943431j, -0.07656107+0.03384565j,
            0.19499364+0.29999284j,  0.46606054-0.80475878j]],
         input_dims=(2, 2), output_dims=(2, 2))"
"Operator([[ 0.46606054-0.80475878j, -0.31564338+0.16848586j,
            0.08122667-0.02023251j, -0.01066481+0.00343485j],
          [ 0.28212174-0.22005806j,  0.82797394-0.07287338j,
           -0.41723072+0.00646558j,  0.08122667-0.02023251j],
          [ 0.06963283-0.04645853j,  0.409958  -0.07783131j,
            0.82797394-0.07287338j, -0.31564338+0.16848586j],
          [ 0.00757841-0.00825251j,  0.06963283-0.04645853j,
            0.28212174-0.22005806j,  0.46606054-0.80475878j]],
         input_dims=(2, 2), output_dims=(2, 2))"
