unitary
"Operator([[ 9.41366246e-01-3.14213578e-01j,
           -2.02780990e-02+1.20875992e-01j,
           -7.44262469e-03-4.65697750e-03j,
            2.74076845e-04-2.37650346e-04j],
          [ 6.13084488e-02+1.06129547e-01j,
            9.81660078e-01-3.43511799e-02j,
           -4.31676188e-02+1.34910184e-01j,
           -7.44262469e-03-4.65697750e-03j],
          [-5.98319448e-03+6.42506696e-03j,
            5.25896679e-02+1.31523868e-01j,
            9.81660078e-01-3.43511799e-02j,
           -2.02780990e-02+1.20875992e-01j],
          [-3.39877078e-04-1.26804480e-04j,
           -5.98319448e-03+6.42506696e-03j,
            6.13084488e-02+1.06129547e-01j,
            9.41366246e-01-3.14213578e-01j]],
         input_dims=(2, 2), output_dims=(2, 2))"
"Operator([[ 9.41366246e-01-3.14213578e-01j,
            1.25568283e-02+1.21920190e-01j,
           -8.77751142e-03-1.88135397e-04j,
            1.81070647e-05-3.62309175e-04j],
          [ 3.09165560e-02+1.18601742e-01j,
            9.81660078e-01-3.43511799e-02j,
           -5.78278221e-03+1.41530069e-01j,
           -8.77751142e-03-1.88135397e-04j],
          [-8.42953546e-03+2.45418695e-03j,
            1.57658402e-02+1.40768033e-01j,
            9.81660078e-01-3.43511799e-02j,
            1.25568283e-02+1.21920190e-01j],
          [-1.43659770e-04-3.33103099e-04j,
           -8.42953546e-03+2.45418695e-03j,
            3.09165560e-02+1.18601742e-01j,
            9.41366246e-01-3.14213578e-01j]],
         input_dims=(2, 2), output_dims=(2, 2))"
"Operator([[ 9.41366246e-01-0.31421358j,  2.17999268e-02+0.12061082j,
           -8.70437146e-03+0.00114631j, -6.44524569e-05-0.00035699j],
          [ 2.17999268e-02+0.12061082j,  9.81660078e-01-0.03435118j,
            5.00604995e-03+0.14155967j, -8.70437146e-03+0.00114631j],
          [-8.70437146e-03+0.00114631j,  5.00604995e-03+0.14155967j,
            9.81660078e-01-0.03435118j,  2.17999268e-02+0.12061082j],
          [-6.44524569e-05-0.00035699j, -8.70437146e-03+0.00114631j,
            2.17999268e-02+0.12061082j,  9.41366246e-01-0.31421358j]],
         input_dims=(2, 2), output_dims=(2, 2))"
"Operator([[ 9.41366246e-01-3.14213578e-01j,
            7.33924497e-02+9.81618815e-02j,
           -4.31256015e-03+7.64734769e-03j,
           -3.62760131e-04-9.44155891e-07j],
          [-3.43866596e-02+1.17642528e-01j,
            9.81660078e-01-3.43511799e-02j,
            6.77281811e-02+1.24406971e-01j,
           -4.31256015e-03+7.64734769e-03j],
          [-6.14539453e-03-6.27010588e-03j,
           -5.87710440e-02+1.28880430e-01j,
            9.81660078e-01-3.43511799e-02j,
            7.33924497e-02+9.81618815e-02j],
          [ 3.39527281e-04-1.27738128e-04j,
           -6.14539453e-03-6.27010588e-03j,
           -3.43866596e-02+1.17642528e-01j,
            9.41366246e-01-3.14213578e-01j]],
         input_dims=(2, 2), output_dims=(2, 2))"
"Operator([[ 9.41366246e-01-3.14213578e-01j,
            1.00512475e-01+7.01387834e-02j,
            1.09975518e-03+8.71037544e-03j,
           -2.09238225e-04+2.96336244e-04j],
          [-6.96004224e-02+1.00886014e-01j,
            9.81660078e-01-3.43511799e-02j,
            1.03379135e-01+9.68346805e-02j,
            1.09975518e-03+8.71037544e-03j],
          [-1.19282561e-03-8.69811869e-03j,
           -9.62806123e-02+1.03895354e-01j,
            9.81660078e-01-3.43511799e-02j,
            1.00512475e-01+7.01387834e-02j],
          [ 2.99653883e-04+2.04458686e-04j,
           -1.19282561e-03-8.69811869e-03j,
           -6.96004224e-02+1.00886014e-01j,
            9.41366246e-01-3.14213578e-01j]],
         input_dims=(2, 2), output_dims=(2, 2))"
"Operator([[ 9.41366246e-01-0.31421358j,  2.17999268e-02+0.12061082j,
           -8.70437146e-03+0.00114631j, -6.44524569e-05-0.00035699j],
          [ 2.17999268e-02+0.12061082j,  9.81660078e-01-0.03435118j,
            5.00604995e-03+0.14155967j, -8.70437146e-03+0.00114631j],
          [-8.70437146e-03+0.00114631j,  5.00604995e-03+0.14155967j,
            9.81660078e-01-0.03435118j,  2.17999268e-02+0.12061082j],
          [-6.44524569e-05-0.00035699j, -8.70437146e-03+0.00114631j,
            2.17999268e-02+0.12061082j,  9.41366246e-01-0.31421358j]],
         input_dims=(2, 2), output_dims=(2, 2))"
"Operator([[ 9.41366246e-01-3.14213578e-01j,
            1.22535256e-01-2.70513873e-03j,
            8.63365363e-03+1.59377750e-03j,
            3.47446619e-04+1.04291185e-04j],
          [-1.15729248e-01+4.03602244e-02j,
            9.81660078e-01-3.43511799e-02j,
            1.40605744e-01+1.71530114e-02j,
            8.63365363e-03+1.59377750e-03j],
          [ 7.92666683e-03-3.77465955e-03j,
           -1.39042839e-01+2.70423730e-02j,
            9.81660078e-01-3.43511799e-02j,
            1.22535256e-01-2.70513873e-03j],
          [-2.89041160e-04+2.19205410e-04j,
            7.92666683e-03-3.77465955e-03j,
           -1.15729248e-01+4.03602244e-02j,
            9.41366246e-01-3.14213578e-01j]],
         input_dims=(2, 2), output_dims=(2, 2))"
