unitary
"Operator([[ 0.6967498 -0.66116202j,  0.1064381 +0.25278347j,
           -0.04483395+0.01206126j, -0.00156263-0.00423609j],
          [ 0.11710511+0.24802207j,  0.90380399-0.06663156j,
            0.0182396 +0.31777633j, -0.04483395+0.01206126j],
          [-0.04364517+0.01583213j,  0.03175401+0.31671148j,
            0.90380399-0.06663156j,  0.1064381 +0.25278347j],
          [-0.0020897 -0.00400243j, -0.04364517+0.01583213j,
            0.11710511+0.24802207j,  0.6967498 -0.66116202j]],
         input_dims=(2, 2), output_dims=(2, 2))"
"Operator([[ 6.96749798e-01-0.66116202j, -6.12772055e-02-0.26734558j,
           -4.62656830e-02-0.0038786j , -7.47211062e-04+0.00445286j],
          [-1.58100074e-01-0.22412702j,  9.03803987e-01-0.06663156j,
            3.68031494e-02-0.31616453j, -4.62656830e-02-0.0038786j ],
          [-3.56763813e-02+0.02971116j, -8.58650809e-02-0.30649905j,
            9.03803987e-01-0.06663156j, -6.12772055e-02-0.26734558j],
          [ 3.80137150e-03+0.00243637j, -3.56763813e-02+0.02971116j,
           -1.58100074e-01-0.22412702j,  6.96749798e-01-0.66116202j]],
         input_dims=(2, 2), output_dims=(2, 2))"
"Operator([[ 0.6967498 -0.66116202j, -0.031126  -0.27250638j,
           -0.04425989-0.01402211j, -0.00216868+0.00396019j],
          [-0.18207435-0.20512797j,  0.90380399-0.06663156j,
            0.07178058-0.31010003j, -0.04425989-0.01402211j],
          [-0.02821584+0.03687036j, -0.11946109-0.2950314j ,
            0.90380399-0.06663156j, -0.031126  -0.27250638j],
          [ 0.0043908 +0.00105222j, -0.02821584+0.03687036j,
           -0.18207435-0.20512797j,  0.6967498 -0.66116202j]],
         input_dims=(2, 2), output_dims=(2, 2))"
"Operator([[ 0.6967498 -0.66116202j,  0.11404167+0.24944548j,
           -0.04402186+0.01475237j, -0.00194043-0.00407689j],
          [ 0.10954322+0.25145345j,  0.90380399-0.06663156j,
            0.02785109+0.31707853j, -0.04402186+0.01475237j],
          [-0.04452329+0.01316184j,  0.02215184+0.3175276j ,
            0.90380399-0.06663156j,  0.11404167+0.24944548j],
          [-0.00171804-0.00417548j, -0.04452329+0.01316184j,
            0.10954322+0.25145345j,  0.6967498 -0.66116202j]],
         input_dims=(2, 2), output_dims=(2, 2))"
"Operator([[ 0.6967498 -0.66116202j,  0.11179695+0.25045957j,
           -0.04427972+0.01395935j, -0.0018299 -0.00412768j],
          [ 0.11179695+0.25045957j,  0.90380399-0.06663156j,
            0.02500247+0.31731586j, -0.04427972+0.01395935j],
          [-0.04427972+0.01395935j,  0.02500247+0.31731586j,
            0.90380399-0.06663156j,  0.11179695+0.25045957j],
          [-0.0018299 -0.00412768j, -0.04427972+0.01395935j,
            0.11179695+0.25045957j,  0.6967498 -0.66116202j]],
         input_dims=(2, 2), output_dims=(2, 2))"
"Operator([[ 6.96749798e-01-0.66116202j, -1.92721580e-01+0.19515877j,
            2.31375740e-02-0.04025183j, -1.71308322e-04+0.00451187j],
          [ 2.73962644e-01-0.01315379j,  9.03803987e-01-0.06663156j,
           -2.86544718e-01+0.13858789j,  2.31375740e-02-0.04025183j],
          [ 4.20390822e-02+0.01970463j,  3.04713617e-01+0.09200049j,
            9.03803987e-01-0.06663156j, -1.92721580e-01+0.19515877j],
          [ 3.45838238e-03+0.00290274j,  4.20390822e-02+0.01970463j,
            2.73962644e-01-0.01315379j,  6.96749798e-01-0.66116202j]],
         input_dims=(2, 2), output_dims=(2, 2))"
"Operator([[ 0.6967498 -6.61162025e-01j,  0.02193357+2.73399838e-01j,
           -0.04321588-1.69689229e-02j,  0.00255701-3.72128851e-03j],
          [ 0.1888774 +1.98881578e-01j,  0.90380399-6.66315600e-02j,
           -0.08218037+3.07507504e-01j, -0.04321588-1.69689229e-02j],
          [-0.02567056+3.86856447e-02j,  0.12932652+2.90842106e-01j,
            0.90380399-6.66315600e-02j,  0.02193357+2.73399838e-01j],
          [-0.00447453-6.04034957e-04j, -0.02567056+3.86856447e-02j,
            0.1888774 +1.98881578e-01j,  0.6967498 -6.61162025e-01j]],
         input_dims=(2, 2), output_dims=(2, 2))"
"Operator([[ 0.6967498 -0.66116202j,  0.11179695+0.25045957j,
           -0.04427972+0.01395935j, -0.0018299 -0.00412768j],
          [ 0.11179695+0.25045957j,  0.90380399-0.06663156j,
            0.02500247+0.31731586j, -0.04427972+0.01395935j],
          [-0.04427972+0.01395935j,  0.02500247+0.31731586j,
            0.90380399-0.06663156j,  0.11179695+0.25045957j],
          [-0.0018299 -0.00412768j, -0.04427972+0.01395935j,
            0.11179695+0.25045957j,  0.6967498 -0.66116202j]],
         input_dims=(2, 2), output_dims=(2, 2))"
"Operator([[ 0.6967498 -0.66116202j,  0.21167369+0.17442134j,
           -0.01556589+0.04374083j, -0.0043944 +0.00103709j],
          [-0.01149648+0.27403719j,  0.90380399-0.06663156j,
            0.16375499+0.27294465j, -0.01556589+0.04374083j],
          [-0.03783735-0.02690525j, -0.11898699+0.29522292j,
            0.90380399-0.06663156j,  0.21167369+0.17442134j],
          [ 0.0037193 -0.00255991j, -0.03783735-0.02690525j,
           -0.01149648+0.27403719j,  0.6967498 -0.66116202j]],
         input_dims=(2, 2), output_dims=(2, 2))"
"Operator([[ 0.6967498 -0.66116202j,  0.11179695+0.25045957j,
           -0.04427972+0.01395935j, -0.0018299 -0.00412768j],
          [ 0.11179695+0.25045957j,  0.90380399-0.06663156j,
            0.02500247+0.31731586j, -0.04427972+0.01395935j],
          [-0.04427972+0.01395935j,  0.02500247+0.31731586j,
            0.90380399-0.06663156j,  0.11179695+0.25045957j],
          [-0.0018299 -0.00412768j, -0.04427972+0.01395935j,
            0.11179695+0.25045957j,  0.6967498 -0.66116202j]],
         input_dims=(2, 2), output_dims=(2, 2))"
"Operator([[ 0.6967498 -0.66116202j,  0.1019266 +0.25463606j,
           -0.04523445+0.01045953j, -0.00133454-0.00431339j],
          [ 0.1214966 +0.24590065j,  0.90380399-0.06663156j,
            0.01258643+0.31805041j, -0.04523445+0.01045953j],
          [-0.04305465+0.01737396j,  0.03738034+0.3160968j ,
            0.90380399-0.06663156j,  0.1019266 +0.25463606j],
          [-0.00230014-0.00388531j, -0.04305465+0.01737396j,
            0.1214966 +0.24590065j,  0.6967498 -0.66116202j]],
         input_dims=(2, 2), output_dims=(2, 2))"
"Operator([[ 0.6967498 -0.66116202j,  0.11179695+0.25045957j,
           -0.04427972+0.01395935j, -0.0018299 -0.00412768j],
          [ 0.11179695+0.25045957j,  0.90380399-0.06663156j,
            0.02500247+0.31731586j, -0.04427972+0.01395935j],
          [-0.04427972+0.01395935j,  0.02500247+0.31731586j,
            0.90380399-0.06663156j,  0.11179695+0.25045957j],
          [-0.0018299 -0.00412768j, -0.04427972+0.01395935j,
            0.11179695+0.25045957j,  0.6967498 -0.66116202j]],
         input_dims=(2, 2), output_dims=(2, 2))"
"Operator([[ 6.96749798e-01-0.66116202j, -2.69802919e-01-0.04934509j,
            2.90033951e-02+0.0362541j , -8.34608912e-04-0.00443731j],
          [ 1.43418979e-01-0.23379382j,  9.03803987e-01-0.06663156j,
           -2.75894902e-01-0.158734j  ,  2.90033951e-02+0.0362541j ],
          [ 2.96747370e-03-0.04633304j,  2.47630169e-01-0.19998444j,
            9.03803987e-01-0.06663156j, -2.69802919e-01-0.04934509j],
          [-2.72766987e-03-0.00359807j,  2.96747370e-03-0.04633304j,
            1.43418979e-01-0.23379382j,  6.96749798e-01-0.66116202j]],
         input_dims=(2, 2), output_dims=(2, 2))"
"Operator([[ 0.6967498 -0.66116202j,  0.11179695+0.25045957j,
           -0.04427972+0.01395935j, -0.0018299 -0.00412768j],
          [ 0.11179695+0.25045957j,  0.90380399-0.06663156j,
            0.02500247+0.31731586j, -0.04427972+0.01395935j],
          [-0.04427972+0.01395935j,  0.02500247+0.31731586j,
            0.90380399-0.06663156j,  0.11179695+0.25045957j],
          [-0.0018299 -0.00412768j, -0.04427972+0.01395935j,
            0.11179695+0.25045957j,  0.6967498 -0.66116202j]],
         input_dims=(2, 2), output_dims=(2, 2))"
"Operator([[ 6.96749798e-01-0.66116202j, -1.44633479e-01-0.23304444j,
           -3.89207938e-02+0.02531262j,  3.31395197e-03+0.0030666j ],
          [-7.69073473e-02-0.26327517j,  9.03803987e-01-0.06663156j,
           -6.76751810e-02-0.31102178j, -3.89207938e-02+0.02531262j],
          [-4.64009002e-02+0.00158538j,  1.81293900e-02-0.31778264j,
            9.03803987e-01-0.06663156j, -1.44633479e-01-0.23304444j],
          [ 4.70971715e-05+0.00451487j, -4.64009002e-02+0.00158538j,
           -7.69073473e-02-0.26327517j,  6.96749798e-01-0.66116202j]],
         input_dims=(2, 2), output_dims=(2, 2))"
