unitary
"Operator([[-0.85349209-0.31064606j, -0.07166331+0.07313563j,
           -0.19539089-0.05905974j, -0.14864199-0.3174992j ],
          [ 0.0760135 +0.06860319j, -0.91963096-0.31877734j,
            0.01697718+0.01488513j, -0.19539089-0.05905974j],
          [ 0.19957429+0.04284574j,  0.01417625-0.01757344j,
           -0.91963096-0.31877734j, -0.07166331+0.07313563j],
          [ 0.29684756-0.18649855j,  0.19957429+0.04284574j,
            0.0760135 +0.06860319j, -0.85349209-0.31064606j]],
         input_dims=(2, 2), output_dims=(2, 2))"
"Operator([[-0.85349209-0.31064606j, -0.00314115-0.10234541j,
           -0.05099566+0.19764892j,  0.09890154-0.33633119j],
          [-0.00314115-0.10234541j, -0.91963096-0.31877734j,
           -0.02249497+0.00194115j, -0.05099566+0.19764892j],
          [-0.05099566+0.19764892j, -0.02249497+0.00194115j,
           -0.91963096-0.31877734j, -0.00314115-0.10234541j],
          [ 0.09890154-0.33633119j, -0.05099566+0.19764892j,
           -0.00314115-0.10234541j, -0.85349209-0.31064606j]],
         input_dims=(2, 2), output_dims=(2, 2))"
"Operator([[-0.85349209-0.31064606j, -0.00314115-0.10234541j,
           -0.05099566+0.19764892j,  0.09890154-0.33633119j],
          [-0.00314115-0.10234541j, -0.91963096-0.31877734j,
           -0.02249497+0.00194115j, -0.05099566+0.19764892j],
          [-0.05099566+0.19764892j, -0.02249497+0.00194115j,
           -0.91963096-0.31877734j, -0.00314115-0.10234541j],
          [ 0.09890154-0.33633119j, -0.05099566+0.19764892j,
           -0.00314115-0.10234541j, -0.85349209-0.31064606j]],
         input_dims=(2, 2), output_dims=(2, 2))"
"Operator([[-8.53492085e-01-0.31064606j,  1.01977332e-01+0.00922353j,
            9.68333285e-02-0.17969129j, -2.79370518e-01-0.21178361j],
          [-1.01219756e-01+0.01545998j, -9.19630965e-01-0.31877734j,
            7.85669230e-04-0.02256489j,  9.68333285e-02-0.17969129j],
          [ 2.19171890e-03-0.2041099j ,  4.63963303e-03+0.02209673j,
           -9.19630965e-01-0.31877734j,  1.01977332e-01+0.00922353j],
          [ 3.49541834e-01-0.02684566j,  2.19171890e-03-0.2041099j ,
           -1.01219756e-01+0.01545998j, -8.53492085e-01-0.31064606j]],
         input_dims=(2, 2), output_dims=(2, 2))"
