unitary
"Operator([[ 0.59104213+0.42996398j, -0.34289648-0.29384034j,
            0.07328189+0.30364421j, -0.09346142+0.39442992j],
          [-0.34289648-0.29384034j, -0.11622474+0.10198692j,
           -0.32016691+0.75636859j,  0.07328189+0.30364421j],
          [ 0.07328189+0.30364421j, -0.32016691+0.75636859j,
           -0.11622474+0.10198692j, -0.34289648-0.29384034j],
          [-0.09346142+0.39442992j,  0.07328189+0.30364421j,
           -0.34289648-0.29384034j,  0.59104213+0.42996398j]],
         input_dims=(2, 2), output_dims=(2, 2))"
"Operator([[ 0.59104213+0.42996398j,  0.31933743+0.31928631j,
            0.02595563+0.31128178j,  0.18107856-0.36265763j],
          [ 0.36443346+0.26666158j, -0.11622474+0.10198692j,
            0.37726328-0.72957022j,  0.02595563+0.31128178j],
          [ 0.1188821 +0.28885479j,  0.2611825 -0.77870662j,
           -0.11622474+0.10198692j,  0.31933743+0.31928631j],
          [ 0.00090345-0.40535069j,  0.1188821 +0.28885479j,
            0.36443346+0.26666158j,  0.59104213+0.42996398j]],
         input_dims=(2, 2), output_dims=(2, 2))"
"Operator([[ 0.59104213+0.42996398j,  0.25517405+0.37256724j,
           -0.0883373 +0.29961069j,  0.34496908-0.21285285j],
          [ 0.40725726+0.19509399j, -0.11622474+0.10198692j,
            0.50499756-0.64774822j, -0.0883373 +0.29961069j],
          [ 0.21527034+0.22633763j,  0.11352317-0.8134573j ,
           -0.11622474+0.10198692j,  0.25517405+0.37256724j],
          [-0.21278088-0.34501348j,  0.21527034+0.22633763j,
            0.40725726+0.19509399j,  0.59104213+0.42996398j]],
         input_dims=(2, 2), output_dims=(2, 2))"
"Operator([[ 0.59104213+0.42996398j, -0.45062589-0.0292651j ,
            0.31202187+0.01457383j,  0.4020611 -0.05154487j],
          [-0.09794522-0.44082522j, -0.11622474+0.10198692j,
            0.19781018+0.79716462j,  0.31202187+0.01457383j],
          [-0.27102727+0.15528767j, -0.71001816+0.41288558j,
           -0.11622474+0.10198692j, -0.45062589-0.0292651j ],
          [-0.33618357-0.2264743j , -0.27102727+0.15528767j,
           -0.09794522-0.44082522j,  0.59104213+0.42996398j]],
         input_dims=(2, 2), output_dims=(2, 2))"
"Operator([[ 0.59104213+0.42996398j,  0.17972333-0.41427004j,
           -0.23158911-0.20961041j,  0.31900862-0.25008699j],
          [-0.38185169+0.24105897j, -0.11622474+0.10198692j,
           -0.81713451-0.08301503j, -0.23158911-0.20961041j],
          [ 0.11048924-0.29216805j,  0.62840463+0.5288742j ,
           -0.11622474+0.10198692j,  0.17972333-0.41427004j],
          [-0.17287321-0.36663995j,  0.11048924-0.29216805j,
           -0.38185169+0.24105897j,  0.59104213+0.42996398j]],
         input_dims=(2, 2), output_dims=(2, 2))"
"Operator([[ 0.59104213+0.42996398j, -0.34289648-0.29384034j,
            0.07328189+0.30364421j, -0.09346142+0.39442992j],
          [-0.34289648-0.29384034j, -0.11622474+0.10198692j,
           -0.32016691+0.75636859j,  0.07328189+0.30364421j],
          [ 0.07328189+0.30364421j, -0.32016691+0.75636859j,
           -0.11622474+0.10198692j, -0.34289648-0.29384034j],
          [-0.09346142+0.39442992j,  0.07328189+0.30364421j,
           -0.34289648-0.29384034j,  0.59104213+0.42996398j]],
         input_dims=(2, 2), output_dims=(2, 2))"
"Operator([[ 0.59104213+0.42996398j,  0.45136819+0.01367104j,
            0.31228316-0.00701914j, -0.3945637 +0.09289503j],
          [ 0.08264888+0.44394741j, -0.11622474+0.10198692j,
           -0.22524719-0.78985062j,  0.31228316-0.00701914j],
          [-0.2811087 +0.13619082j,  0.72386588-0.38809596j,
           -0.11622474+0.10198692j,  0.45136819+0.01367104j],
          [ 0.31092899+0.26006377j, -0.2811087 +0.13619082j,
            0.08264888+0.44394741j,  0.59104213+0.42996398j]],
         input_dims=(2, 2), output_dims=(2, 2))"
