unitary
"Operator([[-0.60522005-0.48632716j, -0.53766412-0.04155985j,
           -0.11571063+0.28828173j,  0.09880295-0.01128432j],
          [-0.5056527 -0.18741737j,  0.39143586+0.06411884j,
           -0.16590525-0.65409247j, -0.11571063+0.28828173j],
          [-0.25036212+0.18388614j,  0.01983616-0.67451318j,
            0.39143586+0.06411884j, -0.53766412-0.04155985j],
          [ 0.07478375+0.06554961j, -0.25036212+0.18388614j,
           -0.5056527 -0.18741737j, -0.60522005-0.48632716j]],
         input_dims=(2, 2), output_dims=(2, 2))"
"Operator([[-0.60522005-0.48632716j,  0.52673153+0.11560201j,
           -0.19033372+0.24549619j, -0.09491548-0.02967172j],
          [ 0.52673153+0.11560201j,  0.39143586+0.06411884j,
            0.0737448 +0.67076316j, -0.19033372+0.24549619j],
          [-0.19033372+0.24549619j,  0.0737448 +0.67076316j,
            0.39143586+0.06411884j,  0.52673153+0.11560201j],
          [-0.09491548-0.02967172j, -0.19033372+0.24549619j,
            0.52673153+0.11560201j, -0.60522005-0.48632716j]],
         input_dims=(2, 2), output_dims=(2, 2))"
"Operator([[-0.60522005-0.48632716j,  0.52673153+0.11560201j,
           -0.19033372+0.24549619j, -0.09491548-0.02967172j],
          [ 0.52673153+0.11560201j,  0.39143586+0.06411884j,
            0.0737448 +0.67076316j, -0.19033372+0.24549619j],
          [-0.19033372+0.24549619j,  0.0737448 +0.67076316j,
            0.39143586+0.06411884j,  0.52673153+0.11560201j],
          [-0.09491548-0.02967172j, -0.19033372+0.24549619j,
            0.52673153+0.11560201j, -0.60522005-0.48632716j]],
         input_dims=(2, 2), output_dims=(2, 2))"
"Operator([[-0.60522005-0.48632716j,  0.13584107+0.52187846j,
           -0.08640608-0.29837777j,  0.08903203+0.04430188j],
          [ 0.34190324-0.4170277j ,  0.39143586+0.06411884j,
           -0.56437907+0.3699159j , -0.08640608-0.29837777j],
          [ 0.31049644+0.00934159j,  0.63126544+0.23846478j,
            0.39143586+0.06411884j,  0.13584107+0.52187846j],
          [ 0.09841239+0.0142955j ,  0.31049644+0.00934159j,
            0.34190324-0.4170277j , -0.60522005-0.48632716j]],
         input_dims=(2, 2), output_dims=(2, 2))"
"Operator([[-0.60522005-0.48632716j, -0.19091319-0.50434322j,
           -0.14792571-0.27315434j, -0.09847172-0.0138809j ],
          [-0.38457057+0.37804153j,  0.39143586+0.06411884j,
            0.52154866-0.42819214j, -0.14792571-0.27315434j],
          [ 0.3013958 +0.07520557j, -0.602119  -0.30465427j,
            0.39143586+0.06411884j, -0.19091319-0.50434322j],
          [-0.08884466-0.04467646j,  0.3013958 +0.07520557j,
           -0.38457057+0.37804153j, -0.60522005-0.48632716j]],
         input_dims=(2, 2), output_dims=(2, 2))"
"Operator([[-0.60522005-0.48632716j, -0.43546333-0.31809057j,
           -0.30960265+0.02532797j,  0.00231711+0.09941826j],
          [-0.52864769+0.10649668j,  0.39143586+0.06411884j,
            0.20285411-0.64359282j, -0.30960265+0.02532797j],
          [ 0.05260711+0.30614996j, -0.33783403-0.58414868j,
            0.39143586+0.06411884j, -0.43546333-0.31809057j],
          [ 0.05852948-0.08039689j,  0.05260711+0.30614996j,
           -0.52864769+0.10649668j, -0.60522005-0.48632716j]],
         input_dims=(2, 2), output_dims=(2, 2))"
