unitary
"Operator([[ 8.86340847e-01-4.30335148e-01j,
           -1.32163028e-02+1.69539057e-01j,
           -1.52177689e-02-7.79993175e-03j,
            6.64777023e-04-7.34997300e-04j],
          [ 9.30712549e-02+1.42323237e-01j,
            9.64342661e-01-4.62886825e-02j,
           -5.42593099e-02+1.89065955e-01j,
           -1.52177689e-02-7.79993175e-03j],
          [-1.14107745e-02+1.27363122e-02j,
            7.24957160e-02+1.82850702e-01j,
            9.64342661e-01-4.62886825e-02j,
           -1.32163028e-02+1.69539057e-01j],
          [-9.35860406e-04-3.26059536e-04j,
           -1.14107745e-02+1.27363122e-02j,
            9.30712549e-02+1.42323237e-01j,
            8.86340847e-01-4.30335148e-01j]],
         input_dims=(2, 2), output_dims=(2, 2))"
"Operator([[ 8.86340847e-01-0.43033515j,  3.32113216e-02+0.16677881j,
           -1.70521025e-02+0.00128266j, -8.69052767e-05-0.00098722j],
          [ 5.10305645e-02+0.16221604j,  9.64342661e-01-0.04628868j,
           -1.00619666e-03+0.19669518j, -1.70521025e-02+0.00128266j],
          [-1.63787921e-02+0.00491473j,  2.02444430e-02+0.19565319j,
            9.64342661e-01-0.04628868j,  3.32113216e-02+0.16677881j],
          [-3.97273138e-04-0.00090792j, -1.63787921e-02+0.00491473j,
            5.10305645e-02+0.16221604j,  8.86340847e-01-0.43033515j]],
         input_dims=(2, 2), output_dims=(2, 2))"
"Operator([[ 8.86340847e-01-4.30335148e-01j,
            5.56426069e-02+1.60692447e-01j,
           -1.60714599e-02+5.84188321e-03j,
           -4.73521134e-04-8.70590177e-04j],
          [ 2.84346039e-02+1.67659284e-01j,
            9.64342661e-01-4.62886825e-02j,
            2.58240021e-02+1.94995202e-01j,
           -1.60714599e-02+5.84188321e-03j],
          [-1.70975203e-02+3.06958773e-04j,
           -6.62336243e-03+1.96586213e-01j,
            9.64342661e-01-4.62886825e-02j,
            5.56426069e-02+1.60692447e-01j],
          [-2.09423169e-06-9.91032358e-04j,
           -1.70975203e-02+3.06958773e-04j,
            2.84346039e-02+1.67659284e-01j,
            8.86340847e-01-4.30335148e-01j]],
         input_dims=(2, 2), output_dims=(2, 2))"
"Operator([[ 8.86340847e-01-0.43033515j,  4.21826807e-02+0.16473853j,
           -1.68138086e-02+0.00311693j, -2.45314235e-04-0.00096019j],
          [ 4.21826807e-02+0.16473853j,  9.64342661e-01-0.04628868j,
            9.63322217e-03+0.19646172j, -1.68138086e-02+0.00311693j],
          [-1.68138086e-02+0.00311693j,  9.63322217e-03+0.19646172j,
            9.64342661e-01-0.04628868j,  4.21826807e-02+0.16473853j],
          [-2.45314235e-04-0.00096019j, -1.68138086e-02+0.00311693j,
            4.21826807e-02+0.16473853j,  8.86340847e-01-0.43033515j]],
         input_dims=(2, 2), output_dims=(2, 2))"
"Operator([[ 8.86340847e-01-0.43033515j,  4.21826807e-02+0.16473853j,
           -1.68138086e-02+0.00311693j, -2.45314235e-04-0.00096019j],
          [ 4.21826807e-02+0.16473853j,  9.64342661e-01-0.04628868j,
            9.63322217e-03+0.19646172j, -1.68138086e-02+0.00311693j],
          [-1.68138086e-02+0.00311693j,  9.63322217e-03+0.19646172j,
            9.64342661e-01-0.04628868j,  4.21826807e-02+0.16473853j],
          [-2.45314235e-04-0.00096019j, -1.68138086e-02+0.00311693j,
            4.21826807e-02+0.16473853j,  8.86340847e-01-0.43033515j]],
         input_dims=(2, 2), output_dims=(2, 2))"
"Operator([[ 8.86340847e-01-0.43033515j,  4.21826807e-02+0.16473853j,
           -1.68138086e-02+0.00311693j, -2.45314235e-04-0.00096019j],
          [ 4.21826807e-02+0.16473853j,  9.64342661e-01-0.04628868j,
            9.63322217e-03+0.19646172j, -1.68138086e-02+0.00311693j],
          [-1.68138086e-02+0.00311693j,  9.63322217e-03+0.19646172j,
            9.64342661e-01-0.04628868j,  4.21826807e-02+0.16473853j],
          [-2.45314235e-04-0.00096019j, -1.68138086e-02+0.00311693j,
            4.21826807e-02+0.16473853j,  8.86340847e-01-0.43033515j]],
         input_dims=(2, 2), output_dims=(2, 2))"
"Operator([[ 8.86340847e-01-0.43033515j,  4.21826807e-02+0.16473853j,
           -1.68138086e-02+0.00311693j, -2.45314235e-04-0.00096019j],
          [ 4.21826807e-02+0.16473853j,  9.64342661e-01-0.04628868j,
            9.63322217e-03+0.19646172j, -1.68138086e-02+0.00311693j],
          [-1.68138086e-02+0.00311693j,  9.63322217e-03+0.19646172j,
            9.64342661e-01-0.04628868j,  4.21826807e-02+0.16473853j],
          [-2.45314235e-04-0.00096019j, -1.68138086e-02+0.00311693j,
            4.21826807e-02+0.16473853j,  8.86340847e-01-0.43033515j]],
         input_dims=(2, 2), output_dims=(2, 2))"
"Operator([[ 8.86340847e-01-0.43033515j,  1.33667856e-01-0.10512405j,
            9.02520052e-03-0.01452464j,  7.26714944e-05-0.00098837j],
          [-1.67741473e-01-0.02794567j,  9.64342661e-01-0.04628868j,
            1.75834718e-01-0.08815986j,  9.02520052e-03-0.01452464j],
          [ 1.36317196e-02+0.01032452j, -1.83616080e-01-0.0705347j ,
            9.64342661e-01-0.04628868j,  1.33667856e-01-0.10512405j],
          [-5.37845948e-04-0.00083239j,  1.36317196e-02+0.01032452j,
           -1.67741473e-01-0.02794567j,  8.86340847e-01-0.43033515j]],
         input_dims=(2, 2), output_dims=(2, 2))"
"Operator([[ 8.86340847e-01-0.43033515j,  1.70039719e-01+0.00215784j,
            1.61017354e-02+0.00575791j,  8.50043264e-04+0.00050949j],
          [-1.48077046e-01+0.0836143j ,  9.64342661e-01-0.04628868j,
            1.92195565e-01+0.04184343j,  1.61017354e-02+0.00575791j],
          [ 1.29679467e-02-0.01114683j, -1.87179968e-01+0.06044558j,
            9.64342661e-01-0.04628868j,  1.70039719e-01+0.00215784j],
          [-5.01494040e-04+0.00085478j,  1.29679467e-02-0.01114683j,
           -1.48077046e-01+0.0836143j ,  8.86340847e-01-0.43033515j]],
         input_dims=(2, 2), output_dims=(2, 2))"
"Operator([[ 8.86340847e-01-0.43033515j,  4.21826807e-02+0.16473853j,
           -1.68138086e-02+0.00311693j, -2.45314235e-04-0.00096019j],
          [ 4.21826807e-02+0.16473853j,  9.64342661e-01-0.04628868j,
            9.63322217e-03+0.19646172j, -1.68138086e-02+0.00311693j],
          [-1.68138086e-02+0.00311693j,  9.63322217e-03+0.19646172j,
            9.64342661e-01-0.04628868j,  4.21826807e-02+0.16473853j],
          [-2.45314235e-04-0.00096019j, -1.68138086e-02+0.00311693j,
            4.21826807e-02+0.16473853j,  8.86340847e-01-0.43033515j]],
         input_dims=(2, 2), output_dims=(2, 2))"
