unitary
"Operator([[ 9.05698036e-01-3.94281058e-01j,
            7.43543495e-02-1.36102069e-01j,
           -3.93967295e-03-1.36049840e-02j,
           -6.91102274e-04-2.80200182e-04j],
          [-1.26650990e-01-8.95090453e-02j,
            9.70446769e-01-4.26584628e-02j,
            1.13193157e-01-1.39095918e-01j,
           -3.93967295e-03-1.36049840e-02j],
          [ 7.27917523e-04+1.41452023e-02j,
           -1.25159662e-01-1.28434513e-01j,
            9.70446769e-01-4.26584628e-02j,
            7.43543495e-02-1.36102069e-01j],
          [ 4.97793747e-04-5.55280002e-04j,
            7.27917523e-04+1.41452023e-02j,
           -1.26650990e-01-8.95090453e-02j,
            9.05698036e-01-3.94281058e-01j]],
         input_dims=(2, 2), output_dims=(2, 2))"
"Operator([[ 9.05698036e-01-0.39428106j,  3.50208811e-02+0.15108236j,
           -1.39677146e-02+0.00234937j, -1.68104948e-04-0.00072655j],
          [ 3.50208811e-02+0.15108236j,  9.70446769e-01-0.04265846j,
            8.01347011e-03+0.17915398j, -1.39677146e-02+0.00234937j],
          [-1.39677146e-02+0.00234937j,  8.01347011e-03+0.17915398j,
            9.70446769e-01-0.04265846j,  3.50208811e-02+0.15108236j],
          [-1.68104948e-04-0.00072655j, -1.39677146e-02+0.00234937j,
            3.50208811e-02+0.15108236j,  9.05698036e-01-0.39428106j]],
         input_dims=(2, 2), output_dims=(2, 2))"
"Operator([[ 9.05698036e-01-0.39428106j, -5.67645827e-03-0.15498426j,
           -1.38357126e-02-0.00303145j, -2.53000767e-04+0.00070152j],
          [-6.30893577e-02-0.14167595j,  9.70446769e-01-0.04265846j,
            2.61727171e-02-0.17741295j, -1.38357126e-02-0.00303145j],
          [-1.20826661e-02+0.00739093j, -4.19076956e-02-0.17436774j,
            9.70446769e-01-0.04265846j, -5.67645827e-03-0.15498426j],
          [ 5.35418989e-04+0.0005191j , -1.20826661e-02+0.00739093j,
           -6.30893577e-02-0.14167595j,  9.05698036e-01-0.39428106j]],
         input_dims=(2, 2), output_dims=(2, 2))"
"Operator([[ 9.05698036e-01-0.39428106j, -2.64111251e-02-0.15282276j,
           -1.41437679e-02+0.00075528j,  4.28091124e-05+0.00074451j],
          [-4.35182946e-02-0.14885732j,  9.70446769e-01-0.04265846j,
            2.14225304e-03-0.17932032j, -1.41437679e-02+0.00075528j],
          [-1.36125785e-02+0.00391335j, -1.81434871e-02-0.17841295j,
            9.70446769e-01-0.04265846j, -2.64111251e-02-0.15282276j],
          [ 2.88557822e-04+0.00068765j, -1.36125785e-02+0.00391335j,
           -4.35182946e-02-0.14885732j,  9.05698036e-01-0.39428106j]],
         input_dims=(2, 2), output_dims=(2, 2))"
"Operator([[ 9.05698036e-01-0.39428106j, -1.95754646e-02-0.15384779j,
           -1.41548460e-02-0.0005069j , -5.68311331e-05+0.00074358j],
          [-5.01078112e-02-0.1467704j ,  9.70446769e-01-0.04265846j,
            1.01302249e-02-0.17904676j, -1.41548460e-02-0.0005069j ],
          [-1.32101325e-02+0.0051097j , -2.60751363e-02-0.17742732j,
            9.70446769e-01-0.04265846j, -1.95754646e-02-0.15384779j],
          [ 3.77659486e-04+0.00064305j, -1.32101325e-02+0.0051097j ,
           -5.01078112e-02-0.1467704j ,  9.05698036e-01-0.39428106j]],
         input_dims=(2, 2), output_dims=(2, 2))"
"Operator([[ 9.05698036e-01-0.39428106j,  4.97612284e-03-0.15500832j,
           -1.32900968e-02-0.00489795j, -3.91209270e-04+0.00063489j],
          [-7.26661475e-02-0.13701085j,  9.70446769e-01-0.04265846j,
            3.82898268e-02-0.17519776j, -1.32900968e-02-0.00489795j],
          [-1.09564547e-02+0.00897623j, -5.37786430e-02-0.17107958j,
            9.70446769e-01-0.04265846j,  4.97612284e-03-0.15500832j],
          [ 6.30318708e-04+0.00039854j, -1.09564547e-02+0.00897623j,
           -7.26661475e-02-0.13701085j,  9.05698036e-01-0.39428106j]],
         input_dims=(2, 2), output_dims=(2, 2))"
"Operator([[ 9.05698036e-01-3.94281058e-01j,
            3.19230442e-02-1.51767130e-01j,
           -1.08006667e-02-9.16308961e-03j,
           -6.56981919e-04+3.52858688e-04j],
          [-9.54389506e-02-1.22244628e-01j,
            9.70446769e-01-4.26584628e-02j,
            6.82462970e-02-1.65839706e-01j,
           -1.08006667e-02-9.16308961e-03j],
          [-7.20868830e-03+1.21922690e-02j,
           -8.27799923e-02-1.59084374e-01j,
            9.70446769e-01-4.26584628e-02j,
            3.19230442e-02-1.51767130e-01j],
          [ 7.45202159e-04+2.84295230e-05j,
           -7.20868830e-03+1.21922690e-02j,
           -9.54389506e-02-1.22244628e-01j,
            9.05698036e-01-3.94281058e-01j]],
         input_dims=(2, 2), output_dims=(2, 2))"
"Operator([[ 9.05698036e-01-3.94281058e-01j,
            5.71611336e-02-1.44169856e-01j,
           -7.12287967e-03-1.22425976e-02j,
           -7.45629035e-04-1.31086709e-05j],
          [-1.14760691e-01-1.04318389e-01j,
            9.70446769e-01-4.26584628e-02j,
            9.53427852e-02-1.51888507e-01j,
           -7.12287967e-03-1.22425976e-02j],
          [-2.72582850e-03+1.38991536e-02j,
           -1.08522703e-01-1.42769703e-01j,
            9.70446769e-01-4.26584628e-02j,
            5.71611336e-02-1.44169856e-01j],
          [ 6.64094857e-04-3.39282354e-04j,
           -2.72582850e-03+1.38991536e-02j,
           -1.14760691e-01-1.04318389e-01j,
            9.05698036e-01-3.94281058e-01j]],
         input_dims=(2, 2), output_dims=(2, 2))"
"Operator([[ 9.05698036e-01-0.39428106j,  3.50208811e-02+0.15108236j,
           -1.39677146e-02+0.00234937j, -1.68104948e-04-0.00072655j],
          [ 3.50208811e-02+0.15108236j,  9.70446769e-01-0.04265846j,
            8.01347011e-03+0.17915398j, -1.39677146e-02+0.00234937j],
          [-1.39677146e-02+0.00234937j,  8.01347011e-03+0.17915398j,
            9.70446769e-01-0.04265846j,  3.50208811e-02+0.15108236j],
          [-1.68104948e-04-0.00072655j, -1.39677146e-02+0.00234937j,
            3.50208811e-02+0.15108236j,  9.05698036e-01-0.39428106j]],
         input_dims=(2, 2), output_dims=(2, 2))"
"Operator([[ 9.05698036e-01-0.39428106j,  3.50208811e-02+0.15108236j,
           -1.39677146e-02+0.00234937j, -1.68104948e-04-0.00072655j],
          [ 3.50208811e-02+0.15108236j,  9.70446769e-01-0.04265846j,
            8.01347011e-03+0.17915398j, -1.39677146e-02+0.00234937j],
          [-1.39677146e-02+0.00234937j,  8.01347011e-03+0.17915398j,
            9.70446769e-01-0.04265846j,  3.50208811e-02+0.15108236j],
          [-1.68104948e-04-0.00072655j, -1.39677146e-02+0.00234937j,
            3.50208811e-02+0.15108236j,  9.05698036e-01-0.39428106j]],
         input_dims=(2, 2), output_dims=(2, 2))"
"Operator([[ 9.05698036e-01-0.39428106j,  3.50208811e-02+0.15108236j,
           -1.39677146e-02+0.00234937j, -1.68104948e-04-0.00072655j],
          [ 3.50208811e-02+0.15108236j,  9.70446769e-01-0.04265846j,
            8.01347011e-03+0.17915398j, -1.39677146e-02+0.00234937j],
          [-1.39677146e-02+0.00234937j,  8.01347011e-03+0.17915398j,
            9.70446769e-01-0.04265846j,  3.50208811e-02+0.15108236j],
          [-1.68104948e-04-0.00072655j, -1.39677146e-02+0.00234937j,
            3.50208811e-02+0.15108236j,  9.05698036e-01-0.39428106j]],
         input_dims=(2, 2), output_dims=(2, 2))"
