unitary
"Operator([[ 0.6959921 +0.23858773j,  0.33059817+0.32582009j,
           -0.08352795+0.25171625j,  0.33471308-0.24667017j],
          [ 0.45592539+0.0870972j , -0.17174122+0.0355456j ,
            0.53863306-0.6271555j , -0.08352795+0.25171625j],
          [ 0.20069861+0.17337259j,  0.09917284-0.82074012j,
           -0.17174122+0.0355456j ,  0.33059817+0.32582009j],
          [-0.30749102-0.27987192j,  0.20069861+0.17337259j,
            0.45592539+0.0870972j ,  0.6959921 +0.23858773j]],
         input_dims=(2, 2), output_dims=(2, 2))"
"Operator([[ 0.6959921 +0.23858773j, -0.23118565-0.40250103j,
           -0.20151295+0.17242541j, -0.40915574-0.07396347j],
          [-0.46258928+0.03827587j, -0.17174122+0.0355456j ,
           -0.68700592+0.45986135j, -0.20151295+0.17242541j],
          [ 0.26139677+0.04482987j,  0.12441153+0.81729515j,
           -0.17174122+0.0355456j , -0.23118565-0.40250103j],
          [ 0.41460173-0.03137546j,  0.26139677+0.04482987j,
           -0.46258928+0.03827587j,  0.6959921 +0.23858773j]],
         input_dims=(2, 2), output_dims=(2, 2))"
"Operator([[ 0.6959921 +0.23858773j, -0.41097686-0.21575889j,
            0.07047463+0.25567815j, -0.0214674 +0.41523267j],
          [-0.41097686-0.21575889j, -0.17174122+0.0355456j ,
           -0.33326842+0.75655915j,  0.07047463+0.25567815j],
          [ 0.07047463+0.25567815j, -0.33326842+0.75655915j,
           -0.17174122+0.0355456j , -0.41097686-0.21575889j],
          [-0.0214674 +0.41523267j,  0.07047463+0.25567815j,
           -0.41097686-0.21575889j,  0.6959921 +0.23858773j]],
         input_dims=(2, 2), output_dims=(2, 2))"
"Operator([[ 0.6959921 +0.23858773j, -0.41097686-0.21575889j,
            0.07047463+0.25567815j, -0.0214674 +0.41523267j],
          [-0.41097686-0.21575889j, -0.17174122+0.0355456j ,
           -0.33326842+0.75655915j,  0.07047463+0.25567815j],
          [ 0.07047463+0.25567815j, -0.33326842+0.75655915j,
           -0.17174122+0.0355456j , -0.41097686-0.21575889j],
          [-0.0214674 +0.41523267j,  0.07047463+0.25567815j,
           -0.41097686-0.21575889j,  0.6959921 +0.23858773j]],
         input_dims=(2, 2), output_dims=(2, 2))"
