unitary
"Operator([[-0.38491235+0.61799116j,  0.22931984-0.37503544j,
           -0.06066471+0.44060511j, -0.24500214+0.13729938j],
          [ 0.22931984-0.37503544j,  0.07462956+0.26065087j,
           -0.12030553+0.72177967j, -0.06066471+0.44060511j],
          [-0.06066471+0.44060511j, -0.12030553+0.72177967j,
            0.07462956+0.26065087j,  0.22931984-0.37503544j],
          [-0.24500214+0.13729938j, -0.06066471+0.44060511j,
            0.22931984-0.37503544j, -0.38491235+0.61799116j]],
         input_dims=(2, 2), output_dims=(2, 2))"
"Operator([[-0.38491235+0.61799116j, -0.42164949+0.12430156j,
           -0.44446304-0.01629956j, -0.03483437+0.27868214j],
          [ 0.08151301+0.4319662j ,  0.07462956+0.26065087j,
            0.57340521-0.45458308j, -0.44446304-0.01629956j],
          [ 0.43232995+0.10442166j, -0.39496317-0.61598978j,
            0.07462956+0.26065087j, -0.42164949+0.12430156j],
          [-0.25588241-0.11576423j,  0.43232995+0.10442166j,
            0.08151301+0.4319662j , -0.38491235+0.61799116j]],
         input_dims=(2, 2), output_dims=(2, 2))"
"Operator([[-0.38491235+0.61799116j,  0.22931984-0.37503544j,
           -0.06066471+0.44060511j, -0.24500214+0.13729938j],
          [ 0.22931984-0.37503544j,  0.07462956+0.26065087j,
           -0.12030553+0.72177967j, -0.06066471+0.44060511j],
          [-0.06066471+0.44060511j, -0.12030553+0.72177967j,
            0.07462956+0.26065087j,  0.22931984-0.37503544j],
          [-0.24500214+0.13729938j, -0.06066471+0.44060511j,
            0.22931984-0.37503544j, -0.38491235+0.61799116j]],
         input_dims=(2, 2), output_dims=(2, 2))"
"Operator([[-0.38491235+0.61799116j,  0.01218694-0.43942081j,
            0.34986271+0.27460727j,  0.13544247+0.24603354j],
          [ 0.38558355-0.21110305j,  0.07462956+0.26065087j,
            0.25497385+0.68587728j,  0.34986271+0.27460727j],
          [-0.41105644+0.16984013j, -0.46365179+0.56609746j,
            0.07462956+0.26065087j,  0.01218694-0.43942081j],
          [-0.13914844-0.24395671j, -0.41105644+0.16984013j,
            0.38558355-0.21110305j, -0.38491235+0.61799116j]],
         input_dims=(2, 2), output_dims=(2, 2))"
"Operator([[-0.38491235+0.61799116j, -0.31736722+0.30416643j,
           -0.27004226+0.35339814j,  0.27121585+0.07293238j],
          [-0.12611246+0.42111141j,  0.07462956+0.26065087j,
            0.30036992-0.667246j  , -0.27004226+0.35339814j],
          [ 0.16448953+0.41322665j, -0.06771207-0.72859755j,
            0.07462956+0.26065087j, -0.31736722+0.30416643j],
          [ 0.07937152-0.2694018j ,  0.16448953+0.41322665j,
           -0.12611246+0.42111141j, -0.38491235+0.61799116j]],
         input_dims=(2, 2), output_dims=(2, 2))"
