unitary
"Operator([[ 9.41366246e-01-0.31421358j,  2.17999268e-02+0.12061082j,
           -8.70437146e-03+0.00114631j, -6.44524569e-05-0.00035699j],
          [ 2.17999268e-02+0.12061082j,  9.81660078e-01-0.03435118j,
            5.00604995e-03+0.14155967j, -8.70437146e-03+0.00114631j],
          [-8.70437146e-03+0.00114631j,  5.00604995e-03+0.14155967j,
            9.81660078e-01-0.03435118j,  2.17999268e-02+0.12061082j],
          [-6.44524569e-05-0.00035699j, -8.70437146e-03+0.00114631j,
            2.17999268e-02+0.12061082j,  9.41366246e-01-0.31421358j]],
         input_dims=(2, 2), output_dims=(2, 2))"
"Operator([[ 9.41366246e-01-3.14213578e-01j,
           -1.06291107e-01-6.10279210e-02j,
            2.60880073e-03+8.38297444e-03j,
            1.24606243e-04-3.40689137e-04j],
          [ 7.82027455e-02-9.43744524e-02j,
            9.81660078e-01-3.43511799e-02j,
           -1.11494314e-01-8.73682951e-02j,
            2.60880073e-03+8.38297444e-03j],
          [ 3.49532115e-04-8.77256684e-03j,
            1.05044212e-01-9.50258621e-02j,
            9.81660078e-01-3.43511799e-02j,
           -1.06291107e-01-6.10279210e-02j],
          [-2.35874864e-04-2.75606337e-04j,
            3.49532115e-04-8.77256684e-03j,
            7.82027455e-02-9.43744524e-02j,
            9.41366246e-01-3.14213578e-01j]],
         input_dims=(2, 2), output_dims=(2, 2))"
"Operator([[ 9.41366246e-01-3.14213578e-01j,
           -1.19648681e-01-2.65781821e-02j,
            6.91491162e-03+5.40963020e-03j,
           -1.91836188e-04-3.07887449e-04j],
          [ 1.02774508e-01-6.67802904e-02j,
            9.81660078e-01-3.43511799e-02j,
           -1.32465357e-01-5.01710090e-02j,
            6.91491162e-03+5.40963020e-03j],
          [ 5.27861467e-03-7.01543504e-03j,
            1.28590438e-01-5.94028639e-02j,
            9.81660078e-01-3.43511799e-02j,
           -1.19648681e-01-2.65781821e-02j],
          [ 7.20595475e-05-3.55532313e-04j,
            5.27861467e-03-7.01543504e-03j,
            1.02774508e-01-6.67802904e-02j,
            9.41366246e-01-3.14213578e-01j]],
         input_dims=(2, 2), output_dims=(2, 2))"
"Operator([[ 9.41366246e-01-3.14213578e-01j,
           -1.21676739e-01+1.47301649e-02j,
            8.77863529e-03-1.25156349e-04j,
           -3.62759016e-04+1.30391654e-06j],
          [ 1.19134484e-01-2.87955077e-02j,
            9.81660078e-01-3.43511799e-02j,
           -1.41610717e-01-3.25664103e-03j,
            8.77863529e-03-1.25156349e-04j],
          [ 8.51173112e-03-2.15186782e-03j,
            1.41026924e-01-1.32517063e-02j,
            9.81660078e-01-3.43511799e-02j,
           -1.21676739e-01+1.47301649e-02j],
          [ 3.40312365e-04-1.25631597e-04j,
            8.51173112e-03-2.15186782e-03j,
            1.19134484e-01-2.87955077e-02j,
            9.41366246e-01-3.14213578e-01j]],
         input_dims=(2, 2), output_dims=(2, 2))"
"Operator([[ 9.41366246e-01-0.31421358j,  2.17999268e-02+0.12061082j,
           -8.70437146e-03+0.00114631j, -6.44524569e-05-0.00035699j],
          [ 2.17999268e-02+0.12061082j,  9.81660078e-01-0.03435118j,
            5.00604995e-03+0.14155967j, -8.70437146e-03+0.00114631j],
          [-8.70437146e-03+0.00114631j,  5.00604995e-03+0.14155967j,
            9.81660078e-01-0.03435118j,  2.17999268e-02+0.12061082j],
          [-6.44524569e-05-0.00035699j, -8.70437146e-03+0.00114631j,
            2.17999268e-02+0.12061082j,  9.41366246e-01-0.31421358j]],
         input_dims=(2, 2), output_dims=(2, 2))"
"Operator([[ 9.41366246e-01-0.31421358j, -9.32526709e-02+0.07953707j,
            3.29815758e-03-0.00813648j,  6.84886128e-05+0.00035624j],
          [ 1.15194891e-01+0.041861j  ,  9.81660078e-01-0.03435118j,
           -1.19807010e-01+0.07556773j,  3.29815758e-03-0.00813648j],
          [ 5.29221174e-03+0.00700518j,  1.24845736e-01+0.06691594j,
            9.81660078e-01-0.03435118j, -9.32526709e-02+0.07953707j],
          [ 6.04080451e-05+0.0003577j ,  5.29221174e-03+0.00700518j,
            1.15194891e-01+0.041861j  ,  9.41366246e-01-0.31421358j]],
         input_dims=(2, 2), output_dims=(2, 2))"
"Operator([[ 9.41366246e-01-3.14213578e-01j,
           -7.48081879e-02+9.70872890e-02j,
           -2.72899542e-04-8.77528504e-03j,
            2.63801957e-04+2.49006690e-04j],
          [ 1.04060973e-01+6.47573984e-02j,
            9.81660078e-01-3.43511799e-02j,
           -1.01609694e-01+9.86897721e-02j,
           -2.72899542e-04-8.77528504e-03j],
          [ 2.00829455e-03+8.54674527e-03j,
            1.08327189e-01+9.12656625e-02j,
            9.81660078e-01-3.43511799e-02j,
           -7.48081879e-02+9.70872890e-02j],
          [-1.60071803e-04+3.25534671e-04j,
            2.00829455e-03+8.54674527e-03j,
            1.04060973e-01+6.47573984e-02j,
            9.41366246e-01-3.14213578e-01j]],
         input_dims=(2, 2), output_dims=(2, 2))"
