unitary
"Operator([[-0.72363362-0.20391325j,  0.53165995-0.01377509j,
           -0.18480255+0.31411938j, -0.13728423-0.01586778j],
          [ 0.53165995-0.01377509j,  0.29079085+0.12698835j,
            0.0498406 +0.69365375j, -0.18480255+0.31411938j],
          [-0.18480255+0.31411938j,  0.0498406 +0.69365375j,
            0.29079085+0.12698835j,  0.53165995-0.01377509j],
          [-0.13728423-0.01586778j, -0.18480255+0.31411938j,
            0.53165995-0.01377509j, -0.72363362-0.20391325j]],
         input_dims=(2, 2), output_dims=(2, 2))"
"Operator([[-0.72363362-0.20391325j, -0.25359374+0.46748505j,
            0.36444024+0.0025058j , -0.1373152 -0.01559753j],
          [-0.27746193-0.45372562j,  0.29079085+0.12698835j,
           -0.62584117-0.30325311j,  0.36444024+0.0025058j ],
          [-0.17921784-0.31733883j,  0.57605721-0.38961224j,
            0.29079085+0.12698835j, -0.25359374+0.46748505j],
          [-0.13725274-0.01613796j, -0.17921784-0.31733883j,
           -0.27746193-0.45372562j, -0.72363362-0.20391325j]],
         input_dims=(2, 2), output_dims=(2, 2))"
"Operator([[-0.72363362-0.20391325j,  0.53165995-0.01377509j,
           -0.18480255+0.31411938j, -0.13728423-0.01586778j],
          [ 0.53165995-0.01377509j,  0.29079085+0.12698835j,
            0.0498406 +0.69365375j, -0.18480255+0.31411938j],
          [-0.18480255+0.31411938j,  0.0498406 +0.69365375j,
            0.29079085+0.12698835j,  0.53165995-0.01377509j],
          [-0.13728423-0.01586778j, -0.18480255+0.31411938j,
            0.53165995-0.01377509j, -0.72363362-0.20391325j]],
         input_dims=(2, 2), output_dims=(2, 2))"
"Operator([[-0.72363362-0.20391325j,  0.53165995-0.01377509j,
           -0.18480255+0.31411938j, -0.13728423-0.01586778j],
          [ 0.53165995-0.01377509j,  0.29079085+0.12698835j,
            0.0498406 +0.69365375j, -0.18480255+0.31411938j],
          [-0.18480255+0.31411938j,  0.0498406 +0.69365375j,
            0.29079085+0.12698835j,  0.53165995-0.01377509j],
          [-0.13728423-0.01586778j, -0.18480255+0.31411938j,
            0.53165995-0.01377509j, -0.72363362-0.20391325j]],
         input_dims=(2, 2), output_dims=(2, 2))"
"Operator([[-0.72363362-0.20391325j, -0.16128765+0.50679222j,
            0.33965776-0.13211955j, -0.12421919+0.06056683j],
          [-0.18731519-0.49776006j,  0.29079085+0.12698835j,
           -0.67165679-0.18032407j,  0.33965776-0.13211955j],
          [-0.04950412-0.36107106j,  0.63897693-0.27449609j,
            0.29079085+0.12698835j, -0.16128765+0.50679222j],
          [-0.10712747-0.08730666j, -0.04950412-0.36107106j,
           -0.18731519-0.49776006j, -0.72363362-0.20391325j]],
         input_dims=(2, 2), output_dims=(2, 2))"
"Operator([[-0.72363362-0.20391325j, -0.24536245-0.47185732j,
           -0.1336345 -0.33906458j, -0.1309619 -0.04413306j],
          [-0.22059838+0.48393017j,  0.29079085+0.12698835j,
            0.60166447-0.34876851j, -0.1336345 -0.33906458j],
          [ 0.36128845-0.04789177j, -0.64534609-0.25916797j,
            0.29079085+0.12698835j, -0.24536245-0.47185732j],
          [-0.13757646+0.01309449j,  0.36128845-0.04789177j,
           -0.22059838+0.48393017j, -0.72363362-0.20391325j]],
         input_dims=(2, 2), output_dims=(2, 2))"
"Operator([[-0.72363362-0.20391325j,  0.26456518+0.46136463j,
           -0.16105428-0.32693193j,  0.13539946+0.02767187j],
          [ 0.24031871-0.47444597j,  0.29079085+0.12698835j,
           -0.58680818+0.37322349j, -0.16105428-0.32693193j],
          [ 0.36400255-0.01803078j,  0.63413865+0.28549568j,
            0.29079085+0.12698835j,  0.26456518+0.46136463j],
          [ 0.1381419 +0.00394496j,  0.36400255-0.01803078j,
            0.24031871-0.47444597j, -0.72363362-0.20391325j]],
         input_dims=(2, 2), output_dims=(2, 2))"
