unitary
"Operator([[-0.10434541-0.84554544j, -0.2596645 +0.41241417j,
            0.12805828-0.13641345j, -0.01675569+0.03695326j],
          [ 0.32350318-0.36449526j,  0.62417754-0.03862586j,
           -0.56702764+0.12194853j,  0.12805828-0.13641345j],
          [ 0.16517196-0.08789639j,  0.57932858-0.02775239j,
            0.62417754-0.03862586j, -0.2596645 +0.41241417j],
          [ 0.03222253-0.02465775j,  0.16517196-0.08789639j,
            0.32350318-0.36449526j, -0.10434541-0.84554544j]],
         input_dims=(2, 2), output_dims=(2, 2))"
"Operator([[-0.10434541-0.84554544j, -0.48662157-0.02665606j,
            0.04820314+0.18078719j,  0.0185535 -0.03608412j],
          [-0.16147613-0.45982231j,  0.62417754-0.03862586j,
           -0.38201599-0.43641216j,  0.04820314+0.18078719j],
          [-0.16187211-0.09383481j,  0.25713552-0.51987799j,
            0.62417754-0.03862586j, -0.48662157-0.02665606j],
          [-0.03097034+0.02621324j, -0.16187211-0.09383481j,
           -0.16147613-0.45982231j, -0.10434541-0.84554544j]],
         input_dims=(2, 2), output_dims=(2, 2))"
"Operator([[-0.10434541-0.84554544j,  0.46873631-0.13340679j,
            0.14937589+0.11266941j,  0.02019875+0.03518958j],
          [ 0.00278585+0.48734314j,  0.62417754-0.03862586j,
            0.50339707+0.28806802j,  0.14937589+0.11266941j],
          [-0.06965158-0.17365543j, -0.41254053+0.40767892j,
            0.62417754-0.03862586j,  0.46873631-0.13340679j],
          [ 0.03883827+0.01174243j, -0.06965158-0.17365543j,
            0.00278585+0.48734314j, -0.10434541-0.84554544j]],
         input_dims=(2, 2), output_dims=(2, 2))"
"Operator([[-0.10434541-8.45545439e-01j,  0.46275246+1.52876627e-01j,
           -0.04957032+1.80417116e-01j, -0.03872844+1.20997508e-02j],
          [ 0.27601108+4.01657792e-01j,  0.62417754-3.86258620e-02j,
            0.25471786+5.21066794e-01j, -0.04957032+1.80417116e-01j],
          [-0.187102  +6.28088455e-04j, -0.11236719+5.69003873e-01j,
            0.62417754-3.86258620e-02j,  0.46275246+1.52876627e-01j],
          [ 0.00305398-4.04594786e-02j, -0.187102  +6.28088455e-04j,
            0.27601108+4.01657792e-01j, -0.10434541-8.45545439e-01j]],
         input_dims=(2, 2), output_dims=(2, 2))"
"Operator([[-0.10434541-0.84554544j,  0.38976391+0.29256656j,
           -0.14860844+0.11367974j, -0.03176137-0.02524899j],
          [ 0.38976391+0.29256656j,  0.62417754-0.03862586j,
            0.07510273+0.57510988j, -0.14860844+0.11367974j],
          [-0.14860844+0.11367974j,  0.07510273+0.57510988j,
            0.62417754-0.03862586j,  0.38976391+0.29256656j],
          [-0.03176137-0.02524899j, -0.14860844+0.11367974j,
            0.38976391+0.29256656j, -0.10434541-0.84554544j]],
         input_dims=(2, 2), output_dims=(2, 2))"
"Operator([[-0.10434541-0.84554544j,  0.38976391+0.29256656j,
           -0.14860844+0.11367974j, -0.03176137-0.02524899j],
          [ 0.38976391+0.29256656j,  0.62417754-0.03862586j,
            0.07510273+0.57510988j, -0.14860844+0.11367974j],
          [-0.14860844+0.11367974j,  0.07510273+0.57510988j,
            0.62417754-0.03862586j,  0.38976391+0.29256656j],
          [-0.03176137-0.02524899j, -0.14860844+0.11367974j,
            0.38976391+0.29256656j, -0.10434541-0.84554544j]],
         input_dims=(2, 2), output_dims=(2, 2))"
"Operator([[-0.10434541-0.84554544j, -0.4844231 +0.05334191j,
            0.10399709+0.15553828j, -0.00074104-0.04056781j],
          [-0.08404631-0.48004929j,  0.62417754-0.03862586j,
           -0.44828694-0.36800898j,  0.10399709+0.15553828j],
          [-0.12290199-0.14107676j,  0.33874986-0.47078692j,
            0.62417754-0.03862586j, -0.4844231 +0.05334191j],
          [-0.03968984+0.00842693j, -0.12290199-0.14107676j,
           -0.08404631-0.48004929j, -0.10434541-0.84554544j]],
         input_dims=(2, 2), output_dims=(2, 2))"
