unitary
"Operator([[ 0.37794656+0.62263254j,  0.3520277 -0.25169497j,
           -0.12661601-0.34541228j,  0.37717347+0.06789826j],
          [-0.39324002+0.18065476j, -0.05533329+0.17745746j,
           -0.77290961-0.21317292j, -0.12661601-0.34541228j],
          [ 0.01058756-0.36773518j,  0.71871632+0.35535729j,
           -0.05533329+0.17745746j,  0.3520277 -0.25169497j],
          [-0.28084852-0.2607568j ,  0.01058756-0.36773518j,
           -0.39324002+0.18065476j,  0.37794656+0.62263254j]],
         input_dims=(2, 2), output_dims=(2, 2))"
"Operator([[ 0.37794656+0.62263254j, -0.0509989 -0.42973593j,
           -0.22375955+0.29201528j, -0.38070104-0.04400815j],
          [-0.34773729-0.25759005j, -0.05533329+0.17745746j,
           -0.55912006+0.57464486j, -0.22375955+0.29201528j],
          [ 0.30478957+0.20602081j,  0.03479091+0.80101283j,
           -0.05533329+0.17745746j, -0.0509989 -0.42973593j],
          [ 0.26386783+0.27792763j,  0.30478957+0.20602081j,
           -0.34773729-0.25759005j,  0.37794656+0.62263254j]],
         input_dims=(2, 2), output_dims=(2, 2))"
"Operator([[ 0.37794656+0.62263254j, -0.21715476-0.37432295j,
            0.05907815+0.36311297j, -0.17124007+0.34285104j],
          [-0.21715476-0.37432295j, -0.05533329+0.17745746j,
           -0.28555364+0.74919362j,  0.05907815+0.36311297j],
          [ 0.05907815+0.36311297j, -0.28555364+0.74919362j,
           -0.05533329+0.17745746j, -0.21715476-0.37432295j],
          [-0.17124007+0.34285104j,  0.05907815+0.36311297j,
           -0.21715476-0.37432295j,  0.37794656+0.62263254j]],
         input_dims=(2, 2), output_dims=(2, 2))"
"Operator([[ 0.37794656+0.62263254j, -0.21715476-0.37432295j,
            0.05907815+0.36311297j, -0.17124007+0.34285104j],
          [-0.21715476-0.37432295j, -0.05533329+0.17745746j,
           -0.28555364+0.74919362j,  0.05907815+0.36311297j],
          [ 0.05907815+0.36311297j, -0.28555364+0.74919362j,
           -0.05533329+0.17745746j, -0.21715476-0.37432295j],
          [-0.17124007+0.34285104j,  0.05907815+0.36311297j,
           -0.21715476-0.37432295j,  0.37794656+0.62263254j]],
         input_dims=(2, 2), output_dims=(2, 2))"
"Operator([[ 0.37794656+0.62263254j,  0.41888004-0.10868933j,
            0.13724825-0.34132708j,  0.11038655+0.36699429j],
          [-0.3022822 +0.30967617j, -0.05533329+0.17745746j,
           -0.64502807-0.47620452j,  0.13724825-0.34132708j],
          [-0.23837241-0.28021394j,  0.79835163+0.07393674j,
           -0.05533329+0.17745746j,  0.41888004-0.10868933j],
          [-0.35971306+0.13219877j, -0.23837241-0.28021394j,
           -0.3022822 +0.30967617j,  0.37794656+0.62263254j]],
         input_dims=(2, 2), output_dims=(2, 2))"
"Operator([[ 0.37794656+0.62263254j, -0.137049  +0.41047708j,
           -0.36764595+0.01333108j,  0.05143622+0.37976876j],
          [ 0.42436443+0.08478613j, -0.05533329+0.17745746j,
            0.75073084-0.2814874j , -0.36764595+0.01333108j],
          [ 0.35291002-0.10390272j, -0.37291749-0.7097637j ,
           -0.05533329+0.17745746j, -0.137049  +0.41047708j],
          [-0.33451499+0.18700192j,  0.35291002-0.10390272j,
            0.42436443+0.08478613j,  0.37794656+0.62263254j]],
         input_dims=(2, 2), output_dims=(2, 2))"
"Operator([[ 0.37794656+0.62263254j, -0.08861733+0.42358096j,
           -0.35473009+0.09750805j,  0.17786591+0.33946092j],
          [ 0.41169873+0.13333423j, -0.05533329+0.17745746j,
            0.7131045 -0.36648866j, -0.35473009+0.09750805j],
          [ 0.36734499-0.01997291j, -0.28825971-0.7481566j ,
           -0.05533329+0.17745746j, -0.08861733+0.42358096j],
          [-0.37823501+0.06171127j,  0.36734499-0.01997291j,
            0.41169873+0.13333423j,  0.37794656+0.62263254j]],
         input_dims=(2, 2), output_dims=(2, 2))"
