unitary
"Operator([[ 8.86340847e-01-4.30335148e-01j,
            1.69783034e-01-9.58559834e-03j,
            1.67413405e-02+3.48524631e-03j,
            9.36693543e-04+3.23658351e-04j],
          [-1.53495908e-01+7.31926821e-02j,
            9.64342661e-01-4.62886825e-02j,
            1.94625625e-01+2.84758501e-02j,
            1.67413405e-02+3.48524631e-03j],
          [ 1.43796672e-02-9.25443659e-03j,
           -1.90906148e-01+4.73798542e-02j,
            9.64342661e-01-4.62886825e-02j,
            1.69783034e-01-9.58559834e-03j],
          [-6.66659815e-04+7.33289991e-04j,
            1.43796672e-02-9.25443659e-03j,
           -1.53495908e-01+7.31926821e-02j,
            8.86340847e-01-4.30335148e-01j]],
         input_dims=(2, 2), output_dims=(2, 2))"
"Operator([[ 8.86340847e-01-0.43033515j,  4.21826807e-02+0.16473853j,
           -1.68138086e-02+0.00311693j, -2.45314235e-04-0.00096019j],
          [ 4.21826807e-02+0.16473853j,  9.64342661e-01-0.04628868j,
            9.63322217e-03+0.19646172j, -1.68138086e-02+0.00311693j],
          [-1.68138086e-02+0.00311693j,  9.63322217e-03+0.19646172j,
            9.64342661e-01-0.04628868j,  4.21826807e-02+0.16473853j],
          [-2.45314235e-04-0.00096019j, -1.68138086e-02+0.00311693j,
            4.21826807e-02+0.16473853j,  8.86340847e-01-0.43033515j]],
         input_dims=(2, 2), output_dims=(2, 2))"
"Operator([[ 8.86340847e-01-0.43033515j,  1.36265043e-01-0.10173495j,
            9.74292532e-03-0.01405329j,  1.46846827e-04-0.00098009j],
          [-1.68390222e-01-0.02372542j,  9.64342661e-01-0.04628868j,
            1.77992697e-01-0.08371743j,  9.74292532e-03-0.01405329j],
          [ 1.41328006e-02+0.00962722j, -1.85329096e-01-0.06590246j,
            9.64342661e-01-0.04628868j,  1.36265043e-01-0.10173495j],
          [-5.98963733e-04-0.00078955j,  1.41328006e-02+0.00962722j,
           -1.68390222e-01-0.02372542j,  8.86340847e-01-0.43033515j]],
         input_dims=(2, 2), output_dims=(2, 2))"
"Operator([[ 8.86340847e-01-0.43033515j,  4.21826807e-02+0.16473853j,
           -1.68138086e-02+0.00311693j, -2.45314235e-04-0.00096019j],
          [ 4.21826807e-02+0.16473853j,  9.64342661e-01-0.04628868j,
            9.63322217e-03+0.19646172j, -1.68138086e-02+0.00311693j],
          [-1.68138086e-02+0.00311693j,  9.63322217e-03+0.19646172j,
            9.64342661e-01-0.04628868j,  4.21826807e-02+0.16473853j],
          [-2.45314235e-04-0.00096019j, -1.68138086e-02+0.00311693j,
            4.21826807e-02+0.16473853j,  8.86340847e-01-0.43033515j]],
         input_dims=(2, 2), output_dims=(2, 2))"
"Operator([[ 8.86340847e-01-0.43033515j,  4.21826807e-02+0.16473853j,
           -1.68138086e-02+0.00311693j, -2.45314235e-04-0.00096019j],
          [ 4.21826807e-02+0.16473853j,  9.64342661e-01-0.04628868j,
            9.63322217e-03+0.19646172j, -1.68138086e-02+0.00311693j],
          [-1.68138086e-02+0.00311693j,  9.63322217e-03+0.19646172j,
            9.64342661e-01-0.04628868j,  4.21826807e-02+0.16473853j],
          [-2.45314235e-04-0.00096019j, -1.68138086e-02+0.00311693j,
            4.21826807e-02+0.16473853j,  8.86340847e-01-0.43033515j]],
         input_dims=(2, 2), output_dims=(2, 2))"
