unitary
"Operator([[ 9.71100551e-01-2.22516375e-01j,
           -8.57940714e-02-8.42099182e-03j,
            4.04839591e-03+1.49700930e-03j,
           -1.06731099e-04-6.45236907e-05j],
          [ 8.10386455e-02-2.93985327e-02j,
            9.90974800e-01-2.45305156e-02j,
           -9.76376674e-02-1.95938776e-02j,
            4.04839591e-03+1.49700930e-03j],
          [ 3.70765301e-03-2.20994468e-03j,
            9.65424780e-02-2.44250709e-02j,
            9.90974800e-01-2.45305156e-02j,
           -8.57940714e-02-8.42099182e-03j],
          [ 8.74467046e-05-8.89264186e-05j,
            3.70765301e-03-2.20994468e-03j,
            8.10386455e-02-2.93985327e-02j,
            9.71100551e-01-2.22516375e-01j]],
         input_dims=(2, 2), output_dims=(2, 2))"
"Operator([[ 9.71100551e-01-2.22516375e-01j,
            1.07548977e-02+8.55328473e-02j,
           -4.29819156e-03+3.95089414e-04j,
           -1.55513744e-05-1.23745662e-04j],
          [ 1.07548977e-02+8.55328473e-02j,
            9.90974800e-01-2.45305156e-02j,
            2.47688655e-03+9.95534991e-02j,
           -4.29819156e-03+3.95089414e-04j],
          [-4.29819156e-03+3.95089414e-04j,
            2.47688655e-03+9.95534991e-02j,
            9.90974800e-01-2.45305156e-02j,
            1.07548977e-02+8.55328473e-02j],
          [-1.55513744e-05-1.23745662e-04j,
           -4.29819156e-03+3.95089414e-04j,
            1.07548977e-02+8.55328473e-02j,
            9.71100551e-01-2.22516375e-01j]],
         input_dims=(2, 2), output_dims=(2, 2))"
"Operator([[ 9.71100551e-01-2.22516375e-01j,
            1.07548977e-02+8.55328473e-02j,
           -4.29819156e-03+3.95089414e-04j,
           -1.55513744e-05-1.23745662e-04j],
          [ 1.07548977e-02+8.55328473e-02j,
            9.90974800e-01-2.45305156e-02j,
            2.47688655e-03+9.95534991e-02j,
           -4.29819156e-03+3.95089414e-04j],
          [-4.29819156e-03+3.95089414e-04j,
            2.47688655e-03+9.95534991e-02j,
            9.90974800e-01-2.45305156e-02j,
            1.07548977e-02+8.55328473e-02j],
          [-1.55513744e-05-1.23745662e-04j,
           -4.29819156e-03+3.95089414e-04j,
            1.07548977e-02+8.55328473e-02j,
            9.71100551e-01-2.22516375e-01j]],
         input_dims=(2, 2), output_dims=(2, 2))"
"Operator([[ 9.71100551e-01-2.22516375e-01j,
            1.07548977e-02+8.55328473e-02j,
           -4.29819156e-03+3.95089414e-04j,
           -1.55513744e-05-1.23745662e-04j],
          [ 1.07548977e-02+8.55328473e-02j,
            9.90974800e-01-2.45305156e-02j,
            2.47688655e-03+9.95534991e-02j,
           -4.29819156e-03+3.95089414e-04j],
          [-4.29819156e-03+3.95089414e-04j,
            2.47688655e-03+9.95534991e-02j,
            9.90974800e-01-2.45305156e-02j,
            1.07548977e-02+8.55328473e-02j],
          [-1.55513744e-05-1.23745662e-04j,
           -4.29819156e-03+3.95089414e-04j,
            1.07548977e-02+8.55328473e-02j,
            9.71100551e-01-2.22516375e-01j]],
         input_dims=(2, 2), output_dims=(2, 2))"
"Operator([[ 9.71100551e-01-2.22516375e-01j,
           -7.41055753e-02+4.40442901e-02j,
            2.63547394e-03-3.41830710e-03j,
           -2.62765598e-05+1.21919549e-04j],
          [ 8.27026087e-02+2.43272337e-02j,
            9.90974800e-01-2.45305156e-02j,
           -9.02662275e-02+4.20599848e-02j,
            2.63547394e-03-3.41830710e-03j],
          [ 3.21446721e-03+2.88058099e-03j,
            9.22461511e-02+3.75190851e-02j,
            9.90974800e-01-2.45305156e-02j,
           -7.41055753e-02+4.40442901e-02j],
          [ 5.56267877e-05+1.11626585e-04j,
            3.21446721e-03+2.88058099e-03j,
            8.27026087e-02+2.43272337e-02j,
            9.71100551e-01-2.22516375e-01j]],
         input_dims=(2, 2), output_dims=(2, 2))"
"Operator([[ 9.71100551e-01-2.22516375e-01j,
           -6.78759540e-02+5.31449965e-02j,
            1.68386274e-03-3.97431159e-03j,
            2.13196116e-05+1.22883311e-04j],
          [ 7.89199323e-02+3.46868862e-02j,
            9.90974800e-01-2.45305156e-02j,
           -8.41576948e-02+5.32401779e-02j,
            1.68386274e-03-3.97431159e-03j],
          [ 2.38016148e-03+3.60074682e-03j,
            8.67011576e-02+4.89892174e-02j,
            9.90974800e-01-2.45305156e-02j,
           -6.78759540e-02+5.31449965e-02j],
          [ 9.74912855e-06+1.24337398e-04j,
            2.38016148e-03+3.60074682e-03j,
            7.89199323e-02+3.46868862e-02j,
            9.71100551e-01-2.22516375e-01j]],
         input_dims=(2, 2), output_dims=(2, 2))"
"Operator([[ 9.71100551e-01-2.22516375e-01j,
           -6.28414910e-02+5.90125647e-02j,
            9.47542175e-04-4.21102246e-03j,
            5.32275141e-05+1.12790362e-04j],
          [ 7.54947959e-02+4.16181641e-02j,
            9.90974800e-01-2.45305156e-02j,
           -7.90492246e-02+6.05661145e-02j,
            9.47542175e-04-4.21102246e-03j],
          [ 1.69933169e-03+3.96772203e-03j,
            8.19633203e-02+5.65601297e-02j,
            9.90974800e-01-2.45305156e-02j,
           -6.28414910e-02+5.90125647e-02j],
          [-2.36639330e-05+1.22453470e-04j,
            1.69933169e-03+3.96772203e-03j,
            7.54947959e-02+4.16181641e-02j,
            9.71100551e-01-2.22516375e-01j]],
         input_dims=(2, 2), output_dims=(2, 2))"
"Operator([[ 9.71100551e-01-2.22516375e-01j,
           -6.08401677e-02+6.10738060e-02j,
            6.64953205e-04-4.26478411e-03j,
            6.42202351e-05+1.06913963e-04j],
          [ 7.40660644e-02+4.41107004e-02j,
            9.90974800e-01-2.45305156e-02j,
           -7.69871329e-02+6.31665695e-02j,
            6.64953205e-04-4.26478411e-03j],
          [ 1.43127878e-03+4.07209864e-03j,
            8.00330983e-02+5.92599133e-02j,
            9.90974800e-01-2.45305156e-02j,
           -6.08401677e-02+6.10738060e-02j],
          [-3.57688606e-05+1.19479800e-04j,
            1.43127878e-03+4.07209864e-03j,
            7.40660644e-02+4.41107004e-02j,
            9.71100551e-01-2.22516375e-01j]],
         input_dims=(2, 2), output_dims=(2, 2))"
"Operator([[ 9.71100551e-01-2.22516375e-01j,
           -6.37480795e-02+5.80320442e-02j,
            1.07753266e-03-4.17964947e-03j,
            4.79302181e-05+1.15141340e-04j],
          [ 7.61304199e-02+4.04437258e-02j,
            9.90974800e-01-2.45305156e-02j,
           -7.99779335e-02+5.93343433e-02j,
            1.07753266e-03-4.17964947e-03j],
          [ 1.82142465e-03+3.91317755e-03j,
            8.28296252e-02+5.52836986e-02j,
            9.90974800e-01-2.45305156e-02j,
           -6.37480795e-02+5.80320442e-02j],
          [-1.79496435e-05+1.23420599e-04j,
            1.82142465e-03+3.91317755e-03j,
            7.61304199e-02+4.04437258e-02j,
            9.71100551e-01-2.22516375e-01j]],
         input_dims=(2, 2), output_dims=(2, 2))"
"Operator([[ 9.71100551e-01-2.22516375e-01j,
           -7.14052417e-02+4.82993503e-02j,
            2.21866443e-03-3.70244169e-03j,
           -4.59776672e-06+1.24634243e-04j],
          [ 8.11397409e-02+2.91183487e-02j,
            9.90974800e-01-2.45305156e-02j,
           -8.76542311e-02+4.72627750e-02j,
            2.21866443e-03-3.70244169e-03j],
          [ 2.85643977e-03+3.23593853e-03j,
            8.98961167e-02+4.28453304e-02j,
            9.90974800e-01-2.45305156e-02j,
           -7.14052417e-02+4.82993503e-02j],
          [ 3.52938285e-05+1.19620984e-04j,
            2.85643977e-03+3.23593853e-03j,
            8.11397409e-02+2.91183487e-02j,
            9.71100551e-01-2.22516375e-01j]],
         input_dims=(2, 2), output_dims=(2, 2))"
