unitary
"Operator([[ 9.79896396e-01-1.86061205e-01j,
            7.48359637e-03+7.15490740e-02j,
           -2.99161851e-03+2.28964423e-04j,
           -7.51053336e-06-7.18334464e-05j],
          [ 7.48359637e-03+7.15490740e-02j,
            9.93724598e-01-2.05613108e-02j,
            1.72495521e-03+8.30746916e-02j,
           -2.99161851e-03+2.28964423e-04j],
          [-2.99161851e-03+2.28964423e-04j,
            1.72495521e-03+8.30746916e-02j,
            9.93724598e-01-2.05613108e-02j,
            7.48359637e-03+7.15490740e-02j],
          [-7.51053336e-06-7.18334464e-05j,
           -2.99161851e-03+2.28964423e-04j,
            7.48359637e-03+7.15490740e-02j,
            9.79896396e-01-1.86061205e-01j]],
         input_dims=(2, 2), output_dims=(2, 2))"
"Operator([[ 9.79896396e-01-1.86061205e-01j,
            7.48359637e-03+7.15490740e-02j,
           -2.99161851e-03+2.28964423e-04j,
           -7.51053336e-06-7.18334464e-05j],
          [ 7.48359637e-03+7.15490740e-02j,
            9.93724598e-01-2.05613108e-02j,
            1.72495521e-03+8.30746916e-02j,
           -2.99161851e-03+2.28964423e-04j],
          [-2.99161851e-03+2.28964423e-04j,
            1.72495521e-03+8.30746916e-02j,
            9.93724598e-01-2.05613108e-02j,
            7.48359637e-03+7.15490740e-02j],
          [-7.51053336e-06-7.18334464e-05j,
           -2.99161851e-03+2.28964423e-04j,
            7.48359637e-03+7.15490740e-02j,
            9.79896396e-01-1.86061205e-01j]],
         input_dims=(2, 2), output_dims=(2, 2))"
"Operator([[ 9.79896396e-01-1.86061205e-01j,
           -8.60993772e-03+7.14222877e-02j,
           -2.79516541e-03-1.09053031e-03j,
            3.88764362e-05-6.08693259e-05j],
          [ 2.32025831e-02+6.80948923e-02j,
            9.93724598e-01-2.05613108e-02j,
           -1.67867614e-02+8.13792633e-02j,
           -2.79516541e-03-1.09053031e-03j],
          [-2.59665388e-03+1.50319482e-03j,
            2.01503393e-02+8.06123047e-02j,
            9.93724598e-01-2.05613108e-02j,
           -8.60993772e-03+7.14222877e-02j],
          [-5.06263806e-05-5.15113746e-05j,
           -2.59665388e-03+1.50319482e-03j,
            2.32025831e-02+6.80948923e-02j,
            9.79896396e-01-1.86061205e-01j]],
         input_dims=(2, 2), output_dims=(2, 2))"
"Operator([[ 9.79896396e-01-1.86061205e-01j,
            7.48359637e-03+7.15490740e-02j,
           -2.99161851e-03+2.28964423e-04j,
           -7.51053336e-06-7.18334464e-05j],
          [ 7.48359637e-03+7.15490740e-02j,
            9.93724598e-01-2.05613108e-02j,
            1.72495521e-03+8.30746916e-02j,
           -2.99161851e-03+2.28964423e-04j],
          [-2.99161851e-03+2.28964423e-04j,
            1.72495521e-03+8.30746916e-02j,
            9.93724598e-01-2.05613108e-02j,
            7.48359637e-03+7.15490740e-02j],
          [-7.51053336e-06-7.18334464e-05j,
           -2.99161851e-03+2.28964423e-04j,
            7.48359637e-03+7.15490740e-02j,
            9.79896396e-01-1.86061205e-01j]],
         input_dims=(2, 2), output_dims=(2, 2))"
"Operator([[ 9.79896396e-01-1.86061205e-01j,
            7.48359637e-03+7.15490740e-02j,
           -2.99161851e-03+2.28964423e-04j,
           -7.51053336e-06-7.18334464e-05j],
          [ 7.48359637e-03+7.15490740e-02j,
            9.93724598e-01-2.05613108e-02j,
            1.72495521e-03+8.30746916e-02j,
           -2.99161851e-03+2.28964423e-04j],
          [-2.99161851e-03+2.28964423e-04j,
            1.72495521e-03+8.30746916e-02j,
            9.93724598e-01-2.05613108e-02j,
            7.48359637e-03+7.15490740e-02j],
          [-7.51053336e-06-7.18334464e-05j,
           -2.99161851e-03+2.28964423e-04j,
            7.48359637e-03+7.15490740e-02j,
            9.79896396e-01-1.86061205e-01j]],
         input_dims=(2, 2), output_dims=(2, 2))"
"Operator([[ 9.79896396e-01-1.86061205e-01j,
            7.48359637e-03+7.15490740e-02j,
           -2.99161851e-03+2.28964423e-04j,
           -7.51053336e-06-7.18334464e-05j],
          [ 7.48359637e-03+7.15490740e-02j,
            9.93724598e-01-2.05613108e-02j,
            1.72495521e-03+8.30746916e-02j,
           -2.99161851e-03+2.28964423e-04j],
          [-2.99161851e-03+2.28964423e-04j,
            1.72495521e-03+8.30746916e-02j,
            9.93724598e-01-2.05613108e-02j,
            7.48359637e-03+7.15490740e-02j],
          [-7.51053336e-06-7.18334464e-05j,
           -2.99161851e-03+2.28964423e-04j,
            7.48359637e-03+7.15490740e-02j,
            9.79896396e-01-1.86061205e-01j]],
         input_dims=(2, 2), output_dims=(2, 2))"
"Operator([[ 9.79896396e-01-1.86061205e-01j,
            3.32707964e-02+6.37834486e-02j,
           -2.02588138e-03+2.21314498e-03j,
           -6.81652524e-05-2.38736359e-05j],
          [-1.93523862e-02+6.92875123e-02j,
            9.93724598e-01-2.05613108e-02j,
            3.21541276e-02+7.66191355e-02j,
           -2.02588138e-03+2.21314498e-03j],
          [-2.33908038e-03-1.87907131e-03j,
           -2.89459596e-02+7.78878121e-02j,
            9.93724598e-01-2.05613108e-02j,
            3.32707964e-02+6.37834486e-02j],
          [ 6.17528180e-05-3.74571969e-05j,
           -2.33908038e-03-1.87907131e-03j,
           -1.93523862e-02+6.92875123e-02j,
            9.79896396e-01-1.86061205e-01j]],
         input_dims=(2, 2), output_dims=(2, 2))"
"Operator([[ 9.79896396e-01-1.86061205e-01j,
            4.36405523e-02+5.71907021e-02j,
           -1.16621958e-03+2.76444170e-03j,
           -7.11070316e-05+1.26586800e-05j],
          [-3.08619074e-02+6.49832046e-02j,
            9.93724598e-01-2.05613108e-02j,
            4.47246415e-02+7.00291817e-02j,
           -1.16621958e-03+2.76444170e-03j],
          [-1.57332702e-03-2.55476968e-03j,
           -4.17791874e-02+7.18253392e-02j,
            9.93724598e-01-2.05613108e-02j,
            4.36405523e-02+5.71907021e-02j],
          [ 7.21876279e-05-2.32346791e-06j,
           -1.57332702e-03-2.55476968e-03j,
           -3.08619074e-02+6.49832046e-02j,
            9.79896396e-01-1.86061205e-01j]],
         input_dims=(2, 2), output_dims=(2, 2))"
"Operator([[ 9.79896396e-01-1.86061205e-01j,
            5.39455327e-02+4.75936311e-02j,
           -2.12844721e-05+3.00029215e-03j,
           -5.21341553e-05+4.99848175e-05j],
          [-4.29297222e-02+5.77261913e-02j,
            9.93724598e-01-2.05613108e-02j,
            5.75098560e-02+5.99749640e-02j,
           -2.12844721e-05+3.00029215e-03j],
          [-4.77618596e-04-2.96210846e-03j,
           -5.49707319e-02+6.23105006e-02j,
            9.93724598e-01-2.05613108e-02j,
            5.39455327e-02+4.75936311e-02j],
          [ 6.13459314e-05+3.81199270e-05j,
           -4.77618596e-04-2.96210846e-03j,
           -4.29297222e-02+5.77261913e-02j,
            9.79896396e-01-1.86061205e-01j]],
         input_dims=(2, 2), output_dims=(2, 2))"
"Operator([[ 9.79896396e-01-1.86061205e-01j,
            6.30329925e-02+3.46715456e-02j,
            1.25889691e-03+2.72348758e-03j,
           -1.05307311e-05+7.14531723e-05j],
          [-5.44943926e-02+4.69641926e-02j,
            9.93724598e-01-2.05613108e-02j,
            6.92138185e-02+4.59763762e-02j,
            1.25889691e-03+2.72348758e-03j],
          [ 8.29776301e-04-2.88334481e-03j,
           -6.72456870e-02+4.88098088e-02j,
            9.93724598e-01-2.05613108e-02j,
            6.30329925e-02+3.46715456e-02j],
          [ 2.50829603e-05+6.77295890e-05j,
            8.29776301e-04-2.88334481e-03j,
           -5.44943926e-02+4.69641926e-02j,
            9.79896396e-01-1.86061205e-01j]],
         input_dims=(2, 2), output_dims=(2, 2))"
"Operator([[ 9.79896396e-01-1.86061205e-01j,
            6.91993448e-02+1.96653221e-02j,
            2.32200070e-03+1.90013652e-03j,
            3.66165319e-05+6.22549734e-05j],
          [-6.36324354e-02+3.35587154e-02j,
            9.93724598e-01-2.05613108e-02j,
            7.77562002e-02+2.92976652e-02j,
            2.32200070e-03+1.90013652e-03j],
          [ 2.00579493e-03-2.23136566e-03j,
           -7.64730378e-02+3.25000668e-02j,
            9.93724598e-01-2.05613108e-02j,
            6.91993448e-02+1.96653221e-02j],
          [-2.29472819e-05+6.84826575e-05j,
            2.00579493e-03-2.23136566e-03j,
           -6.36324354e-02+3.35587154e-02j,
            9.79896396e-01-1.86061205e-01j]],
         input_dims=(2, 2), output_dims=(2, 2))"
"Operator([[ 9.79896396e-01-1.86061205e-01j,
            7.17395181e-02+5.35870877e-03j,
            2.88255577e-03+8.32513208e-04j,
            6.55853743e-05+3.02491455e-05j],
          [-6.90780143e-02+2.00873630e-02j,
            9.93724598e-01-2.05613108e-02j,
            8.20574309e-02+1.30750863e-02j,
            2.88255577e-03+8.32513208e-04j],
          [ 2.72229123e-03-1.26148186e-03j,
           -8.14439592e-02+1.64700140e-02j,
            9.93724598e-01-2.05613108e-02j,
            7.17395181e-02+5.35870877e-03j],
          [-5.79099707e-05+4.31611796e-05j,
            2.72229123e-03-1.26148186e-03j,
           -6.90780143e-02+2.00873630e-02j,
            9.79896396e-01-1.86061205e-01j]],
         input_dims=(2, 2), output_dims=(2, 2))"
