unitary
"Operator([[ 0.73851445+0.07252413j, -0.4576046 -0.10804647j,
            0.09928753+0.20449674j,  0.15143442+0.39198384j],
          [-0.43037254-0.18935547j, -0.22126601-0.0192958j ,
           -0.26539252+0.77941189j,  0.09928753+0.20449674j],
          [ 0.01969579+0.22647076j, -0.40252848+0.71825267j,
           -0.22126601-0.0192958j , -0.4576046 -0.10804647j],
          [-0.07490344+0.41348904j,  0.01969579+0.22647076j,
           -0.43037254-0.18935547j,  0.73851445+0.07252413j]],
         input_dims=(2, 2), output_dims=(2, 2))"
"Operator([[ 0.73851445+0.07252413j, -0.44584598-0.14932305j,
            0.0604977 +0.21912772j,  0.03974753+0.41833461j],
          [-0.44584598-0.14932305j, -0.22126601-0.0192958j ,
           -0.33535761+0.751965j  ,  0.0604977 +0.21912772j],
          [ 0.0604977 +0.21912772j, -0.33535761+0.751965j  ,
           -0.22126601-0.0192958j , -0.44584598-0.14932305j],
          [ 0.03974753+0.41833461j,  0.0604977 +0.21912772j,
           -0.44584598-0.14932305j,  0.73851445+0.07252413j]],
         input_dims=(2, 2), output_dims=(2, 2))"
"Operator([[ 0.73851445+0.07252413j, -0.44584598-0.14932305j,
            0.0604977 +0.21912772j,  0.03974753+0.41833461j],
          [-0.44584598-0.14932305j, -0.22126601-0.0192958j ,
           -0.33535761+0.751965j  ,  0.0604977 +0.21912772j],
          [ 0.0604977 +0.21912772j, -0.33535761+0.751965j  ,
           -0.22126601-0.0192958j , -0.44584598-0.14932305j],
          [ 0.03974753+0.41833461j,  0.0604977 +0.21912772j,
           -0.44584598-0.14932305j,  0.73851445+0.07252413j]],
         input_dims=(2, 2), output_dims=(2, 2))"
"Operator([[ 0.73851445+0.07252413j, -0.44584598-0.14932305j,
            0.0604977 +0.21912772j,  0.03974753+0.41833461j],
          [-0.44584598-0.14932305j, -0.22126601-0.0192958j ,
           -0.33535761+0.751965j  ,  0.0604977 +0.21912772j],
          [ 0.0604977 +0.21912772j, -0.33535761+0.751965j  ,
           -0.22126601-0.0192958j , -0.44584598-0.14932305j],
          [ 0.03974753+0.41833461j,  0.0604977 +0.21912772j,
           -0.44584598-0.14932305j,  0.73851445+0.07252413j]],
         input_dims=(2, 2), output_dims=(2, 2))"
"Operator([[ 0.73851445+0.07252413j, -0.44584598-0.14932305j,
            0.0604977 +0.21912772j,  0.03974753+0.41833461j],
          [-0.44584598-0.14932305j, -0.22126601-0.0192958j ,
           -0.33535761+0.751965j  ,  0.0604977 +0.21912772j],
          [ 0.0604977 +0.21912772j, -0.33535761+0.751965j  ,
           -0.22126601-0.0192958j , -0.44584598-0.14932305j],
          [ 0.03974753+0.41833461j,  0.0604977 +0.21912772j,
           -0.44584598-0.14932305j,  0.73851445+0.07252413j]],
         input_dims=(2, 2), output_dims=(2, 2))"
"Operator([[ 0.73851445+0.07252413j, -0.44584598-0.14932305j,
            0.0604977 +0.21912772j,  0.03974753+0.41833461j],
          [-0.44584598-0.14932305j, -0.22126601-0.0192958j ,
           -0.33535761+0.751965j  ,  0.0604977 +0.21912772j],
          [ 0.0604977 +0.21912772j, -0.33535761+0.751965j  ,
           -0.22126601-0.0192958j , -0.44584598-0.14932305j],
          [ 0.03974753+0.41833461j,  0.0604977 +0.21912772j,
           -0.44584598-0.14932305j,  0.73851445+0.07252413j]],
         input_dims=(2, 2), output_dims=(2, 2))"
