unitary
"Operator([[ 7.73442832e-01-0.58634141j,  2.25673379e-01+0.07659944j,
            1.52846876e-02+0.03085734j, -3.73058741e-04+0.00283791j],
          [-1.19516547e-01+0.20618376j,  9.28465144e-01-0.0607864j ,
            2.25119426e-01+0.15999059j,  1.52846876e-02+0.03085734j],
          [-2.19193823e-03-0.03436557j, -2.01167637e-01+0.18922824j,
            9.28465144e-01-0.0607864j ,  2.25673379e-01+0.07659944j],
          [ 2.14240265e-03+0.00189816j, -2.19193823e-03-0.03436557j,
           -1.19516547e-01+0.20618376j,  7.73442832e-01-0.58634141j]],
         input_dims=(2, 2), output_dims=(2, 2))"
"Operator([[ 0.77344283-0.58634141j,  0.23701003-0.02494385j,
            0.03339261+0.00841013j,  0.00263048+0.00112848j],
          [-0.19487446+0.13718561j,  0.92846514-0.0607864j ,
            0.27142805+0.05101528j,  0.03339261+0.00841013j],
          [ 0.02471365-0.02397984j, -0.26192115+0.08759598j,
            0.92846514-0.0607864j ,  0.23701003-0.02494385j],
          [-0.00124623+0.00257678j,  0.02471365-0.02397984j,
           -0.19487446+0.13718561j,  0.77344283-0.58634141j]],
         input_dims=(2, 2), output_dims=(2, 2))"
"Operator([[ 0.77344283-0.58634141j,  0.08375764+0.22311568j,
           -0.03326202+0.00891263j, -0.00100171-0.00268132j],
          [ 0.08375764+0.22311568j,  0.92846514-0.0607864j ,
            0.01889794+0.27553332j, -0.03326202+0.00891263j],
          [-0.03326202+0.00891263j,  0.01889794+0.27553332j,
            0.92846514-0.0607864j ,  0.08375764+0.22311568j],
          [-0.00100171-0.00268132j, -0.03326202+0.00891263j,
            0.08375764+0.22311568j,  0.77344283-0.58634141j]],
         input_dims=(2, 2), output_dims=(2, 2))"
"Operator([[ 0.77344283-5.86341408e-01j,  0.23424641-4.38699108e-02j,
            0.03430764+2.96354609e-03j,  0.00282372+4.68508700e-04j],
          [-0.20524809+1.21116350e-01j,  0.92846514-6.07863960e-02j,
            0.27464493+2.90845267e-02j,  0.03430764+2.96354609e-03j],
          [ 0.0282294 -1.97204895e-02j, -0.26810214+6.63097911e-02j,
            0.92846514-6.07863960e-02j,  0.23424641-4.38699108e-02j],
          [-0.00182486+2.20516939e-03j,  0.0282294 -1.97204895e-02j,
           -0.20524809+1.21116350e-01j,  0.77344283-5.86341408e-01j]],
         input_dims=(2, 2), output_dims=(2, 2))"
"Operator([[ 0.77344283-0.58634141j, -0.19553927+0.13623635j,
            0.0249457 -0.02373835j, -0.00128369+0.00255833j],
          [ 0.23688593-0.0260961j ,  0.92846514-0.0607864j ,
           -0.26234402+0.08632126j,  0.0249457 -0.02373835j],
          [ 0.03347283+0.00808497j,  0.27167292+0.04969477j,
            0.92846514-0.0607864j , -0.19553927+0.13623635j],
          [ 0.00264666+0.00108999j,  0.03347283+0.00808497j,
            0.23688593-0.0260961j ,  0.77344283-0.58634141j]],
         input_dims=(2, 2), output_dims=(2, 2))"
"Operator([[ 7.73442832e-01-0.58634141j, -1.81060848e-01+0.15496102j,
            1.97685363e-02-0.02819578j, -4.75744837e-04+0.00282251j],
          [ 2.38306212e-01-0.0024694j ,  9.28465144e-01-0.0607864j ,
           -2.52487460e-01+0.11191884j,  1.97685363e-02-0.02819578j],
          [ 3.12180269e-02+0.01453381j,  2.65403529e-01+0.07639837j,
            9.28465144e-01-0.0607864j , -1.81060848e-01+0.15496102j],
          [ 2.20983957e-03+0.0018192j ,  3.12180269e-02+0.01453381j,
            2.38306212e-01-0.0024694j ,  7.73442832e-01-0.58634141j]],
         input_dims=(2, 2), output_dims=(2, 2))"
"Operator([[ 0.77344283-0.58634141j,  0.08375764+0.22311568j,
           -0.03326202+0.00891263j, -0.00100171-0.00268132j],
          [ 0.08375764+0.22311568j,  0.92846514-0.0607864j ,
            0.01889794+0.27553332j, -0.03326202+0.00891263j],
          [-0.03326202+0.00891263j,  0.01889794+0.27553332j,
            0.92846514-0.0607864j ,  0.08375764+0.22311568j],
          [-0.00100171-0.00268132j, -0.03326202+0.00891263j,
            0.08375764+0.22311568j,  0.77344283-0.58634141j]],
         input_dims=(2, 2), output_dims=(2, 2))"
