unitary
"Operator([[ 7.92720502e-01-0.56435937j,  7.66830245e-02+0.21498175j,
           -3.04722668e-02+0.00777796j, -8.34503107e-04-0.00234977j],
          [ 7.66830245e-02+0.21498175j,  9.34626018e-01-0.05889908j,
            1.73387408e-02+0.26385219j, -3.04722668e-02+0.00777796j],
          [-3.04722668e-02+0.00777796j,  1.73387408e-02+0.26385219j,
            9.34626018e-01-0.05889908j,  7.66830245e-02+0.21498175j],
          [-8.34503107e-04-0.00234977j, -3.04722668e-02+0.00777796j,
            7.66830245e-02+0.21498175j,  7.92720502e-01-0.56435937j]],
         input_dims=(2, 2), output_dims=(2, 2))"
"Operator([[ 7.92720502e-01-0.56435937j,  7.66830245e-02+0.21498175j,
           -3.04722668e-02+0.00777796j, -8.34503107e-04-0.00234977j],
          [ 7.66830245e-02+0.21498175j,  9.34626018e-01-0.05889908j,
            1.73387408e-02+0.26385219j, -3.04722668e-02+0.00777796j],
          [-3.04722668e-02+0.00777796j,  1.73387408e-02+0.26385219j,
            9.34626018e-01-0.05889908j,  7.66830245e-02+0.21498175j],
          [-8.34503107e-04-0.00234977j, -3.04722668e-02+0.00777796j,
            7.66830245e-02+0.21498175j,  7.92720502e-01-0.56435937j]],
         input_dims=(2, 2), output_dims=(2, 2))"
"Operator([[ 7.92720502e-01-0.56435937j,  7.66830245e-02+0.21498175j,
           -3.04722668e-02+0.00777796j, -8.34503107e-04-0.00234977j],
          [ 7.66830245e-02+0.21498175j,  9.34626018e-01-0.05889908j,
            1.73387408e-02+0.26385219j, -3.04722668e-02+0.00777796j],
          [-3.04722668e-02+0.00777796j,  1.73387408e-02+0.26385219j,
            9.34626018e-01-0.05889908j,  7.66830245e-02+0.21498175j],
          [-8.34503107e-04-0.00234977j, -3.04722668e-02+0.00777796j,
            7.66830245e-02+0.21498175j,  7.92720502e-01-0.56435937j]],
         input_dims=(2, 2), output_dims=(2, 2))"
"Operator([[ 0.7927205 -5.64359367e-01j,  0.19821398+1.13175338e-01j,
            0.00307221+3.12988370e-02j, -0.00155286+1.95101265e-03j],
          [-0.08184352+2.13070589e-01j,  0.93462602-5.88990813e-02j,
            0.18501682+1.88911060e-01j,  0.00307221+3.12988370e-02j],
          [-0.01230419-2.89424007e-02j, -0.15870438+2.11498300e-01j,
            0.93462602-5.88990813e-02j,  0.19821398+1.13175338e-01j],
          [ 0.00243558+5.34547907e-04j, -0.01230419-2.89424007e-02j,
           -0.08184352+2.13070589e-01j,  0.7927205 -5.64359367e-01j]],
         input_dims=(2, 2), output_dims=(2, 2))"
"Operator([[ 7.92720502e-01-0.56435937j,  2.15386162e-01+0.07553965j,
            1.39851009e-02+0.02816865j, -3.17753271e-04+0.00247323j],
          [-1.18957719e-01+0.19479861j,  9.34626018e-01-0.05889908j,
            2.16075767e-01+0.1524135j ,  1.39851009e-02+0.02816865j],
          [-1.22609327e-03-0.03142535j, -1.94272405e-01+0.17937905j,
            9.34626018e-01-0.05889908j,  2.15386162e-01+0.07553965j],
          [ 1.80652172e-03+0.0017188j , -1.22609327e-03-0.03142535j,
           -1.18957719e-01+0.19479861j,  7.92720502e-01-0.56435937j]],
         input_dims=(2, 2), output_dims=(2, 2))"
"Operator([[ 7.92720502e-01-0.56435937j,  2.23426706e-01+0.04666845j,
            2.08226682e-02+0.02356846j,  6.56496137e-04+0.00240558j],
          [-1.43454888e-01+0.17753347j,  9.34626018e-01-0.05889908j,
            2.34182422e-01+0.12278927j,  2.08226682e-02+0.02356846j],
          [ 6.97974950e-03-0.03066494j, -2.16100055e-01+0.15237906j,
            9.34626018e-01-0.05889908j,  2.23426706e-01+0.04666845j],
          [ 1.00783930e-03+0.0022808j ,  6.97974950e-03-0.03066494j,
           -1.43454888e-01+0.17753347j,  7.92720502e-01-0.56435937j]],
         input_dims=(2, 2), output_dims=(2, 2))"
"Operator([[ 0.7927205 -5.64359367e-01j, -0.06497089+2.18806352e-01j,
           -0.01665665-2.66760499e-02j,  0.00249314-4.54820291e-05j],
          [ 0.1887802 +1.28294474e-01j,  0.93462602-5.88990813e-02j,
           -0.14172015+2.23235323e-01j, -0.01665665-2.66760499e-02j],
          [-0.001834  +3.13957343e-02j,  0.16971458+2.02769750e-01j,
            0.93462602-5.88990813e-02j, -0.06497089+2.18806352e-01j],
          [-0.00196336+1.53721140e-03j, -0.001834  +3.13957343e-02j,
            0.1887802 +1.28294474e-01j,  0.7927205 -5.64359367e-01j]],
         input_dims=(2, 2), output_dims=(2, 2))"
"Operator([[ 0.7927205 -5.64359367e-01j, -0.15307645-1.69307522e-01j,
           -0.01605988+2.70395251e-02j,  0.00249016+1.29975121e-04j],
          [ 0.01137105-2.27965208e-01j,  0.93462602-5.88990813e-02j,
           -0.11693561-2.37159597e-01j, -0.01605988+2.70395251e-02j],
          [-0.02705446-1.60347155e-02j,  0.08489471-2.50422642e-01j,
            0.93462602-5.88990813e-02j, -0.15307645-1.69307522e-01j],
          [-0.00185039+1.67148974e-03j, -0.02705446-1.60347155e-02j,
            0.01137105-2.27965208e-01j,  0.7927205 -5.64359367e-01j]],
         input_dims=(2, 2), output_dims=(2, 2))"
"Operator([[ 0.7927205 -5.64359367e-01j, -0.15761521-1.65090530e-01j,
           -0.01456901+2.78711250e-02j,  0.00249248-7.30118285e-05j],
          [ 0.01755403-2.27572611e-01j,  0.93462602-5.88990813e-02j,
           -0.12332924-2.33898502e-01j, -0.01456901+2.78711250e-02j],
          [-0.02614453-1.74791122e-02j,  0.09166011-2.48026278e-01j,
            0.93462602-5.88990813e-02j, -0.15761521-1.65090530e-01j],
          [-0.00198022+1.51543559e-03j, -0.02614453-1.74791122e-02j,
            0.01755403-2.27572611e-01j,  0.7927205 -5.64359367e-01j]],
         input_dims=(2, 2), output_dims=(2, 2))"
"Operator([[ 7.92720502e-01-0.56435937j,  7.66830245e-02+0.21498175j,
           -3.04722668e-02+0.00777796j, -8.34503107e-04-0.00234977j],
          [ 7.66830245e-02+0.21498175j,  9.34626018e-01-0.05889908j,
            1.73387408e-02+0.26385219j, -3.04722668e-02+0.00777796j],
          [-3.04722668e-02+0.00777796j,  1.73387408e-02+0.26385219j,
            9.34626018e-01-0.05889908j,  7.66830245e-02+0.21498175j],
          [-8.34503107e-04-0.00234977j, -3.04722668e-02+0.00777796j,
            7.66830245e-02+0.21498175j,  7.92720502e-01-0.56435937j]],
         input_dims=(2, 2), output_dims=(2, 2))"
"Operator([[ 7.92720502e-01-0.56435937j,  3.23572801e-02+0.22594345j,
           -3.10920689e-02-0.00472641j,  6.40815738e-04-0.00240981j],
          [ 1.17939927e-01+0.19541651j,  9.34626018e-01-0.05889908j,
           -3.55270117e-02+0.26202374j, -3.10920689e-02-0.00472641j],
          [-2.50232888e-02+0.01904969j,  6.95105999e-02+0.25512132j,
            9.34626018e-01-0.05889908j,  3.23572801e-02+0.22594345j],
          [-2.01721758e-03-0.00146583j, -2.50232888e-02+0.01904969j,
            1.17939927e-01+0.19541651j,  7.92720502e-01-0.56435937j]],
         input_dims=(2, 2), output_dims=(2, 2))"
