unitary
"Operator([[ 0.57532448-0.74905336j,  0.30649571+0.09793219j,
            0.01992484+0.06272112j, -0.00280838+0.0071872j ],
          [-0.07975463+0.31172028j,  0.8642233 -0.07169777j,
            0.28068169+0.24765709j,  0.01992484+0.06272112j],
          [-0.02714499-0.05995071j, -0.23073759+0.29474805j,
            0.8642233 -0.07169777j,  0.30649571+0.09793219j],
          [ 0.00756845+0.00150378j, -0.02714499-0.05995071j,
           -0.07975463+0.31172028j,  0.57532448-0.74905336j]],
         input_dims=(2, 2), output_dims=(2, 2))"
"Operator([[ 0.57532448-0.74905336j,  0.15581789+0.28151575j,
           -0.06144206+0.02357565j, -0.00370673-0.00676778j],
          [ 0.15581789+0.28151575j,  0.8642233 -0.07169777j,
            0.0343219 +0.37274422j, -0.06144206+0.02357565j],
          [-0.06144206+0.02357565j,  0.0343219 +0.37274422j,
            0.8642233 -0.07169777j,  0.15581789+0.28151575j],
          [-0.00370673-0.00676778j, -0.06144206+0.02357565j,
            0.15581789+0.28151575j,  0.57532448-0.74905336j]],
         input_dims=(2, 2), output_dims=(2, 2))"
"Operator([[ 0.57532448-0.74905336j,  0.31352845+0.0723204j ,
            0.02996435+0.05859245j, -0.0009605 +0.00765638j],
          [-0.10519197+0.30408055j,  0.8642233 -0.07169777j,
            0.30015091+0.22366422j,  0.02996435+0.05859245j],
          [-0.01692055-0.06359743j, -0.25426077+0.27471387j,
            0.8642233 -0.07169777j,  0.31352845+0.0723204j ],
          [ 0.00696875+0.00331351j, -0.01692055-0.06359743j,
           -0.10519197+0.30408055j,  0.57532448-0.74905336j]],
         input_dims=(2, 2), output_dims=(2, 2))"
"Operator([[ 0.57532448-0.74905336j,  0.15581789+0.28151575j,
           -0.06144206+0.02357565j, -0.00370673-0.00676778j],
          [ 0.15581789+0.28151575j,  0.8642233 -0.07169777j,
            0.0343219 +0.37274422j, -0.06144206+0.02357565j],
          [-0.06144206+0.02357565j,  0.0343219 +0.37274422j,
            0.8642233 -0.07169777j,  0.15581789+0.28151575j],
          [-0.00370673-0.00676778j, -0.06144206+0.02357565j,
            0.15581789+0.28151575j,  0.57532448-0.74905336j]],
         input_dims=(2, 2), output_dims=(2, 2))"
"Operator([[ 0.57532448-7.49053357e-01j, -0.24189412-2.12173439e-01j,
           -0.03235315+5.73080427e-02j,  0.00771193+2.62393510e-04j],
          [-0.05135381-3.17636771e-01j,  0.8642233 -7.16977729e-02j,
           -0.15844032-3.39135536e-01j, -0.03235315+5.73080427e-02j],
          [-0.06238384-2.09569556e-02j,  0.0938468 -3.62365873e-01j,
            0.8642233 -7.16977729e-02j, -0.24189412-2.12173439e-01j],
          [-0.00393168+6.63963147e-03j, -0.06238384-2.09569556e-02j,
           -0.05135381-3.17636771e-01j,  0.57532448-7.49053357e-01j]],
         input_dims=(2, 2), output_dims=(2, 2))"
"Operator([[ 0.57532448-0.74905336j, -0.22514861-0.22986613j,
           -0.04062934+0.0517706j ,  0.00745467+0.00199266j],
          [-0.07523781-0.31284118j,  0.8642233 -0.07169777j,
           -0.13232853-0.35015055j, -0.04062934+0.0517706j ],
          [-0.06483165-0.01130465j,  0.06616262-0.36842741j,
            0.8642233 -0.07169777j, -0.22514861-0.22986613j],
          [-0.00233516+0.00735458j, -0.06483165-0.01130465j,
           -0.07523781-0.31284118j,  0.57532448-0.74905336j]],
         input_dims=(2, 2), output_dims=(2, 2))"
"Operator([[ 0.57532448-0.74905336j, -0.1670209 -0.275017j  ,
           -0.05934704+0.02844059j,  0.00449506+0.00627194j],
          [-0.14436242-0.28755838j,  0.8642233 -0.07169777j,
           -0.04929471-0.37106102j, -0.05934704+0.02844059j],
          [-0.06313905+0.01855797j, -0.01929348-0.3738235j ,
            0.8642233 -0.07169777j, -0.1670209 -0.275017j  ],
          [ 0.00286442+0.00716505j, -0.06313905+0.01855797j,
           -0.14436242-0.28755838j,  0.57532448-0.74905336j]],
         input_dims=(2, 2), output_dims=(2, 2))"
"Operator([[ 0.57532448-0.74905336j, -0.16611006-0.2755681j ,
           -0.05953394+0.02804725j,  0.00443258+0.00631625j],
          [-0.14531305-0.28707917j,  0.8642233 -0.07169777j,
           -0.04806674-0.37122209j, -0.05953394+0.02804725j],
          [-0.06301487+0.01897537j, -0.02053022-0.37375762j,
            0.8642233 -0.07169777j, -0.16611006-0.2755681j ],
          [ 0.0029354 +0.00713626j, -0.06301487+0.01897537j,
           -0.14531305-0.28707917j,  0.57532448-0.74905336j]],
         input_dims=(2, 2), output_dims=(2, 2))"
"Operator([[ 0.57532448-0.74905336j, -0.29622613+0.1256201j ,
            0.06499534-0.01032201j, -0.00758079+0.00144026j],
          [ 0.26373733-0.18431753j,  0.8642233 -0.07169777j,
           -0.37429123-0.00472463j,  0.06499534-0.01032201j],
          [ 0.05521763-0.03580434j,  0.36713495-0.07299438j,
            0.8642233 -0.07169777j, -0.29622613+0.1256201j ],
          [ 0.00529578-0.00561227j,  0.05521763-0.03580434j,
            0.26373733-0.18431753j,  0.57532448-0.74905336j]],
         input_dims=(2, 2), output_dims=(2, 2))"
"Operator([[ 0.57532448-0.74905336j,  0.15581789+0.28151575j,
           -0.06144206+0.02357565j, -0.00370673-0.00676778j],
          [ 0.15581789+0.28151575j,  0.8642233 -0.07169777j,
            0.0343219 +0.37274422j, -0.06144206+0.02357565j],
          [-0.06144206+0.02357565j,  0.0343219 +0.37274422j,
            0.8642233 -0.07169777j,  0.15581789+0.28151575j],
          [-0.00370673-0.00676778j, -0.06144206+0.02357565j,
            0.15581789+0.28151575j,  0.57532448-0.74905336j]],
         input_dims=(2, 2), output_dims=(2, 2))"
