unitary
"Operator([[ 9.20523801e-01-3.63571888e-01j,
           -9.01687256e-02-1.10356494e-01j,
           -5.34980560e-03+1.06540142e-02j,
            5.73820146e-04-3.82933216e-05j],
          [ 3.76846088e-02-1.37436622e-01j,
            9.75113011e-01-3.95084415e-02j,
           -8.14927959e-02-1.43183585e-01j,
           -5.34980560e-03+1.06540142e-02j],
          [-8.30663135e-03-8.55150941e-03j,
            6.94654693e-02-1.49389301e-01j,
            9.75113011e-01-3.95084415e-02j,
           -9.01687256e-02-1.10356494e-01j],
          [-5.40193223e-04+1.97299822e-04j,
           -8.30663135e-03-8.55150941e-03j,
            3.76846088e-02-1.37436622e-01j,
            9.20523801e-01-3.63571888e-01j]],
         input_dims=(2, 2), output_dims=(2, 2))"
"Operator([[ 9.20523801e-01-0.36357189j, -1.25578761e-01-0.06737158j,
            3.76478012e-03+0.01131171j,  1.83191544e-04-0.00054514j],
          [ 8.74810647e-02-0.11249897j,  9.75113011e-01-0.03950844j,
           -1.30146654e-01-0.10101714j,  3.76478012e-03+0.01131171j],
          [ 1.88050907e-04-0.01192028j,  1.21416138e-01-0.11135859j,
            9.75113011e-01-0.03950844j, -1.25578761e-01-0.06737158j],
          [-3.88209628e-04-0.0004243j ,  1.88050907e-04-0.01192028j,
            8.74810647e-02-0.11249897j,  9.20523801e-01-0.36357189j]],
         input_dims=(2, 2), output_dims=(2, 2))"
"Operator([[ 9.20523801e-01-0.36357189j,  2.95292899e-02+0.13941656j,
           -1.17829369e-02+0.00181407j, -1.18990440e-04-0.00056265j],
          [ 2.95292899e-02+0.13941656j,  9.75113011e-01-0.03950844j,
            6.76696943e-03+0.16461113j, -1.17829369e-02+0.00181407j],
          [-1.17829369e-02+0.00181407j,  6.76696943e-03+0.16461113j,
            9.75113011e-01-0.03950844j,  2.95292899e-02+0.13941656j],
          [-1.18990440e-04-0.00056265j, -1.17829369e-02+0.00181407j,
            2.95292899e-02+0.13941656j,  9.20523801e-01-0.36357189j]],
         input_dims=(2, 2), output_dims=(2, 2))"
"Operator([[ 9.20523801e-01-0.36357189j,  2.95292899e-02+0.13941656j,
           -1.17829369e-02+0.00181407j, -1.18990440e-04-0.00056265j],
          [ 2.95292899e-02+0.13941656j,  9.75113011e-01-0.03950844j,
            6.76696943e-03+0.16461113j, -1.17829369e-02+0.00181407j],
          [-1.17829369e-02+0.00181407j,  6.76696943e-03+0.16461113j,
            9.75113011e-01-0.03950844j,  2.95292899e-02+0.13941656j],
          [-1.18990440e-04-0.00056265j, -1.17829369e-02+0.00181407j,
            2.95292899e-02+0.13941656j,  9.20523801e-01-0.36357189j]],
         input_dims=(2, 2), output_dims=(2, 2))"
"Operator([[ 9.20523801e-01-0.36357189j, -1.15561839e-01+0.08339314j,
            6.58604538e-03-0.00993743j, -6.49954651e-05+0.00057141j],
          [ 1.39447991e-01+0.02938048j,  9.75113011e-01-0.03950844j,
           -1.47809991e-01+0.07276552j,  6.58604538e-03-0.00993743j],
          [ 9.27008483e-03+0.00749626j,  1.53283772e-01+0.06038791j,
            9.75113011e-01-0.03950844j, -1.15561839e-01+0.08339314j],
          [ 2.90770069e-04+0.00049617j,  9.27008483e-03+0.00749626j,
            1.39447991e-01+0.02938048j,  9.20523801e-01-0.36357189j]],
         input_dims=(2, 2), output_dims=(2, 2))"
"Operator([[ 9.20523801e-01-0.36357189j, -9.17695807e-02+0.10902889j,
            1.10950020e-03-0.01187002j,  3.36427830e-04+0.00046642j],
          [ 1.28092162e-01+0.06246081j,  9.75113011e-01-0.03950844j,
           -1.25635092e-01+0.10657598j,  1.10950020e-03-0.01187002j],
          [ 4.62844250e-03+0.01098663j,  1.33958820e-01+0.09590438j,
            9.75113011e-01-0.03950844j, -9.17695807e-02+0.10902889j],
          [-1.18788129e-04+0.00056269j,  4.62844250e-03+0.01098663j,
            1.28092162e-01+0.06246081j,  9.20523801e-01-0.36357189j]],
         input_dims=(2, 2), output_dims=(2, 2))"
