unitary
"Operator([[ 9.48847733e-01-2.94128629e-01j,
            1.90228649e-02+1.12941502e-01j,
           -7.59729104e-03+9.33129995e-04j,
           -4.89696385e-05-2.91021886e-04j],
          [ 1.90228649e-02+1.12941502e-01j,
            9.84006562e-01-3.22239178e-02j,
            4.37155056e-03+1.32277562e-01j,
           -7.59729104e-03+9.33129995e-04j],
          [-7.59729104e-03+9.33129995e-04j,
            4.37155056e-03+1.32277562e-01j,
            9.84006562e-01-3.22239178e-02j,
            1.90228649e-02+1.12941502e-01j],
          [-4.89696385e-05-2.91021886e-04j,
           -7.59729104e-03+9.33129995e-04j,
            1.90228649e-02+1.12941502e-01j,
            9.48847733e-01-2.94128629e-01j]],
         input_dims=(2, 2), output_dims=(2, 2))"
"Operator([[ 9.48847733e-01-2.94128629e-01j,
            1.05833378e-01+4.37829691e-02j,
            4.16118949e-03+6.42448945e-03j,
            1.77353325e-05+2.94579737e-04j],
          [-8.56522821e-02+7.60351154e-02j,
            9.84006562e-01-3.22239178e-02j,
            1.14453264e-01+6.64598694e-02j,
            4.16118949e-03+6.42448945e-03j],
          [ 2.48279649e-03-7.24053067e-03j,
           -1.09815547e-01+7.38715757e-02j,
            9.84006562e-01-3.22239178e-02j,
            1.05833378e-01+4.37829691e-02j],
          [ 7.96482804e-05+2.84161776e-04j,
            2.48279649e-03-7.24053067e-03j,
           -8.56522821e-02+7.60351154e-02j,
            9.48847733e-01-2.94128629e-01j]],
         input_dims=(2, 2), output_dims=(2, 2))"
"Operator([[ 9.48847733e-01-2.94128629e-01j,
            1.11917575e-01+2.43332804e-02j,
            6.14093252e-03+4.56930087e-03j,
            1.65325328e-04+2.44457152e-04j],
          [-9.77719205e-02+5.96515193e-02j,
            9.84006562e-01-3.22239178e-02j,
            1.24419982e-01+4.51235206e-02j,
            6.14093252e-03+4.56930087e-03j],
          [ 4.85264619e-03-5.91957665e-03j,
           -1.21169239e-01+5.32398305e-02j,
            9.84006562e-01-3.22239178e-02j,
            1.11917575e-01+2.43332804e-02j],
          [-7.62176813e-05+2.85101085e-04j,
            4.85264619e-03-5.91957665e-03j,
           -9.77719205e-02+5.96515193e-02j,
            9.48847733e-01-2.94128629e-01j]],
         input_dims=(2, 2), output_dims=(2, 2))"
"Operator([[ 9.48847733e-01-2.94128629e-01j,
            1.14349834e-01+6.46278967e-03j,
            7.25506462e-03+2.44000003e-03j,
            2.58523302e-04+1.42328724e-04j],
          [-1.05923811e-01+4.35637288e-02j,
            9.84006562e-01-3.22239178e-02j,
            1.29960882e-01+2.50326428e-02j,
            7.25506462e-03+2.44000003e-03j],
          [ 6.44894804e-03-4.12318225e-03j,
           -1.28024539e-01+3.35586263e-02j,
            9.84006562e-01-3.22239178e-02j,
            1.14349834e-01+6.46278967e-03j],
          [-1.97706856e-04+2.19097610e-04j,
            6.44894804e-03-4.12318225e-03j,
           -1.05923811e-01+4.35637288e-02j,
            9.48847733e-01-2.94128629e-01j]],
         input_dims=(2, 2), output_dims=(2, 2))"
"Operator([[ 9.48847733e-01-2.94128629e-01j,
            1.90228649e-02+1.12941502e-01j,
           -7.59729104e-03+9.33129995e-04j,
           -4.89696385e-05-2.91021886e-04j],
          [ 1.90228649e-02+1.12941502e-01j,
            9.84006562e-01-3.22239178e-02j,
            4.37155056e-03+1.32277562e-01j,
           -7.59729104e-03+9.33129995e-04j],
          [-7.59729104e-03+9.33129995e-04j,
            4.37155056e-03+1.32277562e-01j,
            9.84006562e-01-3.22239178e-02j,
            1.90228649e-02+1.12941502e-01j],
          [-4.89696385e-05-2.91021886e-04j,
           -7.59729104e-03+9.33129995e-04j,
            1.90228649e-02+1.12941502e-01j,
            9.48847733e-01-2.94128629e-01j]],
         input_dims=(2, 2), output_dims=(2, 2))"
"Operator([[ 9.48847733e-01-2.94128629e-01j,
            1.12816696e-01-1.97495633e-02j,
            7.58464698e-03-1.03087001e-03j,
            2.90021895e-04-5.45808005e-05j],
          [-1.13061626e-01+1.82953780e-02j,
            9.84006562e-01-3.22239178e-02j,
            1.32246678e-01-5.22303394e-03j,
            7.58464698e-03-1.03087001e-03j],
          [ 7.60867562e-03-8.35235284e-04j,
           -1.32302964e-01+3.51988601e-03j,
            9.84006562e-01-3.22239178e-02j,
            1.12816696e-01-1.97495633e-02j],
          [-2.91913326e-04+4.33402108e-05j,
            7.60867562e-03-8.35235284e-04j,
           -1.13061626e-01+1.82953780e-02j,
            9.48847733e-01-2.94128629e-01j]],
         input_dims=(2, 2), output_dims=(2, 2))"
"Operator([[ 9.48847733e-01-2.94128629e-01j,
            1.12374909e-01-2.21253726e-02j,
            7.53440586e-03-1.34992262e-03j,
            2.85988486e-04-7.28172324e-05j],
          [-1.13422456e-01+1.59059329e-02j,
            9.84006562e-01-3.22239178e-02j,
            1.32107046e-01-8.01201014e-03j,
            7.53440586e-03-1.34992262e-03j],
          [ 7.63713772e-03-5.13507690e-04j,
           -1.32347778e-01+7.27776223e-04j,
            9.84006562e-01-3.22239178e-02j,
            1.12374909e-01-2.21253726e-02j],
          [-2.94070259e-04+2.47880283e-05j,
            7.63713772e-03-5.13507690e-04j,
           -1.13422456e-01+1.59059329e-02j,
            9.48847733e-01-2.94128629e-01j]],
         input_dims=(2, 2), output_dims=(2, 2))"
"Operator([[ 9.48847733e-01-2.94128629e-01j,
            1.90228649e-02+1.12941502e-01j,
           -7.59729104e-03+9.33129995e-04j,
           -4.89696385e-05-2.91021886e-04j],
          [ 1.90228649e-02+1.12941502e-01j,
            9.84006562e-01-3.22239178e-02j,
            4.37155056e-03+1.32277562e-01j,
           -7.59729104e-03+9.33129995e-04j],
          [-7.59729104e-03+9.33129995e-04j,
            4.37155056e-03+1.32277562e-01j,
            9.84006562e-01-3.22239178e-02j,
            1.90228649e-02+1.12941502e-01j],
          [-4.89696385e-05-2.91021886e-04j,
           -7.59729104e-03+9.33129995e-04j,
            1.90228649e-02+1.12941502e-01j,
            9.48847733e-01-2.94128629e-01j]],
         input_dims=(2, 2), output_dims=(2, 2))"
"Operator([[ 9.48847733e-01-2.94128629e-01j,
           -1.08309152e-01+3.72394926e-02j,
            6.88966714e-03-3.33497367e-03j,
           -2.33208860e-04+1.80846320e-04j],
          [ 1.14531942e-01-2.93884941e-04j,
            9.84006562e-01-3.22239178e-02j,
           -1.29781200e-01+2.59481056e-02j,
            6.88966714e-03-3.33497367e-03j],
          [ 7.49193978e-03+1.56856658e-03j,
            1.31211228e-01+1.73227456e-02j,
            9.84006562e-01-3.22239178e-02j,
           -1.08309152e-01+3.72394926e-02j],
          [ 2.79551770e-04+9.45651708e-05j,
            7.49193978e-03+1.56856658e-03j,
            1.14531942e-01-2.93884941e-04j,
            9.48847733e-01-2.94128629e-01j]],
         input_dims=(2, 2), output_dims=(2, 2))"
"Operator([[ 9.48847733e-01-2.94128629e-01j,
           -1.07185655e-01+4.03594799e-02j,
            6.68510142e-03-3.72813382e-03j,
           -2.16640420e-04+2.00396337e-04j],
          [ 1.14492444e-01+3.02198694e-03j,
            9.84006562e-01-3.22239178e-02j,
           -1.28975593e-01+2.96944507e-02j,
            6.68510142e-03-3.72813382e-03j],
          [ 7.38859810e-03+1.99954516e-03j,
            1.30654730e-01+2.11141059e-02j,
            9.84006562e-01-3.22239178e-02j,
           -1.07185655e-01+4.03594799e-02j],
          [ 2.70293860e-04+1.18460933e-04j,
            7.38859810e-03+1.99954516e-03j,
            1.14492444e-01+3.02198694e-03j,
            9.48847733e-01-2.94128629e-01j]],
         input_dims=(2, 2), output_dims=(2, 2))"
"Operator([[ 9.48847733e-01-2.94128629e-01j,
            1.90228649e-02+1.12941502e-01j,
           -7.59729104e-03+9.33129995e-04j,
           -4.89696385e-05-2.91021886e-04j],
          [ 1.90228649e-02+1.12941502e-01j,
            9.84006562e-01-3.22239178e-02j,
            4.37155056e-03+1.32277562e-01j,
           -7.59729104e-03+9.33129995e-04j],
          [-7.59729104e-03+9.33129995e-04j,
            4.37155056e-03+1.32277562e-01j,
            9.84006562e-01-3.22239178e-02j,
            1.90228649e-02+1.12941502e-01j],
          [-4.89696385e-05-2.91021886e-04j,
           -7.59729104e-03+9.33129995e-04j,
            1.90228649e-02+1.12941502e-01j,
            9.48847733e-01-2.94128629e-01j]],
         input_dims=(2, 2), output_dims=(2, 2))"
"Operator([[ 9.48847733e-01-2.94128629e-01j,
           -9.93245430e-02+5.70288293e-02j,
            5.16068588e-03-5.65304201e-03j,
           -9.87118152e-05+2.78114619e-04j],
          [ 1.12525422e-01+2.13467001e-02j,
            9.84006562e-01-3.22239178e-02j,
           -1.22542971e-01+4.99968419e-02j,
            5.16068588e-03-5.65304201e-03j],
          [ 6.37531564e-03+4.23614367e-03j,
            1.25576600e-01+4.17969081e-02j,
            9.84006562e-01-3.22239178e-02j,
           -9.93245430e-02+5.70288293e-02j],
          [ 1.84294277e-04+2.30493781e-04j,
            6.37531564e-03+4.23614367e-03j,
            1.12525422e-01+2.13467001e-02j,
            9.48847733e-01-2.94128629e-01j]],
         input_dims=(2, 2), output_dims=(2, 2))"
"Operator([[ 9.48847733e-01-2.94128629e-01j,
            1.90228649e-02+1.12941502e-01j,
           -7.59729104e-03+9.33129995e-04j,
           -4.89696385e-05-2.91021886e-04j],
          [ 1.90228649e-02+1.12941502e-01j,
            9.84006562e-01-3.22239178e-02j,
            4.37155056e-03+1.32277562e-01j,
           -7.59729104e-03+9.33129995e-04j],
          [-7.59729104e-03+9.33129995e-04j,
            4.37155056e-03+1.32277562e-01j,
            9.84006562e-01-3.22239178e-02j,
            1.90228649e-02+1.12941502e-01j],
          [-4.89696385e-05-2.91021886e-04j,
           -7.59729104e-03+9.33129995e-04j,
            1.90228649e-02+1.12941502e-01j,
            9.48847733e-01-2.94128629e-01j]],
         input_dims=(2, 2), output_dims=(2, 2))"
"Operator([[ 9.48847733e-01-2.94128629e-01j,
           -9.10588732e-02+6.94689413e-02j,
            3.52716579e-03-6.79328081e-03j,
            1.48780187e-05+2.94737863e-04j],
          [ 1.08790794e-01+3.58080359e-02j,
            9.84006562e-01-3.22239178e-02j,
           -1.14994943e-01+6.55181427e-02j,
            3.52716579e-03-6.79328081e-03j],
          [ 5.06628362e-03+5.73779862e-03j,
            1.19069828e-01+5.77826964e-02j,
            9.84006562e-01-3.22239178e-02j,
           -9.10588732e-02+6.94689413e-02j],
          [ 8.23999948e-05+2.83376083e-04j,
            5.06628362e-03+5.73779862e-03j,
            1.08790794e-01+3.58080359e-02j,
            9.48847733e-01-2.94128629e-01j]],
         input_dims=(2, 2), output_dims=(2, 2))"
"Operator([[ 9.48847733e-01-2.94128629e-01j,
           -8.73996338e-02+7.40199717e-02j,
            2.81722295e-03-7.11707929e-03j,
            5.96170854e-05+2.89028661e-04j],
          [ 1.06824223e-01+4.13066278e-02j,
            9.84006562e-01-3.22239178e-02j,
           -1.11505965e-01+7.12943455e-02j,
            2.81722295e-03-7.11707929e-03j],
          [ 4.45580085e-03+6.22377711e-03j,
            1.15969834e-01+6.37766536e-02j,
            9.84006562e-01-3.22239178e-02j,
           -8.73996338e-02+7.40199717e-02j],
          [ 3.82562134e-05+2.92623009e-04j,
            4.45580085e-03+6.22377711e-03j,
            1.06824223e-01+4.13066278e-02j,
            9.48847733e-01-2.94128629e-01j]],
         input_dims=(2, 2), output_dims=(2, 2))"
