unitary
"Operator([[ 0.84980762-4.89159468e-01j,  0.0083578 -1.94843346e-01j,
           -0.02038111-9.92696476e-03j, -0.00098759+1.15264708e-03j],
          [-0.11361058-1.58513146e-01j,  0.95278545-5.20210443e-02j,
            0.06155679-2.17156017e-01j, -0.02038111-9.92696476e-03j],
          [-0.01451028+1.74179770e-02j, -0.08550217-2.08890770e-01j,
            0.95278545-5.20210443e-02j,  0.0083578 -1.94843346e-01j],
          [ 0.00145663+4.26805584e-04j, -0.01451028+1.74179770e-02j,
           -0.11361058-1.58513146e-01j,  0.84980762-4.89159468e-01j]],
         input_dims=(2, 2), output_dims=(2, 2))"
"Operator([[ 8.49807622e-01-0.48915947j, -6.74784990e-02-0.1829766j ,
           -2.13791070e-02+0.00754108j,  7.01055517e-04+0.00134628j],
          [-4.36413388e-02-0.19007687j,  9.52785453e-01-0.05202104j,
           -2.70104704e-02-0.22409018j, -2.13791070e-02+0.00754108j],
          [-2.25904427e-02+0.00189897j,  1.73032186e-03-0.22570552j,
            9.52785453e-01-0.05202104j, -6.74784990e-02-0.1829766j ],
          [ 1.47357910e-04+0.0015107j , -2.25904427e-02+0.00189897j,
           -4.36413388e-02-0.19007687j,  8.49807622e-01-0.48915947j]],
         input_dims=(2, 2), output_dims=(2, 2))"
"Operator([[ 0.84980762-4.89159468e-01j, -0.12113027-1.52843842e-01j,
           -0.01276292+1.87361141e-02j,  0.00150299+2.12035082e-04j],
          [ 0.01775402-1.94212711e-01j,  0.95278545-5.20210443e-02j,
           -0.09548658-2.04519652e-01j, -0.01276292+1.87361141e-02j],
          [-0.01932879-1.18461780e-02j,  0.07196812-2.13931213e-01j,
            0.95278545-5.20210443e-02j, -0.12113027-1.52843842e-01j],
          [-0.00114366+9.97988644e-04j, -0.01932879-1.18461780e-02j,
            0.01775402-1.94212711e-01j,  0.84980762-4.89159468e-01j]],
         input_dims=(2, 2), output_dims=(2, 2))"
"Operator([[ 0.84980762-4.89159468e-01j, -0.15163607-1.22638833e-01j,
           -0.00354117+2.23918359e-02j,  0.00131605-7.56265929e-04j],
          [ 0.05981544-1.85622991e-01j,  0.95278545-5.20210443e-02j,
           -0.13791976-1.78673205e-01j, -0.00354117+2.23918359e-02j],
          [-0.01242028-1.89649915e-02j,  0.11703025-1.93002320e-01j,
            0.95278545-5.20210443e-02j, -0.15163607-1.22638833e-01j],
          [-0.00151551+8.46013741e-05j, -0.01242028-1.89649915e-02j,
            0.05981544-1.85622991e-01j,  0.84980762-4.89159468e-01j]],
         input_dims=(2, 2), output_dims=(2, 2))"
"Operator([[ 0.84980762-4.89159468e-01j, -0.16419561-1.05231091e-01j,
            0.00143631+2.26245705e-02j,  0.00099956-1.14228645e-03j],
          [ 0.07985317-1.77924856e-01j,  0.95278545-5.20210443e-02j,
           -0.15672059-1.62433470e-01j,  0.00143631+2.26245705e-02j],
          [-0.00797698-2.12203200e-02j,  0.13753239-1.78971553e-01j,
            0.95278545-5.20210443e-02j, -0.16419561-1.05231091e-01j],
          [-0.001461  -4.11593610e-04j, -0.00797698-2.12203200e-02j,
            0.07985317-1.77924856e-01j,  0.84980762-4.89159468e-01j]],
         input_dims=(2, 2), output_dims=(2, 2))"
"Operator([[ 8.49807622e-01-0.48915947j, -1.08633962e-01-0.16196433j,
           -1.55634387e-02+0.01648374j,  1.41060841e-03+0.00056047j],
          [ 2.30387106e-03-0.19500891j,  9.52785453e-01-0.05202104j,
           -7.89748682e-02-0.2114449j , -1.55634387e-02+0.01648374j],
          [-2.09579768e-02-0.00864276j,  5.47844038e-02-0.21896265j,
            9.52785453e-01-0.05202104j, -1.08633962e-01-0.16196433j],
          [-8.76080150e-04+0.00123952j, -2.09579768e-02-0.00864276j,
            2.30387106e-03-0.19500891j,  8.49807622e-01-0.48915947j]],
         input_dims=(2, 2), output_dims=(2, 2))"
"Operator([[ 8.49807622e-01-0.48915947j, -1.00138113e-01+0.16735035j,
           -2.82278490e-03-0.02249369j,  1.22942847e-03+0.00089019j],
          [ 1.75388188e-01+0.08528051j,  9.52785453e-01-0.05202104j,
           -1.57543101e-01+0.16163584j, -2.82278490e-03-0.02249369j],
          [ 6.65896275e-03+0.02167008j,  1.74662753e-01+0.14296467j,
            9.52785453e-01-0.05202104j, -1.00138113e-01+0.16735035j],
          [-5.44303196e-04+0.00141692j,  6.65896275e-03+0.02167008j,
            1.75388188e-01+0.08528051j,  8.49807622e-01-0.48915947j]],
         input_dims=(2, 2), output_dims=(2, 2))"
"Operator([[ 8.49807622e-01-0.48915947j,  5.56732257e-02+0.18690713j,
           -2.21650333e-02+0.00475873j, -4.32099984e-04-0.00145507j],
          [ 5.56732257e-02+0.18690713j,  9.52785453e-01-0.05202104j,
            1.26658519e-02+0.2253565j , -2.21650333e-02+0.00475873j],
          [-2.21650333e-02+0.00475873j,  1.26658519e-02+0.2253565j ,
            9.52785453e-01-0.05202104j,  5.56732257e-02+0.18690713j],
          [-4.32099984e-04-0.00145507j, -2.21650333e-02+0.00475873j,
            5.56732257e-02+0.18690713j,  8.49807622e-01-0.48915947j]],
         input_dims=(2, 2), output_dims=(2, 2))"
"Operator([[ 8.49807622e-01-0.48915947j, -1.41162817e-01+0.13456166j,
            9.14831790e-03-0.02074229j,  2.02430027e-04+0.00150431j],
          [ 1.91784975e-01+0.03538793j,  9.52785453e-01-0.05202104j,
           -1.94961510e-01+0.11373647j,  9.14831790e-03-0.02074229j],
          [ 1.68562023e-02+0.01515924j,  2.06478226e-01+0.0911741j ,
            9.52785453e-01-0.05202104j, -1.41162817e-01+0.13456166j],
          [ 6.51422277e-04+0.00137098j,  1.68562023e-02+0.01515924j,
            1.91784975e-01+0.03538793j,  8.49807622e-01-0.48915947j]],
         input_dims=(2, 2), output_dims=(2, 2))"
"Operator([[ 8.49807622e-01-0.48915947j,  5.56732257e-02+0.18690713j,
           -2.21650333e-02+0.00475873j, -4.32099984e-04-0.00145507j],
          [ 5.56732257e-02+0.18690713j,  9.52785453e-01-0.05202104j,
            1.26658519e-02+0.2253565j , -2.21650333e-02+0.00475873j],
          [-2.21650333e-02+0.00475873j,  1.26658519e-02+0.2253565j ,
            9.52785453e-01-0.05202104j,  5.56732257e-02+0.18690713j],
          [-4.32099984e-04-0.00145507j, -2.21650333e-02+0.00475873j,
            5.56732257e-02+0.18690713j,  8.49807622e-01-0.48915947j]],
         input_dims=(2, 2), output_dims=(2, 2))"
"Operator([[ 8.49807622e-01-0.48915947j,  5.56732257e-02+0.18690713j,
           -2.21650333e-02+0.00475873j, -4.32099984e-04-0.00145507j],
          [ 5.56732257e-02+0.18690713j,  9.52785453e-01-0.05202104j,
            1.26658519e-02+0.2253565j , -2.21650333e-02+0.00475873j],
          [-2.21650333e-02+0.00475873j,  1.26658519e-02+0.2253565j ,
            9.52785453e-01-0.05202104j,  5.56732257e-02+0.18690713j],
          [-4.32099984e-04-0.00145507j, -2.21650333e-02+0.00475873j,
            5.56732257e-02+0.18690713j,  8.49807622e-01-0.48915947j]],
         input_dims=(2, 2), output_dims=(2, 2))"
"Operator([[ 8.49807622e-01-0.48915947j,  8.69002419e-03+0.19482881j,
           -2.17974668e-02-0.00622933j,  6.54892699e-04-0.00136933j],
          [ 9.93333833e-02+0.16782926j,  9.52785453e-01-0.05202104j,
           -4.23571230e-02+0.22170216j, -2.17974668e-02-0.00622933j],
          [-1.73195887e-02+0.01462758j,  6.69328229e-02+0.21555967j,
            9.52785453e-01-0.05202104j,  8.69002419e-03+0.19482881j],
          [-1.29611536e-03-0.00078995j, -1.73195887e-02+0.01462758j,
            9.93333833e-02+0.16782926j,  8.49807622e-01-0.48915947j]],
         input_dims=(2, 2), output_dims=(2, 2))"
"Operator([[ 8.49807622e-01-0.48915947j,  1.91695719e-01+0.03586828j,
            1.67800368e-02+0.01524351j,  6.41100186e-04+0.00137584j],
          [-1.40825269e-01+0.13491488j,  9.52785453e-01-0.05202104j,
            2.06249168e-01+0.09169108j,  1.67800368e-02+0.01524351j],
          [ 9.04427584e-03-0.02078786j, -1.94675964e-01+0.11422453j,
            9.52785453e-01-0.05202104j,  1.91695719e-01+0.03586828j],
          [ 2.13730079e-04+0.00150275j,  9.04427584e-03-0.02078786j,
           -1.40825269e-01+0.13491488j,  8.49807622e-01-0.48915947j]],
         input_dims=(2, 2), output_dims=(2, 2))"
