unitary
"Operator([[ 9.20523801e-01-3.63571888e-01j,
           -1.10629008e-02+1.42079439e-01j,
           -1.08851435e-02-4.86231303e-03j,
            3.48441473e-04-4.57519921e-04j],
          [ 6.77153712e-02+1.25393714e-01j,
            9.75113011e-01-3.95084415e-02j,
           -4.00160417e-02+1.59816555e-01j,
           -1.08851435e-02-4.86231303e-03j],
          [-8.91856596e-03+7.91123371e-03j,
            5.29985935e-02+1.55992833e-01j,
            9.75113011e-01-3.95084415e-02j,
           -1.10629008e-02+1.42079439e-01j],
          [-5.03837737e-04-2.77278692e-04j,
           -8.91856596e-03+7.91123371e-03j,
            6.77153712e-02+1.25393714e-01j,
            9.20523801e-01-3.63571888e-01j]],
         input_dims=(2, 2), output_dims=(2, 2))"
"Operator([[ 9.20523801e-01-0.36357189j,  2.95292899e-02+0.13941656j,
           -1.17829369e-02+0.00181407j, -1.18990440e-04-0.00056265j],
          [ 2.95292899e-02+0.13941656j,  9.75113011e-01-0.03950844j,
            6.76696943e-03+0.16461113j, -1.17829369e-02+0.00181407j],
          [-1.17829369e-02+0.00181407j,  6.76696943e-03+0.16461113j,
            9.75113011e-01-0.03950844j,  2.95292899e-02+0.13941656j],
          [-1.18990440e-04-0.00056265j, -1.17829369e-02+0.00181407j,
            2.95292899e-02+0.13941656j,  9.20523801e-01-0.36357189j]],
         input_dims=(2, 2), output_dims=(2, 2))"
"Operator([[ 9.20523801e-01-0.36357189j,  5.83274396e-02+0.1300264j ,
           -9.98084178e-03+0.00652006j, -4.31019878e-04-0.00038073j],
          [-6.02920199e-04+0.14250822j,  9.75113011e-01-0.03950844j,
            4.14040724e-02+0.15946259j, -9.98084178e-03+0.00652006j],
          [-1.14797851e-02-0.00321605j, -2.81758485e-02+0.16232294j,
            9.75113011e-01-0.03950844j,  5.83274396e-02+0.1300264j ],
          [ 2.39974055e-04-0.00052264j, -1.14797851e-02-0.00321605j,
           -6.02920199e-04+0.14250822j,  9.20523801e-01-0.36357189j]],
         input_dims=(2, 2), output_dims=(2, 2))"
"Operator([[ 9.20523801e-01-3.63571888e-01j,
            9.14207761e-02+1.09321528e-01j,
           -5.10554973e-03+1.07731982e-02j,
           -5.72175423e-04+5.78897557e-05j],
          [-3.92487443e-02+1.36998142e-01j,
            9.75113011e-01-3.95084415e-02j,
            8.31195926e-02+1.42245380e-01j,
           -5.10554973e-03+1.07731982e-02j],
          [-8.10953519e-03-8.73864272e-03j,
           -7.11637838e-02+1.48587787e-01j,
            9.75113011e-01-3.95084415e-02j,
            9.14207761e-02+1.09321528e-01j],
          [ 5.46623053e-04-1.78715349e-04j,
           -8.10953519e-03-8.73864272e-03j,
           -3.92487443e-02+1.36998142e-01j,
            9.20523801e-01-3.63571888e-01j]],
         input_dims=(2, 2), output_dims=(2, 2))"
"Operator([[ 9.20523801e-01-0.36357189j,  2.95292899e-02+0.13941656j,
           -1.17829369e-02+0.00181407j, -1.18990440e-04-0.00056265j],
          [ 2.95292899e-02+0.13941656j,  9.75113011e-01-0.03950844j,
            6.76696943e-03+0.16461113j, -1.17829369e-02+0.00181407j],
          [-1.17829369e-02+0.00181407j,  6.76696943e-03+0.16461113j,
            9.75113011e-01-0.03950844j,  2.95292899e-02+0.13941656j],
          [-1.18990440e-04-0.00056265j, -1.17829369e-02+0.00181407j,
            2.95292899e-02+0.13941656j,  9.20523801e-01-0.36357189j]],
         input_dims=(2, 2), output_dims=(2, 2))"
"Operator([[ 9.20523801e-01-0.36357189j,  2.95292899e-02+0.13941656j,
           -1.17829369e-02+0.00181407j, -1.18990440e-04-0.00056265j],
          [ 2.95292899e-02+0.13941656j,  9.75113011e-01-0.03950844j,
            6.76696943e-03+0.16461113j, -1.17829369e-02+0.00181407j],
          [-1.17829369e-02+0.00181407j,  6.76696943e-03+0.16461113j,
            9.75113011e-01-0.03950844j,  2.95292899e-02+0.13941656j],
          [-1.18990440e-04-0.00056265j, -1.17829369e-02+0.00181407j,
            2.95292899e-02+0.13941656j,  9.20523801e-01-0.36357189j]],
         input_dims=(2, 2), output_dims=(2, 2))"
"Operator([[ 9.20523801e-01-3.63571888e-01j,
           -1.67658493e-02-1.41519826e-01j,
           -1.19168040e-02-3.43830757e-04j,
           -3.67768909e-05+5.73919331e-04j],
          [-4.20494334e-02-1.36164606e-01j,
            9.75113011e-01-3.95084415e-02j,
            8.18725285e-03-1.64546600e-01j,
           -1.19168040e-02-3.43830757e-04j],
          [-1.12615426e-02+3.91230062e-03j,
           -2.16654374e-02-1.63319391e-01j,
            9.75113011e-01-3.95084415e-02j,
           -1.67658493e-02-1.41519826e-01j],
          [ 2.65982715e-04+5.09891295e-04j,
           -1.12615426e-02+3.91230062e-03j,
           -4.20494334e-02-1.36164606e-01j,
            9.20523801e-01-3.63571888e-01j]],
         input_dims=(2, 2), output_dims=(2, 2))"
"Operator([[ 9.20523801e-01-0.36357189j, -4.26951885e-02-0.13596351j,
           -1.12239006e-02+0.00401902j,  2.73215274e-04+0.00050605j],
          [-1.60940163e-02-0.1415978j ,  9.75113011e-01-0.03950844j,
           -2.24402970e-02-0.16321473j, -1.12239006e-02+0.00401902j],
          [-1.19130036e-02-0.00045693j,  8.96808846e-03-0.16450589j,
            9.75113011e-01-0.03950844j, -4.26951885e-02-0.13596351j],
          [-4.49442732e-05+0.00057334j, -1.19130036e-02-0.00045693j,
           -1.60940163e-02-0.1415978j ,  9.20523801e-01-0.36357189j]],
         input_dims=(2, 2), output_dims=(2, 2))"
"Operator([[ 9.20523801e-01-3.63571888e-01j,
           -1.42364687e-01+6.42268349e-03j,
            1.17406761e-02+2.07001505e-03j,
           -5.52300112e-04-1.60313830e-04j],
          [ 1.32743547e-01-5.18469443e-02j,
            9.75113011e-01-3.95084415e-02j,
           -1.63514514e-01-2.01399672e-02j,
            1.17406761e-02+2.07001505e-03j],
          [ 1.05743610e-02-5.50557232e-03j,
            1.61309722e-01-3.34931088e-02j,
            9.75113011e-01-3.95084415e-02j,
           -1.42364687e-01+6.42268349e-03j],
          [ 4.40108442e-04-3.70189813e-04j,
            1.05743610e-02-5.50557232e-03j,
            1.32743547e-01-5.18469443e-02j,
            9.20523801e-01-3.63571888e-01j]],
         input_dims=(2, 2), output_dims=(2, 2))"
"Operator([[ 9.20523801e-01-3.63571888e-01j,
           -1.40838189e-01+2.17614195e-02j,
            1.19112911e-02-4.99582132e-04j,
           -5.74585667e-04+2.42332173e-05j],
          [ 1.37566828e-01-3.72064874e-02j,
            9.75113011e-01-3.95084415e-02j,
           -1.64733233e-01-2.36152648e-03j,
            1.19112911e-02-4.99582132e-04j],
          [ 1.15099706e-02-3.10628622e-03j,
            1.63983563e-01-1.58746866e-02j,
            9.75113011e-01-3.95084415e-02j,
           -1.40838189e-01+2.17614195e-02j],
          [ 5.35200885e-04-2.10466033e-04j,
            1.15099706e-02-3.10628622e-03j,
            1.37566828e-01-3.72064874e-02j,
            9.20523801e-01-3.63571888e-01j]],
         input_dims=(2, 2), output_dims=(2, 2))"
"Operator([[ 9.20523801e-01-3.63571888e-01j,
           -1.40868565e-01+2.15639086e-02j,
            1.19126453e-02-4.66175125e-04j,
           -5.74682526e-04+2.18158812e-05j],
          [ 1.37514520e-01-3.73993531e-02j,
            9.75113011e-01-3.95084415e-02j,
           -1.64729759e-01-2.59252036e-03j,
            1.19126453e-02-4.66175125e-04j],
          [ 1.15012138e-02-3.13855355e-03j,
            1.63961142e-01-1.61046160e-02j,
            9.75113011e-01-3.95084415e-02j,
           -1.40868565e-01+2.15639086e-02j],
          [ 5.34310777e-04-2.12715612e-04j,
            1.15012138e-02-3.13855355e-03j,
            1.37514520e-01-3.73993531e-02j,
            9.20523801e-01-3.63571888e-01j]],
         input_dims=(2, 2), output_dims=(2, 2))"
"Operator([[ 9.20523801e-01-0.36357189j,  2.95292899e-02+0.13941656j,
           -1.17829369e-02+0.00181407j, -1.18990440e-04-0.00056265j],
          [ 2.95292899e-02+0.13941656j,  9.75113011e-01-0.03950844j,
            6.76696943e-03+0.16461113j, -1.17829369e-02+0.00181407j],
          [-1.17829369e-02+0.00181407j,  6.76696943e-03+0.16461113j,
            9.75113011e-01-0.03950844j,  2.95292899e-02+0.13941656j],
          [-1.18990440e-04-0.00056265j, -1.17829369e-02+0.00181407j,
            2.95292899e-02+0.13941656j,  9.20523801e-01-0.36357189j]],
         input_dims=(2, 2), output_dims=(2, 2))"
