unitary
"Operator([[ 9.48847733e-01-2.94128629e-01j,
           -1.39043812e-02+1.13685181e-01j,
           -6.87589823e-03-3.36327017e-03j,
            1.89889803e-04-2.25906234e-04j],
          [ 5.03770263e-02+1.02858191e-01j,
            9.84006562e-01-3.22239178e-02j,
           -3.34525284e-02+1.28052303e-01j,
           -6.87589823e-03-3.36327017e-03j],
          [-5.85762270e-03+4.92725268e-03j,
            4.18341267e-02+1.25564206e-01j,
            9.84006562e-01-3.22239178e-02j,
           -1.39043812e-02+1.13685181e-01j],
          [-2.53364980e-04-1.51320687e-04j,
           -5.85762270e-03+4.92725268e-03j,
            5.03770263e-02+1.02858191e-01j,
            9.48847733e-01-2.94128629e-01j]],
         input_dims=(2, 2), output_dims=(2, 2))"
"Operator([[ 9.48847733e-01-2.94128629e-01j,
            1.49675684e-02+1.13550095e-01j,
           -7.64458495e-03+3.87148173e-04j,
           -1.74866073e-05-2.94594606e-04j],
          [ 2.30537755e-02+1.12188126e-01j,
            9.84006562e-01-3.22239178e-02j,
           -3.66551312e-04+1.32349271e-01j,
           -7.64458495e-03+3.87148173e-04j],
          [-7.51105306e-03+1.47432855e-03j,
            9.10404845e-03+1.32036284e-01j,
            9.84006562e-01-3.22239178e-02j,
            1.49675684e-02+1.13550095e-01j],
          [-7.98881748e-05-2.84094426e-04j,
           -7.51105306e-03+1.47432855e-03j,
            2.30537755e-02+1.12188126e-01j,
            9.48847733e-01-2.94128629e-01j]],
         input_dims=(2, 2), output_dims=(2, 2))"
"Operator([[ 9.48847733e-01-2.94128629e-01j,
            4.18696171e-02+1.06604819e-01j,
           -6.57711237e-03+3.91550196e-03j,
           -2.09395100e-04-2.07955417e-04j],
          [-4.63906968e-03+1.14438329e-01j,
            9.84006562e-01-3.22239178e-02j,
            3.15134689e-02+1.28543243e-01j,
           -6.57711237e-03+3.91550196e-03j],
          [-7.32916142e-03-2.20747720e-03j,
           -2.29577008e-02+1.30343423e-01j,
            9.84006562e-01-3.22239178e-02j,
            4.18696171e-02+1.06604819e-01j],
          [ 1.29806481e-04-2.65032151e-04j,
           -7.32916142e-03-2.20747720e-03j,
           -4.63906968e-03+1.14438329e-01j,
            9.48847733e-01-2.94128629e-01j]],
         input_dims=(2, 2), output_dims=(2, 2))"
"Operator([[ 9.48847733e-01-2.94128629e-01j,
            1.90228649e-02+1.12941502e-01j,
           -7.59729104e-03+9.33129995e-04j,
           -4.89696385e-05-2.91021886e-04j],
          [ 1.90228649e-02+1.12941502e-01j,
            9.84006562e-01-3.22239178e-02j,
            4.37155056e-03+1.32277562e-01j,
           -7.59729104e-03+9.33129995e-04j],
          [-7.59729104e-03+9.33129995e-04j,
            4.37155056e-03+1.32277562e-01j,
            9.84006562e-01-3.22239178e-02j,
            1.90228649e-02+1.12941502e-01j],
          [-4.89696385e-05-2.91021886e-04j,
           -7.59729104e-03+9.33129995e-04j,
            1.90228649e-02+1.12941502e-01j,
            9.48847733e-01-2.94128629e-01j]],
         input_dims=(2, 2), output_dims=(2, 2))"
"Operator([[ 9.48847733e-01-2.94128629e-01j,
            1.90228649e-02+1.12941502e-01j,
           -7.59729104e-03+9.33129995e-04j,
           -4.89696385e-05-2.91021886e-04j],
          [ 1.90228649e-02+1.12941502e-01j,
            9.84006562e-01-3.22239178e-02j,
            4.37155056e-03+1.32277562e-01j,
           -7.59729104e-03+9.33129995e-04j],
          [-7.59729104e-03+9.33129995e-04j,
            4.37155056e-03+1.32277562e-01j,
            9.84006562e-01-3.22239178e-02j,
            1.90228649e-02+1.12941502e-01j],
          [-4.89696385e-05-2.91021886e-04j,
           -7.59729104e-03+9.33129995e-04j,
            1.90228649e-02+1.12941502e-01j,
            9.48847733e-01-2.94128629e-01j]],
         input_dims=(2, 2), output_dims=(2, 2))"
"Operator([[ 9.48847733e-01-2.94128629e-01j,
            9.35217595e-02+6.61160548e-02j,
            9.81004217e-04+7.59125770e-03j,
           -1.68875859e-04+2.42017991e-04j],
          [-6.67042954e-02+9.31031105e-02j,
            9.84006562e-01-3.22239178e-02j,
            9.69101095e-02+9.01381975e-02j,
            9.81004217e-04+7.59125770e-03j],
          [-8.85218690e-04-7.60302246e-03j,
           -9.07473206e-02+9.63399593e-02j,
            9.84006562e-01-3.22239178e-02j,
            9.35217595e-02+6.61160548e-02j],
          [ 2.38781138e-04+1.73422408e-04j,
           -8.85218690e-04-7.60302246e-03j,
           -6.67042954e-02+9.31031105e-02j,
            9.48847733e-01-2.94128629e-01j]],
         input_dims=(2, 2), output_dims=(2, 2))"
"Operator([[ 9.48847733e-01-2.94128629e-01j,
            1.00130389e-01+5.56017749e-02j,
            2.59215514e-03+7.20210347e-03j,
           -8.26298076e-05+2.83309157e-04j],
          [-7.63924646e-02+8.53337188e-02j,
            9.84006562e-01-3.22239178e-02j,
            1.06099702e-01+7.91158462e-02j,
            2.59215514e-03+7.20210347e-03j],
          [ 7.72218142e-04-7.61532940e-03j,
           -1.00644607e-01+8.59483973e-02j,
            9.84006562e-01-3.22239178e-02j,
            1.00130389e-01+5.56017749e-02j],
          [ 1.70797902e-04+2.40665411e-04j,
            7.72218142e-04-7.61532940e-03j,
           -7.63924646e-02+8.53337188e-02j,
            9.48847733e-01-2.94128629e-01j]],
         input_dims=(2, 2), output_dims=(2, 2))"
"Operator([[ 9.48847733e-01-2.94128629e-01j,
            1.04027744e-01+4.79153487e-02j,
            3.64286117e-03+6.73194810e-03j,
           -1.71063475e-05+2.94616932e-04j],
          [-8.25926295e-02+7.93480293e-02j,
            9.84006562e-01-3.22239178e-02j,
            1.11748233e-01+7.09140076e-02j,
            3.64286117e-03+6.73194810e-03j],
          [ 1.90547030e-03-7.41341660e-03j,
           -1.06822335e-01+7.81373966e-02j,
            9.84006562e-01-3.22239178e-02j,
            1.04027744e-01+4.79153487e-02j],
          [ 1.12583439e-04+2.72794305e-04j,
            1.90547030e-03-7.41341660e-03j,
           -8.25926295e-02+7.93480293e-02j,
            9.48847733e-01-2.94128629e-01j]],
         input_dims=(2, 2), output_dims=(2, 2))"
"Operator([[ 9.48847733e-01-2.94128629e-01j,
            1.05236618e-01+4.51985227e-02j,
            3.98737069e-03+6.53379198e-03j,
            5.87065253e-06+2.95054739e-04j],
          [-8.46247553e-02+7.71770885e-02j,
            9.84006562e-01-3.22239178e-02j,
            1.13551575e-01+6.79889975e-02j,
            3.98737069e-03+6.53379198e-03j],
          [ 2.28769319e-03-7.30452069e-03j,
           -1.08814865e-01+7.53378337e-02j,
            9.84006562e-01-3.22239178e-02j,
            1.05236618e-01+4.51985227e-02j],
          [ 9.10150386e-05+2.80727673e-04j,
            2.28769319e-03-7.30452069e-03j,
           -8.46247553e-02+7.71770885e-02j,
            9.48847733e-01-2.94128629e-01j]],
         input_dims=(2, 2), output_dims=(2, 2))"
"Operator([[ 9.48847733e-01-2.94128629e-01j,
            7.31574028e-02+8.81229063e-02j,
           -2.95657016e-03+7.06032971e-03j,
           -2.90660615e-04+5.10702484e-05j],
          [-4.02547273e-02+1.07225040e-01j,
            9.84006562e-01-3.22239178e-02j,
            7.01949828e-02+1.12201285e-01j,
           -2.95657016e-03+7.06032971e-03j],
          [-4.57727299e-03-6.13499264e-03j,
           -6.26337815e-02+1.16591052e-01j,
            9.84006562e-01-3.22239178e-02j,
            7.31574028e-02+8.81229063e-02j],
          [ 2.91367975e-04-4.68664741e-05j,
           -4.57727299e-03-6.13499264e-03j,
           -4.02547273e-02+1.07225040e-01j,
            9.48847733e-01-2.94128629e-01j]],
         input_dims=(2, 2), output_dims=(2, 2))"
"Operator([[ 9.48847733e-01-2.94128629e-01j,
            1.90228649e-02+1.12941502e-01j,
           -7.59729104e-03+9.33129995e-04j,
           -4.89696385e-05-2.91021886e-04j],
          [ 1.90228649e-02+1.12941502e-01j,
            9.84006562e-01-3.22239178e-02j,
            4.37155056e-03+1.32277562e-01j,
           -7.59729104e-03+9.33129995e-04j],
          [-7.59729104e-03+9.33129995e-04j,
            4.37155056e-03+1.32277562e-01j,
            9.84006562e-01-3.22239178e-02j,
            1.90228649e-02+1.12941502e-01j],
          [-4.89696385e-05-2.91021886e-04j,
           -7.59729104e-03+9.33129995e-04j,
            1.90228649e-02+1.12941502e-01j,
            9.48847733e-01-2.94128629e-01j]],
         input_dims=(2, 2), output_dims=(2, 2))"
"Operator([[ 9.48847733e-01-2.94128629e-01j,
            5.19214939e-02-1.02087270e-01j,
           -3.10907196e-03-6.99451458e-03j,
           -2.90626167e-04-5.12659178e-05j],
          [-8.24975038e-02-7.94469261e-02j,
            9.84006562e-01-3.22239178e-02j,
            7.52027872e-02-1.08908240e-01j,
           -3.10907196e-03-6.99451458e-03j],
          [-1.32400656e-03+7.53900321e-03j,
           -8.22293089e-02-1.03705375e-01j,
            9.84006562e-01-3.22239178e-02j,
            5.19214939e-02-1.02087270e-01j],
          [ 2.57843924e-04-1.43555822e-04j,
           -1.32400656e-03+7.53900321e-03j,
           -8.24975038e-02-7.94469261e-02j,
            9.48847733e-01-2.94128629e-01j]],
         input_dims=(2, 2), output_dims=(2, 2))"
"Operator([[ 9.48847733e-01-2.94128629e-01j,
            6.89493931e-02+9.14529026e-02j,
           -3.60428779e-03+6.75267889e-03j,
           -2.94948976e-04+9.84200278e-06j],
          [-3.51880806e-02+1.08992895e-01j,
            9.84006562e-01-3.22239178e-02j,
            6.48623840e-02+1.15366092e-01j,
           -3.60428779e-03+6.75267889e-03j],
          [-5.13128776e-03-5.67974019e-03j,
           -5.71038637e-02+1.19396871e-01j,
            9.84006562e-01-3.22239178e-02j,
            6.89493931e-02+9.14529026e-02j],
          [ 2.81927436e-04-8.72277734e-05j,
           -5.13128776e-03-5.67974019e-03j,
           -3.51880806e-02+1.08992895e-01j,
            9.48847733e-01-2.94128629e-01j]],
         input_dims=(2, 2), output_dims=(2, 2))"
"Operator([[ 9.48847733e-01-2.94128629e-01j,
            1.09003561e-01+3.51550253e-02j,
            5.13473175e-03+5.67662687e-03j,
            8.74842337e-05+2.81847960e-04j],
          [-9.14738084e-02+6.89216554e-02j,
            9.84006562e-01-3.22239178e-02j,
            1.19414183e-01+5.70676521e-02j,
            5.13473175e-03+5.67662687e-03j],
          [ 3.60838284e-03-6.75049154e-03j,
           -1.15385757e-01+6.48273945e-02j,
            9.84006562e-01-3.22239178e-02j,
            1.09003561e-01+3.51550253e-02j],
          [ 9.57365543e-06+2.94957808e-04j,
            3.60838284e-03-6.75049154e-03j,
           -9.14738084e-02+6.89216554e-02j,
            9.48847733e-01-2.94128629e-01j]],
         input_dims=(2, 2), output_dims=(2, 2))"
"Operator([[ 9.48847733e-01-2.94128629e-01j,
            1.90228649e-02+1.12941502e-01j,
           -7.59729104e-03+9.33129995e-04j,
           -4.89696385e-05-2.91021886e-04j],
          [ 1.90228649e-02+1.12941502e-01j,
            9.84006562e-01-3.22239178e-02j,
            4.37155056e-03+1.32277562e-01j,
           -7.59729104e-03+9.33129995e-04j],
          [-7.59729104e-03+9.33129995e-04j,
            4.37155056e-03+1.32277562e-01j,
            9.84006562e-01-3.22239178e-02j,
            1.90228649e-02+1.12941502e-01j],
          [-4.89696385e-05-2.91021886e-04j,
           -7.59729104e-03+9.33129995e-04j,
            1.90228649e-02+1.12941502e-01j,
            9.48847733e-01-2.94128629e-01j]],
         input_dims=(2, 2), output_dims=(2, 2))"
