unitary
"Operator([[ 8.86340847e-01-4.30335148e-01j,
           -1.32224644e-02+1.69538576e-01j,
           -1.52172019e-02-7.80103786e-03j,
            6.64857156e-04-7.34924815e-04j],
          [ 9.30764273e-02+1.42319855e-01j,
            9.64342661e-01-4.62886825e-02j,
           -5.42661811e-02+1.89063983e-01j,
           -1.52172019e-02-7.80103786e-03j],
          [-1.14098487e-02+1.27371416e-02j,
            7.25023613e-02+1.82848067e-01j,
            9.64342661e-01-4.62886825e-02j,
           -1.32224644e-02+1.69538576e-01j],
          [-9.35895951e-04-3.25957498e-04j,
           -1.14098487e-02+1.27371416e-02j,
            9.30764273e-02+1.42319855e-01j,
            8.86340847e-01-4.30335148e-01j]],
         input_dims=(2, 2), output_dims=(2, 2))"
"Operator([[ 8.86340847e-01-0.43033515j,  3.32121636e-02+0.16677864j,
           -1.70520895e-02+0.00128284j, -8.69202299e-05-0.00098722j],
          [ 5.10297454e-02+0.1622163j ,  9.64342661e-01-0.04628868j,
           -1.00520355e-03+0.19669519j, -1.70520895e-02+0.00128284j],
          [-1.63788418e-02+0.00491457j,  2.02434552e-02+0.19565329j,
            9.64342661e-01-0.04628868j,  3.32121636e-02+0.16677864j],
          [-3.97259385e-04-0.00090793j, -1.63788418e-02+0.00491457j,
            5.10297454e-02+0.1622163j ,  8.86340847e-01-0.43033515j]],
         input_dims=(2, 2), output_dims=(2, 2))"
"Operator([[ 8.86340847e-01-4.30335148e-01j,
            5.56477090e-02+1.60690681e-01j,
           -1.60710889e-02+5.84290376e-03j,
           -4.73604057e-04-8.70545070e-04j],
          [ 2.84292806e-02+1.67660187e-01j,
            9.64342661e-01-4.62886825e-02j,
            2.58301933e-02+1.94994382e-01j,
           -1.60710889e-02+5.84290376e-03j],
          [-1.70975398e-02+3.05873061e-04j,
           -6.62960414e-03+1.96586002e-01j,
            9.64342661e-01-4.62886825e-02j,
            5.56477090e-02+1.60690681e-01j],
          [-1.99983429e-06-9.91032553e-04j,
           -1.70975398e-02+3.05873061e-04j,
            2.84292806e-02+1.67660187e-01j,
            8.86340847e-01-4.30335148e-01j]],
         input_dims=(2, 2), output_dims=(2, 2))"
"Operator([[ 8.86340847e-01-0.43033515j,  4.21826807e-02+0.16473853j,
           -1.68138086e-02+0.00311693j, -2.45314235e-04-0.00096019j],
          [ 4.21826807e-02+0.16473853j,  9.64342661e-01-0.04628868j,
            9.63322217e-03+0.19646172j, -1.68138086e-02+0.00311693j],
          [-1.68138086e-02+0.00311693j,  9.63322217e-03+0.19646172j,
            9.64342661e-01-0.04628868j,  4.21826807e-02+0.16473853j],
          [-2.45314235e-04-0.00096019j, -1.68138086e-02+0.00311693j,
            4.21826807e-02+0.16473853j,  8.86340847e-01-0.43033515j]],
         input_dims=(2, 2), output_dims=(2, 2))"
"Operator([[ 8.86340847e-01-0.43033515j,  4.21826807e-02+0.16473853j,
           -1.68138086e-02+0.00311693j, -2.45314235e-04-0.00096019j],
          [ 4.21826807e-02+0.16473853j,  9.64342661e-01-0.04628868j,
            9.63322217e-03+0.19646172j, -1.68138086e-02+0.00311693j],
          [-1.68138086e-02+0.00311693j,  9.63322217e-03+0.19646172j,
            9.64342661e-01-0.04628868j,  4.21826807e-02+0.16473853j],
          [-2.45314235e-04-0.00096019j, -1.68138086e-02+0.00311693j,
            4.21826807e-02+0.16473853j,  8.86340847e-01-0.43033515j]],
         input_dims=(2, 2), output_dims=(2, 2))"
"Operator([[ 8.86340847e-01-0.43033515j,  4.21826807e-02+0.16473853j,
           -1.68138086e-02+0.00311693j, -2.45314235e-04-0.00096019j],
          [ 4.21826807e-02+0.16473853j,  9.64342661e-01-0.04628868j,
            9.63322217e-03+0.19646172j, -1.68138086e-02+0.00311693j],
          [-1.68138086e-02+0.00311693j,  9.63322217e-03+0.19646172j,
            9.64342661e-01-0.04628868j,  4.21826807e-02+0.16473853j],
          [-2.45314235e-04-0.00096019j, -1.68138086e-02+0.00311693j,
            4.21826807e-02+0.16473853j,  8.86340847e-01-0.43033515j]],
         input_dims=(2, 2), output_dims=(2, 2))"
"Operator([[ 8.86340847e-01-0.43033515j,  4.21826807e-02+0.16473853j,
           -1.68138086e-02+0.00311693j, -2.45314235e-04-0.00096019j],
          [ 4.21826807e-02+0.16473853j,  9.64342661e-01-0.04628868j,
            9.63322217e-03+0.19646172j, -1.68138086e-02+0.00311693j],
          [-1.68138086e-02+0.00311693j,  9.63322217e-03+0.19646172j,
            9.64342661e-01-0.04628868j,  4.21826807e-02+0.16473853j],
          [-2.45314235e-04-0.00096019j, -1.68138086e-02+0.00311693j,
            4.21826807e-02+0.16473853j,  8.86340847e-01-0.43033515j]],
         input_dims=(2, 2), output_dims=(2, 2))"
"Operator([[ 8.86340847e-01-0.43033515j,  1.33647001e-01-0.10515057j,
            9.01943738e-03-0.01452822j,  7.20833030e-05-0.00098841j],
          [-1.67735927e-01-0.02797894j,  9.64342661e-01-0.04628868j,
            1.75817226e-01-0.08819473j,  9.01943738e-03-0.01452822j],
          [ 1.36276224e-02+0.01032992j, -1.83602085e-01-0.07057112j,
            9.64342661e-01-0.04628868j,  1.33647001e-01-0.10515057j],
          [-5.37350497e-04-0.00083271j,  1.36276224e-02+0.01032992j,
           -1.67735927e-01-0.02797894j,  8.86340847e-01-0.43033515j]],
         input_dims=(2, 2), output_dims=(2, 2))"
"Operator([[ 8.86340847e-01-0.43033515j,  1.70039359e-01+0.00218606j,
            1.60998227e-02+0.00576326j,  8.49789413e-04+0.00050991j],
          [-1.48063163e-01+0.08363888j,  9.64342661e-01-0.04628868j,
            1.92188615e-01+0.04187534j,  1.60998227e-02+0.00576326j],
          [ 1.29642450e-02-0.01115113j, -1.87169931e-01+0.06047665j,
            9.64342661e-01-0.04628868j,  1.70039359e-01+0.00218606j],
          [-5.01068260e-04+0.00085503j,  1.29642450e-02-0.01115113j,
           -1.48063163e-01+0.08363888j,  8.86340847e-01-0.43033515j]],
         input_dims=(2, 2), output_dims=(2, 2))"
"Operator([[ 8.86340847e-01-0.43033515j,  4.21826807e-02+0.16473853j,
           -1.68138086e-02+0.00311693j, -2.45314235e-04-0.00096019j],
          [ 4.21826807e-02+0.16473853j,  9.64342661e-01-0.04628868j,
            9.63322217e-03+0.19646172j, -1.68138086e-02+0.00311693j],
          [-1.68138086e-02+0.00311693j,  9.63322217e-03+0.19646172j,
            9.64342661e-01-0.04628868j,  4.21826807e-02+0.16473853j],
          [-2.45314235e-04-0.00096019j, -1.68138086e-02+0.00311693j,
            4.21826807e-02+0.16473853j,  8.86340847e-01-0.43033515j]],
         input_dims=(2, 2), output_dims=(2, 2))"
