unitary
"Operator([[ 0.06272794+0.72525744j, -0.03945217+0.41859446j,
           -0.12817682+0.39582474j,  0.33004233-0.10608767j],
          [ 0.11064889+0.40562867j,  0.00178935+0.23776579j,
            0.35334222-0.68463799j, -0.12817682+0.39582474j],
          [ 0.16484769+0.38201016j,  0.08930023-0.76524857j,
            0.00178935+0.23776579j, -0.03945217+0.41859446j],
          [ 0.06171089-0.34113677j,  0.16484769+0.38201016j,
            0.11064889+0.40562867j,  0.06272794+0.72525744j]],
         input_dims=(2, 2), output_dims=(2, 2))"
"Operator([[ 0.06272794+0.72525744j, -0.38742651-0.16333554j,
            0.33181907-0.25100324j,  0.1968949 -0.28533302j],
          [ 0.35367872-0.2273525j ,  0.00178935+0.23776579j,
            0.5469292 +0.54263096j,  0.33181907-0.25100324j],
          [-0.35396183-0.21867224j, -0.75674509+0.14462632j,
            0.00178935+0.23776579j, -0.38742651-0.16333554j],
          [ 0.25692606-0.23274778j, -0.35396183-0.21867224j,
            0.35367872-0.2273525j ,  0.06272794+0.72525744j]],
         input_dims=(2, 2), output_dims=(2, 2))"
"Operator([[ 0.06272794+0.72525744j, -0.03618385-0.41888963j,
            0.01959334+0.41559911j, -0.22842869+0.26077359j],
          [-0.03618385-0.41888963j,  0.00178935+0.23776579j,
           -0.22496133+0.73686655j,  0.01959334+0.41559911j],
          [ 0.01959334+0.41559911j, -0.22496133+0.73686655j,
            0.00178935+0.23776579j, -0.03618385-0.41888963j],
          [-0.22842869+0.26077359j,  0.01959334+0.41559911j,
           -0.03618385-0.41888963j,  0.06272794+0.72525744j]],
         input_dims=(2, 2), output_dims=(2, 2))"
"Operator([[ 0.06272794+0.72525744j, -0.18854436-0.37580423j,
            0.29985296+0.28843496j,  0.14046191+0.31694318j],
          [ 0.12130813-0.40256941j,  0.00178935+0.23776579j,
            0.06352026+0.76781839j,  0.29985296+0.28843496j],
          [-0.27138689+0.31536594j, -0.48153962+0.60141459j,
            0.00178935+0.23776579j, -0.18854436-0.37580423j],
          [-0.33267736-0.09751054j, -0.27138689+0.31536594j,
            0.12130813-0.40256941j,  0.06272794+0.72525744j]],
         input_dims=(2, 2), output_dims=(2, 2))"
"Operator([[ 0.06272794+0.72525744j,  0.19440323-0.37280716j,
           -0.36822564+0.19369151j, -0.22903863-0.26023804j],
          [-0.25545305-0.3339484j ,  0.00178935+0.23776579j,
           -0.58544862+0.50082913j, -0.36822564+0.19369151j],
          [ 0.384815  +0.15818957j,  0.20589119+0.74242085j,
            0.00178935+0.23776579j,  0.19440323-0.37280716j],
          [ 0.28812782+0.19278198j,  0.384815  +0.15818957j,
           -0.25545305-0.3339484j ,  0.06272794+0.72525744j]],
         input_dims=(2, 2), output_dims=(2, 2))"
"Operator([[ 0.06272794+0.72525744j, -0.03618385-0.41888963j,
            0.01959334+0.41559911j, -0.22842869+0.26077359j],
          [-0.03618385-0.41888963j,  0.00178935+0.23776579j,
           -0.22496133+0.73686655j,  0.01959334+0.41559911j],
          [ 0.01959334+0.41559911j, -0.22496133+0.73686655j,
            0.00178935+0.23776579j, -0.03618385-0.41888963j],
          [-0.22842869+0.26077359j,  0.01959334+0.41559911j,
           -0.03618385-0.41888963j,  0.06272794+0.72525744j]],
         input_dims=(2, 2), output_dims=(2, 2))"
