unitary
"Operator([[ 8.01463222e-01-0.55388377j, -1.98541157e-02-0.22262954j,
           -2.91805310e-02-0.00737726j, -9.17691152e-04+0.00214461j],
          [-1.22664658e-01-0.18684614j,  9.37415224e-01-0.05797781j,
            4.67883653e-02-0.25463325j, -2.91805310e-02-0.00737726j],
          [-2.23008537e-02+0.02021384j, -7.90440931e-02-0.24653453j,
            9.37415224e-01-0.05797781j, -1.98541157e-02-0.22262954j],
          [ 2.04807251e-03+0.00111665j, -2.23008537e-02+0.02021384j,
           -1.22664658e-01-0.18684614j,  8.01463222e-01-0.55388377j]],
         input_dims=(2, 2), output_dims=(2, 2))"
"Operator([[ 0.80146322-0.55388377j, -0.1669337 -0.14863122j,
           -0.00917172+0.02866717j,  0.0022366 -0.00066265j],
          [ 0.03857554-0.22015909j,  0.93741522-0.05797781j,
           -0.14028942-0.21759165j, -0.00917172+0.02866717j],
          [-0.02155721-0.02100509j,  0.11123861-0.23378027j,
            0.93741522-0.05797781j, -0.1669337 -0.14863122j],
          [-0.00216693+0.00086365j, -0.02155721-0.02100509j,
            0.03857554-0.22015909j,  0.80146322-0.55388377j]],
         input_dims=(2, 2), output_dims=(2, 2))"
"Operator([[ 0.80146322-5.53883774e-01j,  0.05355829-2.17001402e-01j,
           -0.01848562-2.37530877e-02j, -0.0022976 +4.03174453e-04j],
          [-0.17671807-1.36853285e-01j,  0.93741522-5.79778138e-02j,
            0.12698343-2.25615720e-01j, -0.01848562-2.37530877e-02j],
          [-0.00516953+2.96513612e-02j, -0.15485771-2.07476104e-01j,
            0.93741522-5.79778138e-02j,  0.05355829-2.17001402e-01j],
          [ 0.00205426-1.10521985e-03j, -0.00516953+2.96513612e-02j,
           -0.17671807-1.36853285e-01j,  0.80146322-5.53883774e-01j]],
         input_dims=(2, 2), output_dims=(2, 2))"
"Operator([[ 0.80146322-5.53883774e-01j,  0.14359779+1.71282733e-01j,
           -0.01701752+2.48260214e-02j, -0.00230691-3.45954467e-04j],
          [-0.00621848+2.23426564e-01j,  0.93741522-5.79778138e-02j,
            0.10722825+2.35646657e-01j, -0.01701752+2.48260214e-02j],
          [-0.02668111-1.39300237e-02j, -0.07613572+2.47448170e-01j,
            0.93741522-5.79778138e-02j,  0.14359779+1.71282733e-01j],
          [ 0.00159796-1.69941775e-03j, -0.02668111-1.39300237e-02j,
           -0.00621848+2.23426564e-01j,  0.80146322-5.53883774e-01j]],
         input_dims=(2, 2), output_dims=(2, 2))"
"Operator([[ 8.01463222e-01-0.55388377j,  7.34711723e-02+0.2110926j ,
           -2.92044575e-02+0.00728196j, -7.63947885e-04-0.00220406j],
          [ 7.34711723e-02+0.2110926j ,  9.37415224e-01-0.05797781j,
            1.66284488e-02+0.25836164j, -2.92044575e-02+0.00728196j],
          [-2.92044575e-02+0.00728196j,  1.66284488e-02+0.25836164j,
            9.37415224e-01-0.05797781j,  7.34711723e-02+0.2110926j ],
          [-7.63947885e-04-0.00220406j, -2.92044575e-02+0.00728196j,
            7.34711723e-02+0.2110926j ,  8.01463222e-01-0.55388377j]],
         input_dims=(2, 2), output_dims=(2, 2))"
"Operator([[ 8.01463222e-01-0.55388377j,  7.34711723e-02+0.2110926j ,
           -2.92044575e-02+0.00728196j, -7.63947885e-04-0.00220406j],
          [ 7.34711723e-02+0.2110926j ,  9.37415224e-01-0.05797781j,
            1.66284488e-02+0.25836164j, -2.92044575e-02+0.00728196j],
          [-2.92044575e-02+0.00728196j,  1.66284488e-02+0.25836164j,
            9.37415224e-01-0.05797781j,  7.34711723e-02+0.2110926j ],
          [-7.63947885e-04-0.00220406j, -2.92044575e-02+0.00728196j,
            7.34711723e-02+0.2110926j ,  8.01463222e-01-0.55388377j]],
         input_dims=(2, 2), output_dims=(2, 2))"
"Operator([[ 8.01463222e-01-0.55388377j,  7.34711723e-02+0.2110926j ,
           -2.92044575e-02+0.00728196j, -7.63947885e-04-0.00220406j],
          [ 7.34711723e-02+0.2110926j ,  9.37415224e-01-0.05797781j,
            1.66284488e-02+0.25836164j, -2.92044575e-02+0.00728196j],
          [-2.92044575e-02+0.00728196j,  1.66284488e-02+0.25836164j,
            9.37415224e-01-0.05797781j,  7.34711723e-02+0.2110926j ],
          [-7.63947885e-04-0.00220406j, -2.92044575e-02+0.00728196j,
            7.34711723e-02+0.2110926j ,  8.01463222e-01-0.55388377j]],
         input_dims=(2, 2), output_dims=(2, 2))"
"Operator([[ 0.80146322-5.53883774e-01j,  0.15027982+1.65451127e-01j,
           -0.01499572+2.60970415e-02j, -0.00233167-6.95253785e-05j],
          [-0.0150773 +2.23003977e-01j,  0.93741522-5.79778138e-02j,
            0.11649234+2.31207222e-01j, -0.01499572+2.60970415e-02j],
          [-0.02549274-1.60014795e-02j, -0.08589247+2.44232938e-01j,
            0.93741522-5.79778138e-02j,  0.15027982+1.65451127e-01j],
          [ 0.00178848-1.49760738e-03j, -0.02549274-1.60014795e-02j,
           -0.0150773 +2.23003977e-01j,  0.80146322-5.53883774e-01j]],
         input_dims=(2, 2), output_dims=(2, 2))"
"Operator([[ 8.01463222e-01-0.55388377j,  7.34711723e-02+0.2110926j ,
           -2.92044575e-02+0.00728196j, -7.63947885e-04-0.00220406j],
          [ 7.34711723e-02+0.2110926j ,  9.37415224e-01-0.05797781j,
            1.66284488e-02+0.25836164j, -2.92044575e-02+0.00728196j],
          [-2.92044575e-02+0.00728196j,  1.66284488e-02+0.25836164j,
            9.37415224e-01-0.05797781j,  7.34711723e-02+0.2110926j ],
          [-7.63947885e-04-0.00220406j, -2.92044575e-02+0.00728196j,
            7.34711723e-02+0.2110926j ,  8.01463222e-01-0.55388377j]],
         input_dims=(2, 2), output_dims=(2, 2))"
"Operator([[ 0.80146322-0.55388377j,  0.12631349+0.18439902j,
           -0.02148915+0.02107471j, -0.00211032-0.000994j  ],
          [ 0.01547441+0.22297677j,  0.93741522-0.05797781j,
            0.08387455+0.24493326j, -0.02148915+0.02107471j],
          [-0.02886803-0.00851844j, -0.05178424+0.25366442j,
            0.93741522-0.05797781j,  0.12631349+0.18439902j],
          [ 0.00104249-0.0020868j , -0.02886803-0.00851844j,
            0.01547441+0.22297677j,  0.80146322-0.55388377j]],
         input_dims=(2, 2), output_dims=(2, 2))"
"Operator([[ 8.01463222e-01-0.55388377j,  1.05842763e-01+0.19686393j,
           -2.54836129e-02+0.01601602j, -1.68754932e-03-0.00161049j],
          [ 3.92607108e-02+0.22003794j,  9.37415224e-01-0.05797781j,
            5.71660967e-02+0.252506j  , -2.54836129e-02+0.01601602j],
          [-3.00198248e-02-0.00217656j, -2.43253837e-02+0.25775089j,
            9.37415224e-01-0.05797781j,  1.05842763e-01+0.19686393j],
          [ 3.28878215e-04-0.0023094j , -3.00198248e-02-0.00217656j,
            3.92607108e-02+0.22003794j,  8.01463222e-01-0.55388377j]],
         input_dims=(2, 2), output_dims=(2, 2))"
"Operator([[ 0.80146322-5.53883774e-01j, -0.05835676+2.15760487e-01j,
           -0.01741433-2.45493034e-02j,  0.00231932-2.49546972e-04j],
          [ 0.17970911+1.32901219e-01j,  0.93741522-5.79778138e-02j,
           -0.13195485+2.22744610e-01j, -0.01741433-2.45493034e-02j],
          [-0.00384984+2.98513994e-02j,  0.15942007+2.03991390e-01j,
            0.93741522-5.79778138e-02j, -0.05835676+2.15760487e-01j],
          [-0.00197625+1.23933476e-03j, -0.00384984+2.98513994e-02j,
            0.17970911+1.32901219e-01j,  0.80146322-5.53883774e-01j]],
         input_dims=(2, 2), output_dims=(2, 2))"
"Operator([[ 8.01463222e-01-0.55388377j,  7.34711723e-02+0.2110926j ,
           -2.92044575e-02+0.00728196j, -7.63947885e-04-0.00220406j],
          [ 7.34711723e-02+0.2110926j ,  9.37415224e-01-0.05797781j,
            1.66284488e-02+0.25836164j, -2.92044575e-02+0.00728196j],
          [-2.92044575e-02+0.00728196j,  1.66284488e-02+0.25836164j,
            9.37415224e-01-0.05797781j,  7.34711723e-02+0.2110926j ],
          [-7.63947885e-04-0.00220406j, -2.92044575e-02+0.00728196j,
            7.34711723e-02+0.2110926j ,  8.01463222e-01-0.55388377j]],
         input_dims=(2, 2), output_dims=(2, 2))"
"Operator([[ 8.01463222e-01-0.55388377j, -2.14076080e-01-0.06426142j,
            1.60398807e-02+0.0254686j , -5.77654297e-05-0.00233199j],
          [ 1.27914670e-01-0.18329194j,  9.37415224e-01-0.05797781j,
           -2.19035914e-01-0.1380236j ,  1.60398807e-02+0.0254686j ],
          [ 2.20467889e-03-0.03001777j,  1.99535332e-01-0.16496332j,
            9.37415224e-01-0.05797781j, -2.14076080e-01-0.06426142j],
          [-1.39781980e-03-0.00186751j,  2.20467889e-03-0.03001777j,
            1.27914670e-01-0.18329194j,  8.01463222e-01-0.55388377j]],
         input_dims=(2, 2), output_dims=(2, 2))"
"Operator([[ 8.01463222e-01-0.55388377j, -2.14436195e-01-0.06304932j,
            1.63270123e-02+0.02528549j, -9.73331097e-05-0.00233067j],
          [ 1.28949545e-01-0.18256537j,  9.37415224e-01-0.05797781j,
           -2.19813239e-01-0.13678225j,  1.63270123e-02+0.02528549j],
          [ 2.54416651e-03-0.02999091j,  2.00465373e-01-0.16383186j,
            9.37415224e-01-0.05797781j, -2.14436195e-01-0.06304932j],
          [-1.36592506e-03-0.00189097j,  2.54416651e-03-0.02999091j,
            1.28949545e-01-0.18256537j,  8.01463222e-01-0.55388377j]],
         input_dims=(2, 2), output_dims=(2, 2))"
