unitary
"Operator([[ 8.60421815e-01-0.47311191j,  5.17573063e-02+0.18087494j,
           -2.06130761e-02+0.00425699j, -3.72237781e-04-0.0013045j ],
          [ 5.17573063e-02+0.18087494j,  9.56148263e-01-0.05048357j,
            1.17880916e-02+0.21738299j, -2.06130761e-02+0.00425699j],
          [-2.06130761e-02+0.00425699j,  1.17880916e-02+0.21738299j,
            9.56148263e-01-0.05048357j,  5.17573063e-02+0.18087494j],
          [-3.72237781e-04-0.0013045j , -2.06130761e-02+0.00425699j,
            5.17573063e-02+0.18087494j,  8.60421815e-01-0.47311191j]],
         input_dims=(2, 2), output_dims=(2, 2))"
"Operator([[ 8.60421815e-01-0.47311191j,  9.69209999e-02+0.1612479j ,
           -1.57032593e-02+0.0140153j , -1.18702283e-03-0.00065671j],
          [ 3.04757530e-03+0.18810975j,  9.56148263e-01-0.05048357j,
            6.77947562e-02+0.20687724j, -1.57032593e-02+0.0140153j ],
          [-1.99706135e-02-0.00664797j, -4.50262081e-02+0.21299522j,
            9.56148263e-01-0.05048357j,  9.69209999e-02+0.1612479j ],
          [ 6.61710705e-04-0.00118424j, -1.99706135e-02-0.00664797j,
            3.04757530e-03+0.18810975j,  8.60421815e-01-0.47311191j]],
         input_dims=(2, 2), output_dims=(2, 2))"
"Operator([[ 8.60421815e-01-0.47311191j,  5.17573063e-02+0.18087494j,
           -2.06130761e-02+0.00425699j, -3.72237781e-04-0.0013045j ],
          [ 5.17573063e-02+0.18087494j,  9.56148263e-01-0.05048357j,
            1.17880916e-02+0.21738299j, -2.06130761e-02+0.00425699j],
          [-2.06130761e-02+0.00425699j,  1.17880916e-02+0.21738299j,
            9.56148263e-01-0.05048357j,  5.17573063e-02+0.18087494j],
          [-3.72237781e-04-0.0013045j , -2.06130761e-02+0.00425699j,
            5.17573063e-02+0.18087494j,  8.60421815e-01-0.47311191j]],
         input_dims=(2, 2), output_dims=(2, 2))"
"Operator([[ 8.60421815e-01-0.47311191j,  1.74406308e-01+0.07054788j,
            9.12263156e-03+0.01896835j, -1.89966175e-04+0.00134321j],
          [-1.10687827e-01+0.15212748j,  9.56148263e-01-0.05048357j,
            1.78575129e-01+0.12452006j,  9.12263156e-03+0.01896835j],
          [ 8.62133628e-04-0.0210304j , -1.64062795e-01+0.14310039j,
            9.56148263e-01-0.05048357j,  1.74406308e-01+0.07054788j],
          [ 8.70206200e-04+0.00104069j,  8.62133628e-04-0.0210304j ,
           -1.10687827e-01+0.15212748j,  8.60421815e-01-0.47311191j]],
         input_dims=(2, 2), output_dims=(2, 2))"
"Operator([[ 8.60421815e-01-0.47311191j,  1.83602124e-01+0.04104661j,
            1.47600469e-02+0.0150054j ,  4.68748465e-04+0.00127301j],
          [-1.34097417e-01+0.13195623j,  9.56148263e-01-0.05048357j,
            1.96549747e-01+0.09360833j,  1.47600469e-02+0.0150054j ],
          [ 7.60824281e-03-0.01962487j, -1.85274701e-01+0.11431364j,
            9.56148263e-01-0.05048357j,  1.83602124e-01+0.04104661j],
          [ 2.73642512e-04+0.00132869j,  7.60824281e-03-0.01962487j,
           -1.34097417e-01+0.13195623j,  8.60421815e-01-0.47311191j]],
         input_dims=(2, 2), output_dims=(2, 2))"
"Operator([[ 8.60421815e-01-0.47311191j,  5.17573063e-02+0.18087494j,
           -2.06130761e-02+0.00425699j, -3.72237781e-04-0.0013045j ],
          [ 5.17573063e-02+0.18087494j,  9.56148263e-01-0.05048357j,
            1.17880916e-02+0.21738299j, -2.06130761e-02+0.00425699j],
          [-2.06130761e-02+0.00425699j,  1.17880916e-02+0.21738299j,
            9.56148263e-01-0.05048357j,  5.17573063e-02+0.18087494j],
          [-3.72237781e-04-0.0013045j , -2.06130761e-02+0.00425699j,
            5.17573063e-02+0.18087494j,  8.60421815e-01-0.47311191j]],
         input_dims=(2, 2), output_dims=(2, 2))"
"Operator([[ 8.60421815e-01-0.47311191j,  1.85629982e-01+0.03059532j,
            1.63604534e-02+0.01324222j,  6.77113065e-04+0.0011755j ],
          [-1.41346898e-01+0.12415965j,  9.56148263e-01-0.05048357j,
            2.01530062e-01+0.08234049j,  1.63604534e-02+0.01324222j],
          [ 9.77618636e-03-0.01863993j, -1.91444277e-01+0.10365043j,
            9.56148263e-01-0.05048357j,  1.85629982e-01+0.03059532j],
          [ 4.51955918e-05+0.00135582j,  9.77618636e-03-0.01863993j,
           -1.41346898e-01+0.12415965j,  8.60421815e-01-0.47311191j]],
         input_dims=(2, 2), output_dims=(2, 2))"
"Operator([[ 8.60421815e-01-0.47311191j,  1.80665945e-01+0.05248219j,
            1.27651891e-02+0.01673532j,  2.22171000e-04+0.00133826j],
          [-1.25556433e-01+0.14010762j,  9.56148263e-01-0.05048357j,
            1.90291150e-01+0.10575255j,  1.27651891e-02+0.01673532j],
          [ 5.09129108e-03-0.02042302j, -1.77739569e-01+0.12570986j,
            9.56148263e-01-0.05048357j,  1.80665945e-01+0.05248219j],
          [ 5.17518964e-04+0.00125398j,  5.09129108e-03-0.02042302j,
           -1.25556433e-01+0.14010762j,  8.60421815e-01-0.47311191j]],
         input_dims=(2, 2), output_dims=(2, 2))"
"Operator([[ 8.60421815e-01-0.47311191j,  1.81585649e-01+0.04920585j,
            1.33621296e-02+0.01626267j,  2.94428425e-04+0.00132424j],
          [-1.28070055e-01+0.13781373j,  9.56148263e-01-0.05048357j,
            1.92172793e-01+0.1022934j ,  1.33621296e-02+0.01626267j],
          [ 5.82663147e-03-0.02022551j, -1.79984239e-01+0.12247447j,
            9.56148263e-01-0.05048357j,  1.81585649e-01+0.04920585j],
          [ 4.48743764e-04+0.0012802j ,  5.82663147e-03-0.02022551j,
           -1.28070055e-01+0.13781373j,  8.60421815e-01-0.47311191j]],
         input_dims=(2, 2), output_dims=(2, 2))"
