unitary
"Operator([[ 9.41366246e-01-3.14213578e-01j,
           -1.95879113e-02+1.20989753e-01j,
           -7.49529513e-03-4.57172316e-03j,
            2.69967932e-04-2.42307903e-04j],
          [ 6.07017531e-02+1.06477715e-01j,
            9.81660078e-01-3.43511799e-02j,
           -4.23969632e-02+1.35154351e-01j,
           -7.49529513e-03-4.57172316e-03j],
          [-6.05614116e-03+6.35635555e-03j,
            5.18381850e-02+1.31821863e-01j,
            9.81660078e-01-3.43511799e-02j,
           -1.95879113e-02+1.20989753e-01j],
          [-3.37656280e-04-1.32604829e-04j,
           -6.05614116e-03+6.35635555e-03j,
            6.07017531e-02+1.06477715e-01j,
            9.41366246e-01-3.14213578e-01j]],
         input_dims=(2, 2), output_dims=(2, 2))"
"Operator([[ 9.41366246e-01-0.31421358j,  2.17999268e-02+0.12061082j,
           -8.70437146e-03+0.00114631j, -6.44524569e-05-0.00035699j],
          [ 2.17999268e-02+0.12061082j,  9.81660078e-01-0.03435118j,
            5.00604995e-03+0.14155967j, -8.70437146e-03+0.00114631j],
          [-8.70437146e-03+0.00114631j,  5.00604995e-03+0.14155967j,
            9.81660078e-01-0.03435118j,  2.17999268e-02+0.12061082j],
          [-6.44524569e-05-0.00035699j, -8.70437146e-03+0.00114631j,
            2.17999268e-02+0.12061082j,  9.41366246e-01-0.31421358j]],
         input_dims=(2, 2), output_dims=(2, 2))"
"Operator([[ 9.41366246e-01-3.14213578e-01j,
            4.81033936e-02+1.12730964e-01j,
           -7.34401355e-03+4.81098397e-03j,
           -2.73044198e-04-2.38836074e-04j],
          [-5.59767825e-03+1.22437219e-01j,
            9.81660078e-01-3.43511799e-02j,
            3.63946193e-02+1.36892778e-01j,
           -7.34401355e-03+4.81098397e-03j],
          [-8.33916651e-03-2.74561536e-03j,
           -2.66337730e-02+1.39121684e-01j,
            9.81660078e-01-3.43511799e-02j,
            4.81033936e-02+1.12730964e-01j],
          [ 1.72287102e-04-3.19238091e-04j,
           -8.33916651e-03-2.74561536e-03j,
           -5.59767825e-03+1.22437219e-01j,
            9.41366246e-01-3.14213578e-01j]],
         input_dims=(2, 2), output_dims=(2, 2))"
"Operator([[ 9.41366246e-01-3.14213578e-01j,
            8.06644203e-02+9.22792390e-02j,
           -3.09944677e-03+8.21422738e-03j,
           -3.53504363e-04+8.14276932e-05j],
          [-4.32577781e-02+1.14677684e-01j,
            9.81660078e-01-3.43511799e-02j,
            7.70180583e-02+1.18879854e-01j,
           -3.09944677e-03+8.21422738e-03j],
          [-5.12040524e-03-7.13172854e-03j,
           -6.84281433e-02+1.24023345e-01j,
            9.81660078e-01-3.43511799e-02j,
            8.06644203e-02+9.22792390e-02j],
          [ 3.59660482e-04-4.73301377e-05j,
           -5.12040524e-03-7.13172854e-03j,
           -4.32577781e-02+1.14677684e-01j,
            9.41366246e-01-3.14213578e-01j]],
         input_dims=(2, 2), output_dims=(2, 2))"
"Operator([[ 9.41366246e-01-0.31421358j,  2.17999268e-02+0.12061082j,
           -8.70437146e-03+0.00114631j, -6.44524569e-05-0.00035699j],
          [ 2.17999268e-02+0.12061082j,  9.81660078e-01-0.03435118j,
            5.00604995e-03+0.14155967j, -8.70437146e-03+0.00114631j],
          [-8.70437146e-03+0.00114631j,  5.00604995e-03+0.14155967j,
            9.81660078e-01-0.03435118j,  2.17999268e-02+0.12061082j],
          [-6.44524569e-05-0.00035699j, -8.70437146e-03+0.00114631j,
            2.17999268e-02+0.12061082j,  9.41366246e-01-0.31421358j]],
         input_dims=(2, 2), output_dims=(2, 2))"
"Operator([[ 9.41366246e-01-0.31421358j,  2.17999268e-02+0.12061082j,
           -8.70437146e-03+0.00114631j, -6.44524569e-05-0.00035699j],
          [ 2.17999268e-02+0.12061082j,  9.81660078e-01-0.03435118j,
            5.00604995e-03+0.14155967j, -8.70437146e-03+0.00114631j],
          [-8.70437146e-03+0.00114631j,  5.00604995e-03+0.14155967j,
            9.81660078e-01-0.03435118j,  2.17999268e-02+0.12061082j],
          [-6.44524569e-05-0.00035699j, -8.70437146e-03+0.00114631j,
            2.17999268e-02+0.12061082j,  9.41366246e-01-0.31421358j]],
         input_dims=(2, 2), output_dims=(2, 2))"
"Operator([[ 9.41366246e-01-3.14213578e-01j,
            1.22218160e-01-9.21563780e-03j,
            8.75407112e-03+6.68087276e-04j,
            3.59603467e-04+4.77613944e-05j],
          [-1.17711255e-01+3.41506515e-02j,
            9.81660078e-01-3.43511799e-02j,
            1.41318810e-01+9.65375120e-03j,
            8.75407112e-03+6.68087276e-04j],
          [ 8.28263654e-03-2.91170630e-03j,
           -1.40283862e-01+1.96122163e-02j,
            9.81660078e-01-3.43511799e-02j,
            1.22218160e-01-9.21563780e-03j],
          [-3.20198393e-04+1.70495729e-04j,
            8.28263654e-03-2.91170630e-03j,
           -1.17711255e-01+3.41506515e-02j,
            9.41366246e-01-3.14213578e-01j]],
         input_dims=(2, 2), output_dims=(2, 2))"
