unitary
"Operator([[ 8.69959337e-01-0.45800519j, -1.77820795e-01-0.03736826j,
            1.42658515e-02+0.01343056j, -4.86754705e-04-0.00111575j],
          [ 1.33630267e-01-0.12312422j,  9.59166425e-01-0.04901741j,
           -1.91658671e-01-0.08639154j,  1.42658515e-02+0.01343056j],
          [ 8.03898635e-03-0.0178681j ,  1.81583962e-01-0.10594248j,
            9.59166425e-01-0.04901741j, -1.77820795e-01-0.03736826j],
          [-1.51376158e-04-0.00120786j,  8.03898635e-03-0.0178681j ,
            1.33630267e-01-0.12312422j,  8.69959337e-01-0.45800519j]],
         input_dims=(2, 2), output_dims=(2, 2))"
"Operator([[ 8.69959337e-01-0.45800519j,  4.82361054e-02+0.17518533j,
           -1.92166063e-02+0.00382314j, -3.22371794e-04-0.00117384j],
          [ 4.82361054e-02+0.17518533j,  9.59166425e-01-0.04901741j,
            1.09970339e-02+0.20994192j, -1.92166063e-02+0.00382314j],
          [-1.92166063e-02+0.00382314j,  1.09970339e-02+0.20994192j,
            9.59166425e-01-0.04901741j,  4.82361054e-02+0.17518533j],
          [-3.22371794e-04-0.00117384j, -1.92166063e-02+0.00382314j,
            4.82361054e-02+0.17518533j,  8.69959337e-01-0.45800519j]],
         input_dims=(2, 2), output_dims=(2, 2))"
"Operator([[ 8.69959337e-01-0.45800519j, -1.47572533e-01+0.10601401j,
            1.21034802e-02-0.01540779j, -2.89301415e-04+0.00118243j],
          [ 1.81039644e-01+0.01553285j,  9.59166425e-01-0.04901741j,
           -1.93089275e-01+0.08314492j,  1.21034802e-02-0.01540779j],
          [ 1.70791589e-02+0.00960191j,  2.00719222e-01+0.06251671j,
            9.59166425e-01-0.04901741j, -1.47572533e-01+0.10601401j],
          [ 8.52634056e-04+0.00086882j,  1.70791589e-02+0.00960191j,
            1.81039644e-01+0.01553285j,  8.69959337e-01-0.45800519j]],
         input_dims=(2, 2), output_dims=(2, 2))"
"Operator([[ 8.69959337e-01-0.45800519j, -9.77617817e-02+0.15316415j,
           -1.83174956e-03-0.01950741j,  9.53002417e-04+0.00075738j],
          [ 1.62384510e-01+0.08153461j,  9.59166425e-01-0.04901741j,
           -1.48513069e-01+0.14879655j, -1.83174956e-03-0.01950741j],
          [ 5.77419904e-03+0.01872306j,  1.63245981e-01+0.1324662j ,
            9.59166425e-01-0.04901741j, -9.77617817e-02+0.15316415j],
          [-4.32510191e-04+0.00113788j,  5.77419904e-03+0.01872306j,
            1.62384510e-01+0.08153461j,  8.69959337e-01-0.45800519j]],
         input_dims=(2, 2), output_dims=(2, 2))"
"Operator([[ 0.86995934-4.58005189e-01j, -0.05011986+1.74655724e-01j,
           -0.01218097-1.53466058e-02j,  0.00119438-2.35154769e-04j],
          [ 0.13245844+1.24384014e-01j,  0.95916643-4.90174130e-02j,
           -0.10001491+1.84915017e-01j, -0.01218097-1.53466058e-02j],
          [-0.0053795 +1.88402594e-02j,  0.11878674+1.73453899e-01j,
            0.95916643-4.90174130e-02j, -0.05011986+1.74655724e-01j],
          [-0.00114695+4.07842243e-04j, -0.0053795 +1.88402594e-02j,
            0.13245844+1.24384014e-01j,  0.86995934-4.58005189e-01j]],
         input_dims=(2, 2), output_dims=(2, 2))"
"Operator([[ 8.69959337e-01-4.58005189e-01j,
           -2.10381533e-02+1.80482736e-01j,
           -1.64630195e-02-1.06237169e-02j,
            9.42985119e-04-7.69811738e-04j],
          [ 1.10458311e-01+1.44276067e-01j,
            9.59166425e-01-4.90174130e-02j,
           -6.85994558e-02+1.98722570e-01j,
           -1.64630195e-02-1.06237169e-02j],
          [-1.11431624e-02+1.61159642e-02j,
            8.89857722e-02+1.90468048e-01j,
            9.59166425e-01-4.90174130e-02j,
           -2.10381533e-02+1.80482736e-01j],
          [-1.20389080e-03-1.80216521e-04j,
           -1.11431624e-02+1.61159642e-02j,
            1.10458311e-01+1.44276067e-01j,
            8.69959337e-01-4.58005189e-01j]],
         input_dims=(2, 2), output_dims=(2, 2))"
"Operator([[ 0.86995934-4.58005189e-01j, -0.02283991+1.80263586e-01j,
           -0.01624751-1.09504723e-02j,  0.00096563-7.41211992e-04j],
          [ 0.11189395+1.43165523e-01j,  0.95916643-4.90174130e-02j,
           -0.07058103+1.98027429e-01j, -0.01624751-1.09504723e-02j],
          [-0.010819  +1.63353508e-02j,  0.09088388+1.89569684e-01j,
            0.95916643-4.90174130e-02j, -0.02283991+1.80263586e-01j],
          [-0.00120875-1.44064121e-04j, -0.010819  +1.63353508e-02j,
            0.11189395+1.43165523e-01j,  0.86995934-4.58005189e-01j]],
         input_dims=(2, 2), output_dims=(2, 2))"
"Operator([[ 8.69959337e-01-0.45800519j, -8.93210803e-02+0.15823516j,
           -3.93139194e-03-0.01919475j,  1.06303608e-03+0.00059311j],
          [ 1.57729208e-01+0.09021152j,  9.59166425e-01-0.04901741j,
           -1.40234446e-01+0.15662326j, -3.93139194e-03-0.01919475j],
          [ 3.71477060e-03+0.01923785j,  1.55830367e-01+0.14111499j,
            9.59166425e-01-0.04901741j, -8.93210803e-02+0.15823516j],
          [-6.11004191e-04+0.00105286j,  3.71477060e-03+0.01923785j,
            1.57729208e-01+0.09021152j,  8.69959337e-01-0.45800519j]],
         input_dims=(2, 2), output_dims=(2, 2))"
"Operator([[ 8.69959337e-01-0.45800519j,  4.82361054e-02+0.17518533j,
           -1.92166063e-02+0.00382314j, -3.22371794e-04-0.00117384j],
          [ 4.82361054e-02+0.17518533j,  9.59166425e-01-0.04901741j,
            1.09970339e-02+0.20994192j, -1.92166063e-02+0.00382314j],
          [-1.92166063e-02+0.00382314j,  1.09970339e-02+0.20994192j,
            9.59166425e-01-0.04901741j,  4.82361054e-02+0.17518533j],
          [-3.22371794e-04-0.00117384j, -1.92166063e-02+0.00382314j,
            4.82361054e-02+0.17518533j,  8.69959337e-01-0.45800519j]],
         input_dims=(2, 2), output_dims=(2, 2))"
"Operator([[ 8.69959337e-01-0.45800519j, -1.78189572e-01-0.03556822j,
            1.45345403e-02+0.01313931j, -5.20373623e-04-0.00110047j],
          [ 1.34868469e-01-0.12176665j,  9.59166425e-01-0.04901741j,
           -1.92522465e-01-0.08444907j,  1.45345403e-02+0.01313931j],
          [ 8.39868907e-03-0.01770188j,  1.82645971e-01-0.10410089j,
            9.59166425e-01-0.04901741j, -1.78189572e-01-0.03556822j],
          [-1.14669908e-04-0.00121189j,  8.39868907e-03-0.01770188j,
            1.34868469e-01-0.12176665j,  8.69959337e-01-0.45800519j]],
         input_dims=(2, 2), output_dims=(2, 2))"
"Operator([[ 0.86995934-4.58005189e-01j, -0.02988684+1.79230017e-01j,
           -0.01533997-1.21893275e-02j,  0.00104592-6.22797158e-04j],
          [ 0.1174186 +1.38670452e-01j,  0.95916643-4.90174130e-02j,
           -0.07828745+1.95109253e-01j, -0.01533997-1.21893275e-02j],
          [-0.00950639+1.71325090e-02j,  0.09824324+1.85862344e-01j,
            0.95916643-4.90174130e-02j, -0.02988684+1.79230017e-01j],
          [-0.0012173 -1.24848532e-06j, -0.00950639+1.71325090e-02j,
            0.1174186 +1.38670452e-01j,  0.86995934-4.58005189e-01j]],
         input_dims=(2, 2), output_dims=(2, 2))"
"Operator([[ 0.86995934-4.58005189e-01j,  0.17251501-5.70543135e-02j,
            0.01873076-5.74918621e-03j,  0.00111143-4.96544506e-04j],
          [-0.17740522+3.92938740e-02j,  0.95916643-4.90174130e-02j,
            0.20911458-2.16249425e-02j,  0.01873076-5.74918621e-03j],
          [ 0.01950495-1.85780323e-03j, -0.21022947+3.40850034e-04j,
            0.95916643-4.90174130e-02j,  0.17251501-5.70543135e-02j],
          [-0.00120914+1.40752002e-04j,  0.01950495-1.85780323e-03j,
           -0.17740522+3.92938740e-02j,  0.86995934-4.58005189e-01j]],
         input_dims=(2, 2), output_dims=(2, 2))"
"Operator([[ 0.86995934-4.58005189e-01j,  0.17896681-3.14245537e-02j,
            0.01959279-1.30267541e-04j,  0.00121714+2.01867064e-05j],
          [-0.16982836+6.46138562e-02j,  0.95916643-4.90174130e-02j,
            0.2100396 +8.93942885e-03j,  0.01959279-1.30267541e-04j],
          [ 0.0181507 -7.37879526e-03j, -0.20795618+3.08345972e-02j,
            0.95916643-4.90174130e-02j,  0.17896681-3.14245537e-02j],
          [-0.00103611+6.38993868e-04j,  0.0181507 -7.37879526e-03j,
           -0.16982836+6.46138562e-02j,  0.86995934-4.58005189e-01j]],
         input_dims=(2, 2), output_dims=(2, 2))"
"Operator([[ 8.69959337e-01-0.45800519j,  4.82361054e-02+0.17518533j,
           -1.92166063e-02+0.00382314j, -3.22371794e-04-0.00117384j],
          [ 4.82361054e-02+0.17518533j,  9.59166425e-01-0.04901741j,
            1.09970339e-02+0.20994192j, -1.92166063e-02+0.00382314j],
          [-1.92166063e-02+0.00382314j,  1.09970339e-02+0.20994192j,
            9.59166425e-01-0.04901741j,  4.82361054e-02+0.17518533j],
          [-3.22371794e-04-0.00117384j, -1.92166063e-02+0.00382314j,
            4.82361054e-02+0.17518533j,  8.69959337e-01-0.45800519j]],
         input_dims=(2, 2), output_dims=(2, 2))"
