unitary
"Operator([[ 0.75140351-0.6097643j , -0.19902272+0.15008559j,
            0.02603654-0.02749015j, -0.00125384+0.00306035j],
          [ 0.24780565-0.02698314j,  0.92140335-0.0627214j ,
           -0.27240223+0.09648615j,  0.02603654-0.02749015j],
          [ 0.0365632 +0.00983576j,  0.28338165+0.05663386j,
            0.92140335-0.0627214j , -0.19902272+0.15008559j],
          [ 0.00300473+0.00138184j,  0.0365632 +0.00983576j,
            0.24780565-0.02698314j,  0.75140351-0.6097643j ]],
         input_dims=(2, 2), output_dims=(2, 2))"
"Operator([[ 7.51403505e-01-0.6097643j , -1.70661834e-01+0.18168728j,
            1.53403162e-02-0.03461625j,  4.05143273e-04+0.00328234j],
          [ 2.48790056e-01+0.01546727j,  9.21403351e-01-0.0627214j ,
           -2.52073903e-01+0.14131985j,  1.53403162e-02-0.03461625j],
          [ 3.11663571e-02+0.02150042j,  2.69657969e-01+0.10390925j,
            9.21403351e-01-0.0627214j , -1.70661834e-01+0.18168728j],
          [ 1.94335202e-03+0.00267605j,  3.11663571e-02+0.02150042j,
            2.48790056e-01+0.01546727j,  7.51403505e-01-0.6097643j ]],
         input_dims=(2, 2), output_dims=(2, 2))"
"Operator([[ 7.51403505e-01-0.6097643j , -1.82056136e-01+0.17026829j,
            1.96805927e-02-0.03234632j, -2.35829695e-04+0.00329883j],
          [ 2.49269526e-01-0.00065704j,  9.21403351e-01-0.0627214j ,
           -2.60686734e-01+0.12471961j,  1.96805927e-02-0.03234632j],
          [ 3.36810844e-02+0.01729724j,  2.75814235e-01+0.08624999j,
            9.21403351e-01-0.0627214j , -1.82056136e-01+0.17026829j],
          [ 2.42320046e-03+0.00225077j,  3.36810844e-02+0.01729724j,
            2.49269526e-01-0.00065704j,  7.51403505e-01-0.6097643j ]],
         input_dims=(2, 2), output_dims=(2, 2))"
"Operator([[ 0.75140351-0.6097643j ,  0.09183288+0.23173789j,
           -0.03644157+0.01027726j, -0.00121275-0.00307687j],
          [ 0.09183288+0.23173789j,  0.92140335-0.0627214j ,
            0.02066853+0.28824532j, -0.03644157+0.01027726j],
          [-0.03644157+0.01027726j,  0.02066853+0.28824532j,
            0.92140335-0.0627214j ,  0.09183288+0.23173789j],
          [-0.00121275-0.00307687j, -0.03644157+0.01027726j,
            0.09183288+0.23173789j,  0.75140351-0.6097643j ]],
         input_dims=(2, 2), output_dims=(2, 2))"
"Operator([[ 0.75140351-0.6097643j ,  0.09183288+0.23173789j,
           -0.03644157+0.01027726j, -0.00121275-0.00307687j],
          [ 0.09183288+0.23173789j,  0.92140335-0.0627214j ,
            0.02066853+0.28824532j, -0.03644157+0.01027726j],
          [-0.03644157+0.01027726j,  0.02066853+0.28824532j,
            0.92140335-0.0627214j ,  0.09183288+0.23173789j],
          [-0.00121275-0.00307687j, -0.03644157+0.01027726j,
            0.09183288+0.23173789j,  0.75140351-0.6097643j ]],
         input_dims=(2, 2), output_dims=(2, 2))"
"Operator([[ 7.51403505e-01-0.6097643j , -1.84604972e-01+0.16750144j,
            2.06478126e-02-0.03173764j, -3.84893324e-04+0.00328477j],
          [ 2.49231224e-01-0.00441876j,  9.21403351e-01-0.0627214j ,
           -2.62539227e-01+0.1207713j ,  2.06478126e-02-0.03173764j],
          [ 3.41877588e-02+0.0162729j ,  2.77084449e-01+0.08207778j,
            9.21403351e-01-0.0627214j , -1.84604972e-01+0.16750144j],
          [ 2.52258744e-03+0.00213879j,  3.41877588e-02+0.0162729j ,
            2.49231224e-01-0.00441876j,  7.51403505e-01-0.6097643j ]],
         input_dims=(2, 2), output_dims=(2, 2))"
"Operator([[ 0.75140351-0.6097643j ,  0.09183288+0.23173789j,
           -0.03644157+0.01027726j, -0.00121275-0.00307687j],
          [ 0.09183288+0.23173789j,  0.92140335-0.0627214j ,
            0.02066853+0.28824532j, -0.03644157+0.01027726j],
          [-0.03644157+0.01027726j,  0.02066853+0.28824532j,
            0.92140335-0.0627214j ,  0.09183288+0.23173789j],
          [-0.00121275-0.00307687j, -0.03644157+0.01027726j,
            0.09183288+0.23173789j,  0.75140351-0.6097643j ]],
         input_dims=(2, 2), output_dims=(2, 2))"
"Operator([[ 0.75140351-0.6097643j , -0.18772576-0.16399624j,
           -0.0128044 +0.03563225j,  0.00321935-0.00075739j],
          [ 0.02443249-0.24807012j,  0.92140335-0.0627214j ,
           -0.15032161-0.2468116j , -0.0128044 +0.03563225j],
          [-0.02953496-0.02369169j,  0.11356972-0.26573384j,
            0.92140335-0.0627214j , -0.18772576-0.16399624j],
          [-0.00287035+0.00164286j, -0.02953496-0.02369169j,
            0.02443249-0.24807012j,  0.75140351-0.6097643j ]],
         input_dims=(2, 2), output_dims=(2, 2))"
"Operator([[ 0.75140351-0.6097643j ,  0.09183288+0.23173789j,
           -0.03644157+0.01027726j, -0.00121275-0.00307687j],
          [ 0.09183288+0.23173789j,  0.92140335-0.0627214j ,
            0.02066853+0.28824532j, -0.03644157+0.01027726j],
          [-0.03644157+0.01027726j,  0.02066853+0.28824532j,
            0.92140335-0.0627214j ,  0.09183288+0.23173789j],
          [-0.00121275-0.00307687j, -0.03644157+0.01027726j,
            0.09183288+0.23173789j,  0.75140351-0.6097643j ]],
         input_dims=(2, 2), output_dims=(2, 2))"
"Operator([[ 7.51403505e-01-0.6097643j ,  2.48861899e-01-0.01426477j,
            3.53661552e-02+0.01352202j,  2.75791302e-03+0.00182532j],
          [-1.91080307e-01+0.16007512j,  9.21403351e-01-0.0627214j ,
            2.80111652e-01+0.07106346j,  3.53661552e-02+0.01352202j],
          [ 2.30898601e-02-0.03000781j, -2.67106936e-01+0.11030158j,
            9.21403351e-01-0.0627214j ,  2.48861899e-01-0.01426477j],
          [-7.70815297e-04+0.00321616j,  2.30898601e-02-0.03000781j,
           -1.91080307e-01+0.16007512j,  7.51403505e-01-0.6097643j ]],
         input_dims=(2, 2), output_dims=(2, 2))"
