unitary
"Operator([[ 0.57532448-0.74905336j,  0.15581789+0.28151575j,
           -0.06144206+0.02357565j, -0.00370673-0.00676778j],
          [ 0.15581789+0.28151575j,  0.8642233 -0.07169777j,
            0.0343219 +0.37274422j, -0.06144206+0.02357565j],
          [-0.06144206+0.02357565j,  0.0343219 +0.37274422j,
            0.8642233 -0.07169777j,  0.15581789+0.28151575j],
          [-0.00370673-0.00676778j, -0.06144206+0.02357565j,
            0.15581789+0.28151575j,  0.57532448-0.74905336j]],
         input_dims=(2, 2), output_dims=(2, 2))"
"Operator([[ 0.57532448-0.74905336j,  0.15581789+0.28151575j,
           -0.06144206+0.02357565j, -0.00370673-0.00676778j],
          [ 0.15581789+0.28151575j,  0.8642233 -0.07169777j,
            0.0343219 +0.37274422j, -0.06144206+0.02357565j],
          [-0.06144206+0.02357565j,  0.0343219 +0.37274422j,
            0.8642233 -0.07169777j,  0.15581789+0.28151575j],
          [-0.00370673-0.00676778j, -0.06144206+0.02357565j,
            0.15581789+0.28151575j,  0.57532448-0.74905336j]],
         input_dims=(2, 2), output_dims=(2, 2))"
"Operator([[ 0.57532448-0.74905336j,  0.3217397 -0.00372756j,
            0.05350397+0.03831792j,  0.00429348+0.00641161j],
          [-0.17399407+0.27065919j,  0.8642233 -0.07169777j,
            0.34446297+0.14649748j,  0.05350397+0.03831792j],
          [ 0.01413929-0.064273j  , -0.31191914+0.20693646j,
            0.8642233 -0.07169777j,  0.3217397 -0.00372756j],
          [ 0.00309066+0.00707041j,  0.01413929-0.064273j  ,
           -0.17399407+0.27065919j,  0.57532448-0.74905336j]],
         input_dims=(2, 2), output_dims=(2, 2))"
"Operator([[ 0.57532448-0.74905336j,  0.15581789+0.28151575j,
           -0.06144206+0.02357565j, -0.00370673-0.00676778j],
          [ 0.15581789+0.28151575j,  0.8642233 -0.07169777j,
            0.0343219 +0.37274422j, -0.06144206+0.02357565j],
          [-0.06144206+0.02357565j,  0.0343219 +0.37274422j,
            0.8642233 -0.07169777j,  0.15581789+0.28151575j],
          [-0.00370673-0.00676778j, -0.06144206+0.02357565j,
            0.15581789+0.28151575j,  0.57532448-0.74905336j]],
         input_dims=(2, 2), output_dims=(2, 2))"
"Operator([[ 0.57532448-0.74905336j,  0.32173545+0.00407803j,
            0.05158258+0.04086778j,  0.0038159 +0.00670684j],
          [-0.16737744+0.27480015j,  0.8642233 -0.07169777j,
            0.34080799+0.15481007j,  0.05158258+0.04086778j],
          [ 0.0110054 -0.06488312j, -0.30680766+0.21444185j,
            0.8642233 -0.07169777j,  0.32173545+0.00407803j],
          [ 0.0035966 +0.00682695j,  0.0110054 -0.06488312j,
           -0.16737744+0.27480015j,  0.57532448-0.74905336j]],
         input_dims=(2, 2), output_dims=(2, 2))"
