unitary
"Operator([[ 9.32123565e-01-0.3371526j ,  1.20845327e-01+0.05259775j,
            4.92590433e-03+0.00889922j, -2.09233159e-05+0.00045226j],
          [-9.22244766e-02+0.09415286j,  9.78758589e-01-0.03676126j,
            1.28652006e-01+0.08158014j,  4.92590433e-03+0.00889922j],
          [ 2.25469124e-03-0.00991851j, -1.22085631e-01+0.09111398j,
            9.78758589e-01-0.03676126j,  1.20845327e-01+0.05259775j],
          [ 1.89135356e-04+0.00041135j,  2.25469124e-03-0.00991851j,
           -9.22244766e-02+0.09415286j,  9.32123565e-01-0.3371526j ]],
         input_dims=(2, 2), output_dims=(2, 2))"
"Operator([[ 9.32123565e-01-3.37152602e-01j,
            1.30316134e-01+1.96931762e-02j,
            8.70228200e-03+5.26600974e-03j,
            3.03732978e-04+3.35748041e-04j],
          [-1.13365688e-01+6.72185736e-02j,
            9.78758589e-01-3.67612587e-02j,
            1.45325160e-01+4.56864929e-02j,
            8.70228200e-03+5.26600974e-03j],
          [ 6.89299135e-03-7.47978883e-03j,
           -1.41436282e-01+5.65900679e-02j,
            9.78758589e-01-3.67612587e-02j,
            1.30316134e-01+1.96931762e-02j],
          [-1.55517859e-04+4.25199559e-04j,
            6.89299135e-03-7.47978883e-03j,
           -1.13365688e-01+6.72185736e-02j,
            9.32123565e-01-3.37152602e-01j]],
         input_dims=(2, 2), output_dims=(2, 2))"
"Operator([[ 9.32123565e-01-3.37152602e-01j,
            1.31311119e-01-1.12918583e-02j,
            1.01447249e-02+7.38327018e-04j,
            4.49036715e-04+5.78489243e-05j],
          [-1.25930940e-01+3.88781993e-02j,
            9.78758589e-01-3.67612587e-02j,
            1.51976648e-01+1.04764500e-02j,
            1.01447249e-02+7.38327018e-04j],
          [ 9.53848744e-03-3.53239692e-03j,
           -1.50742294e-01+2.19867795e-02j,
            9.78758589e-01-3.67612587e-02j,
            1.31311119e-01-1.12918583e-02j],
          [-3.94499282e-04+2.22150367e-04j,
            9.53848744e-03-3.53239692e-03j,
           -1.25930940e-01+3.88781993e-02j,
            9.32123565e-01-3.37152602e-01j]],
         input_dims=(2, 2), output_dims=(2, 2))"
"Operator([[ 9.32123565e-01-3.37152602e-01j,
            1.23842907e-01-4.50893580e-02j,
            9.14064777e-03-4.46196471e-03j,
            3.57102300e-04-2.78313521e-04j],
          [-1.31710065e-01+4.75127637e-03j,
            9.78758589e-01-3.67612587e-02j,
            1.49463159e-01-2.94520275e-02j,
            9.14064777e-03-4.46196471e-03j],
          [ 1.00212969e-02+1.74188976e-03j,
           -1.51268091e-01-1.80172763e-02j,
            9.78758589e-01-3.67612587e-02j,
            1.23842907e-01-4.50893580e-02j],
          [-4.35452450e-04-1.23942055e-04j,
            1.00212969e-02+1.74188976e-03j,
           -1.31710065e-01+4.75127637e-03j,
            9.32123565e-01-3.37152602e-01j]],
         input_dims=(2, 2), output_dims=(2, 2))"
"Operator([[ 9.32123565e-01-0.3371526j ,  2.52288575e-02+0.1293585j ,
           -1.00705999e-02+0.00142954j, -8.65582110e-05-0.0004444j ],
          [ 2.52288575e-02+0.1293585j ,  9.78758589e-01-0.03676126j,
            5.78816283e-03+0.15222731j, -1.00705999e-02+0.00142954j],
          [-1.00705999e-02+0.00142954j,  5.78816283e-03+0.15222731j,
            9.78758589e-01-0.03676126j,  2.52288575e-02+0.1293585j ],
          [-8.65582110e-05-0.0004444j , -1.00705999e-02+0.00142954j,
            2.52288575e-02+0.1293585j ,  9.32123565e-01-0.3371526j ]],
         input_dims=(2, 2), output_dims=(2, 2))"
"Operator([[ 9.32123565e-01-3.37152602e-01j,
            4.69691978e-02-1.23142236e-01j,
           -5.72482885e-03-8.40755049e-03j,
           -4.50826397e-04+4.16656792e-05j],
          [-8.97999169e-02-9.64680821e-02j,
            9.78758589e-01-3.67612587e-02j,
            7.55607673e-02-1.32277088e-01j,
           -5.72482885e-03-8.40755049e-03j],
          [-3.15888298e-03+9.66861050e-03j,
           -8.53872597e-02-1.26157337e-01j,
            9.78758589e-01-3.67612587e-02j,
            4.69691978e-02-1.23142236e-01j],
          [ 4.33507490e-04-1.30582255e-04j,
           -3.15888298e-03+9.66861050e-03j,
           -8.97999169e-02-9.64680821e-02j,
            9.32123565e-01-3.37152602e-01j]],
         input_dims=(2, 2), output_dims=(2, 2))"
"Operator([[ 9.32123565e-01-3.37152602e-01j,
           -1.44486334e-02-1.31001347e-01j,
           -1.01685004e-02-2.49340944e-04j,
           -2.53045828e-05+4.52039984e-04j],
          [-3.58363702e-02-1.26830085e-01j,
            9.78758589e-01-3.67612587e-02j,
            6.81604782e-03-1.52184753e-01j,
           -1.01685004e-02-2.49340944e-04j],
          [-9.69740655e-03+3.06934469e-03j,
           -1.83527489e-02-1.51227756e-01j,
            9.78758589e-01-3.67612587e-02j,
           -1.44486334e-02-1.31001347e-01j],
          [ 1.93112281e-04+4.09497394e-04j,
           -9.69740655e-03+3.06934469e-03j,
           -3.58363702e-02-1.26830085e-01j,
            9.32123565e-01-3.37152602e-01j]],
         input_dims=(2, 2), output_dims=(2, 2))"
"Operator([[ 9.32123565e-01-0.3371526j , -4.54504893e-02-0.12371083j,
           -9.11445586e-03+0.00451523j,  2.81428463e-04+0.00035465j],
          [-4.36697975e-03-0.13172337j,  9.78758589e-01-0.03676126j,
           -2.98879748e-02-0.14937659j, -9.11445586e-03+0.00451523j],
          [-1.00109620e-02-0.00180034j,  1.84585384e-02-0.15121488j,
            9.78758589e-01-0.03676126j, -4.54504893e-02-0.12371083j],
          [-1.27748683e-04+0.00043435j, -1.00109620e-02-0.00180034j,
           -4.36697975e-03-0.13172337j,  9.32123565e-01-0.3371526j ]],
         input_dims=(2, 2), output_dims=(2, 2))"
"Operator([[ 9.32123565e-01-3.37152602e-01j,
           -6.18634378e-02-1.16374529e-01j,
           -7.55932793e-03+6.80566910e-03j,
            3.99373826e-04+2.13262787e-04j],
          [ 1.35998720e-02-1.31092179e-01j,
            9.78758589e-01-3.67612587e-02j,
           -4.99385615e-02-1.43919414e-01j,
           -7.55932793e-03+6.80566910e-03j],
          [-9.15469030e-03-4.43308202e-03j,
            3.88656314e-02-1.47296030e-01j,
            9.78758589e-01-3.67612587e-02j,
           -6.18634378e-02-1.16374529e-01j],
          [-2.90137685e-04+3.47563796e-04j,
           -9.15469030e-03-4.43308202e-03j,
            1.35998720e-02-1.31092179e-01j,
            9.32123565e-01-3.37152602e-01j]],
         input_dims=(2, 2), output_dims=(2, 2))"
"Operator([[ 9.32123565e-01-0.3371526j ,  2.52288575e-02+0.1293585j ,
           -1.00705999e-02+0.00142954j, -8.65582110e-05-0.0004444j ],
          [ 2.52288575e-02+0.1293585j ,  9.78758589e-01-0.03676126j,
            5.78816283e-03+0.15222731j, -1.00705999e-02+0.00142954j],
          [-1.00705999e-02+0.00142954j,  5.78816283e-03+0.15222731j,
            9.78758589e-01-0.03676126j,  2.52288575e-02+0.1293585j ],
          [-8.65582110e-05-0.0004444j , -1.00705999e-02+0.00142954j,
            2.52288575e-02+0.1293585j ,  9.32123565e-01-0.3371526j ]],
         input_dims=(2, 2), output_dims=(2, 2))"
"Operator([[ 9.32123565e-01-0.3371526j ,  2.52288575e-02+0.1293585j ,
           -1.00705999e-02+0.00142954j, -8.65582110e-05-0.0004444j ],
          [ 2.52288575e-02+0.1293585j ,  9.78758589e-01-0.03676126j,
            5.78816283e-03+0.15222731j, -1.00705999e-02+0.00142954j],
          [-1.00705999e-02+0.00142954j,  5.78816283e-03+0.15222731j,
            9.78758589e-01-0.03676126j,  2.52288575e-02+0.1293585j ],
          [-8.65582110e-05-0.0004444j , -1.00705999e-02+0.00142954j,
            2.52288575e-02+0.1293585j ,  9.32123565e-01-0.3371526j ]],
         input_dims=(2, 2), output_dims=(2, 2))"
"Operator([[ 9.32123565e-01-3.37152602e-01j,
           -4.43579611e-02+1.24106757e-01j,
           -6.07477687e-03-8.15828760e-03j,
            4.47283286e-04-7.01293908e-05j],
          [ 8.77424840e-02+9.83431361e-02j,
            9.78758589e-01-3.67612587e-02j,
           -7.27502255e-02+1.33843425e-01j,
           -6.07477687e-03-8.15828760e-03j],
          [-3.56437531e-03+9.52658382e-03j,
            8.27037751e-02+1.27932573e-01j,
            9.78758589e-01-3.67612587e-02j,
           -4.43579611e-02+1.24106757e-01j],
          [-4.40906257e-04+1.02869537e-04j,
           -3.56437531e-03+9.52658382e-03j,
            8.77424840e-02+9.83431361e-02j,
            9.32123565e-01-3.37152602e-01j]],
         input_dims=(2, 2), output_dims=(2, 2))"
"Operator([[ 9.32123565e-01-0.3371526j ,  2.52288575e-02+0.1293585j ,
           -1.00705999e-02+0.00142954j, -8.65582110e-05-0.0004444j ],
          [ 2.52288575e-02+0.1293585j ,  9.78758589e-01-0.03676126j,
            5.78816283e-03+0.15222731j, -1.00705999e-02+0.00142954j],
          [-1.00705999e-02+0.00142954j,  5.78816283e-03+0.15222731j,
            9.78758589e-01-0.03676126j,  2.52288575e-02+0.1293585j ],
          [-8.65582110e-05-0.0004444j , -1.00705999e-02+0.00142954j,
            2.52288575e-02+0.1293585j ,  9.32123565e-01-0.3371526j ]],
         input_dims=(2, 2), output_dims=(2, 2))"
