unitary
"Operator([[-1.54237267e-04-0.86654891j,  1.00164906e-01+0.45846538j,
           -1.29391292e-01-0.10490899j,  2.98154668e-02-0.01524771j],
          [ 4.68297667e-01+0.03034476j,  6.63892045e-01-0.04981138j,
           -2.75207594e-01+0.48275817j, -1.29391292e-01-0.10490899j],
          [ 5.39622833e-02+0.15759465j,  3.87979256e-01+0.39782756j,
            6.63892045e-01-0.04981138j,  1.00164906e-01+0.45846538j],
          [-1.20064400e-02+0.0312618j ,  5.39622833e-02+0.15759465j,
            4.68297667e-01+0.03034476j, -1.54237267e-04-0.86654891j]],
         input_dims=(2, 2), output_dims=(2, 2))"
"Operator([[-1.54237267e-04-0.86654891j,  3.55821921e-01+0.30596449j,
           -1.36562893e-01+0.09538647j, -2.49012830e-02-0.02239153j],
          [ 3.55821921e-01+0.30596449j,  6.63892045e-01-0.04981138j,
            7.05879882e-02+0.55119144j, -1.36562893e-01+0.09538647j],
          [-1.36562893e-01+0.09538647j,  7.05879882e-02+0.55119144j,
            6.63892045e-01-0.04981138j,  3.55821921e-01+0.30596449j],
          [-2.49012830e-02-0.02239153j, -1.36562893e-01+0.09538647j,
            3.55821921e-01+0.30596449j, -1.54237267e-04-0.86654891j]],
         input_dims=(2, 2), output_dims=(2, 2))"
"Operator([[-1.54237267e-04-0.86654891j,  3.55821921e-01+0.30596449j,
           -1.36562893e-01+0.09538647j, -2.49012830e-02-0.02239153j],
          [ 3.55821921e-01+0.30596449j,  6.63892045e-01-0.04981138j,
            7.05879882e-02+0.55119144j, -1.36562893e-01+0.09538647j],
          [-1.36562893e-01+0.09538647j,  7.05879882e-02+0.55119144j,
            6.63892045e-01-0.04981138j,  3.55821921e-01+0.30596449j],
          [-2.49012830e-02-0.02239153j, -1.36562893e-01+0.09538647j,
            3.55821921e-01+0.30596449j, -1.54237267e-04-0.86654891j]],
         input_dims=(2, 2), output_dims=(2, 2))"
