unitary
"Operator([[ 9.85214685e-01-1.59807648e-01j,
            5.54515511e-02+2.70887044e-02j,
            1.15062646e-03+1.88174147e-03j,
            1.31465791e-06+4.54826716e-05j],
          [-4.97559639e-02+3.65104981e-02j,
            9.95385996e-01-1.76857145e-02j,
            6.16447571e-02+3.57815769e-02j,
            1.15062646e-03+1.88174147e-03j],
          [ 8.95066287e-04-2.01587414e-03j,
           -6.03312659e-02+3.79543895e-02j,
            9.95385996e-01-1.76857145e-02j,
            5.54515511e-02+2.70887044e-02j],
          [ 6.78560346e-06+4.49928586e-05j,
            8.95066287e-04-2.01587414e-03j,
           -4.97559639e-02+3.65104981e-02j,
            9.85214685e-01-1.59807648e-01j]],
         input_dims=(2, 2), output_dims=(2, 2))"
"Operator([[ 9.85214685e-01-1.59807648e-01j,
            5.84367105e-02+1.98449815e-02j,
            1.58665979e-03+1.53212366e-03j,
            1.81376312e-05+4.17304215e-05j],
          [-5.39807142e-02+2.99124543e-02j,
            9.95385996e-01-1.76857145e-02j,
            6.56813535e-02+2.76831562e-02j,
            1.58665979e-03+1.53212366e-03j],
          [ 1.37301793e-03-1.72618480e-03j,
           -6.46537312e-02+3.00048724e-02j,
            9.95385996e-01-1.76857145e-02j,
            5.84367105e-02+1.98449815e-02j],
          [-1.04363562e-05+4.42886465e-05j,
            1.37301793e-03-1.72618480e-03j,
           -5.39807142e-02+2.99124543e-02j,
            9.85214685e-01-1.59807648e-01j]],
         input_dims=(2, 2), output_dims=(2, 2))"
"Operator([[ 9.85214685e-01-1.59807648e-01j,
            6.02711956e-02+1.32685870e-02j,
            1.88434764e-03+1.14635342e-03j,
            3.07505521e-05+3.35381169e-05j],
          [-5.69545267e-02+2.37666639e-02j,
            9.95385996e-01-1.76857145e-02j,
            6.83373144e-02+2.02585485e-02j,
            1.88434764e-03+1.14635342e-03j],
          [ 1.71852915e-03-1.38258806e-03j,
           -6.75724389e-02+2.26795687e-02j,
            9.95385996e-01-1.76857145e-02j,
            6.02711956e-02+1.32685870e-02j],
          [-2.43039319e-05+3.84671371e-05j,
            1.71852915e-03-1.38258806e-03j,
           -5.69545267e-02+2.37666639e-02j,
            9.85214685e-01-1.59807648e-01j]],
         input_dims=(2, 2), output_dims=(2, 2))"
"Operator([[ 9.85214685e-01-1.59807648e-01j,
            6.12444756e-02+7.60175209e-03j,
            2.06415417e-03+7.77277145e-04j,
            3.88120563e-05+2.37492322e-05j],
          [-5.89192239e-02+1.83629377e-02j,
            9.95385996e-01-1.76857145e-02j,
            6.99261197e-02+1.38106884e-02j,
            2.06415417e-03+7.77277145e-04j],
          [ 1.94498850e-03-1.04014996e-03j,
           -6.93898804e-02+1.62923855e-02j,
            9.95385996e-01-1.76857145e-02j,
            6.12444756e-02+7.60175209e-03j],
          [-3.39760852e-05+3.02659442e-05j,
            1.94498850e-03-1.04014996e-03j,
           -5.89192239e-02+1.83629377e-02j,
            9.85214685e-01-1.59807648e-01j]],
         input_dims=(2, 2), output_dims=(2, 2))"
"Operator([[ 9.85214685e-01-1.59807648e-01j,
            5.50476864e-03+6.14684467e-02j,
           -2.20092402e-03+1.44310927e-04j,
           -4.05752853e-06-4.53203950e-05j],
          [ 5.50476864e-03+6.14684467e-02j,
            9.95385996e-01-1.76857145e-02j,
            1.26948548e-03+7.12656000e-02j,
           -2.20092402e-03+1.44310927e-04j],
          [-2.20092402e-03+1.44310927e-04j,
            1.26948548e-03+7.12656000e-02j,
            9.95385996e-01-1.76857145e-02j,
            5.50476864e-03+6.14684467e-02j],
          [-4.05752853e-06-4.53203950e-05j,
           -2.20092402e-03+1.44310927e-04j,
            5.50476864e-03+6.14684467e-02j,
            9.85214685e-01-1.59807648e-01j]],
         input_dims=(2, 2), output_dims=(2, 2))"
"Operator([[ 9.85214685e-01-1.59807648e-01j,
            6.17093519e-02-7.92662659e-04j,
            2.19721795e-03+1.92679735e-04j,
            4.50556952e-05+6.35500375e-06j],
          [-6.08682539e-02+1.01846988e-02j,
            9.95385996e-01-1.76857145e-02j,
            7.11543087e-02+4.17871794e-03j,
            2.19721795e-03+1.92679735e-04j],
          [ 2.15324702e-03-4.77932486e-04j,
           -7.09603384e-02+6.71026865e-03j,
            9.95385996e-01-1.76857145e-02j,
            6.17093519e-02-7.92662659e-04j],
          [-4.32102658e-05+1.42574427e-05j,
            2.15324702e-03-4.77932486e-04j,
           -6.08682539e-02+1.01846988e-02j,
            9.85214685e-01-1.59807648e-01j]],
         input_dims=(2, 2), output_dims=(2, 2))"
"Operator([[ 9.85214685e-01-1.59807648e-01j,
            5.50476864e-03+6.14684467e-02j,
           -2.20092402e-03+1.44310927e-04j,
           -4.05752853e-06-4.53203950e-05j],
          [ 5.50476864e-03+6.14684467e-02j,
            9.95385996e-01-1.76857145e-02j,
            1.26948548e-03+7.12656000e-02j,
           -2.20092402e-03+1.44310927e-04j],
          [-2.20092402e-03+1.44310927e-04j,
            1.26948548e-03+7.12656000e-02j,
            9.95385996e-01-1.76857145e-02j,
            5.50476864e-03+6.14684467e-02j],
          [-4.05752853e-06-4.53203950e-05j,
           -2.20092402e-03+1.44310927e-04j,
            5.50476864e-03+6.14684467e-02j,
            9.85214685e-01-1.59807648e-01j]],
         input_dims=(2, 2), output_dims=(2, 2))"
"Operator([[ 9.85214685e-01-1.59807648e-01j,
            6.15061901e-02-5.06566904e-03j,
            2.20276060e-03-1.12862477e-04j,
            4.53969159e-05-3.08573571e-06j],
          [-6.14275686e-02+5.94358751e-03j,
            9.95385996e-01-1.76857145e-02j,
            7.12728484e-02-7.60530316e-04j,
            2.20276060e-03-1.12862477e-04j],
          [ 2.19863848e-03-1.75729938e-04j,
           -7.12547171e-02+1.77837590e-03j,
            9.95385996e-01-1.76857145e-02j,
            6.15061901e-02-5.06566904e-03j],
          [-4.52230737e-05+5.02745909e-06j,
            2.19863848e-03-1.75729938e-04j,
           -6.14275686e-02+5.94358751e-03j,
            9.85214685e-01-1.59807648e-01j]],
         input_dims=(2, 2), output_dims=(2, 2))"
"Operator([[ 9.85214685e-01-1.59807648e-01j,
            6.15082194e-02-5.04096876e-03j,
            2.20285054e-03-1.11093256e-04j,
            4.54006005e-05-3.03104152e-06j],
          [-6.14251768e-02+5.96825533e-03j,
            9.95385996e-01-1.76857145e-02j,
            7.12731481e-02-7.31908252e-04j,
            2.20285054e-03-1.11093256e-04j],
          [ 2.19849663e-03-1.77495756e-04j,
           -7.12539972e-02+1.80699047e-03j,
            9.95385996e-01-1.76857145e-02j,
            6.15082194e-02-5.04096876e-03j],
          [-4.52169841e-05+5.08193795e-06j,
            2.19849663e-03-1.77495756e-04j,
           -6.14251768e-02+5.96825533e-03j,
            9.85214685e-01-1.59807648e-01j]],
         input_dims=(2, 2), output_dims=(2, 2))"
"Operator([[ 9.85214685e-01-1.59807648e-01j,
            6.16210578e-02-3.39376680e-03j,
            2.20563933e-03+6.87987107e-06j,
            4.54974602e-05+6.18755541e-07j],
          [-6.12435387e-02+7.60929597e-03j,
            9.95385996e-01-1.76857145e-02j,
            7.12672209e-02+1.17497190e-03j,
            2.20563933e-03+6.87987107e-06j],
          [ 2.18585718e-03-2.94822992e-04j,
           -7.11801591e-02+3.71244973e-03j,
            9.95385996e-01-1.76857145e-02j,
            6.16210578e-02-3.39376680e-03j],
          [-4.46639685e-05+8.69089544e-06j,
            2.18585718e-03-2.94822992e-04j,
           -6.12435387e-02+7.60929597e-03j,
            9.85214685e-01-1.59807648e-01j]],
         input_dims=(2, 2), output_dims=(2, 2))"
"Operator([[ 9.85214685e-01-1.59807648e-01j,
            6.17133279e-02-3.70919492e-04j,
            2.19437921e-03+2.22692820e-04j,
            4.49159430e-05+7.27734894e-06j],
          [-6.07972298e-02+1.06004375e-02j,
            9.95385996e-01-1.76857145e-02j,
            7.11240895e-02+4.66489230e-03j,
            2.19437921e-03+2.22692820e-04j],
          [ 2.14651362e-03-5.07317941e-04j,
           -7.09128230e-02+7.19505829e-03j,
            9.95385996e-01-1.76857145e-02j,
            6.17133279e-02-3.70919492e-04j],
          [-4.29088946e-05+1.51402942e-05j,
            2.14651362e-03-5.07317941e-04j,
           -6.07972298e-02+1.06004375e-02j,
            9.85214685e-01-1.59807648e-01j]],
         input_dims=(2, 2), output_dims=(2, 2))"
"Operator([[ 9.85214685e-01-1.59807648e-01j,
            5.50476864e-03+6.14684467e-02j,
           -2.20092402e-03+1.44310927e-04j,
           -4.05752853e-06-4.53203950e-05j],
          [ 5.50476864e-03+6.14684467e-02j,
            9.95385996e-01-1.76857145e-02j,
            1.26948548e-03+7.12656000e-02j,
           -2.20092402e-03+1.44310927e-04j],
          [-2.20092402e-03+1.44310927e-04j,
            1.26948548e-03+7.12656000e-02j,
            9.95385996e-01-1.76857145e-02j,
            5.50476864e-03+6.14684467e-02j],
          [-4.05752853e-06-4.53203950e-05j,
           -2.20092402e-03+1.44310927e-04j,
            5.50476864e-03+6.14684467e-02j,
            9.85214685e-01-1.59807648e-01j]],
         input_dims=(2, 2), output_dims=(2, 2))"
"Operator([[ 9.85214685e-01-1.59807648e-01j,
            6.14703813e-02+5.48312377e-03j,
            2.11286471e-03+6.33004654e-04j,
            4.10595402e-05+1.96090771e-05j],
          [-5.95179807e-02+1.63181615e-02j,
            9.95385996e-01-1.76857145e-02j,
            7.03611778e-02+1.13886781e-02j,
            2.11286471e-03+6.33004654e-04j],
          [ 2.01212043e-03-9.03473068e-04j,
           -6.99109238e-02+1.38874067e-02j,
            9.95385996e-01-1.76857145e-02j,
            6.14703813e-02+5.48312377e-03j],
          [-3.69232658e-05+2.65908666e-05j,
            2.01212043e-03-9.03473068e-04j,
           -5.95179807e-02+1.63181615e-02j,
            9.85214685e-01-1.59807648e-01j]],
         input_dims=(2, 2), output_dims=(2, 2))"
"Operator([[ 9.85214685e-01-1.59807648e-01j,
            5.50476864e-03+6.14684467e-02j,
           -2.20092402e-03+1.44310927e-04j,
           -4.05752853e-06-4.53203950e-05j],
          [ 5.50476864e-03+6.14684467e-02j,
            9.95385996e-01-1.76857145e-02j,
            1.26948548e-03+7.12656000e-02j,
           -2.20092402e-03+1.44310927e-04j],
          [-2.20092402e-03+1.44310927e-04j,
            1.26948548e-03+7.12656000e-02j,
            9.95385996e-01-1.76857145e-02j,
            5.50476864e-03+6.14684467e-02j],
          [-4.05752853e-06-4.53203950e-05j,
           -2.20092402e-03+1.44310927e-04j,
            5.50476864e-03+6.14684467e-02j,
            9.85214685e-01-1.59807648e-01j]],
         input_dims=(2, 2), output_dims=(2, 2))"
