unitary
"Operator([[ 8.49807622e-01-0.48915947j,  5.56732257e-02+0.18690713j,
           -2.21650333e-02+0.00475873j, -4.32099984e-04-0.00145507j],
          [ 5.56732257e-02+0.18690713j,  9.52785453e-01-0.05202104j,
            1.26658519e-02+0.2253565j , -2.21650333e-02+0.00475873j],
          [-2.21650333e-02+0.00475873j,  1.26658519e-02+0.2253565j ,
            9.52785453e-01-0.05202104j,  5.56732257e-02+0.18690713j],
          [-4.32099984e-04-0.00145507j, -2.21650333e-02+0.00475873j,
            5.56732257e-02+0.18690713j,  8.49807622e-01-0.48915947j]],
         input_dims=(2, 2), output_dims=(2, 2))"
"Operator([[ 8.49807622e-01-0.48915947j,  1.06202498e-01-0.16356898j,
           -1.16800072e-03-0.02264001j, -1.12433227e-03-0.00101971j],
          [-1.78395053e-01-0.07879713j,  9.52785453e-01-0.05202104j,
            1.63359564e-01-0.15575502j, -1.16800072e-03-0.02264001j],
          [ 8.22797683e-03+0.02112426j, -1.79783621e-01-0.13646913j,
            9.52785453e-01-0.05202104j,  1.06202498e-01-0.16356898j],
          [ 3.85549854e-04-0.00146809j,  8.22797683e-03+0.02112426j,
           -1.78395053e-01-0.07879713j,  8.49807622e-01-0.48915947j]],
         input_dims=(2, 2), output_dims=(2, 2))"
"Operator([[ 0.84980762-4.89159468e-01j,  0.08071417-1.77535925e-01j,
           -0.00777101-2.12966109e-02j, -0.00145487-4.32782644e-04j],
          [-0.16470347-1.04434422e-01j,  0.95278545-5.20210443e-02j,
            0.13839779-1.78303188e-01j, -0.00777101-2.12966109e-02j],
          [ 0.00165544+2.26095925e-02j, -0.15750564-1.61672342e-01j,
            0.95278545-5.20210443e-02j,  0.08071417-1.77535925e-01j],
          [ 0.00098285-1.15669224e-03j,  0.00165544+2.26095925e-02j,
           -0.16470347-1.04434422e-01j,  0.84980762-4.89159468e-01j]],
         input_dims=(2, 2), output_dims=(2, 2))"
"Operator([[ 8.49807622e-01-0.48915947j,  5.56732257e-02+0.18690713j,
           -2.21650333e-02+0.00475873j, -4.32099984e-04-0.00145507j],
          [ 5.56732257e-02+0.18690713j,  9.52785453e-01-0.05202104j,
            1.26658519e-02+0.2253565j , -2.21650333e-02+0.00475873j],
          [-2.21650333e-02+0.00475873j,  1.26658519e-02+0.2253565j ,
            9.52785453e-01-0.05202104j,  5.56732257e-02+0.18690713j],
          [-4.32099984e-04-0.00145507j, -2.21650333e-02+0.00475873j,
            5.56732257e-02+0.18690713j,  8.49807622e-01-0.48915947j]],
         input_dims=(2, 2), output_dims=(2, 2))"
"Operator([[ 0.84980762-4.89159468e-01j, -0.15209412-1.22070312e-01j,
           -0.00337342+2.24177213e-02j,  0.00130748-7.70998217e-04j],
          [ 0.06050992-1.85397767e-01j,  0.95278545-5.20210443e-02j,
           -0.13858767-1.78155640e-01j, -0.00337342+2.24177213e-02j],
          [-0.01227794-1.90574518e-02j,  0.11775195-1.92562856e-01j,
            0.95278545-5.20210443e-02j, -0.15209412-1.22070312e-01j],
          [-0.00151637+6.75760326e-05j, -0.01227794-1.90574518e-02j,
            0.06050992-1.85397767e-01j,  0.84980762-4.89159468e-01j]],
         input_dims=(2, 2), output_dims=(2, 2))"
"Operator([[ 8.49807622e-01-0.48915947j,  1.11595640e-02+0.19470297j,
           -2.19484096e-02-0.00567464j,  6.02345009e-04-0.00139324j],
          [ 9.71974882e-02+0.16907522j,  9.52785453e-01-0.05202104j,
           -3.95427523e-02+0.22222139j, -2.19484096e-02-0.00567464j],
          [-1.76849171e-02+0.01418372j,  6.41943575e-02+0.21639099j,
            9.52785453e-01-0.05202104j,  1.11595640e-02+0.19470297j],
          [-1.26513682e-03-0.00083867j, -1.76849171e-02+0.01418372j,
            9.71974882e-02+0.16907522j,  8.49807622e-01-0.48915947j]],
         input_dims=(2, 2), output_dims=(2, 2))"
"Operator([[ 0.84980762-4.89159468e-01j, -0.00871306+1.94827783e-01j,
           -0.02034477-1.00012238e-02j,  0.00099388-1.14722757e-03j],
          [ 0.11389943+1.58305727e-01j,  0.95278545-5.20210443e-02j,
           -0.06195265+2.17043414e-01j, -0.02034477-1.00012238e-02j],
          [-0.01444667+1.74707767e-02j,  0.08588291+2.08734520e-01j,
            0.95278545-5.20210443e-02j, -0.00871306+1.94827783e-01j],
          [-0.00145894-4.18831243e-04j, -0.01444667+1.74707767e-02j,
            0.11389943+1.58305727e-01j,  0.84980762-4.89159468e-01j]],
         input_dims=(2, 2), output_dims=(2, 2))"
"Operator([[ 0.84980762-4.89159468e-01j, -0.04554028+1.89630866e-01j,
           -0.01515022-1.68643134e-02j,  0.00145711-4.25164282e-04j],
          [ 0.14188062+1.33804607e-01j,  0.95278545-5.20210443e-02j,
           -0.1020291 +2.01335635e-01j, -0.01515022-1.68643134e-02j],
          [-0.00689279+2.15968414e-02j,  0.12394686+1.88634967e-01j,
            0.95278545-5.20210443e-02j, -0.04554028+1.89630866e-01j],
          [-0.00145299+4.39025881e-04j, -0.00689279+2.15968414e-02j,
            0.14188062+1.33804607e-01j,  0.84980762-4.89159468e-01j]],
         input_dims=(2, 2), output_dims=(2, 2))"
"Operator([[ 8.49807622e-01-0.48915947j,  5.56732257e-02+0.18690713j,
           -2.21650333e-02+0.00475873j, -4.32099984e-04-0.00145507j],
          [ 5.56732257e-02+0.18690713j,  9.52785453e-01-0.05202104j,
            1.26658519e-02+0.2253565j , -2.21650333e-02+0.00475873j],
          [-2.21650333e-02+0.00475873j,  1.26658519e-02+0.2253565j ,
            9.52785453e-01-0.05202104j,  5.56732257e-02+0.18690713j],
          [-4.32099984e-04-0.00145507j, -2.21650333e-02+0.00475873j,
            5.56732257e-02+0.18690713j,  8.49807622e-01-0.48915947j]],
         input_dims=(2, 2), output_dims=(2, 2))"
"Operator([[ 8.49807622e-01-0.48915947j,  5.56732257e-02+0.18690713j,
           -2.21650333e-02+0.00475873j, -4.32099984e-04-0.00145507j],
          [ 5.56732257e-02+0.18690713j,  9.52785453e-01-0.05202104j,
            1.26658519e-02+0.2253565j , -2.21650333e-02+0.00475873j],
          [-2.21650333e-02+0.00475873j,  1.26658519e-02+0.2253565j ,
            9.52785453e-01-0.05202104j,  5.56732257e-02+0.18690713j],
          [-4.32099984e-04-0.00145507j, -2.21650333e-02+0.00475873j,
            5.56732257e-02+0.18690713j,  8.49807622e-01-0.48915947j]],
         input_dims=(2, 2), output_dims=(2, 2))"
"Operator([[ 8.49807622e-01-0.48915947j, -1.58965573e-01+0.11297667j,
            1.46489303e-02-0.01730153j, -4.44225267e-04+0.00145141j],
          [ 1.94875168e-01+0.00757965j,  9.52785453e-01-0.05202104j,
           -2.09230548e-01+0.0846673j ,  1.46489303e-02-0.01730153j],
          [ 2.04597412e-02+0.00976387j,  2.17400106e-01+0.06068911j,
            9.52785453e-01-0.05202104j, -1.58965573e-01+0.11297667j],
          [ 1.16439565e-03+0.00097371j,  2.04597412e-02+0.00976387j,
            1.94875168e-01+0.00757965j,  8.49807622e-01-0.48915947j]],
         input_dims=(2, 2), output_dims=(2, 2))"
"Operator([[ 8.49807622e-01-0.48915947j,  9.56419023e-02+0.16996002j,
           -1.79422374e-02+0.01385678j, -1.24157226e-03-0.00087318j],
          [ 1.29457569e-02+0.19459237j,  9.52785453e-01-0.05202104j,
            6.22059750e-02+0.21697095j, -1.79422374e-02+0.01385678j],
          [-2.20488537e-02-0.00527088j, -3.75019059e-02+0.22257489j,
            9.52785453e-01-0.05202104j,  9.56419023e-02+0.16996002j],
          [ 5.63766496e-04-0.00140929j, -2.20488537e-02-0.00527088j,
            1.29457569e-02+0.19459237j,  8.49807622e-01-0.48915947j]],
         input_dims=(2, 2), output_dims=(2, 2))"
"Operator([[ 8.49807622e-01-0.48915947j,  1.43447404e-01-0.13212352j,
            9.85355531e-03-0.0204167j , -1.24877444e-04-0.00151273j],
          [-1.92363093e-01-0.03209709j,  9.52785453e-01-0.05202104j,
            1.96881425e-01-0.1103797j ,  9.85355531e-03-0.0204167j ],
          [ 1.73656463e-02+0.01457287j, -2.08009914e-01-0.08762334j,
            9.52785453e-01-0.05202104j,  1.43447404e-01-0.13212352j],
          [-7.20997148e-04-0.0013357j ,  1.73656463e-02+0.01457287j,
           -1.92363093e-01-0.03209709j,  8.49807622e-01-0.48915947j]],
         input_dims=(2, 2), output_dims=(2, 2))"
