unitary
"Operator([[ 0.14873993-0.87453732j,  0.30581933+0.31570441j,
           -0.11834605+0.07239479j, -0.01703118-0.01814716j],
          [ 0.30581933+0.31570441j,  0.71834518-0.06185492j,
            0.06279007+0.51358549j, -0.11834605+0.07239479j],
          [-0.11834605+0.07239479j,  0.06279007+0.51358549j,
            0.71834518-0.06185492j,  0.30581933+0.31570441j],
          [-0.01703118-0.01814716j, -0.11834605+0.07239479j,
            0.30581933+0.31570441j,  0.14873993-0.87453732j]],
         input_dims=(2, 2), output_dims=(2, 2))"
"Operator([[ 0.14873993-0.87453732j,  0.43692751+0.04784445j,
            0.04921784+0.12970889j, -0.00762067+0.0236919j ],
          [ 0.03392547+0.43822802j,  0.71834518-0.06185492j,
            0.37613749+0.35529317j,  0.04921784+0.12970889j],
          [-0.09306557-0.10288631j, -0.27946311+0.43544577j,
            0.71834518-0.06185492j,  0.43692751+0.04784445j],
          [ 0.02412728-0.00610368j, -0.09306557-0.10288631j,
            0.03392547+0.43822802j,  0.14873993-0.87453732j]],
         input_dims=(2, 2), output_dims=(2, 2))"
"Operator([[ 0.14873993-0.87453732j,  0.30581933+0.31570441j,
           -0.11834605+0.07239479j, -0.01703118-0.01814716j],
          [ 0.30581933+0.31570441j,  0.71834518-0.06185492j,
            0.06279007+0.51358549j, -0.11834605+0.07239479j],
          [-0.11834605+0.07239479j,  0.06279007+0.51358549j,
            0.71834518-0.06185492j,  0.30581933+0.31570441j],
          [-0.01703118-0.01814716j, -0.11834605+0.07239479j,
            0.30581933+0.31570441j,  0.14873993-0.87453732j]],
         input_dims=(2, 2), output_dims=(2, 2))"
"Operator([[ 0.14873993-0.87453732j, -0.43905536+0.02061868j,
            0.08665627+0.10833967j, -0.00388582-0.02458213j],
          [ 0.0345707 -0.43817759j,  0.71834518-0.06185492j,
           -0.4267695 -0.29254135j,  0.08665627+0.10833967j],
          [-0.05699165-0.12648614j,  0.34372171-0.38674027j,
            0.71834518-0.06185492j, -0.43905536+0.02061868j],
          [-0.02428641-0.0054361j , -0.05699165-0.12648614j,
            0.0345707 -0.43817759j,  0.14873993-0.87453732j]],
         input_dims=(2, 2), output_dims=(2, 2))"
"Operator([[ 0.14873993-0.87453732j,  0.07342031-0.43336381j,
           -0.03367044-0.1345849j , -0.02198837-0.01165729j],
          [-0.43547947+0.05960172j,  0.71834518-0.06185492j,
            0.37676857-0.35462388j, -0.03367044-0.1345849j ],
          [ 0.10448676+0.09126505j, -0.45110566-0.25340941j,
            0.71834518-0.06185492j,  0.07342031-0.43336381j],
          [-0.01024015-0.02268303j,  0.10448676+0.09126505j,
           -0.43547947+0.05960172j,  0.14873993-0.87453732j]],
         input_dims=(2, 2), output_dims=(2, 2))"
