unitary
"Operator([[ 8.60421815e-01-0.47311191j,  2.55873326e-02+0.1863863j ,
           -2.09792348e-02-0.00170076j,  2.01194379e-04-0.00134157j],
          [ 7.68813841e-02+0.17170852j,  9.56148263e-01-0.05048357j,
           -1.91546698e-02+0.21685807j, -2.09792348e-02-0.00170076j],
          [-1.85891637e-02+0.00987238j,  4.24926428e-02+0.2135151j ,
            9.56148263e-01-0.05048357j,  2.55873326e-02+0.1863863j ],
          [-8.78880283e-04-0.00103337j, -1.85891637e-02+0.00987238j,
            7.68813841e-02+0.17170852j,  8.60421815e-01-0.47311191j]],
         input_dims=(2, 2), output_dims=(2, 2))"
"Operator([[ 8.60421815e-01-0.47311191j,  9.67214778e-02+0.16136765j,
           -1.57378823e-02+0.01397641j, -1.18457781e-03-0.00066111j],
          [ 3.28024643e-03+0.18810583j,  9.56148263e-01-0.05048357j,
            6.75388173e-02+0.20696094j, -1.57378823e-02+0.01397641j],
          [-1.99869981e-02-0.00659854j, -4.47627193e-02+0.21305075j,
            9.56148263e-01-0.05048357j,  9.67214778e-02+0.16136765j],
          [ 6.57311782e-04-0.00118669j, -1.99869981e-02-0.00659854j,
            3.28024643e-03+0.18810583j,  8.60421815e-01-0.47311191j]],
         input_dims=(2, 2), output_dims=(2, 2))"
"Operator([[ 0.86042181-4.73111906e-01j,  0.14476988+1.20150929e-01j,
           -0.00352822+2.07502423e-02j, -0.00118708+6.56608514e-04j],
          [-0.05929816+1.78544932e-01j,  0.95614826-5.04835675e-02j,
            0.1323621 +1.72842697e-01j, -0.00352822+2.07502423e-02j],
          [-0.01145962-1.76549710e-02j, -0.11289531+1.86142343e-01j,
            0.95614826-5.04835675e-02j,  0.14476988+1.20150929e-01j],
          [ 0.00135483-6.87209928e-05j, -0.01145962-1.76549710e-02j,
           -0.05929816+1.78544932e-01j,  0.86042181-4.73111906e-01j]],
         input_dims=(2, 2), output_dims=(2, 2))"
"Operator([[ 8.60421815e-01-0.47311191j,  1.70979100e-01+0.0784902j ,
            7.34209712e-03+0.01972598j, -3.72868075e-04+0.00130432j],
          [-1.03578024e-01+0.15705463j,  9.56148263e-01-0.05048357j,
            1.72662589e-01+0.13259696j,  7.34209712e-03+0.01972598j],
          [-1.07286329e-03-0.0210207j , -1.57311518e-01+0.15049056j,
            9.56148263e-01-0.05048357j,  1.70979100e-01+0.0784902j ],
          [ 1.00504610e-03+0.00091114j, -1.07286329e-03-0.0210207j ,
           -1.03578024e-01+0.15705463j,  8.60421815e-01-0.47311191j]],
         input_dims=(2, 2), output_dims=(2, 2))"
"Operator([[ 8.60421815e-01-0.47311191j,  1.82693194e-01+0.0449195j ,
            1.41124468e-02+0.01561601j,  3.87104389e-04+0.00130017j],
          [-1.31277372e-01+0.13476207j,  9.56148263e-01-0.05048357j,
            1.94526564e-01+0.09774323j,  1.41124468e-02+0.01561601j],
          [ 6.77173384e-03-0.01992899j, -1.82816247e-01+0.11820551j,
            9.56148263e-01-0.05048357j,  1.82693194e-01+0.0449195j ],
          [ 3.57322668e-04+0.00130867j,  6.77173384e-03-0.01992899j,
           -1.31277372e-01+0.13476207j,  8.60421815e-01-0.47311191j]],
         input_dims=(2, 2), output_dims=(2, 2))"
"Operator([[ 8.60421815e-01-0.47311191j,  1.86911363e-01+0.02141744j,
            1.75836748e-02+0.01156872j,  8.42822810e-04+0.00106299j],
          [-1.47289283e-01+0.11704884j,  9.56148263e-01-0.05048357j,
            2.05340183e-01+0.07231689j,  1.75836748e-02+0.01156872j],
          [ 1.15622803e-02-0.01758791j, -1.96315975e-01+0.09409761j,
            9.56148263e-01-0.05048357j,  1.86911363e-01+0.02141744j],
          [-1.54938875e-04+0.0013477j ,  1.15622803e-02-0.01758791j,
           -1.47289283e-01+0.11704884j,  8.60421815e-01-0.47311191j]],
         input_dims=(2, 2), output_dims=(2, 2))"
"Operator([[ 8.60421815e-01-0.47311191j,  5.17573063e-02+0.18087494j,
           -2.06130761e-02+0.00425699j, -3.72237781e-04-0.0013045j ],
          [ 5.17573063e-02+0.18087494j,  9.56148263e-01-0.05048357j,
            1.17880916e-02+0.21738299j, -2.06130761e-02+0.00425699j],
          [-2.06130761e-02+0.00425699j,  1.17880916e-02+0.21738299j,
            9.56148263e-01-0.05048357j,  5.17573063e-02+0.18087494j],
          [-3.72237781e-04-0.0013045j , -2.06130761e-02+0.00425699j,
            5.17573063e-02+0.18087494j,  8.60421815e-01-0.47311191j]],
         input_dims=(2, 2), output_dims=(2, 2))"
"Operator([[ 8.60421815e-01-0.47311191j,  1.88099129e-01-0.0036444j ,
            2.00123969e-02+0.00652111j,  1.19048656e-03+0.00065041j],
          [-1.61554598e-01+0.0964089j ,  9.56148263e-01-0.05048357j,
            2.13137008e-01+0.04435018j,  2.00123969e-02+0.00652111j],
          [ 1.57918790e-02-0.01391537j, -2.07091303e-01+0.06713803j,
            9.56148263e-01-0.05048357j,  1.88099129e-01-0.0036444j ],
          [-6.67977603e-04+0.00118072j,  1.57918790e-02-0.01391537j,
           -1.61554598e-01+0.0964089j ,  8.60421815e-01-0.47311191j]],
         input_dims=(2, 2), output_dims=(2, 2))"
"Operator([[ 8.60421815e-01-0.47311191j,  5.17573063e-02+0.18087494j,
           -2.06130761e-02+0.00425699j, -3.72237781e-04-0.0013045j ],
          [ 5.17573063e-02+0.18087494j,  9.56148263e-01-0.05048357j,
            1.17880916e-02+0.21738299j, -2.06130761e-02+0.00425699j],
          [-2.06130761e-02+0.00425699j,  1.17880916e-02+0.21738299j,
            9.56148263e-01-0.05048357j,  5.17573063e-02+0.18087494j],
          [-3.72237781e-04-0.0013045j , -2.06130761e-02+0.00425699j,
            5.17573063e-02+0.18087494j,  8.60421815e-01-0.47311191j]],
         input_dims=(2, 2), output_dims=(2, 2))"
