unitary
"Operator([[-0.0710086 -0.86497666j, -0.16328388+0.22984438j,
           -0.03656061+0.15684368j,  0.24634072-0.28401183j],
          [-0.26541156+0.09511453j, -0.72812456-0.34725482j,
           -0.01316948+0.49360773j, -0.03656061+0.15684368j],
          [-0.15981661+0.0198814j , -0.29317256+0.39733094j,
           -0.72812456-0.34725482j, -0.16328388+0.22984438j],
          [ 0.21230778+0.31027709j, -0.15981661+0.0198814j ,
           -0.26541156+0.09511453j, -0.0710086 -0.86497666j]],
         input_dims=(2, 2), output_dims=(2, 2))"
"Operator([[-0.0710086 -0.86497666j, -0.28066752+0.02675459j,
           -0.14989363-0.05889413j, -0.05511716+0.3718986j ],
          [-0.1015878 +0.26300188j, -0.72812456-0.34725482j,
           -0.38206929+0.31280199j, -0.14989363-0.05889413j],
          [ 0.04282147+0.15525122j,  0.10891295+0.48162225j,
           -0.72812456-0.34725482j, -0.28066752+0.02675459j],
          [-0.01230129-0.37575943j,  0.04282147+0.15525122j,
           -0.1015878 +0.26300188j, -0.0710086 -0.86497666j]],
         input_dims=(2, 2), output_dims=(2, 2))"
"Operator([[-0.0710086 -0.86497666j, -0.22468417+0.17031468j,
           -0.11971077+0.10773091j,  0.37534576+0.0214948j ],
          [-0.22468417+0.17031468j, -0.72812456-0.34725482j,
           -0.16055736+0.46695113j, -0.11971077+0.10773091j],
          [-0.11971077+0.10773091j, -0.16055736+0.46695113j,
           -0.72812456-0.34725482j, -0.22468417+0.17031468j],
          [ 0.37534576+0.0214948j , -0.11971077+0.10773091j,
           -0.22468417+0.17031468j, -0.0710086 -0.86497666j]],
         input_dims=(2, 2), output_dims=(2, 2))"
"Operator([[-0.0710086 -0.86497666j, -0.22468417+0.17031468j,
           -0.11971077+0.10773091j,  0.37534576+0.0214948j ],
          [-0.22468417+0.17031468j, -0.72812456-0.34725482j,
           -0.16055736+0.46695113j, -0.11971077+0.10773091j],
          [-0.11971077+0.10773091j, -0.16055736+0.46695113j,
           -0.72812456-0.34725482j, -0.22468417+0.17031468j],
          [ 0.37534576+0.0214948j , -0.11971077+0.10773091j,
           -0.22468417+0.17031468j, -0.0710086 -0.86497666j]],
         input_dims=(2, 2), output_dims=(2, 2))"
