unitary
"Operator([[ 0.36987224-0.83919507j,  0.21128503-0.32266524j,
            0.03916235-0.09187052j, -0.0017889 -0.01465821j],
          [-0.37056313+0.10694479j,  0.79549348-0.07168081j,
            0.40326553-0.20174437j,  0.03916235-0.09187052j],
          [ 0.09670716+0.02493204j, -0.43731625-0.10990167j,
            0.79549348-0.07168081j,  0.21128503-0.32266524j],
          [-0.01337298-0.00626313j,  0.09670716+0.02493204j,
           -0.37056313+0.10694479j,  0.36987224-0.83919507j]],
         input_dims=(2, 2), output_dims=(2, 2))"
"Operator([[ 0.36987224-0.83919507j, -0.05718374-0.38142396j,
           -0.0868357 -0.04932995j, -0.01094135+0.00991716j],
          [-0.34769248-0.16692561j,  0.79549348-0.07168081j,
            0.1665679 -0.41902149j, -0.0868357 -0.04932995j],
          [-0.01380223+0.09891097j, -0.25312296-0.37316571j,
            0.79549348-0.07168081j, -0.05718374-0.38142396j],
          [ 0.01283044-0.00731047j, -0.01380223+0.09891097j,
           -0.34769248-0.16692561j,  0.36987224-0.83919507j]],
         input_dims=(2, 2), output_dims=(2, 2))"
"Operator([[ 0.36987224-0.83919507j,  0.22909293+0.31027511j,
           -0.08958706+0.04413662j, -0.00866545-0.01195714j],
          [ 0.22909293+0.31027511j,  0.79549348-0.07168081j,
            0.04897584+0.44824686j, -0.08958706+0.04413662j],
          [-0.08958706+0.04413662j,  0.04897584+0.44824686j,
            0.79549348-0.07168081j,  0.22909293+0.31027511j],
          [-0.00866545-0.01195714j, -0.08958706+0.04413662j,
            0.22909293+0.31027511j,  0.36987224-0.83919507j]],
         input_dims=(2, 2), output_dims=(2, 2))"
"Operator([[ 0.36987224-0.83919507j,  0.22909293+0.31027511j,
           -0.08958706+0.04413662j, -0.00866545-0.01195714j],
          [ 0.22909293+0.31027511j,  0.79549348-0.07168081j,
            0.04897584+0.44824686j, -0.08958706+0.04413662j],
          [-0.08958706+0.04413662j,  0.04897584+0.44824686j,
            0.79549348-0.07168081j,  0.22909293+0.31027511j],
          [-0.00866545-0.01195714j, -0.08958706+0.04413662j,
            0.22909293+0.31027511j,  0.36987224-0.83919507j]],
         input_dims=(2, 2), output_dims=(2, 2))"
