unitary
"Operator([[ 0.65368147+0.33181641j, -0.38232542-0.25359094j,
            0.07322827+0.27812389j, -0.05623977+0.40772433j],
          [-0.38232542-0.25359094j, -0.14470454+0.06732302j,
           -0.32859769+0.75720235j,  0.07322827+0.27812389j],
          [ 0.07322827+0.27812389j, -0.32859769+0.75720235j,
           -0.14470454+0.06732302j, -0.38232542-0.25359094j],
          [-0.05623977+0.40772433j,  0.07322827+0.27812389j,
           -0.38232542-0.25359094j,  0.65368147+0.33181641j]],
         input_dims=(2, 2), output_dims=(2, 2))"
"Operator([[ 0.65368147+0.33181641j, -0.38232542-0.25359094j,
            0.07322827+0.27812389j, -0.05623977+0.40772433j],
          [-0.38232542-0.25359094j, -0.14470454+0.06732302j,
           -0.32859769+0.75720235j,  0.07322827+0.27812389j],
          [ 0.07322827+0.27812389j, -0.32859769+0.75720235j,
           -0.14470454+0.06732302j, -0.38232542-0.25359094j],
          [-0.05623977+0.40772433j,  0.07322827+0.27812389j,
           -0.38232542-0.25359094j,  0.65368147+0.33181641j]],
         input_dims=(2, 2), output_dims=(2, 2))"
"Operator([[ 0.65368147+0.33181641j,  0.45876903+0.00347312j,
            0.28405771+0.04501662j, -0.41144141+0.01086308j],
          [ 0.18163294+0.42129629j, -0.14470454+0.06732302j,
           -0.13854961-0.8137173j ,  0.28405771+0.04501662j],
          [-0.22505876+0.17906378j,  0.68895668-0.45461031j,
           -0.14470454+0.06732302j,  0.45876903+0.00347312j],
          [ 0.39313647+0.12184315j, -0.22505876+0.17906378j,
            0.18163294+0.42129629j,  0.65368147+0.33181641j]],
         input_dims=(2, 2), output_dims=(2, 2))"
"Operator([[ 0.65368147+0.33181641j, -0.06664787+0.45391536j,
           -0.26098722-0.12083439j, -0.15581485+0.38095114j],
          [ 0.39225363-0.23794574j, -0.14470454+0.06732302j,
            0.82504605-0.02511668j, -0.26098722-0.12083439j],
          [ 0.16764317-0.23369007j, -0.54519727-0.61975138j,
           -0.14470454+0.06732302j, -0.06664787+0.45391536j],
          [ 0.04686503+0.40890795j,  0.16764317-0.23369007j,
            0.39225363-0.23794574j,  0.65368147+0.33181641j]],
         input_dims=(2, 2), output_dims=(2, 2))"
"Operator([[ 0.65368147+0.33181641j, -0.40373884+0.21788997j,
            0.19030019-0.21564118j,  0.01523803-0.41130261j],
          [ 0.04370418-0.45669578j, -0.14470454+0.06732302j,
            0.51329488+0.64642107j,  0.19030019-0.21564118j],
          [-0.2718184 -0.09396827j, -0.82273431+0.06663404j,
           -0.14470454+0.06732302j, -0.40373884+0.21788997j],
          [ 0.09667913-0.40006897j, -0.2718184 -0.09396827j,
            0.04370418-0.45669578j,  0.65368147+0.33181641j]],
         input_dims=(2, 2), output_dims=(2, 2))"
