unitary
"Operator([[ 9.54987403e-01-2.76408553e-01j,
            1.07120422e-01+8.78676241e-03j,
            6.29595693e-03+2.38376533e-03j,
            2.06318370e-04+1.28917199e-04j],
          [-9.92174783e-02+4.13265542e-02j,
            9.85930789e-01-3.03350869e-02j,
            1.21531535e-01+2.55545557e-02j,
            6.29595693e-03+2.38376533e-03j],
          [ 5.58990863e-03-3.75157731e-03j,
           -1.19714307e-01+3.30368578e-02j,
            9.85930789e-01-3.03350869e-02j,
            1.07120422e-01+8.78676241e-03j],
          [-1.56679707e-04+1.86113898e-04j,
            5.58990863e-03-3.75157731e-03j,
           -9.92174783e-02+4.13265542e-02j,
            9.54987403e-01-2.76408553e-01j]],
         input_dims=(2, 2), output_dims=(2, 2))"
"Operator([[ 9.54987403e-01-2.76408553e-01j,
            1.67428684e-02+1.06168114e-01j,
           -6.68797857e-03+7.69645017e-04j,
           -3.78664076e-05-2.40318640e-04j],
          [ 1.67428684e-02+1.06168114e-01j,
            9.85930789e-01-3.03350869e-02j,
            3.84990788e-03+1.24129479e-01j,
           -6.68797857e-03+7.69645017e-04j],
          [-6.68797857e-03+7.69645017e-04j,
            3.84990788e-03+1.24129479e-01j,
            9.85930789e-01-3.03350869e-02j,
            1.67428684e-02+1.06168114e-01j],
          [-3.78664076e-05-2.40318640e-04j,
           -6.68797857e-03+7.69645017e-04j,
            1.67428684e-02+1.06168114e-01j,
            9.54987403e-01-2.76408553e-01j]],
         input_dims=(2, 2), output_dims=(2, 2))"
"Operator([[ 9.54987403e-01-2.76408553e-01j,
            1.03922244e-01-2.74255228e-02j,
            6.39502613e-03-2.10358066e-03j,
            2.17875137e-04-1.08246656e-04j],
          [-1.07318821e-01+5.88750523e-03j,
            9.85930789e-01-3.03350869e-02j,
            1.23098748e-01-1.64209451e-02j,
            6.39502613e-03-2.10358066e-03j],
          [ 6.70568685e-03+5.95965413e-04j,
           -1.23879768e-01-8.76084254e-03j,
            9.85930789e-01-3.03350869e-02j,
            1.03922244e-01-2.74255228e-02j],
          [-2.40604535e-04-3.60051600e-05j,
            6.70568685e-03+5.95965413e-04j,
           -1.07318821e-01+5.88750523e-03j,
            9.54987403e-01-2.76408553e-01j]],
         input_dims=(2, 2), output_dims=(2, 2))"
"Operator([[ 9.54987403e-01-2.76408553e-01j,
            1.67428684e-02+1.06168114e-01j,
           -6.68797857e-03+7.69645017e-04j,
           -3.78664076e-05-2.40318640e-04j],
          [ 1.67428684e-02+1.06168114e-01j,
            9.85930789e-01-3.03350869e-02j,
            3.84990788e-03+1.24129479e-01j,
           -6.68797857e-03+7.69645017e-04j],
          [-6.68797857e-03+7.69645017e-04j,
            3.84990788e-03+1.24129479e-01j,
            9.85930789e-01-3.03350869e-02j,
            1.67428684e-02+1.06168114e-01j],
          [-3.78664076e-05-2.40318640e-04j,
           -6.68797857e-03+7.69645017e-04j,
            1.67428684e-02+1.06168114e-01j,
            9.54987403e-01-2.76408553e-01j]],
         input_dims=(2, 2), output_dims=(2, 2))"
"Operator([[ 9.54987403e-01-2.76408553e-01j,
            1.67428684e-02+1.06168114e-01j,
           -6.68797857e-03+7.69645017e-04j,
           -3.78664076e-05-2.40318640e-04j],
          [ 1.67428684e-02+1.06168114e-01j,
            9.85930789e-01-3.03350869e-02j,
            3.84990788e-03+1.24129479e-01j,
           -6.68797857e-03+7.69645017e-04j],
          [-6.68797857e-03+7.69645017e-04j,
            3.84990788e-03+1.24129479e-01j,
            9.85930789e-01-3.03350869e-02j,
            1.67428684e-02+1.06168114e-01j],
          [-3.78664076e-05-2.40318640e-04j,
           -6.68797857e-03+7.69645017e-04j,
            1.67428684e-02+1.06168114e-01j,
            9.54987403e-01-2.76408553e-01j]],
         input_dims=(2, 2), output_dims=(2, 2))"
"Operator([[ 9.54987403e-01-2.76408553e-01j,
            9.98009381e-02-3.98969276e-02j,
            5.69538077e-03-3.58943571e-03j,
            1.64553156e-04-1.79190325e-04j],
          [-1.07235599e-01-7.24695988e-03j,
            9.85930789e-01-3.03350869e-02j,
            1.20176562e-01-3.13136286e-02j,
            5.69538077e-03-3.58943571e-03j],
          [ 6.36184162e-03+2.20190418e-03j,
           -1.21886111e-01-2.38059922e-02j,
            9.85930789e-01-3.03350869e-02j,
            9.98009381e-02-3.98969276e-02j],
          [-2.11681331e-04-1.19907997e-04j,
            6.36184162e-03+2.20190418e-03j,
           -1.07235599e-01-7.24695988e-03j,
            9.54987403e-01-2.76408553e-01j]],
         input_dims=(2, 2), output_dims=(2, 2))"
"Operator([[ 9.54987403e-01-2.76408553e-01j,
            1.02889278e-01-3.10771390e-02j,
            6.23065577e-03-2.54957634e-03j,
            2.05208816e-04-1.30676148e-04j],
          [-1.07459770e-01+2.09521663e-03j,
            9.85930789e-01-3.03350869e-02j,
            1.22442318e-01-2.07563985e-02j,
            6.23065577e-03-2.54957634e-03j],
          [ 6.64692087e-03+1.06763937e-03j,
           -1.23493271e-01-1.31286427e-02j,
            9.85930789e-01-3.03350869e-02j,
            1.02889278e-01-3.10771390e-02j],
          [-2.35449004e-04-6.12427969e-05j,
            6.64692087e-03+1.06763937e-03j,
           -1.07459770e-01+2.09521663e-03j,
            9.54987403e-01-2.76408553e-01j]],
         input_dims=(2, 2), output_dims=(2, 2))"
"Operator([[ 9.54987403e-01-2.76408553e-01j,
            1.05926273e-01-1.82103452e-02j,
            6.66411989e-03-9.54419665e-04j,
            2.38540089e-04-4.78073184e-05j],
          [-1.06389626e-01+1.52721857e-02j,
            9.85930789e-01-3.03350869e-02j,
            1.24064322e-01-5.56715580e-03j,
            6.66411989e-03-9.54419665e-04j],
          [ 6.70671504e-03-5.84280912e-04j,
           -1.24170867e-01+2.13192277e-03j,
            9.85930789e-01-3.03350869e-02j,
            1.05926273e-01-1.82103452e-02j],
          [-2.41683099e-04+2.78602492e-05j,
            6.70671504e-03-5.84280912e-04j,
           -1.06389626e-01+1.52721857e-02j,
            9.54987403e-01-2.76408553e-01j]],
         input_dims=(2, 2), output_dims=(2, 2))"
