unitary
"Operator([[-0.43273433+5.85648173e-01j, -0.11739875-4.29003590e-01j,
            0.44438162-2.15199065e-02j,  0.27201527+4.83852332e-04j],
          [ 0.44402363-2.58758779e-02j,  0.08426337+2.58418807e-01j,
            0.49222437+5.36721438e-01j,  0.44438162-2.15199065e-02j],
          [-0.41488778-1.60643257e-01j, -0.62713411+3.70212827e-01j,
            0.08426337+2.58418807e-01j, -0.11739875-4.29003590e-01j],
          [ 0.15992523-2.20037411e-01j, -0.41488778-1.60643257e-01j,
            0.44402363-2.58758779e-02j, -0.43273433+5.85648173e-01j]],
         input_dims=(2, 2), output_dims=(2, 2))"
"Operator([[-0.43273433+0.58564817j, -0.40853036-0.17586783j,
           -0.11949853-0.42855365j, -0.24471537-0.1187726j ],
          [ 0.29721614+0.33089139j,  0.08426337+0.25841881j,
            0.72654397-0.04988585j, -0.11949853-0.42855365j],
          [ 0.24862174-0.36895171j, -0.68056654-0.25919862j,
            0.08426337+0.25841881j, -0.40853036-0.17586783j],
          [-0.04827403+0.26769789j,  0.24862174-0.36895171j,
            0.29721614+0.33089139j, -0.43273433+0.58564817j]],
         input_dims=(2, 2), output_dims=(2, 2))"
"Operator([[-0.43273433+0.58564817j,  0.2594204 -0.36128604j,
           -0.07110765+0.43918314j, -0.24248826+0.12325577j],
          [ 0.2594204 -0.36128604j,  0.08426337+0.25841881j,
           -0.10715148+0.7203286j , -0.07110765+0.43918314j],
          [-0.07110765+0.43918314j, -0.10715148+0.7203286j ,
            0.08426337+0.25841881j,  0.2594204 -0.36128604j],
          [-0.24248826+0.12325577j, -0.07110765+0.43918314j,
            0.2594204 -0.36128604j, -0.43273433+0.58564817j]],
         input_dims=(2, 2), output_dims=(2, 2))"
"Operator([[-0.43273433+0.58564817j,  0.2594204 -0.36128604j,
           -0.07110765+0.43918314j, -0.24248826+0.12325577j],
          [ 0.2594204 -0.36128604j,  0.08426337+0.25841881j,
           -0.10715148+0.7203286j , -0.07110765+0.43918314j],
          [-0.07110765+0.43918314j, -0.10715148+0.7203286j ,
            0.08426337+0.25841881j,  0.2594204 -0.36128604j],
          [-0.24248826+0.12325577j, -0.07110765+0.43918314j,
            0.2594204 -0.36128604j, -0.43273433+0.58564817j]],
         input_dims=(2, 2), output_dims=(2, 2))"
"Operator([[-0.43273433+0.58564817j, -0.00243436+0.4447703j ,
            0.3911218 +0.21204212j, -0.18566574-0.19879833j],
          [-0.42066267+0.14446268j,  0.08426337+0.25841881j,
           -0.32955138-0.6494233j ,  0.3911218 +0.21204212j],
          [-0.43804854+0.07779208j,  0.50430815-0.52538369j,
            0.08426337+0.25841881j, -0.00243436+0.4447703j ],
          [ 0.05117789+0.26715794j, -0.43804854+0.07779208j,
           -0.42066267+0.14446268j, -0.43273433+0.58564817j]],
         input_dims=(2, 2), output_dims=(2, 2))"
"Operator([[-0.43273433+0.58564817j,  0.19713483+0.3987034j ,
            0.40392896-0.1864927j , -0.22835549+0.14780498j],
          [-0.44079776-0.05936225j,  0.08426337+0.25841881j,
           -0.58563042-0.43288768j,  0.40392896-0.1864927j ],
          [-0.32444535-0.30442297j,  0.6862734 -0.2436874j ,
            0.08426337+0.25841881j,  0.19713483+0.3987034j ],
          [-0.25399141+0.09736994j, -0.32444535-0.30442297j,
           -0.44079776-0.05936225j, -0.43273433+0.58564817j]],
         input_dims=(2, 2), output_dims=(2, 2))"
"Operator([[-0.43273433+0.58564817j, -0.07003402-0.43922862j,
            0.43851853+0.07509745j,  0.25744633+0.08782898j],
          [ 0.43857377-0.07402427j,  0.08426337+0.25841881j,
            0.43091746+0.58708166j,  0.43851853+0.07509745j],
          [-0.43981145-0.06711198j, -0.5831398 +0.43623698j,
            0.08426337+0.25841881j, -0.07003402-0.43922862j],
          [ 0.08077554-0.25974575j, -0.43981145-0.06711198j,
            0.43857377-0.07402427j, -0.43273433+0.58564817j]],
         input_dims=(2, 2), output_dims=(2, 2))"
