unitary
"Operator([[ 9.87115582e-01-1.49262703e-01j,
           -1.87880589e-02+5.44682206e-02j,
           -1.37976724e-03-1.33770048e-03j,
            3.39689164e-05-1.46667614e-05j],
          [ 2.75662852e-02+5.05952382e-02j,
            9.95979600e-01-1.65272526e-02j,
           -2.58448379e-02+6.13193297e-02j,
           -1.37976724e-03-1.33770048e-03j],
          [-1.20638826e-03+1.49593703e-03j,
            2.78696014e-02+6.04259974e-02j,
            9.95979600e-01-1.65272526e-02j,
           -1.87880589e-02+5.44682206e-02j],
          [-3.59314632e-05-8.82786063e-06j,
           -1.20638826e-03+1.49593703e-03j,
            2.75662852e-02+5.05952382e-02j,
            9.87115582e-01-1.49262703e-01j]],
         input_dims=(2, 2), output_dims=(2, 2))"
"Operator([[ 9.87115582e-01-1.49262703e-01j,
           -1.17475965e-02+5.64071998e-02j,
           -1.67130437e-03-9.48652684e-04j,
            2.60928801e-05-2.62328568e-05j],
          [ 2.09452023e-02+5.36756622e-02j,
            9.95979600e-01-1.65272526e-02j,
           -1.78811157e-02+6.40958778e-02j,
           -1.67130437e-03-9.48652684e-04j],
          [-1.54318166e-03+1.14533427e-03j,
            2.00026122e-02+6.34658282e-02j,
            9.95979600e-01-1.65272526e-02j,
           -1.17475965e-02+5.64071998e-02j],
          [-3.00834595e-05-2.15403491e-05j,
           -1.54318166e-03+1.14533427e-03j,
            2.09452023e-02+5.36756622e-02j,
            9.87115582e-01-1.49262703e-01j]],
         input_dims=(2, 2), output_dims=(2, 2))"
"Operator([[ 9.87115582e-01-1.49262703e-01j,
           -4.85463204e-03+5.74126359e-02j,
           -1.84991507e-03-5.20590467e-04j,
            1.50805365e-05-3.37872548e-05j],
          [ 1.43146556e-02+5.58110101e-02j,
            9.95979600e-01-1.65272526e-02j,
           -1.00154712e-02+6.57853037e-02j,
           -1.84991507e-03-5.20590467e-04j],
          [-1.77264747e-03+7.42240627e-04j,
            1.21974963e-02+6.54158767e-02j,
            9.95979600e-01-1.65272526e-02j,
           -4.85463204e-03+5.74126359e-02j],
          [-2.04770484e-05-3.08170677e-05j,
           -1.77264747e-03+7.42240627e-04j,
            1.43146556e-02+5.58110101e-02j,
            9.87115582e-01-1.49262703e-01j]],
         input_dims=(2, 2), output_dims=(2, 2))"
"Operator([[ 9.87115582e-01-1.49262703e-01j,
            4.79732348e-03+5.74174529e-02j,
           -1.91818285e-03+1.17365961e-04j,
           -3.07994935e-06-3.68716027e-05j],
          [ 4.79732348e-03+5.74174529e-02j,
            9.95979600e-01-1.65272526e-02j,
            1.10653851e-03+6.65341372e-02j,
           -1.91818285e-03+1.17365961e-04j],
          [-1.91818285e-03+1.17365961e-04j,
            1.10653851e-03+6.65341372e-02j,
            9.95979600e-01-1.65272526e-02j,
            4.79732348e-03+5.74174529e-02j],
          [-3.07994935e-06-3.68716027e-05j,
           -1.91818285e-03+1.17365961e-04j,
            4.79732348e-03+5.74174529e-02j,
            9.87115582e-01-1.49262703e-01j]],
         input_dims=(2, 2), output_dims=(2, 2))"
"Operator([[ 9.87115582e-01-1.49262703e-01j,
            8.36746286e-03+5.70066994e-02j,
           -1.88866812e-03+3.55151988e-04j,
           -9.88629370e-06-3.56547664e-05j],
          [ 1.20852153e-03+5.76048408e-02j,
            9.95979600e-01-1.65272526e-02j,
            5.25220153e-03+6.63357387e-02j,
           -1.88866812e-03+3.55151988e-04j],
          [-1.91787812e-03-1.22244599e-04j,
           -3.04342916e-03+6.64737045e-02j,
            9.95979600e-01-1.65272526e-02j,
            8.36746286e-03+5.70066994e-02j],
          [ 3.83395018e-06-3.68008424e-05j,
           -1.91787812e-03-1.22244599e-04j,
            1.20852153e-03+5.76048408e-02j,
            9.87115582e-01-1.49262703e-01j]],
         input_dims=(2, 2), output_dims=(2, 2))"
"Operator([[ 9.87115582e-01-1.49262703e-01j,
            4.79732348e-03+5.74174529e-02j,
           -1.91818285e-03+1.17365961e-04j,
           -3.07994935e-06-3.68716027e-05j],
          [ 4.79732348e-03+5.74174529e-02j,
            9.95979600e-01-1.65272526e-02j,
            1.10653851e-03+6.65341372e-02j,
           -1.91818285e-03+1.17365961e-04j],
          [-1.91818285e-03+1.17365961e-04j,
            1.10653851e-03+6.65341372e-02j,
            9.95979600e-01-1.65272526e-02j,
            4.79732348e-03+5.74174529e-02j],
          [-3.07994935e-06-3.68716027e-05j,
           -1.91818285e-03+1.17365961e-04j,
            4.79732348e-03+5.74174529e-02j,
            9.87115582e-01-1.49262703e-01j]],
         input_dims=(2, 2), output_dims=(2, 2))"
"Operator([[ 9.87115582e-01-1.49262703e-01j,
            2.09462632e-02+5.36752482e-02j,
           -1.54313638e-03+1.14539527e-03j,
           -3.00847367e-05-2.15385652e-05j],
          [-1.17487114e-02+5.64069676e-02j,
            9.95979600e-01-1.65272526e-02j,
            2.00038666e-02+6.34654328e-02j,
           -1.54313638e-03+1.14539527e-03j],
          [-1.67126687e-03-9.48718752e-04j,
           -1.78823826e-02+6.40955243e-02j,
            9.95979600e-01-1.65272526e-02j,
            2.09462632e-02+5.36752482e-02j],
          [ 2.60944356e-05-2.62313096e-05j,
           -1.67126687e-03-9.48718752e-04j,
           -1.17487114e-02+5.64069676e-02j,
            9.87115582e-01-1.49262703e-01j]],
         input_dims=(2, 2), output_dims=(2, 2))"
"Operator([[ 9.87115582e-01-1.49262703e-01j,
            4.79732348e-03+5.74174529e-02j,
           -1.91818285e-03+1.17365961e-04j,
           -3.07994935e-06-3.68716027e-05j],
          [ 4.79732348e-03+5.74174529e-02j,
            9.95979600e-01-1.65272526e-02j,
            1.10653851e-03+6.65341372e-02j,
           -1.91818285e-03+1.17365961e-04j],
          [-1.91818285e-03+1.17365961e-04j,
            1.10653851e-03+6.65341372e-02j,
            9.95979600e-01-1.65272526e-02j,
            4.79732348e-03+5.74174529e-02j],
          [-3.07994935e-06-3.68716027e-05j,
           -1.91818285e-03+1.17365961e-04j,
            4.79732348e-03+5.74174529e-02j,
            9.87115582e-01-1.49262703e-01j]],
         input_dims=(2, 2), output_dims=(2, 2))"
"Operator([[ 9.87115582e-01-1.49262703e-01j,
            4.79732348e-03+5.74174529e-02j,
           -1.91818285e-03+1.17365961e-04j,
           -3.07994935e-06-3.68716027e-05j],
          [ 4.79732348e-03+5.74174529e-02j,
            9.95979600e-01-1.65272526e-02j,
            1.10653851e-03+6.65341372e-02j,
           -1.91818285e-03+1.17365961e-04j],
          [-1.91818285e-03+1.17365961e-04j,
            1.10653851e-03+6.65341372e-02j,
            9.95979600e-01-1.65272526e-02j,
            4.79732348e-03+5.74174529e-02j],
          [-3.07994935e-06-3.68716027e-05j,
           -1.91818285e-03+1.17365961e-04j,
            4.79732348e-03+5.74174529e-02j,
            9.87115582e-01-1.49262703e-01j]],
         input_dims=(2, 2), output_dims=(2, 2))"
"Operator([[ 9.87115582e-01-1.49262703e-01j,
            3.85934670e-02+4.27822687e-02j,
           -3.97726665e-04+1.88016321e-03j,
           -3.30817921e-05+1.65709446e-05j],
          [-3.09588714e-02+4.85934820e-02j,
            9.95979600e-01-1.65272526e-02j,
            4.11783820e-02+5.22719495e-02j,
           -3.97726665e-04+1.88016321e-03j],
          [-6.23981051e-04-1.81764899e-03j,
           -3.94174055e-02+5.36123493e-02j,
            9.95979600e-01-1.65272526e-02j,
            3.85934670e-02+4.27822687e-02j],
          [ 3.53725482e-05+1.08528340e-05j,
           -6.23981051e-04-1.81764899e-03j,
           -3.09588714e-02+4.85934820e-02j,
            9.87115582e-01-1.49262703e-01j]],
         input_dims=(2, 2), output_dims=(2, 2))"
"Operator([[ 9.87115582e-01-1.49262703e-01j,
            4.39944326e-02+3.72057537e-02j,
            1.17566234e-04+1.91817059e-03j,
           -2.38898826e-05+2.82537551e-05j],
          [-3.72103469e-02+4.39905478e-02j,
            9.95979600e-01-1.65272526e-02j,
            4.78315956e-02+4.62618018e-02j,
            1.17566234e-04+1.91817059e-03j],
          [-1.17165687e-04-1.91819509e-03j,
           -4.62667955e-02+4.78267653e-02j,
            9.95979600e-01-1.65272526e-02j,
            4.39944326e-02+3.72057537e-02j],
          [ 2.82462709e-05+2.38987312e-05j,
           -1.17165687e-04-1.91819509e-03j,
           -3.72103469e-02+4.39905478e-02j,
            9.87115582e-01-1.49262703e-01j]],
         input_dims=(2, 2), output_dims=(2, 2))"
"Operator([[ 9.87115582e-01-1.49262703e-01j,
            4.89255662e-02+3.04313520e-02j,
            6.63161091e-04+1.80372326e-03j,
           -9.69926578e-06+3.57060977e-05j],
          [-4.31972877e-02+3.81283693e-02j,
            9.95979600e-01-1.65272526e-02j,
            5.40356482e-02+3.88350945e-02j,
            6.63161091e-04+1.80372326e-03j],
          [ 4.38312205e-04-1.87111801e-03j,
           -5.27143780e-02+4.06104691e-02j,
            9.95979600e-01-1.65272526e-02j,
            4.89255662e-02+3.04313520e-02j],
          [ 1.54887008e-05+3.36021029e-05j,
            4.38312205e-04-1.87111801e-03j,
           -4.31972877e-02+3.81283693e-02j,
            9.87115582e-01-1.49262703e-01j]],
         input_dims=(2, 2), output_dims=(2, 2))"
"Operator([[ 9.87115582e-01-1.49262703e-01j,
            5.29167168e-02+2.27947207e-02j,
            1.16563043e-03+1.52790900e-03j,
            6.76337768e-06+3.63766119e-05j],
          [-4.84003610e-02+3.12599307e-02j,
            9.95979600e-01-1.65272526e-02j,
            5.92229154e-02+3.03424148e-02j,
            1.16563043e-03+1.52790900e-03j],
          [ 9.70659418e-04-1.65862006e-03j,
           -5.81811842e-02+3.22949787e-02j,
            9.95979600e-01-1.65272526e-02j,
            5.29167168e-02+2.27947207e-02j],
          [-6.34554402e-07+3.69945741e-05j,
            9.70659418e-04-1.65862006e-03j,
           -4.84003610e-02+3.12599307e-02j,
            9.87115582e-01-1.49262703e-01j]],
         input_dims=(2, 2), output_dims=(2, 2))"
"Operator([[ 9.87115582e-01-1.49262703e-01j,
            5.56029383e-02+1.51026970e-02j,
            1.54597316e-03+1.14156349e-03j,
            2.11477285e-05+3.03607436e-05j],
          [-5.23257901e-02+2.41203213e-02j,
            9.95979600e-01-1.65272526e-02j,
            6.29107200e-02+2.16854133e-02j,
            1.54597316e-03+1.14156349e-03j],
          [ 1.39526652e-03-1.32152622e-03j,
           -6.21548213e-02+2.37653957e-02j,
            9.95979600e-01-1.65272526e-02j,
            5.56029383e-02+1.51026970e-02j],
          [-1.58176289e-05+3.34485244e-05j,
            1.39526652e-03-1.32152622e-03j,
           -5.23257901e-02+2.41203213e-02j,
            9.87115582e-01-1.49262703e-01j]],
         input_dims=(2, 2), output_dims=(2, 2))"
"Operator([[ 9.87115582e-01-1.49262703e-01j,
            5.70345164e-02+8.17570482e-03j,
            1.77719965e-03+7.31273979e-04j,
            3.06650060e-05+2.07040715e-05j],
          [-5.48870182e-02+1.75269348e-02j,
            9.95979600e-01-1.65272526e-02j,
            6.50938288e-02+1.38133736e-02j,
            1.77719965e-03+7.31273979e-04j],
          [ 1.67478886e-03-9.42487393e-04j,
           -6.45984923e-02+1.59703047e-02j,
            9.95979600e-01-1.65272526e-02j,
            5.70345164e-02+8.17570482e-03j],
          [-2.68051108e-05+2.55046507e-05j,
            1.67478886e-03-9.42487393e-04j,
           -5.48870182e-02+1.75269348e-02j,
            9.87115582e-01-1.49262703e-01j]],
         input_dims=(2, 2), output_dims=(2, 2))"
