unitary
"Operator([[ 0.46606054-0.80475878j, -0.35692519-0.02495259j,
            0.05358674+0.06430853j, -0.00224859-0.01097634j],
          [ 0.12210177-0.33631738j,  0.82797394-0.07287338j,
           -0.35691246-0.21618689j,  0.05358674+0.06430853j],
          [-0.01149706-0.08291528j,  0.30596613-0.28373932j,
            0.82797394-0.07287338j, -0.35692519-0.02495259j],
          [-0.0090314 -0.00663099j, -0.01149706-0.08291528j,
            0.12210177-0.33631738j,  0.46606054-0.80475878j]],
         input_dims=(2, 2), output_dims=(2, 2))"
"Operator([[ 0.46606054-0.80475878j, -0.19002247+0.3031661j ,
            0.02357374-0.08032064j,  0.00333874+0.01069528j],
          [ 0.35420351-0.05057768j,  0.82797394-0.07287338j,
           -0.35874054+0.21313961j,  0.02357374-0.08032064j],
          [ 0.07527175+0.03662363j,  0.39436059+0.13639281j,
            0.82797394-0.07287338j, -0.19002247+0.3031661j ],
          [ 0.00832037+0.00750384j,  0.07527175+0.03662363j,
            0.35420351-0.05057768j,  0.46606054-0.80475878j]],
         input_dims=(2, 2), output_dims=(2, 2))"
"Operator([[ 0.46606054-0.80475878j, -0.06447568+0.35193907j,
           -0.03805317-0.07455926j,  0.01110664+0.00147607j],
          [ 0.34780636+0.0839581j ,  0.82797394-0.07287338j,
           -0.25452328+0.33066777j, -0.03805317-0.07455926j],
          [ 0.02953327+0.07832568j,  0.31599354+0.27252772j,
            0.82797394-0.07287338j, -0.06447568+0.35193907j],
          [-0.00330184+0.01070673j,  0.02953327+0.07832568j,
            0.34780636+0.0839581j ,  0.46606054-0.80475878j]],
         input_dims=(2, 2), output_dims=(2, 2))"
"Operator([[ 0.46606054-0.80475878j,  0.19499364+0.29999284j,
           -0.07656107+0.03384565j, -0.00604401-0.00943431j],
          [ 0.19499364+0.29999284j,  0.82797394-0.07287338j,
            0.04230502+0.41513077j, -0.07656107+0.03384565j],
          [-0.07656107+0.03384565j,  0.04230502+0.41513077j,
            0.82797394-0.07287338j,  0.19499364+0.29999284j],
          [-0.00604401-0.00943431j, -0.07656107+0.03384565j,
            0.19499364+0.29999284j,  0.46606054-0.80475878j]],
         input_dims=(2, 2), output_dims=(2, 2))"
"Operator([[ 0.46606054-0.80475878j,  0.12950787-0.33353551j,
           -0.00782021-0.08334249j, -0.00857199-0.00721507j],
          [-0.35738964-0.01705491j,  0.82797394-0.07287338j,
            0.31216479-0.27690507j, -0.00782021-0.08334249j],
          [ 0.05637737+0.06187664j, -0.36160508-0.20824274j,
            0.82797394-0.07287338j,  0.12950787-0.33353551j],
          [-0.00297123-0.01080315j,  0.05637737+0.06187664j,
           -0.35738964-0.01705491j,  0.46606054-0.80475878j]],
         input_dims=(2, 2), output_dims=(2, 2))"
"Operator([[ 0.46606054-0.80475878j,  0.14475416+0.32720706j,
           -0.08331896+0.00806708j, -0.00100909-0.01115876j],
          [ 0.24026054+0.26512846j,  0.82797394-0.07287338j,
           -0.02431537+0.41657177j, -0.08331896+0.00806708j],
          [-0.06204338+0.05619381j,  0.10784658+0.40310345j,
            0.82797394-0.07287338j,  0.14475416+0.32720706j],
          [-0.00971525-0.00558124j, -0.06204338+0.05619381j,
            0.24026054+0.26512846j,  0.46606054-0.80475878j]],
         input_dims=(2, 2), output_dims=(2, 2))"
"Operator([[ 0.46606054-0.80475878j,  0.19499364+0.29999284j,
           -0.07656107+0.03384565j, -0.00604401-0.00943431j],
          [ 0.19499364+0.29999284j,  0.82797394-0.07287338j,
            0.04230502+0.41513077j, -0.07656107+0.03384565j],
          [-0.07656107+0.03384565j,  0.04230502+0.41513077j,
            0.82797394-0.07287338j,  0.19499364+0.29999284j],
          [-0.00604401-0.00943431j, -0.07656107+0.03384565j,
            0.19499364+0.29999284j,  0.46606054-0.80475878j]],
         input_dims=(2, 2), output_dims=(2, 2))"
"Operator([[ 0.46606054-0.80475878j, -0.08493103+0.34757006j,
           -0.02909446-0.07848974j,  0.01067864+0.0033916j ],
          [ 0.35211812+0.06349061j,  0.82797394-0.07287338j,
           -0.27341089+0.3152297j , -0.02909446-0.07848974j],
          [ 0.03846984+0.07434512j,  0.3313787 +0.25359698j,
            0.82797394-0.07287338j, -0.08493103+0.34757006j],
          [-0.00138278+0.01111864j,  0.03846984+0.07434512j,
            0.35211812+0.06349061j,  0.46606054-0.80475878j]],
         input_dims=(2, 2), output_dims=(2, 2))"
"Operator([[ 0.46606054-0.80475878j,  0.19499364+0.29999284j,
           -0.07656107+0.03384565j, -0.00604401-0.00943431j],
          [ 0.19499364+0.29999284j,  0.82797394-0.07287338j,
            0.04230502+0.41513077j, -0.07656107+0.03384565j],
          [-0.07656107+0.03384565j,  0.04230502+0.41513077j,
            0.82797394-0.07287338j,  0.19499364+0.29999284j],
          [-0.00604401-0.00943431j, -0.07656107+0.03384565j,
            0.19499364+0.29999284j,  0.46606054-0.80475878j]],
         input_dims=(2, 2), output_dims=(2, 2))"
"Operator([[ 0.46606054-8.04758775e-01j,  0.0566512 -3.53282984e-01j,
           -0.04132344-7.27976636e-02j, -0.01118023-7.34000011e-04j],
          [-0.34585793-9.16543476e-02j,  0.82797394-7.28733846e-02j,
            0.24712397-3.36233578e-01j, -0.04132344-7.27976636e-02j],
          [ 0.02602936+7.95587735e-02j, -0.30986907-2.79471702e-01j,
            0.82797394-7.28733846e-02j,  0.0566512 -3.53282984e-01j],
          [ 0.00400672-1.04633874e-02j,  0.02602936+7.95587735e-02j,
           -0.34585793-9.16543476e-02j,  0.46606054-8.04758775e-01j]],
         input_dims=(2, 2), output_dims=(2, 2))"
"Operator([[ 0.46606054-0.80475878j,  0.12819884-0.33404084j,
           -0.00847366-0.08327859j, -0.00865628-0.00711372j],
          [-0.35732001-0.01845636j,  0.82797394-0.07287338j,
            0.31107644-0.27812717j, -0.00847366-0.08327859j],
          [ 0.05589031+0.06231693j, -0.36078563-0.20965925j,
            0.82797394-0.07287338j,  0.12819884-0.33404084j],
          [-0.00284392-0.01083736j,  0.05589031+0.06231693j,
           -0.35732001-0.01845636j,  0.46606054-0.80475878j]],
         input_dims=(2, 2), output_dims=(2, 2))"
