unitary
"Operator([[ 8.86340847e-01-4.30335148e-01j,
           -1.56324728e-01+6.69383436e-02j,
            1.50791891e-02-8.06458189e-03j,
           -7.50365421e-04+6.47380302e-04j],
          [ 1.69257862e-01-1.64298052e-02j,
            9.64342661e-01-4.62886825e-02j,
           -1.92662750e-01+3.96367621e-02j,
            1.50791891e-02-8.06458189e-03j],
          [ 1.69678887e-02+2.12371737e-03j,
            1.95616278e-01+2.05980503e-02j,
            9.64342661e-01-4.62886825e-02j,
           -1.56324728e-01+6.69383436e-02j],
          [ 9.68933937e-04+2.08126276e-04j,
            1.69678887e-02+2.12371737e-03j,
            1.69257862e-01-1.64298052e-02j,
            8.86340847e-01-4.30335148e-01j]],
         input_dims=(2, 2), output_dims=(2, 2))"
"Operator([[ 8.86340847e-01-0.43033515j, -1.25500119e-01+0.11475139j,
            6.77656352e-03-0.01570024j,  1.47496106e-04+0.00098j   ],
          [ 1.65205835e-01+0.0403137j ,  9.64342661e-01-0.04628868j,
           -1.68809373e-01+0.10096239j,  6.77656352e-03-0.01570024j],
          [ 1.19538823e-02+0.01222801j,  1.77876933e-01+0.08396312j,
            9.64342661e-01-0.04628868j, -1.25500119e-01+0.11475139j],
          [ 3.40644478e-04+0.00093065j,  1.19538823e-02+0.01222801j,
            1.65205835e-01+0.0403137j ,  8.86340847e-01-0.43033515j]],
         input_dims=(2, 2), output_dims=(2, 2))"
"Operator([[ 8.86340847e-01-0.43033515j,  4.21826807e-02+0.16473853j,
           -1.68138086e-02+0.00311693j, -2.45314235e-04-0.00096019j],
          [ 4.21826807e-02+0.16473853j,  9.64342661e-01-0.04628868j,
            9.63322217e-03+0.19646172j, -1.68138086e-02+0.00311693j],
          [-1.68138086e-02+0.00311693j,  9.63322217e-03+0.19646172j,
            9.64342661e-01-0.04628868j,  4.21826807e-02+0.16473853j],
          [-2.45314235e-04-0.00096019j, -1.68138086e-02+0.00311693j,
            4.21826807e-02+0.16473853j,  8.86340847e-01-0.43033515j]],
         input_dims=(2, 2), output_dims=(2, 2))"
"Operator([[ 8.86340847e-01-4.30335148e-01j,
           -7.24140653e-02+1.53864764e-01j,
           -6.23134847e-03-1.59245006e-02j,
            9.60046756e-04+2.45885637e-04j],
          [ 1.37450810e-01+1.00127105e-01j,
            9.64342661e-01-4.62886825e-02j,
           -1.17712762e-01+1.57587162e-01j,
           -6.23134847e-03-1.59245006e-02j],
          [-1.09303688e-04+1.70999262e-02j,
            1.32565147e-01+1.45315139e-01j,
            9.64342661e-01-4.62886825e-02j,
           -7.24140653e-02+1.53864764e-01j],
          [-7.24455665e-04+6.76249591e-04j,
           -1.09303688e-04+1.70999262e-02j,
            1.37450810e-01+1.00127105e-01j,
            8.86340847e-01-4.30335148e-01j]],
         input_dims=(2, 2), output_dims=(2, 2))"
"Operator([[ 8.86340847e-01-0.43033515j,  4.21826807e-02+0.16473853j,
           -1.68138086e-02+0.00311693j, -2.45314235e-04-0.00096019j],
          [ 4.21826807e-02+0.16473853j,  9.64342661e-01-0.04628868j,
            9.63322217e-03+0.19646172j, -1.68138086e-02+0.00311693j],
          [-1.68138086e-02+0.00311693j,  9.63322217e-03+0.19646172j,
            9.64342661e-01-0.04628868j,  4.21826807e-02+0.16473853j],
          [-2.45314235e-04-0.00096019j, -1.68138086e-02+0.00311693j,
            4.21826807e-02+0.16473853j,  8.86340847e-01-0.43033515j]],
         input_dims=(2, 2), output_dims=(2, 2))"
"Operator([[ 8.86340847e-01-0.43033515j,  4.21826807e-02+0.16473853j,
           -1.68138086e-02+0.00311693j, -2.45314235e-04-0.00096019j],
          [ 4.21826807e-02+0.16473853j,  9.64342661e-01-0.04628868j,
            9.63322217e-03+0.19646172j, -1.68138086e-02+0.00311693j],
          [-1.68138086e-02+0.00311693j,  9.63322217e-03+0.19646172j,
            9.64342661e-01-0.04628868j,  4.21826807e-02+0.16473853j],
          [-2.45314235e-04-0.00096019j, -1.68138086e-02+0.00311693j,
            4.21826807e-02+0.16473853j,  8.86340847e-01-0.43033515j]],
         input_dims=(2, 2), output_dims=(2, 2))"
"Operator([[ 8.86340847e-01-0.43033515j, -1.45575894e-01-0.08789665j,
            2.83157714e-03+0.01686421j,  5.26997214e-04-0.0008393j ],
          [ 8.54172730e-02-0.14704439j,  9.64342661e-01-0.04628868j,
           -1.44606591e-01-0.1333377j ,  2.83157714e-03+0.01686421j],
          [-3.40139162e-03-0.01675858j,  1.30868219e-01-0.14684522j,
            9.64342661e-01-0.04628868j, -1.45575894e-01-0.08789665j],
          [-8.64994466e-04-0.00048367j, -3.40139162e-03-0.01675858j,
            8.54172730e-02-0.14704439j,  8.86340847e-01-0.43033515j]],
         input_dims=(2, 2), output_dims=(2, 2))"
"Operator([[ 8.86340847e-01-4.30335148e-01j,
           -9.39243429e-02-1.41761702e-01j,
           -1.12569704e-02+1.28724529e-02j,
            9.41582978e-04+3.09145621e-04j],
          [ 1.42342840e-02-1.69456624e-01j,
            9.64342661e-01-4.62886825e-02j,
           -7.35925753e-02-1.82412009e-01j,
           -1.12569704e-02+1.28724529e-02j],
          [-1.51229829e-02-7.98215586e-03j,
            5.53938257e-02-1.88736674e-01j,
            9.64342661e-01-4.62886825e-02j,
           -9.39243429e-02-1.41761702e-01j],
          [-6.77911250e-04+7.22901001e-04j,
           -1.51229829e-02-7.98215586e-03j,
            1.42342840e-02-1.69456624e-01j,
            8.86340847e-01-4.30335148e-01j]],
         input_dims=(2, 2), output_dims=(2, 2))"
"Operator([[ 8.86340847e-01-0.43033515j, -8.57653287e-02-0.14684165j,
           -1.26372765e-02+0.01152036j,  8.75903150e-04+0.00046362j],
          [ 4.63789150e-03-0.16999015j,  9.64342661e-01-0.04628868j,
           -6.31694464e-02-0.18627836j, -1.26372765e-02+0.01152036j],
          [-1.59269258e-02-0.00622515j,  4.46424440e-02-0.19156477j,
            9.64342661e-01-0.04628868j, -8.57653287e-02-0.14684165j],
          [-5.46185157e-04+0.00082694j, -1.59269258e-02-0.00622515j,
            4.63789150e-03-0.16999015j,  8.86340847e-01-0.43033515j]],
         input_dims=(2, 2), output_dims=(2, 2))"
"Operator([[ 8.86340847e-01-0.43033515j,  4.21826807e-02+0.16473853j,
           -1.68138086e-02+0.00311693j, -2.45314235e-04-0.00096019j],
          [ 4.21826807e-02+0.16473853j,  9.64342661e-01-0.04628868j,
            9.63322217e-03+0.19646172j, -1.68138086e-02+0.00311693j],
          [-1.68138086e-02+0.00311693j,  9.63322217e-03+0.19646172j,
            9.64342661e-01-0.04628868j,  4.21826807e-02+0.16473853j],
          [-2.45314235e-04-0.00096019j, -1.68138086e-02+0.00311693j,
            4.21826807e-02+0.16473853j,  8.86340847e-01-0.43033515j]],
         input_dims=(2, 2), output_dims=(2, 2))"
"Operator([[ 8.86340847e-01-0.43033515j, -7.47580506e-02-0.15273964j,
           -1.41874546e-02+0.00954649j,  7.53388143e-04+0.00064386j],
          [-7.84940037e-03-0.16987216j,  9.64342661e-01-0.04628868j,
           -4.93290175e-02-0.19041181j, -1.41874546e-02+0.00954649j],
          [-1.66665854e-02-0.00382679j,  3.04640257e-02-0.19432435j,
            9.64342661e-01-0.04628868j, -7.47580506e-02-0.15273964j],
          [-3.52229677e-04+0.00092633j, -1.66665854e-02-0.00382679j,
           -7.84940037e-03-0.16987216j,  8.86340847e-01-0.43033515j]],
         input_dims=(2, 2), output_dims=(2, 2))"
"Operator([[ 8.86340847e-01-0.43033515j, -8.31539160e-02-0.14833607j,
           -1.30369479e-02+0.01106605j,  8.50072080e-04+0.00050944j],
          [ 1.62962346e-03-0.1700456j ,  9.64342661e-01-0.04628868j,
           -5.98638384e-02-0.18736683j, -1.30369479e-02+0.01106605j],
          [-1.61371965e-02-0.00565777j,  4.12462065e-02-0.19232462j,
            9.64342661e-01-0.04628868j, -8.31539160e-02-0.14833607j],
          [-5.01542388e-04+0.00085475j, -1.61371965e-02-0.00565777j,
            1.62962346e-03-0.1700456j ,  8.86340847e-01-0.43033515j]],
         input_dims=(2, 2), output_dims=(2, 2))"
"Operator([[ 8.86340847e-01-0.43033515j, -8.40683207e-02-0.14781975j,
           -1.28992883e-02+0.01122621j,  8.59363227e-04+0.0004936j ],
          [ 2.67964103e-03-0.1700323j ,  9.64342661e-01-0.04628868j,
           -6.10197060e-02-0.18699359j, -1.28992883e-02+0.01122621j],
          [-1.60660926e-02-0.00585663j,  4.24330439e-02-0.19206625j,
            9.64342661e-01-0.04628868j, -8.40683207e-02-0.14781975j],
          [-5.17290102e-04+0.00084532j, -1.60660926e-02-0.00585663j,
            2.67964103e-03-0.1700323j ,  8.86340847e-01-0.43033515j]],
         input_dims=(2, 2), output_dims=(2, 2))"
"Operator([[ 8.86340847e-01-0.43033515j, -6.60867965e-02-0.15668662j,
           -1.51660531e-02+0.00790002j,  6.35046423e-04+0.00076083j],
          [-1.73504870e-02-0.16916596j,  9.64342661e-01-0.04628868j,
           -3.85879054e-02-0.19287556j, -1.51660531e-02+0.00790002j],
          [-1.69899939e-02-0.00193895j,  1.95334054e-02-0.19572546j,
            9.64342661e-01-0.04628868j, -6.60867965e-02-0.15668662j],
          [-1.92283388e-04+0.0009722j , -1.69899939e-02-0.00193895j,
           -1.73504870e-02-0.16916596j,  8.86340847e-01-0.43033515j]],
         input_dims=(2, 2), output_dims=(2, 2))"
"Operator([[ 8.86340847e-01-0.43033515j, -1.17160177e-02-0.16964934j,
           -1.68235541e-02-0.0030639j , -2.88163203e-04+0.00094821j],
          [-7.12601827e-02-0.15440255j,  9.64342661e-01-0.04628868j,
            2.60305994e-02-0.19496773j, -1.68235541e-02-0.0030639j ],
          [-1.46074472e-02+0.00889055j, -4.49798023e-02-0.19148584j,
            9.64342661e-01-0.04628868j, -1.17160177e-02-0.16964934j],
          [ 7.07670953e-04+0.00069379j, -1.46074472e-02+0.00889055j,
           -7.12601827e-02-0.15440255j,  8.86340847e-01-0.43033515j]],
         input_dims=(2, 2), output_dims=(2, 2))"
