unitary
"Operator([[ 0.59104213+0.42996398j,  0.42334936+0.15714791j,
            0.25279364+0.18348138j, -0.29817617-0.27459238j],
          [ 0.22014071+0.39428189j, -0.11622474+0.10198692j,
            0.03887985-0.8204198j ,  0.25279364+0.18348138j],
          [-0.14127746+0.27858701j,  0.5619552 -0.59900471j,
           -0.11622474+0.10198692j,  0.42334936+0.15714791j],
          [ 0.38968598-0.11160126j, -0.14127746+0.27858701j,
            0.22014071+0.39428189j,  0.59104213+0.42996398j]],
         input_dims=(2, 2), output_dims=(2, 2))"
"Operator([[ 0.59104213+0.42996398j, -0.16295157+0.42114953j,
           -0.24765508-0.19036019j, -0.28665028+0.28660359j],
          [ 0.39121904-0.22553892j, -0.11622474+0.10198692j,
            0.81980795+0.05015202j, -0.24765508-0.19036019j],
          [ 0.13356701-0.28236482j, -0.60667164-0.55366941j,
           -0.11622474+0.10198692j, -0.16295157+0.42114953j],
          [ 0.12756988+0.38475437j,  0.13356701-0.28236482j,
            0.39121904-0.22553892j,  0.59104213+0.42996398j]],
         input_dims=(2, 2), output_dims=(2, 2))"
"Operator([[ 0.59104213+0.42996398j, -0.34289648-0.29384034j,
            0.07328189+0.30364421j, -0.09346142+0.39442992j],
          [-0.34289648-0.29384034j, -0.11622474+0.10198692j,
           -0.32016691+0.75636859j,  0.07328189+0.30364421j],
          [ 0.07328189+0.30364421j, -0.32016691+0.75636859j,
           -0.11622474+0.10198692j, -0.34289648-0.29384034j],
          [-0.09346142+0.39442992j,  0.07328189+0.30364421j,
           -0.34289648-0.29384034j,  0.59104213+0.42996398j]],
         input_dims=(2, 2), output_dims=(2, 2))"
"Operator([[ 0.59104213+0.42996398j, -0.43508754+0.12090895j,
            0.25328793-0.18279843j,  0.17102704-0.36750477j],
          [ 0.05283671-0.44847344j, -0.11622474+0.10198692j,
            0.44952179+0.6874085j ,  0.25328793-0.18279843j],
          [-0.30878336-0.04714742j, -0.80643437+0.15576876j,
           -0.11622474+0.10198692j, -0.43508754+0.12090895j],
          [ 0.01206123-0.40517222j, -0.30878336-0.04714742j,
            0.05283671-0.44847344j,  0.59104213+0.42996398j]],
         input_dims=(2, 2), output_dims=(2, 2))"
"Operator([[ 0.59104213+0.42996398j,  0.25806521-0.37057049j,
           -0.1322599 -0.28297943j,  0.40441649-0.02751922j],
          [-0.32666768+0.31178257j, -0.11622474+0.10198692j,
           -0.78460218-0.24289856j, -0.1322599 -0.28297943j],
          [-0.01137062-0.31215501j,  0.72054717+0.39422337j,
           -0.11622474+0.10198692j,  0.25806521-0.37057049j],
          [-0.34906914-0.20606004j, -0.01137062-0.31215501j,
           -0.32666768+0.31178257j,  0.59104213+0.42996398j]],
         input_dims=(2, 2), output_dims=(2, 2))"
"Operator([[ 0.59104213+0.42996398j, -0.34289648-0.29384034j,
            0.07328189+0.30364421j, -0.09346142+0.39442992j],
          [-0.34289648-0.29384034j, -0.11622474+0.10198692j,
           -0.32016691+0.75636859j,  0.07328189+0.30364421j],
          [ 0.07328189+0.30364421j, -0.32016691+0.75636859j,
           -0.11622474+0.10198692j, -0.34289648-0.29384034j],
          [-0.09346142+0.39442992j,  0.07328189+0.30364421j,
           -0.34289648-0.29384034j,  0.59104213+0.42996398j]],
         input_dims=(2, 2), output_dims=(2, 2))"
"Operator([[ 0.59104213+0.42996398j,  0.44954739+0.04274676j,
            0.31058973+0.0332274j , -0.4050644 +0.01525885j],
          [ 0.11110257+0.43769437j, -0.11622474+0.10198692j,
           -0.17384897-0.80273086j,  0.31058973+0.0332274j ],
          [-0.2612446 +0.17123463j,  0.69733513-0.43396314j,
           -0.11622474+0.10198692j,  0.44954739+0.04274676j],
          [ 0.35514955+0.19539396j, -0.2612446 +0.17123463j,
            0.11110257+0.43769437j,  0.59104213+0.42996398j]],
         input_dims=(2, 2), output_dims=(2, 2))"
