unitary
"Operator([[ 8.86340847e-01-0.43033515j,  4.21826807e-02+0.16473853j,
           -1.68138086e-02+0.00311693j, -2.45314235e-04-0.00096019j],
          [ 4.21826807e-02+0.16473853j,  9.64342661e-01-0.04628868j,
            9.63322217e-03+0.19646172j, -1.68138086e-02+0.00311693j],
          [-1.68138086e-02+0.00311693j,  9.63322217e-03+0.19646172j,
            9.64342661e-01-0.04628868j,  4.21826807e-02+0.16473853j],
          [-2.45314235e-04-0.00096019j, -1.68138086e-02+0.00311693j,
            4.21826807e-02+0.16473853j,  8.86340847e-01-0.43033515j]],
         input_dims=(2, 2), output_dims=(2, 2))"
"Operator([[ 8.86340847e-01-0.43033515j,  1.69680795e-01+0.01125122j,
            1.53944035e-02+0.00744525j,  7.57654528e-04+0.00063883j],
          [-1.43391960e-01+0.09141613j,  9.64342661e-01-0.04628868j,
            1.89681886e-01+0.05206525j,  1.53944035e-02+0.00744525j],
          [ 1.17028041e-02-0.01246851j, -1.83678328e-01+0.07037244j,
            9.64342661e-01-0.04628868j,  1.69680795e-01+0.01125122j],
          [-3.58383958e-04+0.00092396j,  1.17028041e-02-0.01246851j,
           -1.43391960e-01+0.09141613j,  8.86340847e-01-0.43033515j]],
         input_dims=(2, 2), output_dims=(2, 2))"
"Operator([[ 8.86340847e-01-4.30335148e-01j,
            1.67915181e-01-2.68822332e-02j,
            1.71002729e-02+9.44663978e-06j,
            9.90708763e-04+2.54099984e-05j],
          [-1.60170774e-01+5.71269233e-02j,
            9.64342661e-01-4.62886825e-02j,
            1.96516521e-01+8.44185946e-03j,
            1.71002729e-02+9.44663978e-06j],
          [ 1.59606171e-02-6.13825095e-03j,
           -1.94747938e-01+2.76269576e-02j,
            9.64342661e-01-4.62886825e-02j,
            1.67915181e-01-2.68822332e-02j],
          [-8.57113554e-04+4.97499624e-04j,
            1.59606171e-02-6.13825095e-03j,
           -1.60170774e-01+5.71269233e-02j,
            8.86340847e-01-4.30335148e-01j]],
         input_dims=(2, 2), output_dims=(2, 2))"
"Operator([[ 8.86340847e-01-0.43033515j,  4.21826807e-02+0.16473853j,
           -1.68138086e-02+0.00311693j, -2.45314235e-04-0.00096019j],
          [ 4.21826807e-02+0.16473853j,  9.64342661e-01-0.04628868j,
            9.63322217e-03+0.19646172j, -1.68138086e-02+0.00311693j],
          [-1.68138086e-02+0.00311693j,  9.63322217e-03+0.19646172j,
            9.64342661e-01-0.04628868j,  4.21826807e-02+0.16473853j],
          [-2.45314235e-04-0.00096019j, -1.68138086e-02+0.00311693j,
            4.21826807e-02+0.16473853j,  8.86340847e-01-0.43033515j]],
         input_dims=(2, 2), output_dims=(2, 2))"
"Operator([[ 8.86340847e-01-0.43033515j,  1.48768718e-01-0.08237737j,
            1.31519269e-02-0.01092915j,  5.22705749e-04-0.00084198j],
          [-1.70051797e-01-0.00074071j,  9.64342661e-01-0.04628868j,
            1.87677201e-01-0.05888358j,  1.31519269e-02-0.01092915j],
          [ 1.61954645e-02+0.00548875j, -1.92537600e-01-0.04024029j,
            9.64342661e-01-0.04628868j,  1.48768718e-01-0.08237737j],
          [-8.62514088e-04-0.00048808j,  1.61954645e-02+0.00548875j,
           -1.70051797e-01-0.00074071j,  8.86340847e-01-0.43033515j]],
         input_dims=(2, 2), output_dims=(2, 2))"
"Operator([[ 8.86340847e-01-4.30335148e-01j,
           -1.22295256e-02+1.69613092e-01j,
           -1.53075129e-02-7.62230111e-03j,
            6.51845387e-04-7.46489861e-04j],
          [ 9.22414955e-02+1.42862412e-01j,
            9.64342661e-01-4.62886825e-02j,
           -5.31582101e-02+1.89378491e-01j,
           -1.53075129e-02-7.62230111e-03j],
          [-1.15582253e-02+1.26026526e-02j,
            7.14304742e-02+1.83269461e-01j,
            9.64342661e-01-4.62886825e-02j,
           -1.22295256e-02+1.69613092e-01j],
          [-9.30026009e-04-3.42346525e-04j,
           -1.15582253e-02+1.26026526e-02j,
            9.22414955e-02+1.42862412e-01j,
            8.86340847e-01-4.30335148e-01j]],
         input_dims=(2, 2), output_dims=(2, 2))"
"Operator([[ 8.86340847e-01-0.43033515j, -1.48811671e-01+0.08229975j,
            1.31633224e-02-0.01091542j, -5.24022802e-04+0.00084116j],
          [ 1.70052160e-01+0.000652j  ,  9.64342661e-01-0.04628868j,
           -1.87707893e-01+0.05878567j,  1.31633224e-02-0.01091542j],
          [ 1.62011823e-02+0.00547185j,  1.92558565e-01+0.04013984j,
            9.64342661e-01-0.04628868j, -1.48811671e-01+0.08229975j],
          [ 8.63276870e-04+0.00048673j,  1.62011823e-02+0.00547185j,
            1.70052160e-01+0.000652j  ,  8.86340847e-01-0.43033515j]],
         input_dims=(2, 2), output_dims=(2, 2))"
"Operator([[ 8.86340847e-01-0.43033515j, -1.41217701e-01+0.09474029j,
            1.11077580e-02-0.01300143j, -2.92810276e-04+0.00094679j],
          [ 1.69371720e-01+0.01521127j,  9.64342661e-01-0.04628868j,
           -1.81984581e-01+0.07464329j,  1.11077580e-02-0.01300143j],
          [ 1.50299153e-02+0.00815604j,  1.88414090e-01+0.05648131j,
            9.64342661e-01-0.04628868j, -1.41217701e-01+0.09474029j],
          [ 7.11065173e-04+0.00069032j,  1.50299153e-02+0.00815604j,
            1.69371720e-01+0.01521127j,  8.86340847e-01-0.43033515j]],
         input_dims=(2, 2), output_dims=(2, 2))"
"Operator([[ 8.86340847e-01-0.43033515j,  4.21826807e-02+0.16473853j,
           -1.68138086e-02+0.00311693j, -2.45314235e-04-0.00096019j],
          [ 4.21826807e-02+0.16473853j,  9.64342661e-01-0.04628868j,
            9.63322217e-03+0.19646172j, -1.68138086e-02+0.00311693j],
          [-1.68138086e-02+0.00311693j,  9.63322217e-03+0.19646172j,
            9.64342661e-01-0.04628868j,  4.21826807e-02+0.16473853j],
          [-2.45314235e-04-0.00096019j, -1.68138086e-02+0.00311693j,
            4.21826807e-02+0.16473853j,  8.86340847e-01-0.43033515j]],
         input_dims=(2, 2), output_dims=(2, 2))"
"Operator([[ 8.86340847e-01-0.43033515j, -1.24360103e-01+0.11598589j,
            6.46497891e-03-0.01583109j,  1.76478348e-04+0.00097519j],
          [ 1.64799419e-01+0.04194417j,  9.64342661e-01-0.04628868j,
           -1.67803496e-01+0.10262551j,  6.46497891e-03-0.01583109j],
          [ 1.17099035e-02+0.01246185j,  1.77038587e-01+0.08571667j,
            9.64342661e-01-0.04628868j, -1.24360103e-01+0.11598589j],
          [ 3.12910390e-04+0.00094034j,  1.17099035e-02+0.01246185j,
            1.64799419e-01+0.04194417j,  8.86340847e-01-0.43033515j]],
         input_dims=(2, 2), output_dims=(2, 2))"
