unitary
"Operator([[ 0.14873993-0.87453732j, -0.11988402-0.42287416j,
           -0.12566624-0.05877746j, -0.01652326+0.01861082j],
          [-0.41884784-0.13327126j,  0.71834518-0.06185492j,
            0.18787046-0.48209681j, -0.12566624-0.05877746j],
          [-0.00489792+0.13864632j, -0.29848156-0.42263626j,
            0.71834518-0.06185492j, -0.11988402-0.42287416j],
          [ 0.0196207 -0.01531042j, -0.00489792+0.13864632j,
           -0.41884784-0.13327126j,  0.14873993-0.87453732j]],
         input_dims=(2, 2), output_dims=(2, 2))"
"Operator([[ 0.14873993-0.87453732j,  0.30581933+0.31570441j,
           -0.11834605+0.07239479j, -0.01703118-0.01814716j],
          [ 0.30581933+0.31570441j,  0.71834518-0.06185492j,
            0.06279007+0.51358549j, -0.11834605+0.07239479j],
          [-0.11834605+0.07239479j,  0.06279007+0.51358549j,
            0.71834518-0.06185492j,  0.30581933+0.31570441j],
          [-0.01703118-0.01814716j, -0.11834605+0.07239479j,
            0.30581933+0.31570441j,  0.14873993-0.87453732j]],
         input_dims=(2, 2), output_dims=(2, 2))"
"Operator([[ 0.14873993-0.87453732j,  0.42630356+0.10705143j,
            0.01229548+0.13818688j, -0.01644938+0.01867616j],
          [ 0.09344035+0.4294923j ,  0.71834518-0.06185492j,
            0.32410592+0.40332121j,  0.01229548+0.13818688j],
          [-0.11742751-0.07387539j, -0.21739338+0.46952398j,
            0.71834518-0.06185492j,  0.42630356+0.10705143j],
          [ 0.01968122-0.01523254j, -0.11742751-0.07387539j,
            0.09344035+0.4294923j ,  0.14873993-0.87453732j]],
         input_dims=(2, 2), output_dims=(2, 2))"
"Operator([[ 0.14873993-0.87453732j,  0.33994605-0.27862415j,
            0.12867218-0.05186775j,  0.02178128-0.01203979j],
          [-0.28929389+0.33091355j,  0.71834518-0.06185492j,
            0.51702123-0.02004239j,  0.12867218-0.05186775j],
          [ 0.10477339-0.09093586j, -0.50662145+0.10510639j,
            0.71834518-0.06185492j,  0.33994605-0.27862415j],
          [-0.01339615+0.02097436j,  0.10477339-0.09093586j,
           -0.28929389+0.33091355j,  0.14873993-0.87453732j]],
         input_dims=(2, 2), output_dims=(2, 2))"
"Operator([[ 0.14873993-0.87453732j,  0.30581933+0.31570441j,
           -0.11834605+0.07239479j, -0.01703118-0.01814716j],
          [ 0.30581933+0.31570441j,  0.71834518-0.06185492j,
            0.06279007+0.51358549j, -0.11834605+0.07239479j],
          [-0.11834605+0.07239479j,  0.06279007+0.51358549j,
            0.71834518-0.06185492j,  0.30581933+0.31570441j],
          [-0.01703118-0.01814716j, -0.11834605+0.07239479j,
            0.30581933+0.31570441j,  0.14873993-0.87453732j]],
         input_dims=(2, 2), output_dims=(2, 2))"
