unitary
"Operator([[ 8.24651986e-01-0.52438853j, -7.76307257e-02-0.19552965j,
           -2.48513836e-02+0.00927878j,  9.31941151e-04+0.00168531j],
          [-5.19865228e-02-0.20385234j,  9.44798788e-01-0.055316j  ,
           -3.02845386e-02-0.24169439j, -2.48513836e-02+0.00927878j],
          [-2.63923023e-02+0.00267085j,  8.74968293e-04-0.24358277j,
            9.44798788e-01-0.055316j  , -7.76307257e-02-0.19552965j],
          [ 2.31302516e-04+0.00191188j, -2.63923023e-02+0.00267085j,
           -5.19865228e-02-0.20385234j,  8.24651986e-01-0.52438853j]],
         input_dims=(2, 2), output_dims=(2, 2))"
"Operator([[ 0.82465199-5.24388532e-01j, -0.14147896-1.55698677e-01j,
           -0.01258176+2.33535068e-02j,  0.00192565-2.55388075e-05j],
          [ 0.02308342-2.09106502e-01j,  0.94479879-5.53159953e-02j,
           -0.11340913-2.15572955e-01j, -0.01258176+2.33535068e-02j],
          [-0.02161397-1.53793221e-02j,  0.08654572-2.27690950e-01j,
            0.94479879-5.53159953e-02j, -0.14147896-1.55698677e-01j],
          [-0.001576  +1.10680845e-03j, -0.02161397-1.53793221e-02j,
            0.02308342-2.09106502e-01j,  0.82465199-5.24388532e-01j]],
         input_dims=(2, 2), output_dims=(2, 2))"
"Operator([[ 8.24651986e-01-0.52438853j,  6.49420862e-02+0.20010222j,
           -2.58339895e-02+0.00602429j, -5.92551551e-04-0.0018324j ],
          [ 6.49420862e-02+0.20010222j,  9.44798788e-01-0.055316j  ,
            1.47350671e-02+0.24313825j, -2.58339895e-02+0.00602429j],
          [-2.58339895e-02+0.00602429j,  1.47350671e-02+0.24313825j,
            9.44798788e-01-0.055316j  ,  6.49420862e-02+0.20010222j],
          [-5.92551551e-04-0.0018324j , -2.58339895e-02+0.00602429j,
            6.49420862e-02+0.20010222j,  8.24651986e-01-0.52438853j]],
         input_dims=(2, 2), output_dims=(2, 2))"
"Operator([[ 8.24651986e-01-0.52438853j,  6.49420862e-02+0.20010222j,
           -2.58339895e-02+0.00602429j, -5.92551551e-04-0.0018324j ],
          [ 6.49420862e-02+0.20010222j,  9.44798788e-01-0.055316j  ,
            1.47350671e-02+0.24313825j, -2.58339895e-02+0.00602429j],
          [-2.58339895e-02+0.00602429j,  1.47350671e-02+0.24313825j,
            9.44798788e-01-0.055316j  ,  6.49420862e-02+0.20010222j],
          [-5.92551551e-04-0.0018324j , -2.58339895e-02+0.00602429j,
            6.49420862e-02+0.20010222j,  8.24651986e-01-0.52438853j]],
         input_dims=(2, 2), output_dims=(2, 2))"
"Operator([[ 0.82465199-5.24388532e-01j, -0.20812107+3.07245114e-02j,
            0.02637988+2.79085440e-03j, -0.00189153-3.61798756e-04j],
          [ 0.18649901-9.73472842e-02j,  0.94479879-5.53159953e-02j,
           -0.24219852-2.59462161e-02j,  0.02637988+2.79085440e-03j],
          [ 0.02242436-1.41716329e-02j,  0.23729257-5.50051301e-02j,
            0.94479879-5.53159953e-02j, -0.20812107+3.07245114e-02j],
          [ 0.00132154-1.40082783e-03j,  0.02242436-1.41716329e-02j,
            0.18649901-9.73472842e-02j,  0.82465199-5.24388532e-01j]],
         input_dims=(2, 2), output_dims=(2, 2))"
"Operator([[ 0.82465199-5.24388532e-01j, -0.20187642+5.91970100e-02j,
            0.02613598-4.53847770e-03j, -0.00187641+4.33446041e-04j],
          [ 0.19816457-7.06341126e-02j,  0.94479879-5.53159953e-02j,
           -0.24346004+7.78060740e-03j,  0.02613598-4.53847770e-03j],
          [ 0.02544761-7.49042203e-03j,  0.24261784-2.16774900e-02j,
            0.94479879-5.53159953e-02j, -0.20187642+5.91970100e-02j],
          [ 0.00177492-7.47303054e-04j,  0.02544761-7.49042203e-03j,
            0.19816457-7.06341126e-02j,  0.82465199-5.24388532e-01j]],
         input_dims=(2, 2), output_dims=(2, 2))"
"Operator([[ 0.82465199-5.24388532e-01j, -0.13484115-1.61481383e-01j,
           -0.01449008+2.22199149e-02j,  0.0019137 +2.15787810e-04j],
          [ 0.01431487-2.09889157e-01j,  0.94479879-5.53159953e-02j,
           -0.10429095-2.20128886e-01j, -0.01449008+2.22199149e-02j],
          [-0.02282402-1.35185498e-02j,  0.07694408-2.31112392e-01j,
            0.94479879-5.53159953e-02j, -0.13484115-1.61481383e-01j],
          [-0.001425  +1.29543973e-03j, -0.02282402-1.35185498e-02j,
            0.01431487-2.09889157e-01j,  0.82465199-5.24388532e-01j]],
         input_dims=(2, 2), output_dims=(2, 2))"
"Operator([[ 0.82465199-0.52438853j, -0.1560121 -0.14113327j,
           -0.00780076+0.02535419j,  0.0018359 -0.0005816j ],
          [ 0.04340011-0.20585141j,  0.94479879-0.055316j  ,
           -0.13392549-0.20346325j, -0.00780076+0.02535419j],
          [-0.01821109-0.01928843j,  0.10837434-0.2181475j ,
            0.94479879-0.055316j  , -0.1560121 -0.14113327j],
          [-0.00182883+0.00060348j, -0.01821109-0.01928843j,
            0.04340011-0.20585141j,  0.82465199-0.52438853j]],
         input_dims=(2, 2), output_dims=(2, 2))"
