unitary
"Operator([[ 8.24651986e-01-0.52438853j,  6.49420862e-02+0.20010222j,
           -2.58339895e-02+0.00602429j, -5.92551551e-04-0.0018324j ],
          [ 6.49420862e-02+0.20010222j,  9.44798788e-01-0.055316j  ,
            1.47350671e-02+0.24313825j, -2.58339895e-02+0.00602429j],
          [-2.58339895e-02+0.00602429j,  1.47350671e-02+0.24313825j,
            9.44798788e-01-0.055316j  ,  6.49420862e-02+0.20010222j],
          [-5.92551551e-04-0.0018324j , -2.58339895e-02+0.00602429j,
            6.49420862e-02+0.20010222j,  8.24651986e-01-0.52438853j]],
         input_dims=(2, 2), output_dims=(2, 2))"
"Operator([[ 8.24651986e-01-0.52438853j,  6.49420862e-02+0.20010222j,
           -2.58339895e-02+0.00602429j, -5.92551551e-04-0.0018324j ],
          [ 6.49420862e-02+0.20010222j,  9.44798788e-01-0.055316j  ,
            1.47350671e-02+0.24313825j, -2.58339895e-02+0.00602429j],
          [-2.58339895e-02+0.00602429j,  1.47350671e-02+0.24313825j,
            9.44798788e-01-0.055316j  ,  6.49420862e-02+0.20010222j],
          [-5.92551551e-04-0.0018324j , -2.58339895e-02+0.00602429j,
            6.49420862e-02+0.20010222j,  8.24651986e-01-0.52438853j]],
         input_dims=(2, 2), output_dims=(2, 2))"
"Operator([[ 8.24651986e-01-0.52438853j,  1.87306487e-01+0.09578441j,
            5.96587708e-03+0.02584754j, -8.82512434e-04+0.00171172j],
          [-9.53607620e-02+0.18752253j,  9.44798788e-01-0.055316j  ,
            1.82161312e-01+0.16171143j,  5.96587708e-03+0.02584754j],
          [-6.08267228e-03-0.02582031j, -1.61299240e-01+0.18252639j,
            9.44798788e-01-0.055316j  ,  1.87306487e-01+0.09578441j],
          [ 1.71766064e-03+0.00087088j, -6.08267228e-03-0.02582031j,
           -9.53607620e-02+0.18752253j,  8.24651986e-01-0.52438853j]],
         input_dims=(2, 2), output_dims=(2, 2))"
"Operator([[ 8.24651986e-01-0.52438853j,  6.49420862e-02+0.20010222j,
           -2.58339895e-02+0.00602429j, -5.92551551e-04-0.0018324j ],
          [ 6.49420862e-02+0.20010222j,  9.44798788e-01-0.055316j  ,
            1.47350671e-02+0.24313825j, -2.58339895e-02+0.00602429j],
          [-2.58339895e-02+0.00602429j,  1.47350671e-02+0.24313825j,
            9.44798788e-01-0.055316j  ,  6.49420862e-02+0.20010222j],
          [-5.92551551e-04-0.0018324j , -2.58339895e-02+0.00602429j,
            6.49420862e-02+0.20010222j,  8.24651986e-01-0.52438853j]],
         input_dims=(2, 2), output_dims=(2, 2))"
"Operator([[ 8.24651986e-01-0.52438853j,  6.49420862e-02+0.20010222j,
           -2.58339895e-02+0.00602429j, -5.92551551e-04-0.0018324j ],
          [ 6.49420862e-02+0.20010222j,  9.44798788e-01-0.055316j  ,
            1.47350671e-02+0.24313825j, -2.58339895e-02+0.00602429j],
          [-2.58339895e-02+0.00602429j,  1.47350671e-02+0.24313825j,
            9.44798788e-01-0.055316j  ,  6.49420862e-02+0.20010222j],
          [-5.92551551e-04-0.0018324j , -2.58339895e-02+0.00602429j,
            6.49420862e-02+0.20010222j,  8.24651986e-01-0.52438853j]],
         input_dims=(2, 2), output_dims=(2, 2))"
"Operator([[ 8.24651986e-01-0.52438853j,  1.59401705e-01-0.13729337j,
            1.38042045e-02-0.0226524j ,  1.27845548e-04-0.00192158j],
          [-2.09645864e-01-0.01752099j,  9.44798788e-01-0.055316j  ,
            2.18509266e-01-0.10764307j,  1.38042045e-02-0.0226524j ],
          [ 2.24001898e-02+0.01420981j, -2.29909439e-01-0.08046725j,
            9.44798788e-01-0.055316j  ,  1.59401705e-01-0.13729337j],
          [-1.22876231e-03-0.00148288j,  2.24001898e-02+0.01420981j,
           -2.09645864e-01-0.01752099j,  8.24651986e-01-0.52438853j]],
         input_dims=(2, 2), output_dims=(2, 2))"
"Operator([[ 8.24651986e-01-0.52438853j,  2.05566416e-01+0.04473055j,
            1.79600701e-02+0.01952237j,  5.67883364e-04+0.00184019j],
          [-1.40121304e-01+0.15692162j,  9.44798788e-01-0.055316j  ,
            2.17442025e-01+0.10978295j,  1.79600701e-02+0.01952237j],
          [ 7.47216131e-03-0.02545297j, -2.02592824e-01+0.13523859j,
            9.44798788e-01-0.055316j  ,  2.05566416e-01+0.04473055j],
          [ 6.17112808e-04+0.00182427j,  7.47216131e-03-0.02545297j,
           -1.40121304e-01+0.15692162j,  8.24651986e-01-0.52438853j]],
         input_dims=(2, 2), output_dims=(2, 2))"
"Operator([[ 0.82465199-5.24388532e-01j,  0.14591263+1.51551565e-01j,
           -0.01121368+2.40403947e-02j, -0.00191623+1.91948641e-04j],
          [-0.02910744+2.08353378e-01j,  0.94479879-5.53159953e-02j,
            0.11958213+2.12210849e-01j, -0.01121368+2.40403947e-02j],
          [-0.02069082-1.66005078e-02j, -0.09307955+2.25098925e-01j,
            0.94479879-5.53159953e-02j,  0.14591263+1.51551565e-01j],
          [ 0.0016658 -9.66391318e-04j, -0.02069082-1.66005078e-02j,
           -0.02910744+2.08353378e-01j,  0.82465199-5.24388532e-01j]],
         input_dims=(2, 2), output_dims=(2, 2))"
