unitary
"Operator([[ 0.77344283-0.58634141j,  0.08375764+0.22311568j,
           -0.03326202+0.00891263j, -0.00100171-0.00268132j],
          [ 0.08375764+0.22311568j,  0.92846514-0.0607864j ,
            0.01889794+0.27553332j, -0.03326202+0.00891263j],
          [-0.03326202+0.00891263j,  0.01889794+0.27553332j,
            0.92846514-0.0607864j ,  0.08375764+0.22311568j],
          [-0.00100171-0.00268132j, -0.03326202+0.00891263j,
            0.08375764+0.22311568j,  0.77344283-0.58634141j]],
         input_dims=(2, 2), output_dims=(2, 2))"
"Operator([[ 7.73442832e-01-0.58634141j,  1.23166418e-01+0.20402446j,
           -2.78286422e-02+0.0202821j , -2.25900977e-03-0.00175777j],
          [ 4.15210624e-02+0.23467414j,  9.28465144e-01-0.0607864j ,
            6.89922726e-02+0.2674244j , -2.78286422e-02+0.0202821j ],
          [-3.42413817e-02-0.00365029j, -3.18344208e-02+0.27433978j,
            9.28465144e-01-0.0607864j ,  1.23166418e-01+0.20402446j],
          [ 5.53148588e-04-0.00280836j, -3.42413817e-02-0.00365029j,
            4.15210624e-02+0.23467414j,  7.73442832e-01-0.58634141j]],
         input_dims=(2, 2), output_dims=(2, 2))"
"Operator([[ 0.77344283-0.58634141j,  0.08375764+0.22311568j,
           -0.03326202+0.00891263j, -0.00100171-0.00268132j],
          [ 0.08375764+0.22311568j,  0.92846514-0.0607864j ,
            0.01889794+0.27553332j, -0.03326202+0.00891263j],
          [-0.03326202+0.00891263j,  0.01889794+0.27553332j,
            0.92846514-0.0607864j ,  0.08375764+0.22311568j],
          [-0.00100171-0.00268132j, -0.03326202+0.00891263j,
            0.08375764+0.22311568j,  0.77344283-0.58634141j]],
         input_dims=(2, 2), output_dims=(2, 2))"
"Operator([[ 0.77344283-0.58634141j,  0.21236672+0.10814954j,
            0.00590398+0.03392551j, -0.00152555+0.0024219j ],
          [-0.08873519+0.22118321j,  0.92846514-0.0607864j ,
            0.19986789+0.19060055j,  0.00590398+0.03392551j],
          [-0.01184994-0.03233227j, -0.17197335+0.21610394j,
            0.92846514-0.0607864j ,  0.21236672+0.10814954j],
          [ 0.00273983+0.0008284j , -0.01184994-0.03233227j,
           -0.08873519+0.22118321j,  0.77344283-0.58634141j]],
         input_dims=(2, 2), output_dims=(2, 2))"
"Operator([[ 0.77344283-0.58634141j,  0.2130751 +0.10674713j,
            0.00635077+0.03384471j, -0.00147735+0.00245159j],
          [-0.09019145+0.22059341j,  0.92846514-0.0607864j ,
            0.20112011+0.18927875j,  0.00635077+0.03384471j],
          [-0.01142261-0.0324857j , -0.17339431+0.21496548j,
            0.92846514-0.0607864j ,  0.2130751 +0.10674713j],
          [ 0.00272291+0.00088242j, -0.01142261-0.0324857j ,
           -0.09019145+0.22059341j,  0.77344283-0.58634141j]],
         input_dims=(2, 2), output_dims=(2, 2))"
"Operator([[ 7.73442832e-01-0.58634141j,  1.37626097e-01-0.19456363j,
            4.01764183e-03-0.03420023j, -1.55620043e-03-0.00240232j],
          [-2.31662432e-01-0.05593269j,  9.28465144e-01-0.0607864j ,
            2.17415091e-01-0.17031272j,  4.01764183e-03-0.03420023j],
          [ 2.05796516e-02+0.02760932j, -2.38632176e-01-0.13903391j,
            9.28465144e-01-0.0607864j ,  1.37626097e-01-0.19456363j],
          [-4.00114889e-04-0.00283422j,  2.05796516e-02+0.02760932j,
           -2.31662432e-01-0.05593269j,  7.73442832e-01-0.58634141j]],
         input_dims=(2, 2), output_dims=(2, 2))"
"Operator([[ 0.77344283-5.86341408e-01j,  0.02067468-2.37420526e-01j,
           -0.02782144-2.02919728e-02j, -0.00237781+1.59339261e-03j],
          [-0.17180482-1.65163710e-01j,  0.92846514-6.07863960e-02j,
            0.10180034-2.56734172e-01j, -0.02782144-2.02919728e-02j],
          [-0.01394791+3.14841660e-02j, -0.1358993 -2.40431124e-01j,
            0.92846514-6.07863960e-02j,  0.02067468-2.37420526e-01j],
          [ 0.0028401 -3.55965376e-04j, -0.01394791+3.14841660e-02j,
           -0.17180482-1.65163710e-01j,  0.77344283-5.86341408e-01j]],
         input_dims=(2, 2), output_dims=(2, 2))"
