unitary
"Operator([[ 0.64342104-0.70368247j,  0.13118932+0.26567659j,
           -0.05186141+0.01794479j, -0.00256566-0.00523951j],
          [ 0.13118932+0.26567659j,  0.88650541-0.0694078j ,
            0.02914994+0.34297913j, -0.05186141+0.01794479j],
          [-0.05186141+0.01794479j,  0.02914994+0.34297913j,
            0.88650541-0.0694078j ,  0.13118932+0.26567659j],
          [-0.00256566-0.00523951j, -0.05186141+0.01794479j,
            0.13118932+0.26567659j,  0.64342104-0.70368247j]],
         input_dims=(2, 2), output_dims=(2, 2))"
"Operator([[ 0.64342104-0.70368247j, -0.0727001 -0.28724447j,
           -0.05466375-0.00484718j, -0.00102716+0.00574282j],
          [-0.18387156-0.23234875j,  0.88650541-0.0694078j ,
            0.04325443-0.34148712j, -0.05466375-0.00484718j],
          [-0.03997826+0.03759468j, -0.10026401-0.32928943j,
            0.88650541-0.0694078j , -0.0727001 -0.28724447j],
          [ 0.00516631+0.00271003j, -0.03997826+0.03759468j,
           -0.18387156-0.23234875j,  0.64342104-0.70368247j]],
         input_dims=(2, 2), output_dims=(2, 2))"
"Operator([[ 0.64342104-0.70368247j, -0.2015908 -0.21715396j,
           -0.0335825 +0.04340319j,  0.00565731+0.00142471j],
          [-0.04986349-0.29207588j,  0.88650541-0.0694078j ,
           -0.12587356-0.32037517j, -0.0335825 +0.04340319j],
          [-0.05322558-0.01336634j,  0.07000105-0.33702263j,
            0.88650541-0.0694078j , -0.2015908 -0.21715396j],
          [-0.00234356+0.00534254j, -0.05322558-0.01336634j,
           -0.04986349-0.29207588j,  0.64342104-0.70368247j]],
         input_dims=(2, 2), output_dims=(2, 2))"
"Operator([[ 0.64342104-0.70368247j, -0.25604115-0.14912284j,
           -0.00374009+0.05475064j,  0.00468369-0.00347822j],
          [ 0.03725459-0.29395031j,  0.88650541-0.0694078j ,
           -0.21362415-0.26990577j, -0.00374009+0.05475064j],
          [-0.03677804-0.04073078j,  0.16501032-0.30208607j,
            0.88650541-0.0694078j , -0.25604115-0.14912284j],
          [-0.00561956+0.00156702j, -0.03677804-0.04073078j,
            0.03725459-0.29395031j,  0.64342104-0.70368247j]],
         input_dims=(2, 2), output_dims=(2, 2))"
"Operator([[ 0.64342104-0.70368247j, -0.2459314 -0.16526475j,
           -0.01072987+0.05381906j,  0.00526355-0.00251595j],
          [ 0.01829205-0.29573652j,  0.88650541-0.0694078j ,
           -0.19584203-0.28307296j, -0.01072987+0.05381906j],
          [-0.04169731-0.0356785j ,  0.14526114-0.31206346j,
            0.88650541-0.0694078j , -0.2459314 -0.16526475j],
          [-0.00521499+0.00261513j, -0.04169731-0.0356785j ,
            0.01829205-0.29573652j,  0.64342104-0.70368247j]],
         input_dims=(2, 2), output_dims=(2, 2))"
"Operator([[ 0.64342104-0.70368247j, -0.11424599-0.27339083j,
           -0.05370175+0.01130236j,  0.00153827+0.0056275j ],
          [-0.14761476-0.25691355j,  0.88650541-0.0694078j ,
           -0.00755345-0.34413274j, -0.05370175+0.01130236j],
          [-0.04920294+0.02430415j, -0.05063135-0.34047153j,
            0.88650541-0.0694078j , -0.11424599-0.27339083j],
          [ 0.00350212+0.00466585j, -0.04920294+0.02430415j,
           -0.14761476-0.25691355j,  0.64342104-0.70368247j]],
         input_dims=(2, 2), output_dims=(2, 2))"
"Operator([[ 0.64342104-0.70368247j,  0.13118932+0.26567659j,
           -0.05186141+0.01794479j, -0.00256566-0.00523951j],
          [ 0.13118932+0.26567659j,  0.88650541-0.0694078j ,
            0.02914994+0.34297913j, -0.05186141+0.01794479j],
          [-0.05186141+0.01794479j,  0.02914994+0.34297913j,
            0.88650541-0.0694078j ,  0.13118932+0.26567659j],
          [-0.00256566-0.00523951j, -0.05186141+0.01794479j,
            0.13118932+0.26567659j,  0.64342104-0.70368247j]],
         input_dims=(2, 2), output_dims=(2, 2))"
"Operator([[ 0.64342104-0.70368247j, -0.22613763+0.19145877j,
            0.03740424-0.0401565j , -0.00218461+0.00540948j],
          [ 0.28949267-0.06315603j,  0.88650541-0.0694078j ,
           -0.32579162+0.11110455j,  0.03740424-0.0401565j ],
          [ 0.05422347+0.00845199j,  0.33986895+0.05452978j,
            0.88650541-0.0694078j , -0.22613763+0.19145877j],
          [ 0.00561273+0.00159132j,  0.05422347+0.00845199j,
            0.28949267-0.06315603j,  0.64342104-0.70368247j]],
         input_dims=(2, 2), output_dims=(2, 2))"
"Operator([[ 0.64342104-0.70368247j,  0.13118932+0.26567659j,
           -0.05186141+0.01794479j, -0.00256566-0.00523951j],
          [ 0.13118932+0.26567659j,  0.88650541-0.0694078j ,
            0.02914994+0.34297913j, -0.05186141+0.01794479j],
          [-0.05186141+0.01794479j,  0.02914994+0.34297913j,
            0.88650541-0.0694078j ,  0.13118932+0.26567659j],
          [-0.00256566-0.00523951j, -0.05186141+0.01794479j,
            0.13118932+0.26567659j,  0.64342104-0.70368247j]],
         input_dims=(2, 2), output_dims=(2, 2))"
"Operator([[ 0.64342104-0.70368247j,  0.13118932+0.26567659j,
           -0.05186141+0.01794479j, -0.00256566-0.00523951j],
          [ 0.13118932+0.26567659j,  0.88650541-0.0694078j ,
            0.02914994+0.34297913j, -0.05186141+0.01794479j],
          [-0.05186141+0.01794479j,  0.02914994+0.34297913j,
            0.88650541-0.0694078j ,  0.13118932+0.26567659j],
          [-0.00256566-0.00523951j, -0.05186141+0.01794479j,
            0.13118932+0.26567659j,  0.64342104-0.70368247j]],
         input_dims=(2, 2), output_dims=(2, 2))"
"Operator([[ 6.43421039e-01-0.70368247j,  2.93664007e-01-0.03944795j,
            5.21412145e-02+0.01711476j,  5.06263240e-03+0.0028991j ],
          [-2.09849625e-01+0.20918371j,  8.86505412e-01-0.0694078j ,
            3.34320859e-01+0.08193878j,  5.21412145e-02+0.01711476j],
          [ 3.04133776e-02-0.04567984j, -3.15697514e-01+0.13718411j,
            8.86505412e-01-0.0694078j ,  2.93664007e-01-0.03944795j],
          [-8.14234959e-04+0.00577685j,  3.04133776e-02-0.04567984j,
           -2.09849625e-01+0.20918371j,  6.43421039e-01-0.70368247j]],
         input_dims=(2, 2), output_dims=(2, 2))"
