unitary
"Operator([[ 0.6967498 -0.66116202j,  0.11179695+0.25045957j,
           -0.04427972+0.01395935j, -0.0018299 -0.00412768j],
          [ 0.11179695+0.25045957j,  0.90380399-0.06663156j,
            0.02500247+0.31731586j, -0.04427972+0.01395935j],
          [-0.04427972+0.01395935j,  0.02500247+0.31731586j,
            0.90380399-0.06663156j,  0.11179695+0.25045957j],
          [-0.0018299 -0.00412768j, -0.04427972+0.01395935j,
            0.11179695+0.25045957j,  0.6967498 -0.66116202j]],
         input_dims=(2, 2), output_dims=(2, 2))"
"Operator([[ 0.6967498 -6.61162025e-01j, -0.20074767-1.86892819e-01j,
           -0.02072857+4.15437525e-02j,  0.00450939-2.27370536e-04j],
          [-0.00508297-2.74231136e-01j,  0.90380399-6.66315600e-02j,
           -0.14696335-2.82340670e-01j, -0.02072857+4.15437525e-02j],
          [-0.04080656-2.21445627e-02j,  0.10093101-3.01873169e-01j,
            0.90380399-6.66315600e-02j, -0.20074767-1.86892819e-01j],
          [-0.0031965 +3.18883706e-03j, -0.04080656-2.21445627e-02j,
           -0.00508297-2.74231136e-01j,  0.6967498 -6.61162025e-01j]],
         input_dims=(2, 2), output_dims=(2, 2))"
"Operator([[ 6.96749798e-01-0.66116202j, -2.64494185e-01-0.07260426j,
            2.22882324e-02+0.04072827j,  3.38821433e-04-0.00450239j],
          [ 1.22559775e-01-0.24537248j,  9.03803987e-01-0.06663156j,
           -2.61057238e-01-0.18210875j,  2.22882324e-02+0.04072827j],
          [-5.09955482e-03-0.04614706j,  2.29314770e-01-0.22074695j,
            9.03803987e-01-0.06663156j, -2.64494185e-01-0.07260426j],
          [-3.56384133e-03-0.00277224j, -5.09955482e-03-0.04614706j,
            1.22559775e-01-0.24537248j,  6.96749798e-01-0.66116202j]],
         input_dims=(2, 2), output_dims=(2, 2))"
"Operator([[ 0.6967498 -0.66116202j, -0.27267441-0.02961785j,
            0.03395003+0.03166943j, -0.00177494-0.00415161j],
          [ 0.16002157-0.22275918j,  0.90380399-0.06663156j,
           -0.28669567-0.13827534j,  0.03395003+0.03166943j],
          [ 0.0096491 -0.04541422j,  0.26150178-0.18146982j,
            0.90380399-0.06663156j, -0.27267441-0.02961785j],
          [-0.00188454-0.00410302j,  0.0096491 -0.04541422j,
            0.16002157-0.22275918j,  0.6967498 -0.66116202j]],
         input_dims=(2, 2), output_dims=(2, 2))"
"Operator([[ 0.6967498 -6.61162025e-01j,  0.26052935-8.57496917e-02j,
            0.04618822-4.71226189e-03j,  0.00448698-5.03324660e-04j],
          [-0.23779338+1.36685265e-01j,  0.90380399-6.66315600e-02j,
            0.31821348+7.39313907e-03j,  0.04618822-4.71226189e-03j],
          [ 0.04053986-2.26291051e-02j, -0.31312877+5.71388952e-02j,
            0.90380399-6.66315600e-02j,  0.26052935-8.57496917e-02j],
          [-0.00338594+2.98692771e-03j,  0.04053986-2.26291051e-02j,
           -0.23779338+1.36685265e-01j,  0.6967498 -6.61162025e-01j]],
         input_dims=(2, 2), output_dims=(2, 2))"
"Operator([[ 0.6967498 -0.66116202j, -0.27388783-0.01462898j,
            0.03721224+0.02776339j, -0.00243085-0.0038049j ],
          [ 0.17198973-0.21365413j,  0.90380399-0.06663156j,
           -0.29384317-0.1223547j ,  0.03721224+0.02776339j],
          [ 0.01456165-0.04408532j,  0.27105449-0.16686504j,
            0.90380399-0.06663156j, -0.27388783-0.01462898j],
          [-0.00118718-0.00435625j,  0.01456165-0.04408532j,
            0.17198973-0.21365413j,  0.6967498 -0.66116202j]],
         input_dims=(2, 2), output_dims=(2, 2))"
"Operator([[ 0.6967498 -0.66116202j,  0.11179695+0.25045957j,
           -0.04427972+0.01395935j, -0.0018299 -0.00412768j],
          [ 0.11179695+0.25045957j,  0.90380399-0.06663156j,
            0.02500247+0.31731586j, -0.04427972+0.01395935j],
          [-0.04427972+0.01395935j,  0.02500247+0.31731586j,
            0.90380399-0.06663156j,  0.11179695+0.25045957j],
          [-0.0018299 -0.00412768j, -0.04427972+0.01395935j,
            0.11179695+0.25045957j,  0.6967498 -0.66116202j]],
         input_dims=(2, 2), output_dims=(2, 2))"
"Operator([[ 0.6967498 -0.66116202j,  0.11179695+0.25045957j,
           -0.04427972+0.01395935j, -0.0018299 -0.00412768j],
          [ 0.11179695+0.25045957j,  0.90380399-0.06663156j,
            0.02500247+0.31731586j, -0.04427972+0.01395935j],
          [-0.04427972+0.01395935j,  0.02500247+0.31731586j,
            0.90380399-0.06663156j,  0.11179695+0.25045957j],
          [-0.0018299 -0.00412768j, -0.04427972+0.01395935j,
            0.11179695+0.25045957j,  0.6967498 -0.66116202j]],
         input_dims=(2, 2), output_dims=(2, 2))"
"Operator([[ 0.6967498 -0.66116202j,  0.21183633+0.17422377j,
           -0.01548425+0.0437698j , -0.00439148+0.00104938j],
          [-0.01175214+0.27402635j,  0.90380399-0.06663156j,
            0.16400957+0.27279175j, -0.01548425+0.0437698j ],
          [-0.03778708-0.0269758j , -0.11926238+0.29511178j,
            0.90380399-0.06663156j,  0.21183633+0.17422377j],
          [ 0.00372645-0.00254949j, -0.03778708-0.0269758j ,
           -0.01175214+0.27402635j,  0.6967498 -0.66116202j]],
         input_dims=(2, 2), output_dims=(2, 2))"
