unitary
"Operator([[ 0.84980762-4.89159468e-01j, -0.17741511+8.09793966e-02j,
            0.02001449-1.06467948e-02j, -0.00115626+9.83360625e-04j],
          [ 0.19280929-2.92977598e-02j,  0.95278545-5.20210443e-02j,
           -0.22144121+4.37008483e-02j,  0.02001449-1.06467948e-02j],
          [ 0.02262089+1.49318483e-03j,  0.22494344+1.86124127e-02j,
            0.95278545-5.20210443e-02j, -0.17741511+8.09793966e-02j],
          [ 0.00150557+1.92899982e-04j,  0.02262089+1.49318483e-03j,
            0.19280929-2.92977598e-02j,  0.84980762-4.89159468e-01j]],
         input_dims=(2, 2), output_dims=(2, 2))"
"Operator([[ 8.49807622e-01-0.48915947j, -1.34392324e-01+0.14132404j,
            7.07182881e-03-0.02153888j,  4.20900453e-04+0.00145835j],
          [ 1.89818246e-01+0.04475283j,  9.52785453e-01-0.05202104j,
           -1.89147779e-01+0.12316287j,  7.07182881e-03-0.02153888j],
          [ 1.52896841e-02+0.01673797j,  2.01757369e-01+0.10119258j,
            9.52785453e-01-0.05202104j, -1.34392324e-01+0.14132404j],
          [ 4.43273973e-04+0.0014517j ,  1.52896841e-02+0.01673797j,
            1.89818246e-01+0.04475283j,  8.49807622e-01-0.48915947j]],
         input_dims=(2, 2), output_dims=(2, 2))"
"Operator([[ 8.49807622e-01-0.48915947j, -1.03354231e-01+0.16538345j,
           -1.95124687e-03-0.02258599j,  1.17576599e-03+0.00095995j],
          [ 1.77003863e-01+0.08187438j,  9.52785453e-01-0.05202104j,
           -1.60638033e-01+0.15856039j, -1.95124687e-03-0.02258599j],
          [ 7.49158111e-03+0.0213965j ,  1.77393580e-01+0.13956179j,
            9.52785453e-01-0.05202104j, -1.03354231e-01+0.16538345j],
          [-4.61263123e-04+0.00144609j,  7.49158111e-03+0.0213965j ,
            1.77003863e-01+0.08187438j,  8.49807622e-01-0.48915947j]],
         input_dims=(2, 2), output_dims=(2, 2))"
"Operator([[ 8.49807622e-01-0.48915947j, -1.26692573e-01+0.14826589j,
            4.74599971e-03-0.02216776j,  6.47170145e-04+0.00137299j],
          [ 1.87171916e-01+0.05477642j,  9.52785453e-01-0.05202104j,
           -1.82335738e-01+0.13304004j,  4.74599971e-03-0.02216776j],
          [ 1.34269575e-02+0.01826612j,  1.96094998e-01+0.11177086j,
            9.52785453e-01-0.05202104j, -1.26692573e-01+0.14826589j],
          [ 2.07091291e-04+0.00150368j,  1.34269575e-02+0.01826612j,
            1.87171916e-01+0.05477642j,  8.49807622e-01-0.48915947j]],
         input_dims=(2, 2), output_dims=(2, 2))"
"Operator([[ 8.49807622e-01-0.48915947j,  5.56732257e-02+0.18690713j,
           -2.21650333e-02+0.00475873j, -4.32099984e-04-0.00145507j],
          [ 5.56732257e-02+0.18690713j,  9.52785453e-01-0.05202104j,
            1.26658519e-02+0.2253565j , -2.21650333e-02+0.00475873j],
          [-2.21650333e-02+0.00475873j,  1.26658519e-02+0.2253565j ,
            9.52785453e-01-0.05202104j,  5.56732257e-02+0.18690713j],
          [-4.32099984e-04-0.00145507j, -2.21650333e-02+0.00475873j,
            5.56732257e-02+0.18690713j,  8.49807622e-01-0.48915947j]],
         input_dims=(2, 2), output_dims=(2, 2))"
"Operator([[ 0.84980762-4.89159468e-01j, -0.18770145+5.29334322e-02j,
            0.02229474-4.10835523e-03j, -0.00147262+3.67853560e-04j],
          [ 0.18607282-5.84011078e-02j,  0.95278545-5.20210443e-02j,
           -0.22551765+9.36827113e-03j,  0.02229474-4.10835523e-03j],
          [ 0.02201636-5.40502324e-03j,  0.22514713-1.59607229e-02j,
            0.95278545-5.20210443e-02j, -0.18770145+5.29334322e-02j],
          [ 0.00143471-4.95514487e-04j,  0.02201636-5.40502324e-03j,
            0.18607282-5.84011078e-02j,  0.84980762-4.89159468e-01j]],
         input_dims=(2, 2), output_dims=(2, 2))"
"Operator([[ 8.49807622e-01-0.48915947j,  5.56732257e-02+0.18690713j,
           -2.21650333e-02+0.00475873j, -4.32099984e-04-0.00145507j],
          [ 5.56732257e-02+0.18690713j,  9.52785453e-01-0.05202104j,
            1.26658519e-02+0.2253565j , -2.21650333e-02+0.00475873j],
          [-2.21650333e-02+0.00475873j,  1.26658519e-02+0.2253565j ,
            9.52785453e-01-0.05202104j,  5.56732257e-02+0.18690713j],
          [-4.32099984e-04-0.00145507j, -2.21650333e-02+0.00475873j,
            5.56732257e-02+0.18690713j,  8.49807622e-01-0.48915947j]],
         input_dims=(2, 2), output_dims=(2, 2))"
"Operator([[ 8.49807622e-01-0.48915947j,  5.56732257e-02+0.18690713j,
           -2.21650333e-02+0.00475873j, -4.32099984e-04-0.00145507j],
          [ 5.56732257e-02+0.18690713j,  9.52785453e-01-0.05202104j,
            1.26658519e-02+0.2253565j , -2.21650333e-02+0.00475873j],
          [-2.21650333e-02+0.00475873j,  1.26658519e-02+0.2253565j ,
            9.52785453e-01-0.05202104j,  5.56732257e-02+0.18690713j],
          [-4.32099984e-04-0.00145507j, -2.21650333e-02+0.00475873j,
            5.56732257e-02+0.18690713j,  8.49807622e-01-0.48915947j]],
         input_dims=(2, 2), output_dims=(2, 2))"
"Operator([[ 8.49807622e-01-0.48915947j,  5.56732257e-02+0.18690713j,
           -2.21650333e-02+0.00475873j, -4.32099984e-04-0.00145507j],
          [ 5.56732257e-02+0.18690713j,  9.52785453e-01-0.05202104j,
            1.26658519e-02+0.2253565j , -2.21650333e-02+0.00475873j],
          [-2.21650333e-02+0.00475873j,  1.26658519e-02+0.2253565j ,
            9.52785453e-01-0.05202104j,  5.56732257e-02+0.18690713j],
          [-4.32099984e-04-0.00145507j, -2.21650333e-02+0.00475873j,
            5.56732257e-02+0.18690713j,  8.49807622e-01-0.48915947j]],
         input_dims=(2, 2), output_dims=(2, 2))"
"Operator([[ 8.49807622e-01-0.48915947j, -1.85820744e-01-0.05919826j,
            1.25460493e-02+0.01888202j, -9.97058928e-05-0.00151459j],
          [ 1.23142069e-01-0.15122769j,  9.52785453e-01-0.05202104j,
           -1.93390166e-01-0.11638822j,  1.25460493e-02+0.01888202j],
          [ 3.68991057e-03-0.02236781j,  1.79130550e-01-0.13732524j,
            9.52785453e-01-0.05202104j, -1.85820744e-01-0.05919826j],
          [-7.43108102e-04-0.00132353j,  3.68991057e-03-0.02236781j,
            1.23142069e-01-0.15122769j,  8.49807622e-01-0.48915947j]],
         input_dims=(2, 2), output_dims=(2, 2))"
"Operator([[ 8.49807622e-01-0.48915947j,  5.56732257e-02+0.18690713j,
           -2.21650333e-02+0.00475873j, -4.32099984e-04-0.00145507j],
          [ 5.56732257e-02+0.18690713j,  9.52785453e-01-0.05202104j,
            1.26658519e-02+0.2253565j , -2.21650333e-02+0.00475873j],
          [-2.21650333e-02+0.00475873j,  1.26658519e-02+0.2253565j ,
            9.52785453e-01-0.05202104j,  5.56732257e-02+0.18690713j],
          [-4.32099984e-04-0.00145507j, -2.21650333e-02+0.00475873j,
            5.56732257e-02+0.18690713j,  8.49807622e-01-0.48915947j]],
         input_dims=(2, 2), output_dims=(2, 2))"
"Operator([[ 0.84980762-4.89159468e-01j,  0.187583  -5.33516684e-02j,
            0.02227621-4.20769966e-03j,  0.00147013-3.77692266e-04j],
          [-0.18620252+5.79862250e-02j,  0.95278545-5.20210443e-02j,
            0.22549621-9.87090414e-03j,  0.02227621-4.20769966e-03j],
          [ 0.02204023-5.30682528e-03j, -0.22518214+1.54588528e-02j,
            0.95278545-5.20210443e-02j,  0.187583  -5.33516684e-02j],
          [-0.00143799+4.85909973e-04j,  0.02204023-5.30682528e-03j,
           -0.18620252+5.79862250e-02j,  0.84980762-4.89159468e-01j]],
         input_dims=(2, 2), output_dims=(2, 2))"
"Operator([[ 0.84980762-4.89159468e-01j,  0.19080879-4.03210695e-02j,
            0.02264291-1.11028584e-03j,  0.00151634-6.81795215e-05j],
          [-0.18177243+7.06581014e-02j,  0.95278545-5.20210443e-02j,
            0.22564105+5.66481533e-03j,  0.02264291-1.11028584e-03j],
          [ 0.02110322-8.28179743e-03j, -0.22358525+3.09129617e-02j,
            0.95278545-5.20210443e-02j,  0.19080879-4.03210695e-02j],
          [-0.00130779+7.70477797e-04j,  0.02110322-8.28179743e-03j,
           -0.18177243+7.06581014e-02j,  0.84980762-4.89159468e-01j]],
         input_dims=(2, 2), output_dims=(2, 2))"
