unitary
"Operator([[ 0.21267304-0.87021537j,  0.28390506+0.31660435j,
           -0.1102199 +0.06353963j, -0.01424286-0.01632255j],
          [ 0.28390506+0.31660435j,  0.74105272-0.0656797j ,
            0.05904052+0.49599915j, -0.1102199 +0.06353963j],
          [-0.1102199 +0.06353963j,  0.05904052+0.49599915j,
            0.74105272-0.0656797j ,  0.28390506+0.31660435j],
          [-0.01424286-0.01632255j, -0.1102199 +0.06353963j,
            0.28390506+0.31660435j,  0.21267304-0.87021537j]],
         input_dims=(2, 2), output_dims=(2, 2))"
"Operator([[ 0.21267304-0.87021537j,  0.42483204-0.01892437j,
            0.08396316+0.09558189j,  0.00491355+0.02109839j],
          [-0.06494211+0.4202653j ,  0.74105272-0.0656797j ,
            0.42106645+0.26870799j,  0.08396316+0.09558189j],
          [-0.04063747-0.12055831j, -0.34622421+0.36004129j,
            0.74105272-0.0656797j ,  0.42483204-0.01892437j],
          [ 0.02023837+0.00772613j, -0.04063747-0.12055831j,
           -0.06494211+0.4202653j ,  0.21267304-0.87021537j]],
         input_dims=(2, 2), output_dims=(2, 2))"
"Operator([[ 0.21267304-0.87021537j,  0.06190181-0.42072386j,
           -0.04237649-0.11995809j, -0.02040118-0.00728536j],
          [-0.42495777+0.01585225j,  0.74105272-0.0656797j ,
            0.34361199-0.36253515j, -0.04237649-0.11995809j],
          [ 0.08257226+0.09678601j, -0.41911263-0.27174536j,
            0.74105272-0.0656797j ,  0.06190181-0.42072386j],
          [-0.00445479-0.02119999j,  0.08257226+0.09678601j,
           -0.42495777+0.01585225j,  0.21267304-0.87021537j]],
         input_dims=(2, 2), output_dims=(2, 2))"
"Operator([[ 0.21267304-0.87021537j, -0.30169648+0.29969924j,
            0.10316563-0.07444839j, -0.01395734+0.01656736j],
          [ 0.3306864 -0.26737035j,  0.74105272-0.0656797j ,
           -0.49233792+0.08428709j,  0.10316563-0.07444839j],
          [ 0.11612493-0.05196835j,  0.49836662-0.03363995j,
            0.74105272-0.0656797j , -0.30169648+0.29969924j],
          [ 0.01830525-0.01158459j,  0.11612493-0.05196835j,
            0.3306864 -0.26737035j,  0.21267304-0.87021537j]],
         input_dims=(2, 2), output_dims=(2, 2))"
"Operator([[ 0.21267304-0.87021537j,  0.28390506+0.31660435j,
           -0.1102199 +0.06353963j, -0.01424286-0.01632255j],
          [ 0.28390506+0.31660435j,  0.74105272-0.0656797j ,
            0.05904052+0.49599915j, -0.1102199 +0.06353963j],
          [-0.1102199 +0.06353963j,  0.05904052+0.49599915j,
            0.74105272-0.0656797j ,  0.28390506+0.31660435j],
          [-0.01424286-0.01632255j, -0.1102199 +0.06353963j,
            0.28390506+0.31660435j,  0.21267304-0.87021537j]],
         input_dims=(2, 2), output_dims=(2, 2))"
"Operator([[ 0.21267304-0.87021537j,  0.04386963+0.42298446j,
           -0.09460269-0.08506492j,  0.01990797-0.00854151j],
          [ 0.41572   +0.08953926j,  0.74105272-0.0656797j ,
           -0.24348655+0.43613672j, -0.09460269-0.08506492j],
          [ 0.02620458+0.1244951j ,  0.33906219+0.3667939j ,
            0.74105272-0.0656797j ,  0.04386963+0.42298446j],
          [-0.01115941+0.01856751j,  0.02620458+0.1244951j ,
            0.41572   +0.08953926j,  0.21267304-0.87021537j]],
         input_dims=(2, 2), output_dims=(2, 2))"
"Operator([[ 0.21267304-0.87021537j, -0.33781643-0.25830303j,
           -0.07938685+0.09941548j,  0.02074393+0.00624294j],
          [-0.22009458-0.36386642j,  0.74105272-0.0656797j ,
           -0.150224  -0.47637557j, -0.07938685+0.09941548j],
          [-0.1258145 +0.01887911j,  0.03420157-0.49832839j,
            0.74105272-0.0656797j , -0.33781643-0.25830303j],
          [ 0.00337555+0.02139838j, -0.1258145 +0.01887911j,
           -0.22009458-0.36386642j,  0.21267304-0.87021537j]],
         input_dims=(2, 2), output_dims=(2, 2))"
