unitary
"Operator([[-0.0710086 -0.86497666j, -0.22468417+0.17031468j,
           -0.11971077+0.10773091j,  0.37534576+0.0214948j ],
          [-0.22468417+0.17031468j, -0.72812456-0.34725482j,
           -0.16055736+0.46695113j, -0.11971077+0.10773091j],
          [-0.11971077+0.10773091j, -0.16055736+0.46695113j,
           -0.72812456-0.34725482j, -0.22468417+0.17031468j],
          [ 0.37534576+0.0214948j , -0.11971077+0.10773091j,
           -0.22468417+0.17031468j, -0.0710086 -0.86497666j]],
         input_dims=(2, 2), output_dims=(2, 2))"
"Operator([[-0.0710086 -0.86497666j,  0.27577117-0.05865433j,
           -0.15935114-0.02332019j, -0.07338724-0.3687286j ],
          [ 0.13097842-0.24966923j, -0.72812456-0.34725482j,
            0.34381874-0.354416j  , -0.15935114-0.02332019j],
          [ 0.00645084+0.16091925j, -0.05315902-0.49091358j,
           -0.72812456-0.34725482j,  0.27577117-0.05865433j],
          [-0.11500113+0.35794023j,  0.00645084+0.16091925j,
            0.13097842-0.24966923j, -0.0710086 -0.86497666j]],
         input_dims=(2, 2), output_dims=(2, 2))"
"Operator([[-0.0710086 -0.86497666j, -0.22468417+0.17031468j,
           -0.11971077+0.10773091j,  0.37534576+0.0214948j ],
          [-0.22468417+0.17031468j, -0.72812456-0.34725482j,
           -0.16055736+0.46695113j, -0.11971077+0.10773091j],
          [-0.11971077+0.10773091j, -0.16055736+0.46695113j,
           -0.72812456-0.34725482j, -0.22468417+0.17031468j],
          [ 0.37534576+0.0214948j , -0.11971077+0.10773091j,
           -0.22468417+0.17031468j, -0.0710086 -0.86497666j]],
         input_dims=(2, 2), output_dims=(2, 2))"
