unitary
"Operator([[-0.10434541-0.84554544j,  0.38976391+0.29256656j,
           -0.14860844+0.11367974j, -0.03176137-0.02524899j],
          [ 0.38976391+0.29256656j,  0.62417754-0.03862586j,
            0.07510273+0.57510988j, -0.14860844+0.11367974j],
          [-0.14860844+0.11367974j,  0.07510273+0.57510988j,
            0.62417754-0.03862586j,  0.38976391+0.29256656j],
          [-0.03176137-0.02524899j, -0.14860844+0.11367974j,
            0.38976391+0.29256656j, -0.10434541-0.84554544j]],
         input_dims=(2, 2), output_dims=(2, 2))"
"Operator([[-0.10434541-0.84554544j,  0.38976391+0.29256656j,
           -0.14860844+0.11367974j, -0.03176137-0.02524899j],
          [ 0.38976391+0.29256656j,  0.62417754-0.03862586j,
            0.07510273+0.57510988j, -0.14860844+0.11367974j],
          [-0.14860844+0.11367974j,  0.07510273+0.57510988j,
            0.62417754-0.03862586j,  0.38976391+0.29256656j],
          [-0.03176137-0.02524899j, -0.14860844+0.11367974j,
            0.38976391+0.29256656j, -0.10434541-0.84554544j]],
         input_dims=(2, 2), output_dims=(2, 2))"
"Operator([[-0.10434541-0.84554544j,  0.42957542-0.23016528j,
            0.18271363+0.04028997j,  0.03727733+0.01602176j],
          [-0.10105891+0.476758j  ,  0.62417754-0.03862586j,
            0.5531952 +0.17426091j,  0.18271363+0.04028997j],
          [ 0.00892983-0.18688983j, -0.4898941 +0.31047635j,
            0.62417754-0.03862586j,  0.42957542-0.23016528j],
          [ 0.02401582+0.03270377j,  0.00892983-0.18688983j,
           -0.10105891+0.476758j  , -0.10434541-0.84554544j]],
         input_dims=(2, 2), output_dims=(2, 2))"
"Operator([[-0.10434541-0.84554544j, -0.4553637 -0.17365194j,
           -0.06567246+0.17519897j,  0.04000962-0.00674734j],
          [-0.29389685-0.38876181j,  0.62417754-0.03862586j,
           -0.23088762-0.53205517j, -0.06567246+0.17519897j],
          [-0.1862796 +0.01753465j,  0.0865143 -0.5735042j ,
            0.62417754-0.03862586j, -0.4553637 -0.17365194j],
          [ 0.00244947+0.04050057j, -0.1862796 +0.01753465j,
           -0.29389685-0.38876181j, -0.10434541-0.84554544j]],
         input_dims=(2, 2), output_dims=(2, 2))"
"Operator([[-0.10434541-0.84554544j,  0.38976391+0.29256656j,
           -0.14860844+0.11367974j, -0.03176137-0.02524899j],
          [ 0.38976391+0.29256656j,  0.62417754-0.03862586j,
            0.07510273+0.57510988j, -0.14860844+0.11367974j],
          [-0.14860844+0.11367974j,  0.07510273+0.57510988j,
            0.62417754-0.03862586j,  0.38976391+0.29256656j],
          [-0.03176137-0.02524899j, -0.14860844+0.11367974j,
            0.38976391+0.29256656j, -0.10434541-0.84554544j]],
         input_dims=(2, 2), output_dims=(2, 2))"
"Operator([[-0.10434541-0.84554544j,  0.45517293+0.17415138j,
           -0.0660567 +0.17505446j, -0.04003161+0.00661563j],
          [ 0.29432315+0.38843916j,  0.62417754-0.03862586j,
            0.2303038 +0.53230814j, -0.0660567 +0.17505446j],
          [-0.18624068+0.01794331j, -0.08588509+0.57359877j,
            0.62417754-0.03862586j,  0.45517293+0.17415138j],
          [-0.00258275-0.04049229j, -0.18624068+0.01794331j,
            0.29432315+0.38843916j, -0.10434541-0.84554544j]],
         input_dims=(2, 2), output_dims=(2, 2))"
"Operator([[-0.10434541-0.84554544j,  0.23179472+0.42869838j,
           -0.18301432-0.03890129j,  0.0155961 -0.03745741j],
          [ 0.47637085+0.10286844j,  0.62417754-0.03862586j,
           -0.17215916+0.55385288j, -0.18301432-0.03890129j],
          [-0.01034881+0.18681663j,  0.30861398+0.49106945j,
            0.62417754-0.03862586j,  0.23179472+0.42869838j],
          [-0.03297521+0.02364174j, -0.01034881+0.18681663j,
            0.47637085+0.10286844j, -0.10434541-0.84554544j]],
         input_dims=(2, 2), output_dims=(2, 2))"
