unitary
"Operator([[ 9.48847733e-01-2.94128629e-01j,
           -5.37216971e-02-1.01151527e-01j,
           -5.52217177e-03+5.30048882e-03j,
            2.67000165e-04+1.25708692e-04j],
          [ 1.76235677e-02-1.13168291e-01j,
            9.84006562e-01-3.22239178e-02j,
           -4.59277037e-02-1.24125380e-01j,
           -5.52217177e-03+5.30048882e-03j],
          [-6.64074010e-03-3.80659082e-03j,
            3.76321709e-02-1.26886893e-01j,
            9.84006562e-01-3.22239178e-02j,
           -5.37216971e-02-1.01151527e-01j],
          [-2.11156136e-04+2.06167044e-04j,
           -6.64074010e-03-3.80659082e-03j,
            1.76235677e-02-1.13168291e-01j,
            9.48847733e-01-2.94128629e-01j]],
         input_dims=(2, 2), output_dims=(2, 2))"
"Operator([[ 9.48847733e-01-2.94128629e-01j,
           -8.23916750e-02-7.95566722e-02j,
           -1.34407293e-03+7.53545159e-03j,
            2.58415150e-04-1.42524994e-04j],
          [ 5.17855545e-02-1.02156295e-01j,
            9.84006562e-01-3.22239178e-02j,
           -8.20911887e-02-1.03814742e-01j,
           -1.34407293e-03+7.53545159e-03j],
          [-3.12768242e-03-6.98621252e-03j,
            7.50577474e-02-1.09008250e-01j,
            9.84006562e-01-3.22239178e-02j,
           -8.23916750e-02-7.95566722e-02j],
          [-2.90828577e-04-5.01049112e-05j,
           -3.12768242e-03-6.98621252e-03j,
            5.17855545e-02-1.02156295e-01j,
            9.48847733e-01-2.94128629e-01j]],
         input_dims=(2, 2), output_dims=(2, 2))"
"Operator([[ 9.48847733e-01-2.94128629e-01j,
           -1.14349288e-01-6.47244056e-03j,
            7.25465265e-03+2.44122462e-03j,
           -2.58487257e-04-1.42394176e-04j],
          [ 1.05920134e-01-4.35726684e-02j,
            9.84006562e-01-3.22239178e-02j,
           -1.29958768e-01-2.50436112e-02j,
            7.25465265e-03+2.44122462e-03j],
          [ 6.44825197e-03-4.12427075e-03j,
            1.28021706e-01-3.35694312e-02j,
            9.84006562e-01-3.22239178e-02j,
           -1.14349288e-01-6.47244056e-03j],
          [ 1.97651375e-04-2.19147661e-04j,
            6.44825197e-03-4.12427075e-03j,
            1.05920134e-01-4.35726684e-02j,
            9.48847733e-01-2.94128629e-01j]],
         input_dims=(2, 2), output_dims=(2, 2))"
"Operator([[ 9.48847733e-01-2.94128629e-01j,
           -3.78493297e-02+1.08097551e-01j,
           -4.84674109e-03-5.92441251e-03j,
            2.87574948e-04-6.62752809e-05j],
          [ 7.11705258e-02+8.97352130e-02j,
            9.84006562e-01-3.22239178e-02j,
           -6.00135672e-02+1.17961162e-01j,
           -4.84674109e-03-5.92441251e-03j],
          [-3.26898867e-03+6.92121924e-03j,
            6.76709466e-02+1.13741404e-01j,
            9.84006562e-01-3.22239178e-02j,
           -3.78493297e-02+1.08097551e-01j],
          [-2.93428375e-04+3.14889220e-05j,
           -3.26898867e-03+6.92121924e-03j,
            7.11705258e-02+8.97352130e-02j,
            9.48847733e-01-2.94128629e-01j]],
         input_dims=(2, 2), output_dims=(2, 2))"
"Operator([[ 9.48847733e-01-2.94128629e-01j,
           -7.32412880e-03+1.14297897e-01j,
           -7.21747564e-03-2.54904062e-03j,
            1.48135145e-04-2.55240558e-04j],
          [ 4.43605325e-02+1.05592591e-01j,
            9.84006562e-01-3.22239178e-02j,
           -2.60110700e-02+1.29768595e-01j,
           -7.21747564e-03-2.54904062e-03j],
          [-6.38608879e-03+4.21988539e-03j,
            3.45222229e-02+1.27768071e-01j,
            9.84006562e-01-3.22239178e-02j,
           -7.32412880e-03+1.14297897e-01j],
          [-2.23509936e-04-1.92704624e-04j,
           -6.38608879e-03+4.21988539e-03j,
            4.43605325e-02+1.05592591e-01j,
            9.48847733e-01-2.94128629e-01j]],
         input_dims=(2, 2), output_dims=(2, 2))"
"Operator([[ 9.48847733e-01-2.94128629e-01j,
           -5.29996384e-03+1.14409626e-01j,
           -7.30317301e-03-2.29199188e-03j,
            1.34379099e-04-2.62743261e-04j],
          [ 4.24846456e-02+1.06361210e-01j,
            9.84006562e-01-3.22239178e-02j,
           -2.37101539e-02+1.30208650e-01j,
           -7.30317301e-03-2.29199188e-03j],
          [-6.53144408e-03+3.99121547e-03j,
            3.22553818e-02+1.28359083e-01j,
            9.84006562e-01-3.22239178e-02j,
           -5.29996384e-03+1.14409626e-01j],
          [-2.12966826e-04-2.04296095e-04j,
           -6.53144408e-03+3.99121547e-03j,
            4.24846456e-02+1.06361210e-01j,
            9.48847733e-01-2.94128629e-01j]],
         input_dims=(2, 2), output_dims=(2, 2))"
"Operator([[ 9.48847733e-01-2.94128629e-01j,
           -1.05436626e-02+1.14045970e-01j,
           -7.06232671e-03-2.95179676e-03j,
            1.69170866e-04-2.41811872e-04j],
          [ 4.73199118e-02+1.04299943e-01j,
            9.84006562e-01-3.22239178e-02j,
           -2.96593469e-02+1.28983670e-01j,
           -7.06232671e-03-2.95179676e-03j],
          [-6.13808544e-03+4.57312474e-03j,
            3.81107150e-02+1.26743984e-01j,
            9.84006562e-01-3.22239178e-02j,
           -1.05436626e-02+1.14045970e-01j],
          [-2.38992443e-04-1.73131094e-04j,
           -6.13808544e-03+4.57312474e-03j,
            4.73199118e-02+1.04299943e-01j,
            9.48847733e-01-2.94128629e-01j]],
         input_dims=(2, 2), output_dims=(2, 2))"
"Operator([[ 9.48847733e-01-2.94128629e-01j,
           -1.81720869e-02+1.13081508e-01j,
           -6.60351376e-03-3.87080983e-03j,
            2.14132668e-04-2.03073790e-04j],
          [ 5.42115254e-02+1.00889854e-01j,
            9.84006562e-01-3.22239178e-02j,
           -3.82469731e-02+1.26702932e-01j,
           -6.60351376e-03-3.87080983e-03j],
          [-5.47051108e-03+5.35379037e-03j,
            4.65290184e-02+1.23901228e-01j,
            9.84006562e-01-3.22239178e-02j,
           -1.81720869e-02+1.13081508e-01j],
          [-2.68800456e-04-1.21811652e-04j,
           -5.47051108e-03+5.35379037e-03j,
            5.42115254e-02+1.00889854e-01j,
            9.48847733e-01-2.94128629e-01j]],
         input_dims=(2, 2), output_dims=(2, 2))"
"Operator([[ 9.48847733e-01-2.94128629e-01j,
            1.90228649e-02+1.12941502e-01j,
           -7.59729104e-03+9.33129995e-04j,
           -4.89696385e-05-2.91021886e-04j],
          [ 1.90228649e-02+1.12941502e-01j,
            9.84006562e-01-3.22239178e-02j,
            4.37155056e-03+1.32277562e-01j,
           -7.59729104e-03+9.33129995e-04j],
          [-7.59729104e-03+9.33129995e-04j,
            4.37155056e-03+1.32277562e-01j,
            9.84006562e-01-3.22239178e-02j,
            1.90228649e-02+1.12941502e-01j],
          [-4.89696385e-05-2.91021886e-04j,
           -7.59729104e-03+9.33129995e-04j,
            1.90228649e-02+1.12941502e-01j,
            9.48847733e-01-2.94128629e-01j]],
         input_dims=(2, 2), output_dims=(2, 2))"
"Operator([[ 9.48847733e-01-2.94128629e-01j,
            1.90228649e-02+1.12941502e-01j,
           -7.59729104e-03+9.33129995e-04j,
           -4.89696385e-05-2.91021886e-04j],
          [ 1.90228649e-02+1.12941502e-01j,
            9.84006562e-01-3.22239178e-02j,
            4.37155056e-03+1.32277562e-01j,
           -7.59729104e-03+9.33129995e-04j],
          [-7.59729104e-03+9.33129995e-04j,
            4.37155056e-03+1.32277562e-01j,
            9.84006562e-01-3.22239178e-02j,
            1.90228649e-02+1.12941502e-01j],
          [-4.89696385e-05-2.91021886e-04j,
           -7.59729104e-03+9.33129995e-04j,
            1.90228649e-02+1.12941502e-01j,
            9.48847733e-01-2.94128629e-01j]],
         input_dims=(2, 2), output_dims=(2, 2))"
"Operator([[ 9.48847733e-01-2.94128629e-01j,
           -4.08240624e-02+1.07009570e-01j,
           -4.51180003e-03-6.18330197e-03j,
            2.92078198e-04-4.22148079e-05j],
          [ 7.36247448e-02+8.77328282e-02j,
            9.84006562e-01-3.22239178e-02j,
           -6.32525811e-02+1.16256505e-01j,
           -4.51180003e-03-6.18330197e-03j],
          [-2.88135253e-03+7.09135885e-03j,
            7.07903438e-02+1.11826612e-01j,
            9.84006562e-01-3.22239178e-02j,
           -4.08240624e-02+1.07009570e-01j],
          [-2.89809378e-04+5.56981863e-05j,
           -2.88135253e-03+7.09135885e-03j,
            7.36247448e-02+8.77328282e-02j,
            9.48847733e-01-2.94128629e-01j]],
         input_dims=(2, 2), output_dims=(2, 2))"
"Operator([[ 9.48847733e-01-2.94128629e-01j,
            3.00446200e-02-1.10521369e-01j,
           -5.64022946e-03-5.17468592e-03j,
           -2.66926468e-04+1.25865102e-04j],
          [-6.45903934e-02-9.45818867e-02j,
            9.84006562e-01-3.22239178e-02j,
            5.14490664e-02-1.21940385e-01j,
           -5.64022946e-03-5.17468592e-03j],
          [-4.22032398e-03+6.38579895e-03j,
           -5.93878598e-02-1.18277411e-01j,
            9.84006562e-01-3.22239178e-02j,
            3.00446200e-02-1.10521369e-01j],
          [ 2.93418913e-04+3.15769675e-05j,
           -4.22032398e-03+6.38579895e-03j,
           -6.45903934e-02-9.45818867e-02j,
            9.48847733e-01-2.94128629e-01j]],
         input_dims=(2, 2), output_dims=(2, 2))"
"Operator([[ 9.48847733e-01-2.94128629e-01j,
            4.01418162e-02-1.07267361e-01j,
           -4.59018093e-03-6.12534095e-03j,
           -2.91218496e-04+4.77865139e-05j],
          [-7.30645846e-02-8.81998791e-02j,
            9.84006562e-01-3.22239178e-02j,
            6.25109973e-02-1.16656929e-01j,
           -4.59018093e-03-6.12534095e-03j],
          [-2.97143012e-03+7.05408858e-03j,
           -7.00768160e-02-1.12275126e-01j,
            9.84006562e-01-3.22239178e-02j,
            4.01418162e-02-1.07267361e-01j],
          [ 2.90820469e-04-5.01519542e-05j,
           -2.97143012e-03+7.05408858e-03j,
           -7.30645846e-02-8.81998791e-02j,
            9.48847733e-01-2.94128629e-01j]],
         input_dims=(2, 2), output_dims=(2, 2))"
"Operator([[ 9.48847733e-01-2.94128629e-01j,
            1.90228649e-02+1.12941502e-01j,
           -7.59729104e-03+9.33129995e-04j,
           -4.89696385e-05-2.91021886e-04j],
          [ 1.90228649e-02+1.12941502e-01j,
            9.84006562e-01-3.22239178e-02j,
            4.37155056e-03+1.32277562e-01j,
           -7.59729104e-03+9.33129995e-04j],
          [-7.59729104e-03+9.33129995e-04j,
            4.37155056e-03+1.32277562e-01j,
            9.84006562e-01-3.22239178e-02j,
            1.90228649e-02+1.12941502e-01j],
          [-4.89696385e-05-2.91021886e-04j,
           -7.59729104e-03+9.33129995e-04j,
            1.90228649e-02+1.12941502e-01j,
            9.48847733e-01-2.94128629e-01j]],
         input_dims=(2, 2), output_dims=(2, 2))"
"Operator([[ 9.48847733e-01-2.94128629e-01j,
            1.90228649e-02+1.12941502e-01j,
           -7.59729104e-03+9.33129995e-04j,
           -4.89696385e-05-2.91021886e-04j],
          [ 1.90228649e-02+1.12941502e-01j,
            9.84006562e-01-3.22239178e-02j,
            4.37155056e-03+1.32277562e-01j,
           -7.59729104e-03+9.33129995e-04j],
          [-7.59729104e-03+9.33129995e-04j,
            4.37155056e-03+1.32277562e-01j,
            9.84006562e-01-3.22239178e-02j,
            1.90228649e-02+1.12941502e-01j],
          [-4.89696385e-05-2.91021886e-04j,
           -7.59729104e-03+9.33129995e-04j,
            1.90228649e-02+1.12941502e-01j,
            9.48847733e-01-2.94128629e-01j]],
         input_dims=(2, 2), output_dims=(2, 2))"
