unitary
"Operator([[ 0.6967498 -0.66116202j,  0.11179695+0.25045957j,
           -0.04427972+0.01395935j, -0.0018299 -0.00412768j],
          [ 0.11179695+0.25045957j,  0.90380399-0.06663156j,
            0.02500247+0.31731586j, -0.04427972+0.01395935j],
          [-0.04427972+0.01395935j,  0.02500247+0.31731586j,
            0.90380399-0.06663156j,  0.11179695+0.25045957j],
          [-0.0018299 -0.00412768j, -0.04427972+0.01395935j,
            0.11179695+0.25045957j,  0.6967498 -0.66116202j]],
         input_dims=(2, 2), output_dims=(2, 2))"
"Operator([[ 0.6967498 -0.66116202j,  0.11179695+0.25045957j,
           -0.04427972+0.01395935j, -0.0018299 -0.00412768j],
          [ 0.11179695+0.25045957j,  0.90380399-0.06663156j,
            0.02500247+0.31731586j, -0.04427972+0.01395935j],
          [-0.04427972+0.01395935j,  0.02500247+0.31731586j,
            0.90380399-0.06663156j,  0.11179695+0.25045957j],
          [-0.0018299 -0.00412768j, -0.04427972+0.01395935j,
            0.11179695+0.25045957j,  0.6967498 -0.66116202j]],
         input_dims=(2, 2), output_dims=(2, 2))"
"Operator([[ 0.6967498 -0.66116202j,  0.25604137+0.09834311j,
            0.01385771+0.04431163j, -0.00163927+0.00420703j],
          [-0.09775531+0.25626637j,  0.90380399-0.06663156j,
            0.2418183 +0.20697437j,  0.01385771+0.04431163j],
          [-0.01406093-0.04424757j, -0.20641892+0.24229261j,
            0.90380399-0.06663156j,  0.25604137+0.09834311j],
          [ 0.00421822+0.00161027j, -0.01406093-0.04424757j,
           -0.09775531+0.25626637j,  0.6967498 -0.66116202j]],
         input_dims=(2, 2), output_dims=(2, 2))"
"Operator([[ 0.6967498 -0.66116202j,  0.11179695+0.25045957j,
           -0.04427972+0.01395935j, -0.0018299 -0.00412768j],
          [ 0.11179695+0.25045957j,  0.90380399-0.06663156j,
            0.02500247+0.31731586j, -0.04427972+0.01395935j],
          [-0.04427972+0.01395935j,  0.02500247+0.31731586j,
            0.90380399-0.06663156j,  0.11179695+0.25045957j],
          [-0.0018299 -0.00412768j, -0.04427972+0.01395935j,
            0.11179695+0.25045957j,  0.6967498 -0.66116202j]],
         input_dims=(2, 2), output_dims=(2, 2))"
"Operator([[ 0.6967498 -0.66116202j,  0.11179695+0.25045957j,
           -0.04427972+0.01395935j, -0.0018299 -0.00412768j],
          [ 0.11179695+0.25045957j,  0.90380399-0.06663156j,
            0.02500247+0.31731586j, -0.04427972+0.01395935j],
          [-0.04427972+0.01395935j,  0.02500247+0.31731586j,
            0.90380399-0.06663156j,  0.11179695+0.25045957j],
          [-0.0018299 -0.00412768j, -0.04427972+0.01395935j,
            0.11179695+0.25045957j,  0.6967498 -0.66116202j]],
         input_dims=(2, 2), output_dims=(2, 2))"
"Operator([[ 0.6967498 -6.61162025e-01j,  0.001301  +2.74275154e-01j,
           -0.04018038-2.32614318e-02j,  0.00332565-3.05390852e-03j],
          [ 0.20330573+1.84106855e-01j,  0.90380399-6.66315600e-02j,
           -0.10508407+3.00452687e-01j, -0.04018038-2.32614318e-02j],
          [-0.01957507+4.20995692e-02j,  0.15084269+2.80287286e-01j,
            0.90380399-6.66315600e-02j,  0.001301  +2.74275154e-01j],
          [-0.00449613+4.13674364e-04j, -0.01957507+4.20995692e-02j,
            0.20330573+1.84106855e-01j,  0.6967498 -6.61162025e-01j]],
         input_dims=(2, 2), output_dims=(2, 2))"
"Operator([[ 0.6967498 -0.66116202j, -0.17461152-0.21151683j,
           -0.03078257+0.03475616j,  0.00425262+0.00151707j],
          [-0.04086502-0.27121689j,  0.90380399-0.06663156j,
           -0.10881881-0.29912029j, -0.03078257+0.03475616j],
          [-0.04515003-0.01081811j,  0.06062924-0.31247172j,
            0.90380399-0.06663156j, -0.17461152-0.21151683j],
          [-0.00173143+0.00416995j, -0.04515003-0.01081811j,
           -0.04086502-0.27121689j,  0.6967498 -0.66116202j]],
         input_dims=(2, 2), output_dims=(2, 2))"
"Operator([[ 6.96749798e-01-6.61162025e-01j,
           -1.49922713e-01-2.29677454e-01j,
           -3.77232110e-02+2.70650385e-02j,
            3.51630779e-03+2.83229266e-03j],
          [-7.08692011e-02-2.64964354e-01j,
            9.03803987e-01-6.66315600e-02j,
           -7.47669613e-02-3.09393569e-01j,
           -3.77232110e-02+2.70650385e-02j],
          [-4.64248700e-02-5.37027057e-04j,
            2.53886583e-02-3.17285195e-01j,
            9.03803987e-01-6.66315600e-02j,
           -1.49922713e-01-2.29677454e-01j],
          [-2.62406325e-04+4.50748767e-03j,
           -4.64248700e-02-5.37027057e-04j,
           -7.08692011e-02-2.64964354e-01j,
            6.96749798e-01-6.61162025e-01j]],
         input_dims=(2, 2), output_dims=(2, 2))"
"Operator([[ 6.96749798e-01-0.66116202j,  1.89918876e-01-0.19788727j,
            2.19802392e-02-0.04089531j, -2.18236609e-05-0.00451507j],
          [-2.74122368e-01+0.00924555j,  9.03803987e-01-0.06663156j,
            2.84539216e-01-0.14266013j,  2.19802392e-02-0.04089531j],
          [ 4.14600358e-02+0.02089551j, -3.03370637e-01-0.09633657j,
            9.03803987e-01-0.06663156j,  1.89918876e-01-0.19788727j],
          [-3.33106585e-03-0.003048j  ,  4.14600358e-02+0.02089551j,
           -2.74122368e-01+0.00924555j,  6.96749798e-01-0.66116202j]],
         input_dims=(2, 2), output_dims=(2, 2))"
