unitary
"Operator([[ 9.32123565e-01-3.37152602e-01j,
            1.18649669e-01-5.73791945e-02j,
            8.05616819e-03-6.20956720e-03j,
            2.57482005e-04-3.72402317e-04j],
          [-1.31515547e-01-8.58933708e-03j,
            9.78758589e-01-3.67612587e-02j,
            1.45719621e-01-4.44122713e-02j,
            8.05616819e-03-6.20956720e-03j],
          [ 9.46601022e-03+3.72226022e-03j,
           -1.48671391e-01-3.32185960e-02j,
            9.78758589e-01-3.67612587e-02j,
            1.18649669e-01-5.73791945e-02j],
          [-3.78427645e-04-2.48541720e-04j,
            9.46601022e-03+3.72226022e-03j,
           -1.31515547e-01-8.58933708e-03j,
            9.32123565e-01-3.37152602e-01j]],
         input_dims=(2, 2), output_dims=(2, 2))"
"Operator([[ 9.32123565e-01-0.3371526j ,  2.52288575e-02+0.1293585j ,
           -1.00705999e-02+0.00142954j, -8.65582110e-05-0.0004444j ],
          [ 2.52288575e-02+0.1293585j ,  9.78758589e-01-0.03676126j,
            5.78816283e-03+0.15222731j, -1.00705999e-02+0.00142954j],
          [-1.00705999e-02+0.00142954j,  5.78816283e-03+0.15222731j,
            9.78758589e-01-0.03676126j,  2.52288575e-02+0.1293585j ],
          [-8.65582110e-05-0.0004444j , -1.00705999e-02+0.00142954j,
            2.52288575e-02+0.1293585j ,  9.32123565e-01-0.3371526j ]],
         input_dims=(2, 2), output_dims=(2, 2))"
"Operator([[ 9.32123565e-01-3.37152602e-01j,
            7.89257473e-02-1.05550189e-01j,
           -4.31698028e-04-1.01623918e-02j,
           -3.34076418e-04-3.05570640e-04j],
          [-1.12803962e-01-6.81570399e-02j,
            9.78758589e-01-3.67612587e-02j,
            1.08926176e-01-1.06497633e-01j,
           -4.31698028e-04-1.01623918e-02j],
          [ 2.41350995e-03+9.88106980e-03j,
           -1.16698729e-01-9.79186623e-02j,
            9.78758589e-01-3.67612587e-02j,
            7.89257473e-02-1.05550189e-01j],
          [ 1.94969149e-04-4.08616569e-04j,
            2.41350995e-03+9.88106980e-03j,
           -1.12803962e-01-6.81570399e-02j,
            9.32123565e-01-3.37152602e-01j]],
         input_dims=(2, 2), output_dims=(2, 2))"
"Operator([[ 9.32123565e-01-0.3371526j ,  2.52288575e-02+0.1293585j ,
           -1.00705999e-02+0.00142954j, -8.65582110e-05-0.0004444j ],
          [ 2.52288575e-02+0.1293585j ,  9.78758589e-01-0.03676126j,
            5.78816283e-03+0.15222731j, -1.00705999e-02+0.00142954j],
          [-1.00705999e-02+0.00142954j,  5.78816283e-03+0.15222731j,
            9.78758589e-01-0.03676126j,  2.52288575e-02+0.1293585j ],
          [-8.65582110e-05-0.0004444j , -1.00705999e-02+0.00142954j,
            2.52288575e-02+0.1293585j ,  9.32123565e-01-0.3371526j ]],
         input_dims=(2, 2), output_dims=(2, 2))"
"Operator([[ 9.32123565e-01-3.37152602e-01j,
            4.14846009e-02-1.25096538e-01j,
           -6.44443393e-03-7.86955157e-03j,
           -4.41365907e-04+1.00879162e-04j],
          [-8.54516296e-02-1.00340096e-01j,
            9.78758589e-01-3.67612587e-02j,
            6.96448158e-02-1.35485266e-01j,
           -6.44443393e-03-7.86955157e-03j],
          [-3.99978330e-03+9.35212832e-03j,
           -7.97320074e-02-1.29805488e-01j,
            9.78758589e-01-3.67612587e-02j,
            4.14846009e-02-1.25096538e-01j],
          [ 4.46962316e-04-7.21467772e-05j,
           -3.99978330e-03+9.35212832e-03j,
           -8.54516296e-02-1.00340096e-01j,
            9.32123565e-01-3.37152602e-01j]],
         input_dims=(2, 2), output_dims=(2, 2))"
"Operator([[ 9.32123565e-01-3.37152602e-01j,
            2.84810552e-02-1.28681566e-01j,
           -7.91007080e-03-6.39463452e-03j,
           -3.90204795e-04+2.29609858e-04j],
          [-7.47482037e-02-1.08548708e-01j,
            9.78758589e-01-3.67612587e-02j,
            5.54319416e-02-1.41894177e-01j,
           -7.91007080e-03-6.39463452e-03j],
          [-5.81798432e-03+8.34335838e-03j,
           -6.60468412e-02-1.37275171e-01j,
            9.78758589e-01-3.67612587e-02j,
            2.84810552e-02-1.28681566e-01j],
          [ 4.47855828e-04+6.63748922e-05j,
           -5.81798432e-03+8.34335838e-03j,
           -7.47482037e-02-1.08548708e-01j,
            9.32123565e-01-3.37152602e-01j]],
         input_dims=(2, 2), output_dims=(2, 2))"
"Operator([[ 9.32123565e-01-0.3371526j , -1.34775738e-02-0.13110481j,
           -1.01636889e-02-0.0004j    , -3.53458535e-05+0.00045137j],
          [-3.67751421e-02-0.12656107j,  9.78758589e-01-0.03676126j,
            7.94348341e-03-0.15213007j, -1.01636889e-02-0.0004j    ],
          [-9.65085798e-03+0.00321271j, -1.94727769e-02-0.15108762j,
            9.78758589e-01-0.03676126j, -1.34775738e-02-0.13110481j],
          [ 2.02166498e-04+0.0004051j , -9.65085798e-03+0.00321271j,
           -3.67751421e-02-0.12656107j,  9.32123565e-01-0.3371526j ]],
         input_dims=(2, 2), output_dims=(2, 2))"
"Operator([[ 9.32123565e-01-3.37152602e-01j,
           -1.20544180e-01+5.32843009e-02j,
            8.46213704e-03-5.64382913e-03j,
           -2.94306374e-04+3.44041026e-04j],
          [ 1.31732486e-01+4.08264641e-03j,
            9.78758589e-01-3.67612587e-02j,
           -1.47154422e-01+3.93983964e-02j,
            8.46213704e-03-5.64382913e-03j],
          [ 9.69849872e-03+3.06589191e-03j,
            1.49721314e-01+2.81102440e-02j,
            9.78758589e-01-3.67612587e-02j,
           -1.20544180e-01+5.32843009e-02j],
          [ 4.01915622e-04+2.08432968e-04j,
            9.69849872e-03+3.06589191e-03j,
            1.31732486e-01+4.08264641e-03j,
            9.32123565e-01-3.37152602e-01j]],
         input_dims=(2, 2), output_dims=(2, 2))"
"Operator([[ 9.32123565e-01-0.3371526j , -8.63953837e-02+0.09952866j,
            1.04758089e-03-0.01011747j,  2.59917306e-04+0.00037071j],
          [ 1.17463478e-01+0.05976995j,  9.78758589e-01-0.03676126j,
           -1.16385244e-01+0.09829106j,  1.04758089e-03-0.01011747j],
          [ 3.82184814e-03+0.00942624j,  1.23513081e-01+0.08916937j,
            9.78758589e-01-0.03676126j, -8.63953837e-02+0.09952866j],
          [-1.01784712e-04+0.00044116j,  3.82184814e-03+0.00942624j,
            1.17463478e-01+0.05976995j,  9.32123565e-01-0.3371526j ]],
         input_dims=(2, 2), output_dims=(2, 2))"
"Operator([[ 9.32123565e-01-0.3371526j ,  2.52288575e-02+0.1293585j ,
           -1.00705999e-02+0.00142954j, -8.65582110e-05-0.0004444j ],
          [ 2.52288575e-02+0.1293585j ,  9.78758589e-01-0.03676126j,
            5.78816283e-03+0.15222731j, -1.00705999e-02+0.00142954j],
          [-1.00705999e-02+0.00142954j,  5.78816283e-03+0.15222731j,
            9.78758589e-01-0.03676126j,  2.52288575e-02+0.1293585j ],
          [-8.65582110e-05-0.0004444j , -1.00705999e-02+0.00142954j,
            2.52288575e-02+0.1293585j ,  9.32123565e-01-0.3371526j ]],
         input_dims=(2, 2), output_dims=(2, 2))"
"Operator([[ 9.32123565e-01-3.37152602e-01j,
           -4.34048895e-02+1.24443286e-01j,
           -6.19918948e-03-8.06415652e-03j,
            4.45551584e-04-8.04005896e-05j],
          [ 8.69857163e-02+9.90131360e-02j,
            9.78758589e-01-3.67612587e-02j,
           -7.17216490e-02+1.34397406e-01j,
           -6.19918948e-03-8.06415652e-03j],
          [-3.71006935e-03+9.47079490e-03j,
            8.17202358e-02+1.28563061e-01j,
            9.78758589e-01-3.67612587e-02j,
           -4.34048895e-02+1.24443286e-01j],
          [-4.43156086e-04+9.26992577e-05j,
           -3.71006935e-03+9.47079490e-03j,
            8.69857163e-02+9.90131360e-02j,
            9.32123565e-01-3.37152602e-01j]],
         input_dims=(2, 2), output_dims=(2, 2))"
"Operator([[ 9.32123565e-01-3.37152602e-01j,
           -3.87672323e-02+1.25965145e-01j,
           -6.77898067e-03-7.58327052e-03j,
            4.33889271e-04-1.29308043e-04j],
          [ 8.32598012e-02+1.02166146e-01j,
            9.78758589e-01-3.67612587e-02j,
           -6.66959915e-02+1.36960952e-01j,
           -6.77898067e-03-7.58327052e-03j],
          [-4.40078478e-03+9.17025975e-03j,
            7.69037559e-02+1.31500837e-01j,
            9.78758589e-01-3.67612587e-02j,
           -3.87672323e-02+1.25965145e-01j],
          [-4.50702037e-04+4.29900314e-05j,
           -4.40078478e-03+9.17025975e-03j,
            8.32598012e-02+1.02166146e-01j,
            9.32123565e-01-3.37152602e-01j]],
         input_dims=(2, 2), output_dims=(2, 2))"
"Operator([[ 9.32123565e-01-0.3371526j ,  2.52288575e-02+0.1293585j ,
           -1.00705999e-02+0.00142954j, -8.65582110e-05-0.0004444j ],
          [ 2.52288575e-02+0.1293585j ,  9.78758589e-01-0.03676126j,
            5.78816283e-03+0.15222731j, -1.00705999e-02+0.00142954j],
          [-1.00705999e-02+0.00142954j,  5.78816283e-03+0.15222731j,
            9.78758589e-01-0.03676126j,  2.52288575e-02+0.1293585j ],
          [-8.65582110e-05-0.0004444j , -1.00705999e-02+0.00142954j,
            2.52288575e-02+0.1293585j ,  9.32123565e-01-0.3371526j ]],
         input_dims=(2, 2), output_dims=(2, 2))"
