theta
-3.141592653589793
-3.141592653589793
1.2107502198522138
3.141592653589793
-1.2644687893213828
