unitary
"Operator([[ 8.86340847e-01-0.43033515j, -1.67570004e-01-0.02895611j,
            1.35062837e-02+0.01048808j, -5.22708806e-04-0.00084198j],
          [ 1.33031866e-01-0.10592774j,  9.64342661e-01-0.04628868j,
           -1.83187646e-01-0.07164003j,  1.35062837e-02+0.01048808j],
          [ 8.84947342e-03-0.01463237j,  1.75300201e-01-0.08921798j,
            9.64342661e-01-0.04628868j, -1.67570004e-01-0.02895611j],
          [ 5.47903756e-05-0.00098952j,  8.84947342e-03-0.01463237j,
            1.33031866e-01-0.10592774j,  8.86340847e-01-0.43033515j]],
         input_dims=(2, 2), output_dims=(2, 2))"
"Operator([[ 8.86340847e-01-0.43033515j,  4.21826807e-02+0.16473853j,
           -1.68138086e-02+0.00311693j, -2.45314235e-04-0.00096019j],
          [ 4.21826807e-02+0.16473853j,  9.64342661e-01-0.04628868j,
            9.63322217e-03+0.19646172j, -1.68138086e-02+0.00311693j],
          [-1.68138086e-02+0.00311693j,  9.63322217e-03+0.19646172j,
            9.64342661e-01-0.04628868j,  4.21826807e-02+0.16473853j],
          [-2.45314235e-04-0.00096019j, -1.68138086e-02+0.00311693j,
            4.21826807e-02+0.16473853j,  8.86340847e-01-0.43033515j]],
         input_dims=(2, 2), output_dims=(2, 2))"
"Operator([[ 8.86340847e-01-0.43033515j, -1.41314799e-01+0.0945954j ,
            1.11344051e-02-0.01297861j, -2.95722186e-04+0.00094588j],
          [ 1.69387233e-01+0.01503754j,  9.64342661e-01-0.04628868j,
           -1.82061045e-01+0.07445659j,  1.11344051e-02-0.01297861j],
          [ 1.50466146e-02+0.0081252j ,  1.88471922e-01+0.05628803j,
            9.64342661e-01-0.04628868j, -1.41314799e-01+0.0945954j ],
          [ 7.13185925e-04+0.00068812j,  1.50466146e-02+0.0081252j ,
            1.69387233e-01+0.01503754j,  8.86340847e-01-0.43033515j]],
         input_dims=(2, 2), output_dims=(2, 2))"
"Operator([[ 8.86340847e-01-0.43033515j, -1.01752253e-01+0.13625212j,
            5.15362455e-04-0.01709251j,  6.50016937e-04+0.00074808j],
          [ 1.54713821e-01+0.07058184j,  9.64342661e-01-0.04628868j,
           -1.46879085e-01+0.1308302j ,  5.15362455e-04-0.01709251j],
          [ 6.60776663e-03+0.01577203j,  1.58973873e-01+0.11583314j,
            9.64342661e-01-0.04628868j, -1.01752253e-01+0.13625212j],
          [-2.11534806e-04+0.0009682j ,  6.60776663e-03+0.01577203j,
            1.54713821e-01+0.07058184j,  8.86340847e-01-0.43033515j]],
         input_dims=(2, 2), output_dims=(2, 2))"
"Operator([[ 8.86340847e-01-4.30335148e-01j,
           -6.39051865e-02+1.57588989e-01j,
           -7.93052651e-03-1.51501212e-02j,
            9.87299245e-04+8.59634890e-05j],
          [ 1.31778943e-01+1.07482429e-01j,
            9.64342661e-01-4.62886825e-02j,
           -1.08933075e-01+1.63779099e-01j,
           -7.93052651e-03-1.51501212e-02j],
          [-1.97314467e-03+1.69860568e-02j,
            1.24433346e-01+1.52336307e-01j,
            9.64342661e-01-4.62886825e-02j,
           -6.39051865e-02+1.57588989e-01j],
          [-8.25076762e-04+5.48997138e-04j,
           -1.97314467e-03+1.69860568e-02j,
            1.31778943e-01+1.07482429e-01j,
            8.86340847e-01-4.30335148e-01j]],
         input_dims=(2, 2), output_dims=(2, 2))"
"Operator([[ 8.86340847e-01-4.30335148e-01j,
           -4.14544451e-02+1.64923289e-01j,
           -1.17837334e-02-1.23920559e-02j,
            9.37512711e-04-3.21277821e-04j],
          [ 1.15615963e-01+1.24704096e-01j,
            9.64342661e-01-4.62886825e-02j,
           -8.51903859e-02+1.77292431e-01j,
           -1.17837334e-02-1.23920559e-02j],
          [-6.55891835e-03+1.57924037e-02j,
            1.02126587e-01+1.68107609e-01j,
            9.64342661e-01-4.62886825e-02j,
           -4.14544451e-02+1.64923289e-01j],
          [-9.76728777e-04+1.67780862e-04j,
           -6.55891835e-03+1.57924037e-02j,
            1.15615963e-01+1.24704096e-01j,
            8.86340847e-01-4.30335148e-01j]],
         input_dims=(2, 2), output_dims=(2, 2))"
"Operator([[ 8.86340847e-01-4.30335148e-01j,
           -4.37288189e-02+1.64334880e-01j,
           -1.14368889e-02-1.27128674e-02j,
            9.50019129e-04-2.82158069e-04j],
          [ 1.17327652e-01+1.23095022e-01j,
            9.64342661e-01-4.62886825e-02j,
           -8.76314595e-02+1.76098652e-01j,
           -1.14368889e-02-1.27128674e-02j],
          [-6.12012887e-03+1.59675749e-02j,
            1.04439161e-01+1.66680742e-01j,
            9.64342661e-01-4.62886825e-02j,
           -4.37288189e-02+1.64334880e-01j],
          [-9.68938402e-04+2.08105489e-04j,
           -6.12012887e-03+1.59675749e-02j,
            1.17327652e-01+1.23095022e-01j,
            8.86340847e-01-4.30335148e-01j]],
         input_dims=(2, 2), output_dims=(2, 2))"
"Operator([[ 8.86340847e-01-4.30335148e-01j,
           -7.69074909e-02+1.51668719e-01j,
           -5.28438352e-03-1.62632935e-02j,
            9.34644567e-04+3.29528532e-04j],
          [ 1.40335830e-01+9.60417468e-02j,
            9.64342661e-01-4.62886825e-02j,
           -1.22296062e-01+1.54057396e-01j,
           -5.28438352e-03-1.62632935e-02j],
          [ 8.96174956e-04+1.70767765e-02j,
            1.36781137e-01+1.41353912e-01j,
            9.64342661e-01-4.62886825e-02j,
           -7.69074909e-02+1.51668719e-01j],
          [-6.62046241e-04+7.37457995e-04j,
            8.96174956e-04+1.70767765e-02j,
            1.40335830e-01+9.60417468e-02j,
            8.86340847e-01-4.30335148e-01j]],
         input_dims=(2, 2), output_dims=(2, 2))"
"Operator([[ 8.86340847e-01-0.43033515j,  4.21826807e-02+0.16473853j,
           -1.68138086e-02+0.00311693j, -2.45314235e-04-0.00096019j],
          [ 4.21826807e-02+0.16473853j,  9.64342661e-01-0.04628868j,
            9.63322217e-03+0.19646172j, -1.68138086e-02+0.00311693j],
          [-1.68138086e-02+0.00311693j,  9.63322217e-03+0.19646172j,
            9.64342661e-01-0.04628868j,  4.21826807e-02+0.16473853j],
          [-2.45314235e-04-0.00096019j, -1.68138086e-02+0.00311693j,
            4.21826807e-02+0.16473853j,  8.86340847e-01-0.43033515j]],
         input_dims=(2, 2), output_dims=(2, 2))"
"Operator([[ 8.86340847e-01-0.43033515j, -1.39539634e-01+0.09719492j,
            1.06463913e-02-0.01338185j, -2.42765529e-04+0.00096084j],
          [ 1.69079869e-01+0.01817031j,  9.64342661e-01-0.04628868j,
           -1.80651667e-01+0.07781377j,  1.06463913e-02-0.01338185j],
          [ 1.47355621e-02+0.00867656j,  1.87397745e-01+0.05976699j,
            9.64342661e-01-0.04628868j, -1.39539634e-01+0.09719492j],
          [ 6.73892554e-04+0.00072665j,  1.47355621e-02+0.00867656j,
            1.69079869e-01+0.01817031j,  8.86340847e-01-0.43033515j]],
         input_dims=(2, 2), output_dims=(2, 2))"
"Operator([[ 8.86340847e-01-0.43033515j, -1.22695730e-01+0.11774515j,
            6.01149935e-03-0.01600879j,  2.17969452e-04+0.00096677j],
          [ 1.64185378e-01+0.04428684j,  9.64342661e-01-0.04628868j,
           -1.66324983e-01+0.1050048j ,  6.01149935e-03-0.01600879j],
          [ 1.13502500e-02+0.01279028j,  1.75799938e-01+0.08822919j,
            9.64342661e-01-0.04628868j, -1.22695730e-01+0.11774515j],
          [ 2.72461458e-04+0.00095285j,  1.13502500e-02+0.01279028j,
            1.64185378e-01+0.04428684j,  8.86340847e-01-0.43033515j]],
         input_dims=(2, 2), output_dims=(2, 2))"
"Operator([[ 8.86340847e-01-0.43033515j,  1.12933360e-01-0.12713858j,
            3.39466813e-03-0.01675994j, -4.40695685e-04-0.00088766j],
          [-1.60138928e-01-0.05721613j,  9.64342661e-01-0.04628868j,
            1.57438342e-01-0.11791173j,  3.39466813e-03-0.01675994j],
          [ 9.17654460e-03+0.0144295j , -1.68218637e-01-0.1019436j ,
            9.64342661e-01-0.04628868j,  1.12933360e-01-0.12713858j],
          [-3.90838482e-05-0.00099026j,  9.17654460e-03+0.0144295j ,
           -1.60138928e-01-0.05721613j,  8.86340847e-01-0.43033515j]],
         input_dims=(2, 2), output_dims=(2, 2))"
"Operator([[ 8.86340847e-01-4.30335148e-01j,
            1.56945182e-01-6.54703922e-02j,
            1.52276897e-02-7.78054565e-03j,
            7.68267697e-04-6.26030563e-04j],
          [-1.69096456e-01+1.80152997e-02j,
            9.64342661e-01-4.62886825e-02j,
            1.93025749e-01-3.78294644e-02j,
            1.52276897e-02-7.78054565e-03j],
          [ 1.70047118e-02+1.80532597e-03j,
           -1.95800724e-01-1.87639094e-02j,
            9.64342661e-01-4.62886825e-02j,
            1.56945182e-01-6.54703922e-02j],
          [-9.74401748e-04-1.80805847e-04j,
            1.70047118e-02+1.80532597e-03j,
           -1.69096456e-01+1.80152997e-02j,
            8.86340847e-01-4.30335148e-01j]],
         input_dims=(2, 2), output_dims=(2, 2))"
"Operator([[ 8.86340847e-01-0.43033515j,  4.21826807e-02+0.16473853j,
           -1.68138086e-02+0.00311693j, -2.45314235e-04-0.00096019j],
          [ 4.21826807e-02+0.16473853j,  9.64342661e-01-0.04628868j,
            9.63322217e-03+0.19646172j, -1.68138086e-02+0.00311693j],
          [-1.68138086e-02+0.00311693j,  9.63322217e-03+0.19646172j,
            9.64342661e-01-0.04628868j,  4.21826807e-02+0.16473853j],
          [-2.45314235e-04-0.00096019j, -1.68138086e-02+0.00311693j,
            4.21826807e-02+0.16473853j,  8.86340847e-01-0.43033515j]],
         input_dims=(2, 2), output_dims=(2, 2))"
"Operator([[ 8.86340847e-01-0.43033515j,  4.21826807e-02+0.16473853j,
           -1.68138086e-02+0.00311693j, -2.45314235e-04-0.00096019j],
          [ 4.21826807e-02+0.16473853j,  9.64342661e-01-0.04628868j,
            9.63322217e-03+0.19646172j, -1.68138086e-02+0.00311693j],
          [-1.68138086e-02+0.00311693j,  9.63322217e-03+0.19646172j,
            9.64342661e-01-0.04628868j,  4.21826807e-02+0.16473853j],
          [-2.45314235e-04-0.00096019j, -1.68138086e-02+0.00311693j,
            4.21826807e-02+0.16473853j,  8.86340847e-01-0.43033515j]],
         input_dims=(2, 2), output_dims=(2, 2))"
