,unitary
0,"Operator([[0.68792969-0.26711574j, 0.11483261+0.66499278j],
          [0.36401734+0.56823701j, 0.68792969-0.26711574j]],
         input_dims=(2,), output_dims=(2,))"
1,"Operator([[ 0.68792969-0.26711574j,  0.05760625-0.67237151j],
          [-0.49625127-0.45731455j,  0.68792969-0.26711574j]],
         input_dims=(2,), output_dims=(2,))"
2,"Operator([[0.68792969-0.26711574j, 0.24426366+0.62907646j],
          [0.24426366+0.62907646j, 0.68792969-0.26711574j]],
         input_dims=(2,), output_dims=(2,))"
