unitary
"Operator([[ 0.62835546-0.46237763j, -0.44596651-0.06559669j,
           -0.07041104+0.1054627j , -0.08152312+0.40676918j],
          [-0.41722739+0.17061759j, -0.41299056-0.19044388j,
           -0.47056076+0.59369466j, -0.07041104+0.1054627j ],
          [ 0.0585314 +0.11249076j, -0.10270113+0.75056862j,
           -0.41299056-0.19044388j, -0.44596651-0.06559669j],
          [ 0.40916074+0.06851771j,  0.0585314 +0.11249076j,
           -0.41722739+0.17061759j,  0.62835546-0.46237763j]],
         input_dims=(2, 2), output_dims=(2, 2))"
"Operator([[ 0.62835546-0.46237763j, -0.44746533+0.05444108j,
           -0.00690144+0.12661937j,  0.23545725+0.34156561j],
          [-0.44746533+0.05444108j, -0.41299056-0.19044388j,
           -0.29716941+0.69684368j, -0.00690144+0.12661937j],
          [-0.00690144+0.12661937j, -0.29716941+0.69684368j,
           -0.41299056-0.19044388j, -0.44746533+0.05444108j],
          [ 0.23545725+0.34156561j, -0.00690144+0.12661937j,
           -0.44746533+0.05444108j,  0.62835546-0.46237763j]],
         input_dims=(2, 2), output_dims=(2, 2))"
"Operator([[ 0.62835546-0.46237763j, -0.30949917-0.32771835j,
           -0.11895498-0.04392958j, -0.33501594-0.24468655j],
          [-0.22188928+0.39236998j, -0.41299056-0.19044388j,
           -0.73715364+0.17465762j, -0.11895498-0.04392958j],
          [ 0.1230249 -0.03074036j,  0.38424945+0.65288064j,
           -0.41299056-0.19044388j, -0.30949917-0.32771835j],
          [-0.10949796-0.4001467j ,  0.1230249 -0.03074036j,
           -0.22188928+0.39236998j,  0.62835546-0.46237763j]],
         input_dims=(2, 2), output_dims=(2, 2))"
"Operator([[ 0.62835546-0.46237763j,  0.01710333+0.45044038j,
            0.0277583 -0.12373186j, -0.38910754+0.14388366j],
          [-0.09140294-0.44140068j, -0.41299056-0.19044388j,
            0.66976611+0.35399736j,  0.0277583 -0.12373186j],
          [-0.01414569-0.12601585j, -0.71910976-0.2382896j ,
           -0.41299056-0.19044388j,  0.01710333+0.45044038j],
          [ 0.27289562-0.31246626j, -0.01414569-0.12601585j,
           -0.09140294-0.44140068j,  0.62835546-0.46237763j]],
         input_dims=(2, 2), output_dims=(2, 2))"
"Operator([[ 0.62835546-0.46237763j, -0.44746533+0.05444108j,
           -0.00690144+0.12661937j,  0.23545725+0.34156561j],
          [-0.44746533+0.05444108j, -0.41299056-0.19044388j,
           -0.29716941+0.69684368j, -0.00690144+0.12661937j],
          [-0.00690144+0.12661937j, -0.29716941+0.69684368j,
           -0.41299056-0.19044388j, -0.44746533+0.05444108j],
          [ 0.23545725+0.34156561j, -0.00690144+0.12661937j,
           -0.44746533+0.05444108j,  0.62835546-0.46237763j]],
         input_dims=(2, 2), output_dims=(2, 2))"
