unitary
"Operator([[-0.6106312 +0.3997673j ,  0.37928612-0.28124215j,
           -0.11555947+0.42105254j, -0.22191938+0.06688122j],
          [ 0.37928612-0.28124215j,  0.13185598+0.23645598j,
           -0.05083067+0.71450995j, -0.11555947+0.42105254j],
          [-0.11555947+0.42105254j, -0.05083067+0.71450995j,
            0.13185598+0.23645598j,  0.37928612-0.28124215j],
          [-0.22191938+0.06688122j, -0.11555947+0.42105254j,
            0.37928612-0.28124215j, -0.6106312 +0.3997673j ]],
         input_dims=(2, 2), output_dims=(2, 2))"
"Operator([[-0.6106312 +0.3997673j , -0.24810808+0.40174305j,
            0.20593313+0.38500751j,  0.03223934-0.22952546j],
          [-0.45648896+0.12071842j,  0.13185598+0.23645598j,
           -0.21748721-0.68250095j,  0.20593313+0.38500751j],
          [-0.37361247+0.22594901j,  0.31191498-0.64483895j,
            0.13185598+0.23645598j, -0.24810808+0.40174305j],
          [ 0.15369811+0.17348833j, -0.37361247+0.22594901j,
           -0.45648896+0.12071842j, -0.6106312 +0.3997673j ]],
         input_dims=(2, 2), output_dims=(2, 2))"
"Operator([[-0.6106312 +0.3997673j ,  0.37928612-0.28124215j,
           -0.11555947+0.42105254j, -0.22191938+0.06688122j],
          [ 0.37928612-0.28124215j,  0.13185598+0.23645598j,
           -0.05083067+0.71450995j, -0.11555947+0.42105254j],
          [-0.11555947+0.42105254j, -0.05083067+0.71450995j,
            0.13185598+0.23645598j,  0.37928612-0.28124215j],
          [-0.22191938+0.06688122j, -0.11555947+0.42105254j,
            0.37928612-0.28124215j, -0.6106312 +0.3997673j ]],
         input_dims=(2, 2), output_dims=(2, 2))"
"Operator([[-0.6106312 +0.3997673j ,  0.29781057-0.36642048j,
            0.10069167+0.42485341j, -0.11661651+0.20030452j],
          [ 0.43712617-0.178538j  ,  0.13185598+0.23645598j,
            0.12772228+0.70483704j,  0.10069167+0.42485341j],
          [-0.30345467+0.31393391j, -0.22621608+0.67965765j,
            0.13185598+0.23645598j,  0.29781057-0.36642048j],
          [-0.20787752-0.10250974j, -0.30345467+0.31393391j,
            0.43712617-0.178538j  , -0.6106312 +0.3997673j ]],
         input_dims=(2, 2), output_dims=(2, 2))"
"Operator([[-0.6106312 +0.3997673j , -0.0485348 +0.46968019j,
            0.42963962+0.0777755j , -0.21696   -0.08154551j],
          [-0.46352781-0.08998375j,  0.13185598+0.23645598j,
           -0.49284294-0.51982119j,  0.42963962+0.0777755j ],
          [-0.40914949-0.15243336j,  0.56146788-0.44481688j,
            0.13185598+0.23645598j, -0.0485348 +0.46968019j],
          [-0.13577056+0.18785011j, -0.40914949-0.15243336j,
           -0.46352781-0.08998375j, -0.6106312 +0.3997673j ]],
         input_dims=(2, 2), output_dims=(2, 2))"
"Operator([[-0.6106312 +0.3997673j , -0.46867664-0.05742217j,
           -0.42638563-0.09399215j, -0.09373613+0.21197841j],
          [-0.08118806+0.46514901j,  0.13185598+0.23645598j,
            0.52906274-0.48290874j, -0.42638563-0.09399215j],
          [ 0.41462928+0.1368276j , -0.45537169-0.552942j  ,
            0.13185598+0.23645598j, -0.46867664-0.05742217j],
          [-0.19525798-0.12488247j,  0.41462928+0.1368276j ,
           -0.08118806+0.46514901j, -0.6106312 +0.3997673j ]],
         input_dims=(2, 2), output_dims=(2, 2))"
"Operator([[-0.6106312 +0.3997673j , -0.35764851+0.30828988j,
           -0.0527511 +0.43342422j,  0.20196153-0.1137227j ],
          [-0.39888271+0.252681j  ,  0.13185598+0.23645598j,
           -0.00168489-0.71631375j, -0.0527511 +0.43342422j],
          [-0.1758838 +0.39962998j,  0.1030727 -0.70886123j,
            0.13185598+0.23645598j, -0.35764851+0.30828988j],
          [ 0.23116803-0.01681224j, -0.1758838 +0.39962998j,
           -0.39888271+0.252681j  , -0.6106312 +0.3997673j ]],
         input_dims=(2, 2), output_dims=(2, 2))"
"Operator([[-0.6106312 +0.3997673j ,  0.37928612-0.28124215j,
           -0.11555947+0.42105254j, -0.22191938+0.06688122j],
          [ 0.37928612-0.28124215j,  0.13185598+0.23645598j,
           -0.05083067+0.71450995j, -0.11555947+0.42105254j],
          [-0.11555947+0.42105254j, -0.05083067+0.71450995j,
            0.13185598+0.23645598j,  0.37928612-0.28124215j],
          [-0.22191938+0.06688122j, -0.11555947+0.42105254j,
            0.37928612-0.28124215j, -0.6106312 +0.3997673j ]],
         input_dims=(2, 2), output_dims=(2, 2))"
"Operator([[-0.6106312 +0.3997673j , -0.03659616+0.4707609j ,
            0.43303333+0.05586919j, -0.22253586-0.06480049j],
          [-0.46109416-0.10172157j,  0.13185598+0.23645598j,
           -0.50587996-0.50714268j,  0.43303333+0.05586919j],
          [-0.40088551-0.17300301j,  0.57257877-0.43042047j,
            0.13185598+0.23645598j, -0.03659616+0.4707609j ],
          [-0.14967058+0.17697465j, -0.40088551-0.17300301j,
           -0.46109416-0.10172157j, -0.6106312 +0.3997673j ]],
         input_dims=(2, 2), output_dims=(2, 2))"
