unitary
"Operator([[ 7.92720502e-01-0.56435937j, -2.27612441e-01-0.01702978j,
            2.62247732e-02+0.01735848j, -1.52908315e-03-0.0019697j ],
          [ 1.65453146e-01-0.15723452j,  9.34626018e-01-0.05889908j,
           -2.48236752e-01-0.09108856j,  2.62247732e-02+0.01735848j],
          [ 1.46972533e-02-0.02780371j,  2.34181961e-01-0.12279015j,
            9.34626018e-01-0.05889908j, -2.27612441e-01-0.01702978j],
          [-5.57864777e-05-0.00249293j,  1.46972533e-02-0.02780371j,
            1.65453146e-01-0.15723452j,  7.92720502e-01-0.56435937j]],
         input_dims=(2, 2), output_dims=(2, 2))"
"Operator([[ 7.92720502e-01-0.56435937j,  7.66830245e-02+0.21498175j,
           -3.04722668e-02+0.00777796j, -8.34503107e-04-0.00234977j],
          [ 7.66830245e-02+0.21498175j,  9.34626018e-01-0.05889908j,
            1.73387408e-02+0.26385219j, -3.04722668e-02+0.00777796j],
          [-3.04722668e-02+0.00777796j,  1.73387408e-02+0.26385219j,
            9.34626018e-01-0.05889908j,  7.66830245e-02+0.21498175j],
          [-8.34503107e-04-0.00234977j, -3.04722668e-02+0.00777796j,
            7.66830245e-02+0.21498175j,  7.92720502e-01-0.56435937j]],
         input_dims=(2, 2), output_dims=(2, 2))"
"Operator([[ 7.92720502e-01-0.56435937j, -1.34137233e-01+0.18467442j,
            3.79373011e-03-0.0312196j ,  1.34642747e-03+0.0020988j ],
          [ 2.20731727e-01+0.05809425j,  9.34626018e-01-0.05889908j,
           -2.07979635e-01+0.16328834j,  3.79373011e-03-0.0312196j ],
          [ 1.82922300e-02+0.02558222j,  2.27559451e-01+0.1346674j ,
            9.34626018e-01-0.05889908j, -1.34137233e-01+0.18467442j],
          [ 2.78952664e-04+0.0024779j ,  1.82922300e-02+0.02558222j,
            2.20731727e-01+0.05809425j,  7.92720502e-01-0.56435937j]],
         input_dims=(2, 2), output_dims=(2, 2))"
"Operator([[ 7.92720502e-01-0.56435937j,  7.66830245e-02+0.21498175j,
           -3.04722668e-02+0.00777796j, -8.34503107e-04-0.00234977j],
          [ 7.66830245e-02+0.21498175j,  9.34626018e-01-0.05889908j,
            1.73387408e-02+0.26385219j, -3.04722668e-02+0.00777796j],
          [-3.04722668e-02+0.00777796j,  1.73387408e-02+0.26385219j,
            9.34626018e-01-0.05889908j,  7.66830245e-02+0.21498175j],
          [-8.34503107e-04-0.00234977j, -3.04722668e-02+0.00777796j,
            7.66830245e-02+0.21498175j,  7.92720502e-01-0.56435937j]],
         input_dims=(2, 2), output_dims=(2, 2))"
"Operator([[ 7.92720502e-01-0.56435937j,  7.66830245e-02+0.21498175j,
           -3.04722668e-02+0.00777796j, -8.34503107e-04-0.00234977j],
          [ 7.66830245e-02+0.21498175j,  9.34626018e-01-0.05889908j,
            1.73387408e-02+0.26385219j, -3.04722668e-02+0.00777796j],
          [-3.04722668e-02+0.00777796j,  1.73387408e-02+0.26385219j,
            9.34626018e-01-0.05889908j,  7.66830245e-02+0.21498175j],
          [-8.34503107e-04-0.00234977j, -3.04722668e-02+0.00777796j,
            7.66830245e-02+0.21498175j,  7.92720502e-01-0.56435937j]],
         input_dims=(2, 2), output_dims=(2, 2))"
"Operator([[ 0.7927205 -5.64359367e-01j, -0.05950543+2.20355486e-01j,
           -0.01796336-2.58142102e-02j,  0.0024828 -2.31338534e-04j],
          [ 0.18552893+1.32952828e-01j,  0.93462602-5.88990813e-02j,
           -0.1361207 +2.26693109e-01j, -0.01796336-2.58142102e-02j],
          [-0.0033939 +3.12655895e-02j,  0.16461578+2.06930560e-01j,
            0.93462602-5.88990813e-02j, -0.05950543+2.20355486e-01j],
          [-0.00207256+1.38646530e-03j, -0.0033939 +3.12655895e-02j,
            0.18552893+1.32952828e-01j,  0.7927205 -5.64359367e-01j]],
         input_dims=(2, 2), output_dims=(2, 2))"
"Operator([[ 7.92720502e-01-0.56435937j, -2.28095289e-01+0.00836517j,
            2.94107288e-02+0.01113843j, -2.09031749e-03-0.00135955j],
          [ 1.81898699e-01-0.13787785j,  9.34626018e-01-0.05889908j,
           -2.56820408e-01-0.06294354j,  2.94107288e-02+0.01113843j],
          [ 2.04745432e-02-0.02387151j,  2.46374932e-01-0.09601044j,
            9.34626018e-01-0.05889908j, -2.28095289e-01+0.00836517j],
          [ 7.64570933e-04-0.00237345j,  2.04745432e-02-0.02387151j,
            1.81898699e-01-0.13787785j,  7.92720502e-01-0.56435937j]],
         input_dims=(2, 2), output_dims=(2, 2))"
"Operator([[ 7.92720502e-01-0.56435937j,  7.66830245e-02+0.21498175j,
           -3.04722668e-02+0.00777796j, -8.34503107e-04-0.00234977j],
          [ 7.66830245e-02+0.21498175j,  9.34626018e-01-0.05889908j,
            1.73387408e-02+0.26385219j, -3.04722668e-02+0.00777796j],
          [-3.04722668e-02+0.00777796j,  1.73387408e-02+0.26385219j,
            9.34626018e-01-0.05889908j,  7.66830245e-02+0.21498175j],
          [-8.34503107e-04-0.00234977j, -3.04722668e-02+0.00777796j,
            7.66830245e-02+0.21498175j,  7.92720502e-01-0.56435937j]],
         input_dims=(2, 2), output_dims=(2, 2))"
"Operator([[ 7.92720502e-01-0.56435937j,  1.21836989e-01+0.19301084j,
           -2.42388767e-02+0.02003828j, -2.10174683e-03-0.00134182j],
          [ 2.78174768e-02+0.22654718j,  9.34626018e-01-0.05889908j,
            7.46153170e-02+0.25367532j, -2.42388767e-02+0.02003828j],
          [-3.08774148e-02-0.00597j   , -4.07770587e-02+0.26125819j,
            9.34626018e-01-0.05889908j,  1.21836989e-01+0.19301084j],
          [ 7.84627029e-04-0.00236689j, -3.08774148e-02-0.00597j   ,
            2.78174768e-02+0.22654718j,  7.92720502e-01-0.56435937j]],
         input_dims=(2, 2), output_dims=(2, 2))"
"Operator([[ 0.7927205 -5.64359367e-01j,  0.20079239-1.08535033e-01j,
            0.02671631-1.65919977e-02j,  0.00173726-1.78877700e-03j],
          [-0.2241537 +4.30413310e-02j,  0.93462602-5.88990813e-02j,
            0.2581321 -5.73273954e-02j,  0.02671631-1.65919977e-02j],
          [ 0.03140008+1.75795589e-03j, -0.26341431-2.30545780e-02j,
            0.93462602-5.88990813e-02j,  0.20079239-1.08535033e-01j],
          [-0.00247636-2.92340313e-04j,  0.03140008+1.75795589e-03j,
           -0.2241537 +4.30413310e-02j,  0.7927205 -5.64359367e-01j]],
         input_dims=(2, 2), output_dims=(2, 2))"
"Operator([[ 0.7927205 -5.64359367e-01j,  0.22089631-5.74652809e-02j,
            0.03136396-2.31465328e-03j,  0.00248619-1.91519783e-04j],
          [-0.20739881+9.53056672e-02j,  0.93462602-5.88990813e-02j,
            0.26435433+5.94973960e-03j,  0.03136396-2.31465328e-03j],
          [ 0.02863648-1.30002869e-02j, -0.26130242+4.04926635e-02j,
            0.93462602-5.88990813e-02j,  0.22089631-5.74652809e-02j],
          [-0.00205008+1.41950192e-03j,  0.02863648-1.30002869e-02j,
           -0.20739881+9.53056672e-02j,  0.7927205 -5.64359367e-01j]],
         input_dims=(2, 2), output_dims=(2, 2))"
