unitary
"Operator([[ 9.82860397e-01-1.71944871e-01j,
           -6.58209401e-02-9.02561066e-03j,
            2.36100976e-03+9.82727121e-04j,
           -4.68559455e-05-3.21409355e-05j],
          [ 6.28809387e-02-2.14440049e-02j,
            9.94650646e-01-1.90167287e-02j,
           -7.49948555e-02-1.62428540e-02j,
            2.36100976e-03+9.82727121e-04j],
          [ 2.19944483e-03-1.30482263e-03j,
            7.43169981e-02-1.91060843e-02j,
            9.94650646e-01-1.90167287e-02j,
           -6.58209401e-02-9.02561066e-03j],
          [ 3.98486566e-05-4.05043693e-05j,
            2.19944483e-03-1.30482263e-03j,
            6.28809387e-02-2.14440049e-02j,
            9.82860397e-01-1.71944871e-01j]],
         input_dims=(2, 2), output_dims=(2, 2))"
"Operator([[ 9.82860397e-01-1.71944871e-01j,
            6.38083307e-03+6.61297420e-02j,
           -2.55101107e-03+1.80172654e-04j,
           -5.45548173e-06-5.65575555e-05j],
          [ 6.38083307e-03+6.61297420e-02j,
            9.94650646e-01-1.90167287e-02j,
            1.47118819e-03+7.67195820e-02j,
           -2.55101107e-03+1.80172654e-04j],
          [-2.55101107e-03+1.80172654e-04j,
            1.47118819e-03+7.67195820e-02j,
            9.94650646e-01-1.90167287e-02j,
            6.38083307e-03+6.61297420e-02j],
          [-5.45548173e-06-5.65575555e-05j,
           -2.55101107e-03+1.80172654e-04j,
            6.38083307e-03+6.61297420e-02j,
            9.82860397e-01-1.71944871e-01j]],
         input_dims=(2, 2), output_dims=(2, 2))"
"Operator([[ 9.82860397e-01-1.71944871e-01j,
            6.38083307e-03+6.61297420e-02j,
           -2.55101107e-03+1.80172654e-04j,
           -5.45548173e-06-5.65575555e-05j],
          [ 6.38083307e-03+6.61297420e-02j,
            9.94650646e-01-1.90167287e-02j,
            1.47118819e-03+7.67195820e-02j,
           -2.55101107e-03+1.80172654e-04j],
          [-2.55101107e-03+1.80172654e-04j,
            1.47118819e-03+7.67195820e-02j,
            9.94650646e-01-1.90167287e-02j,
            6.38083307e-03+6.61297420e-02j],
          [-5.45548173e-06-5.65575555e-05j,
           -2.55101107e-03+1.80172654e-04j,
            6.38083307e-03+6.61297420e-02j,
            9.82860397e-01-1.71944871e-01j]],
         input_dims=(2, 2), output_dims=(2, 2))"
"Operator([[ 9.82860397e-01-1.71944871e-01j,
            6.38083307e-03+6.61297420e-02j,
           -2.55101107e-03+1.80172654e-04j,
           -5.45548173e-06-5.65575555e-05j],
          [ 6.38083307e-03+6.61297420e-02j,
            9.94650646e-01-1.90167287e-02j,
            1.47118819e-03+7.67195820e-02j,
           -2.55101107e-03+1.80172654e-04j],
          [-2.55101107e-03+1.80172654e-04j,
            1.47118819e-03+7.67195820e-02j,
            9.94650646e-01-1.90167287e-02j,
            6.38083307e-03+6.61297420e-02j],
          [-5.45548173e-06-5.65575555e-05j,
           -2.55101107e-03+1.80172654e-04j,
            6.38083307e-03+6.61297420e-02j,
            9.82860397e-01-1.71944871e-01j]],
         input_dims=(2, 2), output_dims=(2, 2))"
"Operator([[ 9.82860397e-01-1.71944871e-01j,
           -6.16276282e-02+2.48171964e-02j,
            2.04545873e-03-1.53499780e-03j,
           -3.27700750e-05+4.64181166e-05j],
          [ 6.52357028e-02+1.25762030e-02j,
            9.94650646e-01-1.90167287e-02j,
           -7.31734974e-02+2.31019033e-02j,
            2.04545873e-03-1.53499780e-03j],
          [ 2.24090450e-03+1.23226080e-03j,
            7.40053883e-02+2.02795751e-02j,
            9.94650646e-01-1.90167287e-02j,
           -6.16276282e-02+2.48171964e-02j],
          [ 4.10382229e-05+3.92986465e-05j,
            2.24090450e-03+1.23226080e-03j,
            6.52357028e-02+1.25762030e-02j,
            9.82860397e-01-1.71944871e-01j]],
         input_dims=(2, 2), output_dims=(2, 2))"
"Operator([[ 9.82860397e-01-1.71944871e-01j,
           -5.83626572e-02+3.17436301e-02j,
            1.64038655e-03-1.96195098e-03j,
           -1.50877613e-05+5.47802777e-05j],
          [ 6.33552943e-02+1.99991123e-02j,
            9.94650646e-01-1.90167287e-02j,
           -7.00292090e-02+3.13682728e-02j,
            1.64038655e-03-1.96195098e-03j],
          [ 1.89986381e-03+1.71191039e-03j,
            7.11803297e-02+2.86604139e-02j,
            9.94650646e-01-1.90167287e-02j,
           -5.83626572e-02+3.17436301e-02j],
          [ 2.52802588e-05+5.08864213e-05j,
            1.89986381e-03+1.71191039e-03j,
            6.33552943e-02+1.99991123e-02j,
            9.82860397e-01-1.71944871e-01j]],
         input_dims=(2, 2), output_dims=(2, 2))"
"Operator([[ 9.82860397e-01-1.71944871e-01j,
           -5.50096352e-02+3.72531588e-02j,
            1.23085372e-03-2.24167767e-03j,
            1.28356058e-06+5.68055617e-05j],
          [ 6.11175482e-02+2.60480920e-02j,
            9.94650646e-01-1.90167287e-02j,
           -6.66576087e-02+3.80108125e-02j,
            1.23085372e-03-2.24167767e-03j],
          [ 1.53371336e-03+2.04642200e-03j,
            6.80658714e-02+3.54273313e-02j,
            9.94650646e-01-1.90167287e-02j,
           -5.50096352e-02+3.72531588e-02j],
          [ 9.59788848e-06+5.60035704e-05j,
            1.53371336e-03+2.04642200e-03j,
            6.11175482e-02+2.60480920e-02j,
            9.82860397e-01-1.71944871e-01j]],
         input_dims=(2, 2), output_dims=(2, 2))"
"Operator([[ 9.82860397e-01-1.71944871e-01j,
           -5.20721490e-02+4.12595335e-02j,
            8.83032084e-04-2.40007792e-03j,
            1.38907484e-05+5.50959751e-05j],
          [ 5.90002702e-02+3.05421990e-02j,
            9.94650646e-01-1.90167287e-02j,
           -6.36309432e-02+4.28854489e-02j,
            8.83032084e-04-2.40007792e-03j],
          [ 1.21160849e-03+2.25213777e-03j,
            6.52283162e-02+4.04144210e-02j,
            9.94650646e-01-1.90167287e-02j,
           -5.20721490e-02+4.12595335e-02j],
          [-3.10362868e-06+5.67352347e-05j,
            1.21160849e-03+2.25213777e-03j,
            5.90002702e-02+3.05421990e-02j,
            9.82860397e-01-1.71944871e-01j]],
         input_dims=(2, 2), output_dims=(2, 2))"
"Operator([[ 9.82860397e-01-1.71944871e-01j,
           -5.00729385e-02+4.36641573e-02j,
            6.53493466e-04-2.47246152e-03j,
            2.15073607e-05+5.25923264e-05j],
          [ 5.74977046e-02+3.32847078e-02j,
            9.94650646e-01-1.90167287e-02j,
           -6.15424185e-02+4.58321872e-02j,
            6.53493466e-04-2.47246152e-03j],
          [ 9.94522382e-04+2.35606555e-03j,
            6.32542997e-02+4.34390634e-02j,
            9.94650646e-01-1.90167287e-02j,
           -5.00729385e-02+4.36641573e-02j],
          [-1.10583587e-05+5.57335811e-05j,
            9.94522382e-04+2.35606555e-03j,
            5.74977046e-02+3.32847078e-02j,
            9.82860397e-01-1.71944871e-01j]],
         input_dims=(2, 2), output_dims=(2, 2))"
"Operator([[ 9.82860397e-01-1.71944871e-01j,
           -4.95144587e-02+4.42964579e-02j,
            5.90497680e-04-2.48825886e-03j,
            2.34947616e-05+5.17350514e-05j],
          [ 5.70704233e-02+3.40121241e-02j,
            9.94650646e-01-1.90167287e-02j,
           -6.09554846e-02+4.66099513e-02j,
            5.90497680e-04-2.48825886e-03j],
          [ 9.34372352e-04+2.38056043e-03j,
            6.26976154e-02+4.42387577e-02j,
            9.94650646e-01-1.90167287e-02j,
           -4.95144587e-02+4.42964579e-02j],
          [-1.31729768e-05+5.52719825e-05j,
            9.34372352e-04+2.38056043e-03j,
            5.70704233e-02+3.40121241e-02j,
            9.82860397e-01-1.71944871e-01j]],
         input_dims=(2, 2), output_dims=(2, 2))"
"Operator([[ 9.82860397e-01-1.71944871e-01j,
           -5.07106042e-02+4.29219340e-02j,
            7.26032156e-04-2.45214130e-03j,
            1.91632603e-05+5.34910162e-05j],
          [ 5.79816937e-02+3.24342565e-02j,
            9.94650646e-01-1.90167287e-02j,
           -6.22107715e-02+4.49208033e-02j,
            7.26032156e-04-2.45214130e-03j],
          [ 1.06348487e-03+2.32575140e-03j,
            6.38872205e-02+4.25027260e-02j,
            9.94650646e-01-1.90167287e-02j,
           -5.07106042e-02+4.29219340e-02j],
          [-8.58570163e-06+5.61676516e-05j,
            1.06348487e-03+2.32575140e-03j,
            5.79816937e-02+3.24342565e-02j,
            9.82860397e-01-1.71944871e-01j]],
         input_dims=(2, 2), output_dims=(2, 2))"
"Operator([[ 9.82860397e-01-1.71944871e-01j,
            6.38083307e-03+6.61297420e-02j,
           -2.55101107e-03+1.80172654e-04j,
           -5.45548173e-06-5.65575555e-05j],
          [ 6.38083307e-03+6.61297420e-02j,
            9.94650646e-01-1.90167287e-02j,
            1.47118819e-03+7.67195820e-02j,
           -2.55101107e-03+1.80172654e-04j],
          [-2.55101107e-03+1.80172654e-04j,
            1.47118819e-03+7.67195820e-02j,
            9.94650646e-01-1.90167287e-02j,
            6.38083307e-03+6.61297420e-02j],
          [-5.45548173e-06-5.65575555e-05j,
           -2.55101107e-03+1.80172654e-04j,
            6.38083307e-03+6.61297420e-02j,
            9.82860397e-01-1.71944871e-01j]],
         input_dims=(2, 2), output_dims=(2, 2))"
"Operator([[ 9.82860397e-01-1.71944871e-01j,
           -5.80236067e-02+3.23592161e-02j,
            1.59851461e-03-1.99621410e-03j,
           -1.33420211e-05+5.52314207e-05j],
          [ 6.31401983e-02+2.06681677e-02j,
            9.94650646e-01-1.90167287e-02j,
           -6.96934763e-02+3.21072891e-02j,
            1.59851461e-03-1.99621410e-03j],
          [ 1.86322337e-03+1.75171868e-03j,
            7.08731764e-02+2.94117583e-02j,
            9.94650646e-01-1.90167287e-02j,
           -5.80236067e-02+3.23592161e-02j],
          [ 2.36529363e-05+5.16629264e-05j,
            1.86322337e-03+1.75171868e-03j,
            6.31401983e-02+2.06681677e-02j,
            9.82860397e-01-1.71944871e-01j]],
         input_dims=(2, 2), output_dims=(2, 2))"
