unitary
"Operator([[ 7.73442832e-01-0.58634141j, -2.37550299e-01-0.01912599j,
            2.80837235e-02+0.0199274j , -1.63960289e-03-0.00234619j],
          [ 1.66280555e-01-0.17072412j,  9.28465144e-01-0.0607864j ,
           -2.57392564e-01-0.10012399j,  2.80837235e-02+0.0199274j ],
          [ 1.43573369e-02-0.03129958j,  2.41312224e-01-0.13432853j,
            9.28465144e-01-0.0607864j , -2.37550299e-01-0.01912599j],
          [-3.00338666e-04-0.00284652j,  1.43573369e-02-0.03129958j,
            1.66280555e-01-0.17072412j,  7.73442832e-01-0.58634141j]],
         input_dims=(2, 2), output_dims=(2, 2))"
"Operator([[ 0.77344283-0.58634141j, -0.0312442 +0.23626203j,
           -0.0259023 -0.0226907j ,  0.00256919-0.0012618j ],
          [ 0.17900093+0.157336j  ,  0.92846514-0.0607864j ,
           -0.1131506 +0.25193786j, -0.0259023 -0.0226907j ],
          [-0.01108651+0.03260193j,  0.14648843+0.23413006j,
            0.92846514-0.0607864j , -0.0312442 +0.23626203j],
          [-0.00276719+0.00073182j, -0.01108651+0.03260193j,
            0.17900093+0.157336j  ,  0.77344283-0.58634141j]],
         input_dims=(2, 2), output_dims=(2, 2))"
"Operator([[ 0.77344283-0.58634141j,  0.08375764+0.22311568j,
           -0.03326202+0.00891263j, -0.00100171-0.00268132j],
          [ 0.08375764+0.22311568j,  0.92846514-0.0607864j ,
            0.01889794+0.27553332j, -0.03326202+0.00891263j],
          [-0.03326202+0.00891263j,  0.01889794+0.27553332j,
            0.92846514-0.0607864j ,  0.08375764+0.22311568j],
          [-0.00100171-0.00268132j, -0.03326202+0.00891263j,
            0.08375764+0.22311568j,  0.77344283-0.58634141j]],
         input_dims=(2, 2), output_dims=(2, 2))"
"Operator([[ 7.73442832e-01-0.58634141j, -1.60061219e-01+0.17656827j,
            1.20806213e-02-0.03224679j,  6.03840434e-04+0.0027979j ],
          [ 2.36713184e-01+0.02761914j,  9.28465144e-01-0.0607864j ,
           -2.36347910e-01+0.1428825j ,  1.20806213e-02-0.03224679j],
          [ 2.65856460e-02+0.02188608j,  2.53642621e-01+0.10927564j,
            9.28465144e-01-0.0607864j , -1.60061219e-01+0.17656827j],
          [ 1.37856694e-03+0.00250847j,  2.65856460e-02+0.02188608j,
            2.36713184e-01+0.02761914j,  7.73442832e-01-0.58634141j]],
         input_dims=(2, 2), output_dims=(2, 2))"
"Operator([[ 7.73442832e-01-0.58634141j, -1.37688852e-01+0.19451922j,
            4.03970553e-03-0.03419763j,  1.55387489e-03+0.00240382j],
          [ 2.31680462e-01+0.05585796j,  9.28465144e-01-0.0607864j ,
           -2.17470019e-01+0.17024258j,  4.03970553e-03-0.03419763j],
          [ 2.05974597e-02+0.02759604j,  2.38677013e-01+0.13895693j,
            9.28465144e-01-0.0607864j , -1.37688852e-01+0.19451922j],
          [ 4.02857477e-04+0.00283383j,  2.05974597e-02+0.02759604j,
            2.31680462e-01+0.05585796j,  7.73442832e-01-0.58634141j]],
         input_dims=(2, 2), output_dims=(2, 2))"
"Operator([[ 0.77344283-0.58634141j,  0.08375764+0.22311568j,
           -0.03326202+0.00891263j, -0.00100171-0.00268132j],
          [ 0.08375764+0.22311568j,  0.92846514-0.0607864j ,
            0.01889794+0.27553332j, -0.03326202+0.00891263j],
          [-0.03326202+0.00891263j,  0.01889794+0.27553332j,
            0.92846514-0.0607864j ,  0.08375764+0.22311568j],
          [-0.00100171-0.00268132j, -0.03326202+0.00891263j,
            0.08375764+0.22311568j,  0.77344283-0.58634141j]],
         input_dims=(2, 2), output_dims=(2, 2))"
"Operator([[ 7.73442832e-01-0.58634141j,  1.74880132e-01-0.16190395j,
            1.75109911e-02-0.02965067j,  1.42954139e-04-0.00285875j],
          [-2.38221239e-01-0.00682567j,  9.28465144e-01-0.0607864j ,
            2.47930922e-01-0.12167992j,  1.75109911e-02-0.02965067j],
          [ 2.99903942e-02+0.01692256j, -2.62222351e-01-0.08669016j,
            9.28465144e-01-0.0607864j ,  1.74880132e-01-0.16190395j],
          [-1.98232864e-03-0.00206477j,  2.99903942e-02+0.01692256j,
           -2.38221239e-01-0.00682567j,  7.73442832e-01-0.58634141j]],
         input_dims=(2, 2), output_dims=(2, 2))"
