unitary
"Operator([[ 8.60421815e-01-0.47311191j,  5.17573063e-02+0.18087494j,
           -2.06130761e-02+0.00425699j, -3.72237781e-04-0.0013045j ],
          [ 5.17573063e-02+0.18087494j,  9.56148263e-01-0.05048357j,
            1.17880916e-02+0.21738299j, -2.06130761e-02+0.00425699j],
          [-2.06130761e-02+0.00425699j,  1.17880916e-02+0.21738299j,
            9.56148263e-01-0.05048357j,  5.17573063e-02+0.18087494j],
          [-3.72237781e-04-0.0013045j , -2.06130761e-02+0.00425699j,
            5.17573063e-02+0.18087494j,  8.60421815e-01-0.47311191j]],
         input_dims=(2, 2), output_dims=(2, 2))"
"Operator([[ 8.60421815e-01-0.47311191j,  5.17573063e-02+0.18087494j,
           -2.06130761e-02+0.00425699j, -3.72237781e-04-0.0013045j ],
          [ 5.17573063e-02+0.18087494j,  9.56148263e-01-0.05048357j,
            1.17880916e-02+0.21738299j, -2.06130761e-02+0.00425699j],
          [-2.06130761e-02+0.00425699j,  1.17880916e-02+0.21738299j,
            9.56148263e-01-0.05048357j,  5.17573063e-02+0.18087494j],
          [-3.72237781e-04-0.0013045j , -2.06130761e-02+0.00425699j,
            5.17573063e-02+0.18087494j,  8.60421815e-01-0.47311191j]],
         input_dims=(2, 2), output_dims=(2, 2))"
"Operator([[ 8.60421815e-01-0.47311191j,  1.84461909e-01+0.03699146j,
            1.54067651e-02+0.01434059j,  5.51812776e-04+0.00123927j],
          [-1.36972173e-01+0.12896972j,  9.56148263e-01-0.05048357j,
            1.98564448e-01+0.08925515j,  1.54067651e-02+0.01434059j],
          [ 8.46541080e-03-0.01927064j, -1.87748326e-01+0.11020385j,
            9.56148263e-01-0.05048357j,  1.84461909e-01+0.03699146j],
          [ 1.85279390e-04+0.00134386j,  8.46541080e-03-0.01927064j,
           -1.36972173e-01+0.12896972j,  8.60421815e-01-0.47311191j]],
         input_dims=(2, 2), output_dims=(2, 2))"
"Operator([[ 0.86042181-4.73111906e-01j,  0.18627791-2.63648420e-02j,
            0.0209927 +1.52561929e-03j,  0.00134398+1.84385138e-04j],
          [-0.17202783+7.61642284e-02j,  0.95614826-5.04835675e-02j,
            0.21693611+1.82496216e-02j,  0.0209927 +1.52561929e-03j],
          [ 0.0186709 -9.71690262e-03j, -0.21369055+4.16013406e-02j,
            0.95614826-5.04835675e-02j,  0.18627791-2.63648420e-02j],
          [-0.00104429+8.65875893e-04j,  0.0186709 -9.71690262e-03j,
           -0.17202783+7.61642284e-02j,  0.86042181-4.73111906e-01j]],
         input_dims=(2, 2), output_dims=(2, 2))"
"Operator([[ 0.86042181-4.73111906e-01j,  0.18078459-5.20720393e-02j,
            0.02059813-4.32871761e-03j,  0.00130254-3.79044111e-04j],
          [-0.18096475+5.14424165e-02j,  0.95614826-5.04835675e-02j,
            0.21736214-1.21664271e-02j,  0.02059813-4.32871761e-03j],
          [ 0.02062777-4.18521026e-03j, -0.21740318+1.14097204e-02j,
            0.95614826-5.04835675e-02j,  0.18078459-5.20720393e-02j],
          [-0.00130643+3.65421302e-04j,  0.02062777-4.18521026e-03j,
           -0.18096475+5.14424165e-02j,  0.86042181-4.73111906e-01j]],
         input_dims=(2, 2), output_dims=(2, 2))"
"Operator([[ 0.86042181-4.73111906e-01j,  0.1792884 -5.70108199e-02j,
            0.02032979-5.45166798e-03j,  0.00126698-4.84828175e-04j],
          [-0.18230758+4.64597534e-02j,  0.95614826-5.04835675e-02j,
            0.21694668-1.81234305e-02j,  0.02032979-5.45166798e-03j],
          [ 0.02082622-3.04782581e-03j, -0.21763433+5.44272238e-03j,
            0.95614826-5.04835675e-02j,  0.1792884 -5.70108199e-02j],
          [-0.00133205+2.56798437e-04j,  0.02082622-3.04782581e-03j,
           -0.18230758+4.64597534e-02j,  0.86042181-4.73111906e-01j]],
         input_dims=(2, 2), output_dims=(2, 2))"
"Operator([[ 0.86042181-4.73111906e-01j,  0.18270994-4.48513250e-02j,
            0.02087671-2.68029563e-03j,  0.00133837-2.21495549e-04j],
          [-0.17877902+5.85886230e-02j,  0.95614826-5.04835675e-02j,
            0.21767384-3.52456245e-03j,  0.02087671-2.68029563e-03j],
          [ 0.02023054-5.80912835e-03j, -0.21677854+2.00346154e-02j,
            0.95614826-5.04835675e-02j,  0.18270994-4.48513250e-02j],
          [-0.00125372+5.18151786e-04j,  0.02023054-5.80912835e-03j,
           -0.17877902+5.85886230e-02j,  0.86042181-4.73111906e-01j]],
         input_dims=(2, 2), output_dims=(2, 2))"
"Operator([[ 8.60421815e-01-0.47311191j,  5.17573063e-02+0.18087494j,
           -2.06130761e-02+0.00425699j, -3.72237781e-04-0.0013045j ],
          [ 5.17573063e-02+0.18087494j,  9.56148263e-01-0.05048357j,
            1.17880916e-02+0.21738299j, -2.06130761e-02+0.00425699j],
          [-2.06130761e-02+0.00425699j,  1.17880916e-02+0.21738299j,
            9.56148263e-01-0.05048357j,  5.17573063e-02+0.18087494j],
          [-3.72237781e-04-0.0013045j , -2.06130761e-02+0.00425699j,
            5.17573063e-02+0.18087494j,  8.60421815e-01-0.47311191j]],
         input_dims=(2, 2), output_dims=(2, 2))"
"Operator([[ 8.60421815e-01-0.47311191j,  5.17573063e-02+0.18087494j,
           -2.06130761e-02+0.00425699j, -3.72237781e-04-0.0013045j ],
          [ 5.17573063e-02+0.18087494j,  9.56148263e-01-0.05048357j,
            1.17880916e-02+0.21738299j, -2.06130761e-02+0.00425699j],
          [-2.06130761e-02+0.00425699j,  1.17880916e-02+0.21738299j,
            9.56148263e-01-0.05048357j,  5.17573063e-02+0.18087494j],
          [-3.72237781e-04-0.0013045j , -2.06130761e-02+0.00425699j,
            5.17573063e-02+0.18087494j,  8.60421815e-01-0.47311191j]],
         input_dims=(2, 2), output_dims=(2, 2))"
