unitary
"Operator([[ 8.86340847e-01-0.43033515j,  8.63610119e-03+0.16983398j,
           -1.67013185e-02-0.00367224j,  3.39324816e-04-0.00093113j],
          [ 7.40498152e-02+0.15308425j,  9.64342661e-01-0.04628868j,
           -2.95636604e-02+0.19446336j, -1.67013185e-02-0.00367224j],
          [-1.42752766e-02+0.00941466j,  4.84465713e-02+0.19063824j,
            9.64342661e-01-0.04628868j,  8.63610119e-03+0.16983398j],
          [-7.44369307e-04-0.00065427j, -1.42752766e-02+0.00941466j,
            7.40498152e-02+0.15308425j,  8.86340847e-01-0.43033515j]],
         input_dims=(2, 2), output_dims=(2, 2))"
"Operator([[ 8.86340847e-01-0.43033515j,  4.21826807e-02+0.16473853j,
           -1.68138086e-02+0.00311693j, -2.45314235e-04-0.00096019j],
          [ 4.21826807e-02+0.16473853j,  9.64342661e-01-0.04628868j,
            9.63322217e-03+0.19646172j, -1.68138086e-02+0.00311693j],
          [-1.68138086e-02+0.00311693j,  9.63322217e-03+0.19646172j,
            9.64342661e-01-0.04628868j,  4.21826807e-02+0.16473853j],
          [-2.45314235e-04-0.00096019j, -1.68138086e-02+0.00311693j,
            4.21826807e-02+0.16473853j,  8.86340847e-01-0.43033515j]],
         input_dims=(2, 2), output_dims=(2, 2))"
"Operator([[ 8.86340847e-01-4.30335148e-01j,
            9.58901869e-02+1.40439433e-01j,
           -1.08939692e-02+1.31810796e-02j,
           -9.53677953e-04-2.69532710e-04j],
          [-1.65936948e-02+1.69241873e-01j,
            9.64342661e-01-4.62886825e-02j,
            7.61267140e-02+1.81369048e-01j,
           -1.08939692e-02+1.31810796e-02j],
          [-1.48947266e-02-8.40038946e-03j,
           -5.80178429e-02+1.87946636e-01j,
            9.64342661e-01-4.62886825e-02j,
            9.58901869e-02+1.40439433e-01j],
          [ 7.07524774e-04-6.93943957e-04j,
           -1.48947266e-02-8.40038946e-03j,
           -1.65936948e-02+1.69241873e-01j,
            8.86340847e-01-4.30335148e-01j]],
         input_dims=(2, 2), output_dims=(2, 2))"
"Operator([[ 8.86340847e-01-0.43033515j,  4.21826807e-02+0.16473853j,
           -1.68138086e-02+0.00311693j, -2.45314235e-04-0.00096019j],
          [ 4.21826807e-02+0.16473853j,  9.64342661e-01-0.04628868j,
            9.63322217e-03+0.19646172j, -1.68138086e-02+0.00311693j],
          [-1.68138086e-02+0.00311693j,  9.63322217e-03+0.19646172j,
            9.64342661e-01-0.04628868j,  4.21826807e-02+0.16473853j],
          [-2.45314235e-04-0.00096019j, -1.68138086e-02+0.00311693j,
            4.21826807e-02+0.16473853j,  8.86340847e-01-0.43033515j]],
         input_dims=(2, 2), output_dims=(2, 2))"
"Operator([[ 8.86340847e-01-0.43033515j,  1.60562453e-01+0.05601662j,
            9.39139105e-03+0.0142906j ,  6.12953229e-05+0.00098914j],
          [-1.13881259e-01+0.12629023j,  9.64342661e-01-0.04628868j,
            1.68976518e-01+0.10068239j,  9.39139105e-03+0.0142906j ],
          [ 3.64502640e-03-0.01670728j, -1.58315975e-01+0.11673072j,
            9.64342661e-01-0.04628868j,  1.60562453e-01+0.05601662j],
          [ 4.20665847e-04+0.00089732j,  3.64502640e-03-0.01670728j,
           -1.13881259e-01+0.12629023j,  8.86340847e-01-0.43033515j]],
         input_dims=(2, 2), output_dims=(2, 2))"
"Operator([[ 8.86340847e-01-0.43033515j, -5.01030606e-02-0.16250491j,
           -1.64338738e-02+0.00472728j,  3.81655748e-04+0.0009146j ],
          [-3.41635160e-02-0.16658636j,  9.64342661e-01-0.04628868j,
           -1.91264293e-02-0.19576564j, -1.64338738e-02+0.00472728j],
          [-1.70363352e-02+0.0014774j , -1.17455682e-04-0.19669772j,
            9.64342661e-01-0.04628868j, -5.01030606e-02-0.16250491j],
          [ 1.03810427e-04+0.00098558j, -1.70363352e-02+0.0014774j ,
           -3.41635160e-02-0.16658636j,  8.86340847e-01-0.43033515j]],
         input_dims=(2, 2), output_dims=(2, 2))"
"Operator([[ 8.86340847e-01-0.43033515j, -1.69680280e-01-0.01125899j,
            1.53937220e-02+0.00744666j, -7.57566819e-04-0.00063894j],
          [ 1.43387777e-01-0.09142269j,  9.64342661e-01-0.04628868j,
           -1.89679503e-01-0.05207393j,  1.53937220e-02+0.00744666j],
          [ 1.17016629e-02-0.01246958j,  1.83675107e-01-0.07038084j,
            9.64342661e-01-0.04628868j, -1.69680280e-01-0.01125899j],
          [ 3.58257108e-04-0.00092401j,  1.17016629e-02-0.01246958j,
            1.43387777e-01-0.09142269j,  8.86340847e-01-0.43033515j]],
         input_dims=(2, 2), output_dims=(2, 2))"
"Operator([[ 8.86340847e-01-4.30335148e-01j,
           -1.69854852e-01+8.21532357e-03j,
            1.66829182e-02+3.75495216e-03j,
           -9.28585093e-04-3.46235825e-04j],
          [ 1.52900326e-01-7.44288428e-02j,
            9.64342661e-01-4.62886825e-02j,
           -1.94389520e-01-3.00453383e-02j,
            1.66829182e-02+3.75495216e-03j],
          [ 1.42284533e-02-9.48528024e-03j,
            1.90517630e-01-4.89187148e-02j,
            9.64342661e-01-4.62886825e-02j,
           -1.69854852e-01+8.21532357e-03j],
          [ 6.48715506e-04-7.49211394e-04j,
            1.42284533e-02-9.48528024e-03j,
            1.52900326e-01-7.44288428e-02j,
            8.86340847e-01-4.30335148e-01j]],
         input_dims=(2, 2), output_dims=(2, 2))"
"Operator([[ 8.86340847e-01-0.43033515j, -1.69965267e-01-0.00547453j,
            1.58648742e-02+0.00638163j, -8.18786034e-04-0.00055834j],
          [ 1.46417735e-01-0.08648705j,  9.64342661e-01-0.04628868j,
           -1.91342716e-01-0.04558479j,  1.58648742e-02+0.00638163j],
          [ 1.25232587e-02-0.0116442j ,  1.85965187e-01-0.06408555j,
            9.64342661e-01-0.04628868j, -1.69965267e-01-0.00547453j],
          [ 4.50635902e-04-0.00088265j,  1.25232587e-02-0.0116442j ,
            1.46417735e-01-0.08648705j,  8.86340847e-01-0.43033515j]],
         input_dims=(2, 2), output_dims=(2, 2))"
"Operator([[ 8.86340847e-01-0.43033515j,  4.21826807e-02+0.16473853j,
           -1.68138086e-02+0.00311693j, -2.45314235e-04-0.00096019j],
          [ 4.21826807e-02+0.16473853j,  9.64342661e-01-0.04628868j,
            9.63322217e-03+0.19646172j, -1.68138086e-02+0.00311693j],
          [-1.68138086e-02+0.00311693j,  9.63322217e-03+0.19646172j,
            9.64342661e-01-0.04628868j,  4.21826807e-02+0.16473853j],
          [-2.45314235e-04-0.00096019j, -1.68138086e-02+0.00311693j,
            4.21826807e-02+0.16473853j,  8.86340847e-01-0.43033515j]],
         input_dims=(2, 2), output_dims=(2, 2))"
