unitary
"Operator([[-0.1739374 +0.70686762j,  0.10162579-0.41221507j,
           -0.01933174+0.43633255j, -0.24566899+0.19677861j],
          [ 0.10162579-0.41221507j,  0.03843495+0.25873113j,
           -0.17296637+0.72846051j, -0.01933174+0.43633255j],
          [-0.01933174+0.43633255j, -0.17296637+0.72846051j,
            0.03843495+0.25873113j,  0.10162579-0.41221507j],
          [-0.24566899+0.19677861j, -0.01933174+0.43633255j,
            0.10162579-0.41221507j, -0.1739374 +0.70686762j]],
         input_dims=(2, 2), output_dims=(2, 2))"
"Operator([[-0.1739374 +0.70686762j,  0.10162579-0.41221507j,
           -0.01933174+0.43633255j, -0.24566899+0.19677861j],
          [ 0.10162579-0.41221507j,  0.03843495+0.25873113j,
           -0.17296637+0.72846051j, -0.01933174+0.43633255j],
          [-0.01933174+0.43633255j, -0.17296637+0.72846051j,
            0.03843495+0.25873113j,  0.10162579-0.41221507j],
          [-0.24566899+0.19677861j, -0.01933174+0.43633255j,
            0.10162579-0.41221507j, -0.1739374 +0.70686762j]],
         input_dims=(2, 2), output_dims=(2, 2))"
"Operator([[-0.1739374 +0.70686762j,  0.29930223+0.30111001j,
            0.39642797-0.18331579j, -0.25870228+0.1792992j ],
          [-0.4049657 +0.12748272j,  0.03843495+0.25873113j,
           -0.53236681-0.52645765j,  0.39642797-0.18331579j],
          [-0.37866288-0.21765623j,  0.71220529-0.23094524j,
            0.03843495+0.25873113j,  0.29930223+0.30111001j],
          [-0.23145689+0.21331381j, -0.37866288-0.21765623j,
           -0.4049657 +0.12748272j, -0.1739374 +0.70686762j]],
         input_dims=(2, 2), output_dims=(2, 2))"
"Operator([[-0.1739374 +0.70686762j, -0.003327  -0.42454446j,
            0.19187239+0.39235799j, -0.04603975+0.31137665j],
          [ 0.20028249-0.37434742j,  0.03843495+0.25873113j,
            0.01229946+0.74861259j,  0.19187239+0.39235799j],
          [-0.22581937+0.37385214j, -0.34751629+0.66317759j,
            0.03843495+0.25873113j, -0.003327  -0.42454446j],
          [-0.31391646-0.02305502j, -0.22581937+0.37385214j,
            0.20028249-0.37434742j, -0.1739374 +0.70686762j]],
         input_dims=(2, 2), output_dims=(2, 2))"
"Operator([[-0.1739374 +0.70686762j,  0.09301101-0.41424391j,
           -0.00112802+0.43675913j, -0.23289017+0.21174807j],
          [ 0.11019641-0.41000709j,  0.03843495+0.25873113j,
           -0.15774389+0.73190775j, -0.00112802+0.43675913j],
          [-0.03750186+0.43514758j, -0.18811369+0.72469671j,
            0.03843495+0.25873113j,  0.09301101-0.41424391j],
          [-0.25748725+0.18103976j, -0.03750186+0.43514758j,
            0.11019641-0.41000709j, -0.1739374 +0.70686762j]],
         input_dims=(2, 2), output_dims=(2, 2))"
"Operator([[-0.1739374 +0.70686762j, -0.42401672+0.02142166j,
           -0.22459588-0.37458844j, -0.31470589-0.00593952j],
          [ 0.3654694 +0.21605829j,  0.03843495+0.25873113j,
            0.74740779-0.04420048j, -0.22459588-0.37458844j],
          [ 0.25684317-0.35325826j, -0.64776067-0.37547064j,
            0.03843495+0.25873113j, -0.42401672+0.02142166j],
          [-0.06291469+0.30841015j,  0.25684317-0.35325826j,
            0.3654694 +0.21605829j, -0.1739374 +0.70686762j]],
         input_dims=(2, 2), output_dims=(2, 2))"
"Operator([[-0.1739374 +0.70686762j,  0.14224582+0.40001899j,
            0.39359549+0.18932089j, -0.23743873-0.20663477j],
          [-0.311882  +0.2880602j ,  0.03843495+0.25873113j,
           -0.25690427-0.70325833j,  0.39359549+0.18932089j],
          [-0.40879619+0.15377088j,  0.54562385-0.51270527j,
            0.03843495+0.25873113j,  0.14224582+0.40001899j],
          [ 0.14980865+0.27682566j, -0.40879619+0.15377088j,
           -0.311882  +0.2880602j , -0.1739374 +0.70686762j]],
         input_dims=(2, 2), output_dims=(2, 2))"
