unitary
"Operator([[ 0.74613269-0.06537464j, -0.46178053-0.09513271j,
            0.04806364+0.19165432j,  0.09025877+0.41174329j],
          [-0.46178053-0.09513271j, -0.26480465-0.06377087j,
           -0.33196122+0.74450019j,  0.04806364+0.19165432j],
          [ 0.04806364+0.19165432j, -0.33196122+0.74450019j,
           -0.26480465-0.06377087j, -0.46178053-0.09513271j],
          [ 0.09025877+0.41174329j,  0.04806364+0.19165432j,
           -0.46178053-0.09513271j,  0.74613269-0.06537464j]],
         input_dims=(2, 2), output_dims=(2, 2))"
"Operator([[ 0.74613269-0.06537464j, -0.46178053-0.09513271j,
            0.04806364+0.19165432j,  0.09025877+0.41174329j],
          [-0.46178053-0.09513271j, -0.26480465-0.06377087j,
           -0.33196122+0.74450019j,  0.04806364+0.19165432j],
          [ 0.04806364+0.19165432j, -0.33196122+0.74450019j,
           -0.26480465-0.06377087j, -0.46178053-0.09513271j],
          [ 0.09025877+0.41174329j,  0.04806364+0.19165432j,
           -0.46178053-0.09513271j,  0.74613269-0.06537464j]],
         input_dims=(2, 2), output_dims=(2, 2))"
"Operator([[ 0.74613269-0.06537464j,  0.07696149+0.46515419j,
           -0.16409652-0.11006282j, -0.10574821+0.40803983j],
          [ 0.25454729-0.39685913j, -0.26480465-0.06377087j,
            0.81404162+0.04260319j, -0.16409652-0.11006282j],
          [ 0.09273977-0.174473j  , -0.57572915-0.57707429j,
           -0.26480465-0.06377087j,  0.07696149+0.46515419j],
          [ 0.26674255+0.32638565j,  0.09273977-0.174473j  ,
            0.25454729-0.39685913j,  0.74613269-0.06537464j]],
         input_dims=(2, 2), output_dims=(2, 2))"
"Operator([[ 0.74613269-0.06537464j, -0.46178053-0.09513271j,
            0.04806364+0.19165432j,  0.09025877+0.41174329j],
          [-0.46178053-0.09513271j, -0.26480465-0.06377087j,
           -0.33196122+0.74450019j,  0.04806364+0.19165432j],
          [ 0.04806364+0.19165432j, -0.33196122+0.74450019j,
           -0.26480465-0.06377087j, -0.46178053-0.09513271j],
          [ 0.09025877+0.41174329j,  0.04806364+0.19165432j,
           -0.46178053-0.09513271j,  0.74613269-0.06537464j]],
         input_dims=(2, 2), output_dims=(2, 2))"
"Operator([[ 0.74613269-0.06537464j,  0.44258726+0.16250541j,
           -0.01021538+0.19732496j,  0.09624488-0.41038531j],
          [ 0.47077921+0.02565979j, -0.26480465-0.06377087j,
            0.43861078-0.68709488j, -0.01021538+0.19732496j],
          [ 0.10212175+0.16915271j,  0.21798306-0.7854694j ,
           -0.26480465-0.06377087j,  0.44258726+0.16250541j],
          [-0.25909185-0.3324915j ,  0.10212175+0.16915271j,
            0.47077921+0.02565979j,  0.74613269-0.06537464j]],
         input_dims=(2, 2), output_dims=(2, 2))"
