unitary
"Operator([[ 0.84980762-4.89159468e-01j, -0.15051331-1.24014214e-01j,
           -0.00394826+2.23236509e-02j,  0.00133622-7.20044601e-04j],
          [ 0.05812309-1.86159846e-01j,  0.95278545-5.20210443e-02j,
           -0.13628744-1.79921394e-01j, -0.00394826+2.23236509e-02j],
          [-0.01276351-1.87357141e-02j,  0.11526835-1.94059741e-01j,
            0.95278545-5.20210443e-02j, -0.15051331-1.24014214e-01j],
          [-0.00151264+1.25955995e-04j, -0.01276351-1.87357141e-02j,
            0.05812309-1.86159846e-01j,  0.84980762-4.89159468e-01j]],
         input_dims=(2, 2), output_dims=(2, 2))"
"Operator([[ 8.49807622e-01-0.48915947j, -1.92106521e-01-0.03359861j,
            1.71358832e-02+0.01484236j, -6.89503107e-04-0.00135223j],
          [ 1.42411040e-01-0.13323993j,  9.52785453e-01-0.05202104j,
           -2.07319161e-01-0.08924539j,  1.71358832e-02+0.01484236j],
          [ 9.53342186e-03-0.02056813j,  1.96013267e-01-0.11191413j,
            9.52785453e-01-0.05202104j, -1.92106521e-01-0.03359861j],
          [-1.60287035e-04-0.00150939j,  9.53342186e-03-0.02056813j,
            1.42411040e-01-0.13323993j,  8.49807622e-01-0.48915947j]],
         input_dims=(2, 2), output_dims=(2, 2))"
"Operator([[ 8.49807622e-01-0.48915947j, -1.64836335e-01+0.10422459j,
            1.64299249e-02-0.01562023j, -6.72694907e-04+0.00136067j],
          [ 1.95000078e-01-0.00295834j,  9.52785453e-01-0.05202104j,
           -2.13498680e-01+0.0732413j ,  1.64299249e-02-0.01562023j],
          [ 2.13936617e-02+0.00749969j,  2.20361037e-01+0.04885681j,
            9.52785453e-01-0.05202104j, -1.64836335e-01+0.10422459j],
          [ 1.30630719e-03+0.00077298j,  2.13936617e-02+0.00749969j,
            1.95000078e-01-0.00295834j,  8.49807622e-01-0.48915947j]],
         input_dims=(2, 2), output_dims=(2, 2))"
"Operator([[ 8.49807622e-01-0.48915947j,  5.56732257e-02+0.18690713j,
           -2.21650333e-02+0.00475873j, -4.32099984e-04-0.00145507j],
          [ 5.56732257e-02+0.18690713j,  9.52785453e-01-0.05202104j,
            1.26658519e-02+0.2253565j , -2.21650333e-02+0.00475873j],
          [-2.21650333e-02+0.00475873j,  1.26658519e-02+0.2253565j ,
            9.52785453e-01-0.05202104j,  5.56732257e-02+0.18690713j],
          [-4.32099984e-04-0.00145507j, -2.21650333e-02+0.00475873j,
            5.56732257e-02+0.18690713j,  8.49807622e-01-0.48915947j]],
         input_dims=(2, 2), output_dims=(2, 2))"
"Operator([[ 8.49807622e-01-0.48915947j,  9.27841638e-02+0.17153682j,
           -1.83959188e-02+0.01324856j, -1.19618526e-03-0.00093439j],
          [ 1.62005195e-02+0.19434846j,  9.52785453e-01-0.05202104j,
            5.85661739e-02+0.2179816j , -1.83959188e-02+0.01324856j],
          [-2.22128989e-02-0.00453004j, -3.37717804e-02+0.22317133j,
            9.52785453e-01-0.05202104j,  9.27841638e-02+0.17153682j],
          [ 4.92327371e-04-0.00143581j, -2.22128989e-02-0.00453004j,
            1.62005195e-02+0.19434846j,  8.49807622e-01-0.48915947j]],
         input_dims=(2, 2), output_dims=(2, 2))"
"Operator([[ 8.49807622e-01-0.48915947j,  5.56732257e-02+0.18690713j,
           -2.21650333e-02+0.00475873j, -4.32099984e-04-0.00145507j],
          [ 5.56732257e-02+0.18690713j,  9.52785453e-01-0.05202104j,
            1.26658519e-02+0.2253565j , -2.21650333e-02+0.00475873j],
          [-2.21650333e-02+0.00475873j,  1.26658519e-02+0.2253565j ,
            9.52785453e-01-0.05202104j,  5.56732257e-02+0.18690713j],
          [-4.32099984e-04-0.00145507j, -2.21650333e-02+0.00475873j,
            5.56732257e-02+0.18690713j,  8.49807622e-01-0.48915947j]],
         input_dims=(2, 2), output_dims=(2, 2))"
"Operator([[ 8.49807622e-01-0.48915947j,  1.82253457e-01+0.06940792j,
            1.03787706e-02+0.02015478j, -1.52516849e-04+0.00151019j],
          [-1.14569646e-01+0.15782135j,  9.52785453e-01-0.05202104j,
            1.86641001e-01+0.12692955j,  1.03787706e-02+0.02015478j],
          [ 1.19119550e-03-0.0226388j , -1.71242699e-01+0.14704391j,
            9.52785453e-01-0.05202104j,  1.82253457e-01+0.06940792j],
          [ 9.52047260e-04+0.00118218j,  1.19119550e-03-0.0226388j ,
           -1.14569646e-01+0.15782135j,  8.49807622e-01-0.48915947j]],
         input_dims=(2, 2), output_dims=(2, 2))"
"Operator([[ 8.49807622e-01-0.48915947j,  5.56732257e-02+0.18690713j,
           -2.21650333e-02+0.00475873j, -4.32099984e-04-0.00145507j],
          [ 5.56732257e-02+0.18690713j,  9.52785453e-01-0.05202104j,
            1.26658519e-02+0.2253565j , -2.21650333e-02+0.00475873j],
          [-2.21650333e-02+0.00475873j,  1.26658519e-02+0.2253565j ,
            9.52785453e-01-0.05202104j,  5.56732257e-02+0.18690713j],
          [-4.32099984e-04-0.00145507j, -2.21650333e-02+0.00475873j,
            5.56732257e-02+0.18690713j,  8.49807622e-01-0.48915947j]],
         input_dims=(2, 2), output_dims=(2, 2))"
"Operator([[ 8.49807622e-01-0.48915947j,  5.56732257e-02+0.18690713j,
           -2.21650333e-02+0.00475873j, -4.32099984e-04-0.00145507j],
          [ 5.56732257e-02+0.18690713j,  9.52785453e-01-0.05202104j,
            1.26658519e-02+0.2253565j , -2.21650333e-02+0.00475873j],
          [-2.21650333e-02+0.00475873j,  1.26658519e-02+0.2253565j ,
            9.52785453e-01-0.05202104j,  5.56732257e-02+0.18690713j],
          [-4.32099984e-04-0.00145507j, -2.21650333e-02+0.00475873j,
            5.56732257e-02+0.18690713j,  8.49807622e-01-0.48915947j]],
         input_dims=(2, 2), output_dims=(2, 2))"
"Operator([[ 8.49807622e-01-0.48915947j,  1.94921623e-01-0.00627241j,
            2.16362135e-02+0.00676819j,  1.34400985e-03+0.00070539j],
          [-1.66584067e-01+0.10140775j,  9.52785453e-01-0.05202104j,
            2.21159640e-01+0.04510419j,  2.16362135e-02+0.00676819j],
          [ 1.69513609e-02-0.01505276j, -2.14712748e-01+0.0696018j ,
            9.52785453e-01-0.05202104j,  1.94921623e-01-0.00627241j],
          [-7.41177155e-04+0.00132461j,  1.69513609e-02-0.01505276j,
           -1.66584067e-01+0.10140775j,  8.49807622e-01-0.48915947j]],
         input_dims=(2, 2), output_dims=(2, 2))"
"Operator([[ 0.84980762-4.89159468e-01j,  0.15317264+1.20714228e-01j,
           -0.00297456+2.24741216e-02j, -0.00128647+8.05569233e-04j],
          [-0.06215468+1.84852855e-01j,  0.95278545-5.20210443e-02j,
            0.14016501+1.76917339e-01j, -0.00297456+2.24741216e-02j],
          [-0.01193738-1.92725992e-02j, -0.11945811+1.91509099e-01j,
            0.95278545-5.20210443e-02j,  0.15317264+1.20714228e-01j],
          [ 0.00151763-2.71401729e-05j, -0.01193738-1.92725992e-02j,
           -0.06215468+1.84852855e-01j,  0.84980762-4.89159468e-01j]],
         input_dims=(2, 2), output_dims=(2, 2))"
"Operator([[ 8.49807622e-01-0.48915947j,  5.56732257e-02+0.18690713j,
           -2.21650333e-02+0.00475873j, -4.32099984e-04-0.00145507j],
          [ 5.56732257e-02+0.18690713j,  9.52785453e-01-0.05202104j,
            1.26658519e-02+0.2253565j , -2.21650333e-02+0.00475873j],
          [-2.21650333e-02+0.00475873j,  1.26658519e-02+0.2253565j ,
            9.52785453e-01-0.05202104j,  5.56732257e-02+0.18690713j],
          [-4.32099984e-04-0.00145507j, -2.21650333e-02+0.00475873j,
            5.56732257e-02+0.18690713j,  8.49807622e-01-0.48915947j]],
         input_dims=(2, 2), output_dims=(2, 2))"
"Operator([[ 8.49807622e-01-0.48915947j,  5.56732257e-02+0.18690713j,
           -2.21650333e-02+0.00475873j, -4.32099984e-04-0.00145507j],
          [ 5.56732257e-02+0.18690713j,  9.52785453e-01-0.05202104j,
            1.26658519e-02+0.2253565j , -2.21650333e-02+0.00475873j],
          [-2.21650333e-02+0.00475873j,  1.26658519e-02+0.2253565j ,
            9.52785453e-01-0.05202104j,  5.56732257e-02+0.18690713j],
          [-4.32099984e-04-0.00145507j, -2.21650333e-02+0.00475873j,
            5.56732257e-02+0.18690713j,  8.49807622e-01-0.48915947j]],
         input_dims=(2, 2), output_dims=(2, 2))"
