unitary
"Operator([[ 0.65368147+0.33181641j, -0.38232542-0.25359094j,
            0.07322827+0.27812389j, -0.05623977+0.40772433j],
          [-0.38232542-0.25359094j, -0.14470454+0.06732302j,
           -0.32859769+0.75720235j,  0.07322827+0.27812389j],
          [ 0.07322827+0.27812389j, -0.32859769+0.75720235j,
           -0.14470454+0.06732302j, -0.38232542-0.25359094j],
          [-0.05623977+0.40772433j,  0.07322827+0.27812389j,
           -0.38232542-0.25359094j,  0.65368147+0.33181641j]],
         input_dims=(2, 2), output_dims=(2, 2))"
"Operator([[ 0.65368147+0.33181641j, -0.38232542-0.25359094j,
            0.07322827+0.27812389j, -0.05623977+0.40772433j],
          [-0.38232542-0.25359094j, -0.14470454+0.06732302j,
           -0.32859769+0.75720235j,  0.07322827+0.27812389j],
          [ 0.07322827+0.27812389j, -0.32859769+0.75720235j,
           -0.14470454+0.06732302j, -0.38232542-0.25359094j],
          [-0.05623977+0.40772433j,  0.07322827+0.27812389j,
           -0.38232542-0.25359094j,  0.65368147+0.33181641j]],
         input_dims=(2, 2), output_dims=(2, 2))"
"Operator([[ 0.65368147+0.33181641j, -0.44993373+0.0896701j ,
            0.27856129-0.07154641j,  0.33031128-0.24555345j],
          [-0.09238711-0.4493837j , -0.14470454+0.06732302j,
            0.30074829+0.76868869j,  0.27856129-0.07154641j],
          [-0.27767635+0.07490745j, -0.76685744+0.30538747j,
           -0.14470454+0.06732302j, -0.44993373+0.0896701j ],
          [-0.25150037-0.32580608j, -0.27767635+0.07490745j,
           -0.09238711-0.4493837j ,  0.65368147+0.33181641j]],
         input_dims=(2, 2), output_dims=(2, 2))"
"Operator([[ 0.65368147+0.33181641j, -0.3802577 -0.25668106j,
            0.06871084+0.27927424j, -0.06613514+0.40623661j],
          [-0.38436802-0.25048417j, -0.14470454+0.06732302j,
           -0.33472343+0.75451446j,  0.06871084+0.27927424j],
          [ 0.07772645+0.27690048j, -0.32245037+0.75984051j,
           -0.14470454+0.06732302j, -0.3802577 -0.25668106j],
          [-0.04631115+0.40897104j,  0.07772645+0.27690048j,
           -0.38436802-0.25048417j,  0.65368147+0.33181641j]],
         input_dims=(2, 2), output_dims=(2, 2))"
"Operator([[ 0.65368147+0.33181641j,  0.43741551+0.13837904j,
            0.20948886+0.19705252j, -0.26537739-0.31460591j],
          [ 0.2976116 +0.34915387j, -0.14470454+0.06732302j,
            0.10714565-0.81844465j,  0.20948886+0.19705252j],
          [-0.08528847+0.27466554j,  0.52458899-0.63728975j,
           -0.14470454+0.06732302j,  0.43741551+0.13837904j],
          [ 0.34063799-0.23101472j, -0.08528847+0.27466554j,
            0.2976116 +0.34915387j,  0.65368147+0.33181641j]],
         input_dims=(2, 2), output_dims=(2, 2))"
