unitary
"Operator([[ 0.21267304-0.87021537j,  0.28390506+0.31660435j,
           -0.1102199 +0.06353963j, -0.01424286-0.01632255j],
          [ 0.28390506+0.31660435j,  0.74105272-0.0656797j ,
            0.05904052+0.49599915j, -0.1102199 +0.06353963j],
          [-0.1102199 +0.06353963j,  0.05904052+0.49599915j,
            0.74105272-0.0656797j ,  0.28390506+0.31660435j],
          [-0.01424286-0.01632255j, -0.1102199 +0.06353963j,
            0.28390506+0.31660435j,  0.21267304-0.87021537j]],
         input_dims=(2, 2), output_dims=(2, 2))"
"Operator([[ 0.21267304-0.87021537j,  0.28390506+0.31660435j,
           -0.1102199 +0.06353963j, -0.01424286-0.01632255j],
          [ 0.28390506+0.31660435j,  0.74105272-0.0656797j ,
            0.05904052+0.49599915j, -0.1102199 +0.06353963j],
          [-0.1102199 +0.06353963j,  0.05904052+0.49599915j,
            0.74105272-0.0656797j ,  0.28390506+0.31660435j],
          [-0.01424286-0.01632255j, -0.1102199 +0.06353963j,
            0.28390506+0.31660435j,  0.21267304-0.87021537j]],
         input_dims=(2, 2), output_dims=(2, 2))"
"Operator([[ 0.21267304-0.87021537j, -0.15710736-0.39516791j,
           -0.12511649-0.02305585j, -0.00723052+0.02042069j],
          [-0.3757722 -0.19908704j,  0.74105272-0.0656797j ,
            0.11587404-0.48587461j, -0.12511649-0.02305585j],
          [-0.04274771+0.1198263j , -0.22669097-0.4450979j ,
            0.74105272-0.0656797j , -0.15710736-0.39516791j],
          [ 0.02121188-0.00439781j, -0.04274771+0.1198263j ,
           -0.3757722 -0.19908704j,  0.21267304-0.87021537j]],
         input_dims=(2, 2), output_dims=(2, 2))"
"Operator([[ 0.21267304-0.87021537j, -0.35832363+0.2290078j ,
            0.12472964-0.02506445j, -0.02109001+0.00494935j],
          [ 0.26656169-0.33133859j,  0.74105272-0.0656797j ,
           -0.4990207 -0.02189236j,  0.12472964-0.02506445j],
          [ 0.08419581-0.09537701j,  0.47993801-0.13842125j,
            0.74105272-0.0656797j , -0.35832363+0.2290078j ],
          [ 0.00776047-0.02022523j,  0.08419581-0.09537701j,
            0.26656169-0.33133859j,  0.21267304-0.87021537j]],
         input_dims=(2, 2), output_dims=(2, 2))"
"Operator([[ 0.21267304-0.87021537j,  0.29793941-0.30343452j,
            0.10127879-0.07699556j,  0.01332853-0.01707732j],
          [-0.33399164+0.26322991j,  0.74105272-0.0656797j ,
            0.49124966-0.09041409j,  0.10127879-0.07699556j],
          [ 0.11738363-0.04905907j, -0.49874703+0.02742869j,
            0.74105272-0.0656797j ,  0.29793941-0.30343452j],
          [-0.01872534+0.0108925j ,  0.11738363-0.04905907j,
           -0.33399164+0.26322991j,  0.21267304-0.87021537j]],
         input_dims=(2, 2), output_dims=(2, 2))"
"Operator([[ 0.21267304-0.87021537j, -0.01926002-0.42481696j,
           -0.08411409-0.09544909j, -0.02108668+0.00496354j],
          [-0.42021386-0.06527414j,  0.74105272-0.0656797j ,
            0.26837522-0.42127862j, -0.08411409-0.09544909j],
          [ 0.04044691+0.12062237j, -0.35976762-0.34650857j,
            0.74105272-0.0656797j , -0.01926002-0.42481696j],
          [ 0.00777408-0.02022j   ,  0.04044691+0.12062237j,
           -0.42021386-0.06527414j,  0.21267304-0.87021537j]],
         input_dims=(2, 2), output_dims=(2, 2))"
"Operator([[ 0.21267304-0.87021537j, -0.40903943-0.11630623j,
            0.00987363+0.12683935j,  0.01454017-0.01605828j],
          [-0.07120374-0.41924984j,  0.74105272-0.0656797j ,
           -0.31456568-0.38800692j,  0.00987363+0.12683935j],
          [-0.10481527-0.07210734j,  0.21469495-0.45100667j,
            0.74105272-0.0656797j , -0.40903943-0.11630623j],
          [-0.01787981+0.012231j  , -0.10481527-0.07210734j,
           -0.07120374-0.41924984j,  0.21267304-0.87021537j]],
         input_dims=(2, 2), output_dims=(2, 2))"
