unitary
"Operator([[ 8.24651986e-01-0.52438853j,  6.49420862e-02+0.20010222j,
           -2.58339895e-02+0.00602429j, -5.92551551e-04-0.0018324j ],
          [ 6.49420862e-02+0.20010222j,  9.44798788e-01-0.055316j  ,
            1.47350671e-02+0.24313825j, -2.58339895e-02+0.00602429j],
          [-2.58339895e-02+0.00602429j,  1.47350671e-02+0.24313825j,
            9.44798788e-01-0.055316j  ,  6.49420862e-02+0.20010222j],
          [-5.92551551e-04-0.0018324j , -2.58339895e-02+0.00602429j,
            6.49420862e-02+0.20010222j,  8.24651986e-01-0.52438853j]],
         input_dims=(2, 2), output_dims=(2, 2))"
"Operator([[ 0.82465199-0.52438853j,  0.08915007-0.1905535j ,
           -0.00776479-0.02536524j, -0.00179502-0.00069765j],
          [-0.18405936-0.10188487j,  0.94479879-0.055316j  ,
            0.15521707-0.18772584j, -0.00776479-0.02536524j],
          [ 0.00425598+0.02618346j, -0.17675156-0.16760732j,
            0.94479879-0.055316j  ,  0.08915007-0.1905535j ],
          [ 0.00104665-0.00161658j,  0.00425598+0.02618346j,
           -0.18405936-0.10188487j,  0.82465199-0.52438853j]],
         input_dims=(2, 2), output_dims=(2, 2))"
"Operator([[ 0.82465199-5.24388532e-01j,  0.05371292-2.03404267e-01j,
           -0.0161782 -2.10226769e-02j, -0.00189885+3.21200288e-04j],
          [-0.1629224 -1.33096454e-01j,  0.94479879-5.53159953e-02j,
            0.11922399-2.12412263e-01j, -0.0161782 -2.10226769e-02j],
          [-0.00521046+2.60103487e-02j, -0.14400313-1.96459737e-01j,
            0.94479879-5.53159953e-02j,  0.05371292-2.03404267e-01j],
          [ 0.00172738-8.51433254e-04j, -0.00521046+2.60103487e-02j,
           -0.1629224 -1.33096454e-01j,  0.82465199-5.24388532e-01j]],
         input_dims=(2, 2), output_dims=(2, 2))"
"Operator([[ 8.24651986e-01-0.52438853j,  6.49420862e-02+0.20010222j,
           -2.58339895e-02+0.00602429j, -5.92551551e-04-0.0018324j ],
          [ 6.49420862e-02+0.20010222j,  9.44798788e-01-0.055316j  ,
            1.47350671e-02+0.24313825j, -2.58339895e-02+0.00602429j],
          [-2.58339895e-02+0.00602429j,  1.47350671e-02+0.24313825j,
            9.44798788e-01-0.055316j  ,  6.49420862e-02+0.20010222j],
          [-5.92551551e-04-0.0018324j , -2.58339895e-02+0.00602429j,
            6.49420862e-02+0.20010222j,  8.24651986e-01-0.52438853j]],
         input_dims=(2, 2), output_dims=(2, 2))"
"Operator([[ 0.82465199-5.24388532e-01j, -0.06051177+2.01486225e-01j,
           -0.01473088-2.20610101e-02j,  0.00192153-1.28602191e-04j],
          [ 0.16729915+1.27551429e-01j,  0.94479879-5.53159953e-02j,
           -0.12628835+2.08289661e-01j, -0.01473088-2.20610101e-02j],
          [-0.00345314+2.63013861e-02j,  0.15051792+1.91514189e-01j,
            0.94479879-5.53159953e-02j, -0.06051177+2.01486225e-01j],
          [-0.001633  +1.02084158e-03j, -0.00345314+2.63013861e-02j,
            0.16729915+1.27551429e-01j,  0.82465199-5.24388532e-01j]],
         input_dims=(2, 2), output_dims=(2, 2))"
"Operator([[ 0.82465199-5.24388532e-01j, -0.05284311+2.03631970e-01j,
           -0.0163573 -2.08836235e-02j,  0.00189457-3.45519529e-04j],
          [ 0.16235207+1.33791546e-01j,  0.94479879-5.53159953e-02j,
           -0.11831508+2.12919870e-01j, -0.0163573 -2.08836235e-02j],
          [-0.00543259+2.59648614e-02j,  0.14316217+1.97073392e-01j,
            0.94479879-5.53159953e-02j, -0.05284311+2.03631970e-01j],
          [-0.00173816+8.29216013e-04j, -0.00543259+2.59648614e-02j,
            0.16235207+1.33791546e-01j,  0.82465199-5.24388532e-01j]],
         input_dims=(2, 2), output_dims=(2, 2))"
"Operator([[ 8.24651986e-01-0.52438853j, -1.09258745e-01+0.17978014j,
           -2.12199696e-03-0.02644209j,  1.47769781e-03+0.00123499j],
          [ 1.94009126e-01+0.08135621j,  9.44798788e-01-0.055316j  ,
           -1.74631137e-01+0.16981547j, -2.12199696e-03-0.02644209j],
          [ 9.79305090e-03+0.02465326j,  1.93860617e-01+0.14748353j,
            9.44798788e-01-0.055316j  , -1.09258745e-01+0.17978014j],
          [-4.74791722e-04+0.00186638j,  9.79305090e-03+0.02465326j,
            1.94009126e-01+0.08135621j,  8.24651986e-01-0.52438853j]],
         input_dims=(2, 2), output_dims=(2, 2))"
"Operator([[ 8.24651986e-01-0.52438853j, -1.54437990e-01+0.14285405j,
            1.21656275e-02-0.02357296j,  7.67516900e-05+0.00192429j],
          [ 2.08893588e-01+0.02493677j,  9.44798788e-01-0.055316j  ,
           -2.14558822e-01+0.11531627j,  1.21656275e-02-0.02357296j],
          [ 2.13378253e-02+0.01576021j,  2.26914552e-01+0.08856137j,
            9.44798788e-01-0.055316j  , -1.54437990e-01+0.14285405j],
          [ 1.06449566e-03+0.00160488j,  2.13378253e-02+0.01576021j,
            2.08893588e-01+0.02493677j,  8.24651986e-01-0.52438853j]],
         input_dims=(2, 2), output_dims=(2, 2))"
"Operator([[ 8.24651986e-01-0.52438853j,  6.49420862e-02+0.20010222j,
           -2.58339895e-02+0.00602429j, -5.92551551e-04-0.0018324j ],
          [ 6.49420862e-02+0.20010222j,  9.44798788e-01-0.055316j  ,
            1.47350671e-02+0.24313825j, -2.58339895e-02+0.00602429j],
          [-2.58339895e-02+0.00602429j,  1.47350671e-02+0.24313825j,
            9.44798788e-01-0.055316j  ,  6.49420862e-02+0.20010222j],
          [-5.92551551e-04-0.0018324j , -2.58339895e-02+0.00602429j,
            6.49420862e-02+0.20010222j,  8.24651986e-01-0.52438853j]],
         input_dims=(2, 2), output_dims=(2, 2))"
"Operator([[ 8.24651986e-01-0.52438853j,  6.49420862e-02+0.20010222j,
           -2.58339895e-02+0.00602429j, -5.92551551e-04-0.0018324j ],
          [ 6.49420862e-02+0.20010222j,  9.44798788e-01-0.055316j  ,
            1.47350671e-02+0.24313825j, -2.58339895e-02+0.00602429j],
          [-2.58339895e-02+0.00602429j,  1.47350671e-02+0.24313825j,
            9.44798788e-01-0.055316j  ,  6.49420862e-02+0.20010222j],
          [-5.92551551e-04-0.0018324j , -2.58339895e-02+0.00602429j,
            6.49420862e-02+0.20010222j,  8.24651986e-01-0.52438853j]],
         input_dims=(2, 2), output_dims=(2, 2))"
"Operator([[ 0.82465199-5.24388532e-01j, -0.03566689+2.07331248e-01j,
           -0.0196026 -1.78724735e-02j,  0.00174969-8.04595978e-04j],
          [ 0.15062172+1.46872295e-01j,  0.94479879-5.53159953e-02j,
           -0.1001355 +2.22050018e-01j, -0.0196026 -1.78724735e-02j],
          [-0.00967507+2.46998017e-02j,  0.12621824+2.08332154e-01j,
            0.94479879-5.53159953e-02j, -0.03566689+2.07331248e-01j],
          [-0.00188951+3.72230603e-04j, -0.00967507+2.46998017e-02j,
            0.15062172+1.46872295e-01j,  0.82465199-5.24388532e-01j]],
         input_dims=(2, 2), output_dims=(2, 2))"
"Operator([[ 8.24651986e-01-0.52438853j,  1.25338033e-01-0.16896376j,
            2.75953468e-03-0.02638318j, -1.08452151e-03-0.00159142j],
          [-2.00672182e-01-0.06315892j,  9.44798788e-01-0.055316j  ,
            1.89516160e-01-0.15302599j,  2.75953468e-03-0.02638318j],
          [ 1.41450011e-02+0.02244117j, -2.06609139e-01-0.12901935j,
            9.44798788e-01-0.055316j  ,  1.25338033e-01-0.16896376j],
          [-5.26339661e-05-0.0019251j ,  1.41450011e-02+0.02244117j,
           -2.00672182e-01-0.06315892j,  8.24651986e-01-0.52438853j]],
         input_dims=(2, 2), output_dims=(2, 2))"
