unitary
"Operator([[ 9.05698036e-01-0.39428106j, -1.52104742e-01-0.03027358j,
            1.09970578e-02+0.00892644j, -3.74064746e-04-0.00064514j],
          [ 1.23273508e-01-0.09410624j,  9.70446769e-01-0.04265846j,
           -1.66570814e-01-0.06644192j,  1.09970578e-02+0.00892644j],
          [ 7.47169161e-03-0.01203289j,  1.59973658e-01-0.0810481j ,
            9.70446769e-01-0.04265846j, -1.52104742e-01-0.03027358j],
          [ 5.26803291e-05-0.00074388j,  7.47169161e-03-0.01203289j,
            1.23273508e-01-0.09410624j,  9.05698036e-01-0.39428106j]],
         input_dims=(2, 2), output_dims=(2, 2))"
"Operator([[ 9.05698036e-01-3.94281058e-01j,
           -1.53414750e-01+2.27212916e-02j,
            1.41637311e-02-7.30261707e-05j,
           -7.45661987e-04-1.10768359e-05j],
          [ 1.47765556e-01-4.70922821e-02j,
            9.70446769e-01-4.26584628e-02j,
           -1.79216642e-01-6.46223886e-03j,
            1.41637311e-02-7.30261707e-05j],
          [ 1.34082486e-02-4.56458990e-03j,
            1.77923995e-01-2.24369650e-02j,
            9.70446769e-01-4.26584628e-02j,
           -1.53414750e-01+2.27212916e-02j],
          [ 6.65016912e-04-3.37471483e-04j,
            1.34082486e-02-4.56458990e-03j,
            1.47765556e-01-4.70922821e-02j,
            9.05698036e-01-3.94281058e-01j]],
         input_dims=(2, 2), output_dims=(2, 2))"
"Operator([[ 9.05698036e-01-0.39428106j,  3.50208811e-02+0.15108236j,
           -1.39677146e-02+0.00234937j, -1.68104948e-04-0.00072655j],
          [ 3.50208811e-02+0.15108236j,  9.70446769e-01-0.04265846j,
            8.01347011e-03+0.17915398j, -1.39677146e-02+0.00234937j],
          [-1.39677146e-02+0.00234937j,  8.01347011e-03+0.17915398j,
            9.70446769e-01-0.04265846j,  3.50208811e-02+0.15108236j],
          [-1.68104948e-04-0.00072655j, -1.39677146e-02+0.00234937j,
            3.50208811e-02+0.15108236j,  9.05698036e-01-0.39428106j]],
         input_dims=(2, 2), output_dims=(2, 2))"
"Operator([[ 9.05698036e-01-0.39428106j, -1.02102190e-01+0.11673682j,
            2.19173277e-03-0.01399332j,  3.76846235e-04+0.00064352j],
          [ 1.43049089e-01+0.05991077j,  9.70446769e-01-0.04265846j,
           -1.40665883e-01+0.11123612j,  2.19173277e-03-0.01399332j],
          [ 6.64897816e-03+0.01250631j,  1.50035343e-01+0.0982332j ,
            9.70446769e-01-0.04265846j, -1.02102190e-01+0.11673682j],
          [-5.58910468e-05+0.00074365j,  6.64897816e-03+0.01250631j,
            1.43049089e-01+0.05991077j,  9.05698036e-01-0.39428106j]],
         input_dims=(2, 2), output_dims=(2, 2))"
"Operator([[ 9.05698036e-01-0.39428106j,  3.50208811e-02+0.15108236j,
           -1.39677146e-02+0.00234937j, -1.68104948e-04-0.00072655j],
          [ 3.50208811e-02+0.15108236j,  9.70446769e-01-0.04265846j,
            8.01347011e-03+0.17915398j, -1.39677146e-02+0.00234937j],
          [-1.39677146e-02+0.00234937j,  8.01347011e-03+0.17915398j,
            9.70446769e-01-0.04265846j,  3.50208811e-02+0.15108236j],
          [-1.68104948e-04-0.00072655j, -1.39677146e-02+0.00234937j,
            3.50208811e-02+0.15108236j,  9.05698036e-01-0.39428106j]],
         input_dims=(2, 2), output_dims=(2, 2))"
"Operator([[ 9.05698036e-01-0.39428106j,  3.50208811e-02+0.15108236j,
           -1.39677146e-02+0.00234937j, -1.68104948e-04-0.00072655j],
          [ 3.50208811e-02+0.15108236j,  9.70446769e-01-0.04265846j,
            8.01347011e-03+0.17915398j, -1.39677146e-02+0.00234937j],
          [-1.39677146e-02+0.00234937j,  8.01347011e-03+0.17915398j,
            9.70446769e-01-0.04265846j,  3.50208811e-02+0.15108236j],
          [-1.68104948e-04-0.00072655j, -1.39677146e-02+0.00234937j,
            3.50208811e-02+0.15108236j,  9.05698036e-01-0.39428106j]],
         input_dims=(2, 2), output_dims=(2, 2))"
"Operator([[ 9.05698036e-01-3.94281058e-01j,
           -3.84637197e-02+1.50242753e-01j,
           -9.96750792e-03-1.00630710e-02j,
            6.97160287e-04-2.64767879e-04j],
          [ 1.00641925e-01+1.17998074e-01j,
            9.70446769e-01-4.26584628e-02j,
           -7.53621731e-02+1.62729555e-01j,
           -9.96750792e-03-1.00630710e-02j],
          [-6.12695026e-03+1.27701641e-02j,
            8.95897759e-02+1.55351335e-01j,
            9.70446769e-01-4.26584628e-02j,
           -3.84637197e-02+1.50242753e-01j],
          [-7.42604791e-04+6.83565582e-05j,
           -6.12695026e-03+1.27701641e-02j,
            1.00641925e-01+1.17998074e-01j,
            9.05698036e-01-3.94281058e-01j]],
         input_dims=(2, 2), output_dims=(2, 2))"
"Operator([[ 9.05698036e-01-3.94281058e-01j,
           -1.10207799e-01-1.09117292e-01j,
           -3.90025343e-03+1.36163371e-02j,
            7.01963933e-04-2.51756095e-04j],
          [ 5.09612310e-02-1.46476262e-01j,
            9.70446769e-01-4.26584628e-02j,
           -1.02335787e-01-1.47267620e-01j,
           -3.90025343e-03+1.36163371e-02j],
          [-8.14015866e-03-1.15911358e-02j,
            8.87790005e-02-1.55816091e-01j,
            9.70446769e-01-4.26584628e-02j,
           -1.10207799e-01-1.09117292e-01j],
          [-7.41205033e-04+8.21559141e-05j,
           -8.14015866e-03-1.15911358e-02j,
            5.09612310e-02-1.46476262e-01j,
            9.05698036e-01-3.94281058e-01j]],
         input_dims=(2, 2), output_dims=(2, 2))"
"Operator([[ 9.05698036e-01-3.94281058e-01j,
           -7.55512619e-02-1.35441313e-01j,
           -1.05665430e-02+9.43211430e-03j,
            6.54350761e-04+3.57714378e-04j],
          [ 8.25753996e-03-1.54868188e-01j,
            9.70446769e-01-4.26584628e-02j,
           -5.73894491e-02-1.69902373e-01j,
           -1.05665430e-02+9.43211430e-03j],
          [-1.30707807e-02-5.45630867e-03j,
            4.19913149e-02-1.74347626e-01j,
            9.70446769e-01-4.26584628e-02j,
           -7.55512619e-02-1.35441313e-01j],
          [-4.30730301e-04+6.08774098e-04j,
           -1.30707807e-02-5.45630867e-03j,
            8.25753996e-03-1.54868188e-01j,
            9.05698036e-01-3.94281058e-01j]],
         input_dims=(2, 2), output_dims=(2, 2))"
"Operator([[ 9.05698036e-01-3.94281058e-01j,
           -7.79119630e-02-1.34097235e-01j,
           -1.02296984e-02+9.79642194e-03j,
            6.72236227e-04+3.22851281e-04j],
          [ 1.09688312e-02-1.54699797e-01j,
            9.70446769e-01-4.26584628e-02j,
           -6.03565311e-02-1.68871118e-01j,
           -1.02296984e-02+9.79642194e-03j],
          [-1.28716527e-02-5.91076708e-03j,
            4.50386188e-02-1.73585391e-01j,
            9.70446769e-01-4.26584628e-02j,
           -7.79119630e-02-1.34097235e-01j],
          [-4.62111182e-04+5.85309961e-04j,
           -1.28716527e-02-5.91076708e-03j,
            1.09688312e-02-1.54699797e-01j,
            9.05698036e-01-3.94281058e-01j]],
         input_dims=(2, 2), output_dims=(2, 2))"
"Operator([[ 9.05698036e-01-3.94281058e-01j,
           -8.65069715e-02-1.28720186e-01j,
           -8.86496068e-03+1.10466775e-02j,
            7.22267556e-04+1.85645017e-04j],
          [ 2.10529848e-02-1.53652577e-01j,
            9.70446769e-01-4.26584628e-02j,
           -7.12610653e-02-1.64566782e-01j,
           -8.86496068e-03+1.10466775e-02j],
          [-1.19910262e-02-7.53869363e-03j,
            5.62838989e-02-1.70271806e-01j,
            9.70446769e-01-4.26584628e-02j,
           -8.65069715e-02-1.28720186e-01j],
          [-5.67323657e-04+4.84023102e-04j,
           -1.19910262e-02-7.53869363e-03j,
            2.10529848e-02-1.53652577e-01j,
            9.05698036e-01-3.94281058e-01j]],
         input_dims=(2, 2), output_dims=(2, 2))"
