unitary
"Operator([[-0.65689471+0.32102359j,  0.25528852-0.40951729j,
            0.25916558+0.3436068j ,  0.01936633+0.21667733j],
          [ 0.48167365-0.02944727j,  0.15083031+0.22458278j,
            0.29769505+0.64813685j,  0.25916558+0.3436068j ],
          [-0.40955273+0.13228377j, -0.35546171+0.61834512j,
            0.15083031+0.22458278j,  0.25528852-0.40951729j],
          [-0.0794451 -0.20251567j, -0.40955273+0.13228377j,
            0.48167365-0.02944727j, -0.65689471+0.32102359j]],
         input_dims=(2, 2), output_dims=(2, 2))"
"Operator([[-0.65689471+0.32102359j,  0.09114625-0.47388712j,
            0.4226628 +0.08117015j,  0.20207222+0.08056634j],
          [ 0.4601027 +0.14554088j,  0.15083031+0.22458278j,
            0.51064398+0.49794221j,  0.4226628 +0.08117015j],
          [-0.39255381-0.17644811j, -0.55385354+0.44938845j,
            0.15083031+0.22458278j,  0.09114625-0.47388712j],
          [ 0.14481613-0.16233425j, -0.39255381-0.17644811j,
            0.4601027 +0.14554088j, -0.65689471+0.32102359j]],
         input_dims=(2, 2), output_dims=(2, 2))"
"Operator([[-0.65689471+0.32102359j,  0.4801435 +0.04836176j,
           -0.43036278-0.00450633j,  0.02398719-0.21621455j],
          [ 0.18614138-0.44522807j,  0.15083031+0.22458278j,
           -0.45023455+0.55316594j, -0.43036278-0.00450633j],
          [ 0.35480156+0.24361504j,  0.39800792+0.5918559j ,
            0.15083031+0.22458278j,  0.4801435 +0.04836176j],
          [ 0.11802782+0.18273903j,  0.35480156+0.24361504j,
            0.18614138-0.44522807j, -0.65689471+0.32102359j]],
         input_dims=(2, 2), output_dims=(2, 2))"
"Operator([[-0.65689471+0.32102359j,  0.41459814-0.24695147j,
           -0.12968589+0.41038275j, -0.21173818+0.04991055j],
          [ 0.41459814-0.24695147j,  0.15083031+0.22458278j,
           -0.03249821+0.71249392j, -0.12968589+0.41038275j],
          [-0.12968589+0.41038275j, -0.03249821+0.71249392j,
            0.15083031+0.22458278j,  0.41459814-0.24695147j],
          [-0.21173818+0.04991055j, -0.12968589+0.41038275j,
            0.41459814-0.24695147j, -0.65689471+0.32102359j]],
         input_dims=(2, 2), output_dims=(2, 2))"
"Operator([[-0.65689471+0.32102359j,  0.41459814-0.24695147j,
           -0.12968589+0.41038275j, -0.21173818+0.04991055j],
          [ 0.41459814-0.24695147j,  0.15083031+0.22458278j,
           -0.03249821+0.71249392j, -0.12968589+0.41038275j],
          [-0.12968589+0.41038275j, -0.03249821+0.71249392j,
            0.15083031+0.22458278j,  0.41459814-0.24695147j],
          [-0.21173818+0.04991055j, -0.12968589+0.41038275j,
            0.41459814-0.24695147j, -0.65689471+0.32102359j]],
         input_dims=(2, 2), output_dims=(2, 2))"
