unitary
"Operator([[-0.54049164+0.48893212j,  0.04070736+0.45773378j,
            0.44198342+0.00522617j, -0.24821154-0.02551928j],
          [-0.45623557-0.05501279j,  0.10994311+0.24837607j,
           -0.50987792-0.50960021j,  0.44198342+0.00522617j],
          [-0.40191897-0.18395054j,  0.60418298-0.39323124j,
            0.10994311+0.24837607j,  0.04070736+0.45773378j],
          [-0.1661277 +0.18617677j, -0.40191897-0.18395054j,
           -0.45623557-0.05501279j, -0.54049164+0.48893212j]],
         input_dims=(2, 2), output_dims=(2, 2))"
"Operator([[-0.54049164+0.48893212j, -0.41871903-0.1893454j ,
           -0.2242945 -0.38087877j, -0.248877  -0.01790092j],
          [ 0.17614829+0.42443973j,  0.10994311+0.24837607j,
            0.69432128-0.19387066j, -0.2242945 -0.38087877j],
          [ 0.36542259-0.24868251j, -0.63926931-0.33317056j,
            0.10994311+0.24837607j, -0.41871903-0.1893454j ],
          [-0.17175501+0.18099839j,  0.36542259-0.24868251j,
            0.17614829+0.42443973j, -0.54049164+0.48893212j]],
         input_dims=(2, 2), output_dims=(2, 2))"
"Operator([[-0.54049164+0.48893212j,  0.32998968-0.31981888j,
           -0.09668634+0.43131011j, -0.23264362+0.09020614j],
          [ 0.32998968-0.31981888j,  0.10994311+0.24837607j,
           -0.07489189+0.71697914j, -0.09668634+0.43131011j],
          [-0.09668634+0.43131011j, -0.07489189+0.71697914j,
            0.10994311+0.24837607j,  0.32998968-0.31981888j],
          [-0.23264362+0.09020614j, -0.09668634+0.43131011j,
            0.32998968-0.31981888j, -0.54049164+0.48893212j]],
         input_dims=(2, 2), output_dims=(2, 2))"
"Operator([[-0.54049164+0.48893212j,  0.32998968-0.31981888j,
           -0.09668634+0.43131011j, -0.23264362+0.09020614j],
          [ 0.32998968-0.31981888j,  0.10994311+0.24837607j,
           -0.07489189+0.71697914j, -0.09668634+0.43131011j],
          [-0.09668634+0.43131011j, -0.07489189+0.71697914j,
            0.10994311+0.24837607j,  0.32998968-0.31981888j],
          [-0.23264362+0.09020614j, -0.09668634+0.43131011j,
            0.32998968-0.31981888j, -0.54049164+0.48893212j]],
         input_dims=(2, 2), output_dims=(2, 2))"
