unitary
"Operator([[ 6.96749798e-01-0.66116202j, -2.74257837e-01+0.00334539j,
            4.05226805e-02+0.02265986j, -3.12750679e-03-0.00325653j],
          [ 1.85617164e-01-0.20192776j,  9.03803987e-01-0.06663156j,
           -3.01227628e-01-0.1028416j ,  4.05226805e-02+0.02265986j],
          [ 2.02004870e-02-0.04180308j,  2.81403867e-01-0.14874926j,
            9.03803987e-01-0.06663156j, -2.74257837e-01+0.00334539j],
          [-3.13037116e-04-0.00450425j,  2.02004870e-02-0.04180308j,
            1.85617164e-01-0.20192776j,  6.96749798e-01-0.66116202j]],
         input_dims=(2, 2), output_dims=(2, 2))"
"Operator([[ 6.96749798e-01-0.66116202j, -2.74241866e-01+0.00446676j,
            4.07066294e-02+0.02232772j, -3.16721701e-03-0.00321792j],
          [ 1.86441264e-01-0.20116711j,  9.03803987e-01-0.06663156j,
           -3.01645614e-01-0.10160907j,  4.07066294e-02+0.02232772j],
          [ 2.05416616e-02-0.04163649j,  2.82009728e-01-0.1475974j ,
            9.03803987e-01-0.06663156j, -2.74241866e-01+0.00446676j],
          [-2.57763153e-04-0.00450776j,  2.05416616e-02-0.04163649j,
            1.86441264e-01-0.20116711j,  6.96749798e-01-0.66116202j]],
         input_dims=(2, 2), output_dims=(2, 2))"
"Operator([[ 0.6967498 -0.66116202j,  0.11179695+0.25045957j,
           -0.04427972+0.01395935j, -0.0018299 -0.00412768j],
          [ 0.11179695+0.25045957j,  0.90380399-0.06663156j,
            0.02500247+0.31731586j, -0.04427972+0.01395935j],
          [-0.04427972+0.01395935j,  0.02500247+0.31731586j,
            0.90380399-0.06663156j,  0.11179695+0.25045957j],
          [-0.0018299 -0.00412768j, -0.04427972+0.01395935j,
            0.11179695+0.25045957j,  0.6967498 -0.66116202j]],
         input_dims=(2, 2), output_dims=(2, 2))"
"Operator([[ 0.6967498 -0.66116202j,  0.20736062+0.17952751j,
           -0.01767849+0.0429305j , -0.00445841+0.00071333j],
          [-0.00481546+0.27423596j,  0.90380399-0.06663156j,
            0.15705538+0.27685391j, -0.01767849+0.0429305j ],
          [-0.03910325-0.02502984j, -0.11175781+0.29803468j,
            0.90380399-0.06663156j,  0.20736062+0.17952751j],
          [ 0.00352237-0.00282475j, -0.03910325-0.02502984j,
           -0.00481546+0.27423596j,  0.6967498 -0.66116202j]],
         input_dims=(2, 2), output_dims=(2, 2))"
"Operator([[ 0.6967498 -0.66116202j,  0.11179695+0.25045957j,
           -0.04427972+0.01395935j, -0.0018299 -0.00412768j],
          [ 0.11179695+0.25045957j,  0.90380399-0.06663156j,
            0.02500247+0.31731586j, -0.04427972+0.01395935j],
          [-0.04427972+0.01395935j,  0.02500247+0.31731586j,
            0.90380399-0.06663156j,  0.11179695+0.25045957j],
          [-0.0018299 -0.00412768j, -0.04427972+0.01395935j,
            0.11179695+0.25045957j,  0.6967498 -0.66116202j]],
         input_dims=(2, 2), output_dims=(2, 2))"
"Operator([[ 0.6967498 -6.61162025e-01j, -0.20619755-1.80862170e-01j,
           -0.01823119+4.26987198e-02j,  0.00447139-6.26871522e-04j],
          [ 0.00304531-2.74261333e-01j,  0.90380399-6.66315600e-02j,
           -0.15526516-2.77861851e-01j, -0.01823119+4.26987198e-02j],
          [-0.03942309-2.45229816e-02j,  0.10983183-2.98749809e-01j,
            0.90380399-6.66315600e-02j, -0.20619755-1.80862170e-01j],
          [-0.00346702+2.89241706e-03j, -0.03942309-2.45229816e-02j,
            0.00304531-2.74261333e-01j,  0.6967498 -6.61162025e-01j]],
         input_dims=(2, 2), output_dims=(2, 2))"
"Operator([[ 0.6967498 -0.66116202j, -0.17516764-0.21105651j,
           -0.03059918+0.03491772j,  0.00426447+0.00148345j],
          [-0.04015101-0.27132351j,  0.90380399-0.06663156j,
           -0.10960574-0.29883283j, -0.03059918+0.03491772j],
          [-0.04509246-0.01105563j,  0.06145148-0.31231105j,
            0.90380399-0.06663156j, -0.17516764-0.21105651j],
          [-0.0017643 +0.00415615j, -0.04509246-0.01105563j,
           -0.04015101-0.27132351j,  0.6967498 -0.66116202j]],
         input_dims=(2, 2), output_dims=(2, 2))"
"Operator([[ 0.6967498 -0.66116202j,  0.11179695+0.25045957j,
           -0.04427972+0.01395935j, -0.0018299 -0.00412768j],
          [ 0.11179695+0.25045957j,  0.90380399-0.06663156j,
            0.02500247+0.31731586j, -0.04427972+0.01395935j],
          [-0.04427972+0.01395935j,  0.02500247+0.31731586j,
            0.90380399-0.06663156j,  0.11179695+0.25045957j],
          [-0.0018299 -0.00412768j, -0.04427972+0.01395935j,
            0.11179695+0.25045957j,  0.6967498 -0.66116202j]],
         input_dims=(2, 2), output_dims=(2, 2))"
"Operator([[ 0.6967498 -0.66116202j,  0.11179695+0.25045957j,
           -0.04427972+0.01395935j, -0.0018299 -0.00412768j],
          [ 0.11179695+0.25045957j,  0.90380399-0.06663156j,
            0.02500247+0.31731586j, -0.04427972+0.01395935j],
          [-0.04427972+0.01395935j,  0.02500247+0.31731586j,
            0.90380399-0.06663156j,  0.11179695+0.25045957j],
          [-0.0018299 -0.00412768j, -0.04427972+0.01395935j,
            0.11179695+0.25045957j,  0.6967498 -0.66116202j]],
         input_dims=(2, 2), output_dims=(2, 2))"
