unitary
"Operator([[ 9.41366246e-01-0.31421358j,  1.14076314e-01+0.04481965j,
            4.92374851e-03+0.00726889j,  3.25607562e-05+0.0003613j ],
          [-9.11691747e-02+0.08191696j,  9.81660078e-01-0.03435118j,
            1.23077406e-01+0.07011528j,  4.92374851e-03+0.00726889j],
          [ 2.87398370e-03-0.0082958j , -1.17817100e-01+0.07863416j,
            9.81660078e-01-0.03435118j,  1.14076314e-01+0.04481965j],
          [ 9.58369291e-05+0.00034987j,  2.87398370e-03-0.0082958j ,
           -9.11691747e-02+0.08191696j,  9.41366246e-01-0.31421358j]],
         input_dims=(2, 2), output_dims=(2, 2))"
"Operator([[ 9.41366246e-01-0.31421358j,  2.17999268e-02+0.12061082j,
           -8.70437146e-03+0.00114631j, -6.44524569e-05-0.00035699j],
          [ 2.17999268e-02+0.12061082j,  9.81660078e-01-0.03435118j,
            5.00604995e-03+0.14155967j, -8.70437146e-03+0.00114631j],
          [-8.70437146e-03+0.00114631j,  5.00604995e-03+0.14155967j,
            9.81660078e-01-0.03435118j,  2.17999268e-02+0.12061082j],
          [-6.44524569e-05-0.00035699j, -8.70437146e-03+0.00114631j,
            2.17999268e-02+0.12061082j,  9.41366246e-01-0.31421358j]],
         input_dims=(2, 2), output_dims=(2, 2))"
"Operator([[ 9.41366246e-01-3.14213578e-01j,
            1.22285256e-01-8.27784968e-03j,
            8.74279161e-03+8.02307007e-04j,
            3.58409225e-04+5.60234899e-05j],
          [-1.17445828e-01+3.50525919e-02j,
            9.81660078e-01-3.43511799e-02j,
            1.41240600e-01+1.07375023e-02j,
            8.74279161e-03+8.02307007e-04j],
          [ 8.23699261e-03-3.03842960e-03j,
           -1.40129292e-01+2.06877355e-02j,
            9.81660078e-01-3.43511799e-02j,
            1.22285256e-01-8.27784968e-03j],
          [-3.16190377e-04+1.77818587e-04j,
            8.23699261e-03-3.03842960e-03j,
           -1.17445828e-01+3.50525919e-02j,
            9.41366246e-01-3.14213578e-01j]],
         input_dims=(2, 2), output_dims=(2, 2))"
"Operator([[ 9.41366246e-01-0.31421358j,  2.17999268e-02+0.12061082j,
           -8.70437146e-03+0.00114631j, -6.44524569e-05-0.00035699j],
          [ 2.17999268e-02+0.12061082j,  9.81660078e-01-0.03435118j,
            5.00604995e-03+0.14155967j, -8.70437146e-03+0.00114631j],
          [-8.70437146e-03+0.00114631j,  5.00604995e-03+0.14155967j,
            9.81660078e-01-0.03435118j,  2.17999268e-02+0.12061082j],
          [-6.44524569e-05-0.00035699j, -8.70437146e-03+0.00114631j,
            2.17999268e-02+0.12061082j,  9.41366246e-01-0.31421358j]],
         input_dims=(2, 2), output_dims=(2, 2))"
"Operator([[ 9.41366246e-01-3.14213578e-01j,
            1.16796262e-01-3.71596535e-02j,
            8.12236259e-03-3.33276576e-03j,
            3.06137798e-04-1.94616167e-04j],
          [-1.22414379e-01+6.07672008e-03j,
            9.81660078e-01-3.43511799e-02j,
            1.39734465e-01-2.32051745e-02j,
            8.12236259e-03-3.33276576e-03j],
          [ 8.70827246e-03+1.11628510e-03j,
           -1.41024588e-01-1.32765427e-02j,
            9.81660078e-01-3.43511799e-02j,
            1.16796262e-01-3.71596535e-02j],
          [-3.54865257e-04-7.52758491e-05j,
            8.70827246e-03+1.11628510e-03j,
           -1.22414379e-01+6.07672008e-03j,
            9.41366246e-01-3.14213578e-01j]],
         input_dims=(2, 2), output_dims=(2, 2))"
"Operator([[ 9.41366246e-01-3.14213578e-01j,
            1.16736715e-01-3.73462988e-02j,
            8.11166659e-03-3.35871505e-03j,
            3.05201030e-04-1.96081961e-04j],
          [-1.22423936e-01+5.88103924e-03j,
            9.81660078e-01-3.43511799e-02j,
            1.39697195e-01-2.34285032e-02j,
            8.11166659e-03-3.35871505e-03j],
          [ 8.70465932e-03+1.14411881e-03j,
           -1.41003186e-01-1.35019463e-02j,
            9.81660078e-01-3.43511799e-02j,
            1.16736715e-01-3.73462988e-02j],
          [-3.54500205e-04-7.69766792e-05j,
            8.70465932e-03+1.14411881e-03j,
           -1.22423936e-01+5.88103924e-03j,
            9.41366246e-01-3.14213578e-01j]],
         input_dims=(2, 2), output_dims=(2, 2))"
"Operator([[ 9.41366246e-01-0.31421358j,  2.17999268e-02+0.12061082j,
           -8.70437146e-03+0.00114631j, -6.44524569e-05-0.00035699j],
          [ 2.17999268e-02+0.12061082j,  9.81660078e-01-0.03435118j,
            5.00604995e-03+0.14155967j, -8.70437146e-03+0.00114631j],
          [-8.70437146e-03+0.00114631j,  5.00604995e-03+0.14155967j,
            9.81660078e-01-0.03435118j,  2.17999268e-02+0.12061082j],
          [-6.44524569e-05-0.00035699j, -8.70437146e-03+0.00114631j,
            2.17999268e-02+0.12061082j,  9.41366246e-01-0.31421358j]],
         input_dims=(2, 2), output_dims=(2, 2))"
"Operator([[ 9.41366246e-01-3.14213578e-01j,
           -9.54406689e-02-7.68978893e-02j,
           -1.08211298e-04+8.77886052e-03j,
            2.65645930e-04-2.47038548e-04j],
          [ 6.24834494e-02-1.05442047e-01j,
            9.81660078e-01-3.43511799e-02j,
           -9.64610351e-02-1.03727864e-01j,
           -1.08211298e-04+8.77886052e-03j],
          [-2.37733713e-03-8.45153062e-03j,
            8.88928681e-02-1.10282632e-01j,
            9.81660078e-01-3.43511799e-02j,
           -9.54406689e-02-7.68978893e-02j],
          [-3.35261404e-04-1.38548168e-04j,
           -2.37733713e-03-8.45153062e-03j,
            6.24834494e-02-1.05442047e-01j,
            9.41366246e-01-3.14213578e-01j]],
         input_dims=(2, 2), output_dims=(2, 2))"
"Operator([[ 9.41366246e-01-0.31421358j, -9.75008237e-02+0.07426841j,
            4.17493233e-03-0.00772334j,  8.79911924e-06+0.00036265j],
          [ 1.17329929e-01+0.0354386j ,  9.81660078e-01-0.03435118j,
           -1.23795576e-01+0.06883935j,  4.17493233e-03-0.00772334j],
          [ 6.03213428e-03+0.00637914j,  1.28349055e-01+0.05992263j,
            9.81660078e-01-0.03435118j, -9.75008237e-02+0.07426841j],
          [ 1.18573097e-04+0.00034284j,  6.03213428e-03+0.00637914j,
            1.17329929e-01+0.0354386j ,  9.41366246e-01-0.31421358j]],
         input_dims=(2, 2), output_dims=(2, 2))"
"Operator([[ 9.41366246e-01-0.31421358j,  2.17999268e-02+0.12061082j,
           -8.70437146e-03+0.00114631j, -6.44524569e-05-0.00035699j],
          [ 2.17999268e-02+0.12061082j,  9.81660078e-01-0.03435118j,
            5.00604995e-03+0.14155967j, -8.70437146e-03+0.00114631j],
          [-8.70437146e-03+0.00114631j,  5.00604995e-03+0.14155967j,
            9.81660078e-01-0.03435118j,  2.17999268e-02+0.12061082j],
          [-6.44524569e-05-0.00035699j, -8.70437146e-03+0.00114631j,
            2.17999268e-02+0.12061082j,  9.41366246e-01-0.31421358j]],
         input_dims=(2, 2), output_dims=(2, 2))"
"Operator([[ 9.41366246e-01-0.31421358j, -1.01346345e-01+0.0689284j ,
            4.97872263e-03-0.00723135j, -4.94825266e-05+0.00035937j],
          [ 1.19062840e-01+0.02909032j,  9.81660078e-01-0.03435118j,
           -1.27311817e-01+0.06209591j,  4.97872263e-03-0.00723135j],
          [ 6.68114397e-03+0.00569582j,  1.31380163e-01+0.05294765j,
            9.81660078e-01-0.03435118j, -1.01346345e-01+0.0689284j ],
          [ 1.72026794e-04+0.00031938j,  6.68114397e-03+0.00569582j,
            1.19062840e-01+0.02909032j,  9.41366246e-01-0.31421358j]],
         input_dims=(2, 2), output_dims=(2, 2))"
"Operator([[ 9.41366246e-01-0.31421358j, -1.00831910e-01+0.06967878j,
            4.87082285e-03-0.00730446j, -4.14682088e-05+0.00036038j],
          [ 1.18843628e-01+0.0299733j ,  9.81660078e-01-0.03435118j,
           -1.26847382e-01+0.06303921j,  4.87082285e-03-0.00730446j],
          [ 6.59585184e-03+0.00579438j,  1.30983523e-01+0.0539214j ,
            9.81660078e-01-0.03435118j, -1.00831910e-01+0.06967878j],
          [ 1.64872594e-04+0.00032313j,  6.59585184e-03+0.00579438j,
            1.18843628e-01+0.0299733j ,  9.41366246e-01-0.31421358j]],
         input_dims=(2, 2), output_dims=(2, 2))"
"Operator([[ 9.41366246e-01-0.31421358j,  2.17999268e-02+0.12061082j,
           -8.70437146e-03+0.00114631j, -6.44524569e-05-0.00035699j],
          [ 2.17999268e-02+0.12061082j,  9.81660078e-01-0.03435118j,
            5.00604995e-03+0.14155967j, -8.70437146e-03+0.00114631j],
          [-8.70437146e-03+0.00114631j,  5.00604995e-03+0.14155967j,
            9.81660078e-01-0.03435118j,  2.17999268e-02+0.12061082j],
          [-6.44524569e-05-0.00035699j, -8.70437146e-03+0.00114631j,
            2.17999268e-02+0.12061082j,  9.41366246e-01-0.31421358j]],
         input_dims=(2, 2), output_dims=(2, 2))"
"Operator([[ 9.41366246e-01-0.31421358j, -1.00218369e-01+0.07055838j,
            4.74225556e-03-0.00738858j, -3.19949537e-05+0.00036135j],
          [ 1.18576816e-01+0.03101202j,  9.81660078e-01-0.03435118j,
           -1.26290941e-01+0.0641467j ,  4.74225556e-03-0.00738858j],
          [ 6.49344550e-03+0.00590891j,  1.30506703e-01+0.05506543j,
            9.81660078e-01-0.03435118j, -1.00218369e-01+0.07055838j],
          [ 1.56334620e-04+0.00032735j,  6.49344550e-03+0.00590891j,
            1.18576816e-01+0.03101202j,  9.41366246e-01-0.31421358j]],
         input_dims=(2, 2), output_dims=(2, 2))"
