unitary
"Operator([[ 0.71296075-0.27085499j, -0.4658417 -0.01630513j,
            0.02323021+0.1552622j ,  0.16539686+0.38606747j],
          [-0.4658417 -0.01630513j, -0.33603063-0.12922871j,
           -0.31886292+0.72580262j,  0.02323021+0.1552622j ],
          [ 0.02323021+0.1552622j , -0.31886292+0.72580262j,
           -0.33603063-0.12922871j, -0.4658417 -0.01630513j],
          [ 0.16539686+0.38606747j,  0.02323021+0.1552622j ,
           -0.4658417 -0.01630513j,  0.71296075-0.27085499j]],
         input_dims=(2, 2), output_dims=(2, 2))"
"Operator([[ 7.12960748e-01-0.27085499j, -4.63300242e-01-0.05125652j,
           -2.94974903e-04+0.15699015j,  7.48480072e-02+0.41328197j],
          [-4.65750165e-01+0.01873842j, -3.36030633e-01-0.12922871j,
           -3.72489454e-01+0.69979613j, -2.94974903e-04+0.15699015j],
          [ 4.62309405e-02+0.15002898j, -2.63434148e-01+0.7477068j ,
           -3.36030633e-01-0.12922871j, -4.63300242e-01-0.05125652j],
          [ 2.47563813e-01+0.33928803j,  4.62309405e-02+0.15002898j,
           -4.65750165e-01+0.01873842j,  7.12960748e-01-0.27085499j]],
         input_dims=(2, 2), output_dims=(2, 2))"
"Operator([[ 0.71296075-0.27085499j, -0.46521493-0.02914473j,
            0.01463528+0.15630676j,  0.13292548+0.39841564j],
          [-0.46611417-0.00345312j, -0.33603063-0.12922871j,
           -0.33875602+0.71673382j,  0.01463528+0.15630676j],
          [ 0.03175448+0.1537454j , -0.29872732+0.73431941j,
           -0.33603063-0.12922871j, -0.46521493-0.02914473j],
          [ 0.19673668+0.37107801j,  0.03175448+0.1537454j ,
           -0.46611417-0.00345312j,  0.71296075-0.27085499j]],
         input_dims=(2, 2), output_dims=(2, 2))"
"Operator([[ 0.71296075-0.27085499j, -0.4658417 -0.01630513j,
            0.02323021+0.1552622j ,  0.16539686+0.38606747j],
          [-0.4658417 -0.01630513j, -0.33603063-0.12922871j,
           -0.31886292+0.72580262j,  0.02323021+0.1552622j ],
          [ 0.02323021+0.1552622j , -0.31886292+0.72580262j,
           -0.33603063-0.12922871j, -0.4658417 -0.01630513j],
          [ 0.16539686+0.38606747j,  0.02323021+0.1552622j ,
           -0.4658417 -0.01630513j,  0.71296075-0.27085499j]],
         input_dims=(2, 2), output_dims=(2, 2))"
"Operator([[ 0.71296075-0.27085499j, -0.4658417 -0.01630513j,
            0.02323021+0.1552622j ,  0.16539686+0.38606747j],
          [-0.4658417 -0.01630513j, -0.33603063-0.12922871j,
           -0.31886292+0.72580262j,  0.02323021+0.1552622j ],
          [ 0.02323021+0.1552622j , -0.31886292+0.72580262j,
           -0.33603063-0.12922871j, -0.4658417 -0.01630513j],
          [ 0.16539686+0.38606747j,  0.02323021+0.1552622j ,
           -0.4658417 -0.01630513j,  0.71296075-0.27085499j]],
         input_dims=(2, 2), output_dims=(2, 2))"
"Operator([[ 0.71296075-0.27085499j, -0.46612221+0.00210453j,
            0.03541136+0.15294453j,  0.20988123+0.363805j  ],
          [-0.46483437-0.03468934j, -0.33603063-0.12922871j,
           -0.28995091+0.7378289j ,  0.03541136+0.15294453j],
          [ 0.01090414+0.15661128j, -0.34727745+0.71264394j,
           -0.33603063-0.12922871j, -0.46612221+0.00210453j],
          [ 0.11859241+0.40291444j,  0.01090414+0.15661128j,
           -0.46483437-0.03468934j,  0.71296075-0.27085499j]],
         input_dims=(2, 2), output_dims=(2, 2))"
