unitary
"Operator([[ 7.51403505e-01-0.6097643j , -2.43476308e-01-0.05343235j,
            2.31853102e-02+0.02993412j, -5.47368755e-04-0.00326163j],
          [ 1.40784812e-01-0.20570699j,  9.21403351e-01-0.0627214j ,
           -2.50536279e-01-0.14402821j,  2.31853102e-02+0.02993412j],
          [ 4.12881140e-03-0.03763725j,  2.27423836e-01-0.17830018j,
            9.21403351e-01-0.0627214j , -2.43476308e-01-0.05343235j],
          [-1.82525021e-03-0.00275796j,  4.12881140e-03-0.03763725j,
            1.40784812e-01-0.20570699j,  7.51403505e-01-0.6097643j ]],
         input_dims=(2, 2), output_dims=(2, 2))"
"Operator([[ 0.75140351-0.6097643j ,  0.09183288+0.23173789j,
           -0.03644157+0.01027726j, -0.00121275-0.00307687j],
          [ 0.09183288+0.23173789j,  0.92140335-0.0627214j ,
            0.02066853+0.28824532j, -0.03644157+0.01027726j],
          [-0.03644157+0.01027726j,  0.02066853+0.28824532j,
            0.92140335-0.0627214j ,  0.09183288+0.23173789j],
          [-0.00121275-0.00307687j, -0.03644157+0.01027726j,
            0.09183288+0.23173789j,  0.75140351-0.6097643j ]],
         input_dims=(2, 2), output_dims=(2, 2))"
"Operator([[ 0.75140351-0.6097643j ,  0.09183288+0.23173789j,
           -0.03644157+0.01027726j, -0.00121275-0.00307687j],
          [ 0.09183288+0.23173789j,  0.92140335-0.0627214j ,
            0.02066853+0.28824532j, -0.03644157+0.01027726j],
          [-0.03644157+0.01027726j,  0.02066853+0.28824532j,
            0.92140335-0.0627214j ,  0.09183288+0.23173789j],
          [-0.00121275-0.00307687j, -0.03644157+0.01027726j,
            0.09183288+0.23173789j,  0.75140351-0.6097643j ]],
         input_dims=(2, 2), output_dims=(2, 2))"
"Operator([[ 0.75140351-0.6097643j ,  0.09183288+0.23173789j,
           -0.03644157+0.01027726j, -0.00121275-0.00307687j],
          [ 0.09183288+0.23173789j,  0.92140335-0.0627214j ,
            0.02066853+0.28824532j, -0.03644157+0.01027726j],
          [-0.03644157+0.01027726j,  0.02066853+0.28824532j,
            0.92140335-0.0627214j ,  0.09183288+0.23173789j],
          [-0.00121275-0.00307687j, -0.03644157+0.01027726j,
            0.09183288+0.23173789j,  0.75140351-0.6097643j ]],
         input_dims=(2, 2), output_dims=(2, 2))"
"Operator([[ 7.51403505e-01-0.6097643j , -1.13140857e-01+0.22211455j,
           -5.61476758e-03-0.03744442j,  2.73144118e-03+0.0018647j ],
          [ 2.34575228e-01+0.08432195j,  9.21403351e-01-0.0627214j ,
           -2.02586512e-01+0.20608556j, -5.61476758e-03-0.03744442j],
          [ 1.47767053e-02+0.03486057j,  2.29917354e-01+0.17507302j,
            9.21403351e-01-0.0627214j , -1.13140857e-01+0.22211455j],
          [-7.24593411e-04+0.00322689j,  1.47767053e-02+0.03486057j,
            2.34575228e-01+0.08432195j,  7.51403505e-01-0.6097643j ]],
         input_dims=(2, 2), output_dims=(2, 2))"
"Operator([[ 7.51403505e-01-6.09764296e-01j,
            2.63731707e-04+2.49270253e-01j,
           -3.36263324e-02-1.74034419e-02j,
            2.26221631e-03-2.41251932e-03j],
          [ 1.70555336e-01+1.81787254e-01j,
            9.21403351e-01-6.27213955e-02j,
           -8.66850758e-02+2.75677803e-01j,
           -3.36263324e-02-1.74034419e-02j],
          [-1.95784206e-02+3.24082623e-02j,
            1.25130772e-01+2.60489623e-01j,
            9.21403351e-01-6.27213955e-02j,
            2.63731707e-04+2.49270253e-01j],
          [-3.29990586e-03-2.20212103e-04j,
           -1.95784206e-02+3.24082623e-02j,
            1.70555336e-01+1.81787254e-01j,
            7.51403505e-01-6.09764296e-01j]],
         input_dims=(2, 2), output_dims=(2, 2))"
"Operator([[ 7.51403505e-01-0.6097643j , -2.35819680e-01-0.08077628j,
            1.58208769e-02+0.03439927j,  5.77965996e-04-0.00325635j],
          [ 1.16476253e-01-0.22038378j,  9.21403351e-01-0.0627214j ,
           -2.32530356e-01-0.17158726j,  1.58208769e-02+0.03439927j],
          [-4.48343721e-03-0.03759666j,  2.05670117e-01-0.20300827j,
            9.21403351e-01-0.0627214j , -2.35819680e-01-0.08077628j],
          [-2.64434606e-03-0.00198628j, -4.48343721e-03-0.03759666j,
            1.16476253e-01-0.22038378j,  7.51403505e-01-0.6097643j ]],
         input_dims=(2, 2), output_dims=(2, 2))"
"Operator([[ 0.75140351-0.6097643j ,  0.09183288+0.23173789j,
           -0.03644157+0.01027726j, -0.00121275-0.00307687j],
          [ 0.09183288+0.23173789j,  0.92140335-0.0627214j ,
            0.02066853+0.28824532j, -0.03644157+0.01027726j],
          [-0.03644157+0.01027726j,  0.02066853+0.28824532j,
            0.92140335-0.0627214j ,  0.09183288+0.23173789j],
          [-0.00121275-0.00307687j, -0.03644157+0.01027726j,
            0.09183288+0.23173789j,  0.75140351-0.6097643j ]],
         input_dims=(2, 2), output_dims=(2, 2))"
"Operator([[ 0.75140351-0.6097643j ,  0.20576219-0.14070412j,
            0.02846917-0.0249623j ,  0.00166586-0.00285706j],
          [-0.2462895 +0.03843451j,  0.92140335-0.0627214j ,
            0.27657976-0.08376269j,  0.02846917-0.0249623j ],
          [ 0.03731662+0.00640937j, -0.28570111-0.04344454j,
            0.92140335-0.0627214j ,  0.20576219-0.14070412j],
          [-0.00316724-0.0009521j ,  0.03731662+0.00640937j,
           -0.2462895 +0.03843451j,  0.75140351-0.6097643j ]],
         input_dims=(2, 2), output_dims=(2, 2))"
"Operator([[ 0.75140351-0.6097643j ,  0.09183288+0.23173789j,
           -0.03644157+0.01027726j, -0.00121275-0.00307687j],
          [ 0.09183288+0.23173789j,  0.92140335-0.0627214j ,
            0.02066853+0.28824532j, -0.03644157+0.01027726j],
          [-0.03644157+0.01027726j,  0.02066853+0.28824532j,
            0.92140335-0.0627214j ,  0.09183288+0.23173789j],
          [-0.00121275-0.00307687j, -0.03644157+0.01027726j,
            0.09183288+0.23173789j,  0.75140351-0.6097643j ]],
         input_dims=(2, 2), output_dims=(2, 2))"
