unitary
"Operator([[ 9.20523801e-01-3.63571888e-01j,
           -1.89543206e-02+1.41243367e-01j,
           -1.02772282e-02-6.04210382e-03j,
            4.19674749e-04-3.93203564e-04j],
          [ 7.45901797e-02+1.21430062e-01j,
            9.75113011e-01-3.95084415e-02j,
           -4.88498745e-02+1.57341363e-01j,
           -1.02772282e-02-6.04210382e-03j],
          [-7.98393892e-03+8.85353923e-03j,
            6.15994583e-02+1.52800921e-01j,
            9.75113011e-01-3.95084415e-02j,
           -1.89543206e-02+1.41243367e-01j],
          [-5.42933196e-04-1.89629857e-04j,
           -7.98393892e-03+8.85353923e-03j,
            7.45901797e-02+1.21430062e-01j,
            9.20523801e-01-3.63571888e-01j]],
         input_dims=(2, 2), output_dims=(2, 2))"
"Operator([[ 9.20523801e-01-0.36357189j,  2.72340643e-02+0.13988302j,
           -1.18361903e-02+0.00142585j, -9.11151594e-05-0.00056783j],
          [ 3.18165394e-02+0.13891243j,  9.75113011e-01-0.03950844j,
            4.06075844e-03+0.16470011j, -1.18361903e-02+0.00142585j],
          [-1.17169535e-02+0.00220033j,  9.47135259e-03+0.16447768j,
            9.75113011e-01-0.03950844j,  2.72340643e-02+0.13988302j],
          [-1.46576508e-04-0.0005561j , -1.17169535e-02+0.00220033j,
            3.18165394e-02+0.13891243j,  9.20523801e-01-0.36357189j]],
         input_dims=(2, 2), output_dims=(2, 2))"
"Operator([[ 9.20523801e-01-0.36357189j,  2.95292899e-02+0.13941656j,
           -1.17829369e-02+0.00181407j, -1.18990440e-04-0.00056265j],
          [ 2.95292899e-02+0.13941656j,  9.75113011e-01-0.03950844j,
            6.76696943e-03+0.16461113j, -1.17829369e-02+0.00181407j],
          [-1.17829369e-02+0.00181407j,  6.76696943e-03+0.16461113j,
            9.75113011e-01-0.03950844j,  2.95292899e-02+0.13941656j],
          [-1.18990440e-04-0.00056265j, -1.17829369e-02+0.00181407j,
            2.95292899e-02+0.13941656j,  9.20523801e-01-0.36357189j]],
         input_dims=(2, 2), output_dims=(2, 2))"
"Operator([[ 9.20523801e-01-3.63571888e-01j,
            1.13278158e-01+8.64697283e-02j,
            2.55471905e-05+1.19217358e-02j,
           -4.13713025e-04+3.99471490e-04j],
          [-6.84938773e-02+1.24970171e-01j,
            9.75113011e-01-3.95084415e-02j,
            1.12441835e-01+1.20413655e-01j,
            2.55471905e-05+1.19217358e-02j],
          [-3.56151120e-03-1.13773492e-02j,
           -1.02179013e-01+1.29236466e-01j,
            9.75113011e-01-3.95084415e-02j,
            1.13278158e-01+8.64697283e-02j],
          [ 5.40019518e-04+1.97774765e-04j,
           -3.56151120e-03-1.13773492e-02j,
           -6.84938773e-02+1.24970171e-01j,
            9.20523801e-01-3.63571888e-01j]],
         input_dims=(2, 2), output_dims=(2, 2))"
"Operator([[ 9.20523801e-01-0.36357189j,  1.39351525e-01+0.02983467j,
            9.22104024e-03+0.00755651j,  2.85906406e-04+0.00049899j],
          [-1.15289517e-01+0.08376922j,  9.75113011e-01-0.03950844j,
            1.53086205e-01+0.06088702j,  9.22104024e-03+0.00755651j],
          [ 6.52115047e-03-0.00998013j, -1.47572125e-01+0.07324672j,
            9.75113011e-01-0.03950844j,  1.39351525e-01+0.02983467j],
          [-5.94071876e-05+0.00057202j,  6.52115047e-03-0.00998013j,
           -1.15289517e-01+0.08376922j,  9.20523801e-01-0.36357189j]],
         input_dims=(2, 2), output_dims=(2, 2))"
"Operator([[ 9.20523801e-01-0.36357189j,  2.95292899e-02+0.13941656j,
           -1.17829369e-02+0.00181407j, -1.18990440e-04-0.00056265j],
          [ 2.95292899e-02+0.13941656j,  9.75113011e-01-0.03950844j,
            6.76696943e-03+0.16461113j, -1.17829369e-02+0.00181407j],
          [-1.17829369e-02+0.00181407j,  6.76696943e-03+0.16461113j,
            9.75113011e-01-0.03950844j,  2.95292899e-02+0.13941656j],
          [-1.18990440e-04-0.00056265j, -1.17829369e-02+0.00181407j,
            2.95292899e-02+0.13941656j,  9.20523801e-01-0.36357189j]],
         input_dims=(2, 2), output_dims=(2, 2))"
