unitary
"Operator([[ 7.92720502e-01-0.56435937j, -8.51787678e-02-0.21175933j,
           -2.97570713e-02+0.01017705j,  1.10853567e-03+0.0022336j ],
          [-6.80657575e-02-0.21786347j,  9.34626018e-01-0.05889908j,
           -2.78266037e-02-0.26295302j, -2.97570713e-02+0.01017705j],
          [-3.09943746e-02+0.00532958j, -6.82340038e-03-0.26433322j,
            9.34626018e-01-0.05889908j, -8.51787678e-02-0.21175933j],
          [ 5.48580783e-04+0.00243246j, -3.09943746e-02+0.00532958j,
           -6.80657575e-02-0.21786347j,  7.92720502e-01-0.56435937j]],
         input_dims=(2, 2), output_dims=(2, 2))"
"Operator([[ 7.92720502e-01-0.56435937j, -1.19657258e-01-0.19436969j,
           -2.46837040e-02+0.0194877j ,  2.05525709e-03+0.00141199j],
          [-3.03651266e-02-0.2262198j ,  9.34626018e-01-0.05889908j,
           -7.17558990e-02-0.25449892j, -2.46837040e-02+0.0194877j ],
          [-3.10039507e-02-0.00527359j,  3.78344507e-02-0.26170053j,
            9.34626018e-01-0.05889908j, -1.19657258e-01-0.19436969j],
          [-7.04287169e-04+0.00239203j, -3.10039507e-02-0.00527359j,
           -3.03651266e-02-0.2262198j ,  7.92720502e-01-0.56435937j]],
         input_dims=(2, 2), output_dims=(2, 2))"
"Operator([[ 0.7927205 -0.56435937j, -0.00597091-0.22817052j,
           -0.02917047-0.01175326j, -0.00142468+0.00204648j],
          [-0.13977923-0.18044169j,  0.93462602-0.05889908j,
            0.06563534-0.25614569j, -0.02917047-0.01175326j],
          [-0.01996901+0.02429597j, -0.09859079-0.24535376j,
            0.93462602-0.05889908j, -0.00597091-0.22817052j],
          [ 0.00239634+0.00068948j, -0.01996901+0.02429597j,
           -0.13977923-0.18044169j,  0.7927205 -0.56435937j]],
         input_dims=(2, 2), output_dims=(2, 2))"
"Operator([[ 7.92720502e-01-5.64359367e-01j,
            7.34598311e-02-2.16104350e-01j,
           -1.45255632e-02-2.78937930e-02j,
           -2.48137944e-03-2.46104216e-04j],
          [-1.93642815e-01-1.20830034e-01j,
            9.34626018e-01-5.88990813e-02j,
            1.50323463e-01-2.17534980e-01j,
           -1.45255632e-02-2.78937930e-02j],
          [ 6.20018244e-04+3.14431431e-02j,
           -1.77497947e-01-1.95992577e-01j,
            9.34626018e-01-5.88990813e-02j,
            7.34598311e-02-2.16104350e-01j],
          [ 1.77032390e-03-1.75606506e-03j,
            6.20018244e-04+3.14431431e-02j,
           -1.93642815e-01-1.20830034e-01j,
            7.92720502e-01-5.64359367e-01j]],
         input_dims=(2, 2), output_dims=(2, 2))"
"Operator([[ 7.92720502e-01-0.56435937j,  7.66830245e-02+0.21498175j,
           -3.04722668e-02+0.00777796j, -8.34503107e-04-0.00234977j],
          [ 7.66830245e-02+0.21498175j,  9.34626018e-01-0.05889908j,
            1.73387408e-02+0.26385219j, -3.04722668e-02+0.00777796j],
          [-3.04722668e-02+0.00777796j,  1.73387408e-02+0.26385219j,
            9.34626018e-01-0.05889908j,  7.66830245e-02+0.21498175j],
          [-8.34503107e-04-0.00234977j, -3.04722668e-02+0.00777796j,
            7.66830245e-02+0.21498175j,  7.92720502e-01-0.56435937j]],
         input_dims=(2, 2), output_dims=(2, 2))"
"Operator([[ 0.7927205 -5.64359367e-01j,  0.03048371-2.26203847e-01j,
           -0.02398767-2.03383186e-02j, -0.00220912+1.15655169e-03j],
          [-0.16675987-1.55847944e-01j,  0.93462602-5.88990813e-02j,
            0.10563421-2.42404670e-01j, -0.02398767-2.03383186e-02j],
          [-0.01130568+2.93468447e-02j, -0.13644751-2.26496550e-01j,
            0.93462602-5.88990813e-02j,  0.03048371-2.26203847e-01j],
          [ 0.00244375-4.95879607e-04j, -0.01130568+2.93468447e-02j,
           -0.16675987-1.55847944e-01j,  0.7927205 -5.64359367e-01j]],
         input_dims=(2, 2), output_dims=(2, 2))"
"Operator([[ 0.7927205 -0.56435937j, -0.00599342-0.22816993j,
           -0.02917279-0.01174751j, -0.00142408+0.0020469j ],
          [-0.13976143-0.18045548j,  0.93462602-0.05889908j,
            0.06561007-0.25615216j, -0.02917279-0.01174751j],
          [-0.0199738 +0.02429203j, -0.09856659-0.24536348j,
            0.93462602-0.05889908j, -0.00599342-0.22816993j],
          [ 0.00239613+0.00069019j, -0.0199738 +0.02429203j,
           -0.13976143-0.18045548j,  0.7927205 -0.56435937j]],
         input_dims=(2, 2), output_dims=(2, 2))"
"Operator([[ 7.92720502e-01-0.56435937j, -6.26915083e-02-0.2194703j ,
           -3.12187970e-02+0.00380031j,  3.67911633e-04+0.00246626j],
          [-9.03567399e-02-0.20960223j,  9.34626018e-01-0.05889908j,
           -3.25714700e-04-0.26442108j, -3.12187970e-02+0.00380031j],
          [-2.92211099e-02+0.0116268j , -3.42799093e-02-0.26218981j,
            9.34626018e-01-0.05889908j, -6.26915083e-02-0.2194703j ],
          [ 1.27005432e-03+0.00214587j, -2.92211099e-02+0.0116268j ,
           -9.03567399e-02-0.20960223j,  7.92720502e-01-0.56435937j]],
         input_dims=(2, 2), output_dims=(2, 2))"
"Operator([[ 0.7927205 -5.64359367e-01j, -0.15850938-1.64232196e-01j,
           -0.01426546+2.80277074e-02j,  0.00249096-1.13605432e-04j],
          [ 0.01878956-2.27473931e-01j,  0.93462602-5.88990813e-02j,
           -0.12459756-2.33225338e-01j, -0.01426546+2.80277074e-02j],
          [-0.02595315-1.77620229e-02j,  0.09300562-2.47524879e-01j,
            0.93462602-5.88990813e-02j, -0.15850938-1.64232196e-01j],
          [-0.00200464+1.48297617e-03j, -0.02595315-1.77620229e-02j,
            0.01878956-2.27473931e-01j,  0.7927205 -5.64359367e-01j]],
         input_dims=(2, 2), output_dims=(2, 2))"
"Operator([[ 7.92720502e-01-0.56435937j,  7.66830245e-02+0.21498175j,
           -3.04722668e-02+0.00777796j, -8.34503107e-04-0.00234977j],
          [ 7.66830245e-02+0.21498175j,  9.34626018e-01-0.05889908j,
            1.73387408e-02+0.26385219j, -3.04722668e-02+0.00777796j],
          [-3.04722668e-02+0.00777796j,  1.73387408e-02+0.26385219j,
            9.34626018e-01-0.05889908j,  7.66830245e-02+0.21498175j],
          [-8.34503107e-04-0.00234977j, -3.04722668e-02+0.00777796j,
            7.66830245e-02+0.21498175j,  7.92720502e-01-0.56435937j]],
         input_dims=(2, 2), output_dims=(2, 2))"
"Operator([[ 7.92720502e-01-0.56435937j,  7.66830245e-02+0.21498175j,
           -3.04722668e-02+0.00777796j, -8.34503107e-04-0.00234977j],
          [ 7.66830245e-02+0.21498175j,  9.34626018e-01-0.05889908j,
            1.73387408e-02+0.26385219j, -3.04722668e-02+0.00777796j],
          [-3.04722668e-02+0.00777796j,  1.73387408e-02+0.26385219j,
            9.34626018e-01-0.05889908j,  7.66830245e-02+0.21498175j],
          [-8.34503107e-04-0.00234977j, -3.04722668e-02+0.00777796j,
            7.66830245e-02+0.21498175j,  7.92720502e-01-0.56435937j]],
         input_dims=(2, 2), output_dims=(2, 2))"
