unitary
"Operator([[ 8.01463222e-01-0.55388377j, -2.12243975e-01-0.07007563j,
            1.46274218e-02+0.02630524j,  1.33026788e-04-0.00232891j],
          [ 1.22868508e-01-0.18671215j,  9.37415224e-01-0.05797781j,
           -2.15190383e-01-0.14394563j,  1.46274218e-02+0.02630524j],
          [ 5.64768554e-04-0.03009333j,  1.94962376e-01-0.17034353j,
            9.37415224e-01-0.05797781j, -2.12243975e-01-0.07007563j],
          [-1.54577941e-03-0.00174702j,  5.64768554e-04-0.03009333j,
            1.22868508e-01-0.18671215j,  8.01463222e-01-0.55388377j]],
         input_dims=(2, 2), output_dims=(2, 2))"
"Operator([[ 8.01463222e-01-0.55388377j,  7.34711723e-02+0.2110926j ,
           -2.92044575e-02+0.00728196j, -7.63947885e-04-0.00220406j],
          [ 7.34711723e-02+0.2110926j ,  9.37415224e-01-0.05797781j,
            1.66284488e-02+0.25836164j, -2.92044575e-02+0.00728196j],
          [-2.92044575e-02+0.00728196j,  1.66284488e-02+0.25836164j,
            9.37415224e-01-0.05797781j,  7.34711723e-02+0.2110926j ],
          [-7.63947885e-04-0.00220406j, -2.92044575e-02+0.00728196j,
            7.34711723e-02+0.2110926j ,  8.01463222e-01-0.55388377j]],
         input_dims=(2, 2), output_dims=(2, 2))"
"Operator([[ 8.01463222e-01-0.55388377j,  7.34711723e-02+0.2110926j ,
           -2.92044575e-02+0.00728196j, -7.63947885e-04-0.00220406j],
          [ 7.34711723e-02+0.2110926j ,  9.37415224e-01-0.05797781j,
            1.66284488e-02+0.25836164j, -2.92044575e-02+0.00728196j],
          [-2.92044575e-02+0.00728196j,  1.66284488e-02+0.25836164j,
            9.37415224e-01-0.05797781j,  7.34711723e-02+0.2110926j ],
          [-7.63947885e-04-0.00220406j, -2.92044575e-02+0.00728196j,
            7.34711723e-02+0.2110926j ,  8.01463222e-01-0.55388377j]],
         input_dims=(2, 2), output_dims=(2, 2))"
"Operator([[ 0.80146322-0.55388377j,  0.22123121-0.03185669j,
            0.02980629+0.00418476j,  0.00226466+0.00055929j],
          [-0.19320226+0.11238766j,  0.93741522-0.05797781j,
            0.25678972+0.03295882j,  0.02980629+0.00418476j],
          [ 0.02435223-0.01768887j, -0.25044603+0.06560509j,
            0.93741522-0.05797781j,  0.22123121-0.03185669j],
          [-0.00143275+0.00184085j,  0.02435223-0.01768887j,
           -0.19320226+0.11238766j,  0.80146322-0.55388377j]],
         input_dims=(2, 2), output_dims=(2, 2))"
"Operator([[ 8.01463222e-01-0.55388377j,  7.34711723e-02+0.2110926j ,
           -2.92044575e-02+0.00728196j, -7.63947885e-04-0.00220406j],
          [ 7.34711723e-02+0.2110926j ,  9.37415224e-01-0.05797781j,
            1.66284488e-02+0.25836164j, -2.92044575e-02+0.00728196j],
          [-2.92044575e-02+0.00728196j,  1.66284488e-02+0.25836164j,
            9.37415224e-01-0.05797781j,  7.34711723e-02+0.2110926j ],
          [-7.63947885e-04-0.00220406j, -2.92044575e-02+0.00728196j,
            7.34711723e-02+0.2110926j ,  8.01463222e-01-0.55388377j]],
         input_dims=(2, 2), output_dims=(2, 2))"
"Operator([[ 8.01463222e-01-0.55388377j,  7.34711723e-02+0.2110926j ,
           -2.92044575e-02+0.00728196j, -7.63947885e-04-0.00220406j],
          [ 7.34711723e-02+0.2110926j ,  9.37415224e-01-0.05797781j,
            1.66284488e-02+0.25836164j, -2.92044575e-02+0.00728196j],
          [-2.92044575e-02+0.00728196j,  1.66284488e-02+0.25836164j,
            9.37415224e-01-0.05797781j,  7.34711723e-02+0.2110926j ],
          [-7.63947885e-04-0.00220406j, -2.92044575e-02+0.00728196j,
            7.34711723e-02+0.2110926j ,  8.01463222e-01-0.55388377j]],
         input_dims=(2, 2), output_dims=(2, 2))"
"Operator([[ 0.80146322-0.55388377j,  0.22301781-0.01487125j,
            0.02882153+0.00867448j,  0.00207827+0.00105939j],
          [-0.1840567 +0.12681179j,  0.93741522-0.05797781j,
            0.25352343+0.05247016j,  0.02882153+0.00867448j],
          [ 0.02137484-0.02119065j, -0.24470551+0.08453674j,
            0.93741522-0.05797781j,  0.22301781-0.01487125j],
          [-0.00097685+0.00211832j,  0.02137484-0.02119065j,
           -0.1840567 +0.12681179j,  0.80146322-0.55388377j]],
         input_dims=(2, 2), output_dims=(2, 2))"
"Operator([[ 8.01463222e-01-0.55388377j,  2.23333643e-01+0.00895448j,
            2.63319105e-02+0.01457936j,  1.63956821e-03+0.00165931j],
          [-1.69511140e-01+0.14568484j,  9.37415224e-01-0.05797781j,
            2.46497121e-01+0.07916069j,  2.63319105e-02+0.01457936j],
          [ 1.64043344e-02-0.02523539j, -2.34315680e-01+0.11010634j,
            9.37415224e-01-0.05797781j,  2.23333643e-01+0.00895448j],
          [-2.60974831e-04+0.00231806j,  1.64043344e-02-0.02523539j,
           -1.69511140e-01+0.14568484j,  8.01463222e-01-0.55388377j]],
         input_dims=(2, 2), output_dims=(2, 2))"
"Operator([[ 8.01463222e-01-0.55388377j,  7.34711723e-02+0.2110926j ,
           -2.92044575e-02+0.00728196j, -7.63947885e-04-0.00220406j],
          [ 7.34711723e-02+0.2110926j ,  9.37415224e-01-0.05797781j,
            1.66284488e-02+0.25836164j, -2.92044575e-02+0.00728196j],
          [-2.92044575e-02+0.00728196j,  1.66284488e-02+0.25836164j,
            9.37415224e-01-0.05797781j,  7.34711723e-02+0.2110926j ],
          [-7.63947885e-04-0.00220406j, -2.92044575e-02+0.00728196j,
            7.34711723e-02+0.2110926j ,  8.01463222e-01-0.55388377j]],
         input_dims=(2, 2), output_dims=(2, 2))"
"Operator([[ 8.01463222e-01-0.55388377j, -2.23478563e-01-0.00392818j,
            2.69610378e-02+0.0133802j , -1.74774165e-03-0.00154496j],
          [ 1.72745517e-01-0.14183471j,  9.37415224e-01-0.05797781j,
           -2.48215512e-01-0.07359554j,  2.69610378e-02+0.0133802j ],
          [ 1.75228167e-02-0.02447199j,  2.36733297e-01-0.1048074j ,
            9.37415224e-01-0.05797781j, -2.23478563e-01-0.00392818j],
          [ 4.16713716e-04-0.00229518j,  1.75228167e-02-0.02447199j,
            1.72745517e-01-0.14183471j,  8.01463222e-01-0.55388377j]],
         input_dims=(2, 2), output_dims=(2, 2))"
"Operator([[ 8.01463222e-01-0.55388377j, -2.22899708e-01-0.01654747j,
            2.52795007e-02+0.01633628j, -1.46193622e-03-0.00181776j],
          [ 1.64456573e-01-0.15136755j,  9.37415224e-01-0.05797781j,
           -2.43661247e-01-0.08750109j,  2.52795007e-02+0.01633628j],
          [ 1.46502549e-02-0.02629253j,  2.30434037e-01-0.1180144j ,
            9.37415224e-01-0.05797781j, -2.22899708e-01-0.01654747j],
          [ 2.33889133e-05-0.00233259j,  1.46502549e-02-0.02629253j,
            1.64456573e-01-0.15136755j,  8.01463222e-01-0.55388377j]],
         input_dims=(2, 2), output_dims=(2, 2))"
"Operator([[ 8.01463222e-01-0.55388377j, -2.22141637e-01-0.02472229j,
            2.40122215e-02+0.01814774j, -1.25315719e-03-0.00196751j],
          [ 1.58786666e-01-0.1573051j ,  9.37415224e-01-0.05797781j,
           -2.40283402e-01-0.09639051j,  2.40122215e-02+0.01814774j],
          [ 1.26808551e-02-0.02729694j,  2.25944514e-01-0.12639747j,
            9.37415224e-01-0.05797781j, -2.22141637e-01-0.02472229j],
          [-2.33283152e-04-0.00232101j,  1.26808551e-02-0.02729694j,
            1.58786666e-01-0.1573051j ,  8.01463222e-01-0.55388377j]],
         input_dims=(2, 2), output_dims=(2, 2))"
"Operator([[ 8.01463222e-01-0.55388377j, -2.21605406e-01-0.02914005j,
            2.32707149e-02+0.01908929j, -1.13346968e-03-0.00203881j],
          [ 1.55623374e-01-0.16043523j,  9.37415224e-01-0.05797781j,
           -2.38316718e-01-0.10115526j,  2.32707149e-02+0.01908929j],
          [ 1.15840970e-02-0.02778014j,  2.23383258e-01-0.13087079j,
            9.37415224e-01-0.05797781j, -2.21605406e-01-0.02914005j],
          [-3.71422155e-04-0.00230294j,  1.15840970e-02-0.02778014j,
            1.55623374e-01-0.16043523j,  8.01463222e-01-0.55388377j]],
         input_dims=(2, 2), output_dims=(2, 2))"
"Operator([[ 8.01463222e-01-0.55388377j, -2.21876751e-01-0.02699641j,
            2.36354241e-02+0.01863583j, -1.19211378e-03-0.00200509j],
          [ 1.57167045e-01-0.15892331j,  9.37415224e-01-0.05797781j,
           -2.39283459e-01-0.0988467j ,  2.36354241e-02+0.01863583j],
          [ 1.21190130e-02-0.02755099j,  2.24637959e-01-0.12870521j,
            9.37415224e-01-0.05797781j, -2.21876751e-01-0.02699641j],
          [-3.04485986e-04-0.00231275j,  1.21190130e-02-0.02755099j,
            1.57167045e-01-0.15892331j,  8.01463222e-01-0.55388377j]],
         input_dims=(2, 2), output_dims=(2, 2))"
"Operator([[ 8.01463222e-01-0.55388377j, -2.22892583e-01-0.01664317j,
            2.52654630e-02+0.01635798j, -1.45959358e-03-0.00181964j],
          [ 1.64391567e-01-0.15143814j,  9.37415224e-01-0.05797781j,
           -2.43623655e-01-0.0876057j ,  2.52654630e-02+0.01635798j],
          [ 1.46276716e-02-0.0263051j ,  2.30383345e-01-0.11811333j,
            9.37415224e-01-0.05797781j, -2.22892583e-01-0.01664317j],
          [ 2.03843309e-05-0.00233261j,  1.46276716e-02-0.0263051j ,
            1.64391567e-01-0.15143814j,  8.01463222e-01-0.55388377j]],
         input_dims=(2, 2), output_dims=(2, 2))"
