unitary
"Operator([[-0.7307733 +0.09634608j, -0.34986107+0.36851875j,
            0.23830676+0.32987946j, -0.00940878-0.18105214j],
          [-0.49591662-0.11079504j,  0.20637616+0.18607586j,
           -0.35668555-0.60970539j,  0.23830676+0.32987946j],
          [-0.40330118+0.05439422j,  0.33979566-0.61927712j,
            0.20637616+0.18607586j, -0.34986107+0.36851875j],
          [ 0.01810046+0.18039062j, -0.40330118+0.05439422j,
           -0.49591662-0.11079504j, -0.7307733 +0.09634608j]],
         input_dims=(2, 2), output_dims=(2, 2))"
"Operator([[-0.7307733 +0.09634608j,  0.46871047+0.19626343j,
           -0.39719532-0.0885802j ,  0.07561425-0.16477526j],
          [ 0.27961604-0.42429201j,  0.20637616+0.18607586j,
           -0.44338639+0.54988522j, -0.39719532-0.0885802j ],
          [ 0.33776737+0.22698848j,  0.45833021+0.53749294j,
            0.20637616+0.18607586j,  0.46871047+0.19626343j],
          [ 0.09968076+0.15143364j,  0.33776737+0.22698848j,
            0.27961604-0.42429201j, -0.7307733 +0.09634608j]],
         input_dims=(2, 2), output_dims=(2, 2))"
"Operator([[-0.7307733 +0.09634608j, -0.1744494 +0.47725909j,
            0.40366501+0.05162492j, -0.17362794-0.0521703j ],
          [-0.41095198-0.29887674j,  0.20637616+0.18607586j,
           -0.5697388 -0.41756789j,  0.40366501+0.05162492j],
          [-0.31542799-0.25712984j,  0.55804853-0.43306706j,
            0.20637616+0.18607586j, -0.1744494 +0.47725909j],
          [-0.16373241+0.07784664j, -0.31542799-0.25712984j,
           -0.41095198-0.29887674j, -0.7307733 +0.09634608j]],
         input_dims=(2, 2), output_dims=(2, 2))"
"Operator([[-0.7307733 +0.09634608j,  0.48607654-0.14811629j,
           -0.16055783+0.37394084j, -0.18077362+0.0137586j ],
          [ 0.48607654-0.14811629j,  0.20637616+0.18607586j,
            0.00970678+0.70630802j, -0.16055783+0.37394084j],
          [-0.16055783+0.37394084j,  0.00970678+0.70630802j,
            0.20637616+0.18607586j,  0.48607654-0.14811629j],
          [-0.18077362+0.0137586j , -0.16055783+0.37394084j,
            0.48607654-0.14811629j, -0.7307733 +0.09634608j]],
         input_dims=(2, 2), output_dims=(2, 2))"
"Operator([[-0.7307733 +0.09634608j, -0.28418774-0.4212436j ,
           -0.07680933-0.39963846j, -0.14945973-0.10261673j],
          [-0.00098732+0.50814158j,  0.20637616+0.18607586j,
            0.67238801-0.21647082j, -0.07680933-0.39963846j],
          [ 0.34266062-0.21953193j, -0.67808286-0.19791131j,
            0.20637616+0.18607586j, -0.28418774-0.4212436j ],
          [-0.1322079 +0.12405432j,  0.34266062-0.21953193j,
           -0.00098732+0.50814158j, -0.7307733 +0.09634608j]],
         input_dims=(2, 2), output_dims=(2, 2))"
"Operator([[-0.7307733 +0.09634608j,  0.22897382+0.45362961j,
            0.02530716-0.40616514j,  0.10101204+0.1505489j ],
          [-0.06290448-0.50423394j,  0.20637616+0.18607586j,
           -0.69426794+0.13022011j,  0.02530716-0.40616514j],
          [ 0.27706714-0.29806772j,  0.69758428+0.1110919j ,
            0.20637616+0.18607586j,  0.22897382+0.45362961j],
          [ 0.07706409-0.16410219j,  0.27706714-0.29806772j,
           -0.06290448-0.50423394j, -0.7307733 +0.09634608j]],
         input_dims=(2, 2), output_dims=(2, 2))"
"Operator([[-0.7307733 +0.09634608j,  0.48607654-0.14811629j,
           -0.16055783+0.37394084j, -0.18077362+0.0137586j ],
          [ 0.48607654-0.14811629j,  0.20637616+0.18607586j,
            0.00970678+0.70630802j, -0.16055783+0.37394084j],
          [-0.16055783+0.37394084j,  0.00970678+0.70630802j,
            0.20637616+0.18607586j,  0.48607654-0.14811629j],
          [-0.18077362+0.0137586j , -0.16055783+0.37394084j,
            0.48607654-0.14811629j, -0.7307733 +0.09634608j]],
         input_dims=(2, 2), output_dims=(2, 2))"
