unitary
"Operator([[-0.10369782+0.72053634j,  0.06031971-0.41770417j,
           -0.00700939+0.43178865j, -0.24251417+0.21599817j],
          [ 0.06031971-0.41770417j,  0.02751085+0.25447648j,
           -0.18905045+0.73084813j, -0.00700939+0.43178865j],
          [-0.00700939+0.43178865j, -0.18905045+0.73084813j,
            0.02751085+0.25447648j,  0.06031971-0.41770417j],
          [-0.24251417+0.21599817j, -0.00700939+0.43178865j,
            0.06031971-0.41770417j, -0.10369782+0.72053634j]],
         input_dims=(2, 2), output_dims=(2, 2))"
"Operator([[-0.10369782+7.20536342e-01j, -0.40491095-1.19005731e-01j,
            0.12807798-4.12415573e-01j, -0.09606935-3.10224133e-01j],
          [ 0.42203681+4.11915900e-04j,  0.02751085+2.54476482e-01j,
            0.69660905+2.90886388e-01j,  0.12807798-4.12415573e-01j],
          [-0.11462423-4.16355448e-01j, -0.75028392-8.33853013e-02j,
            0.02751085+2.54476482e-01j, -0.40491095-1.19005731e-01j],
          [ 0.29708161+1.31190140e-01j, -0.11462423-4.16355448e-01j,
            0.42203681+4.11915900e-04j, -0.10369782+7.20536342e-01j]],
         input_dims=(2, 2), output_dims=(2, 2))"
"Operator([[-0.10369782+0.72053634j,  0.40070563+0.13247732j,
            0.15535428-0.40293377j,  0.06451582+0.3182861j ],
          [-0.42181462+0.01369904j,  0.02751085+0.25447648j,
           -0.68649385-0.31401475j,  0.15535428-0.40293377j],
          [-0.14219392-0.40776398j,  0.7526524 +0.05825308j,
            0.02751085+0.25447648j,  0.40070563+0.13247732j],
          [-0.30872717-0.10077631j, -0.14219392-0.40776398j,
           -0.42181462+0.01369904j, -0.10369782+0.72053634j]],
         input_dims=(2, 2), output_dims=(2, 2))"
"Operator([[-0.10369782+0.72053634j,  0.35674308-0.22549858j,
           -0.42541317-0.07425772j,  0.09368617-0.31095214j],
          [-0.27837119-0.31721399j,  0.02751085+0.25447648j,
           -0.67843725+0.33106186j, -0.42541317-0.07425772j],
          [ 0.42759929-0.06041046j,  0.43280873+0.61851084j,
            0.02751085+0.25447648j,  0.35674308-0.22549858j],
          [ 0.31967892-0.05721647j,  0.42759929-0.06041046j,
           -0.27837119-0.31721399j, -0.10369782+0.72053634j]],
         input_dims=(2, 2), output_dims=(2, 2))"
"Operator([[-0.10369782+0.72053634j,  0.39995927+0.13471384j,
            0.15984658-0.40117283j,  0.05917256+0.31932263j],
          [-0.42173151+0.01605534j,  0.02751085+0.25447648j,
           -0.68472885-0.31784502j,  0.15984658-0.40117283j],
          [-0.14674102-0.40614978j,  0.7529661 +0.05404739j,
            0.02751085+0.25447648j,  0.39995927+0.13471384j],
          [-0.31037274-0.09558815j, -0.14674102-0.40614978j,
           -0.42173151+0.01605534j, -0.10369782+0.72053634j]],
         input_dims=(2, 2), output_dims=(2, 2))"
"Operator([[-0.10369782+0.72053634j,  0.06031971-0.41770417j,
           -0.00700939+0.43178865j, -0.24251417+0.21599817j],
          [ 0.06031971-0.41770417j,  0.02751085+0.25447648j,
           -0.18905045+0.73084813j, -0.00700939+0.43178865j],
          [-0.00700939+0.43178865j, -0.18905045+0.73084813j,
            0.02751085+0.25447648j,  0.06031971-0.41770417j],
          [-0.24251417+0.21599817j, -0.00700939+0.43178865j,
            0.06031971-0.41770417j, -0.10369782+0.72053634j]],
         input_dims=(2, 2), output_dims=(2, 2))"
"Operator([[-0.10369782+0.72053634j,  0.42061856+0.03457257j,
           -0.04593909-0.42939512j,  0.2567667 +0.19884465j],
          [-0.41321522-0.08583948j,  0.02751085+0.25447648j,
           -0.74107221-0.14384382j, -0.04593909-0.42939512j],
          [ 0.05985228-0.42767777j,  0.71786911+0.23354445j,
            0.02751085+0.25447648j,  0.42061856+0.03457257j],
          [-0.16792016-0.27797689j,  0.05985228-0.42767777j,
           -0.41321522-0.08583948j, -0.10369782+0.72053634j]],
         input_dims=(2, 2), output_dims=(2, 2))"
"Operator([[-0.10369782+0.72053634j,  0.06031971-0.41770417j,
           -0.00700939+0.43178865j, -0.24251417+0.21599817j],
          [ 0.06031971-0.41770417j,  0.02751085+0.25447648j,
           -0.18905045+0.73084813j, -0.00700939+0.43178865j],
          [-0.00700939+0.43178865j, -0.18905045+0.73084813j,
            0.02751085+0.25447648j,  0.06031971-0.41770417j],
          [-0.24251417+0.21599817j, -0.00700939+0.43178865j,
            0.06031971-0.41770417j, -0.10369782+0.72053634j]],
         input_dims=(2, 2), output_dims=(2, 2))"
