unitary
"Operator([[ 9.87115582e-01-1.49262703e-01j,
           -2.11894068e-02+5.35797280e-02j,
           -1.25557579e-03-1.45489850e-03j,
            3.56171338e-05-1.00210254e-05j],
          [ 2.97868977e-02+4.93205731e-02j,
            9.95979600e-01-1.65272526e-02j,
           -2.85435972e-02+6.01105557e-02j,
           -1.25557579e-03-1.45489850e-03j],
          [-1.06883495e-03+1.59711993e-03j,
            3.05266727e-02+5.91281498e-02j,
            9.95979600e-01-1.65272526e-02j,
           -2.11894068e-02+5.35797280e-02j],
          [-3.67860841e-05-3.97305821e-06j,
           -1.06883495e-03+1.59711993e-03j,
            2.97868977e-02+4.93205731e-02j,
            9.87115582e-01-1.49262703e-01j]],
         input_dims=(2, 2), output_dims=(2, 2))"
"Operator([[ 9.87115582e-01-1.49262703e-01j,
            4.79732348e-03+5.74174529e-02j,
           -1.91818285e-03+1.17365961e-04j,
           -3.07994935e-06-3.68716027e-05j],
          [ 4.79732348e-03+5.74174529e-02j,
            9.95979600e-01-1.65272526e-02j,
            1.10653851e-03+6.65341372e-02j,
           -1.91818285e-03+1.17365961e-04j],
          [-1.91818285e-03+1.17365961e-04j,
            1.10653851e-03+6.65341372e-02j,
            9.95979600e-01-1.65272526e-02j,
            4.79732348e-03+5.74174529e-02j],
          [-3.07994935e-06-3.68716027e-05j,
           -1.91818285e-03+1.17365961e-04j,
            4.79732348e-03+5.74174529e-02j,
            9.87115582e-01-1.49262703e-01j]],
         input_dims=(2, 2), output_dims=(2, 2))"
"Operator([[ 9.87115582e-01-1.49262703e-01j,
            4.79732348e-03+5.74174529e-02j,
           -1.91818285e-03+1.17365961e-04j,
           -3.07994935e-06-3.68716027e-05j],
          [ 4.79732348e-03+5.74174529e-02j,
            9.95979600e-01-1.65272526e-02j,
            1.10653851e-03+6.65341372e-02j,
           -1.91818285e-03+1.17365961e-04j],
          [-1.91818285e-03+1.17365961e-04j,
            1.10653851e-03+6.65341372e-02j,
            9.95979600e-01-1.65272526e-02j,
            4.79732348e-03+5.74174529e-02j],
          [-3.07994935e-06-3.68716027e-05j,
           -1.91818285e-03+1.17365961e-04j,
            4.79732348e-03+5.74174529e-02j,
            9.87115582e-01-1.49262703e-01j]],
         input_dims=(2, 2), output_dims=(2, 2))"
"Operator([[ 9.87115582e-01-1.49262703e-01j,
            4.79732348e-03+5.74174529e-02j,
           -1.91818285e-03+1.17365961e-04j,
           -3.07994935e-06-3.68716027e-05j],
          [ 4.79732348e-03+5.74174529e-02j,
            9.95979600e-01-1.65272526e-02j,
            1.10653851e-03+6.65341372e-02j,
           -1.91818285e-03+1.17365961e-04j],
          [-1.91818285e-03+1.17365961e-04j,
            1.10653851e-03+6.65341372e-02j,
            9.95979600e-01-1.65272526e-02j,
            4.79732348e-03+5.74174529e-02j],
          [-3.07994935e-06-3.68716027e-05j,
           -1.91818285e-03+1.17365961e-04j,
            4.79732348e-03+5.74174529e-02j,
            9.87115582e-01-1.49262703e-01j]],
         input_dims=(2, 2), output_dims=(2, 2))"
"Operator([[ 9.87115582e-01-1.49262703e-01j,
            4.79732348e-03+5.74174529e-02j,
           -1.91818285e-03+1.17365961e-04j,
           -3.07994935e-06-3.68716027e-05j],
          [ 4.79732348e-03+5.74174529e-02j,
            9.95979600e-01-1.65272526e-02j,
            1.10653851e-03+6.65341372e-02j,
           -1.91818285e-03+1.17365961e-04j],
          [-1.91818285e-03+1.17365961e-04j,
            1.10653851e-03+6.65341372e-02j,
            9.95979600e-01-1.65272526e-02j,
            4.79732348e-03+5.74174529e-02j],
          [-3.07994935e-06-3.68716027e-05j,
           -1.91818285e-03+1.17365961e-04j,
            4.79732348e-03+5.74174529e-02j,
            9.87115582e-01-1.49262703e-01j]],
         input_dims=(2, 2), output_dims=(2, 2))"
"Operator([[ 9.87115582e-01-1.49262703e-01j,
            4.79732348e-03+5.74174529e-02j,
           -1.91818285e-03+1.17365961e-04j,
           -3.07994935e-06-3.68716027e-05j],
          [ 4.79732348e-03+5.74174529e-02j,
            9.95979600e-01-1.65272526e-02j,
            1.10653851e-03+6.65341372e-02j,
           -1.91818285e-03+1.17365961e-04j],
          [-1.91818285e-03+1.17365961e-04j,
            1.10653851e-03+6.65341372e-02j,
            9.95979600e-01-1.65272526e-02j,
            4.79732348e-03+5.74174529e-02j],
          [-3.07994935e-06-3.68716027e-05j,
           -1.91818285e-03+1.17365961e-04j,
            4.79732348e-03+5.74174529e-02j,
            9.87115582e-01-1.49262703e-01j]],
         input_dims=(2, 2), output_dims=(2, 2))"
"Operator([[ 9.87115582e-01-1.49262703e-01j,
            4.79732348e-03+5.74174529e-02j,
           -1.91818285e-03+1.17365961e-04j,
           -3.07994935e-06-3.68716027e-05j],
          [ 4.79732348e-03+5.74174529e-02j,
            9.95979600e-01-1.65272526e-02j,
            1.10653851e-03+6.65341372e-02j,
           -1.91818285e-03+1.17365961e-04j],
          [-1.91818285e-03+1.17365961e-04j,
            1.10653851e-03+6.65341372e-02j,
            9.95979600e-01-1.65272526e-02j,
            4.79732348e-03+5.74174529e-02j],
          [-3.07994935e-06-3.68716027e-05j,
           -1.91818285e-03+1.17365961e-04j,
            4.79732348e-03+5.74174529e-02j,
            9.87115582e-01-1.49262703e-01j]],
         input_dims=(2, 2), output_dims=(2, 2))"
"Operator([[ 9.87115582e-01-1.49262703e-01j,
            3.37958606e-02+4.66649549e-02j,
           -7.88539807e-04+1.75254249e-03j,
           -3.66230646e-05+5.26804591e-06j],
          [-2.55834718e-02+5.16261967e-02j,
            9.95979600e-01-1.65272526e-02j,
            3.53508854e-02+5.63766862e-02j,
           -7.88539807e-04+1.75254249e-03j],
          [-9.96319953e-04-1.64333404e-03j,
           -3.34566365e-02+5.75210337e-02j,
            9.95979600e-01-1.65272526e-02j,
            3.37958606e-02+4.66649549e-02j],
          [ 3.69895271e-05-8.80942411e-07j,
           -9.96319953e-04-1.64333404e-03j,
           -2.55834718e-02+5.16261967e-02j,
            9.87115582e-01-1.49262703e-01j]],
         input_dims=(2, 2), output_dims=(2, 2))"
"Operator([[ 9.87115582e-01-1.49262703e-01j,
            4.79732348e-03+5.74174529e-02j,
           -1.91818285e-03+1.17365961e-04j,
           -3.07994935e-06-3.68716027e-05j],
          [ 4.79732348e-03+5.74174529e-02j,
            9.95979600e-01-1.65272526e-02j,
            1.10653851e-03+6.65341372e-02j,
           -1.91818285e-03+1.17365961e-04j],
          [-1.91818285e-03+1.17365961e-04j,
            1.10653851e-03+6.65341372e-02j,
            9.95979600e-01-1.65272526e-02j,
            4.79732348e-03+5.74174529e-02j],
          [-3.07994935e-06-3.68716027e-05j,
           -1.91818285e-03+1.17365961e-04j,
            4.79732348e-03+5.74174529e-02j,
            9.87115582e-01-1.49262703e-01j]],
         input_dims=(2, 2), output_dims=(2, 2))"
"Operator([[ 9.87115582e-01-1.49262703e-01j,
            4.75003842e-02+3.26112206e-02j,
            4.97597761e-04+1.85623185e-03j,
           -1.44377273e-05+3.40668931e-05j],
          [-4.14301278e-02+4.00415125e-02j,
            9.95979600e-01-1.65272526e-02j,
            5.22254788e-02+4.12373036e-02j,
            4.97597761e-04+1.85623185e-03j],
          [ 2.67582282e-04-1.90305017e-03j,
           -5.08253288e-02+4.29511560e-02j,
            9.95979600e-01-1.65272526e-02j,
            4.75003842e-02+3.26112206e-02j],
          [ 1.98895411e-05+3.11994764e-05j,
            2.67582282e-04-1.90305017e-03j,
           -4.14301278e-02+4.00415125e-02j,
            9.87115582e-01-1.49262703e-01j]],
         input_dims=(2, 2), output_dims=(2, 2))"
"Operator([[ 9.87115582e-01-1.49262703e-01j,
            5.24826757e-02+2.37770260e-02j,
            1.10787598e-03+1.57029011e-03j,
            4.71978062e-06+3.66977498e-05j],
          [-4.78093293e-02+3.21565894e-02j,
            9.95979600e-01-1.65272526e-02j,
            5.86471045e-02+3.14409443e-02j,
            1.10787598e-03+1.57029011e-03j],
          [ 9.08168875e-04-1.69364386e-03j,
           -5.75691622e-02+3.33737532e-02j,
            9.95979600e-01-1.65272526e-02j,
            5.24826757e-02+2.37770260e-02j],
          [ 1.43400033e-06+3.69722168e-05j,
            9.08168875e-04-1.69364386e-03j,
           -4.78093293e-02+3.21565894e-02j,
            9.87115582e-01-1.49262703e-01j]],
         input_dims=(2, 2), output_dims=(2, 2))"
"Operator([[ 9.87115582e-01-1.49262703e-01j,
            4.79732348e-03+5.74174529e-02j,
           -1.91818285e-03+1.17365961e-04j,
           -3.07994935e-06-3.68716027e-05j],
          [ 4.79732348e-03+5.74174529e-02j,
            9.95979600e-01-1.65272526e-02j,
            1.10653851e-03+6.65341372e-02j,
           -1.91818285e-03+1.17365961e-04j],
          [-1.91818285e-03+1.17365961e-04j,
            1.10653851e-03+6.65341372e-02j,
            9.95979600e-01-1.65272526e-02j,
            4.79732348e-03+5.74174529e-02j],
          [-3.07994935e-06-3.68716027e-05j,
           -1.91818285e-03+1.17365961e-04j,
            4.79732348e-03+5.74174529e-02j,
            9.87115582e-01-1.49262703e-01j]],
         input_dims=(2, 2), output_dims=(2, 2))"
"Operator([[ 9.87115582e-01-1.49262703e-01j,
            5.73483249e-02+5.56307803e-03j,
            1.83649770e-03+5.66106362e-04j,
            3.32056424e-05+1.63213507e-05j],
          [-5.56300278e-02+1.50026069e-02j,
            9.95979600e-01-1.65272526e-02j,
            6.56566390e-02+1.08268927e-02j,
            1.83649770e-03+5.66106362e-04j],
          [ 1.75378109e-03-7.85781207e-04j,
           -6.52603009e-02+1.30041906e-02j,
            9.95979600e-01-1.65272526e-02j,
            5.73483249e-02+5.56307803e-03j],
          [-3.00376571e-05+2.16041739e-05j,
            1.75378109e-03-7.85781207e-04j,
           -5.56300278e-02+1.50026069e-02j,
            9.87115582e-01-1.49262703e-01j]],
         input_dims=(2, 2), output_dims=(2, 2))"
"Operator([[ 9.87115582e-01-1.49262703e-01j,
            4.79732348e-03+5.74174529e-02j,
           -1.91818285e-03+1.17365961e-04j,
           -3.07994935e-06-3.68716027e-05j],
          [ 4.79732348e-03+5.74174529e-02j,
            9.95979600e-01-1.65272526e-02j,
            1.10653851e-03+6.65341372e-02j,
           -1.91818285e-03+1.17365961e-04j],
          [-1.91818285e-03+1.17365961e-04j,
            1.10653851e-03+6.65341372e-02j,
            9.95979600e-01-1.65272526e-02j,
            4.79732348e-03+5.74174529e-02j],
          [-3.07994935e-06-3.68716027e-05j,
           -1.91818285e-03+1.17365961e-04j,
            4.79732348e-03+5.74174529e-02j,
            9.87115582e-01-1.49262703e-01j]],
         input_dims=(2, 2), output_dims=(2, 2))"
"Operator([[ 9.87115582e-01-1.49262703e-01j,
            4.79732348e-03+5.74174529e-02j,
           -1.91818285e-03+1.17365961e-04j,
           -3.07994935e-06-3.68716027e-05j],
          [ 4.79732348e-03+5.74174529e-02j,
            9.95979600e-01-1.65272526e-02j,
            1.10653851e-03+6.65341372e-02j,
           -1.91818285e-03+1.17365961e-04j],
          [-1.91818285e-03+1.17365961e-04j,
            1.10653851e-03+6.65341372e-02j,
            9.95979600e-01-1.65272526e-02j,
            4.79732348e-03+5.74174529e-02j],
          [-3.07994935e-06-3.68716027e-05j,
           -1.91818285e-03+1.17365961e-04j,
            4.79732348e-03+5.74174529e-02j,
            9.87115582e-01-1.49262703e-01j]],
         input_dims=(2, 2), output_dims=(2, 2))"
