unitary
"Operator([[ 8.86340847e-01-0.43033515j,  4.21826807e-02+0.16473853j,
           -1.68138086e-02+0.00311693j, -2.45314235e-04-0.00096019j],
          [ 4.21826807e-02+0.16473853j,  9.64342661e-01-0.04628868j,
            9.63322217e-03+0.19646172j, -1.68138086e-02+0.00311693j],
          [-1.68138086e-02+0.00311693j,  9.63322217e-03+0.19646172j,
            9.64342661e-01-0.04628868j,  4.21826807e-02+0.16473853j],
          [-2.45314235e-04-0.00096019j, -1.68138086e-02+0.00311693j,
            4.21826807e-02+0.16473853j,  8.86340847e-01-0.43033515j]],
         input_dims=(2, 2), output_dims=(2, 2))"
"Operator([[ 8.86340847e-01-0.43033515j,  5.96155972e-02+0.15926124j,
           -1.57616118e-02+0.00663257j, -5.37007083e-04-0.00083293j],
          [ 2.42626964e-02+0.16831365j,  9.64342661e-01-0.04628868j,
            3.06579567e-02+0.19429384j, -1.57616118e-02+0.00663257j],
          [-1.70916759e-02-0.00054225j, -1.15027436e-02+0.19636113j,
            9.64342661e-01-0.04628868j,  5.96155972e-02+0.15926124j],
          [ 7.16757250e-05-0.00098844j, -1.70916759e-02-0.00054225j,
            2.42626964e-02+0.16831365j,  8.86340847e-01-0.43033515j]],
         input_dims=(2, 2), output_dims=(2, 2))"
"Operator([[ 8.86340847e-01-0.43033515j,  4.21826807e-02+0.16473853j,
           -1.68138086e-02+0.00311693j, -2.45314235e-04-0.00096019j],
          [ 4.21826807e-02+0.16473853j,  9.64342661e-01-0.04628868j,
            9.63322217e-03+0.19646172j, -1.68138086e-02+0.00311693j],
          [-1.68138086e-02+0.00311693j,  9.63322217e-03+0.19646172j,
            9.64342661e-01-0.04628868j,  4.21826807e-02+0.16473853j],
          [-2.45314235e-04-0.00096019j, -1.68138086e-02+0.00311693j,
            4.21826807e-02+0.16473853j,  8.86340847e-01-0.43033515j]],
         input_dims=(2, 2), output_dims=(2, 2))"
"Operator([[ 8.86340847e-01-0.43033515j,  1.46249194e-01+0.08677174j,
            3.09125707e-03+0.01681855j, -5.07446448e-04+0.00085126j],
          [-8.65483514e-02+0.14638151j,  9.64342661e-01-0.04628868j,
            1.45630241e-01+0.13221891j,  3.09125707e-03+0.01681855j],
          [-3.14259944e-03-0.01680903j, -1.31996412e-01+0.14583194j,
            9.64342661e-01-0.04628868j,  1.46249194e-01+0.08677174j],
          [ 8.53577729e-04+0.00050354j, -3.14259944e-03-0.01680903j,
           -8.65483514e-02+0.14638151j,  8.86340847e-01-0.43033515j]],
         input_dims=(2, 2), output_dims=(2, 2))"
"Operator([[ 8.86340847e-01-0.43033515j,  1.63829822e-01+0.04558456j,
            1.11464308e-02+0.01296829j,  2.49768622e-04+0.00095904j],
          [-1.21760239e-01+0.11871228j,  9.64342661e-01-0.04628868j,
            1.75096327e-01+0.08961743j,  1.11464308e-02+0.01296829j],
          [ 5.75741775e-03-0.01610191j, -1.65488933e-01+0.10631755j,
            9.64342661e-01-0.04628868j,  1.63829822e-01+0.04558456j],
          [ 2.40854561e-04+0.00096132j,  5.75741775e-03-0.01610191j,
           -1.21760239e-01+0.11871228j,  8.86340847e-01-0.43033515j]],
         input_dims=(2, 2), output_dims=(2, 2))"
"Operator([[ 8.86340847e-01-0.43033515j,  4.21826807e-02+0.16473853j,
           -1.68138086e-02+0.00311693j, -2.45314235e-04-0.00096019j],
          [ 4.21826807e-02+0.16473853j,  9.64342661e-01-0.04628868j,
            9.63322217e-03+0.19646172j, -1.68138086e-02+0.00311693j],
          [-1.68138086e-02+0.00311693j,  9.63322217e-03+0.19646172j,
            9.64342661e-01-0.04628868j,  4.21826807e-02+0.16473853j],
          [-2.45314235e-04-0.00096019j, -1.68138086e-02+0.00311693j,
            4.21826807e-02+0.16473853j,  8.86340847e-01-0.43033515j]],
         input_dims=(2, 2), output_dims=(2, 2))"
"Operator([[ 8.86340847e-01-0.43033515j,  1.49413421e-01+0.08120217j,
            4.34842436e-03+0.01653816j, -4.08210937e-04+0.00090306j],
          [-9.19999479e-02+0.14301808j,  9.64342661e-01-0.04628868j,
            1.50506532e-01+0.1266404j ,  4.34842436e-03+0.01653816j],
          [-1.86846417e-03-0.01699789j, -1.37395067e-01+0.14075725j,
            9.64342661e-01-0.04628868j,  1.49413421e-01+0.08120217j],
          [ 7.91347291e-04+0.00059659j, -1.86846417e-03-0.01699789j,
           -9.19999479e-02+0.14301808j,  8.86340847e-01-0.43033515j]],
         input_dims=(2, 2), output_dims=(2, 2))"
"Operator([[ 8.86340847e-01-0.43033515j,  1.11554891e-01-0.12834979j,
            3.03220111e-03-0.0168293j , -4.69195251e-04-0.00087293j],
          [-1.59512212e-01-0.05894079j,  9.64342661e-01-0.04628868j,
            1.56156845e-01-0.11960371j,  3.03220111e-03-0.0168293j ],
          [ 8.86302167e-03+0.01462417j, -1.67108817e-01-0.10375284j,
            9.64342661e-01-0.04628868j,  1.11554891e-01-0.12834979j],
          [-7.01191869e-06-0.00099101j,  8.86302167e-03+0.01462417j,
           -1.59512212e-01-0.05894079j,  8.86340847e-01-0.43033515j]],
         input_dims=(2, 2), output_dims=(2, 2))"
"Operator([[ 8.86340847e-01-0.43033515j,  4.21826807e-02+0.16473853j,
           -1.68138086e-02+0.00311693j, -2.45314235e-04-0.00096019j],
          [ 4.21826807e-02+0.16473853j,  9.64342661e-01-0.04628868j,
            9.63322217e-03+0.19646172j, -1.68138086e-02+0.00311693j],
          [-1.68138086e-02+0.00311693j,  9.63322217e-03+0.19646172j,
            9.64342661e-01-0.04628868j,  4.21826807e-02+0.16473853j],
          [-2.45314235e-04-0.00096019j, -1.68138086e-02+0.00311693j,
            4.21826807e-02+0.16473853j,  8.86340847e-01-0.43033515j]],
         input_dims=(2, 2), output_dims=(2, 2))"
"Operator([[ 8.86340847e-01-0.43033515j,  1.56169024e-01+0.06730081j,
            7.26748430e-03+0.01547912j, -1.49844554e-04+0.00097964j],
          [-1.04605256e-01+0.13407424j,  9.64342661e-01-0.04628868j,
            1.61383177e-01+0.11245212j,  7.26748430e-03+0.01547912j],
          [ 1.23623412e-03-0.01705553j, -1.49607604e-01+0.12770111j,
            9.64342661e-01-0.04628868j,  1.56169024e-01+0.06730081j],
          [ 6.01376414e-04+0.00078772j,  1.23623412e-03-0.01705553j,
           -1.04605256e-01+0.13407424j,  8.86340847e-01-0.43033515j]],
         input_dims=(2, 2), output_dims=(2, 2))"
