unitary
"Operator([[-0.34591771-0.74033543j,  0.46356971+0.23706628j,
           -0.17339278+0.16512803j, -0.05362943-0.03063744j],
          [ 0.46356971+0.23706628j,  0.52443395-0.00218088j,
            0.0812213 +0.62444996j, -0.17339278+0.16512803j],
          [-0.17339278+0.16512803j,  0.0812213 +0.62444996j,
            0.52443395-0.00218088j,  0.46356971+0.23706628j],
          [-0.05362943-0.03063744j, -0.17339278+0.16512803j,
            0.46356971+0.23706628j, -0.34591771-0.74033543j]],
         input_dims=(2, 2), output_dims=(2, 2))"
"Operator([[-0.34591771-0.74033543j,  0.46356971+0.23706628j,
           -0.17339278+0.16512803j, -0.05362943-0.03063744j],
          [ 0.46356971+0.23706628j,  0.52443395-0.00218088j,
            0.0812213 +0.62444996j, -0.17339278+0.16512803j],
          [-0.17339278+0.16512803j,  0.0812213 +0.62444996j,
            0.52443395-0.00218088j,  0.46356971+0.23706628j],
          [-0.05362943-0.03063744j, -0.17339278+0.16512803j,
            0.46356971+0.23706628j, -0.34591771-0.74033543j]],
         input_dims=(2, 2), output_dims=(2, 2))"
"Operator([[-0.34591771-0.74033543j, -0.17597163-0.49003192j,
           -0.17590647-0.16244764j, -0.05774752+0.02190874j],
          [-0.5003071 +0.14418776j,  0.52443395-0.00218088j,
            0.36791685-0.51104975j, -0.17590647-0.16244764j],
          [ 0.15366995+0.18362426j, -0.48640655-0.39992914j,
            0.52443395-0.00218088j, -0.17597163-0.49003192j],
          [-0.01045634-0.06087227j,  0.15366995+0.18362426j,
           -0.5003071 +0.14418776j, -0.34591771-0.74033543j]],
         input_dims=(2, 2), output_dims=(2, 2))"
"Operator([[-0.34591771-0.74033543j, -0.44182989+0.27546987j,
            0.22727452+0.07535658j, -0.05200034-0.03332767j],
          [-0.03530229-0.5194719j ,  0.52443395-0.00218088j,
           -0.57721054-0.25171938j,  0.22727452+0.07535658j],
          [-0.06417591-0.23068111j,  0.49361298-0.39099984j,
            0.52443395-0.00218088j, -0.44182989+0.27546987j],
          [-0.05511946-0.02786778j, -0.06417591-0.23068111j,
           -0.03530229-0.5194719j , -0.34591771-0.74033543j]],
         input_dims=(2, 2), output_dims=(2, 2))"
"Operator([[-0.34591771-0.74033543j, -0.01116199+0.52055039j,
           -0.02217742-0.23841242j,  0.04577736+0.04146326j],
          [ 0.41550477-0.31377235j,  0.52443395-0.00218088j,
           -0.52651364+0.34542443j, -0.02217742-0.23841242j],
          [ 0.23704613+0.03378541j,  0.59735789+0.19924409j,
            0.52443395-0.00218088j, -0.01116199+0.52055039j],
          [ 0.05896711+0.01837521j,  0.23704613+0.03378541j,
            0.41550477-0.31377235j, -0.34591771-0.74033543j]],
         input_dims=(2, 2), output_dims=(2, 2))"
"Operator([[-0.34591771-0.74033543j, -0.49549841+0.15993321j,
            0.16496774+0.17354529j, -0.01617518-0.05960815j],
          [-0.16039099-0.49535041j,  0.52443395-0.00218088j,
           -0.49880741-0.38435116j,  0.16496774+0.17354529j],
          [-0.16528817-0.17324012j,  0.38389009-0.49916235j,
            0.52443395-0.00218088j, -0.49549841+0.15993321j],
          [-0.05956309+0.01634036j, -0.16528817-0.17324012j,
           -0.16039099-0.49535041j, -0.34591771-0.74033543j]],
         input_dims=(2, 2), output_dims=(2, 2))"
