unitary
"Operator([[ 9.41366246e-01-0.31421358j,  2.17999268e-02+0.12061082j,
           -8.70437146e-03+0.00114631j, -6.44524569e-05-0.00035699j],
          [ 2.17999268e-02+0.12061082j,  9.81660078e-01-0.03435118j,
            5.00604995e-03+0.14155967j, -8.70437146e-03+0.00114631j],
          [-8.70437146e-03+0.00114631j,  5.00604995e-03+0.14155967j,
            9.81660078e-01-0.03435118j,  2.17999268e-02+0.12061082j],
          [-6.44524569e-05-0.00035699j, -8.70437146e-03+0.00114631j,
            2.17999268e-02+0.12061082j,  9.41366246e-01-0.31421358j]],
         input_dims=(2, 2), output_dims=(2, 2))"
"Operator([[ 9.41366246e-01-0.31421358j,  2.17999268e-02+0.12061082j,
           -8.70437146e-03+0.00114631j, -6.44524569e-05-0.00035699j],
          [ 2.17999268e-02+0.12061082j,  9.81660078e-01-0.03435118j,
            5.00604995e-03+0.14155967j, -8.70437146e-03+0.00114631j],
          [-8.70437146e-03+0.00114631j,  5.00604995e-03+0.14155967j,
            9.81660078e-01-0.03435118j,  2.17999268e-02+0.12061082j],
          [-6.44524569e-05-0.00035699j, -8.70437146e-03+0.00114631j,
            2.17999268e-02+0.12061082j,  9.41366246e-01-0.31421358j]],
         input_dims=(2, 2), output_dims=(2, 2))"
"Operator([[ 9.41366246e-01-3.14213578e-01j,
            7.88333907e-02-9.38482987e-02j,
            4.67067622e-04-8.76709470e-03j,
           -2.30287039e-04-2.80292140e-04j],
          [-1.06697668e-01-6.03142965e-02j,
            9.81660078e-01-3.43511799e-02j,
            1.05678620e-01-9.43198298e-02j,
            4.67067622e-04-8.76709470e-03j],
          [ 2.72091216e-03+8.34725936e-03j,
           -1.12077263e-01-8.66192127e-02j,
            9.81660078e-01-3.43511799e-02j,
            7.88333907e-02-9.38482987e-02j],
          [ 1.17732625e-04-3.43125098e-04j,
            2.72091216e-03+8.34725936e-03j,
           -1.06697668e-01-6.03142965e-02j,
            9.41366246e-01-3.14213578e-01j]],
         input_dims=(2, 2), output_dims=(2, 2))"
"Operator([[ 9.41366246e-01-3.14213578e-01j,
            6.07075609e-02-1.06474404e-01j,
           -2.65924189e-03-8.36711027e-03j,
           -3.41800933e-04-1.21523358e-04j],
          [-9.41385260e-02-7.84865886e-02j,
            9.81660078e-01-3.43511799e-02j,
            8.70321467e-02-1.11756908e-01j,
           -2.65924189e-03-8.36711027e-03j],
          [-4.02360669e-04+8.77030260e-03j,
           -9.47091028e-02-1.05329895e-01j,
            9.81660078e-01-3.43511799e-02j,
            6.07075609e-02-1.06474404e-01j],
          [ 2.77725993e-04-2.33375399e-04j,
           -4.02360669e-04+8.77030260e-03j,
           -9.41385260e-02-7.84865886e-02j,
            9.41366246e-01-3.14213578e-01j]],
         input_dims=(2, 2), output_dims=(2, 2))"
"Operator([[ 9.41366246e-01-3.14213578e-01j,
            5.02493244e-02-1.11790930e-01j,
           -4.20326850e-03-7.70795924e-03j,
           -3.62226131e-04-1.96985933e-05j],
          [-8.62030771e-02-8.71277003e-02j,
            9.81660078e-01-3.43511799e-02j,
            7.59482461e-02-1.19566153e-01j,
           -4.20326850e-03-7.70795924e-03j],
          [-2.06439567e-03+8.53336817e-03j,
           -8.42045252e-02-1.13902585e-01j,
            9.81660078e-01-3.43511799e-02j,
            5.02493244e-02-1.11790930e-01j],
          [ 3.32468756e-04-1.45121779e-04j,
           -2.06439567e-03+8.53336817e-03j,
           -8.62030771e-02-8.71277003e-02j,
            9.41366246e-01-3.14213578e-01j]],
         input_dims=(2, 2), output_dims=(2, 2))"
"Operator([[ 9.41366246e-01-3.14213578e-01j,
            4.25767388e-02-1.14932276e-01j,
           -5.20465547e-03-7.07047828e-03j,
           -3.58761269e-04+5.37229561e-05j],
          [-8.01155924e-02-9.27561239e-02j,
            9.81660078e-01-3.43511799e-02j,
            6.76912218e-02-1.24427085e-01j,
           -5.20465547e-03-7.07047828e-03j],
          [-3.19668196e-03+8.17687753e-03j,
           -7.63114974e-02-1.19334640e-01j,
            9.81660078e-01-3.43511799e-02j,
            4.25767388e-02-1.14932276e-01j],
          [ 3.54897427e-04-7.51240366e-05j,
           -3.19668196e-03+8.17687753e-03j,
           -8.01155924e-02-9.27561239e-02j,
            9.41366246e-01-3.14213578e-01j]],
         input_dims=(2, 2), output_dims=(2, 2))"
"Operator([[ 9.41366246e-01-3.14213578e-01j,
            3.63855034e-02-1.17039745e-01j,
           -5.92825924e-03-6.47578907e-03j,
           -3.45608906e-04+1.10228345e-04j],
          [-7.50538164e-02-9.68975300e-02j,
            9.81660078e-01-3.43511799e-02j,
            6.09577680e-02-1.27860672e-01j,
           -5.92825924e-03-6.47578907e-03j],
          [-4.04957743e-03+7.78980259e-03j,
           -6.98374082e-02-1.23235293e-01j,
            9.81660078e-01-3.43511799e-02j,
            3.63855034e-02-1.17039745e-01j],
          [ 3.62334800e-04-1.75868387e-05j,
           -4.04957743e-03+7.78980259e-03j,
           -7.50538164e-02-9.68975300e-02j,
            9.41366246e-01-3.14213578e-01j]],
         input_dims=(2, 2), output_dims=(2, 2))"
