unitary
"Operator([[ 7.92720502e-01-0.56435937j,  7.66830245e-02+0.21498175j,
           -3.04722668e-02+0.00777796j, -8.34503107e-04-0.00234977j],
          [ 7.66830245e-02+0.21498175j,  9.34626018e-01-0.05889908j,
            1.73387408e-02+0.26385219j, -3.04722668e-02+0.00777796j],
          [-3.04722668e-02+0.00777796j,  1.73387408e-02+0.26385219j,
            9.34626018e-01-0.05889908j,  7.66830245e-02+0.21498175j],
          [-8.34503107e-04-0.00234977j, -3.04722668e-02+0.00777796j,
            7.66830245e-02+0.21498175j,  7.92720502e-01-0.56435937j]],
         input_dims=(2, 2), output_dims=(2, 2))"
"Operator([[ 7.92720502e-01-0.56435937j,  7.66830245e-02+0.21498175j,
           -3.04722668e-02+0.00777796j, -8.34503107e-04-0.00234977j],
          [ 7.66830245e-02+0.21498175j,  9.34626018e-01-0.05889908j,
            1.73387408e-02+0.26385219j, -3.04722668e-02+0.00777796j],
          [-3.04722668e-02+0.00777796j,  1.73387408e-02+0.26385219j,
            9.34626018e-01-0.05889908j,  7.66830245e-02+0.21498175j],
          [-8.34503107e-04-0.00234977j, -3.04722668e-02+0.00777796j,
            7.66830245e-02+0.21498175j,  7.92720502e-01-0.56435937j]],
         input_dims=(2, 2), output_dims=(2, 2))"
"Operator([[ 0.7927205 -0.56435937j,  0.04528055-0.22371211j,
           -0.02111368-0.02330812j, -0.00239294+0.00070118j],
          [-0.1766395 -0.14455422j,  0.93462602-0.05889908j,
            0.12133314-0.23494016j, -0.02111368-0.02330812j],
          [-0.00735993+0.03057592j, -0.15103461-0.21704183j,
            0.93462602-0.05889908j,  0.04528055-0.22371211j],
          [ 0.00229918-0.00096519j, -0.00735993+0.03057592j,
           -0.1766395 -0.14455422j,  0.7927205 -0.56435937j]],
         input_dims=(2, 2), output_dims=(2, 2))"
"Operator([[ 0.7927205 -5.64359367e-01j,  0.02259384-2.27127619e-01j,
           -0.02534418-1.86206346e-02j, -0.00207654+1.38049822e-03j],
          [-0.1612357 -1.61556447e-01j,  0.93462602-5.88990813e-02j,
            0.09713507-2.45933708e-01j, -0.02534418-1.86206346e-02j],
          [-0.01331948+2.84894224e-02j, -0.12848328-2.31107460e-01j,
            0.93462602-5.88990813e-02j,  0.02259384-2.27127619e-01j],
          [ 0.00248212-2.38478887e-04j, -0.01331948+2.84894224e-02j,
           -0.1612357 -1.61556447e-01j,  0.7927205 -5.64359367e-01j]],
         input_dims=(2, 2), output_dims=(2, 2))"
"Operator([[ 0.7927205 -5.64359367e-01j,  0.02572187-2.26794670e-01j,
           -0.02482136-1.93120613e-02j, -0.00213183+1.29348590e-03j],
          [-0.16344689-1.59319019e-01j,  0.93462602-5.88990813e-02j,
            0.1005152 -2.44571676e-01j, -0.02482136-1.93120613e-02j],
          [-0.01252923+2.88456926e-02j, -0.13165611-2.29314808e-01j,
            0.93462602-5.88990813e-02j,  0.02572187-2.26794670e-01j],
          [ 0.00247015-3.40871941e-04j, -0.01252923+2.88456926e-02j,
           -0.16344689-1.59319019e-01j,  0.7927205 -5.64359367e-01j]],
         input_dims=(2, 2), output_dims=(2, 2))"
"Operator([[ 0.7927205 -5.64359367e-01j,  0.06002883-2.20213480e-01j,
           -0.01784049-2.58992798e-02j, -0.00248439+2.13635515e-04j],
          [-0.1858443 -1.32511639e-01j,  0.93462602-5.88990813e-02j,
            0.13665894-2.26369049e-01j, -0.01784049-2.58992798e-02j],
          [-0.00324529+3.12813642e-02j, -0.16510698-2.06538852e-01j,
            0.93462602-5.88990813e-02j,  0.06002883-2.20213480e-01j],
          [ 0.00206263-1.40120311e-03j, -0.00324529+3.12813642e-02j,
           -0.1858443 -1.32511639e-01j,  0.7927205 -5.64359367e-01j]],
         input_dims=(2, 2), output_dims=(2, 2))"
"Operator([[ 7.92720502e-01-0.56435937j,  1.02518393e-01-0.20392993j,
           -6.36571074e-03-0.03079827j, -2.17222467e-03-0.00122444j],
          [-2.08436818e-01-0.0930136j ,  9.34626018e-01-0.05889908j,
            1.78846784e-01-0.19476252j, -6.36571074e-03-0.03079827j],
          [ 9.17368518e-03+0.03008154j, -2.02795919e-01-0.16968331j,
            9.34626018e-01-0.05889908j,  1.02518393e-01-0.20392993j],
          [ 9.13351598e-04-0.00232026j,  9.17368518e-03+0.03008154j,
           -2.08436818e-01-0.0930136j ,  7.92720502e-01-0.56435937j]],
         input_dims=(2, 2), output_dims=(2, 2))"
"Operator([[ 7.92720502e-01-0.56435937j,  1.37974943e-01-0.18182506j,
            5.09760693e-03-0.03103337j, -1.21200049e-03-0.00217919j],
          [-2.21899833e-01-0.05345934j,  9.34626018e-01-0.05889908j,
            2.11353325e-01-0.1588974j ,  5.09760693e-03-0.03103337j],
          [ 1.93473477e-02+0.02479387j, -2.30329519e-01-0.12987272j,
            9.34626018e-01-0.05889908j,  1.37974943e-01-0.18182506j],
          [-4.33974746e-04-0.0024555j ,  1.93473477e-02+0.02479387j,
           -2.21899833e-01-0.05345934j,  7.92720502e-01-0.56435937j]],
         input_dims=(2, 2), output_dims=(2, 2))"
"Operator([[ 7.92720502e-01-0.56435937j,  1.80302000e-01-0.13995937j,
            1.99204408e-02-0.02433581j,  6.82294042e-04-0.00239839j],
          [-2.28176367e-01+0.00574303j,  9.34626018e-01-0.05889908j,
            2.45255173e-01-0.09883578j,  1.99204408e-02-0.02433581j],
          [ 2.91469387e-02+0.0118115j , -2.56080010e-01-0.06589112j,
            9.34626018e-01-0.05889908j,  1.80302000e-01-0.13995937j],
          [-2.04220560e-03-0.00143081j,  2.91469387e-02+0.0118115j ,
           -2.28176367e-01+0.00574303j,  7.92720502e-01-0.56435937j]],
         input_dims=(2, 2), output_dims=(2, 2))"
"Operator([[ 7.92720502e-01-0.56435937j,  2.28247085e-01-0.00083979j,
            2.86126588e-02+0.01305264j,  1.94580776e-03+0.00155937j],
          [-1.77253641e-01+0.1438005j ,  9.34626018e-01-0.05889908j,
            2.54605371e-01+0.07137728j,  2.86126588e-02+0.01305264j],
          [ 1.88566820e-02-0.02516905j, -2.43075282e-01+0.10408179j,
            9.34626018e-01-0.05889908j,  2.28247085e-01-0.00083979j],
          [-5.26398387e-04+0.00243736j,  1.88566820e-02-0.02516905j,
           -1.77253641e-01+0.1438005j ,  7.92720502e-01-0.56435937j]],
         input_dims=(2, 2), output_dims=(2, 2))"
"Operator([[ 7.92720502e-01-0.56435937j,  7.66830245e-02+0.21498175j,
           -3.04722668e-02+0.00777796j, -8.34503107e-04-0.00234977j],
          [ 7.66830245e-02+0.21498175j,  9.34626018e-01-0.05889908j,
            1.73387408e-02+0.26385219j, -3.04722668e-02+0.00777796j],
          [-3.04722668e-02+0.00777796j,  1.73387408e-02+0.26385219j,
            9.34626018e-01-0.05889908j,  7.66830245e-02+0.21498175j],
          [-8.34503107e-04-0.00234977j, -3.04722668e-02+0.00777796j,
            7.66830245e-02+0.21498175j,  7.92720502e-01-0.56435937j]],
         input_dims=(2, 2), output_dims=(2, 2))"
