unitary
"Operator([[ 9.41366246e-01-3.14213578e-01j,
           -3.77564522e-02+1.16604704e-01j,
           -5.77465099e-03-6.61313145e-03j,
            3.49274604e-04-9.79951786e-05j],
          [ 7.61857349e-02+9.60101060e-02j,
            9.81660078e-01-3.43511799e-02j,
           -6.24540077e-02+1.27136532e-01j,
           -5.77465099e-03-6.61313145e-03j],
          [-3.86564899e-03+7.88269368e-03j,
            7.12787580e-02+1.22407269e-01j,
            9.81660078e-01-3.43511799e-02j,
           -3.77564522e-02+1.16604704e-01j],
          [-3.61491250e-04+3.03295281e-05j,
           -3.86564899e-03+7.88269368e-03j,
            7.61857349e-02+9.60101060e-02j,
            9.41366246e-01-3.14213578e-01j]],
         input_dims=(2, 2), output_dims=(2, 2))"
"Operator([[ 9.41366246e-01-3.14213578e-01j,
           -2.62557139e-03+1.22536986e-01j,
           -8.46253362e-03-2.33786795e-03j,
            1.48613929e-04-3.30922505e-04j],
          [ 4.53542597e-02+1.13864822e-01j,
            9.81660078e-01-3.43511799e-02j,
           -2.32506912e-02+1.39726899e-01j,
           -8.46253362e-03-2.33786795e-03j],
          [-7.56873880e-03+4.44907796e-03j,
            3.30627401e-02+1.37735457e-01j,
            9.81660078e-01-3.43511799e-02j,
           -2.62557139e-03+1.22536986e-01j],
          [-2.54951542e-04-2.58061069e-04j,
           -7.56873880e-03+4.44907796e-03j,
            4.53542597e-02+1.13864822e-01j,
            9.41366246e-01-3.14213578e-01j]],
         input_dims=(2, 2), output_dims=(2, 2))"
"Operator([[ 9.41366246e-01-0.31421358j,  2.17999268e-02+0.12061082j,
           -8.70437146e-03+0.00114631j, -6.44524569e-05-0.00035699j],
          [ 2.17999268e-02+0.12061082j,  9.81660078e-01-0.03435118j,
            5.00604995e-03+0.14155967j, -8.70437146e-03+0.00114631j],
          [-8.70437146e-03+0.00114631j,  5.00604995e-03+0.14155967j,
            9.81660078e-01-0.03435118j,  2.17999268e-02+0.12061082j],
          [-6.44524569e-05-0.00035699j, -8.70437146e-03+0.00114631j,
            2.17999268e-02+0.12061082j,  9.41366246e-01-0.31421358j]],
         input_dims=(2, 2), output_dims=(2, 2))"
"Operator([[ 9.41366246e-01-3.14213578e-01j,
            5.95248587e-02+1.07140085e-01j,
           -6.19473538e-03+6.22136281e-03j,
           -3.33089268e-04-1.43691835e-04j],
          [-1.82536138e-02+1.21198235e-01j,
            9.81660078e-01-3.43511799e-02j,
            5.03825777e-02+1.32385032e-01j,
           -6.19473538e-03+6.22136281e-03j],
          [-7.59421486e-03-4.40545144e-03j,
           -4.09052105e-02+1.35613291e-01j,
            9.81660078e-01-3.43511799e-02j,
            5.95248587e-02+1.07140085e-01j],
          [ 2.61812242e-04-2.51097898e-04j,
           -7.59421486e-03-4.40545144e-03j,
           -1.82536138e-02+1.21198235e-01j,
            9.41366246e-01-3.14213578e-01j]],
         input_dims=(2, 2), output_dims=(2, 2))"
"Operator([[ 9.41366246e-01-3.14213578e-01j,
            8.02325327e-02+9.26549910e-02j,
           -3.17604292e-03+8.18491619e-03j,
           -3.54610598e-04+7.64665157e-05j],
          [-4.27216823e-02+1.14878477e-01j,
            9.81660078e-01-3.43511799e-02j,
            7.64619673e-02+1.19238285e-01j,
           -3.17604292e-03+8.18491619e-03j],
          [-5.18680129e-03-7.08358624e-03j,
           -6.78481223e-02+1.24341599e-01j,
            9.81660078e-01-3.43511799e-02j,
            8.02325327e-02+9.26549910e-02j],
          [ 3.58962001e-04-5.23649327e-05j,
           -5.18680129e-03-7.08358624e-03j,
           -4.27216823e-02+1.14878477e-01j,
            9.41366246e-01-3.14213578e-01j]],
         input_dims=(2, 2), output_dims=(2, 2))"
"Operator([[ 9.41366246e-01-0.31421358j,  2.17999268e-02+0.12061082j,
           -8.70437146e-03+0.00114631j, -6.44524569e-05-0.00035699j],
          [ 2.17999268e-02+0.12061082j,  9.81660078e-01-0.03435118j,
            5.00604995e-03+0.14155967j, -8.70437146e-03+0.00114631j],
          [-8.70437146e-03+0.00114631j,  5.00604995e-03+0.14155967j,
            9.81660078e-01-0.03435118j,  2.17999268e-02+0.12061082j],
          [-6.44524569e-05-0.00035699j, -8.70437146e-03+0.00114631j,
            2.17999268e-02+0.12061082j,  9.41366246e-01-0.31421358j]],
         input_dims=(2, 2), output_dims=(2, 2))"
"Operator([[ 9.41366246e-01-3.14213578e-01j,
            1.04142753e-01+6.46257967e-02j,
            2.02989707e-03+8.54164034e-03j,
           -1.58836068e-04+3.26139399e-04j],
          [-7.49308622e-02+9.69926417e-02j,
            9.81660078e-01-3.43511799e-02j,
            1.08442477e-01+9.11286463e-02j,
            2.02989707e-03+8.54164034e-03j],
          [-2.50711909e-04-8.77594697e-03j,
           -1.01734372e-01+9.85612421e-02j,
            9.81660078e-01-3.43511799e-02j,
            1.04142753e-01+6.46257967e-02j],
          [ 2.62855707e-04+2.50005363e-04j,
           -2.50711909e-04-8.77594697e-03j,
           -7.49308622e-02+9.69926417e-02j,
            9.41366246e-01-3.14213578e-01j]],
         input_dims=(2, 2), output_dims=(2, 2))"
"Operator([[ 9.41366246e-01-0.31421358j,  2.17999268e-02+0.12061082j,
           -8.70437146e-03+0.00114631j, -6.44524569e-05-0.00035699j],
          [ 2.17999268e-02+0.12061082j,  9.81660078e-01-0.03435118j,
            5.00604995e-03+0.14155967j, -8.70437146e-03+0.00114631j],
          [-8.70437146e-03+0.00114631j,  5.00604995e-03+0.14155967j,
            9.81660078e-01-0.03435118j,  2.17999268e-02+0.12061082j],
          [-6.44524569e-05-0.00035699j, -8.70437146e-03+0.00114631j,
            2.17999268e-02+0.12061082j,  9.41366246e-01-0.31421358j]],
         input_dims=(2, 2), output_dims=(2, 2))"
"Operator([[ 9.41366246e-01-0.31421358j,  2.17999268e-02+0.12061082j,
           -8.70437146e-03+0.00114631j, -6.44524569e-05-0.00035699j],
          [ 2.17999268e-02+0.12061082j,  9.81660078e-01-0.03435118j,
            5.00604995e-03+0.14155967j, -8.70437146e-03+0.00114631j],
          [-8.70437146e-03+0.00114631j,  5.00604995e-03+0.14155967j,
            9.81660078e-01-0.03435118j,  2.17999268e-02+0.12061082j],
          [-6.44524569e-05-0.00035699j, -8.70437146e-03+0.00114631j,
            2.17999268e-02+0.12061082j,  9.41366246e-01-0.31421358j]],
         input_dims=(2, 2), output_dims=(2, 2))"
"Operator([[ 9.41366246e-01-3.14213578e-01j,
            1.20875360e-01+2.02818651e-02j,
            7.44233448e-03+4.65744127e-03j,
            2.37624727e-04+2.74099057e-04j],
          [-1.06127637e-01+6.13117555e-02j,
            9.81660078e-01-3.43511799e-02j,
            1.34908839e-01+4.31718222e-02j,
            7.44233448e-03+4.65744127e-03j],
          [ 5.98279410e-03-6.42543979e-03j,
           -1.31522229e-01+5.25937658e-02j,
            9.81660078e-01-3.43511799e-02j,
            1.20875360e-01+2.02818651e-02j],
          [-1.26772710e-04+3.39888929e-04j,
            5.98279410e-03-6.42543979e-03j,
           -1.06127637e-01+6.13117555e-02j,
            9.41366246e-01-3.14213578e-01j]],
         input_dims=(2, 2), output_dims=(2, 2))"
"Operator([[ 9.41366246e-01-3.14213578e-01j,
            1.19997585e-01-2.49556842e-02j,
            8.63228917e-03-1.60115130e-03j,
            3.50818539e-04-9.23155287e-05j],
          [-1.21141077e-01+1.86291717e-02j,
            9.81660078e-01-3.43511799e-02j,
            1.41379683e-01-8.71700907e-03j,
            8.63228917e-03-1.60115130e-03j],
          [ 8.75250441e-03-6.88308285e-04j,
           -1.41642270e-01+1.29164681e-03j,
            9.81660078e-01-3.43511799e-02j,
            1.19997585e-01-2.49556842e-02j],
          [-3.60951593e-04+3.61904946e-05j,
            8.75250441e-03-6.88308285e-04j,
           -1.21141077e-01+1.86291717e-02j,
            9.41366246e-01-3.14213578e-01j]],
         input_dims=(2, 2), output_dims=(2, 2))"
"Operator([[ 9.41366246e-01-3.14213578e-01j,
            7.36739828e-02-9.79507576e-02j,
           -4.76928728e-04-8.76656379e-03j,
           -2.72327829e-04-2.39652577e-04j],
          [-1.03300792e-01-6.59632697e-02j,
            9.81660078e-01-3.43511799e-02j,
            1.00455039e-01-9.98648395e-02j,
           -4.76928728e-04-8.76656379e-03j],
          [ 1.80896382e-03+8.59114379e-03j,
           -1.07258423e-01-9.25193579e-02j,
            9.81660078e-01-3.43511799e-02j,
            7.36739828e-02-9.79507576e-02j],
          [ 1.71330438e-04-3.19752538e-04j,
            1.80896382e-03+8.59114379e-03j,
           -1.03300792e-01-6.59632697e-02j,
            9.41366246e-01-3.14213578e-01j]],
         input_dims=(2, 2), output_dims=(2, 2))"
"Operator([[ 9.41366246e-01-3.14213578e-01j,
            4.62002277e-02-1.13524207e-01j,
           -4.74595266e-03-7.38620573e-03j,
           -3.62242622e-04+1.93929582e-05j],
          [-8.30169158e-02-9.01687216e-02j,
            9.81660078e-01-3.43511799e-02j,
            7.16031918e-02-1.22217772e-01j,
           -4.74595266e-03-7.38620573e-03j],
          [-2.67187788e-03+8.36308378e-03j,
           -8.00576321e-02-1.16854510e-01j,
            9.81660078e-01-3.43511799e-02j,
            4.62002277e-02-1.13524207e-01j],
          [ 3.46154130e-04-1.08504021e-04j,
           -2.67187788e-03+8.36308378e-03j,
           -8.30169158e-02-9.01687216e-02j,
            9.41366246e-01-3.14213578e-01j]],
         input_dims=(2, 2), output_dims=(2, 2))"
"Operator([[ 9.41366246e-01-3.14213578e-01j,
            4.65476693e-02-1.13382191e-01j,
           -4.70062459e-03-7.41513521e-03j,
           -3.62405500e-04+1.60641690e-05j],
          [-8.32926606e-02-8.99140664e-02j,
            9.81660078e-01-3.43511799e-02j,
            7.19771377e-02-1.21997921e-01j,
           -4.70062459e-03-7.41513521e-03j],
          [-2.62060553e-03+8.37929164e-03j,
           -8.04151138e-02-1.16608792e-01j,
            9.81660078e-01-3.43511799e-02j,
            4.65476693e-02-1.13382191e-01j],
          [ 3.45142681e-04-1.11679605e-04j,
           -2.62060553e-03+8.37929164e-03j,
           -8.32926606e-02-8.99140664e-02j,
            9.41366246e-01-3.14213578e-01j]],
         input_dims=(2, 2), output_dims=(2, 2))"
