unitary
"Operator([[ 0.86995934-4.58005189e-01j, -0.16837909+6.83015781e-02j,
            0.01781173-8.16313740e-03j, -0.00099212+7.05360543e-04j],
          [ 0.17960947-2.75147356e-02j,  0.95916643-4.90174130e-02j,
           -0.20723439+3.53617222e-02j,  0.01781173-8.16313740e-03j],
          [ 0.01957984+7.24089371e-04j,  0.20979473+1.35171881e-02j,
            0.95916643-4.90174130e-02j, -0.16837909+6.83015781e-02j],
          [ 0.00121321+9.97115973e-05j,  0.01957984+7.24089371e-04j,
            0.17960947-2.75147356e-02j,  0.86995934-4.58005189e-01j]],
         input_dims=(2, 2), output_dims=(2, 2))"
"Operator([[ 8.69959337e-01-0.45800519j, -1.41480176e-01+0.11401746j,
            1.03268006e-02-0.01665087j, -8.98337066e-05+0.00121399j],
          [ 1.79902760e-01+0.02552683j,  9.59166425e-01-0.04901741j,
           -1.88192634e-01+0.09370207j,  1.03268006e-02-0.01665087j],
          [ 1.59135583e-02+0.01143036j,  1.96952347e-01+0.07352767j,
            9.59166425e-01-0.04901741j, -1.41480176e-01+0.11401746j],
          [ 6.97262138e-04+0.00099783j,  1.59135583e-02+0.01143036j,
            1.79902760e-01+0.02552683j,  8.69959337e-01-0.45800519j]],
         input_dims=(2, 2), output_dims=(2, 2))"
"Operator([[ 8.69959337e-01-0.45800519j, -1.26508224e-01+0.13043117j,
            5.98550386e-03-0.01865658j,  3.51780258e-04+0.00116537j],
          [ 1.75442826e-01+0.04729098j,  9.59166425e-01-0.04901741j,
           -1.75350775e-01+0.11596832j,  5.98550386e-03-0.01865658j],
          [ 1.26705293e-02+0.01494497j,  1.86507055e-01+0.09701373j,
            9.59166425e-01-0.04901741j, -1.26508224e-01+0.13043117j],
          [ 2.92759553e-04+0.00118158j,  1.26705293e-02+0.01494497j,
            1.75442826e-01+0.04729098j,  8.69959337e-01-0.45800519j]],
         input_dims=(2, 2), output_dims=(2, 2))"
"Operator([[ 8.69959337e-01-0.45800519j, -1.32731557e-01+0.12409253j,
            7.77832218e-03-0.01798311j,  1.77683556e-04+0.00120427j],
          [ 1.77544408e-01+0.03866012j,  9.59166425e-01-0.04901741j,
           -1.80808905e-01+0.10725989j,  7.77832218e-03-0.01798311j],
          [ 1.40690540e-02+0.01363657j,  1.91025493e-01+0.08778272j,
            9.59166425e-01-0.04901741j, -1.32731557e-01+0.12409253j],
          [ 4.62304327e-04+0.0011261j ,  1.40690540e-02+0.01363657j,
            1.77544408e-01+0.03866012j,  8.69959337e-01-0.45800519j]],
         input_dims=(2, 2), output_dims=(2, 2))"
"Operator([[ 8.69959337e-01-0.45800519j,  4.82361054e-02+0.17518533j,
           -1.92166063e-02+0.00382314j, -3.22371794e-04-0.00117384j],
          [ 4.82361054e-02+0.17518533j,  9.59166425e-01-0.04901741j,
            1.09970339e-02+0.20994192j, -1.92166063e-02+0.00382314j],
          [-1.92166063e-02+0.00382314j,  1.09970339e-02+0.20994192j,
            9.59166425e-01-0.04901741j,  4.82361054e-02+0.17518533j],
          [-3.22371794e-04-0.00117384j, -1.92166063e-02+0.00382314j,
            4.82361054e-02+0.17518533j,  8.69959337e-01-0.45800519j]],
         input_dims=(2, 2), output_dims=(2, 2))"
"Operator([[ 8.69959337e-01-4.58005189e-01j,
           -1.62730176e-01+8.08425123e-02j,
            1.63764730e-02-1.07566493e-02j,
           -8.07788994e-04+9.10663487e-04j],
          [ 1.81176172e-01-1.38497931e-02j,
            9.59166425e-01-4.90174130e-02j,
           -2.03965817e-01+5.09361424e-02j,
            1.63764730e-02-1.07566493e-02j],
          [ 1.92465447e-02+3.66945325e-03j,
            2.08171199e-01+2.93478636e-02j,
            9.59166425e-01-4.90174130e-02j,
           -1.62730176e-01+8.08425123e-02j],
          [ 1.15959616e-03+3.70361709e-04j,
            1.92465447e-02+3.66945325e-03j,
            1.81176172e-01-1.38497931e-02j,
            8.69959337e-01-4.58005189e-01j]],
         input_dims=(2, 2), output_dims=(2, 2))"
"Operator([[ 8.69959337e-01-0.45800519j,  4.82361054e-02+0.17518533j,
           -1.92166063e-02+0.00382314j, -3.22371794e-04-0.00117384j],
          [ 4.82361054e-02+0.17518533j,  9.59166425e-01-0.04901741j,
            1.09970339e-02+0.20994192j, -1.92166063e-02+0.00382314j],
          [-1.92166063e-02+0.00382314j,  1.09970339e-02+0.20994192j,
            9.59166425e-01-0.04901741j,  4.82361054e-02+0.17518533j],
          [-3.22371794e-04-0.00117384j, -1.92166063e-02+0.00382314j,
            4.82361054e-02+0.17518533j,  8.69959337e-01-0.45800519j]],
         input_dims=(2, 2), output_dims=(2, 2))"
"Operator([[ 8.69959337e-01-0.45800519j,  4.82361054e-02+0.17518533j,
           -1.92166063e-02+0.00382314j, -3.22371794e-04-0.00117384j],
          [ 4.82361054e-02+0.17518533j,  9.59166425e-01-0.04901741j,
            1.09970339e-02+0.20994192j, -1.92166063e-02+0.00382314j],
          [-1.92166063e-02+0.00382314j,  1.09970339e-02+0.20994192j,
            9.59166425e-01-0.04901741j,  4.82361054e-02+0.17518533j],
          [-3.22371794e-04-0.00117384j, -1.92166063e-02+0.00382314j,
            4.82361054e-02+0.17518533j,  8.69959337e-01-0.45800519j]],
         input_dims=(2, 2), output_dims=(2, 2))"
"Operator([[ 8.69959337e-01-0.45800519j,  4.82361054e-02+0.17518533j,
           -1.92166063e-02+0.00382314j, -3.22371794e-04-0.00117384j],
          [ 4.82361054e-02+0.17518533j,  9.59166425e-01-0.04901741j,
            1.09970339e-02+0.20994192j, -1.92166063e-02+0.00382314j],
          [-1.92166063e-02+0.00382314j,  1.09970339e-02+0.20994192j,
            9.59166425e-01-0.04901741j,  4.82361054e-02+0.17518533j],
          [-3.22371794e-04-0.00117384j, -1.92166063e-02+0.00382314j,
            4.82361054e-02+0.17518533j,  8.69959337e-01-0.45800519j]],
         input_dims=(2, 2), output_dims=(2, 2))"
"Operator([[ 8.69959337e-01-4.58005189e-01j,
           -1.81153959e-01+1.41373749e-02j,
            1.92580975e-02+3.60833089e-03j,
           -1.16134674e-03-3.64835297e-04j],
          [ 1.62858301e-01-8.05840925e-02j,
            9.59166425e-01-4.90174130e-02j,
           -2.08217523e-01-2.90173755e-02j,
            1.92580975e-02+3.60833089e-03j],
          [ 1.64105406e-02-1.07046031e-02j,
            2.04046416e-01-5.06123028e-02j,
            9.59166425e-01-4.90174130e-02j,
           -1.81153959e-01+1.41373749e-02j],
          [ 8.12116583e-04-9.06806320e-04j,
            1.64105406e-02-1.07046031e-02j,
            1.62858301e-01-8.05840925e-02j,
            8.69959337e-01-4.58005189e-01j]],
         input_dims=(2, 2), output_dims=(2, 2))"
"Operator([[ 8.69959337e-01-0.45800519j, -1.45877700e-01+0.10833429j,
            1.16102063e-02-0.01578282j, -2.32901997e-04+0.00119482j],
          [ 1.80771390e-01+0.01839366j,  9.59166425e-01-0.04901741j,
           -1.91750375e-01+0.08618781j,  1.16102063e-02-0.01578282j],
          [ 1.67669887e-02+0.01013718j,  1.99705559e-01+0.06568283j,
            9.59166425e-01-0.04901741j, -1.45877700e-01+0.10833429j],
          [ 8.10473027e-04+0.00090828j,  1.67669887e-02+0.01013718j,
            1.80771390e-01+0.01839366j,  8.69959337e-01-0.45800519j]],
         input_dims=(2, 2), output_dims=(2, 2))"
"Operator([[ 8.69959337e-01-4.58005189e-01j,
            1.81001706e-01-1.59688547e-02j,
            1.93271436e-02+3.21805728e-03j,
            1.17188056e-03+3.29434357e-04j],
          [-1.63665003e-01+7.89328112e-02j,
            9.59166425e-01-4.90174130e-02j,
            2.08500357e-01+2.69099657e-02j,
            1.93271436e-02+3.21805728e-03j],
          [ 1.66237063e-02-1.03704754e-02j,
           -2.04547875e-01+4.85459753e-02j,
            9.59166425e-01-4.90174130e-02j,
            1.81001706e-01-1.59688547e-02j],
          [-8.39253504e-04+8.81750873e-04j,
            1.66237063e-02-1.03704754e-02j,
           -1.63665003e-01+7.89328112e-02j,
            8.69959337e-01-4.58005189e-01j]],
         input_dims=(2, 2), output_dims=(2, 2))"
"Operator([[ 8.69959337e-01-4.58005189e-01j,
            1.63920600e-01-7.84006308e-02j,
            1.66907443e-02-1.02622329e-02j,
            8.47808202e-04-8.73528647e-04j],
          [-1.80948867e-01+1.65568629e-02j,
            9.59166425e-01-4.90174130e-02j,
            2.04704526e-01-4.78811227e-02j,
            1.66907443e-02-1.02622329e-02j],
          [ 1.93476470e-02+3.09239839e-03j,
           -2.08586689e-01-2.62323853e-02j,
            9.59166425e-01-4.90174130e-02j,
            1.63920600e-01-7.84006308e-02j],
          [-1.17503594e-03-3.17996200e-04j,
            1.93476470e-02+3.09239839e-03j,
           -1.80948867e-01+1.65568629e-02j,
            8.69959337e-01-4.58005189e-01j]],
         input_dims=(2, 2), output_dims=(2, 2))"
"Operator([[ 8.69959337e-01-0.45800519j,  4.82361054e-02+0.17518533j,
           -1.92166063e-02+0.00382314j, -3.22371794e-04-0.00117384j],
          [ 4.82361054e-02+0.17518533j,  9.59166425e-01-0.04901741j,
            1.09970339e-02+0.20994192j, -1.92166063e-02+0.00382314j],
          [-1.92166063e-02+0.00382314j,  1.09970339e-02+0.20994192j,
            9.59166425e-01-0.04901741j,  4.82361054e-02+0.17518533j],
          [-3.22371794e-04-0.00117384j, -1.92166063e-02+0.00382314j,
            4.82361054e-02+0.17518533j,  8.69959337e-01-0.45800519j]],
         input_dims=(2, 2), output_dims=(2, 2))"
