unitary
"Operator([[-0.85349209-0.31064606j,  0.04659079+0.09117976j,
            0.12040782+0.164826j  ,  0.30217931+0.1777297j ],
          [-0.04091146+0.09386534j, -0.91963096-0.31877734j,
            0.01950614-0.0113711j ,  0.12040782+0.164826j  ],
          [-0.18512265+0.08599569j,  0.02116577+0.00786142j,
           -0.91963096-0.31877734j,  0.04659079+0.09117976j],
          [-0.35028618-0.01413428j, -0.18512265+0.08599569j,
           -0.04091146+0.09386534j, -0.85349209-0.31064606j]],
         input_dims=(2, 2), output_dims=(2, 2))"
"Operator([[-0.85349209-0.31064606j, -0.00314115-0.10234541j,
           -0.05099566+0.19764892j,  0.09890154-0.33633119j],
          [-0.00314115-0.10234541j, -0.91963096-0.31877734j,
           -0.02249497+0.00194115j, -0.05099566+0.19764892j],
          [-0.05099566+0.19764892j, -0.02249497+0.00194115j,
           -0.91963096-0.31877734j, -0.00314115-0.10234541j],
          [ 0.09890154-0.33633119j, -0.05099566+0.19764892j,
           -0.00314115-0.10234541j, -0.85349209-0.31064606j]],
         input_dims=(2, 2), output_dims=(2, 2))"
"Operator([[-0.85349209-0.31064606j, -0.00314115-0.10234541j,
           -0.05099566+0.19764892j,  0.09890154-0.33633119j],
          [-0.00314115-0.10234541j, -0.91963096-0.31877734j,
           -0.02249497+0.00194115j, -0.05099566+0.19764892j],
          [-0.05099566+0.19764892j, -0.02249497+0.00194115j,
           -0.91963096-0.31877734j, -0.00314115-0.10234541j],
          [ 0.09890154-0.33633119j, -0.05099566+0.19764892j,
           -0.00314115-0.10234541j, -0.85349209-0.31064606j]],
         input_dims=(2, 2), output_dims=(2, 2))"
"Operator([[-0.85349209-0.31064606j, -0.00314115-0.10234541j,
           -0.05099566+0.19764892j,  0.09890154-0.33633119j],
          [-0.00314115-0.10234541j, -0.91963096-0.31877734j,
           -0.02249497+0.00194115j, -0.05099566+0.19764892j],
          [-0.05099566+0.19764892j, -0.02249497+0.00194115j,
           -0.91963096-0.31877734j, -0.00314115-0.10234541j],
          [ 0.09890154-0.33633119j, -0.05099566+0.19764892j,
           -0.00314115-0.10234541j, -0.85349209-0.31064606j]],
         input_dims=(2, 2), output_dims=(2, 2))"
