unitary
"Operator([[ 9.87115582e-01-1.49262703e-01j,
           -1.84073670e-02-5.45980499e-02j,
           -1.64361210e-03+9.95861174e-04j,
            2.67677722e-05+2.55438357e-05j],
          [ 9.09188267e-03-5.68956578e-02j,
            9.95979600e-01-1.65272526e-02j,
           -1.70071192e-02-6.43333020e-02j,
           -1.64361210e-03+9.95861174e-04j],
          [-1.75276255e-03-7.88050550e-04j,
            1.48584331e-02-6.48632624e-02j,
            9.95979600e-01-1.65272526e-02j,
           -1.84073670e-02-5.45980499e-02j],
          [-2.21589411e-05+2.96307695e-05j,
           -1.75276255e-03-7.88050550e-04j,
            9.09188267e-03-5.68956578e-02j,
            9.87115582e-01-1.49262703e-01j]],
         input_dims=(2, 2), output_dims=(2, 2))"
"Operator([[ 9.87115582e-01-1.49262703e-01j,
           -2.62920322e-02-5.12689697e-02j,
           -1.27969605e-03+1.43372879e-03j,
            3.51683857e-05+1.14972091e-05j],
          [ 1.74196710e-02-5.49211550e-02j,
            9.95979600e-01-1.65272526e-02j,
           -2.63493395e-02-6.11042401e-02j,
           -1.27969605e-03+1.43372879e-03j],
          [-1.44494403e-03-1.26701893e-03j,
            2.43028631e-02-6.19466439e-02j,
            9.95979600e-01-1.65272526e-02j,
           -2.62920322e-02-5.12689697e-02j],
          [-3.27735534e-05+1.71725179e-05j,
           -1.44494403e-03-1.26701893e-03j,
            1.74196710e-02-5.49211550e-02j,
            9.87115582e-01-1.49262703e-01j]],
         input_dims=(2, 2), output_dims=(2, 2))"
"Operator([[ 9.87115582e-01-1.49262703e-01j,
           -3.43932356e-02-4.62264378e-02j,
           -7.43202845e-04+1.77224427e-03j,
            3.63925896e-05-6.67686991e-06j],
          [ 2.62453339e-02-5.12928909e-02j,
            9.95979600e-01-1.65272526e-02j,
           -3.60730370e-02-5.59173663e-02j,
           -7.43202845e-04+1.77224427e-03j],
          [-9.53723138e-04-1.66841613e-03j,
            3.41936625e-02-5.70859815e-02j,
            9.95979600e-01-1.65272526e-02j,
           -3.43932356e-02-4.62264378e-02j],
          [-3.69959782e-05-5.46594699e-07j,
           -9.53723138e-04-1.66841613e-03j,
            2.62453339e-02-5.12928909e-02j,
            9.87115582e-01-1.49262703e-01j]],
         input_dims=(2, 2), output_dims=(2, 2))"
"Operator([[ 9.87115582e-01-1.49262703e-01j,
           -4.24776808e-02-3.89284581e-02j,
           -3.54806666e-05+1.92144251e-03j,
            2.70882226e-05-2.52037570e-05j],
          [ 3.54287508e-02-4.54376697e-02j,
            9.95979600e-01-1.65272526e-02j,
           -4.59511116e-02-4.81301484e-02j,
           -3.54806666e-05+1.92144251e-03j],
          [-2.69469829e-04-1.90278381e-03j,
            4.43252233e-02-4.96315467e-02j,
            9.95979600e-01-1.65272526e-02j,
           -4.24776808e-02-3.89284581e-02j],
          [-3.08942743e-05-2.03603778e-05j,
           -2.69469829e-04-1.90278381e-03j,
            3.54287508e-02-4.54376697e-02j,
            9.87115582e-01-1.49262703e-01j]],
         input_dims=(2, 2), output_dims=(2, 2))"
"Operator([[ 9.87115582e-01-1.49262703e-01j,
           -4.98479957e-02-2.88955971e-02j,
            7.73976720e-04+1.75902253e-03j,
            6.33119245e-06-3.64543163e-05j],
          [ 4.43617784e-02-3.67669801e-02j,
            9.95979600e-01-1.65272526e-02j,
           -5.52168713e-02-3.71364103e-02j,
            7.73976720e-04+1.75902253e-03j],
          [ 5.53750917e-04-1.84026089e-03j,
            5.39514343e-02-3.89520036e-02j,
            9.95979600e-01-1.65272526e-02j,
           -4.98479957e-02-2.88955971e-02j],
          [-1.22914374e-05-3.48987355e-05j,
            5.53750917e-04-1.84026089e-03j,
            4.43617784e-02-3.67669801e-02j,
            9.87115582e-01-1.49262703e-01j]],
         input_dims=(2, 2), output_dims=(2, 2))"
"Operator([[ 9.87115582e-01-1.49262703e-01j,
           -5.54088347e-02-1.57999762e-02j,
            1.51680743e-03+1.18004044e-03j,
           -1.99888002e-05-3.11359766e-05j],
          [ 5.20186677e-02-2.47757223e-02j,
            9.95979600e-01-1.65272526e-02j,
           -6.26333493e-02-2.24739717e-02j,
            1.51680743e-03+1.18004044e-03j],
          [ 1.36162741e-03-1.35616040e-03j,
            6.18513819e-02-2.45442946e-02j,
            9.95979600e-01-1.65272526e-02j,
           -5.54088347e-02-1.57999762e-02j],
          [ 1.45461458e-05-3.40207410e-05j,
            1.36162741e-03-1.35616040e-03j,
            5.20186677e-02-2.47757223e-02j,
            9.87115582e-01-1.49262703e-01j]],
         input_dims=(2, 2), output_dims=(2, 2))"
"Operator([[ 9.87115582e-01-1.49262703e-01j,
            4.79732348e-03+5.74174529e-02j,
           -1.91818285e-03+1.17365961e-04j,
           -3.07994935e-06-3.68716027e-05j],
          [ 4.79732348e-03+5.74174529e-02j,
            9.95979600e-01-1.65272526e-02j,
            1.10653851e-03+6.65341372e-02j,
           -1.91818285e-03+1.17365961e-04j],
          [-1.91818285e-03+1.17365961e-04j,
            1.10653851e-03+6.65341372e-02j,
            9.95979600e-01-1.65272526e-02j,
            4.79732348e-03+5.74174529e-02j],
          [-3.07994935e-06-3.68716027e-05j,
           -1.91818285e-03+1.17365961e-04j,
            4.79732348e-03+5.74174529e-02j,
            9.87115582e-01-1.49262703e-01j]],
         input_dims=(2, 2), output_dims=(2, 2))"
"Operator([[ 9.87115582e-01-1.49262703e-01j,
           -5.59140399e-02+1.39067736e-02j,
            1.78329702e-03-7.16276443e-04j,
           -3.12581784e-05+1.97971578e-05j],
          [ 5.74465513e-02+4.43530810e-03j,
            9.95979600e-01-1.65272526e-02j,
           -6.55031922e-02+1.17195415e-02j,
            1.78329702e-03-7.16276443e-04j],
          [ 1.85731974e-03+4.93521618e-04j,
            6.58566774e-02+9.53487718e-03j,
            9.95979600e-01-1.65272526e-02j,
           -5.59140399e-02+1.39067736e-02j],
          [ 3.41094546e-05+1.43368852e-05j,
            1.85731974e-03+4.93521618e-04j,
            5.74465513e-02+4.43530810e-03j,
            9.87115582e-01-1.49262703e-01j]],
         input_dims=(2, 2), output_dims=(2, 2))"
"Operator([[ 9.87115582e-01-1.49262703e-01j,
           -5.12191066e-02+2.63890379e-02j,
            1.27425875e-03-1.43856347e-03j,
           -1.12973019e-05+3.52331114e-05j],
          [ 5.48880809e-02+1.75236063e-02j,
            9.95979600e-01-1.65272526e-02j,
           -6.10542509e-02+2.64649635e-02j,
            1.27425875e-03-1.43856347e-03j],
          [ 1.44013671e-03+1.27248044e-03j,
            6.19005272e-02+2.44200854e-02j,
            9.95979600e-01-1.65272526e-02j,
           -5.12191066e-02+2.63890379e-02j],
          [ 1.69861195e-05+3.28705479e-05j,
            1.44013671e-03+1.27248044e-03j,
            5.48880809e-02+1.75236063e-02j,
            9.87115582e-01-1.49262703e-01j]],
         input_dims=(2, 2), output_dims=(2, 2))"
"Operator([[ 9.87115582e-01-1.49262703e-01j,
           -4.51798374e-02+3.57569644e-02j,
            6.36187163e-04-1.81341283e-03j,
            9.90328873e-06+3.56500497e-05j],
          [ 5.04871054e-02+2.77638326e-02j,
            9.95979600e-01-1.65272526e-02j,
           -5.48163404e-02+3.77251198e-02j,
            6.36187163e-04-1.81341283e-03j],
          [ 8.52524833e-04+1.72232448e-03j,
            5.60405015e-02+3.58814442e-02j,
            9.95979600e-01-1.65272526e-02j,
           -4.51798374e-02+3.57569644e-02j],
          [-3.85149223e-06+3.67990106e-05j,
            8.52524833e-04+1.72232448e-03j,
            5.04871054e-02+2.77638326e-02j,
            9.87115582e-01-1.49262703e-01j]],
         input_dims=(2, 2), output_dims=(2, 2))"
"Operator([[ 9.87115582e-01-1.49262703e-01j,
            4.79732348e-03+5.74174529e-02j,
           -1.91818285e-03+1.17365961e-04j,
           -3.07994935e-06-3.68716027e-05j],
          [ 4.79732348e-03+5.74174529e-02j,
            9.95979600e-01-1.65272526e-02j,
            1.10653851e-03+6.65341372e-02j,
           -1.91818285e-03+1.17365961e-04j],
          [-1.91818285e-03+1.17365961e-04j,
            1.10653851e-03+6.65341372e-02j,
            9.95979600e-01-1.65272526e-02j,
            4.79732348e-03+5.74174529e-02j],
          [-3.07994935e-06-3.68716027e-05j,
           -1.91818285e-03+1.17365961e-04j,
            4.79732348e-03+5.74174529e-02j,
            9.87115582e-01-1.49262703e-01j]],
         input_dims=(2, 2), output_dims=(2, 2))"
"Operator([[ 9.87115582e-01-1.49262703e-01j,
            4.79732348e-03+5.74174529e-02j,
           -1.91818285e-03+1.17365961e-04j,
           -3.07994935e-06-3.68716027e-05j],
          [ 4.79732348e-03+5.74174529e-02j,
            9.95979600e-01-1.65272526e-02j,
            1.10653851e-03+6.65341372e-02j,
           -1.91818285e-03+1.17365961e-04j],
          [-1.91818285e-03+1.17365961e-04j,
            1.10653851e-03+6.65341372e-02j,
            9.95979600e-01-1.65272526e-02j,
            4.79732348e-03+5.74174529e-02j],
          [-3.07994935e-06-3.68716027e-05j,
           -1.91818285e-03+1.17365961e-04j,
            4.79732348e-03+5.74174529e-02j,
            9.87115582e-01-1.49262703e-01j]],
         input_dims=(2, 2), output_dims=(2, 2))"
"Operator([[ 9.87115582e-01-1.49262703e-01j,
            4.79732348e-03+5.74174529e-02j,
           -1.91818285e-03+1.17365961e-04j,
           -3.07994935e-06-3.68716027e-05j],
          [ 4.79732348e-03+5.74174529e-02j,
            9.95979600e-01-1.65272526e-02j,
            1.10653851e-03+6.65341372e-02j,
           -1.91818285e-03+1.17365961e-04j],
          [-1.91818285e-03+1.17365961e-04j,
            1.10653851e-03+6.65341372e-02j,
            9.95979600e-01-1.65272526e-02j,
            4.79732348e-03+5.74174529e-02j],
          [-3.07994935e-06-3.68716027e-05j,
           -1.91818285e-03+1.17365961e-04j,
            4.79732348e-03+5.74174529e-02j,
            9.87115582e-01-1.49262703e-01j]],
         input_dims=(2, 2), output_dims=(2, 2))"
"Operator([[ 9.87115582e-01-1.49262703e-01j,
           -2.93615241e-02+4.95749847e-02j,
           -7.40869612e-04-1.77322092e-03j,
            3.62619119e-05+7.35356483e-06j],
          [ 3.71811422e-02+4.40152345e-02j,
            9.95979600e-01-1.65272526e-02j,
           -3.76522947e-02+5.48663882e-02j,
           -7.40869612e-04-1.77322092e-03j],
          [-5.19159768e-04+1.85031709e-03j,
            3.94559480e-02+5.35839902e-02j,
            9.95979600e-01-1.65272526e-02j,
           -2.93615241e-02+4.95749847e-02j],
          [-3.45393800e-05+1.32677204e-05j,
           -5.19159768e-04+1.85031709e-03j,
            3.71811422e-02+4.40152345e-02j,
            9.87115582e-01-1.49262703e-01j]],
         input_dims=(2, 2), output_dims=(2, 2))"
"Operator([[ 9.87115582e-01-1.49262703e-01j,
           -2.79330682e-02+5.03936693e-02j,
           -8.40948385e-04-1.72800637e-03j,
            3.67583800e-05+4.22169036e-06j],
          [ 3.59083484e-02+4.50596130e-02j,
            9.95979600e-01-1.65272526e-02j,
           -3.60692667e-02+5.59197983e-02j,
           -8.40948385e-04-1.72800637e-03j],
          [-6.24004358e-04+1.81764099e-03j,
            3.79088246e-02+5.46894584e-02j,
            9.95979600e-01-1.65272526e-02j,
           -2.79330682e-02+5.03936693e-02j],
          [-3.55485642e-05+1.02616157e-05j,
           -6.24004358e-04+1.81764099e-03j,
            3.59083484e-02+4.50596130e-02j,
            9.87115582e-01-1.49262703e-01j]],
         input_dims=(2, 2), output_dims=(2, 2))"
