unitary
"Operator([[ 8.86340847e-01-0.43033515j, -1.07183717e-01+0.13202202j,
            1.89618878e-03-0.01699482j,  5.54590025e-04+0.00082133j],
          [ 1.57443860e-01+0.06426191j,  9.64342661e-01-0.04628868j,
           -1.52054115e-01+0.12477802j,  1.89618878e-03-0.01699482j],
          [ 7.86182509e-03+0.01518589j,  1.63531981e-01+0.1093037j ,
            9.64342661e-01-0.04628868j, -1.07183717e-01+0.13202202j],
          [-9.26691991e-05+0.00098669j,  7.86182509e-03+0.01518589j,
            1.57443860e-01+0.06426191j,  8.86340847e-01-0.43033515j]],
         input_dims=(2, 2), output_dims=(2, 2))"
"Operator([[ 8.86340847e-01-4.30335148e-01j,
           -4.51751943e-02+1.63943174e-01j,
           -1.12110770e-02-1.29124427e-02j,
            9.57145316e-04-2.56948173e-04j],
          [ 1.18407776e-01+1.22056384e-01j,
            9.64342661e-01-4.62886825e-02j,
           -8.91797895e-02+1.75319631e-01j,
           -1.12110770e-02-1.29124427e-02j],
          [-5.83778575e-03+1.60729488e-02j,
            1.05903851e-01+1.65753982e-01j,
            9.64342661e-01-4.62886825e-02j,
           -4.51751943e-02+1.63943174e-01j],
          [-9.63099124e-04+2.33644170e-04j,
           -5.83778575e-03+1.60729488e-02j,
            1.18407776e-01+1.22056384e-01j,
            8.86340847e-01-4.30335148e-01j]],
         input_dims=(2, 2), output_dims=(2, 2))"
"Operator([[ 8.86340847e-01-4.30335148e-01j,
            2.57040831e-02+1.68099561e-01j,
           -1.70984587e-02-2.49267876e-04j,
            4.62447610e-05-9.89955021e-04j],
          [ 5.82487009e-02+1.59766239e-01j,
            9.64342661e-01-4.62886825e-02j,
           -9.81970524e-03+1.96452491e-01j,
           -1.70984587e-02-2.49267876e-04j],
          [-1.58729618e-02+6.36148637e-03j,
            2.89919296e-02+1.94549418e-01j,
            9.64342661e-01-4.62886825e-02j,
            2.57040831e-02+1.68099561e-01j],
          [-5.15419637e-04-8.46458574e-04j,
           -1.58729618e-02+6.36148637e-03j,
            5.82487009e-02+1.59766239e-01j,
            8.86340847e-01-4.30335148e-01j]],
         input_dims=(2, 2), output_dims=(2, 2))"
"Operator([[ 8.86340847e-01-4.30335148e-01j,
            8.82628455e-02+1.45354162e-01j,
           -1.22361010e-02+1.19455957e-02j,
           -8.98517083e-04-4.18110718e-04j],
          [-7.54295190e-03+1.69886039e-01j,
            9.64342661e-01-4.62886825e-02j,
            6.63443786e-02+1.85171357e-01j,
           -1.22361010e-02+1.19455957e-02j],
          [-1.57048296e-02-6.76592584e-03j,
           -4.79104466e-02+1.90773680e-01j,
            9.64342661e-01-4.62886825e-02j,
            8.82628455e-02+1.45354162e-01j],
          [ 5.87856679e-04-7.97855906e-04j,
           -1.57048296e-02-6.76592584e-03j,
           -7.54295190e-03+1.69886039e-01j,
            8.86340847e-01-4.30335148e-01j]],
         input_dims=(2, 2), output_dims=(2, 2))"
"Operator([[ 8.86340847e-01-4.30335148e-01j,
            1.30091916e-01+1.09518290e-01j,
           -2.50031334e-03+1.69164966e-02j,
           -8.49777937e-04+5.09928405e-04j],
          [-6.14473241e-02+1.58563516e-01j,
            9.64342661e-01-4.62886825e-02j,
            1.22049834e-01+1.54252540e-01j,
           -2.50031334e-03+1.69164966e-02j],
          [-8.39773297e-03-1.48962245e-02j,
           -1.06373528e-01+1.65452956e-01j,
            9.64342661e-01-4.62886825e-02j,
            1.30091916e-01+1.09518290e-01j],
          [ 9.90233685e-04+3.98342891e-05j,
           -8.39773297e-03-1.48962245e-02j,
           -6.14473241e-02+1.58563516e-01j,
            8.86340847e-01-4.30335148e-01j]],
         input_dims=(2, 2), output_dims=(2, 2))"
"Operator([[ 8.86340847e-01-0.43033515j,  4.21826807e-02+0.16473853j,
           -1.68138086e-02+0.00311693j, -2.45314235e-04-0.00096019j],
          [ 4.21826807e-02+0.16473853j,  9.64342661e-01-0.04628868j,
            9.63322217e-03+0.19646172j, -1.68138086e-02+0.00311693j],
          [-1.68138086e-02+0.00311693j,  9.63322217e-03+0.19646172j,
            9.64342661e-01-0.04628868j,  4.21826807e-02+0.16473853j],
          [-2.45314235e-04-0.00096019j, -1.68138086e-02+0.00311693j,
            4.21826807e-02+0.16473853j,  8.86340847e-01-0.43033515j]],
         input_dims=(2, 2), output_dims=(2, 2))"
"Operator([[ 8.86340847e-01-0.43033515j,  1.64391764e-01+0.04351448j,
            1.14700058e-02+0.012683j  ,  2.85872459e-04+0.00094891j],
          [-1.23247916e-01+0.11716703j,  9.64342661e-01-0.04628868j,
            1.76212776e-01+0.08740175j,  1.14700058e-02+0.012683j  ],
          [ 6.16175238e-03-0.01595156j, -1.66816792e-01+0.10422172j,
            9.64342661e-01-0.04628868j,  1.64391764e-01+0.04351448j],
          [ 2.04313333e-04+0.00096975j,  6.16175238e-03-0.01595156j,
           -1.23247916e-01+0.11716703j,  8.86340847e-01-0.43033515j]],
         input_dims=(2, 2), output_dims=(2, 2))"
"Operator([[ 8.86340847e-01-0.43033515j,  4.21826807e-02+0.16473853j,
           -1.68138086e-02+0.00311693j, -2.45314235e-04-0.00096019j],
          [ 4.21826807e-02+0.16473853j,  9.64342661e-01-0.04628868j,
            9.63322217e-03+0.19646172j, -1.68138086e-02+0.00311693j],
          [-1.68138086e-02+0.00311693j,  9.63322217e-03+0.19646172j,
            9.64342661e-01-0.04628868j,  4.21826807e-02+0.16473853j],
          [-2.45314235e-04-0.00096019j, -1.68138086e-02+0.00311693j,
            4.21826807e-02+0.16473853j,  8.86340847e-01-0.43033515j]],
         input_dims=(2, 2), output_dims=(2, 2))"
"Operator([[ 8.86340847e-01-0.43033515j,  4.21826807e-02+0.16473853j,
           -1.68138086e-02+0.00311693j, -2.45314235e-04-0.00096019j],
          [ 4.21826807e-02+0.16473853j,  9.64342661e-01-0.04628868j,
            9.63322217e-03+0.19646172j, -1.68138086e-02+0.00311693j],
          [-1.68138086e-02+0.00311693j,  9.63322217e-03+0.19646172j,
            9.64342661e-01-0.04628868j,  4.21826807e-02+0.16473853j],
          [-2.45314235e-04-0.00096019j, -1.68138086e-02+0.00311693j,
            4.21826807e-02+0.16473853j,  8.86340847e-01-0.43033515j]],
         input_dims=(2, 2), output_dims=(2, 2))"
"Operator([[ 8.86340847e-01-0.43033515j,  4.21826807e-02+0.16473853j,
           -1.68138086e-02+0.00311693j, -2.45314235e-04-0.00096019j],
          [ 4.21826807e-02+0.16473853j,  9.64342661e-01-0.04628868j,
            9.63322217e-03+0.19646172j, -1.68138086e-02+0.00311693j],
          [-1.68138086e-02+0.00311693j,  9.63322217e-03+0.19646172j,
            9.64342661e-01-0.04628868j,  4.21826807e-02+0.16473853j],
          [-2.45314235e-04-0.00096019j, -1.68138086e-02+0.00311693j,
            4.21826807e-02+0.16473853j,  8.86340847e-01-0.43033515j]],
         input_dims=(2, 2), output_dims=(2, 2))"
"Operator([[ 8.86340847e-01-4.30335148e-01j,
           -1.58287792e-01+6.21541410e-02j,
            1.55415073e-02-7.13309003e-03j,
           -8.06225241e-04+5.76324892e-04j],
          [ 1.68680032e-01-2.15687086e-02j,
            9.64342661e-01-4.62886825e-02j,
           -1.93778873e-01+3.37602794e-02j,
            1.55415073e-02-7.13309003e-03j],
          [ 1.70656027e-02+1.08840715e-03j,
            1.96152140e-01+1.46405649e-02j,
            9.64342661e-01-4.62886825e-02j,
           -1.58287792e-01+6.21541410e-02j],
          [ 9.83865931e-04+1.18984669e-04j,
            1.70656027e-02+1.08840715e-03j,
            1.68680032e-01-2.15687086e-02j,
            8.86340847e-01-4.30335148e-01j]],
         input_dims=(2, 2), output_dims=(2, 2))"
"Operator([[ 8.86340847e-01-4.30335148e-01j,
           -1.35887409e-01-1.02238810e-01j,
           -6.37586598e-04+1.70883852e-02j,
            7.55012342e-04-6.41954737e-04j],
          [ 7.00281641e-02-1.54965217e-01j,
            9.64342661e-01-4.62886825e-02j,
           -1.30304161e-01-1.47345966e-01j,
           -6.37586598e-04+1.70883852e-02j],
          [-6.72039154e-03-1.57243684e-02j,
            1.15263942e-01-1.59387050e-01j,
            9.64342661e-01-4.62886825e-02j,
           -1.35887409e-01-1.02238810e-01j],
          [-9.70408970e-04-2.01136649e-04j,
           -6.72039154e-03-1.57243684e-02j,
            7.00281641e-02-1.54965217e-01j,
            8.86340847e-01-4.30335148e-01j]],
         input_dims=(2, 2), output_dims=(2, 2))"
"Operator([[ 8.86340847e-01-4.30335148e-01j,
           -5.90759988e-02-1.59462186e-01j,
           -1.58061657e-02+6.52568383e-03j,
            5.28518630e-04+8.38342161e-04j],
          [-2.48324654e-02-1.68230529e-01j,
            9.64342661e-01-4.62886825e-02j,
           -2.99999042e-02-1.94396537e-01j,
           -1.58061657e-02+6.52568383e-03j],
          [-1.70949561e-02-4.26497251e-04j,
            1.08378011e-02-1.96398956e-01j,
            9.64342661e-01-4.62886825e-02j,
           -5.90759988e-02-1.59462186e-01j],
          [-6.16316491e-05+9.89116303e-04j,
           -1.70949561e-02-4.26497251e-04j,
           -2.48324654e-02-1.68230529e-01j,
            8.86340847e-01-4.30335148e-01j]],
         input_dims=(2, 2), output_dims=(2, 2))"
"Operator([[ 8.86340847e-01-4.30335148e-01j,
            3.50563263e-02-1.66400770e-01j,
           -1.27047357e-02-1.14459213e-02j,
           -8.94091561e-04+4.27492457e-04j],
          [-1.10715301e-01-1.29074724e-01j,
            9.64342661e-01-4.62886825e-02j,
            7.82821235e-02-1.80449209e-01j,
           -1.27047357e-02-1.14459213e-02j],
          [-7.75785542e-03+1.52392619e-02j,
           -9.55602980e-02-1.71925093e-01j,
            9.64342661e-01-4.62886825e-02j,
            3.50563263e-02-1.66400770e-01j],
          [ 9.89575628e-04-5.37549713e-05j,
           -7.75785542e-03+1.52392619e-02j,
           -1.10715301e-01-1.29074724e-01j,
            8.86340847e-01-4.30335148e-01j]],
         input_dims=(2, 2), output_dims=(2, 2))"
"Operator([[ 8.86340847e-01-0.43033515j,  1.04242577e-01-0.13435642j,
            1.14404105e-03-0.01706196j, -6.07742317e-04-0.00078281j],
          [-1.55986592e-01-0.06772256j,  9.64342661e-01-0.04628868j,
            1.49261982e-01-0.12810491j,  1.14404105e-03-0.01706196j],
          [ 7.18372274e-03+0.01551817j, -1.61078718e-01-0.1128878j ,
            9.64342661e-01-0.04628868j,  1.04242577e-01-0.13435642j],
          [ 1.57781146e-04-0.00097839j,  7.18372274e-03+0.01551817j,
           -1.55986592e-01-0.06772256j,  8.86340847e-01-0.43033515j]],
         input_dims=(2, 2), output_dims=(2, 2))"
