unitary
"Operator([[ 9.32123565e-01-0.3371526j ,  2.52288575e-02+0.1293585j ,
           -1.00705999e-02+0.00142954j, -8.65582110e-05-0.0004444j ],
          [ 2.52288575e-02+0.1293585j ,  9.78758589e-01-0.03676126j,
            5.78816283e-03+0.15222731j, -1.00705999e-02+0.00142954j],
          [-1.00705999e-02+0.00142954j,  5.78816283e-03+0.15222731j,
            9.78758589e-01-0.03676126j,  2.52288575e-02+0.1293585j ],
          [-8.65582110e-05-0.0004444j , -1.00705999e-02+0.00142954j,
            2.52288575e-02+0.1293585j ,  9.32123565e-01-0.3371526j ]],
         input_dims=(2, 2), output_dims=(2, 2))"
"Operator([[ 9.32123565e-01-0.3371526j ,  1.91615051e-02+0.13039537j,
           -1.01600386e-02+0.00048393j, -2.36432489e-05-0.00045213j],
          [ 3.12411806e-02+0.12803946j,  9.78758589e-01-0.03676126j,
           -1.32574838e-03+0.15233155j, -1.01600386e-02+0.00048393j],
          [-9.89334476e-03+0.00236269j,  1.28894488e-02+0.15179104j,
            9.78758589e-01-0.03676126j,  1.91615051e-02+0.13039537j],
          [-1.47776428e-04-0.00042795j, -9.89334476e-03+0.00236269j,
            3.12411806e-02+0.12803946j,  9.32123565e-01-0.3371526j ]],
         input_dims=(2, 2), output_dims=(2, 2))"
"Operator([[ 9.32123565e-01-3.37152602e-01j,
            5.72058283e-02+1.18733353e-01j,
           -8.07427372e-03+6.18600634e-03j,
           -3.71270477e-04-2.59111370e-04j],
          [-8.39723055e-03+1.31527953e-01j,
            9.78758589e-01-3.67612587e-02j,
            4.41993795e-02+1.45784336e-01j,
           -8.07427372e-03+6.18600634e-03j],
          [-9.47684361e-03-3.69459143e-03j,
           -3.30014047e-02+1.48719753e-01j,
            9.78758589e-01-3.67612587e-02j,
            5.72058283e-02+1.18733353e-01j],
          [ 2.46881094e-04-3.79513102e-04j,
           -9.47684361e-03-3.69459143e-03j,
           -8.39723055e-03+1.31527953e-01j,
            9.32123565e-01-3.37152602e-01j]],
         input_dims=(2, 2), output_dims=(2, 2))"
"Operator([[ 9.32123565e-01-0.3371526j ,  2.52288575e-02+0.1293585j ,
           -1.00705999e-02+0.00142954j, -8.65582110e-05-0.0004444j ],
          [ 2.52288575e-02+0.1293585j ,  9.78758589e-01-0.03676126j,
            5.78816283e-03+0.15222731j, -1.00705999e-02+0.00142954j],
          [-1.00705999e-02+0.00142954j,  5.78816283e-03+0.15222731j,
            9.78758589e-01-0.03676126j,  2.52288575e-02+0.1293585j ],
          [-8.65582110e-05-0.0004444j , -1.00705999e-02+0.00142954j,
            2.52288575e-02+0.1293585j ,  9.32123565e-01-0.3371526j ]],
         input_dims=(2, 2), output_dims=(2, 2))"
"Operator([[ 9.32123565e-01-0.3371526j ,  2.52288575e-02+0.1293585j ,
           -1.00705999e-02+0.00142954j, -8.65582110e-05-0.0004444j ],
          [ 2.52288575e-02+0.1293585j ,  9.78758589e-01-0.03676126j,
            5.78816283e-03+0.15222731j, -1.00705999e-02+0.00142954j],
          [-1.00705999e-02+0.00142954j,  5.78816283e-03+0.15222731j,
            9.78758589e-01-0.03676126j,  2.52288575e-02+0.1293585j ],
          [-8.65582110e-05-0.0004444j , -1.00705999e-02+0.00142954j,
            2.52288575e-02+0.1293585j ,  9.32123565e-01-0.3371526j ]],
         input_dims=(2, 2), output_dims=(2, 2))"
"Operator([[ 9.32123565e-01-0.3371526j ,  1.20058360e-01+0.05437009j,
            4.66192623e-03+0.0090403j , -4.08600630e-05+0.0004509j ],
          [-9.08291939e-02+0.0954996j ,  9.78758589e-01-0.03676126j,
            1.27437766e-01+0.0834642j ,  4.66192623e-03+0.0090403j ],
          [ 1.96187841e-03-0.00998056j, -1.20731828e-01+0.0929004j ,
            9.78758589e-01-0.03676126j,  1.20058360e-01+0.05437009j],
          [ 2.07102806e-04+0.0004026j ,  1.96187841e-03-0.00998056j,
           -9.08291939e-02+0.0954996j ,  9.32123565e-01-0.3371526j ]],
         input_dims=(2, 2), output_dims=(2, 2))"
"Operator([[ 9.32123565e-01-0.3371526j ,  1.24850632e-01+0.0422189j ,
            6.35151405e-03+0.00794474j,  9.30839931e-05+0.00044308j],
          [-9.98362856e-02+0.08603971j,  9.78758589e-01-0.03676126j,
            1.35073723e-01+0.07043967j,  6.35151405e-03+0.00794474j],
          [ 3.88961048e-03-0.00939848j, -1.29334775e-01+0.08049332j,
            9.78758589e-01-0.03676126j,  1.24850632e-01+0.0422189j ],
          [ 8.00137090e-05+0.00044562j,  3.88961048e-03-0.00939848j,
           -9.98362856e-02+0.08603971j,  9.32123565e-01-0.3371526j ]],
         input_dims=(2, 2), output_dims=(2, 2))"
"Operator([[ 9.32123565e-01-0.3371526j ,  1.26254251e-01+0.03781508j,
            6.89271376e-03+0.00748004j,  1.39101876e-04+0.00043085j],
          [-1.02791856e-01+0.08248606j,  9.78758589e-01-0.03676126j,
            1.37460611e-01+0.06566002j,  6.89271376e-03+0.00748004j],
          [ 4.53875224e-03-0.00910276j, -1.32077721e-01+0.07590872j,
            9.78758589e-01-0.03676126j,  1.26254251e-01+0.03781508j],
          [ 3.27712153e-05+0.00045156j,  4.53875224e-03-0.00910276j,
           -1.02791856e-01+0.08248606j,  9.32123565e-01-0.3371526j ]],
         input_dims=(2, 2), output_dims=(2, 2))"
"Operator([[ 9.32123565e-01-3.37152602e-01j,
            1.18060571e-01-5.85817163e-02j,
            7.92833279e-03-6.37197848e-03j,
            2.46013119e-04-3.80076327e-04j],
          [-1.31421491e-01-9.92509477e-03j,
            9.78758589e-01-3.67612587e-02j,
            1.45260870e-01-4.58904938e-02j,
            7.92833279e-03-6.37197848e-03j],
          [ 9.38842334e-03+3.91383159e-03j,
           -1.48326216e-01-3.47273863e-02j,
            9.78758589e-01-3.67612587e-02j,
            1.18060571e-01-5.85817163e-02j],
          [-3.70677340e-04-2.59959186e-04j,
            9.38842334e-03+3.91383159e-03j,
           -1.31421491e-01-9.92509477e-03j,
            9.32123565e-01-3.37152602e-01j]],
         input_dims=(2, 2), output_dims=(2, 2))"
"Operator([[ 9.32123565e-01-0.3371526j ,  2.52288575e-02+0.1293585j ,
           -1.00705999e-02+0.00142954j, -8.65582110e-05-0.0004444j ],
          [ 2.52288575e-02+0.1293585j ,  9.78758589e-01-0.03676126j,
            5.78816283e-03+0.15222731j, -1.00705999e-02+0.00142954j],
          [-1.00705999e-02+0.00142954j,  5.78816283e-03+0.15222731j,
            9.78758589e-01-0.03676126j,  2.52288575e-02+0.1293585j ],
          [-8.65582110e-05-0.0004444j , -1.00705999e-02+0.00142954j,
            2.52288575e-02+0.1293585j ,  9.32123565e-01-0.3371526j ]],
         input_dims=(2, 2), output_dims=(2, 2))"
"Operator([[ 9.32123565e-01-0.3371526j ,  2.52288575e-02+0.1293585j ,
           -1.00705999e-02+0.00142954j, -8.65582110e-05-0.0004444j ],
          [ 2.52288575e-02+0.1293585j ,  9.78758589e-01-0.03676126j,
            5.78816283e-03+0.15222731j, -1.00705999e-02+0.00142954j],
          [-1.00705999e-02+0.00142954j,  5.78816283e-03+0.15222731j,
            9.78758589e-01-0.03676126j,  2.52288575e-02+0.1293585j ],
          [-8.65582110e-05-0.0004444j , -1.00705999e-02+0.00142954j,
            2.52288575e-02+0.1293585j ,  9.32123565e-01-0.3371526j ]],
         input_dims=(2, 2), output_dims=(2, 2))"
"Operator([[ 9.32123565e-01-3.37152602e-01j,
            1.01066547e-01+8.45911881e-02j,
           -6.82996813e-04+1.01486002e-02j,
           -3.56147751e-04+2.79533985e-04j],
          [-6.18730955e-02+1.16369395e-01j,
            9.78758589e-01-3.67612587e-02j,
            1.00368577e-01+1.14598457e-01j,
           -6.82996813e-04+1.01486002e-02j],
          [-3.48033099e-03-9.55760780e-03j,
           -9.13765695e-02+1.21889213e-01j,
            9.78758589e-01-3.67612587e-02j,
            1.01066547e-01+8.45911881e-02j],
          [ 4.35025739e-04+1.25431556e-04j,
           -3.48033099e-03-9.55760780e-03j,
           -6.18730955e-02+1.16369395e-01j,
            9.32123565e-01-3.37152602e-01j]],
         input_dims=(2, 2), output_dims=(2, 2))"
"Operator([[ 9.32123565e-01-3.37152602e-01j,
            1.28012210e-01-3.13526712e-02j,
            9.88921469e-03-2.37991670e-03j,
            4.27564097e-04-1.48893961e-04j],
          [-1.30412008e-01+1.90479437e-02j,
            9.78758589e-01-3.67612587e-02j,
            1.51779758e-01-1.30216304e-02j,
            9.88921469e-03-2.37991670e-03j],
          [ 1.01608661e-02-4.66230886e-04j,
           -1.52330334e-01-1.45840502e-03j,
            9.78758589e-01-3.67612587e-02j,
            1.28012210e-01-3.13526712e-02j],
          [-4.52190147e-04+2.24619644e-05j,
            1.01608661e-02-4.66230886e-04j,
           -1.30412008e-01+1.90479437e-02j,
            9.32123565e-01-3.37152602e-01j]],
         input_dims=(2, 2), output_dims=(2, 2))"
