unitary
"Operator([[ 8.86340847e-01-4.30335148e-01j,
            5.17580348e-02-1.61985395e-01j,
           -1.01326161e-02-1.37749597e-02j,
           -9.81185238e-04+1.39373778e-04j],
          [-1.23239593e-01-1.17175787e-01j,
            9.64342661e-01-4.62886825e-02j,
            9.61861009e-02-1.71575762e-01j,
           -1.01326161e-02-1.37749597e-02j],
          [-4.52182474e-03+1.64915895e-02j,
           -1.12510282e-01-1.61342630e-01j,
            9.64342661e-01-4.62886825e-02j,
            5.17580348e-02-1.61985395e-01j],
          [ 9.27797306e-04-3.48341326e-04j,
           -4.52182474e-03+1.64915895e-02j,
           -1.23239593e-01-1.17175787e-01j,
            8.86340847e-01-4.30335148e-01j]],
         input_dims=(2, 2), output_dims=(2, 2))"
"Operator([[ 8.86340847e-01-0.43033515j,  4.21826807e-02+0.16473853j,
           -1.68138086e-02+0.00311693j, -2.45314235e-04-0.00096019j],
          [ 4.21826807e-02+0.16473853j,  9.64342661e-01-0.04628868j,
            9.63322217e-03+0.19646172j, -1.68138086e-02+0.00311693j],
          [-1.68138086e-02+0.00311693j,  9.63322217e-03+0.19646172j,
            9.64342661e-01-0.04628868j,  4.21826807e-02+0.16473853j],
          [-2.45314235e-04-0.00096019j, -1.68138086e-02+0.00311693j,
            4.21826807e-02+0.16473853j,  8.86340847e-01-0.43033515j]],
         input_dims=(2, 2), output_dims=(2, 2))"
"Operator([[ 8.86340847e-01-0.43033515j, -6.00487395e-02-0.15909843j,
           -1.57252829e-02+0.00671825j,  5.43788540e-04+0.00082852j],
          [-2.38046112e-02-0.16837905j,  9.64342661e-01-0.04628868j,
           -3.11865328e-02-0.1942097j , -1.57252829e-02+0.00671825j],
          [-1.70884718e-02-0.00063526j,  1.20370159e-02-0.19632911j,
            9.64342661e-01-0.04628868j, -6.00487395e-02-0.15909843j],
          [-7.97421322e-05+0.00098782j, -1.70884718e-02-0.00063526j,
           -2.38046112e-02-0.16837905j,  8.86340847e-01-0.43033515j]],
         input_dims=(2, 2), output_dims=(2, 2))"
"Operator([[ 8.86340847e-01-4.30335148e-01j,
           -1.00717390e-01-1.37018866e-01j,
           -9.95114339e-03+1.39066232e-02j,
            9.76569697e-04+1.68704318e-04j],
          [ 2.24707903e-02-1.68562232e-01j,
            9.64342661e-01-4.62886825e-02j,
           -8.23896285e-02-1.78611190e-01j,
           -9.95114339e-03+1.39066232e-02j],
          [-1.42746135e-02-9.41566963e-03j,
            6.45205206e-02-1.85814721e-01j,
            9.64342661e-01-4.62886825e-02j,
           -1.00717390e-01-1.37018866e-01j],
          [-7.75974595e-04+6.16451902e-04j,
           -1.42746135e-02-9.41566963e-03j,
            2.24707903e-02-1.68562232e-01j,
            8.86340847e-01-4.30335148e-01j]],
         input_dims=(2, 2), output_dims=(2, 2))"
"Operator([[ 8.86340847e-01-4.30335148e-01j,
           -1.23844128e-01-1.16536665e-01j,
           -4.35095352e-03+1.65374916e-02j,
            9.22279553e-04-3.62698148e-04j],
          [ 5.25953393e-02-1.61715468e-01j,
            9.64342661e-01-4.62886825e-02j,
           -1.13343449e-01-1.60758423e-01j,
           -4.35095352e-03+1.65374916e-02j],
          [-9.98955202e-03-1.38790588e-02j,
            9.70724246e-02-1.71075867e-01j,
            9.64342661e-01-4.62886825e-02j,
           -1.23844128e-01-1.16536665e-01j],
          [-9.83230056e-04+1.24129677e-04j,
           -9.98955202e-03-1.38790588e-02j,
            5.25953393e-02-1.61715468e-01j,
            8.86340847e-01-4.30335148e-01j]],
         input_dims=(2, 2), output_dims=(2, 2))"
"Operator([[ 8.86340847e-01-4.30335148e-01j,
           -1.33223861e-01-1.05686163e-01j,
           -1.51193736e-03+1.70333047e-02j,
            8.02073456e-04-5.82089075e-04j],
          [ 6.60355837e-02-1.56708213e-01j,
            9.64342661e-01-4.62886825e-02j,
           -1.26486976e-01-1.50635497e-01j,
           -1.51193736e-03+1.70333047e-02j],
          [-7.51690084e-03-1.53595451e-02j,
            1.11143248e-01-1.62287358e-01j,
            9.64342661e-01-4.62886825e-02j,
           -1.33223861e-01-1.05686163e-01j],
          [-9.82987778e-04-1.26033922e-04j,
           -7.51690084e-03-1.53595451e-02j,
            6.60355837e-02-1.56708213e-01j,
            8.86340847e-01-4.30335148e-01j]],
         input_dims=(2, 2), output_dims=(2, 2))"
"Operator([[ 8.86340847e-01-4.30335148e-01j,
           -9.97662738e-02-1.37712937e-01j,
           -1.01427601e-02+1.37674922e-02j,
            9.72854986e-04+1.88951570e-04j],
          [ 2.13031477e-02-1.68713776e-01j,
            9.64342661e-01-4.62886825e-02j,
           -8.11509719e-02-1.79177364e-01j,
           -1.01427601e-02+1.37674922e-02j],
          [-1.44036275e-02-9.21710028e-03j,
            6.32324158e-02-1.86256999e-01j,
            9.64342661e-01-4.62886825e-02j,
           -9.97662738e-02-1.37712937e-01j],
          [-7.63003306e-04+6.32436144e-04j,
           -1.44036275e-02-9.21710028e-03j,
            2.13031477e-02-1.68713776e-01j,
            8.86340847e-01-4.30335148e-01j]],
         input_dims=(2, 2), output_dims=(2, 2))"
"Operator([[ 8.86340847e-01-0.43033515j,  1.33052032e-01-0.1059024j ,
            8.85504481e-03-0.014629j  ,  5.53555819e-05-0.00098949j],
          [-1.67575514e-01-0.0289242j ,  9.64342661e-01-0.04628868j,
            1.75317185e-01-0.0891846j ,  8.85504481e-03-0.014629j  ],
          [ 1.35102766e-02+0.01048293j, -1.83201283e-01-0.07160515j,
            9.64342661e-01-0.04628868j,  1.33052032e-01-0.1059024j ],
          [-5.23189659e-04-0.00084168j,  1.35102766e-02+0.01048293j,
           -1.67575514e-01-0.0289242j ,  8.86340847e-01-0.43033515j]],
         input_dims=(2, 2), output_dims=(2, 2))"
"Operator([[ 8.86340847e-01-0.43033515j,  1.44000196e-01-0.09045499j,
            1.18685464e-02-0.01231085j,  3.76850719e-04-0.00091659j],
          [-1.69752254e-01-0.01011605j,  9.64342661e-01-0.04628868j,
            1.84144910e-01-0.06914232j,  1.18685464e-02-0.01231085j],
          [ 1.54926200e-02+0.00723866j, -1.90025885e-01-0.05079538j,
            9.64342661e-01-0.04628868j,  1.44000196e-01-0.09045499j],
          [-7.70319906e-04-0.0006235j ,  1.54926200e-02+0.00723866j,
           -1.69752254e-01-0.01011605j,  8.86340847e-01-0.43033515j]],
         input_dims=(2, 2), output_dims=(2, 2))"
"Operator([[ 8.86340847e-01-0.43033515j, -1.36422962e-01+0.10152309j,
            9.78655235e-03-0.01402294j, -1.51414055e-04+0.0009794j ],
          [ 1.68426885e-01+0.02346373j,  9.64342661e-01-0.04628868j,
           -1.78122569e-01+0.08344075j,  9.78655235e-03-0.01402294j],
          [ 1.41626514e-02+0.00958325j,  1.85431277e-01+0.0656144j ,
            9.64342661e-01-0.04628868j, -1.36422962e-01+0.10152309j],
          [ 6.02637811e-04+0.00078675j,  1.41626514e-02+0.00958325j,
            1.68426885e-01+0.02346373j,  8.86340847e-01-0.43033515j]],
         input_dims=(2, 2), output_dims=(2, 2))"
"Operator([[ 8.86340847e-01-4.30335148e-01j,
            1.06807678e-01+1.32326423e-01j,
           -8.65461444e-03+1.47484600e-02j,
           -9.90413042e-04-3.50931151e-05j],
          [-3.00668025e-02+1.67374280e-01j,
            9.64342661e-01-4.62886825e-02j,
            9.03786125e-02+1.74704649e-01j,
           -8.65461444e-03+1.47484600e-02j],
          [-1.33659841e-02-1.06662971e-02j,
           -7.28533655e-02+1.82708498e-01j,
            9.64342661e-01-4.62886825e-02j,
            1.06807678e-01+1.32326423e-01j],
          [ 8.52209467e-04-5.05854272e-04j,
           -1.33659841e-02-1.06662971e-02j,
           -3.00668025e-02+1.67374280e-01j,
            8.86340847e-01-4.30335148e-01j]],
         input_dims=(2, 2), output_dims=(2, 2))"
"Operator([[ 8.86340847e-01-0.43033515j,  4.21826807e-02+0.16473853j,
           -1.68138086e-02+0.00311693j, -2.45314235e-04-0.00096019j],
          [ 4.21826807e-02+0.16473853j,  9.64342661e-01-0.04628868j,
            9.63322217e-03+0.19646172j, -1.68138086e-02+0.00311693j],
          [-1.68138086e-02+0.00311693j,  9.63322217e-03+0.19646172j,
            9.64342661e-01-0.04628868j,  4.21826807e-02+0.16473853j],
          [-2.45314235e-04-0.00096019j, -1.68138086e-02+0.00311693j,
            4.21826807e-02+0.16473853j,  8.86340847e-01-0.43033515j]],
         input_dims=(2, 2), output_dims=(2, 2))"
"Operator([[ 8.86340847e-01-0.43033515j,  4.21826807e-02+0.16473853j,
           -1.68138086e-02+0.00311693j, -2.45314235e-04-0.00096019j],
          [ 4.21826807e-02+0.16473853j,  9.64342661e-01-0.04628868j,
            9.63322217e-03+0.19646172j, -1.68138086e-02+0.00311693j],
          [-1.68138086e-02+0.00311693j,  9.63322217e-03+0.19646172j,
            9.64342661e-01-0.04628868j,  4.21826807e-02+0.16473853j],
          [-2.45314235e-04-0.00096019j, -1.68138086e-02+0.00311693j,
            4.21826807e-02+0.16473853j,  8.86340847e-01-0.43033515j]],
         input_dims=(2, 2), output_dims=(2, 2))"
"Operator([[ 8.86340847e-01-0.43033515j,  4.21826807e-02+0.16473853j,
           -1.68138086e-02+0.00311693j, -2.45314235e-04-0.00096019j],
          [ 4.21826807e-02+0.16473853j,  9.64342661e-01-0.04628868j,
            9.63322217e-03+0.19646172j, -1.68138086e-02+0.00311693j],
          [-1.68138086e-02+0.00311693j,  9.63322217e-03+0.19646172j,
            9.64342661e-01-0.04628868j,  4.21826807e-02+0.16473853j],
          [-2.45314235e-04-0.00096019j, -1.68138086e-02+0.00311693j,
            4.21826807e-02+0.16473853j,  8.86340847e-01-0.43033515j]],
         input_dims=(2, 2), output_dims=(2, 2))"
"Operator([[ 8.86340847e-01-4.30335148e-01j,
           -9.33078773e-03+1.69797228e-01j,
           -1.55589183e-02-7.09503241e-03j,
            6.12755025e-04-7.78897169e-04j],
          [ 8.97879819e-02+1.44417037e-01j,
            9.64342661e-01-4.62886825e-02j,
           -4.99159134e-02+1.90258796e-01j,
           -1.55589183e-02-7.09503241e-03j],
          [-1.19819200e-02+1.22005335e-02j,
            6.82898530e-02+1.84462744e-01j,
            9.64342661e-01-4.62886825e-02j,
           -9.33078773e-03+1.69797228e-01j],
          [-9.11270495e-04-3.89532547e-04j,
           -1.19819200e-02+1.22005335e-02j,
            8.97879819e-02+1.44417037e-01j,
            8.86340847e-01-4.30335148e-01j]],
         input_dims=(2, 2), output_dims=(2, 2))"
