unitary
"Operator([[ 0.84980762-4.89159468e-01j,  0.18125436-7.19766603e-02j,
            0.02098068-8.58750949e-03j,  0.00129069-7.98792704e-04j],
          [-0.19109665+3.89339410e-02j,  0.95278545-5.20210443e-02j,
            0.22335479-3.25363040e-02j,  0.02098068-8.58750949e-03j],
          [ 0.02265665-7.81214091e-04j, -0.22559395-7.30375754e-03j,
            0.95278545-5.20210443e-02j,  0.18125436-7.19766603e-02j],
          [-0.00151747+3.51208512e-05j,  0.02265665-7.81214091e-04j,
           -0.19109665+3.89339410e-02j,  0.84980762-4.89159468e-01j]],
         input_dims=(2, 2), output_dims=(2, 2))"
"Operator([[ 8.49807622e-01-0.48915947j,  1.49002084e-01-0.12582592j,
            1.15732026e-02-0.01949346j,  7.10401084e-05-0.00151621j],
          [-1.93566489e-01-0.02378648j,  9.52785453e-01-0.05202104j,
            2.01450544e-01-0.10180203j,  1.15732026e-02-0.01949346j],
          [ 1.85547876e-02+0.01302513j, -2.11589100e-01-0.0785877j ,
            9.52785453e-01-0.05202104j,  1.49002084e-01-0.12582592j],
          [-8.87061121e-04-0.00123169j,  1.85547876e-02+0.01302513j,
           -1.93566489e-01-0.02378648j,  8.49807622e-01-0.48915947j]],
         input_dims=(2, 2), output_dims=(2, 2))"
"Operator([[ 8.49807622e-01-0.48915947j, -1.06538117e-01+0.16335058j,
           -1.07502108e-03-0.02264461j,  1.11802988e-03+0.00102662j],
          [ 1.78556465e-01+0.07843068j,  9.52785453e-01-0.05202104j,
           -1.63679020e-01+0.15541928j, -1.07502108e-03-0.02264461j],
          [ 8.31465294e-03+0.0210903j ,  1.80063443e-01+0.13609971j,
            9.52785453e-01-0.05202104j, -1.06538117e-01+0.16335058j],
          [-3.76499638e-04+0.00147044j,  8.31465294e-03+0.0210903j ,
            1.78556465e-01+0.07843068j,  8.49807622e-01-0.48915947j]],
         input_dims=(2, 2), output_dims=(2, 2))"
"Operator([[ 8.49807622e-01-0.48915947j,  5.56732257e-02+0.18690713j,
           -2.21650333e-02+0.00475873j, -4.32099984e-04-0.00145507j],
          [ 5.56732257e-02+0.18690713j,  9.52785453e-01-0.05202104j,
            1.26658519e-02+0.2253565j , -2.21650333e-02+0.00475873j],
          [-2.21650333e-02+0.00475873j,  1.26658519e-02+0.2253565j ,
            9.52785453e-01-0.05202104j,  5.56732257e-02+0.18690713j],
          [-4.32099984e-04-0.00145507j, -2.21650333e-02+0.00475873j,
            5.56732257e-02+0.18690713j,  8.49807622e-01-0.48915947j]],
         input_dims=(2, 2), output_dims=(2, 2))"
"Operator([[ 8.49807622e-01-0.48915947j,  5.56732257e-02+0.18690713j,
           -2.21650333e-02+0.00475873j, -4.32099984e-04-0.00145507j],
          [ 5.56732257e-02+0.18690713j,  9.52785453e-01-0.05202104j,
            1.26658519e-02+0.2253565j , -2.21650333e-02+0.00475873j],
          [-2.21650333e-02+0.00475873j,  1.26658519e-02+0.2253565j ,
            9.52785453e-01-0.05202104j,  5.56732257e-02+0.18690713j],
          [-4.32099984e-04-0.00145507j, -2.21650333e-02+0.00475873j,
            5.56732257e-02+0.18690713j,  8.49807622e-01-0.48915947j]],
         input_dims=(2, 2), output_dims=(2, 2))"
"Operator([[ 8.49807622e-01-0.48915947j,  5.56732257e-02+0.18690713j,
           -2.21650333e-02+0.00475873j, -4.32099984e-04-0.00145507j],
          [ 5.56732257e-02+0.18690713j,  9.52785453e-01-0.05202104j,
            1.26658519e-02+0.2253565j , -2.21650333e-02+0.00475873j],
          [-2.21650333e-02+0.00475873j,  1.26658519e-02+0.2253565j ,
            9.52785453e-01-0.05202104j,  5.56732257e-02+0.18690713j],
          [-4.32099984e-04-0.00145507j, -2.21650333e-02+0.00475873j,
            5.56732257e-02+0.18690713j,  8.49807622e-01-0.48915947j]],
         input_dims=(2, 2), output_dims=(2, 2))"
"Operator([[ 0.84980762-4.89159468e-01j,  0.03853626-1.91177244e-01j,
           -0.01634869-1.57052334e-02j, -0.00140143+5.83033989e-04j],
          [-0.13686432-1.38931425e-01j,  0.95278545-5.20210443e-02j,
            0.09455646-2.04951336e-01j, -0.01634869-1.57052334e-02j],
          [-0.00846142+2.10318453e-02j, -0.11692643-1.93065231e-01j,
            0.95278545-5.20210443e-02j,  0.03853626-1.91177244e-01j],
          [ 0.0014925 -2.76353831e-04j, -0.00846142+2.10318453e-02j,
           -0.13686432-1.38931425e-01j,  0.84980762-4.89159468e-01j]],
         input_dims=(2, 2), output_dims=(2, 2))"
"Operator([[ 8.49807622e-01-0.48915947j, -1.05711536e-02-0.1947358j ,
           -2.19137133e-02-0.00580718j, -6.14950514e-04+0.00138772j],
          [-9.77079612e-02-0.16878074j,  9.52785453e-01-0.05202104j,
            4.02140872e-02-0.22210088j, -2.19137133e-02-0.00580718j],
          [-1.75988729e-02+0.01429034j, -6.48479614e-02-0.21619601j,
            9.52785453e-01-0.05202104j, -1.05711536e-02-0.1947358j ],
          [ 1.27268770e-03+0.00082717j, -1.75988729e-02+0.01429034j,
           -9.77079612e-02-0.16878074j,  8.49807622e-01-0.48915947j]],
         input_dims=(2, 2), output_dims=(2, 2))"
"Operator([[ 8.49807622e-01-0.48915947j, -1.67249931e-02-0.19430403j,
           -2.22370277e-02-0.00441008j, -4.80685897e-04+0.00143975j],
          [-9.23208603e-02-0.17178661j,  9.52785453e-01-0.05202104j,
            3.31693339e-02-0.22326166j, -2.22370277e-02-0.00441008j],
          [-1.84671644e-02+0.01314907j, -5.79776438e-02-0.21813887j,
            9.52785453e-01-0.05202104j, -1.67249931e-02-0.19430403j],
          [ 1.18858059e-03+0.00094404j, -1.84671644e-02+0.01314907j,
           -9.23208603e-02-0.17178661j,  8.49807622e-01-0.48915947j]],
         input_dims=(2, 2), output_dims=(2, 2))"
"Operator([[ 8.49807622e-01-0.48915947j,  4.20961952e-03-0.19497708j,
           -2.07850465e-02-0.00905075j, -9.12041300e-04+0.00121331j],
          [-1.10211681e-01-0.1608949j ,  9.52785453e-01-0.05202104j,
            5.69217503e-02-0.21841678j, -2.07850465e-02-0.00905075j],
          [-1.52382838e-02+0.01678478j, -8.10375870e-02-0.21066296j,
            9.52785453e-01-0.05202104j,  4.20961952e-03-0.19497708j],
          [ 1.42643265e-03+0.00051887j, -1.52382838e-02+0.01678478j,
           -1.10211681e-01-0.1608949j ,  8.49807622e-01-0.48915947j]],
         input_dims=(2, 2), output_dims=(2, 2))"
"Operator([[ 0.84980762-4.89159468e-01j,  0.04305359-1.90210858e-01j,
           -0.01558659-1.64618508e-02j, -0.00143929+4.82055873e-04j],
          [-0.14011659-1.35650740e-01j,  0.95278545-5.20210443e-02j,
            0.09938432-2.02654215e-01j, -0.01558659-1.64618508e-02j],
          [-0.0074559 +2.14089619e-02j, -0.12146649-1.90241599e-01j,
            0.95278545-5.20210443e-02j,  0.04305359-1.90210858e-01j],
          [ 0.00146911-3.81629360e-04j, -0.0074559 +2.14089619e-02j,
           -0.14011659-1.35650740e-01j,  0.84980762-4.89159468e-01j]],
         input_dims=(2, 2), output_dims=(2, 2))"
"Operator([[ 8.49807622e-01-0.48915947j,  9.28257140e-02-0.17151434j,
           -4.75114420e-03-0.02216666j, -1.33405912e-03-0.00072403j],
          [-1.71546079e-01-0.09276705j,  9.52785453e-01-0.05202104j,
            1.50423777e-01-0.1682815j , -4.75114420e-03-0.02216666j],
          [ 4.76630605e-03+0.0221634j , -1.68332933e-01-0.15036621j,
            9.52785453e-01-0.05202104j,  9.28257140e-02-0.17151434j],
          [ 7.22664040e-04-0.0013348j ,  4.76630605e-03+0.0221634j ,
           -1.71546079e-01-0.09276705j,  8.49807622e-01-0.48915947j]],
         input_dims=(2, 2), output_dims=(2, 2))"
"Operator([[ 8.49807622e-01-0.48915947j,  1.51616935e-01-0.12266249j,
            1.23832013e-02-0.01898922j,  1.66562163e-04-0.00150871j],
          [-1.94024181e-01-0.01970785j,  9.52785453e-01-0.05202104j,
            2.03548228e-01-0.09754021j,  1.23832013e-02-0.01898922j],
          [ 1.90864273e-02+0.01223284j, -2.13196024e-01-0.07411768j,
            9.52785453e-01-0.05202104j,  1.51616935e-01-0.12266249j],
          [-9.63005887e-04-0.00117327j,  1.90864273e-02+0.01223284j,
           -1.94024181e-01-0.01970785j,  8.49807622e-01-0.48915947j]],
         input_dims=(2, 2), output_dims=(2, 2))"
