unitary
"Operator([[ 8.24651986e-01-0.52438853j,  6.49420862e-02+0.20010222j,
           -2.58339895e-02+0.00602429j, -5.92551551e-04-0.0018324j ],
          [ 6.49420862e-02+0.20010222j,  9.44798788e-01-0.055316j  ,
            1.47350671e-02+0.24313825j, -2.58339895e-02+0.00602429j],
          [-2.58339895e-02+0.00602429j,  1.47350671e-02+0.24313825j,
            9.44798788e-01-0.055316j  ,  6.49420862e-02+0.20010222j],
          [-5.92551551e-04-0.0018324j , -2.58339895e-02+0.00602429j,
            6.49420862e-02+0.20010222j,  8.24651986e-01-0.52438853j]],
         input_dims=(2, 2), output_dims=(2, 2))"
"Operator([[ 8.24651986e-01-0.52438853j,  6.49420862e-02+0.20010222j,
           -2.58339895e-02+0.00602429j, -5.92551551e-04-0.0018324j ],
          [ 6.49420862e-02+0.20010222j,  9.44798788e-01-0.055316j  ,
            1.47350671e-02+0.24313825j, -2.58339895e-02+0.00602429j],
          [-2.58339895e-02+0.00602429j,  1.47350671e-02+0.24313825j,
            9.44798788e-01-0.055316j  ,  6.49420862e-02+0.20010222j],
          [-5.92551551e-04-0.0018324j , -2.58339895e-02+0.00602429j,
            6.49420862e-02+0.20010222j,  8.24651986e-01-0.52438853j]],
         input_dims=(2, 2), output_dims=(2, 2))"
"Operator([[ 0.82465199-0.52438853j,  0.15708272+0.13994067j,
           -0.00741357+0.0254701j , -0.00182213+0.00062341j],
          [-0.04496702+0.20551482j,  0.94479879-0.055316j  ,
            0.13547159+0.2024371j , -0.00741357+0.0254701j ],
          [-0.0179151 -0.01956365j, -0.11003304+0.21731558j,
            0.94479879-0.055316j  ,  0.15708272+0.13994067j],
          [ 0.00184214-0.00056153j, -0.0179151 -0.01956365j,
           -0.04496702+0.20551482j,  0.82465199-0.52438853j]],
         input_dims=(2, 2), output_dims=(2, 2))"
"Operator([[ 8.24651986e-01-0.52438853j,  6.49420862e-02+0.20010222j,
           -2.58339895e-02+0.00602429j, -5.92551551e-04-0.0018324j ],
          [ 6.49420862e-02+0.20010222j,  9.44798788e-01-0.055316j  ,
            1.47350671e-02+0.24313825j, -2.58339895e-02+0.00602429j],
          [-2.58339895e-02+0.00602429j,  1.47350671e-02+0.24313825j,
            9.44798788e-01-0.055316j  ,  6.49420862e-02+0.20010222j],
          [-5.92551551e-04-0.0018324j , -2.58339895e-02+0.00602429j,
            6.49420862e-02+0.20010222j,  8.24651986e-01-0.52438853j]],
         input_dims=(2, 2), output_dims=(2, 2))"
"Operator([[ 8.24651986e-01-0.52438853j,  6.49420862e-02+0.20010222j,
           -2.58339895e-02+0.00602429j, -5.92551551e-04-0.0018324j ],
          [ 6.49420862e-02+0.20010222j,  9.44798788e-01-0.055316j  ,
            1.47350671e-02+0.24313825j, -2.58339895e-02+0.00602429j],
          [-2.58339895e-02+0.00602429j,  1.47350671e-02+0.24313825j,
            9.44798788e-01-0.055316j  ,  6.49420862e-02+0.20010222j],
          [-5.92551551e-04-0.0018324j , -2.58339895e-02+0.00602429j,
            6.49420862e-02+0.20010222j,  8.24651986e-01-0.52438853j]],
         input_dims=(2, 2), output_dims=(2, 2))"
"Operator([[ 0.82465199-5.24388532e-01j,  0.20858785-2.73766731e-02j,
            0.02627659+3.63699298e-03j,  0.0018719 +4.52520698e-04j],
          [-0.18491086+1.00331190e-01j,  0.94479879-5.53159953e-02j,
            0.24175038+2.98342603e-02j,  0.02627659+3.63699298e-03j],
          [ 0.02195745-1.48848056e-02j, -0.23637818+5.88105996e-02j,
            0.94479879-5.53159953e-02j,  0.20858785-2.73766731e-02j],
          [-0.00125251+1.46287837e-03j,  0.02195745-1.48848056e-02j,
           -0.18491086+1.00331190e-01j,  0.82465199-5.24388532e-01j]],
         input_dims=(2, 2), output_dims=(2, 2))"
"Operator([[ 8.24651986e-01-0.52438853j,  1.18499089e-01-0.17382848j,
            6.47815921e-04-0.02651919j, -1.26678239e-03-0.00145054j],
          [-1.97993373e-01-0.07111257j,  9.44798788e-01-0.055316j  ,
            1.83261833e-01-0.16046317j,  6.47815921e-04-0.02651919j],
          [ 1.23112651e-02+0.02349723j, -2.01298728e-01-0.1371574j ,
            9.44798788e-01-0.055316j  ,  1.18499089e-01-0.17382848j],
          [ 1.77605345e-04-0.00191762j,  1.23112651e-02+0.02349723j,
           -1.97993373e-01-0.07111257j,  8.24651986e-01-0.52438853j]],
         input_dims=(2, 2), output_dims=(2, 2))"
"Operator([[ 0.82465199-5.24388532e-01j,  0.05322044-2.03533679e-01j,
           -0.01627978-2.09441149e-02j, -0.00189647+3.34979728e-04j],
          [-0.16259977-1.33490405e-01j,  0.94479879-5.53159953e-02j,
            0.11870951-2.12700213e-01j, -0.01627978-2.09441149e-02j],
          [-0.00533631+2.59848211e-02j, -0.14352719-1.96807709e-01j,
            0.94479879-5.53159953e-02j,  0.05322044-2.03533679e-01j],
          [ 0.00173352-8.38867934e-04j, -0.00533631+2.59848211e-02j,
           -0.16259977-1.33490405e-01j,  0.82465199-5.24388532e-01j]],
         input_dims=(2, 2), output_dims=(2, 2))"
