unitary
"Operator([[ 0.75140351-6.09764296e-01j, -0.24036872+6.60197294e-02j,
            0.03780285-2.13406437e-03j, -0.00330348+1.57761273e-04j],
          [ 0.22034418-1.16551151e-01j,  0.92140335-6.27213955e-02j,
           -0.28878046-1.08812329e-02j,  0.03780285-2.13406437e-03j],
          [ 0.03334757-1.79318002e-02j,  0.2842736 -5.19718714e-02j,
            0.92140335-6.27213955e-02j, -0.24036872+6.60197294e-02j],
          [ 0.00252272-2.13863272e-03j,  0.03334757-1.79318002e-02j,
            0.22034418-1.16551151e-01j,  0.75140351-6.09764296e-01j]],
         input_dims=(2, 2), output_dims=(2, 2))"
"Operator([[ 7.51403505e-01-0.6097643j , -1.74563160e-01+0.17794221j,
            1.68274405e-02-0.03391824j,  1.90800331e-04+0.00330174j],
          [ 2.49067050e-01+0.01006643j,  9.21403351e-01-0.0627214j ,
           -2.55080346e-01+0.13581815j,  1.68274405e-02-0.03391824j],
          [ 3.20696547e-02+0.02012827j,  2.71848696e-01+0.09803489j,
            9.21403351e-01-0.0627214j , -1.74563160e-01+0.17794221j],
          [ 2.11328922e-03+0.00254399j,  3.20696547e-02+0.02012827j,
            2.49067050e-01+0.01006643j,  7.51403505e-01-0.6097643j ]],
         input_dims=(2, 2), output_dims=(2, 2))"
"Operator([[ 0.75140351-0.6097643j ,  0.09183288+0.23173789j,
           -0.03644157+0.01027726j, -0.00121275-0.00307687j],
          [ 0.09183288+0.23173789j,  0.92140335-0.0627214j ,
            0.02066853+0.28824532j, -0.03644157+0.01027726j],
          [-0.03644157+0.01027726j,  0.02066853+0.28824532j,
            0.92140335-0.0627214j ,  0.09183288+0.23173789j],
          [-0.00121275-0.00307687j, -0.03644157+0.01027726j,
            0.09183288+0.23173789j,  0.75140351-0.6097643j ]],
         input_dims=(2, 2), output_dims=(2, 2))"
"Operator([[ 0.75140351-6.09764296e-01j, -0.07324279+2.38267122e-01j,
           -0.01797377-3.33249717e-02j,  0.00329658+2.65367032e-04j],
          [ 0.21657171+1.23419700e-01j,  0.92140335-6.27213955e-02j,
           -0.16411244+2.37864797e-01j, -0.01797377-3.33249717e-02j],
          [ 0.00208647+3.78055108e-02j,  0.19637101+2.12016459e-01j,
            0.92140335-6.27213955e-02j, -0.07324279+2.38267122e-01j],
          [-0.00222898+2.44326287e-03j,  0.00208647+3.78055108e-02j,
            0.21657171+1.23419700e-01j,  0.75140351-6.09764296e-01j]],
         input_dims=(2, 2), output_dims=(2, 2))"
"Operator([[ 0.75140351-0.6097643j ,  0.09183288+0.23173789j,
           -0.03644157+0.01027726j, -0.00121275-0.00307687j],
          [ 0.09183288+0.23173789j,  0.92140335-0.0627214j ,
            0.02066853+0.28824532j, -0.03644157+0.01027726j],
          [-0.03644157+0.01027726j,  0.02066853+0.28824532j,
            0.92140335-0.0627214j ,  0.09183288+0.23173789j],
          [-0.00121275-0.00307687j, -0.03644157+0.01027726j,
            0.09183288+0.23173789j,  0.75140351-0.6097643j ]],
         input_dims=(2, 2), output_dims=(2, 2))"
"Operator([[ 7.51403505e-01-0.6097643j , -1.76385065e-01+0.17613642j,
            1.75219238e-02-0.03356475j,  8.87923472e-05+0.00330605j],
          [ 2.49157452e-01+0.00750282j,  9.21403351e-01-0.0627214j ,
           -2.56464502e-01+0.13318601j,  1.75219238e-02-0.03356475j],
          [ 3.24771081e-02+0.019464j  ,  2.72843148e-01+0.09523219j,
            9.21403351e-01-0.0627214j , -1.76385065e-01+0.17613642j],
          [ 2.19080932e-03+0.00247754j,  3.24771081e-02+0.019464j  ,
            2.49157452e-01+0.00750282j,  7.51403505e-01-0.6097643j ]],
         input_dims=(2, 2), output_dims=(2, 2))"
"Operator([[ 0.75140351-0.6097643j , -0.19966044+0.14923618j,
            0.02626987-0.02726727j, -0.00129285+0.00304408j],
          [ 0.24768842-0.0280388j ,  0.92140335-0.0627214j ,
           -0.27281089+0.09532455j,  0.02626987-0.02726727j],
          [ 0.0366457 +0.00952381j,  0.2836204 +0.05542584j,
            0.92140335-0.0627214j , -0.19966044+0.14923618j],
          [ 0.00302214+0.00134332j,  0.0366457 +0.00952381j,
            0.24768842-0.0280388j ,  0.75140351-0.6097643j ]],
         input_dims=(2, 2), output_dims=(2, 2))"
"Operator([[ 0.75140351-0.6097643j ,  0.24790733-0.02603237j,
            0.03648667+0.01011597j,  0.00298863+0.00141633j],
          [-0.19844554+0.15084792j,  0.92140335-0.0627214j ,
            0.28316232+0.05772047j,  0.03648667+0.01011597j],
          [ 0.02582488-0.02768909j, -0.27203012+0.09753035j,
            0.92140335-0.0627214j ,  0.24790733-0.02603237j],
          [-0.00121854+0.00307458j,  0.02582488-0.02768909j,
           -0.19844554+0.15084792j,  0.75140351-0.6097643j ]],
         input_dims=(2, 2), output_dims=(2, 2))"
"Operator([[ 0.75140351-0.6097643j ,  0.09183288+0.23173789j,
           -0.03644157+0.01027726j, -0.00121275-0.00307687j],
          [ 0.09183288+0.23173789j,  0.92140335-0.0627214j ,
            0.02066853+0.28824532j, -0.03644157+0.01027726j],
          [-0.03644157+0.01027726j,  0.02066853+0.28824532j,
            0.92140335-0.0627214j ,  0.09183288+0.23173789j],
          [-0.00121275-0.00307687j, -0.03644157+0.01027726j,
            0.09183288+0.23173789j,  0.75140351-0.6097643j ]],
         input_dims=(2, 2), output_dims=(2, 2))"
"Operator([[ 0.75140351-0.6097643j ,  0.20811182-0.13720495j,
            0.0292969 -0.02398544j,  0.00180858-0.00276892j],
          [-0.24560444+0.04259331j,  0.92140335-0.0627214j ,
            0.27795649-0.07907428j,  0.0292969 -0.02398544j],
          [ 0.03751199+0.00514398j, -0.28639484-0.03860766j,
            0.92140335-0.0627214j ,  0.20811182-0.13720495j],
          [-0.00321144-0.00079028j,  0.03751199+0.00514398j,
           -0.24560444+0.04259331j,  0.75140351-0.6097643j ]],
         input_dims=(2, 2), output_dims=(2, 2))"
