unitary
"Operator([[ 0.57532448-0.74905336j,  0.07726787+0.31234597j,
           -0.06497301-0.01046166j,  0.00219144-0.00739867j],
          [ 0.22365106+0.23132344j,  0.8642233 -0.07169777j,
           -0.06376858+0.36884931j, -0.06497301-0.01046166j],
          [-0.04129832+0.05123853j,  0.13005179+0.35100253j,
            0.8642233 -0.07169777j,  0.07726787+0.31234597j],
          [-0.00741443-0.00213751j, -0.04129832+0.05123853j,
            0.22365106+0.23132344j,  0.57532448-0.74905336j]],
         input_dims=(2, 2), output_dims=(2, 2))"
"Operator([[ 0.57532448-0.74905336j,  0.15581789+0.28151575j,
           -0.06144206+0.02357565j, -0.00370673-0.00676778j],
          [ 0.15581789+0.28151575j,  0.8642233 -0.07169777j,
            0.0343219 +0.37274422j, -0.06144206+0.02357565j],
          [-0.06144206+0.02357565j,  0.0343219 +0.37274422j,
            0.8642233 -0.07169777j,  0.15581789+0.28151575j],
          [-0.00370673-0.00676778j, -0.06144206+0.02357565j,
            0.15581789+0.28151575j,  0.57532448-0.74905336j]],
         input_dims=(2, 2), output_dims=(2, 2))"
"Operator([[ 0.57532448-0.74905336j,  0.15581789+0.28151575j,
           -0.06144206+0.02357565j, -0.00370673-0.00676778j],
          [ 0.15581789+0.28151575j,  0.8642233 -0.07169777j,
            0.0343219 +0.37274422j, -0.06144206+0.02357565j],
          [-0.06144206+0.02357565j,  0.0343219 +0.37274422j,
            0.8642233 -0.07169777j,  0.15581789+0.28151575j],
          [-0.00370673-0.00676778j, -0.06144206+0.02357565j,
            0.15581789+0.28151575j,  0.57532448-0.74905336j]],
         input_dims=(2, 2), output_dims=(2, 2))"
"Operator([[ 5.75324479e-01-0.74905336j,  3.18681784e-01-0.04441005j,
            6.14099934e-02+0.02365905j,  6.36817590e-03+0.00435765j],
          [-2.06844252e-01+0.2464666j ,  8.64223300e-01-0.07169777j,
            3.60231639e-01+0.10173207j,  6.14099934e-02+0.02365905j],
          [ 2.98217569e-02-0.05866516j, -3.35597260e-01+0.16580328j,
            8.64223300e-01-0.07169777j,  3.18681784e-01-0.04441005j],
          [ 2.42722211e-04+0.00771258j,  2.98217569e-02-0.05866516j,
           -2.06844252e-01+0.2464666j ,  5.75324479e-01-0.74905336j]],
         input_dims=(2, 2), output_dims=(2, 2))"
"Operator([[ 0.57532448-7.49053357e-01j,  0.05863811-3.16373044e-01j,
           -0.03493498-5.57717265e-02j, -0.00771628+4.25030506e-05j],
          [-0.29922609-1.18296578e-01j,  0.8642233 -7.16977729e-02j,
            0.21042007-3.09579786e-01j, -0.03493498-5.57717265e-02j],
          [ 0.01133888+6.48256721e-02j, -0.26341422-2.65949615e-01j,
            0.8642233 -7.16977729e-02j,  0.05863811-3.16373044e-01j],
          [ 0.00419093-6.47911025e-03j,  0.01133888+6.48256721e-02j,
           -0.29922609-1.18296578e-01j,  0.57532448-7.49053357e-01j]],
         input_dims=(2, 2), output_dims=(2, 2))"
