unitary
"Operator([[ 8.60421815e-01-0.47311191j,  5.17573063e-02+0.18087494j,
           -2.06130761e-02+0.00425699j, -3.72237781e-04-0.0013045j ],
          [ 5.17573063e-02+0.18087494j,  9.56148263e-01-0.05048357j,
            1.17880916e-02+0.21738299j, -2.06130761e-02+0.00425699j],
          [-2.06130761e-02+0.00425699j,  1.17880916e-02+0.21738299j,
            9.56148263e-01-0.05048357j,  5.17573063e-02+0.18087494j],
          [-3.72237781e-04-0.0013045j , -2.06130761e-02+0.00425699j,
            5.17573063e-02+0.18087494j,  8.60421815e-01-0.47311191j]],
         input_dims=(2, 2), output_dims=(2, 2))"
"Operator([[ 8.60421815e-01-0.47311191j,  5.17573063e-02+0.18087494j,
           -2.06130761e-02+0.00425699j, -3.72237781e-04-0.0013045j ],
          [ 5.17573063e-02+0.18087494j,  9.56148263e-01-0.05048357j,
            1.17880916e-02+0.21738299j, -2.06130761e-02+0.00425699j],
          [-2.06130761e-02+0.00425699j,  1.17880916e-02+0.21738299j,
            9.56148263e-01-0.05048357j,  5.17573063e-02+0.18087494j],
          [-3.72237781e-04-0.0013045j , -2.06130761e-02+0.00425699j,
            5.17573063e-02+0.18087494j,  8.60421815e-01-0.47311191j]],
         input_dims=(2, 2), output_dims=(2, 2))"
"Operator([[ 8.60421815e-01-0.47311191j, -1.88014218e-01+0.00672444j,
            2.02152273e-02+0.00586221j, -1.22099392e-03-0.00059115j],
          [ 1.63111832e-01-0.09375017j,  9.56148263e-01-0.05048357j,
           -2.13834752e-01-0.04085366j,  2.02152273e-02+0.00586221j],
          [ 1.62391343e-02-0.01339072j,  2.08163058e-01-0.06373746j,
            9.56148263e-01-0.05048357j, -1.88014218e-01+0.00672444j],
          [ 7.25161062e-04-0.00114649j,  1.62391343e-02-0.01339072j,
            1.63111832e-01-0.09375017j,  8.60421815e-01-0.47311191j]],
         input_dims=(2, 2), output_dims=(2, 2))"
"Operator([[ 0.86042181-4.73111906e-01j, -0.17452369+7.02570101e-02j,
            0.01928948-8.42240274e-03j, -0.00112723+7.54744195e-04j],
          [ 0.18527114-3.26981612e-02j,  0.95614826-5.04835675e-02j,
           -0.21498425+3.42942723e-02j,  0.01928948-8.42240274e-03j],
          [ 0.02104786+9.19800231e-05j,  0.21743205+1.08455058e-02j,
            0.95614826-5.04835675e-02j, -0.17452369+7.02570101e-02j],
          [ 0.00135579+4.62196096e-05j,  0.02104786+9.19800231e-05j,
            0.18527114-3.26981612e-02j,  0.86042181-4.73111906e-01j]],
         input_dims=(2, 2), output_dims=(2, 2))"
"Operator([[ 8.60421815e-01-0.47311191j,  5.17573063e-02+0.18087494j,
           -2.06130761e-02+0.00425699j, -3.72237781e-04-0.0013045j ],
          [ 5.17573063e-02+0.18087494j,  9.56148263e-01-0.05048357j,
            1.17880916e-02+0.21738299j, -2.06130761e-02+0.00425699j],
          [-2.06130761e-02+0.00425699j,  1.17880916e-02+0.21738299j,
            9.56148263e-01-0.05048357j,  5.17573063e-02+0.18087494j],
          [-3.72237781e-04-0.0013045j , -2.06130761e-02+0.00425699j,
            5.17573063e-02+0.18087494j,  8.60421815e-01-0.47311191j]],
         input_dims=(2, 2), output_dims=(2, 2))"
"Operator([[ 8.60421815e-01-0.47311191j,  5.17573063e-02+0.18087494j,
           -2.06130761e-02+0.00425699j, -3.72237781e-04-0.0013045j ],
          [ 5.17573063e-02+0.18087494j,  9.56148263e-01-0.05048357j,
            1.17880916e-02+0.21738299j, -2.06130761e-02+0.00425699j],
          [-2.06130761e-02+0.00425699j,  1.17880916e-02+0.21738299j,
            9.56148263e-01-0.05048357j,  5.17573063e-02+0.18087494j],
          [-3.72237781e-04-0.0013045j , -2.06130761e-02+0.00425699j,
            5.17573063e-02+0.18087494j,  8.60421815e-01-0.47311191j]],
         input_dims=(2, 2), output_dims=(2, 2))"
"Operator([[ 8.60421815e-01-0.47311191j,  5.17573063e-02+0.18087494j,
           -2.06130761e-02+0.00425699j, -3.72237781e-04-0.0013045j ],
          [ 5.17573063e-02+0.18087494j,  9.56148263e-01-0.05048357j,
            1.17880916e-02+0.21738299j, -2.06130761e-02+0.00425699j],
          [-2.06130761e-02+0.00425699j,  1.17880916e-02+0.21738299j,
            9.56148263e-01-0.05048357j,  5.17573063e-02+0.18087494j],
          [-3.72237781e-04-0.0013045j , -2.06130761e-02+0.00425699j,
            5.17573063e-02+0.18087494j,  8.60421815e-01-0.47311191j]],
         input_dims=(2, 2), output_dims=(2, 2))"
"Operator([[ 0.86042181-4.73111906e-01j,  0.12431345+1.41211651e-01j,
           -0.00973558+1.86611724e-02j, -0.00135566+4.96232595e-05j],
          [-0.03079738+1.85596566e-01j,  0.95614826-5.04835675e-02j,
            0.10385878+1.91331327e-01j, -0.00973558+1.86611724e-02j],
          [-0.01633158-1.32778107e-02j, -0.08255984+2.01440305e-01j,
            0.95614826-5.04835675e-02j,  0.12431345+1.41211651e-01j],
          [ 0.00117771-6.73270433e-04j, -0.01633158-1.32778107e-02j,
           -0.03079738+1.85596566e-01j,  0.86042181-4.73111906e-01j]],
         input_dims=(2, 2), output_dims=(2, 2))"
"Operator([[ 8.60421815e-01-4.73111906e-01j,
            7.07798787e-02-1.74312285e-01j,
           -9.07212200e-03-1.89925635e-02j,
           -1.34243708e-03-1.95326324e-04j],
          [-1.52274619e-01-1.10485314e-01j,
            9.56148263e-01-5.04835675e-02j,
            1.24757559e-01-1.78409288e-01j,
           -9.07212200e-03-1.89925635e-02j],
          [-8.06165947e-04+2.10326166e-02j,
           -1.43318561e-01-1.63872245e-01j,
            9.56148263e-01-5.04835675e-02j,
            7.07798787e-02-1.74312285e-01j],
          [ 1.03720581e-03-8.74353370e-04j,
           -8.06165947e-04+2.10326166e-02j,
           -1.52274619e-01-1.10485314e-01j,
            8.60421815e-01-4.73111906e-01j]],
         input_dims=(2, 2), output_dims=(2, 2))"
