unitary
"Operator([[ 8.01463222e-01-0.55388377j, -2.12243988e-01-0.07007559j,
            1.46274318e-02+0.02630524j,  1.33025468e-04-0.00232891j],
          [ 1.22868543e-01-0.18671213j,  9.37415224e-01-0.05797781j,
           -2.15190410e-01-0.14394559j,  1.46274318e-02+0.02630524j],
          [ 5.64779923e-04-0.03009333j,  1.94962408e-01-0.17034349j,
            9.37415224e-01-0.05797781j, -2.12243988e-01-0.07007559j],
          [-1.54577842e-03-0.00174702j,  5.64779923e-04-0.03009333j,
            1.22868543e-01-0.18671213j,  8.01463222e-01-0.55388377j]],
         input_dims=(2, 2), output_dims=(2, 2))"
"Operator([[ 8.01463222e-01-0.55388377j,  7.34711723e-02+0.2110926j ,
           -2.92044575e-02+0.00728196j, -7.63947885e-04-0.00220406j],
          [ 7.34711723e-02+0.2110926j ,  9.37415224e-01-0.05797781j,
            1.66284488e-02+0.25836164j, -2.92044575e-02+0.00728196j],
          [-2.92044575e-02+0.00728196j,  1.66284488e-02+0.25836164j,
            9.37415224e-01-0.05797781j,  7.34711723e-02+0.2110926j ],
          [-7.63947885e-04-0.00220406j, -2.92044575e-02+0.00728196j,
            7.34711723e-02+0.2110926j ,  8.01463222e-01-0.55388377j]],
         input_dims=(2, 2), output_dims=(2, 2))"
"Operator([[ 8.01463222e-01-0.55388377j,  7.34711723e-02+0.2110926j ,
           -2.92044575e-02+0.00728196j, -7.63947885e-04-0.00220406j],
          [ 7.34711723e-02+0.2110926j ,  9.37415224e-01-0.05797781j,
            1.66284488e-02+0.25836164j, -2.92044575e-02+0.00728196j],
          [-2.92044575e-02+0.00728196j,  1.66284488e-02+0.25836164j,
            9.37415224e-01-0.05797781j,  7.34711723e-02+0.2110926j ],
          [-7.63947885e-04-0.00220406j, -2.92044575e-02+0.00728196j,
            7.34711723e-02+0.2110926j ,  8.01463222e-01-0.55388377j]],
         input_dims=(2, 2), output_dims=(2, 2))"
"Operator([[ 0.80146322-0.55388377j,  0.22123121-0.03185673j,
            0.02980629+0.00418475j,  0.00226466+0.00055929j],
          [-0.19320228+0.11238762j,  0.93741522-0.05797781j,
            0.25678973+0.03295877j,  0.02980629+0.00418475j],
          [ 0.02435224-0.01768886j, -0.25044605+0.06560504j,
            0.93741522-0.05797781j,  0.22123121-0.03185673j],
          [-0.00143275+0.00184085j,  0.02435224-0.01768886j,
           -0.19320228+0.11238762j,  0.80146322-0.55388377j]],
         input_dims=(2, 2), output_dims=(2, 2))"
"Operator([[ 8.01463222e-01-0.55388377j,  7.34711723e-02+0.2110926j ,
           -2.92044575e-02+0.00728196j, -7.63947885e-04-0.00220406j],
          [ 7.34711723e-02+0.2110926j ,  9.37415224e-01-0.05797781j,
            1.66284488e-02+0.25836164j, -2.92044575e-02+0.00728196j],
          [-2.92044575e-02+0.00728196j,  1.66284488e-02+0.25836164j,
            9.37415224e-01-0.05797781j,  7.34711723e-02+0.2110926j ],
          [-7.63947885e-04-0.00220406j, -2.92044575e-02+0.00728196j,
            7.34711723e-02+0.2110926j ,  8.01463222e-01-0.55388377j]],
         input_dims=(2, 2), output_dims=(2, 2))"
"Operator([[ 8.01463222e-01-0.55388377j,  7.34711723e-02+0.2110926j ,
           -2.92044575e-02+0.00728196j, -7.63947885e-04-0.00220406j],
          [ 7.34711723e-02+0.2110926j ,  9.37415224e-01-0.05797781j,
            1.66284488e-02+0.25836164j, -2.92044575e-02+0.00728196j],
          [-2.92044575e-02+0.00728196j,  1.66284488e-02+0.25836164j,
            9.37415224e-01-0.05797781j,  7.34711723e-02+0.2110926j ],
          [-7.63947885e-04-0.00220406j, -2.92044575e-02+0.00728196j,
            7.34711723e-02+0.2110926j ,  8.01463222e-01-0.55388377j]],
         input_dims=(2, 2), output_dims=(2, 2))"
"Operator([[ 0.80146322-0.55388377j,  0.22301781-0.01487126j,
            0.02882153+0.00867448j,  0.00207827+0.00105939j],
          [-0.1840567 +0.12681179j,  0.93741522-0.05797781j,
            0.25352343+0.05247015j,  0.02882153+0.00867448j],
          [ 0.02137484-0.02119065j, -0.24470551+0.08453673j,
            0.93741522-0.05797781j,  0.22301781-0.01487126j],
          [-0.00097685+0.00211832j,  0.02137484-0.02119065j,
           -0.1840567 +0.12681179j,  0.80146322-0.55388377j]],
         input_dims=(2, 2), output_dims=(2, 2))"
"Operator([[ 8.01463222e-01-0.55388377j,  2.23333643e-01+0.00895449j,
            2.63319094e-02+0.01457936j,  1.63956802e-03+0.00165931j],
          [-1.69511134e-01+0.14568485j,  9.37415224e-01-0.05797781j,
            2.46497118e-01+0.07916069j,  2.63319094e-02+0.01457936j],
          [ 1.64043325e-02-0.02523539j, -2.34315676e-01+0.11010635j,
            9.37415224e-01-0.05797781j,  2.23333643e-01+0.00895449j],
          [-2.60974568e-04+0.00231806j,  1.64043325e-02-0.02523539j,
           -1.69511134e-01+0.14568485j,  8.01463222e-01-0.55388377j]],
         input_dims=(2, 2), output_dims=(2, 2))"
"Operator([[ 8.01463222e-01-0.55388377j,  7.34711723e-02+0.2110926j ,
           -2.92044575e-02+0.00728196j, -7.63947885e-04-0.00220406j],
          [ 7.34711723e-02+0.2110926j ,  9.37415224e-01-0.05797781j,
            1.66284488e-02+0.25836164j, -2.92044575e-02+0.00728196j],
          [-2.92044575e-02+0.00728196j,  1.66284488e-02+0.25836164j,
            9.37415224e-01-0.05797781j,  7.34711723e-02+0.2110926j ],
          [-7.63947885e-04-0.00220406j, -2.92044575e-02+0.00728196j,
            7.34711723e-02+0.2110926j ,  8.01463222e-01-0.55388377j]],
         input_dims=(2, 2), output_dims=(2, 2))"
"Operator([[ 8.01463222e-01-0.55388377j, -2.23478563e-01-0.00392818j,
            2.69610381e-02+0.0133802j , -1.74774169e-03-0.00154496j],
          [ 1.72745518e-01-0.14183471j,  9.37415224e-01-0.05797781j,
           -2.48215513e-01-0.07359554j,  2.69610381e-02+0.0133802j ],
          [ 1.75228171e-02-0.02447199j,  2.36733297e-01-0.1048074j ,
            9.37415224e-01-0.05797781j, -2.23478563e-01-0.00392818j],
          [ 4.16713771e-04-0.00229518j,  1.75228171e-02-0.02447199j,
            1.72745518e-01-0.14183471j,  8.01463222e-01-0.55388377j]],
         input_dims=(2, 2), output_dims=(2, 2))"
"Operator([[ 8.01463222e-01-0.55388377j, -2.22899709e-01-0.01654746j,
            2.52795019e-02+0.01633628j, -1.46193643e-03-0.00181776j],
          [ 1.64456579e-01-0.15136754j,  9.37415224e-01-0.05797781j,
           -2.43661251e-01-0.08750108j,  2.52795019e-02+0.01633628j],
          [ 1.46502569e-02-0.02629253j,  2.30434041e-01-0.11801439j,
            9.37415224e-01-0.05797781j, -2.22899709e-01-0.01654746j],
          [ 2.33891792e-05-0.00233259j,  1.46502569e-02-0.02629253j,
            1.64456579e-01-0.15136754j,  8.01463222e-01-0.55388377j]],
         input_dims=(2, 2), output_dims=(2, 2))"
"Operator([[ 8.01463222e-01-0.55388377j, -2.22141638e-01-0.02472229j,
            2.40122218e-02+0.01814774j, -1.25315724e-03-0.00196751j],
          [ 1.58786667e-01-0.1573051j ,  9.37415224e-01-0.05797781j,
           -2.40283403e-01-0.09639051j,  2.40122218e-02+0.01814774j],
          [ 1.26808555e-02-0.02729694j,  2.25944515e-01-0.12639747j,
            9.37415224e-01-0.05797781j, -2.22141638e-01-0.02472229j],
          [-2.33283092e-04-0.00232101j,  1.26808555e-02-0.02729694j,
            1.58786667e-01-0.1573051j ,  8.01463222e-01-0.55388377j]],
         input_dims=(2, 2), output_dims=(2, 2))"
"Operator([[ 8.01463222e-01-0.55388377j, -2.21605407e-01-0.02914005j,
            2.32707162e-02+0.01908929j, -1.13346990e-03-0.00203881j],
          [ 1.55623380e-01-0.16043523j,  9.37415224e-01-0.05797781j,
           -2.38316722e-01-0.10115525j,  2.32707162e-02+0.01908929j],
          [ 1.15840990e-02-0.02778014j,  2.23383262e-01-0.13087079j,
            9.37415224e-01-0.05797781j, -2.21605407e-01-0.02914005j],
          [-3.71421907e-04-0.00230294j,  1.15840990e-02-0.02778014j,
            1.55623380e-01-0.16043523j,  8.01463222e-01-0.55388377j]],
         input_dims=(2, 2), output_dims=(2, 2))"
"Operator([[ 8.01463222e-01-0.55388377j, -2.21876752e-01-0.0269964j ,
            2.36354257e-02+0.01863582j, -1.19211404e-03-0.00200509j],
          [ 1.57167051e-01-0.1589233j ,  9.37415224e-01-0.05797781j,
           -2.39283463e-01-0.09884669j,  2.36354257e-02+0.01863582j],
          [ 1.21190153e-02-0.02755098j,  2.24637965e-01-0.1287052j ,
            9.37415224e-01-0.05797781j, -2.21876752e-01-0.0269964j ],
          [-3.04485690e-04-0.00231275j,  1.21190153e-02-0.02755098j,
            1.57167051e-01-0.1589233j ,  8.01463222e-01-0.55388377j]],
         input_dims=(2, 2), output_dims=(2, 2))"
"Operator([[ 8.01463222e-01-0.55388377j, -2.22892584e-01-0.01664316j,
            2.52654654e-02+0.01635798j, -1.45959398e-03-0.00181964j],
          [ 1.64391578e-01-0.15143813j,  9.37415224e-01-0.05797781j,
           -2.43623662e-01-0.08760569j,  2.52654654e-02+0.01635798j],
          [ 1.46276754e-02-0.0263051j ,  2.30383353e-01-0.11811332j,
            9.37415224e-01-0.05797781j, -2.22892584e-01-0.01664316j],
          [ 2.03848448e-05-0.00233261j,  1.46276754e-02-0.0263051j ,
            1.64391578e-01-0.15143813j,  8.01463222e-01-0.55388377j]],
         input_dims=(2, 2), output_dims=(2, 2))"
