unitary
"Operator([[ 9.20523801e-01-0.36357189j,  2.95292899e-02+0.13941656j,
           -1.17829369e-02+0.00181407j, -1.18990440e-04-0.00056265j],
          [ 2.95292899e-02+0.13941656j,  9.75113011e-01-0.03950844j,
            6.76696943e-03+0.16461113j, -1.17829369e-02+0.00181407j],
          [-1.17829369e-02+0.00181407j,  6.76696943e-03+0.16461113j,
            9.75113011e-01-0.03950844j,  2.95292899e-02+0.13941656j],
          [-1.18990440e-04-0.00056265j, -1.17829369e-02+0.00181407j,
            2.95292899e-02+0.13941656j,  9.20523801e-01-0.36357189j]],
         input_dims=(2, 2), output_dims=(2, 2))"
"Operator([[ 9.20523801e-01-0.36357189j,  2.95292899e-02+0.13941656j,
           -1.17829369e-02+0.00181407j, -1.18990440e-04-0.00056265j],
          [ 2.95292899e-02+0.13941656j,  9.75113011e-01-0.03950844j,
            6.76696943e-03+0.16461113j, -1.17829369e-02+0.00181407j],
          [-1.17829369e-02+0.00181407j,  6.76696943e-03+0.16461113j,
            9.75113011e-01-0.03950844j,  2.95292899e-02+0.13941656j],
          [-1.18990440e-04-0.00056265j, -1.17829369e-02+0.00181407j,
            2.95292899e-02+0.13941656j,  9.20523801e-01-0.36357189j]],
         input_dims=(2, 2), output_dims=(2, 2))"
"Operator([[ 9.20523801e-01-0.36357189j,  1.62160495e-02+0.14158388j,
           -1.19137736e-02-0.00043639j,  4.34616938e-05-0.00057345j],
          [ 4.25779895e-02+0.13600026j,  9.75113011e-01-0.03950844j,
           -8.82630213e-03+0.16451356j, -1.19137736e-02-0.00043639j],
          [-1.12308117e-02+0.00399966j,  2.22996185e-02+0.16323401j,
            9.75113011e-01-0.03950844j,  1.62160495e-02+0.14158388j],
          [-2.71905904e-04-0.00050676j, -1.12308117e-02+0.00399966j,
            4.25779895e-02+0.13600026j,  9.20523801e-01-0.36357189j]],
         input_dims=(2, 2), output_dims=(2, 2))"
"Operator([[ 9.20523801e-01-0.36357189j,  4.91835698e-02+0.13375325j,
           -1.07859386e-02+0.00507858j, -3.43150484e-04-0.0004615j ],
          [ 9.26670772e-03+0.14220789j,  9.75113011e-01-0.03950844j,
            3.02624755e-02+0.1619469j , -1.07859386e-02+0.00507858j],
          [-1.18140230e-02-0.00159916j, -1.68679359e-02+0.16388437j,
            9.75113011e-01-0.03950844j,  4.91835698e-02+0.13375325j],
          [ 1.26928467e-04-0.00056091j, -1.18140230e-02-0.00159916j,
            9.26670772e-03+0.14220789j,  9.20523801e-01-0.36357189j]],
         input_dims=(2, 2), output_dims=(2, 2))"
"Operator([[ 9.20523801e-01-3.63571888e-01j,
            1.01734928e-01+9.97945852e-02j,
           -2.89666867e-03+1.15645038e-02j,
           -5.30473344e-04+2.22112516e-04j],
          [-5.25396604e-02+1.32470899e-01j,
            9.75113011e-01-3.95084415e-02j,
            9.67139345e-02+1.33375521e-01j,
           -2.89666867e-03+1.15645038e-02j],
          [-6.24095541e-03-1.01577022e-02j,
           -8.54402846e-02+1.40863666e-01j,
            9.75113011e-01-3.95084415e-02j,
            1.01734928e-01+9.97945852e-02j],
          [ 5.74978044e-04-1.16699276e-05j,
           -6.24095541e-03-1.01577022e-02j,
           -5.25396604e-02+1.32470899e-01j,
            9.20523801e-01-3.63571888e-01j]],
         input_dims=(2, 2), output_dims=(2, 2))"
"Operator([[ 9.20523801e-01-3.63571888e-01j,
           -6.80315699e-02+1.25222444e-01j,
           -3.64550560e-03-1.13507148e-02j,
            5.42178979e-04+1.91775631e-04j],
          [ 1.12957827e-01+8.68877686e-02j,
            9.75113011e-01-3.95084415e-02j,
           -1.01700709e-01+1.29613196e-01j,
           -3.64550560e-03-1.13507148e-02j],
          [-6.25688325e-05+1.19215990e-02j,
            1.11996067e-01+1.20828373e-01j,
            9.75113011e-01-3.95084415e-02j,
           -6.80315699e-02+1.25222444e-01j],
          [-4.18116378e-04+3.94860270e-04j,
           -6.25688325e-05+1.19215990e-02j,
            1.12957827e-01+8.68877686e-02j,
            9.20523801e-01-3.63571888e-01j]],
         input_dims=(2, 2), output_dims=(2, 2))"
"Operator([[ 9.20523801e-01-0.36357189j, -2.15479145e-02-0.14087101j,
           -1.19127509e-02+0.00046347j,  2.16201342e-05+0.00057469j],
          [-3.74149661e-02-0.13751027j,  9.75113011e-01-0.03950844j,
            2.61122351e-03-0.16472946j, -1.19127509e-02+0.00046347j],
          [-1.15005008e-02+0.00314117j, -1.61232318e-02-0.16395931j,
            9.75113011e-01-0.03950844j, -2.15479145e-02-0.14087101j],
          [ 2.12897594e-04+0.00053424j, -1.15005008e-02+0.00314117j,
           -3.74149661e-02-0.13751027j,  9.20523801e-01-0.36357189j]],
         input_dims=(2, 2), output_dims=(2, 2))"
"Operator([[ 9.20523801e-01-3.63571888e-01j,
           -9.08198983e-02-1.09821223e-01j,
           -5.22339815e-03+1.07165549e-02j,
            5.73050331e-04-4.84691213e-05j],
          [ 3.84968764e-02-1.37211317e-01j,
            9.75113011e-01-3.95084415e-02j,
           -8.23382900e-02-1.42699056e-01j,
           -5.22339815e-03+1.07165549e-02j],
          [-8.20488887e-03-8.64917547e-03j,
            7.03478802e-02-1.48975805e-01j,
            9.75113011e-01-3.95084415e-02j,
           -9.08198983e-02-1.09821223e-01j],
          [-5.43609053e-04+1.87683605e-04j,
           -8.20488887e-03-8.64917547e-03j,
            3.84968764e-02-1.37211317e-01j,
            9.20523801e-01-3.63571888e-01j]],
         input_dims=(2, 2), output_dims=(2, 2))"
"Operator([[ 9.20523801e-01-0.36357189j, -1.27269589e-01-0.06412025j,
            4.34133365e-03+0.01110321j,  1.40631638e-04-0.00055764j],
          [ 9.03448658e-02-0.11021234j,  9.75113011e-01-0.03950844j,
           -1.32701111e-01-0.09763724j,  4.34133365e-03+0.01110321j],
          [ 8.00620348e-04-0.01189485j,  1.24239395e-01-0.10819976j,
            9.75113011e-01-0.03950844j, -1.27269589e-01-0.06412025j],
          [-3.54353347e-04-0.00045296j,  8.00620348e-04-0.01189485j,
            9.03448658e-02-0.11021234j,  9.20523801e-01-0.36357189j]],
         input_dims=(2, 2), output_dims=(2, 2))"
"Operator([[ 9.20523801e-01-0.36357189j,  2.95292899e-02+0.13941656j,
           -1.17829369e-02+0.00181407j, -1.18990440e-04-0.00056265j],
          [ 2.95292899e-02+0.13941656j,  9.75113011e-01-0.03950844j,
            6.76696943e-03+0.16461113j, -1.17829369e-02+0.00181407j],
          [-1.17829369e-02+0.00181407j,  6.76696943e-03+0.16461113j,
            9.75113011e-01-0.03950844j,  2.95292899e-02+0.13941656j],
          [-1.18990440e-04-0.00056265j, -1.17829369e-02+0.00181407j,
            2.95292899e-02+0.13941656j,  9.20523801e-01-0.36357189j]],
         input_dims=(2, 2), output_dims=(2, 2))"
"Operator([[ 9.20523801e-01-3.63571888e-01j,
           -1.42294882e-01+7.81801494e-03j,
            1.17790033e-02+1.83943410e-03j,
           -5.56775466e-04-1.44003535e-04j],
          [ 1.33245438e-01-5.05431315e-02j,
            9.75113011e-01-3.95084415e-02j,
           -1.63704095e-01-1.85360218e-02j,
            1.17790033e-02+1.83943410e-03j],
          [ 1.06802686e-02-5.29719735e-03j,
            1.61630313e-01-3.19101359e-02j,
            9.75113011e-01-3.95084415e-02j,
           -1.42294882e-01+7.81801494e-03j],
          [ 4.50803938e-04-3.57087871e-04j,
            1.06802686e-02-5.29719735e-03j,
            1.33245438e-01-5.05431315e-02j,
            9.20523801e-01-3.63571888e-01j]],
         input_dims=(2, 2), output_dims=(2, 2))"
"Operator([[ 9.20523801e-01-3.63571888e-01j,
           -1.27666353e-01+6.33265922e-02j,
            9.44543701e-03-7.27407432e-03j,
           -3.28107238e-04+4.72315126e-04j],
          [ 1.42377606e-01+6.12960916e-03j,
            9.75113011e-01-3.95084415e-02j,
           -1.57736763e-01+4.75576329e-02j,
            9.44543701e-03-7.27407432e-03j],
          [ 1.11959685e-02+4.09618443e-03j,
            1.61108012e-01+3.44503000e-02j,
            9.75113011e-01-3.95084415e-02j,
           -1.27666353e-01+6.33265922e-02j],
          [ 4.91234436e-04+2.99039575e-04j,
            1.11959685e-02+4.09618443e-03j,
            1.42377606e-01+6.12960916e-03j,
            9.20523801e-01-3.63571888e-01j]],
         input_dims=(2, 2), output_dims=(2, 2))"
