unitary
"Operator([[ 0.37794656+0.62263254j, -0.21715476-0.37432295j,
            0.05907815+0.36311297j, -0.17124007+0.34285104j],
          [-0.21715476-0.37432295j, -0.05533329+0.17745746j,
           -0.28555364+0.74919362j,  0.05907815+0.36311297j],
          [ 0.05907815+0.36311297j, -0.28555364+0.74919362j,
           -0.05533329+0.17745746j, -0.21715476-0.37432295j],
          [-0.17124007+0.34285104j,  0.05907815+0.36311297j,
           -0.21715476-0.37432295j,  0.37794656+0.62263254j]],
         input_dims=(2, 2), output_dims=(2, 2))"
"Operator([[ 0.37794656+0.62263254j, -0.21715476-0.37432295j,
            0.05907815+0.36311297j, -0.17124007+0.34285104j],
          [-0.21715476-0.37432295j, -0.05533329+0.17745746j,
           -0.28555364+0.74919362j,  0.05907815+0.36311297j],
          [ 0.05907815+0.36311297j, -0.28555364+0.74919362j,
           -0.05533329+0.17745746j, -0.21715476-0.37432295j],
          [-0.17124007+0.34285104j,  0.05907815+0.36311297j,
           -0.21715476-0.37432295j,  0.37794656+0.62263254j]],
         input_dims=(2, 2), output_dims=(2, 2))"
"Operator([[ 0.37794656+0.62263254j,  0.40756296-0.1454864j ,
            0.07465064-0.36023401j,  0.20329332+0.32487202j],
          [-0.32860793+0.28158602j, -0.05533329+0.17745746j,
           -0.68479744-0.41699452j,  0.07465064-0.36023401j],
          [-0.18499701-0.31798957j,  0.78862153+0.14459614j,
           -0.05533329+0.17745746j,  0.40756296-0.1454864j ],
          [-0.38184551+0.03261911j, -0.18499701-0.31798957j,
           -0.32860793+0.28158602j,  0.37794656+0.62263254j]],
         input_dims=(2, 2), output_dims=(2, 2))"
