unitary
"Operator([[ 0.21267304-8.70215366e-01j, -0.01614142+4.24946882e-01j,
           -0.06712705-1.08072514e-01j,  0.02165922+4.03737819e-04j],
          [ 0.42418701+3.00961200e-02j,  0.74105272-6.56796953e-02j,
           -0.30248566+3.97496367e-01j, -0.06712705-1.08072514e-01j],
          [ 0.05988358+1.12248238e-01j,  0.38734228+3.15383729e-01j,
            0.74105272-6.56796953e-02j, -0.01614142+4.24946882e-01j],
          [-0.00253382+2.15142876e-02j,  0.05988358+1.12248238e-01j,
            0.42418701+3.00961200e-02j,  0.21267304-8.70215366e-01j]],
         input_dims=(2, 2), output_dims=(2, 2))"
"Operator([[ 0.21267304-0.87021537j, -0.0652511 -0.42021743j,
           -0.10272818-0.07505085j, -0.01838384+0.01145946j],
          [-0.41064767-0.11049386j,  0.74105272-0.0656797j ,
            0.22106918-0.44791668j, -0.10272818-0.07505085j],
          [ 0.01346677+0.12650832j, -0.32003646-0.38350698j,
            0.74105272-0.0656797j , -0.0652511 -0.42021743j],
          [ 0.01384402-0.01666217j,  0.01346677+0.12650832j,
           -0.41064767-0.11049386j,  0.21267304-0.87021537j]],
         input_dims=(2, 2), output_dims=(2, 2))"
"Operator([[ 0.21267304-0.87021537j,  0.28390506+0.31660435j,
           -0.1102199 +0.06353963j, -0.01424286-0.01632255j],
          [ 0.28390506+0.31660435j,  0.74105272-0.0656797j ,
            0.05904052+0.49599915j, -0.1102199 +0.06353963j],
          [-0.1102199 +0.06353963j,  0.05904052+0.49599915j,
            0.74105272-0.0656797j ,  0.28390506+0.31660435j],
          [-0.01424286-0.01632255j, -0.1102199 +0.06353963j,
            0.28390506+0.31660435j,  0.21267304-0.87021537j]],
         input_dims=(2, 2), output_dims=(2, 2))"
"Operator([[ 0.21267304-0.87021537j,  0.40819872+0.11922333j,
            0.0080617 +0.12696739j, -0.01488073+0.01574321j],
          [ 0.07419488+0.41873084j,  0.74105272-0.0656797j ,
            0.31178774+0.39024267j,  0.0080617 +0.12696739j],
          [-0.10583409-0.07060351j, -0.21146981+0.45252785j,
            0.74105272-0.0656797j ,  0.40819872+0.11922333j],
          [ 0.01761378-0.01261109j, -0.10583409-0.07060351j,
            0.07419488+0.41873084j,  0.21267304-0.87021537j]],
         input_dims=(2, 2), output_dims=(2, 2))"
"Operator([[ 0.21267304-0.87021537j, -0.12740604-0.40571924j,
           -0.12033758-0.04128652j, -0.01155686+0.01832277j],
          [-0.38948621-0.17070703j,  0.74105272-0.0656797j ,
            0.15154409-0.47595727j, -0.12033758-0.04128652j],
          [-0.02457654+0.12482669j, -0.25903631-0.42708445j,
            0.74105272-0.0656797j , -0.12740604-0.40571924j],
          [ 0.01971932-0.00896845j, -0.02457654+0.12482669j,
           -0.38948621-0.17070703j,  0.21267304-0.87021537j]],
         input_dims=(2, 2), output_dims=(2, 2))"
"Operator([[ 0.21267304-0.87021537j,  0.28390506+0.31660435j,
           -0.1102199 +0.06353963j, -0.01424286-0.01632255j],
          [ 0.28390506+0.31660435j,  0.74105272-0.0656797j ,
            0.05904052+0.49599915j, -0.1102199 +0.06353963j],
          [-0.1102199 +0.06353963j,  0.05904052+0.49599915j,
            0.74105272-0.0656797j ,  0.28390506+0.31660435j],
          [-0.01424286-0.01632255j, -0.1102199 +0.06353963j,
            0.28390506+0.31660435j,  0.21267304-0.87021537j]],
         input_dims=(2, 2), output_dims=(2, 2))"
"Operator([[ 0.21267304-0.87021537j, -0.04728068+0.42261677j,
           -0.05058609-0.1167337j ,  0.02104733+0.00512783j],
          [ 0.42525188-0.00111204j,  0.74105272-0.0656797j ,
           -0.33083861+0.3742282j , -0.05058609-0.1167337j ],
          [ 0.0756679 +0.10227453j,  0.409441  +0.28611012j,
            0.74105272-0.0656797j , -0.04728068+0.42261677j],
          [ 0.00222962+0.02154794j,  0.0756679 +0.10227453j,
            0.42525188-0.00111204j,  0.21267304-0.87021537j]],
         input_dims=(2, 2), output_dims=(2, 2))"
