unitary
"Operator([[-0.85349209-0.31064606j, -0.00314115-0.10234541j,
           -0.05099566+0.19764892j,  0.09890154-0.33633119j],
          [-0.00314115-0.10234541j, -0.91963096-0.31877734j,
           -0.02249497+0.00194115j, -0.05099566+0.19764892j],
          [-0.05099566+0.19764892j, -0.02249497+0.00194115j,
           -0.91963096-0.31877734j, -0.00314115-0.10234541j],
          [ 0.09890154-0.33633119j, -0.05099566+0.19764892j,
           -0.00314115-0.10234541j, -0.85349209-0.31064606j]],
         input_dims=(2, 2), output_dims=(2, 2))"
"Operator([[-0.85349209-0.31064606j,  0.02246102-0.09989971j,
           -0.14005823+0.14849022j,  0.30260322-0.17700699j],
          [-0.02854514-0.09833425j, -0.91963096-0.31877734j,
           -0.02226908-0.00372552j, -0.14005823+0.14849022j],
          [ 0.05073298+0.19771651j, -0.02130167+0.00748535j,
           -0.91963096-0.31877734j,  0.02246102-0.09989971j],
          [-0.15861937-0.3126341j ,  0.05073298+0.19771651j,
           -0.02854514-0.09833425j, -0.85349209-0.31064606j]],
         input_dims=(2, 2), output_dims=(2, 2))"
"Operator([[-0.85349209-0.31064606j, -0.00314115-0.10234541j,
           -0.05099566+0.19764892j,  0.09890154-0.33633119j],
          [-0.00314115-0.10234541j, -0.91963096-0.31877734j,
           -0.02249497+0.00194115j, -0.05099566+0.19764892j],
          [-0.05099566+0.19764892j, -0.02249497+0.00194115j,
           -0.91963096-0.31877734j, -0.00314115-0.10234541j],
          [ 0.09890154-0.33633119j, -0.05099566+0.19764892j,
           -0.00314115-0.10234541j, -0.85349209-0.31064606j]],
         input_dims=(2, 2), output_dims=(2, 2))"
"Operator([[-0.85349209-0.31064606j,  0.09244371+0.04402966j,
            0.19046034-0.07342012j,  0.04917656-0.34710495j],
          [-0.08956957+0.04961594j, -0.91963096-0.31877734j,
            0.00856531-0.02089084j,  0.19046034-0.07342012j],
          [-0.13116345-0.15640269j,  0.01201749+0.0191147j ,
           -0.91963096-0.31877734j,  0.09244371+0.04402966j],
          [ 0.14654336-0.31847327j, -0.13116345-0.15640269j,
           -0.08956957+0.04961594j, -0.85349209-0.31064606j]],
         input_dims=(2, 2), output_dims=(2, 2))"
