unitary
"Operator([[-0.70824248+0.19306771j,  0.45986671-0.19083743j,
           -0.14877125+0.39058953j, -0.19435292+0.02747767j],
          [ 0.45986671-0.19083743j,  0.18198795+0.20336148j,
           -0.00691707+0.70914545j, -0.14877125+0.39058953j],
          [-0.14877125+0.39058953j, -0.00691707+0.70914545j,
            0.18198795+0.20336148j,  0.45986671-0.19083743j],
          [-0.19435292+0.02747767j, -0.14877125+0.39058953j,
            0.45986671-0.19083743j, -0.70824248+0.19306771j]],
         input_dims=(2, 2), output_dims=(2, 2))"
"Operator([[-0.70824248+0.19306771j,  0.45986671-0.19083743j,
           -0.14877125+0.39058953j, -0.19435292+0.02747767j],
          [ 0.45986671-0.19083743j,  0.18198795+0.20336148j,
           -0.00691707+0.70914545j, -0.14877125+0.39058953j],
          [-0.14877125+0.39058953j, -0.00691707+0.70914545j,
            0.18198795+0.20336148j,  0.45986671-0.19083743j],
          [-0.19435292+0.02747767j, -0.14877125+0.39058953j,
            0.45986671-0.19083743j, -0.70824248+0.19306771j]],
         input_dims=(2, 2), output_dims=(2, 2))"
"Operator([[-0.70824248+0.19306771j,  0.12213802+0.48267858j,
            0.2545919 -0.33147553j, -0.05727487+0.18774363j],
          [-0.25550294-0.42733425j,  0.18198795+0.20336148j,
           -0.70064755-0.10967281j,  0.2545919 -0.33147553j],
          [ 0.03043827-0.41685318j,  0.70265356-0.09598488j,
            0.18198795+0.20336148j,  0.12213802+0.48267858j],
          [-0.10707625-0.16450762j,  0.03043827-0.41685318j,
           -0.25550294-0.42733425j, -0.70824248+0.19306771j]],
         input_dims=(2, 2), output_dims=(2, 2))"
