unitary
"Operator([[ 8.49807622e-01-0.48915947j,  5.56732257e-02+0.18690713j,
           -2.21650333e-02+0.00475873j, -4.32099984e-04-0.00145507j],
          [ 5.56732257e-02+0.18690713j,  9.52785453e-01-0.05202104j,
            1.26658519e-02+0.2253565j , -2.21650333e-02+0.00475873j],
          [-2.21650333e-02+0.00475873j,  1.26658519e-02+0.2253565j ,
            9.52785453e-01-0.05202104j,  5.56732257e-02+0.18690713j],
          [-4.32099984e-04-0.00145507j, -2.21650333e-02+0.00475873j,
            5.56732257e-02+0.18690713j,  8.49807622e-01-0.48915947j]],
         input_dims=(2, 2), output_dims=(2, 2))"
"Operator([[ 8.49807622e-01-0.48915947j,  5.56732257e-02+0.18690713j,
           -2.21650333e-02+0.00475873j, -4.32099984e-04-0.00145507j],
          [ 5.56732257e-02+0.18690713j,  9.52785453e-01-0.05202104j,
            1.26658519e-02+0.2253565j , -2.21650333e-02+0.00475873j],
          [-2.21650333e-02+0.00475873j,  1.26658519e-02+0.2253565j ,
            9.52785453e-01-0.05202104j,  5.56732257e-02+0.18690713j],
          [-4.32099984e-04-0.00145507j, -2.21650333e-02+0.00475873j,
            5.56732257e-02+0.18690713j,  8.49807622e-01-0.48915947j]],
         input_dims=(2, 2), output_dims=(2, 2))"
"Operator([[ 0.84980762-4.89159468e-01j,  0.11732342+1.55785104e-01j,
           -0.01367139+1.80838948e-02j, -0.0014832 -3.22581416e-04j],
          [-0.01295823+1.94591538e-01j,  0.95278545-5.20210443e-02j,
            0.09041291+2.06812671e-01j, -0.01367139+1.80838948e-02j],
          [-0.01988948-1.08785373e-02j, -0.06666946+2.15641270e-01j,
            0.95278545-5.20210443e-02j,  0.11732342+1.55785104e-01j],
          [ 0.00106674-1.07981589e-03j, -0.01988948-1.08785373e-02j,
           -0.01295823+1.94591538e-01j,  0.84980762-4.89159468e-01j]],
         input_dims=(2, 2), output_dims=(2, 2))"
"Operator([[ 8.49807622e-01-4.89159468e-01j,
            1.62681766e-01+1.07556615e-01j,
            7.91986124e-04+2.26562778e-02j,
           -1.04739340e-03+1.09859226e-03j],
          [-7.73135671e-02+1.79042997e-01j,
            9.52785453e-01-5.20210443e-02j,
            1.54393619e-01+1.64646848e-01j,
            7.91986124e-04+2.26562778e-02j],
          [-8.57753324e-03-2.09847586e-02j,
           -1.34972058e-01+1.80910248e-01j,
            9.52785453e-01-5.20210443e-02j,
            1.62681766e-01+1.07556615e-01j],
          [ 1.47723551e-03+3.48874088e-04j,
           -8.57753324e-03-2.09847586e-02j,
           -7.73135671e-02+1.79042997e-01j,
            8.49807622e-01-4.89159468e-01j]],
         input_dims=(2, 2), output_dims=(2, 2))"
"Operator([[ 8.49807622e-01-0.48915947j,  5.56732257e-02+0.18690713j,
           -2.21650333e-02+0.00475873j, -4.32099984e-04-0.00145507j],
          [ 5.56732257e-02+0.18690713j,  9.52785453e-01-0.05202104j,
            1.26658519e-02+0.2253565j , -2.21650333e-02+0.00475873j],
          [-2.21650333e-02+0.00475873j,  1.26658519e-02+0.2253565j ,
            9.52785453e-01-0.05202104j,  5.56732257e-02+0.18690713j],
          [-4.32099984e-04-0.00145507j, -2.21650333e-02+0.00475873j,
            5.56732257e-02+0.18690713j,  8.49807622e-01-0.48915947j]],
         input_dims=(2, 2), output_dims=(2, 2))"
"Operator([[ 8.49807622e-01-0.48915947j,  1.88372355e-01+0.05049394j,
            1.42458507e-02+0.01763491j,  3.09404324e-04+0.001486j  ],
          [-1.30040656e-01+0.14533826j,  9.52785453e-01-0.05202104j,
            1.98592808e-01+0.10727009j,  1.42458507e-02+0.01763491j],
          [ 5.75181984e-03-0.02192831j, -1.85322144e-01+0.1288475j ,
            9.52785453e-01-0.05202104j,  1.88372355e-01+0.05049394j],
          [ 5.51792778e-04+0.00141402j,  5.75181984e-03-0.02192831j,
           -1.30040656e-01+0.14533826j,  8.49807622e-01-0.48915947j]],
         input_dims=(2, 2), output_dims=(2, 2))"
"Operator([[ 8.49807622e-01-0.48915947j,  1.87361642e-01+0.05412391j,
            1.35539227e-02+0.0181721j ,  2.22797864e-04+0.00150143j],
          [-1.27208418e-01+0.14782355j,  9.52785453e-01-0.05202104j,
            1.96483259e-01+0.11108692j,  1.35539227e-02+0.0181721j ],
          [ 4.90036508e-03-0.02213415j, -1.82798192e-01+0.13240391j,
            9.52785453e-01-0.05202104j,  1.87361642e-01+0.05412391j],
          [ 6.32782961e-04+0.00137968j,  4.90036508e-03-0.02213415j,
           -1.27208418e-01+0.14782355j,  8.49807622e-01-0.48915947j]],
         input_dims=(2, 2), output_dims=(2, 2))"
"Operator([[ 0.84980762-4.89159468e-01j, -0.11549976-1.57141938e-01j,
           -0.01408919+1.77603206e-02j,  0.00147102+3.74235316e-04j],
          [ 0.01068936-1.94729350e-01j,  0.95278545-5.20210443e-02j,
           -0.08799634-2.07852395e-01j, -0.01408919+1.77603206e-02j],
          [-0.02013764-1.04119856e-02j,  0.06415161-2.16403661e-01j,
            0.95278545-5.20210443e-02j, -0.11549976-1.57141938e-01j],
          [-0.00102834+1.11644798e-03j, -0.02013764-1.04119856e-02j,
            0.01068936-1.94729350e-01j,  0.84980762-4.89159468e-01j]],
         input_dims=(2, 2), output_dims=(2, 2))"
"Operator([[ 8.49807622e-01-0.48915947j, -1.72356321e-01-0.09125284j,
            5.15588704e-03+0.02207603j,  6.87153337e-04-0.00135342j],
          [ 9.43324448e-02-0.17069028j,  9.52785453e-01-0.05202104j,
           -1.69650509e-01-0.14887807j,  5.15588704e-03+0.02207603j],
          [-4.36002986e-03-0.02224689j,  1.51899807e-01-0.16695036j,
            9.52785453e-01-0.05202104j, -1.72356321e-01-0.09125284j],
          [-1.31446841e-03-0.00075902j, -4.36002986e-03-0.02224689j,
            9.43324448e-02-0.17069028j,  8.49807622e-01-0.48915947j]],
         input_dims=(2, 2), output_dims=(2, 2))"
"Operator([[ 8.49807622e-01-0.48915947j,  5.56732257e-02+0.18690713j,
           -2.21650333e-02+0.00475873j, -4.32099984e-04-0.00145507j],
          [ 5.56732257e-02+0.18690713j,  9.52785453e-01-0.05202104j,
            1.26658519e-02+0.2253565j , -2.21650333e-02+0.00475873j],
          [-2.21650333e-02+0.00475873j,  1.26658519e-02+0.2253565j ,
            9.52785453e-01-0.05202104j,  5.56732257e-02+0.18690713j],
          [-4.32099984e-04-0.00145507j, -2.21650333e-02+0.00475873j,
            5.56732257e-02+0.18690713j,  8.49807622e-01-0.48915947j]],
         input_dims=(2, 2), output_dims=(2, 2))"
"Operator([[ 8.49807622e-01-0.48915947j,  5.56732257e-02+0.18690713j,
           -2.21650333e-02+0.00475873j, -4.32099984e-04-0.00145507j],
          [ 5.56732257e-02+0.18690713j,  9.52785453e-01-0.05202104j,
            1.26658519e-02+0.2253565j , -2.21650333e-02+0.00475873j],
          [-2.21650333e-02+0.00475873j,  1.26658519e-02+0.2253565j ,
            9.52785453e-01-0.05202104j,  5.56732257e-02+0.18690713j],
          [-4.32099984e-04-0.00145507j, -2.21650333e-02+0.00475873j,
            5.56732257e-02+0.18690713j,  8.49807622e-01-0.48915947j]],
         input_dims=(2, 2), output_dims=(2, 2))"
"Operator([[ 8.49807622e-01-0.48915947j, -1.77343792e-01-0.08113545j,
            7.66979302e-03+0.02133327j,  4.43134099e-04-0.00145175j],
          [ 1.04043086e-01-0.16495096j,  9.52785453e-01-0.05202104j,
           -1.77974099e-01-0.13882073j,  7.66979302e-03+0.02133327j],
          [-1.76278474e-03-0.02260148j,  1.61297934e-01-0.15788905j,
            9.52785453e-01-0.05202104j, -1.77343792e-01-0.08113545j],
          [-1.16366337e-03-0.00097459j, -1.76278474e-03-0.02260148j,
            1.04043086e-01-0.16495096j,  8.49807622e-01-0.48915947j]],
         input_dims=(2, 2), output_dims=(2, 2))"
"Operator([[ 8.49807622e-01-0.48915947j,  5.56732257e-02+0.18690713j,
           -2.21650333e-02+0.00475873j, -4.32099984e-04-0.00145507j],
          [ 5.56732257e-02+0.18690713j,  9.52785453e-01-0.05202104j,
            1.26658519e-02+0.2253565j , -2.21650333e-02+0.00475873j],
          [-2.21650333e-02+0.00475873j,  1.26658519e-02+0.2253565j ,
            9.52785453e-01-0.05202104j,  5.56732257e-02+0.18690713j],
          [-4.32099984e-04-0.00145507j, -2.21650333e-02+0.00475873j,
            5.56732257e-02+0.18690713j,  8.49807622e-01-0.48915947j]],
         input_dims=(2, 2), output_dims=(2, 2))"
