unitary
"Operator([[ 9.41366246e-01-0.31421358j,  2.17999268e-02+0.12061082j,
           -8.70437146e-03+0.00114631j, -6.44524569e-05-0.00035699j],
          [ 2.17999268e-02+0.12061082j,  9.81660078e-01-0.03435118j,
            5.00604995e-03+0.14155967j, -8.70437146e-03+0.00114631j],
          [-8.70437146e-03+0.00114631j,  5.00604995e-03+0.14155967j,
            9.81660078e-01-0.03435118j,  2.17999268e-02+0.12061082j],
          [-6.44524569e-05-0.00035699j, -8.70437146e-03+0.00114631j,
            2.17999268e-02+0.12061082j,  9.41366246e-01-0.31421358j]],
         input_dims=(2, 2), output_dims=(2, 2))"
"Operator([[ 9.41366246e-01-3.14213578e-01j,
            1.04613507e-01-6.38609483e-02j,
            5.66503255e-03-6.70727276e-03j,
            1.01793413e-04-3.48186596e-04j],
          [-1.20349392e-01-2.31997975e-02j,
            9.81660078e-01-3.43511799e-02j,
            1.30211550e-01-5.57597820e-02j,
            5.66503255e-03-6.70727276e-03j],
          [ 7.20837252e-03+5.01193249e-03j,
           -1.33825077e-01-4.64225143e-02j,
            9.81660078e-01-3.43511799e-02j,
            1.04613507e-01-6.38609483e-02j],
          [-2.17124096e-04-2.90607865e-04j,
            7.20837252e-03+5.01193249e-03j,
           -1.20349392e-01-2.31997975e-02j,
            9.41366246e-01-3.14213578e-01j]],
         input_dims=(2, 2), output_dims=(2, 2))"
"Operator([[ 9.41366246e-01-0.31421358j,  9.25364492e-02-0.08036922j,
            3.15186364e-03-0.00819426j, -7.80362102e-05-0.00035427j],
          [-1.14815285e-01-0.04289122j,  9.81660078e-01-0.03435118j,
            1.19125280e-01-0.07663791j,  3.15186364e-03-0.00819426j],
          [ 5.16586486e-03+0.00709887j, -1.24241305e-01-0.0680316j ,
            9.81660078e-01-0.03435118j,  9.25364492e-02-0.08036922j],
          [-5.07747040e-05-0.00035919j,  5.16586486e-03+0.00709887j,
           -1.14815285e-01-0.04289122j,  9.41366246e-01-0.31421358j]],
         input_dims=(2, 2), output_dims=(2, 2))"
"Operator([[ 9.41366246e-01-3.14213578e-01j,
            8.05974145e-02-9.23377682e-02j,
            7.98898887e-04-8.74310370e-03j,
           -2.13990319e-04-2.92923109e-04j],
          [-1.07821309e-01-5.82818320e-02j,
            9.81660078e-01-3.43511799e-02j,
            1.07446759e-01-9.23005690e-02j,
            7.98898887e-04-8.74310370e-03j],
          [ 3.03521848e-03+8.23817641e-03j,
           -1.13698347e-01-8.44800969e-02j,
            9.81660078e-01-3.43511799e-02j,
            8.05974145e-02-9.23377682e-02j],
          [ 9.80478671e-05-3.49259817e-04j,
            3.03521848e-03+8.23817641e-03j,
           -1.07821309e-01-5.82818320e-02j,
            9.41366246e-01-3.14213578e-01j]],
         input_dims=(2, 2), output_dims=(2, 2))"
"Operator([[ 9.41366246e-01-3.14213578e-01j,
            6.81671542e-02-1.01859932e-01j,
           -1.43826968e-03-8.66091693e-03j,
           -3.08053892e-04-1.91568797e-04j],
          [-9.95108178e-02-7.15528043e-02j,
            9.81660078e-01-3.43511799e-02j,
            9.48021320e-02-1.05246172e-01j,
           -1.43826968e-03-8.66091693e-03j],
          [ 8.53048094e-04+8.73798665e-03j,
           -1.01999768e-01-9.82865617e-02j,
            9.81660078e-01-3.43511799e-02j,
            6.81671542e-02-1.01859932e-01j],
          [ 2.21615368e-04-2.87197550e-04j,
            8.53048094e-04+8.73798665e-03j,
           -9.95108178e-02-7.15528043e-02j,
            9.41366246e-01-3.14213578e-01j]],
         input_dims=(2, 2), output_dims=(2, 2))"
"Operator([[ 9.41366246e-01-0.31421358j,  2.17999268e-02+0.12061082j,
           -8.70437146e-03+0.00114631j, -6.44524569e-05-0.00035699j],
          [ 2.17999268e-02+0.12061082j,  9.81660078e-01-0.03435118j,
            5.00604995e-03+0.14155967j, -8.70437146e-03+0.00114631j],
          [-8.70437146e-03+0.00114631j,  5.00604995e-03+0.14155967j,
            9.81660078e-01-0.03435118j,  2.17999268e-02+0.12061082j],
          [-6.44524569e-05-0.00035699j, -8.70437146e-03+0.00114631j,
            2.17999268e-02+0.12061082j,  9.41366246e-01-0.31421358j]],
         input_dims=(2, 2), output_dims=(2, 2))"
"Operator([[ 9.41366246e-01-3.14213578e-01j,
            1.08696686e-02-1.22082173e-01j,
           -8.07172419e-03-3.45360252e-03j,
           -2.12024345e-04+2.94349251e-04j],
          [-5.29175325e-02-1.10552890e-01j,
            9.81660078e-01-3.43511799e-02j,
            3.26053354e-02-1.37844452e-01j,
           -8.07172419e-03-3.45360252e-03j],
          [-6.90239433e-03+5.42559253e-03j,
           -4.22610424e-02-1.35196913e-01j,
            9.81660078e-01-3.43511799e-02j,
            1.08696686e-02-1.22082173e-01j],
          [ 3.01569271e-04+2.01622863e-04j,
           -6.90239433e-03+5.42559253e-03j,
           -5.29175325e-02-1.10552890e-01j,
            9.41366246e-01-3.14213578e-01j]],
         input_dims=(2, 2), output_dims=(2, 2))"
"Operator([[ 9.41366246e-01-0.31421358j, -1.12529993e-01-0.04857167j,
            4.43193458e-03+0.00757879j,  3.43040647e-06-0.00036275j],
          [ 8.84072745e-02-0.08489028j,  9.81660078e-01-0.03435118j,
           -1.20688719e-01-0.07415143j,  4.43193458e-03+0.00757879j],
          [ 2.31870685e-03-0.0084678j ,  1.15149272e-01-0.08249149j,
            9.81660078e-01-0.03435118j, -1.12529993e-01-0.04857167j],
          [-1.30062169e-04-0.00033864j,  2.31870685e-03-0.0084678j ,
            8.84072745e-02-0.08489028j,  9.41366246e-01-0.31421358j]],
         input_dims=(2, 2), output_dims=(2, 2))"
"Operator([[ 9.41366246e-01-0.31421358j,  2.17999268e-02+0.12061082j,
           -8.70437146e-03+0.00114631j, -6.44524569e-05-0.00035699j],
          [ 2.17999268e-02+0.12061082j,  9.81660078e-01-0.03435118j,
            5.00604995e-03+0.14155967j, -8.70437146e-03+0.00114631j],
          [-8.70437146e-03+0.00114631j,  5.00604995e-03+0.14155967j,
            9.81660078e-01-0.03435118j,  2.17999268e-02+0.12061082j],
          [-6.44524569e-05-0.00035699j, -8.70437146e-03+0.00114631j,
            2.17999268e-02+0.12061082j,  9.41366246e-01-0.31421358j]],
         input_dims=(2, 2), output_dims=(2, 2))"
"Operator([[ 9.41366246e-01-0.31421358j, -9.02699252e-02+0.08290686j,
            2.69227385e-03-0.00835654j,  1.07236496e-04+0.00034655j],
          [ 1.13580482e-01+0.04606171j,  9.81660078e-01-0.03435118j,
           -1.16952084e-01+0.07991502j,  2.69227385e-03-0.00835654j],
          [ 4.76395910e-03+0.0073746j ,  1.22305029e-01+0.07145405j,
            9.81660078e-01-0.03435118j, -9.02699252e-02+0.08290686j],
          [ 2.07185042e-05+0.00036217j,  4.76395910e-03+0.0073746j ,
            1.13580482e-01+0.04606171j,  9.41366246e-01-0.31421358j]],
         input_dims=(2, 2), output_dims=(2, 2))"
"Operator([[ 9.41366246e-01-3.14213578e-01j,
           -7.13471946e-02+9.96583387e-02j,
           -8.89122886e-04-8.73438963e-03j,
            2.88564722e-04+2.19832221e-04j],
          [ 1.01718972e-01+6.83773162e-02j,
            9.81660078e-01-3.43511799e-02j,
           -9.80757562e-02+1.02202480e-01j,
           -8.89122886e-04-8.73438963e-03j],
          [ 1.40249360e-03+8.66678218e-03j,
            1.05050212e-01+9.50192287e-02j,
            9.81660078e-01-3.43511799e-02j,
           -7.13471946e-02+9.96583387e-02j],
          [-1.93473201e-04+3.06861409e-04j,
            1.40249360e-03+8.66678218e-03j,
            1.01718972e-01+6.83773162e-02j,
            9.41366246e-01-3.14213578e-01j]],
         input_dims=(2, 2), output_dims=(2, 2))"
"Operator([[ 9.41366246e-01-0.31421358j,  2.17999268e-02+0.12061082j,
           -8.70437146e-03+0.00114631j, -6.44524569e-05-0.00035699j],
          [ 2.17999268e-02+0.12061082j,  9.81660078e-01-0.03435118j,
            5.00604995e-03+0.14155967j, -8.70437146e-03+0.00114631j],
          [-8.70437146e-03+0.00114631j,  5.00604995e-03+0.14155967j,
            9.81660078e-01-0.03435118j,  2.17999268e-02+0.12061082j],
          [-6.44524569e-05-0.00035699j, -8.70437146e-03+0.00114631j,
            2.17999268e-02+0.12061082j,  9.41366246e-01-0.31421358j]],
         input_dims=(2, 2), output_dims=(2, 2))"
"Operator([[ 9.41366246e-01-0.31421358j,  2.17999268e-02+0.12061082j,
           -8.70437146e-03+0.00114631j, -6.44524569e-05-0.00035699j],
          [ 2.17999268e-02+0.12061082j,  9.81660078e-01-0.03435118j,
            5.00604995e-03+0.14155967j, -8.70437146e-03+0.00114631j],
          [-8.70437146e-03+0.00114631j,  5.00604995e-03+0.14155967j,
            9.81660078e-01-0.03435118j,  2.17999268e-02+0.12061082j],
          [-6.44524569e-05-0.00035699j, -8.70437146e-03+0.00114631j,
            2.17999268e-02+0.12061082j,  9.41366246e-01-0.31421358j]],
         input_dims=(2, 2), output_dims=(2, 2))"
"Operator([[ 9.41366246e-01-3.14213578e-01j,
           -5.17984797e-02+1.11081610e-01j,
           -3.98736737e-03-7.82182863e-03j,
            3.61089891e-04+3.47835375e-05j],
          [ 8.74059138e-02+8.59209689e-02j,
            9.81660078e-01-3.43511799e-02j,
           -7.76030020e-02+1.18498840e-01j,
           -3.98736737e-03-7.82182863e-03j],
          [-1.82637529e-03+8.58745917e-03j,
            8.57797539e-02+1.12721049e-01j,
            9.81660078e-01-3.43511799e-02j,
           -5.17984797e-02+1.11081610e-01j],
          [-3.26129199e-04+1.58857011e-04j,
           -1.82637529e-03+8.58745917e-03j,
            8.74059138e-02+8.59209689e-02j,
            9.41366246e-01-3.14213578e-01j]],
         input_dims=(2, 2), output_dims=(2, 2))"
