unitary
"Operator([[ 9.20523801e-01-3.63571888e-01j,
            1.40201051e-01-2.55464294e-02j,
            1.18671145e-02-1.14018896e-03j,
            5.70754962e-04-7.05316305e-05j],
          [-1.38518937e-01+3.34881905e-02j,
            9.75113011e-01-3.95084415e-02j,
            1.64737081e-01-2.07574853e-03j,
            1.18671145e-02-1.14018896e-03j],
          [ 1.16605245e-02-2.48205692e-03j,
           -1.64351606e-01+1.14526996e-02j,
            9.75113011e-01-3.95084415e-02j,
            1.40201051e-01-2.55464294e-02j],
          [-5.50442350e-04+1.66580784e-04j,
            1.16605245e-02-2.48205692e-03j,
           -1.38518937e-01+3.34881905e-02j,
            9.20523801e-01-3.63571888e-01j]],
         input_dims=(2, 2), output_dims=(2, 2))"
"Operator([[ 9.20523801e-01-3.63571888e-01j,
            1.28967325e-01-6.06331915e-02j,
            9.74238389e-03-6.87127307e-03j,
            3.57178253e-04-4.50732331e-04j],
          [-1.42474892e-01-3.14004862e-03j,
            9.75113011e-01-3.95084415e-02j,
            1.58700154e-01-4.42365902e-02j,
            9.74238389e-03-6.87127307e-03j],
          [ 1.13580079e-02+3.62271900e-03j,
           -1.61795565e-01-3.10613889e-02j,
            9.75113011e-01-3.95084415e-02j,
            1.28967325e-01-6.06331915e-02j],
          [-5.09078481e-04-2.67535115e-04j,
            1.13580079e-02+3.62271900e-03j,
           -1.42474892e-01-3.14004862e-03j,
            9.20523801e-01-3.63571888e-01j]],
         input_dims=(2, 2), output_dims=(2, 2))"
"Operator([[ 9.20523801e-01-0.36357189j,  1.14799543e-01-0.08443944j,
            6.40442647e-03-0.01005543j,  4.94012488e-05-0.00057297j],
          [-1.39175351e-01-0.03064599j,  9.75113011e-01-0.03950844j,
            1.47142904e-01-0.0741052j ,  6.40442647e-03-0.01005543j],
          [ 9.13237128e-03+0.00766343j, -1.52728895e-01-0.06177782j,
            9.75113011e-01-0.03950844j,  1.14799543e-01-0.08443944j],
          [-2.77142134e-04-0.00050391j,  9.13237128e-03+0.00766343j,
           -1.39175351e-01-0.03064599j,  9.20523801e-01-0.36357189j]],
         input_dims=(2, 2), output_dims=(2, 2))"
"Operator([[ 9.20523801e-01-0.36357189j,  1.12493670e-01-0.08748788j,
            5.85605443e-03-0.01038437j,  3.18612346e-06-0.00057509j],
          [-1.38303396e-01-0.03436751j,  9.75113011e-01-0.03950844j,
            1.45102551e-01-0.07802477j,  5.85605443e-03-0.01038437j],
          [ 8.70833091e-03+0.00814208j, -1.51017141e-01-0.06585164j,
            9.75113011e-01-0.03950844j,  1.12493670e-01-0.08748788j],
          [-2.35740967e-04-0.00052456j,  8.70833091e-03+0.00814208j,
           -1.38303396e-01-0.03436751j,  9.20523801e-01-0.36357189j]],
         input_dims=(2, 2), output_dims=(2, 2))"
"Operator([[ 9.20523801e-01-0.36357189j,  2.95292899e-02+0.13941656j,
           -1.17829369e-02+0.00181407j, -1.18990440e-04-0.00056265j],
          [ 2.95292899e-02+0.13941656j,  9.75113011e-01-0.03950844j,
            6.76696943e-03+0.16461113j, -1.17829369e-02+0.00181407j],
          [-1.17829369e-02+0.00181407j,  6.76696943e-03+0.16461113j,
            9.75113011e-01-0.03950844j,  2.95292899e-02+0.13941656j],
          [-1.18990440e-04-0.00056265j, -1.17829369e-02+0.00181407j,
            2.95292899e-02+0.13941656j,  9.20523801e-01-0.36357189j]],
         input_dims=(2, 2), output_dims=(2, 2))"
"Operator([[ 9.20523801e-01-0.36357189j,  2.95292899e-02+0.13941656j,
           -1.17829369e-02+0.00181407j, -1.18990440e-04-0.00056265j],
          [ 2.95292899e-02+0.13941656j,  9.75113011e-01-0.03950844j,
            6.76696943e-03+0.16461113j, -1.17829369e-02+0.00181407j],
          [-1.17829369e-02+0.00181407j,  6.76696943e-03+0.16461113j,
            9.75113011e-01-0.03950844j,  2.95292899e-02+0.13941656j],
          [-1.18990440e-04-0.00056265j, -1.17829369e-02+0.00181407j,
            2.95292899e-02+0.13941656j,  9.20523801e-01-0.36357189j]],
         input_dims=(2, 2), output_dims=(2, 2))"
