unitary
"Operator([[ 8.86340847e-01-0.43033515j,  4.21826807e-02+0.16473853j,
           -1.68138086e-02+0.00311693j, -2.45314235e-04-0.00096019j],
          [ 4.21826807e-02+0.16473853j,  9.64342661e-01-0.04628868j,
            9.63322217e-03+0.19646172j, -1.68138086e-02+0.00311693j],
          [-1.68138086e-02+0.00311693j,  9.63322217e-03+0.19646172j,
            9.64342661e-01-0.04628868j,  4.21826807e-02+0.16473853j],
          [-2.45314235e-04-0.00096019j, -1.68138086e-02+0.00311693j,
            4.21826807e-02+0.16473853j,  8.86340847e-01-0.43033515j]],
         input_dims=(2, 2), output_dims=(2, 2))"
"Operator([[ 8.86340847e-01-0.43033515j,  4.21826807e-02+0.16473853j,
           -1.68138086e-02+0.00311693j, -2.45314235e-04-0.00096019j],
          [ 4.21826807e-02+0.16473853j,  9.64342661e-01-0.04628868j,
            9.63322217e-03+0.19646172j, -1.68138086e-02+0.00311693j],
          [-1.68138086e-02+0.00311693j,  9.63322217e-03+0.19646172j,
            9.64342661e-01-0.04628868j,  4.21826807e-02+0.16473853j],
          [-2.45314235e-04-0.00096019j, -1.68138086e-02+0.00311693j,
            4.21826807e-02+0.16473853j,  8.86340847e-01-0.43033515j]],
         input_dims=(2, 2), output_dims=(2, 2))"
"Operator([[ 8.86340847e-01-4.30335148e-01j,
            8.95270865e-02+1.44578917e-01j,
           -1.20258987e-02+1.21571866e-02j,
           -9.09147200e-04-3.94462786e-04j],
          [-9.02419875e-03+1.69813799e-01j,
            9.64342661e-01-4.62886825e-02j,
            6.79566889e-02+1.84585743e-01j,
           -1.20258987e-02+1.21571866e-02j],
          [-1.55844374e-02-7.03880209e-03j,
           -4.95723143e-02+1.90348611e-01j,
            9.64342661e-01-4.62886825e-02j,
            8.95270865e-02+1.44578917e-01j],
          [ 6.08527091e-04-7.82204769e-04j,
           -1.55844374e-02-7.03880209e-03j,
           -9.02419875e-03+1.69813799e-01j,
            8.86340847e-01-4.30335148e-01j]],
         input_dims=(2, 2), output_dims=(2, 2))"
"Operator([[ 8.86340847e-01-4.30335148e-01j,
            1.41777785e-01+9.39000648e-02j,
            1.41422957e-03+1.70416953e-02j,
           -6.27781124e-04+7.66837911e-04j],
          [-7.92012980e-02+1.50483610e-01j,
            9.64342661e-01-4.62886825e-02j,
            1.38911441e-01+1.39260976e-01j,
            1.41422957e-03+1.70416953e-02j],
          [-4.78817781e-03-1.64162352e-02j,
           -1.24620904e-01+1.52182911e-01j,
            9.64342661e-01-4.62886825e-02j,
            1.41777785e-01+9.39000648e-02j],
          [ 9.18670865e-04+3.71743678e-04j,
           -4.78817781e-03-1.64162352e-02j,
           -7.92012980e-02+1.50483610e-01j,
            8.86340847e-01-4.30335148e-01j]],
         input_dims=(2, 2), output_dims=(2, 2))"
"Operator([[ 8.86340847e-01-0.43033515j,  4.21826807e-02+0.16473853j,
           -1.68138086e-02+0.00311693j, -2.45314235e-04-0.00096019j],
          [ 4.21826807e-02+0.16473853j,  9.64342661e-01-0.04628868j,
            9.63322217e-03+0.19646172j, -1.68138086e-02+0.00311693j],
          [-1.68138086e-02+0.00311693j,  9.63322217e-03+0.19646172j,
            9.64342661e-01-0.04628868j,  4.21826807e-02+0.16473853j],
          [-2.45314235e-04-0.00096019j, -1.68138086e-02+0.00311693j,
            4.21826807e-02+0.16473853j,  8.86340847e-01-0.43033515j]],
         input_dims=(2, 2), output_dims=(2, 2))"
"Operator([[ 8.86340847e-01-0.43033515j,  1.70022080e-01+0.00326413j,
            1.60254479e-02+0.00596695j,  8.39937237e-04+0.00052598j],
          [-1.47529889e-01+0.08457597j,  9.64342661e-01-0.04628868j,
            1.91919249e-01+0.04309304j,  1.60254479e-02+0.00596695j],
          [ 1.28218019e-02-0.01131463j, -1.86782727e-01+0.06166215j,
            9.64342661e-01-0.04628868j,  1.70022080e-01+0.00326413j],
          [-4.84714943e-04+0.00086441j,  1.28218019e-02-0.01131463j,
           -1.47529889e-01+0.08457597j,  8.86340847e-01-0.43033515j]],
         input_dims=(2, 2), output_dims=(2, 2))"
"Operator([[ 8.86340847e-01-4.30335148e-01j,
            1.68730685e-01-2.11688037e-02j,
            1.70602509e-02+1.16930034e-03j,
            9.82994925e-04+1.25978165e-04j],
          [-1.58140015e-01+6.25291766e-02j,
            9.64342661e-01-4.62886825e-02j,
            1.96116884e-01+1.51054888e-02j,
            1.70602509e-02+1.16930034e-03j],
          [ 1.55075158e-02-7.20668979e-03j,
           -1.93698302e-01+3.42195239e-02j,
            9.64342661e-01-4.62886825e-02j,
            1.68730685e-01-2.11688037e-02j],
          [-8.02106472e-04+5.82043579e-04j,
            1.55075158e-02-7.20668979e-03j,
           -1.58140015e-01+6.25291766e-02j,
            8.86340847e-01-4.30335148e-01j]],
         input_dims=(2, 2), output_dims=(2, 2))"
"Operator([[ 8.86340847e-01-4.30335148e-01j,
            1.67287950e-01-3.05434794e-02j,
            1.70843689e-02-7.37403919e-04j,
            9.90246221e-04-3.95214244e-05j],
          [-1.61380348e-01+5.36147907e-02j,
            9.64342661e-01-4.62886825e-02j,
            1.96654028e-01+4.14746588e-03j,
            1.70843689e-02-7.37403919e-04j],
          [ 1.62134714e-02-5.43532605e-03j,
           -1.95304913e-01+2.33666170e-02j,
            9.64342661e-01-4.62886825e-02j,
            1.67287950e-01-3.05434794e-02j],
          [-8.87852710e-04+4.40303402e-04j,
            1.62134714e-02-5.43532605e-03j,
           -1.61380348e-01+5.36147907e-02j,
            8.86340847e-01-4.30335148e-01j]],
         input_dims=(2, 2), output_dims=(2, 2))"
"Operator([[ 8.86340847e-01-4.30335148e-01j,
            1.68503025e-01-2.29105382e-02j,
            1.70807652e-02+8.16629953e-04j,
            9.86426219e-04+9.54611733e-05j],
          [-1.58777459e-01+6.08923708e-02j,
            9.64342661e-01-4.62886825e-02j,
            1.96262450e-01+1.30789398e-02j,
            1.70807652e-02+8.16629953e-04j],
          [ 1.56530784e-02-6.88480661e-03j,
           -1.94041431e-01+3.22169374e-02j,
            9.64342661e-01-4.62886825e-02j,
            1.68503025e-01-2.29105382e-02j],
          [-8.19755060e-04+5.56912167e-04j,
            1.56530784e-02-6.88480661e-03j,
           -1.58777459e-01+6.08923708e-02j,
            8.86340847e-01-4.30335148e-01j]],
         input_dims=(2, 2), output_dims=(2, 2))"
"Operator([[ 8.86340847e-01-0.43033515j,  1.69598105e-01+0.01243564j,
            1.52889418e-02+0.00765948j,  7.44108452e-04+0.00065456j],
          [-1.42750211e-01+0.09241504j,  9.64342661e-01-0.04628868j,
            1.89313751e-01+0.05338831j,  1.52889418e-02+0.00765948j],
          [ 1.15275606e-02-0.01263071j, -1.83182520e-01+0.07165314j,
            9.64342661e-01-0.04628868j,  1.69598105e-01+0.01243564j],
          [-3.38953633e-04+0.00093127j,  1.15275606e-02-0.01263071j,
           -1.42750211e-01+0.09241504j,  8.86340847e-01-0.43033515j]],
         input_dims=(2, 2), output_dims=(2, 2))"
"Operator([[ 8.86340847e-01-4.30335148e-01j,
            1.31266113e-01+1.08108140e-01j,
           -2.13467312e-03+1.69665139e-02j,
           -8.32827922e-04+5.37165871e-04j],
          [-6.31547464e-02+1.57891230e-01j,
            9.64342661e-01-4.62886825e-02j,
            1.23707210e-01+1.52926565e-01j,
           -2.13467312e-03+1.69665139e-02j],
          [-8.07431685e-03-1.50739786e-02j,
           -1.08152676e-01+1.64295486e-01j,
            9.64342661e-01-4.62886825e-02j,
            1.31266113e-01+1.08108140e-01j],
          [ 9.88425547e-04+7.18641689e-05j,
           -8.07431685e-03-1.50739786e-02j,
           -6.31547464e-02+1.57891230e-01j,
            8.86340847e-01-4.30335148e-01j]],
         input_dims=(2, 2), output_dims=(2, 2))"
"Operator([[ 8.86340847e-01-0.43033515j, -1.46042126e-01+0.0871198j ,
            1.24220194e-02-0.01175214j, -4.39140236e-04+0.00088843j],
          [ 1.69939987e-01+0.00620994j,  9.64342661e-01-0.04628868j,
           -1.85686141e-01+0.06488964j,  1.24220194e-02-0.01175214j],
          [ 1.58090528e-02+0.00651869j,  1.91143675e-01+0.04641232j,
            9.64342661e-01-0.04628868j, -1.46042126e-01+0.0871198j ],
          [ 8.11469304e-04+0.00056892j,  1.58090528e-02+0.00651869j,
            1.69939987e-01+0.00620994j,  8.86340847e-01-0.43033515j]],
         input_dims=(2, 2), output_dims=(2, 2))"
"Operator([[ 8.86340847e-01-0.43033515j,  4.21826807e-02+0.16473853j,
           -1.68138086e-02+0.00311693j, -2.45314235e-04-0.00096019j],
          [ 4.21826807e-02+0.16473853j,  9.64342661e-01-0.04628868j,
            9.63322217e-03+0.19646172j, -1.68138086e-02+0.00311693j],
          [-1.68138086e-02+0.00311693j,  9.63322217e-03+0.19646172j,
            9.64342661e-01-0.04628868j,  4.21826807e-02+0.16473853j],
          [-2.45314235e-04-0.00096019j, -1.68138086e-02+0.00311693j,
            4.21826807e-02+0.16473853j,  8.86340847e-01-0.43033515j]],
         input_dims=(2, 2), output_dims=(2, 2))"
"Operator([[ 8.86340847e-01-4.30335148e-01j,
           -1.60973206e-01+5.48250805e-02j,
            1.61300178e-02-5.67819940e-03j,
           -8.77709501e-04+4.60190778e-04j],
          [ 1.67512584e-01-2.92864570e-02j,
            9.64342661e-01-4.62886825e-02j,
           -1.95123948e-01+2.48324982e-02j,
            1.61300178e-02-5.67819940e-03j],
          [ 1.70935163e-02-4.80755743e-04j,
            1.96617340e-01+5.62401945e-03j,
            9.64342661e-01-4.62886825e-02j,
           -1.60973206e-01+5.48250805e-02j],
          [ 9.90885200e-04-1.72058666e-05j,
            1.70935163e-02-4.80755743e-04j,
            1.67512584e-01-2.92864570e-02j,
            8.86340847e-01-4.30335148e-01j]],
         input_dims=(2, 2), output_dims=(2, 2))"
"Operator([[ 8.86340847e-01-4.30335148e-01j,
           -1.56902818e-01+6.55718551e-02j,
            1.52176156e-02-7.80023078e-03j,
           -7.67051928e-04+6.27519609e-04j],
          [ 1.69108069e-01-1.79059626e-02j,
            9.64342661e-01-4.62886825e-02j,
           -1.93001249e-01+3.79542618e-02j,
            1.52176156e-02-7.80023078e-03j],
          [ 1.70023630e-02+1.82731405e-03j,
            1.95788551e-01+1.88905050e-02j,
            9.64342661e-01-4.62886825e-02j,
           -1.56902818e-01+6.55718551e-02j],
          [ 9.74049202e-04+1.82695573e-04j,
            1.70023630e-02+1.82731405e-03j,
            1.69108069e-01-1.79059626e-02j,
            8.86340847e-01-4.30335148e-01j]],
         input_dims=(2, 2), output_dims=(2, 2))"
