unitary
"Operator([[ 9.05698036e-01-3.94281058e-01j,
            1.53807845e-01-1.98869139e-02j,
            1.41567825e-02+4.49577747e-04j,
            7.43907103e-04+5.23136465e-05j],
          [-1.46871548e-01+4.98105484e-02j,
            9.70446769e-01-4.26584628e-02j,
            1.79066908e-01+9.76769532e-03j,
            1.41567825e-02+4.49577747e-04j],
          [ 1.32307150e-02-5.05616385e-03j,
           -1.77479746e-01+2.57158529e-02j,
            9.70446769e-01-4.26584628e-02j,
            1.53807845e-01-1.98869139e-02j],
          [-6.45327749e-04+3.73746695e-04j,
            1.32307150e-02-5.05616385e-03j,
           -1.46871548e-01+4.98105484e-02j,
            9.05698036e-01-3.94281058e-01j]],
         input_dims=(2, 2), output_dims=(2, 2))"
"Operator([[ 9.05698036e-01-3.94281058e-01j,
            1.42883256e-01-6.03052040e-02j,
            1.23625856e-02-6.91253123e-03j,
            5.49614667e-04-5.04041876e-04j],
          [-1.54843521e-01+8.70784206e-03j,
            9.70446769e-01-4.26584628e-02j,
            1.75154343e-01-3.84879390e-02j,
            1.23625856e-02-6.91253123e-03j],
          [ 1.39437246e-02+2.48780117e-03j,
           -1.77891088e-01-2.26963894e-02j,
            9.70446769e-01-4.26584628e-02j,
            1.42883256e-01-6.03052040e-02j],
          [-7.15151220e-04-2.11407729e-04j,
            1.39437246e-02+2.48780117e-03j,
           -1.54843521e-01+8.70784206e-03j,
            9.05698036e-01-3.94281058e-01j]],
         input_dims=(2, 2), output_dims=(2, 2))"
"Operator([[ 9.05698036e-01-0.39428106j,  1.29288891e-01-0.08565468j,
            9.01014489e-03-0.01092858j,  1.99922851e-04-0.00071845j],
          [-1.53788311e-01-0.02003741j,  9.70446769e-01-0.04265846j,
            1.65033982e-01-0.07017229j,  9.01014489e-03-0.01092858j],
          [ 1.20895871e-02+0.0073796j , -1.70639934e-01-0.05515776j,
            9.70446769e-01-0.04265846j,  1.29288891e-01-0.08565468j],
          [-4.95171569e-04-0.00055762j,  1.20895871e-02+0.0073796j ,
           -1.53788311e-01-0.02003741j,  9.05698036e-01-0.39428106j]],
         input_dims=(2, 2), output_dims=(2, 2))"
"Operator([[ 9.05698036e-01-0.39428106j,  1.20486750e-01-0.09764879j,
            6.76002393e-03-0.01244663j, -1.22976238e-05-0.00074564j],
          [-1.51160765e-01-0.03468091j,  9.70446769e-01-0.04265846j,
            1.57550865e-01-0.08566265j,  6.76002393e-03-0.01244663j],
          [ 1.04599046e-02+0.00955024j, -1.64569687e-01-0.07125436j,
            9.70446769e-01-0.04265846j,  1.20486750e-01-0.09764879j],
          [-3.16464106e-04-0.00067527j,  1.04599046e-02+0.00955024j,
           -1.51160765e-01-0.03468091j,  9.05698036e-01-0.39428106j]],
         input_dims=(2, 2), output_dims=(2, 2))"
"Operator([[ 9.05698036e-01-3.94281058e-01j,
           -4.54366169e-02-1.48283028e-01j,
           -1.35069950e-02+4.26353103e-03j,
            3.14971111e-04+6.75964270e-04j],
          [-2.44357747e-02-1.53151022e-01j,
            9.70446769e-01-4.26584628e-02j,
           -2.04455277e-02-1.78163817e-01j,
           -1.35069950e-02+4.26353103e-03j],
          [-1.41585539e-02+3.89823422e-04j,
            4.45734284e-03-1.79277710e-01j,
            9.70446769e-01-4.26584628e-02j,
           -4.54366169e-02-1.48283028e-01j],
          [ 1.39453356e-05+7.45613856e-04j,
           -1.41585539e-02+3.89823422e-04j,
           -2.44357747e-02-1.53151022e-01j,
            9.05698036e-01-3.94281058e-01j]],
         input_dims=(2, 2), output_dims=(2, 2))"
"Operator([[ 9.05698036e-01-3.94281058e-01j,
           -1.39174981e-01+6.84300168e-02j,
            1.14861642e-02-8.28761989e-03j,
           -4.54772669e-04+5.91029876e-04j],
          [ 1.55088021e-01+2.19873718e-04j,
            9.70446769e-01-4.26584628e-02j,
           -1.72648428e-01+4.85065523e-02j,
            1.14861642e-02-8.28761989e-03j],
          [ 1.35653829e-02+4.07394141e-03j,
            1.76289646e-01+3.28987228e-02j,
            9.70446769e-01-4.26584628e-02j,
           -1.39174981e-01+6.84300168e-02j],
          [ 6.68155893e-04+3.31213222e-04j,
            1.35653829e-02+4.07394141e-03j,
            1.55088021e-01+2.19873718e-04j,
            9.05698036e-01-3.94281058e-01j]],
         input_dims=(2, 2), output_dims=(2, 2))"
"Operator([[ 9.05698036e-01-0.39428106j,  3.50208811e-02+0.15108236j,
           -1.39677146e-02+0.00234937j, -1.68104948e-04-0.00072655j],
          [ 3.50208811e-02+0.15108236j,  9.70446769e-01-0.04265846j,
            8.01347011e-03+0.17915398j, -1.39677146e-02+0.00234937j],
          [-1.39677146e-02+0.00234937j,  8.01347011e-03+0.17915398j,
            9.70446769e-01-0.04265846j,  3.50208811e-02+0.15108236j],
          [-1.68104948e-04-0.00072655j, -1.39677146e-02+0.00234937j,
            3.50208811e-02+0.15108236j,  9.05698036e-01-0.39428106j]],
         input_dims=(2, 2), output_dims=(2, 2))"
"Operator([[ 9.05698036e-01-0.39428106j,  3.50208811e-02+0.15108236j,
           -1.39677146e-02+0.00234937j, -1.68104948e-04-0.00072655j],
          [ 3.50208811e-02+0.15108236j,  9.70446769e-01-0.04265846j,
            8.01347011e-03+0.17915398j, -1.39677146e-02+0.00234937j],
          [-1.39677146e-02+0.00234937j,  8.01347011e-03+0.17915398j,
            9.70446769e-01-0.04265846j,  3.50208811e-02+0.15108236j],
          [-1.68104948e-04-0.00072655j, -1.39677146e-02+0.00234937j,
            3.50208811e-02+0.15108236j,  9.05698036e-01-0.39428106j]],
         input_dims=(2, 2), output_dims=(2, 2))"
"Operator([[ 9.05698036e-01-0.39428106j,  3.50208811e-02+0.15108236j,
           -1.39677146e-02+0.00234937j, -1.68104948e-04-0.00072655j],
          [ 3.50208811e-02+0.15108236j,  9.70446769e-01-0.04265846j,
            8.01347011e-03+0.17915398j, -1.39677146e-02+0.00234937j],
          [-1.39677146e-02+0.00234937j,  8.01347011e-03+0.17915398j,
            9.70446769e-01-0.04265846j,  3.50208811e-02+0.15108236j],
          [-1.68104948e-04-0.00072655j, -1.39677146e-02+0.00234937j,
            3.50208811e-02+0.15108236j,  9.05698036e-01-0.39428106j]],
         input_dims=(2, 2), output_dims=(2, 2))"
"Operator([[ 9.05698036e-01-0.39428106j, -9.05125586e-02+0.12593577j,
           -5.03043813e-04-0.01415498j,  5.43257189e-04+0.00051089j],
          [ 1.36688575e-01+0.07327057j,  9.70446769e-01-0.04265846j,
           -1.29424948e-01+0.1241352j , -5.03043813e-04-0.01415498j],
          [ 4.15537265e-03+0.01354066j,  1.39990933e-01+0.11208436j,
            9.70446769e-01-0.04265846j, -9.05125586e-02+0.12593577j],
          [-2.63647956e-04+0.00069758j,  4.15537265e-03+0.01354066j,
            1.36688575e-01+0.07327057j,  9.05698036e-01-0.39428106j]],
         input_dims=(2, 2), output_dims=(2, 2))"
"Operator([[ 9.05698036e-01-0.39428106j, -8.25005520e-02+0.13132403j,
           -2.25737618e-03-0.01398288j,  6.28686783e-04+0.00040111j],
          [ 1.31864274e-01+0.08163428j,  9.70446769e-01-0.04265846j,
           -1.21449574e-01+0.13194835j, -2.25737618e-03-0.01398288j],
          [ 2.44127042e-03+0.01395195j,  1.32744970e-01+0.12057835j,
            9.70446769e-01-0.04265846j, -8.25005520e-02+0.13132403j],
          [-3.88614630e-04+0.00063649j,  2.44127042e-03+0.01395195j,
            1.31864274e-01+0.08163428j,  9.05698036e-01-0.39428106j]],
         input_dims=(2, 2), output_dims=(2, 2))"
