unitary
"Operator([[ 0.6959921 +0.23858773j,  0.45231963-0.10421534j,
            0.26337063-0.03120734j, -0.36343914+0.20196784j],
          [ 0.17107789+0.43149303j, -0.17174122+0.0355456j ,
           -0.24032541-0.79100777j,  0.26337063-0.03120734j],
          [-0.2421657 +0.10813771j,  0.74584951-0.35659235j,
           -0.17174122+0.0355456j ,  0.45231963-0.10421534j],
          [ 0.3406738 +0.23837026j, -0.2421657 +0.10813771j,
            0.17107789+0.43149303j,  0.6959921 +0.23858773j]],
         input_dims=(2, 2), output_dims=(2, 2))"
"Operator([[ 0.6959921 +0.23858773j, -0.45948986-0.06574916j,
            0.21597262+0.15392797j,  0.3435129 +0.23426034j],
          [-0.31505039-0.34087701j, -0.17174122+0.0355456j ,
           -0.06080551+0.82447091j,  0.21597262+0.15392797j],
          [-0.10660736+0.24284328j, -0.5672829 +0.60136486j,
           -0.17174122+0.0355456j , -0.45948986-0.06574916j],
          [-0.36583928+0.19758704j, -0.10660736+0.24284328j,
           -0.31505039-0.34087701j,  0.6959921 +0.23858773j]],
         input_dims=(2, 2), output_dims=(2, 2))"
"Operator([[ 0.6959921 +0.23858773j, -0.41097686-0.21575889j,
            0.07047463+0.25567815j, -0.0214674 +0.41523267j],
          [-0.41097686-0.21575889j, -0.17174122+0.0355456j ,
           -0.33326842+0.75655915j,  0.07047463+0.25567815j],
          [ 0.07047463+0.25567815j, -0.33326842+0.75655915j,
           -0.17174122+0.0355456j , -0.41097686-0.21575889j],
          [-0.0214674 +0.41523267j,  0.07047463+0.25567815j,
           -0.41097686-0.21575889j,  0.6959921 +0.23858773j]],
         input_dims=(2, 2), output_dims=(2, 2))"
"Operator([[ 0.6959921 +0.23858773j, -0.41097686-0.21575889j,
            0.07047463+0.25567815j, -0.0214674 +0.41523267j],
          [-0.41097686-0.21575889j, -0.17174122+0.0355456j ,
           -0.33326842+0.75655915j,  0.07047463+0.25567815j],
          [ 0.07047463+0.25567815j, -0.33326842+0.75655915j,
           -0.17174122+0.0355456j , -0.41097686-0.21575889j],
          [-0.0214674 +0.41523267j,  0.07047463+0.25567815j,
           -0.41097686-0.21575889j,  0.6959921 +0.23858773j]],
         input_dims=(2, 2), output_dims=(2, 2))"
