unitary
"Operator([[-0.85349209-0.31064606j, -0.00314115-0.10234541j,
           -0.05099566+0.19764892j,  0.09890154-0.33633119j],
          [-0.00314115-0.10234541j, -0.91963096-0.31877734j,
           -0.02249497+0.00194115j, -0.05099566+0.19764892j],
          [-0.05099566+0.19764892j, -0.02249497+0.00194115j,
           -0.91963096-0.31877734j, -0.00314115-0.10234541j],
          [ 0.09890154-0.33633119j, -0.05099566+0.19764892j,
           -0.00314115-0.10234541j, -0.85349209-0.31064606j]],
         input_dims=(2, 2), output_dims=(2, 2))"
"Operator([[-8.53492085e-01-0.31064606j, -1.01567959e-01+0.01297689j,
            1.21817283e-02-0.20375785j,  3.50569444e-01-0.00111722j],
          [ 1.02172604e-01+0.00672376j, -9.19630965e-01-0.31877734j,
            4.09718336e-03+0.02220371j,  1.21817283e-02-0.20375785j],
          [ 8.79200413e-02-0.1842165j ,  2.32911669e-04-0.02257736j,
           -9.19630965e-01-0.31877734j, -1.01567959e-01+0.01297689j],
          [-2.94161668e-01-0.19070683j,  8.79200413e-02-0.1842165j ,
            1.02172604e-01+0.00672376j, -8.53492085e-01-0.31064606j]],
         input_dims=(2, 2), output_dims=(2, 2))"
"Operator([[-0.85349209-0.31064606j, -0.00314115-0.10234541j,
           -0.05099566+0.19764892j,  0.09890154-0.33633119j],
          [-0.00314115-0.10234541j, -0.91963096-0.31877734j,
           -0.02249497+0.00194115j, -0.05099566+0.19764892j],
          [-0.05099566+0.19764892j, -0.02249497+0.00194115j,
           -0.91963096-0.31877734j, -0.00314115-0.10234541j],
          [ 0.09890154-0.33633119j, -0.05099566+0.19764892j,
           -0.00314115-0.10234541j, -0.85349209-0.31064606j]],
         input_dims=(2, 2), output_dims=(2, 2))"
"Operator([[-8.53492085e-01-0.31064606j, -1.01785002e-01+0.01114734j,
            1.95048178e-02-0.20318764j,  3.50119095e-01+0.01779894j],
          [ 1.02277041e-01+0.00488434j, -9.19630965e-01-0.31877734j,
            3.69702329e-03+0.02227383j,  1.95048178e-02-0.20318764j],
          [ 8.12352164e-02-0.1872605j , -1.73345794e-04-0.0225779j ,
           -9.19630965e-01-0.31877734j, -1.01785002e-01+0.01114734j],
          [-3.04022549e-01-0.17455793j,  8.12352164e-02-0.1872605j ,
            1.02277041e-01+0.00488434j, -8.53492085e-01-0.31064606j]],
         input_dims=(2, 2), output_dims=(2, 2))"
