unitary
"Operator([[ 7.73442832e-01-0.58634141j, -2.32065362e-01-0.05423667j,
            2.09813434e-02+0.02730531j, -4.62208015e-04-0.00282476j],
          [ 1.39045579e-01-0.19355174j,  9.28465144e-01-0.0607864j ,
           -2.39642776e-01-0.13728468j,  2.09813434e-02+0.02730531j],
          [ 4.51752350e-03-0.03413779j,  2.18655052e-01-0.16871785j,
            9.28465144e-01-0.0607864j , -2.32065362e-01-0.05423667j],
          [-1.50311324e-03-0.00243589j,  4.51752350e-03-0.03413779j,
            1.39045579e-01-0.19355174j,  7.73442832e-01-0.58634141j]],
         input_dims=(2, 2), output_dims=(2, 2))"
"Operator([[ 0.77344283-5.86341408e-01j, -0.2280438 +6.92240955e-02j,
            0.03413132-4.56613693e-03j, -0.00282377+4.68216972e-04j],
          [ 0.21726239-9.79438733e-02j,  0.92846514-6.07863960e-02j,
           -0.27617835+1.12523080e-03j,  0.03413132-4.56613693e-03j],
          [ 0.03184159-1.31114547e-02j,  0.27374577-3.65922847e-02j,
            0.92846514-6.07863960e-02j, -0.2280438 +6.92240955e-02j],
          [ 0.00243908-1.49792721e-03j,  0.03184159-1.31114547e-02j,
            0.21726239-9.79438733e-02j,  0.77344283-5.86341408e-01j]],
         input_dims=(2, 2), output_dims=(2, 2))"
"Operator([[ 0.77344283-0.58634141j, -0.19963044+0.13016772j,
            0.02635582-0.0221623j , -0.00151362+0.00242937j],
          [ 0.23597289-0.03335779j,  0.92846514-0.0607864j ,
           -0.26487095+0.07822482j,  0.02635582-0.0221623j ],
          [ 0.033906  +0.00601501j,  0.27307077+0.04132913j,
            0.92846514-0.0607864j , -0.19963044+0.13016772j],
          [ 0.00273572+0.00084186j,  0.033906  +0.00601501j,
            0.23597289-0.03335779j,  0.77344283-0.58634141j]],
         input_dims=(2, 2), output_dims=(2, 2))"
"Operator([[ 0.77344283-0.58634141j,  0.08375764+0.22311568j,
           -0.03326202+0.00891263j, -0.00100171-0.00268132j],
          [ 0.08375764+0.22311568j,  0.92846514-0.0607864j ,
            0.01889794+0.27553332j, -0.03326202+0.00891263j],
          [-0.03326202+0.00891263j,  0.01889794+0.27553332j,
            0.92846514-0.0607864j ,  0.08375764+0.22311568j],
          [-0.00100171-0.00268132j, -0.03326202+0.00891263j,
            0.08375764+0.22311568j,  0.77344283-0.58634141j]],
         input_dims=(2, 2), output_dims=(2, 2))"
"Operator([[ 0.77344283-5.86341408e-01j,  0.22834373-6.82282051e-02j,
            0.03416988-4.26805325e-03j,  0.00282965-4.31207242e-04j],
          [-0.21683287+9.88911194e-02j,  0.92846514-6.07863960e-02j,
            0.27618063+8.00804211e-05j,  0.03416988-4.26805325e-03j],
          [ 0.03172593-1.33888794e-02j, -0.27358347+3.77866205e-02j,
            0.92846514-6.07863960e-02j,  0.22834373-6.82282051e-02j],
          [-0.00241926+1.52973196e-03j,  0.03172593-1.33888794e-02j,
           -0.21683287+9.88911194e-02j,  0.77344283-5.86341408e-01j]],
         input_dims=(2, 2), output_dims=(2, 2))"
"Operator([[ 0.77344283-0.58634141j,  0.08375764+0.22311568j,
           -0.03326202+0.00891263j, -0.00100171-0.00268132j],
          [ 0.08375764+0.22311568j,  0.92846514-0.0607864j ,
            0.01889794+0.27553332j, -0.03326202+0.00891263j],
          [-0.03326202+0.00891263j,  0.01889794+0.27553332j,
            0.92846514-0.0607864j ,  0.08375764+0.22311568j],
          [-0.00100171-0.00268132j, -0.03326202+0.00891263j,
            0.08375764+0.22311568j,  0.77344283-0.58634141j]],
         input_dims=(2, 2), output_dims=(2, 2))"
"Operator([[ 0.77344283-5.86341408e-01j,  0.2036608 -1.23766825e-01j,
            0.02770868-2.04456816e-02j,  0.00173774-2.27445362e-03j],
          [-0.23479542+4.08296643e-02j,  0.92846514-6.07863960e-02j,
            0.26722003-6.97796552e-02j,  0.02770868-2.04456816e-02j],
          [ 0.03421928+3.85194236e-03j, -0.27424482-3.26423334e-02j,
            0.92846514-6.07863960e-02j,  0.2036608 -1.23766825e-01j],
          [-0.00280337-5.77942294e-04j,  0.03421928+3.85194236e-03j,
           -0.23479542+4.08296643e-02j,  0.77344283-5.86341408e-01j]],
         input_dims=(2, 2), output_dims=(2, 2))"
