unitary
"Operator([[ 9.87115582e-01-1.49262703e-01j,
            5.31398360e-02+2.22696214e-02j,
            1.19565910e-03+1.50452635e-03j,
            7.84085685e-06+3.61596755e-05j],
          [-4.87075242e-02+3.07791374e-02j,
            9.95979600e-01-1.65272526e-02j,
            5.95204628e-02+2.97545014e-02j,
            1.19565910e-03+1.50452635e-03j],
          [ 1.00331480e-03-1.63907280e-03j,
           -5.84981169e-02+3.17172849e-02j,
            9.95979600e-01-1.65272526e-02j,
            5.31398360e-02+2.22696214e-02j],
          [-1.73309244e-06+3.69594042e-05j,
            1.00331480e-03-1.63907280e-03j,
           -4.87075242e-02+3.07791374e-02j,
            9.87115582e-01-1.49262703e-01j]],
         input_dims=(2, 2), output_dims=(2, 2))"
"Operator([[ 9.87115582e-01-1.49262703e-01j,
            5.53569592e-02+1.59807785e-02j,
            1.50907047e-03+1.18991871e-03j,
            1.96829084e-05+3.13302456e-05j],
          [-5.19375083e-02+2.49454093e-02j,
            9.95979600e-01-1.65272526e-02j,
            6.25596475e-02+2.26783234e-02j,
            1.50907047e-03+1.18991871e-03j],
          [ 1.35274385e-03-1.36502172e-03j,
           -6.17709256e-02+2.47460825e-02j,
            9.95979600e-01-1.65272526e-02j,
            5.53569592e-02+1.59807785e-02j],
          [-1.42122628e-05+3.41615684e-05j,
            1.35274385e-03-1.36502172e-03j,
           -5.19375083e-02+2.49454093e-02j,
            9.87115582e-01-1.49262703e-01j]],
         input_dims=(2, 2), output_dims=(2, 2))"
"Operator([[ 9.87115582e-01-1.49262703e-01j,
            4.79732348e-03+5.74174529e-02j,
           -1.91818285e-03+1.17365961e-04j,
           -3.07994935e-06-3.68716027e-05j],
          [ 4.79732348e-03+5.74174529e-02j,
            9.95979600e-01-1.65272526e-02j,
            1.10653851e-03+6.65341372e-02j,
           -1.91818285e-03+1.17365961e-04j],
          [-1.91818285e-03+1.17365961e-04j,
            1.10653851e-03+6.65341372e-02j,
            9.95979600e-01-1.65272526e-02j,
            4.79732348e-03+5.74174529e-02j],
          [-3.07994935e-06-3.68716027e-05j,
           -1.91818285e-03+1.17365961e-04j,
            4.79732348e-03+5.74174529e-02j,
            9.87115582e-01-1.49262703e-01j]],
         input_dims=(2, 2), output_dims=(2, 2))"
"Operator([[ 9.87115582e-01-1.49262703e-01j,
            4.79732348e-03+5.74174529e-02j,
           -1.91818285e-03+1.17365961e-04j,
           -3.07994935e-06-3.68716027e-05j],
          [ 4.79732348e-03+5.74174529e-02j,
            9.95979600e-01-1.65272526e-02j,
            1.10653851e-03+6.65341372e-02j,
           -1.91818285e-03+1.17365961e-04j],
          [-1.91818285e-03+1.17365961e-04j,
            1.10653851e-03+6.65341372e-02j,
            9.95979600e-01-1.65272526e-02j,
            4.79732348e-03+5.74174529e-02j],
          [-3.07994935e-06-3.68716027e-05j,
           -1.91818285e-03+1.17365961e-04j,
            4.79732348e-03+5.74174529e-02j,
            9.87115582e-01-1.49262703e-01j]],
         input_dims=(2, 2), output_dims=(2, 2))"
"Operator([[ 9.87115582e-01-1.49262703e-01j,
            5.76033790e-02+1.27629945e-03j,
            1.90021582e-03+2.87019219e-04j,
            3.59985376e-05+8.55023180e-06j],
          [-5.65929145e-02+1.08175893e-02j,
            9.95979600e-01-1.65272526e-02j,
            6.62806676e-02+5.90668710e-03j,
            1.90021582e-03+2.87019219e-04j],
          [ 1.85104899e-03-5.16544157e-04j,
           -6.60475964e-02+8.10745691e-03j,
            9.95979600e-01-1.65272526e-02j,
            5.76033790e-02+1.27629945e-03j],
          [-3.40811215e-05+1.44041081e-05j,
            1.85104899e-03-5.16544157e-04j,
           -5.65929145e-02+1.08175893e-02j,
            9.87115582e-01-1.49262703e-01j]],
         input_dims=(2, 2), output_dims=(2, 2))"
"Operator([[ 9.87115582e-01-1.49262703e-01j,
            5.75914174e-02-1.73402850e-03j,
            1.91978934e-03+8.72302162e-05j,
            3.68919837e-05+2.82536944e-06j],
          [-5.70806672e-02+7.84701447e-03j,
            9.95979600e-01-1.65272526e-02j,
            6.64987045e-02+2.43683023e-03j,
            1.91978934e-03+8.72302162e-05j],
          [ 1.89483389e-03-3.20631803e-04j,
           -6.63808962e-02+4.64676940e-03j,
            9.95979600e-01-1.65272526e-02j,
            5.75914174e-02-1.73402850e-03j],
          [-3.59119741e-05+8.90681115e-06j,
            1.89483389e-03-3.20631803e-04j,
           -5.70806672e-02+7.84701447e-03j,
            9.87115582e-01-1.49262703e-01j]],
         input_dims=(2, 2), output_dims=(2, 2))"
"Operator([[ 9.87115582e-01-1.49262703e-01j,
            5.75019178e-02-3.64796604e-03j,
            1.92134207e-03-4.05568390e-05j,
            3.69899455e-05-8.63195885e-07j],
          [-5.73100167e-02+5.94476163e-03j,
            9.95979600e-01-1.65272526e-02j,
            6.65429597e-02+2.24422056e-04j,
            1.92134207e-03-4.05568390e-05j],
          [ 1.91195427e-03-1.93987282e-04j,
           -6.64986962e-02+2.43705638e-03j,
            9.95979600e-01-1.65272526e-02j,
            5.75019178e-02-3.64796604e-03j],
          [-3.66205330e-05+5.28561591e-06j,
            1.91195427e-03-1.93987282e-04j,
           -5.73100167e-02+5.94476163e-03j,
            9.87115582e-01-1.49262703e-01j]],
         input_dims=(2, 2), output_dims=(2, 2))"
"Operator([[ 9.87115582e-01-1.49262703e-01j,
            5.74538821e-02-4.33931365e-03j,
            1.91981064e-03-8.67601242e-05j,
            3.69347264e-05-2.19708009e-06j],
          [-5.73773726e-02+5.25502825e-03j,
            9.95979600e-01-1.65272526e-02j,
            6.65408456e-02-5.75947921e-04j,
            1.91981064e-03-8.67601242e-05j],
          [ 1.91606717e-03-1.47941946e-04j,
           -6.65231981e-02+1.63705874e-03j,
            9.95979600e-01-1.65272526e-02j,
            5.74538821e-02-4.33931365e-03j],
          [-3.67873784e-05+3.96105604e-06j,
            1.91606717e-03-1.47941946e-04j,
           -5.73773726e-02+5.25502825e-03j,
            9.87115582e-01-1.49262703e-01j]],
         input_dims=(2, 2), output_dims=(2, 2))"
"Operator([[ 9.87115582e-01-1.49262703e-01j,
            4.79732348e-03+5.74174529e-02j,
           -1.91818285e-03+1.17365961e-04j,
           -3.07994935e-06-3.68716027e-05j],
          [ 4.79732348e-03+5.74174529e-02j,
            9.95979600e-01-1.65272526e-02j,
            1.10653851e-03+6.65341372e-02j,
           -1.91818285e-03+1.17365961e-04j],
          [-1.91818285e-03+1.17365961e-04j,
            1.10653851e-03+6.65341372e-02j,
            9.95979600e-01-1.65272526e-02j,
            4.79732348e-03+5.74174529e-02j],
          [-3.07994935e-06-3.68716027e-05j,
           -1.91818285e-03+1.17365961e-04j,
            4.79732348e-03+5.74174529e-02j,
            9.87115582e-01-1.49262703e-01j]],
         input_dims=(2, 2), output_dims=(2, 2))"
"Operator([[ 9.87115582e-01-1.49262703e-01j,
            5.75123162e-02-3.48018521e-03j,
            1.92154602e-03-2.93449340e-05j,
            3.69960838e-05-5.39405319e-07j],
          [-5.72924286e-02+6.11194175e-03j,
            9.95979600e-01-1.65272526e-02j,
            6.65420217e-02+4.18564191e-04j,
            1.92154602e-03-2.93449340e-05j],
          [ 1.91078979e-03-2.05140415e-04j,
           -6.64913030e-02+2.63105996e-03j,
            9.95979600e-01-1.65272526e-02j,
            5.75123162e-02-3.48018521e-03j],
          [-3.65728675e-05+5.60593763e-06j,
            1.91078979e-03-2.05140415e-04j,
           -5.72924286e-02+6.11194175e-03j,
            9.87115582e-01-1.49262703e-01j]],
         input_dims=(2, 2), output_dims=(2, 2))"
"Operator([[ 9.87115582e-01-1.49262703e-01j,
            5.75947463e-02-1.61969336e-03j,
            1.91942786e-03+9.48519276e-05j,
            3.68745025e-05+3.04503445e-06j],
          [-5.70649767e-02+7.96031678e-03j,
            9.95979600e-01-1.65272526e-02j,
            6.64937358e-02+2.56884008e-03j,
            1.91942786e-03+9.48519276e-05j],
          [ 1.89354590e-03-3.28152591e-04j,
           -6.63715405e-02+4.77854102e-03j,
            9.95979600e-01-1.65272526e-02j,
            5.75947463e-02-1.61969336e-03j],
          [-3.58582915e-05+9.12053173e-06j,
            1.89354590e-03-3.28152591e-04j,
           -5.70649767e-02+7.96031678e-03j,
            9.87115582e-01-1.49262703e-01j]],
         input_dims=(2, 2), output_dims=(2, 2))"
"Operator([[ 9.87115582e-01-1.49262703e-01j,
            5.76084509e-02+1.02205147e-03j,
            1.90267532e-03+2.70234795e-04j,
            3.61085898e-05+8.07285036e-06j],
          [-5.66401073e-02+1.05677081e-02j,
            9.95979600e-01-1.65272526e-02j,
            6.63060915e-02+5.61409635e-03j,
            1.90267532e-03+2.70234795e-04j],
          [ 1.85553642e-03-5.00184788e-04j,
           -6.60827358e-02+7.81587339e-03j,
            9.95979600e-01-1.65272526e-02j,
            5.76084509e-02+1.02205147e-03j],
          [-3.42688490e-05+1.39516007e-05j,
            1.85553642e-03-5.00184788e-04j,
           -5.66401073e-02+1.05677081e-02j,
            9.87115582e-01-1.49262703e-01j]],
         input_dims=(2, 2), output_dims=(2, 2))"
"Operator([[ 9.87115582e-01-1.49262703e-01j,
            5.74769621e-02+4.02206799e-03j,
            1.86422574e-03+4.66757526e-04j,
            3.44108053e-05+1.35977076e-05j],
          [-5.60126042e-02+1.35043096e-02j,
            9.95979600e-01-1.65272526e-02j,
            6.59235443e-02+9.06102399e-03j,
            1.86422574e-03+4.66757526e-04j],
          [ 1.79341447e-03-6.90553948e-04j,
           -6.55857792e-02+1.12481739e-02j,
            9.95979600e-01-1.65272526e-02j,
            5.74769621e-02+4.02206799e-03j],
          [-3.16779867e-05+1.91182198e-05j,
            1.79341447e-03-6.90553948e-04j,
           -5.60126042e-02+1.35043096e-02j,
            9.87115582e-01-1.49262703e-01j]],
         input_dims=(2, 2), output_dims=(2, 2))"
"Operator([[ 9.87115582e-01-1.49262703e-01j,
            5.71926421e-02+6.98426054e-03j,
            1.80615338e-03+6.56513650e-04j,
            3.18998065e-05+1.87457599e-05j],
          [-5.52406656e-02+1.63782500e-02j,
            9.95979600e-01-1.65272526e-02j,
            6.53677956e-02+1.24525961e-02j,
            1.80615338e-03+6.56513650e-04j],
          [ 1.71264107e-03-8.71814653e-04j,
           -6.49175576e-02+1.46193899e-02j,
            9.95979600e-01-1.65272526e-02j,
            5.71926421e-02+6.98426054e-03j],
          [-2.83476943e-05+2.37783389e-05j,
            1.71264107e-03-8.71814653e-04j,
           -5.52406656e-02+1.63782500e-02j,
            9.87115582e-01-1.49262703e-01j]],
         input_dims=(2, 2), output_dims=(2, 2))"
"Operator([[ 9.87115582e-01-1.49262703e-01j,
            4.79732348e-03+5.74174529e-02j,
           -1.91818285e-03+1.17365961e-04j,
           -3.07994935e-06-3.68716027e-05j],
          [ 4.79732348e-03+5.74174529e-02j,
            9.95979600e-01-1.65272526e-02j,
            1.10653851e-03+6.65341372e-02j,
           -1.91818285e-03+1.17365961e-04j],
          [-1.91818285e-03+1.17365961e-04j,
            1.10653851e-03+6.65341372e-02j,
            9.95979600e-01-1.65272526e-02j,
            4.79732348e-03+5.74174529e-02j],
          [-3.07994935e-06-3.68716027e-05j,
           -1.91818285e-03+1.17365961e-04j,
            4.79732348e-03+5.74174529e-02j,
            9.87115582e-01-1.49262703e-01j]],
         input_dims=(2, 2), output_dims=(2, 2))"
