unitary
"Operator([[ 0.77344283-5.86341408e-01j, -0.06551999+2.29135505e-01j,
           -0.01821368-2.92242808e-02j,  0.00286198-4.41610540e-05j],
          [ 0.20011963+1.29414375e-01j,  0.92846514-6.07863960e-02j,
           -0.14883919+2.32642730e-01j, -0.01821368-2.92242808e-02j],
          [-0.00116117+3.44158183e-02j,  0.17920843+2.10143005e-01j,
            0.92846514-6.07863960e-02j, -0.06551999+2.29135505e-01j],
          [-0.00218989+1.84316617e-03j, -0.00116117+3.44158183e-02j,
            0.20011963+1.29414375e-01j,  0.77344283-5.86341408e-01j]],
         input_dims=(2, 2), output_dims=(2, 2))"
"Operator([[ 7.73442832e-01-0.58634141j, -1.82576061e-01+0.15317288j,
            2.03192703e-02-0.02780151j, -5.58801222e-04+0.00280725j],
          [ 2.38270402e-01-0.00481291j,  9.28465144e-01-0.0607864j ,
           -2.53575920e-01+0.10943033j,  2.03192703e-02-0.02780151j],
          [ 3.14978409e-02+0.013917j  ,  2.66142036e-01+0.07378456j,
            9.28465144e-01-0.0607864j , -1.82576061e-01+0.15317288j],
          [ 2.26254391e-03+0.00175322j,  3.14978409e-02+0.013917j  ,
            2.38270402e-01-0.00481291j,  7.73442832e-01-0.58634141j]],
         input_dims=(2, 2), output_dims=(2, 2))"
"Operator([[ 0.77344283-0.58634141j, -0.22279098+0.08461755j,
            0.03319228-0.00916894j, -0.00266955+0.00103267j],
          [ 0.22343706-0.08289649j,  0.92846514-0.0607864j ,
           -0.27545839+0.0199605j ,  0.03319228-0.00916894j],
          [ 0.03332978-0.00865579j,  0.27560416-0.0178351j ,
            0.92846514-0.0607864j , -0.22279098+0.08461755j],
          [ 0.00269273-0.00097062j,  0.03332978-0.00865579j,
            0.22343706-0.08289649j,  0.77344283-0.58634141j]],
         input_dims=(2, 2), output_dims=(2, 2))"
"Operator([[ 0.77344283-0.58634141j,  0.08375764+0.22311568j,
           -0.03326202+0.00891263j, -0.00100171-0.00268132j],
          [ 0.08375764+0.22311568j,  0.92846514-0.0607864j ,
            0.01889794+0.27553332j, -0.03326202+0.00891263j],
          [-0.03326202+0.00891263j,  0.01889794+0.27553332j,
            0.92846514-0.0607864j ,  0.08375764+0.22311568j],
          [-0.00100171-0.00268132j, -0.03326202+0.00891263j,
            0.08375764+0.22311568j,  0.77344283-0.58634141j]],
         input_dims=(2, 2), output_dims=(2, 2))"
"Operator([[ 0.77344283-0.58634141j,  0.08375764+0.22311568j,
           -0.03326202+0.00891263j, -0.00100171-0.00268132j],
          [ 0.08375764+0.22311568j,  0.92846514-0.0607864j ,
            0.01889794+0.27553332j, -0.03326202+0.00891263j],
          [-0.03326202+0.00891263j,  0.01889794+0.27553332j,
            0.92846514-0.0607864j ,  0.08375764+0.22311568j],
          [-0.00100171-0.00268132j, -0.03326202+0.00891263j,
            0.08375764+0.22311568j,  0.77344283-0.58634141j]],
         input_dims=(2, 2), output_dims=(2, 2))"
"Operator([[ 0.77344283-0.58634141j,  0.08375764+0.22311568j,
           -0.03326202+0.00891263j, -0.00100171-0.00268132j],
          [ 0.08375764+0.22311568j,  0.92846514-0.0607864j ,
            0.01889794+0.27553332j, -0.03326202+0.00891263j],
          [-0.03326202+0.00891263j,  0.01889794+0.27553332j,
            0.92846514-0.0607864j ,  0.08375764+0.22311568j],
          [-0.00100171-0.00268132j, -0.03326202+0.00891263j,
            0.08375764+0.22311568j,  0.77344283-0.58634141j]],
         input_dims=(2, 2), output_dims=(2, 2))"
"Operator([[ 7.73442832e-01-5.86341408e-01j,
           -7.78786325e-04-2.38317733e-01j,
           -3.10086835e-02-1.49752603e-02j,
           -1.86581639e-03+2.17062536e-03j],
          [-1.56241571e-01-1.79956994e-01j,
            9.28465144e-01-6.07863960e-02j,
            7.82792311e-02-2.64854878e-01j,
           -3.10086835e-02-1.49752603e-02j],
          [-1.93665136e-02+2.84734091e-02j,
           -1.13707177e-01-2.51687152e-01j,
            9.28465144e-01-6.07863960e-02j,
           -7.78786325e-04-2.38317733e-01j],
          [ 2.83199310e-03+4.15572312e-04j,
           -1.93665136e-02+2.84734091e-02j,
           -1.56241571e-01-1.79956994e-01j,
            7.73442832e-01-5.86341408e-01j]],
         input_dims=(2, 2), output_dims=(2, 2))"
