unitary
"Operator([[ 9.32123565e-01-3.37152602e-01j,
            1.26057451e-01-3.84660230e-02j,
            9.56139480e-03-3.46991357e-03j,
            3.96660469e-04-2.18268049e-04j],
          [-1.31273476e-01+1.17213668e-02j,
            9.78758589e-01-3.67612587e-02j,
            1.50813415e-01-2.14935262e-02j,
            9.56139480e-03-3.46991357e-03j],
          [ 1.01493385e-02+6.71937017e-04j,
           -1.52010108e-01-9.97922020e-03j,
            9.78758589e-01-3.67612587e-02j,
            1.26057451e-01-3.84660230e-02j],
          [-4.49582819e-04-5.34392885e-05j,
            1.01493385e-02+6.71937017e-04j,
           -1.31273476e-01+1.17213668e-02j,
            9.32123565e-01-3.37152602e-01j]],
         input_dims=(2, 2), output_dims=(2, 2))"
"Operator([[ 9.32123565e-01-0.3371526j ,  2.52288575e-02+0.1293585j ,
           -1.00705999e-02+0.00142954j, -8.65582110e-05-0.0004444j ],
          [ 2.52288575e-02+0.1293585j ,  9.78758589e-01-0.03676126j,
            5.78816283e-03+0.15222731j, -1.00705999e-02+0.00142954j],
          [-1.00705999e-02+0.00142954j,  5.78816283e-03+0.15222731j,
            9.78758589e-01-0.03676126j,  2.52288575e-02+0.1293585j ],
          [-8.65582110e-05-0.0004444j , -1.00705999e-02+0.00142954j,
            2.52288575e-02+0.1293585j ,  9.32123565e-01-0.3371526j ]],
         input_dims=(2, 2), output_dims=(2, 2))"
"Operator([[ 9.32123565e-01-0.3371526j ,  9.70048996e-02-0.08921976j,
            3.27462377e-03-0.00963003j, -1.22761939e-04-0.00043579j],
          [-1.23421708e-01-0.04622984j,  9.78758589e-01-0.03676126j,
            1.26667156e-01-0.08462913j,  3.27462377e-03-0.00963003j],
          [ 5.82525956e-03+0.00833828j, -1.32727866e-01-0.07476611j,
            9.78758589e-01-0.03676126j,  9.70048996e-02-0.08921976j],
          [-4.97696999e-05-0.00045j   ,  5.82525956e-03+0.00833828j,
           -1.23421708e-01-0.04622984j,  9.32123565e-01-0.3371526j ]],
         input_dims=(2, 2), output_dims=(2, 2))"
"Operator([[ 9.32123565e-01-0.3371526j ,  8.52743090e-02-0.10049084j,
            8.20512379e-04-0.01013841j, -2.72234354e-04-0.00036176j],
          [-1.16786119e-01-0.06108288j,  9.78758589e-01-0.03676126j,
            1.15276158e-01-0.09958948j,  8.20512379e-04-0.01013841j],
          [ 3.60957779e-03+0.00950955j, -1.22505795e-01-0.09054826j,
            9.78758589e-01-0.03676126j,  8.52743090e-02-0.10049084j],
          [ 1.16559897e-04-0.00043749j,  3.60957779e-03+0.00950955j,
           -1.16786119e-01-0.06108288j,  9.32123565e-01-0.3371526j ]],
         input_dims=(2, 2), output_dims=(2, 2))"
"Operator([[ 9.32123565e-01-3.37152602e-01j,
            7.64573527e-02-1.07351708e-01j,
           -9.02336901e-04-1.01314539e-02j,
           -3.54507199e-04-2.81611639e-04j],
          [-1.11193420e-01-7.07540761e-02j,
            9.78758589e-01-3.67612587e-02j,
            1.06427751e-01-1.08994457e-01j,
           -9.02336901e-04-1.01314539e-02j],
          [ 1.95285362e-03+9.98233106e-03j,
           -1.14397117e-01-1.00597998e-01j,
            9.78758589e-01-3.67612587e-02j,
            7.64573527e-02-1.07351708e-01j],
          [ 2.22898563e-04-3.94077023e-04j,
            1.95285362e-03+9.98233106e-03j,
           -1.11193420e-01-7.07540761e-02j,
            9.32123565e-01-3.37152602e-01j]],
         input_dims=(2, 2), output_dims=(2, 2))"
"Operator([[ 9.32123565e-01-3.37152602e-01j,
            6.63931396e-02-1.13851074e-01j,
           -2.71987513e-03-9.80116574e-03j,
           -4.17271584e-04-1.75684074e-04j],
          [-1.04309029e-01-8.05589374e-02j,
            9.78758589e-01-3.67612587e-02j,
            9.60905402e-02-1.18208569e-01j,
           -2.71987513e-03-9.80116574e-03j],
          [ 1.15198717e-04+1.01709046e-02j,
           -1.04789442e-01-1.10570478e-01j,
            9.78758589e-01-3.67612587e-02j,
            6.63931396e-02-1.13851074e-01j],
          [ 3.20830934e-04-3.19449496e-04j,
            1.15198717e-04+1.01709046e-02j,
           -1.04309029e-01-8.05589374e-02j,
            9.32123565e-01-3.37152602e-01j]],
         input_dims=(2, 2), output_dims=(2, 2))"
"Operator([[ 9.32123565e-01-3.37152602e-01j,
           -1.31756899e-01+3.19929918e-03j,
            9.97747641e-03+1.97750728e-03j,
           -4.30800916e-04-1.39251715e-04j],
          [ 1.23303125e-01-4.65451952e-02j,
            9.78758589e-01-3.67612587e-02j,
           -1.51045336e-01-1.97980823e-02j,
            9.97747641e-03+1.97750728e-03j],
          [ 9.03298700e-03-4.67607918e-03j,
            1.49105819e-01-3.12107764e-02j,
            9.78758589e-01-3.67612587e-02j,
           -1.31756899e-01+3.19929918e-03j],
          [ 3.47044856e-04-2.90758210e-04j,
            9.03298700e-03-4.67607918e-03j,
            1.23303125e-01-4.65451952e-02j,
            9.32123565e-01-3.37152602e-01j]],
         input_dims=(2, 2), output_dims=(2, 2))"
"Operator([[ 9.32123565e-01-3.37152602e-01j,
           -1.21068455e-01+5.20821007e-02j,
            8.57278151e-03-5.47430250e-03j,
           -3.04444759e-04+3.35102757e-04j],
          [ 1.31766591e-01+2.77154517e-03j,
            9.78758589e-01-3.67612587e-02j,
           -1.47539198e-01+3.79320794e-02j,
            8.57278151e-03-5.47430250e-03j],
          [ 9.75759361e-03+2.87227045e-03j,
            1.49993632e-01+2.66189423e-02j,
            9.78758589e-01-3.67612587e-02j,
           -1.21068455e-01+5.20821007e-02j],
          [ 4.07958193e-04+1.96343021e-04j,
            9.75759361e-03+2.87227045e-03j,
            1.31766591e-01+2.77154517e-03j,
            9.32123565e-01-3.37152602e-01j]],
         input_dims=(2, 2), output_dims=(2, 2))"
"Operator([[ 9.32123565e-01-0.3371526j ,  2.52288575e-02+0.1293585j ,
           -1.00705999e-02+0.00142954j, -8.65582110e-05-0.0004444j ],
          [ 2.52288575e-02+0.1293585j ,  9.78758589e-01-0.03676126j,
            5.78816283e-03+0.15222731j, -1.00705999e-02+0.00142954j],
          [-1.00705999e-02+0.00142954j,  5.78816283e-03+0.15222731j,
            9.78758589e-01-0.03676126j,  2.52288575e-02+0.1293585j ],
          [-8.65582110e-05-0.0004444j , -1.00705999e-02+0.00142954j,
            2.52288575e-02+0.1293585j ,  9.32123565e-01-0.3371526j ]],
         input_dims=(2, 2), output_dims=(2, 2))"
"Operator([[ 9.32123565e-01-0.3371526j , -9.46204909e-02+0.09174464j,
            2.76279600e-03-0.00978915j,  1.56792553e-04+0.00042473j],
          [ 1.22160812e-01+0.04946566j,  9.78758589e-01-0.03676126j,
           -1.24393403e-01+0.08793713j,  2.76279600e-03-0.00978915j],
          [ 5.37793584e-03+0.00863356j,  1.30711876e-01+0.07823722j,
            9.78758589e-01-0.03676126j, -9.46204909e-02+0.09174464j],
          [ 1.40775399e-05+0.00045253j,  5.37793584e-03+0.00863356j,
            1.22160812e-01+0.04946566j,  9.32123565e-01-0.3371526j ]],
         input_dims=(2, 2), output_dims=(2, 2))"
"Operator([[ 9.32123565e-01-0.3371526j ,  2.52288575e-02+0.1293585j ,
           -1.00705999e-02+0.00142954j, -8.65582110e-05-0.0004444j ],
          [ 2.52288575e-02+0.1293585j ,  9.78758589e-01-0.03676126j,
            5.78816283e-03+0.15222731j, -1.00705999e-02+0.00142954j],
          [-1.00705999e-02+0.00142954j,  5.78816283e-03+0.15222731j,
            9.78758589e-01-0.03676126j,  2.52288575e-02+0.1293585j ],
          [-8.65582110e-05-0.0004444j , -1.00705999e-02+0.00142954j,
            2.52288575e-02+0.1293585j ,  9.32123565e-01-0.3371526j ]],
         input_dims=(2, 2), output_dims=(2, 2))"
"Operator([[ 9.32123565e-01-0.3371526j ,  2.52288575e-02+0.1293585j ,
           -1.00705999e-02+0.00142954j, -8.65582110e-05-0.0004444j ],
          [ 2.52288575e-02+0.1293585j ,  9.78758589e-01-0.03676126j,
            5.78816283e-03+0.15222731j, -1.00705999e-02+0.00142954j],
          [-1.00705999e-02+0.00142954j,  5.78816283e-03+0.15222731j,
            9.78758589e-01-0.03676126j,  2.52288575e-02+0.1293585j ],
          [-8.65582110e-05-0.0004444j , -1.00705999e-02+0.00142954j,
            2.52288575e-02+0.1293585j ,  9.32123565e-01-0.3371526j ]],
         input_dims=(2, 2), output_dims=(2, 2))"
"Operator([[ 9.32123565e-01-0.3371526j ,  2.52288575e-02+0.1293585j ,
           -1.00705999e-02+0.00142954j, -8.65582110e-05-0.0004444j ],
          [ 2.52288575e-02+0.1293585j ,  9.78758589e-01-0.03676126j,
            5.78816283e-03+0.15222731j, -1.00705999e-02+0.00142954j],
          [-1.00705999e-02+0.00142954j,  5.78816283e-03+0.15222731j,
            9.78758589e-01-0.03676126j,  2.52288575e-02+0.1293585j ],
          [-8.65582110e-05-0.0004444j , -1.00705999e-02+0.00142954j,
            2.52288575e-02+0.1293585j ,  9.32123565e-01-0.3371526j ]],
         input_dims=(2, 2), output_dims=(2, 2))"
