unitary
"Operator([[ 3.69872239e-01-0.83919507j, -3.67249686e-01+0.11782142j,
            9.80083122e-02+0.01918991j, -1.38739200e-02-0.00505743j],
          [ 2.20704431e-01-0.31629697j,  7.95493485e-01-0.07168081j,
           -4.40365789e-01-0.09696313j,  9.80083122e-02+0.01918991j],
          [ 4.45080852e-02-0.08940309j,  4.09037118e-01-0.18976963j,
            7.95493485e-01-0.07168081j, -3.67249686e-01+0.11782142j],
          [-4.87170486e-04-0.01475893j,  4.45080852e-02-0.08940309j,
            2.20704431e-01-0.31629697j,  3.69872239e-01-0.83919507j]],
         input_dims=(2, 2), output_dims=(2, 2))"
"Operator([[ 0.36987224-0.83919507j, -0.10973545+0.36974633j,
           -0.01783415-0.09826406j,  0.01238734+0.00803848j],
          [ 0.38566631+0.00396437j,  0.79549348-0.07168081j,
           -0.32835293+0.30904406j, -0.01783415-0.09826406j],
          [ 0.06704445+0.07401975j,  0.38734185+0.23084663j,
            0.79549348-0.07168081j, -0.10973545+0.36974633j],
          [ 0.00378287+0.01427421j,  0.06704445+0.07401975j,
            0.38566631+0.00396437j,  0.36987224-0.83919507j]],
         input_dims=(2, 2), output_dims=(2, 2))"
"Operator([[ 0.36987224-0.83919507j,  0.22909293+0.31027511j,
           -0.08958706+0.04413662j, -0.00866545-0.01195714j],
          [ 0.22909293+0.31027511j,  0.79549348-0.07168081j,
            0.04897584+0.44824686j, -0.08958706+0.04413662j],
          [-0.08958706+0.04413662j,  0.04897584+0.44824686j,
            0.79549348-0.07168081j,  0.22909293+0.31027511j],
          [-0.00866545-0.01195714j, -0.08958706+0.04413662j,
            0.22909293+0.31027511j,  0.36987224-0.83919507j]],
         input_dims=(2, 2), output_dims=(2, 2))"
"Operator([[ 0.36987224-0.83919507j,  0.22909293+0.31027511j,
           -0.08958706+0.04413662j, -0.00866545-0.01195714j],
          [ 0.22909293+0.31027511j,  0.79549348-0.07168081j,
            0.04897584+0.44824686j, -0.08958706+0.04413662j],
          [-0.08958706+0.04413662j,  0.04897584+0.44824686j,
            0.79549348-0.07168081j,  0.22909293+0.31027511j],
          [-0.00866545-0.01195714j, -0.08958706+0.04413662j,
            0.22909293+0.31027511j,  0.36987224-0.83919507j]],
         input_dims=(2, 2), output_dims=(2, 2))"
