unitary
"Operator([[ 8.60421815e-01-0.47311191j, -9.14319198e-02+0.16442253j,
           -4.22390424e-03-0.02061988j,  1.18404466e-03+0.00066206j],
          [ 1.64569048e-01+0.09116794j,  9.56148263e-01-0.05048357j,
           -1.45507527e-01+0.16193172j, -4.22390424e-03-0.02061988j],
          [ 4.29006426e-03+0.02060622j,  1.62165024e-01+0.14524747j,
            9.56148263e-01-0.05048357j, -9.14319198e-02+0.16442253j],
          [-6.56355255e-04+0.00118722j,  4.29006426e-03+0.02060622j,
            1.64569048e-01+0.09116794j,  8.60421815e-01-0.47311191j]],
         input_dims=(2, 2), output_dims=(2, 2))"
"Operator([[ 8.60421815e-01-0.47311191j, -8.74261391e-02+0.16658702j,
           -5.21666158e-03-0.02039135j,  1.22895306e-03+0.00057442j],
          [ 1.62314600e-01+0.09512379j,  9.56148263e-01-0.05048357j,
           -1.41546187e-01+0.16540556j, -5.21666158e-03-0.02039135j],
          [ 3.28799588e-03+0.02078966j,  1.58602562e-01+0.14912931j,
            9.56148263e-01-0.05048357j, -8.74261391e-02+0.16658702j],
          [-7.40750243e-04+0.00113648j,  3.28799588e-03+0.02078966j,
            1.62314600e-01+0.09512379j,  8.60421815e-01-0.47311191j]],
         input_dims=(2, 2), output_dims=(2, 2))"
"Operator([[ 8.60421815e-01-0.47311191j, -1.34332999e-01+0.1317164j ,
            7.67833064e-03-0.01959755j,  2.66515799e-04+0.00133013j],
          [ 1.83675178e-01+0.04071846j,  9.56148263e-01-0.05048357j,
           -1.85478675e-01+0.11398238j,  7.67833064e-03-0.01959755j],
          [ 1.48135797e-02+0.01495255j,  1.96716705e-01+0.09325696j,
            9.56148263e-01-0.05048357j, -1.34332999e-01+0.1317164j ],
          [ 4.75566060e-04+0.00127048j,  1.48135797e-02+0.01495255j,
            1.83675178e-01+0.04071846j,  8.60421815e-01-0.47311191j]],
         input_dims=(2, 2), output_dims=(2, 2))"
"Operator([[ 8.60421815e-01-0.47311191j, -1.60315602e-01+0.09845543j,
            1.54329054e-02-0.01431245j, -6.22459311e-04+0.00120534j],
          [ 1.88130263e-01-0.00125224j,  9.56148263e-01-0.05048357j,
           -2.06220834e-01+0.06976597j,  1.54329054e-02-0.01431245j],
          [ 1.98400939e-02+0.00702791j,  2.12555819e-01+0.04705685j,
            9.56148263e-01-0.05048357j, -1.60315602e-01+0.09845543j],
          [ 1.16481396e-03+0.00069534j,  1.98400939e-02+0.00702791j,
            1.88130263e-01-0.00125224j,  8.60421815e-01-0.47311191j]],
         input_dims=(2, 2), output_dims=(2, 2))"
"Operator([[ 8.60421815e-01-4.73111906e-01j,
           -1.68193374e-01+8.42944421e-02j,
            1.76584806e-02-1.14542102e-02j,
           -9.09879566e-04+1.00618531e-03j],
          [ 1.87324632e-01-1.74369197e-02j,
            9.56148263e-01-5.04835675e-02j,
           -2.11459483e-01+5.17610855e-02j,
            1.76584806e-02-1.14542102e-02j],
          [ 2.07513221e-02+3.52186008e-03j,
            2.15816762e-01+2.85910503e-02j,
            9.56148263e-01-5.04835675e-02j,
           -1.68193374e-01+8.42944421e-02j],
          [ 1.30385569e-03+3.74499725e-04j,
            2.07513221e-02+3.52186008e-03j,
            1.87324632e-01-1.74369197e-02j,
            8.60421815e-01-4.73111906e-01j]],
         input_dims=(2, 2), output_dims=(2, 2))"
"Operator([[ 8.60421815e-01-0.47311191j,  5.17573063e-02+0.18087494j,
           -2.06130761e-02+0.00425699j, -3.72237781e-04-0.0013045j ],
          [ 5.17573063e-02+0.18087494j,  9.56148263e-01-0.05048357j,
            1.17880916e-02+0.21738299j, -2.06130761e-02+0.00425699j],
          [-2.06130761e-02+0.00425699j,  1.17880916e-02+0.21738299j,
            9.56148263e-01-0.05048357j,  5.17573063e-02+0.18087494j],
          [-3.72237781e-04-0.0013045j , -2.06130761e-02+0.00425699j,
            5.17573063e-02+0.18087494j,  8.60421815e-01-0.47311191j]],
         input_dims=(2, 2), output_dims=(2, 2))"
"Operator([[ 8.60421815e-01-0.47311191j,  5.17573063e-02+0.18087494j,
           -2.06130761e-02+0.00425699j, -3.72237781e-04-0.0013045j ],
          [ 5.17573063e-02+0.18087494j,  9.56148263e-01-0.05048357j,
            1.17880916e-02+0.21738299j, -2.06130761e-02+0.00425699j],
          [-2.06130761e-02+0.00425699j,  1.17880916e-02+0.21738299j,
            9.56148263e-01-0.05048357j,  5.17573063e-02+0.18087494j],
          [-3.72237781e-04-0.0013045j , -2.06130761e-02+0.00425699j,
            5.17573063e-02+0.18087494j,  8.60421815e-01-0.47311191j]],
         input_dims=(2, 2), output_dims=(2, 2))"
"Operator([[ 8.60421815e-01-0.47311191j,  9.17267586e-02+0.16425823j,
           -1.65651955e-02+0.01298519j, -1.11881219e-03-0.00076717j],
          [ 9.04799170e-03+0.18791673j,  9.56148263e-01-0.05048357j,
            6.11594609e-02+0.20893502j, -1.65651955e-02+0.01298519j],
          [-2.03539656e-02-0.00536069j, -3.82073007e-02+0.21432341j,
            9.56148263e-01-0.05048357j,  9.17267586e-02+0.16425823j],
          [ 5.45478570e-04-0.00124207j, -2.03539656e-02-0.00536069j,
            9.04799170e-03+0.18791673j,  8.60421815e-01-0.47311191j]],
         input_dims=(2, 2), output_dims=(2, 2))"
"Operator([[ 0.86042181-4.73111906e-01j,  0.04741862-1.82060535e-01j,
           -0.01367923-1.59968576e-02j, -0.00131498+3.33344270e-04j],
          [-0.13654824-1.29418478e-01j,  0.95614826-5.04835675e-02j,
            0.10039954-1.93168980e-01j, -0.01367923-1.59968576e-02j],
          [-0.00622309+2.01070636e-02j, -0.12069944-1.81179381e-01j,
            0.95614826-5.04835675e-02j,  0.04741862-1.82060535e-01j],
          [ 0.00129288-4.10803116e-04j, -0.00622309+2.01070636e-02j,
           -0.13654824-1.29418478e-01j,  0.86042181-4.73111906e-01j]],
         input_dims=(2, 2), output_dims=(2, 2))"
