unitary
"Operator([[ 9.41366246e-01-0.31421358j,  2.17999268e-02+0.12061082j,
           -8.70437146e-03+0.00114631j, -6.44524569e-05-0.00035699j],
          [ 2.17999268e-02+0.12061082j,  9.81660078e-01-0.03435118j,
            5.00604995e-03+0.14155967j, -8.70437146e-03+0.00114631j],
          [-8.70437146e-03+0.00114631j,  5.00604995e-03+0.14155967j,
            9.81660078e-01-0.03435118j,  2.17999268e-02+0.12061082j],
          [-6.44524569e-05-0.00035699j, -8.70437146e-03+0.00114631j,
            2.17999268e-02+0.12061082j,  9.41366246e-01-0.31421358j]],
         input_dims=(2, 2), output_dims=(2, 2))"
"Operator([[ 9.41366246e-01-0.31421358j,  2.17999268e-02+0.12061082j,
           -8.70437146e-03+0.00114631j, -6.44524569e-05-0.00035699j],
          [ 2.17999268e-02+0.12061082j,  9.81660078e-01-0.03435118j,
            5.00604995e-03+0.14155967j, -8.70437146e-03+0.00114631j],
          [-8.70437146e-03+0.00114631j,  5.00604995e-03+0.14155967j,
            9.81660078e-01-0.03435118j,  2.17999268e-02+0.12061082j],
          [-6.44524569e-05-0.00035699j, -8.70437146e-03+0.00114631j,
            2.17999268e-02+0.12061082j,  9.41366246e-01-0.31421358j]],
         input_dims=(2, 2), output_dims=(2, 2))"
"Operator([[ 9.41366246e-01-0.31421358j,  2.17999268e-02+0.12061082j,
           -8.70437146e-03+0.00114631j, -6.44524569e-05-0.00035699j],
          [ 2.17999268e-02+0.12061082j,  9.81660078e-01-0.03435118j,
            5.00604995e-03+0.14155967j, -8.70437146e-03+0.00114631j],
          [-8.70437146e-03+0.00114631j,  5.00604995e-03+0.14155967j,
            9.81660078e-01-0.03435118j,  2.17999268e-02+0.12061082j],
          [-6.44524569e-05-0.00035699j, -8.70437146e-03+0.00114631j,
            2.17999268e-02+0.12061082j,  9.41366246e-01-0.31421358j]],
         input_dims=(2, 2), output_dims=(2, 2))"
"Operator([[ 9.41366246e-01-0.31421358j,  2.17999268e-02+0.12061082j,
           -8.70437146e-03+0.00114631j, -6.44524569e-05-0.00035699j],
          [ 2.17999268e-02+0.12061082j,  9.81660078e-01-0.03435118j,
            5.00604995e-03+0.14155967j, -8.70437146e-03+0.00114631j],
          [-8.70437146e-03+0.00114631j,  5.00604995e-03+0.14155967j,
            9.81660078e-01-0.03435118j,  2.17999268e-02+0.12061082j],
          [-6.44524569e-05-0.00035699j, -8.70437146e-03+0.00114631j,
            2.17999268e-02+0.12061082j,  9.41366246e-01-0.31421358j]],
         input_dims=(2, 2), output_dims=(2, 2))"
"Operator([[ 9.41366246e-01-3.14213578e-01j,
            9.46389428e-02+7.78824574e-02j,
           -2.90063228e-04+8.77473447e-03j,
           -2.73193959e-04+2.38664754e-04j],
          [-6.13877955e-02+1.06083671e-01j,
            9.81660078e-01-3.43511799e-02j,
            9.53813157e-02+1.04721562e-01j,
           -2.90063228e-04+8.77473447e-03j],
          [-2.55192062e-03-8.40046444e-03j,
           -8.77456523e-02+1.11197579e-01j,
            9.81660078e-01-3.43511799e-02j,
            9.46389428e-02+7.78824574e-02j],
          [ 3.39404661e-04+1.28063580e-04j,
           -2.55192062e-03-8.40046444e-03j,
           -6.13877955e-02+1.06083671e-01j,
            9.41366246e-01-3.14213578e-01j]],
         input_dims=(2, 2), output_dims=(2, 2))"
"Operator([[ 9.41366246e-01-3.14213578e-01j,
            1.06381669e-01+6.08699192e-02j,
            2.63370114e-03+8.37518478e-03j,
           -1.23086354e-04+3.41241196e-04j],
          [-7.83428870e-02+9.42581494e-02j,
            9.81660078e-01-3.43511799e-02j,
            1.11624008e-01+8.72025330e-02j,
            2.63370114e-03+8.37518478e-03j],
          [ 3.75600265e-04-8.77148939e-03j,
           -1.05185292e-01+9.48696756e-02j,
            9.81660078e-01-3.43511799e-02j,
            1.06381669e-01+6.08699192e-02j],
          [ 2.34643981e-04+2.76655031e-04j,
            3.75600265e-04-8.77148939e-03j,
           -7.83428870e-02+9.42581494e-02j,
            9.41366246e-01-3.14213578e-01j]],
         input_dims=(2, 2), output_dims=(2, 2))"
"Operator([[ 9.41366246e-01-0.31421358j,  1.13841786e-01+0.04541205j,
            4.84791153e-03+0.00731969j,  2.69225980e-05+0.00036176j],
          [-9.07421133e-02+0.08238978j,  9.81660078e-01-0.03435118j,
            1.22711262e-01+0.07075413j,  4.84791153e-03+0.00731969j],
          [ 2.78758127e-03-0.00832523j, -1.17406743e-01+0.07924555j,
            9.81660078e-01-0.03435118j,  1.13841786e-01+0.04541205j],
          [ 1.01281322e-04+0.00034834j,  2.78758127e-03-0.00832523j,
           -9.07421133e-02+0.08238978j,  9.41366246e-01-0.31421358j]],
         input_dims=(2, 2), output_dims=(2, 2))"
"Operator([[ 9.41366246e-01-0.31421358j,  1.18650809e-01+0.03072771j,
            6.52169758e-03+0.00587772j,  1.58684458e-04+0.00032621j],
          [-1.00387206e-01+0.07031796j,  9.81660078e-01-0.03435118j,
            1.30638317e-01+0.05475245j,  6.52169758e-03+0.00587772j],
          [ 4.77762113e-03-0.00736576j, -1.26444335e-01+0.0638438j ,
            9.81660078e-01-0.03435118j,  1.18650809e-01+0.03072771j],
          [-3.45925069e-05+0.00036111j,  4.77762113e-03-0.00736576j,
           -1.00387206e-01+0.07031796j,  9.41366246e-01-0.31421358j]],
         input_dims=(2, 2), output_dims=(2, 2))"
"Operator([[ 9.41366246e-01-0.31421358j,  2.17999268e-02+0.12061082j,
           -8.70437146e-03+0.00114631j, -6.44524569e-05-0.00035699j],
          [ 2.17999268e-02+0.12061082j,  9.81660078e-01-0.03435118j,
            5.00604995e-03+0.14155967j, -8.70437146e-03+0.00114631j],
          [-8.70437146e-03+0.00114631j,  5.00604995e-03+0.14155967j,
            9.81660078e-01-0.03435118j,  2.17999268e-02+0.12061082j],
          [-6.44524569e-05-0.00035699j, -8.70437146e-03+0.00114631j,
            2.17999268e-02+0.12061082j,  9.41366246e-01-0.31421358j]],
         input_dims=(2, 2), output_dims=(2, 2))"
"Operator([[ 9.41366246e-01-3.14213578e-01j,
            8.82341933e-02+8.50701698e-02j,
           -1.65965388e-03+8.62123255e-03j,
           -3.21375142e-04+1.68267115e-04j],
          [-5.28721804e-02+1.10574587e-01j,
            9.81660078e-01-3.43511799e-02j,
            8.68677424e-02+1.11884746e-01j,
           -1.65965388e-03+8.62123255e-03j],
          [-3.83507412e-03-7.89761408e-03j,
           -7.87473480e-02+1.17741480e-01j,
            9.81660078e-01-3.43511799e-02j,
            8.82341933e-02+8.50701698e-02j],
          [ 3.59926599e-04+4.52619854e-05j,
           -3.83507412e-03-7.89761408e-03j,
           -5.28721804e-02+1.10574587e-01j,
            9.41366246e-01-3.14213578e-01j]],
         input_dims=(2, 2), output_dims=(2, 2))"
"Operator([[ 9.41366246e-01-3.14213578e-01j,
            2.90125950e-02-1.19081804e-01j,
           -6.68857416e-03-5.68709745e-03j,
           -3.19040954e-04+1.72651886e-04j],
          [-6.88622362e-02-1.01391317e-01j,
            9.81660078e-01-3.43511799e-02j,
            5.28618803e-02-1.31414697e-01j,
           -6.68857416e-03-5.68709745e-03j],
          [-4.98815889e-03+7.22484412e-03j,
           -6.20127961e-02-1.27352323e-01j,
            9.81660078e-01-3.43511799e-02j,
            2.90125950e-02-1.19081804e-01j],
          [ 3.59273089e-04+5.01861677e-05j,
           -4.98815889e-03+7.22484412e-03j,
           -6.88622362e-02-1.01391317e-01j,
            9.41366246e-01-3.14213578e-01j]],
         input_dims=(2, 2), output_dims=(2, 2))"
"Operator([[ 9.41366246e-01-0.31421358j,  2.17999268e-02+0.12061082j,
           -8.70437146e-03+0.00114631j, -6.44524569e-05-0.00035699j],
          [ 2.17999268e-02+0.12061082j,  9.81660078e-01-0.03435118j,
            5.00604995e-03+0.14155967j, -8.70437146e-03+0.00114631j],
          [-8.70437146e-03+0.00114631j,  5.00604995e-03+0.14155967j,
            9.81660078e-01-0.03435118j,  2.17999268e-02+0.12061082j],
          [-6.44524569e-05-0.00035699j, -8.70437146e-03+0.00114631j,
            2.17999268e-02+0.12061082j,  9.41366246e-01-0.31421358j]],
         input_dims=(2, 2), output_dims=(2, 2))"
"Operator([[ 9.41366246e-01-3.14213578e-01j,
            8.66902080e-02+8.66430291e-02j,
           -1.96858188e-03+8.55597961e-03j,
           -3.29980933e-04+1.50693025e-04j],
          [-5.08752960e-02+1.11507448e-01j,
            9.81660078e-01-3.43511799e-02j,
            8.48418023e-02+1.13428698e-01j,
           -1.96858188e-03+8.55597961e-03j],
          [-4.11657550e-03-7.75460559e-03j,
           -7.66174060e-02+1.19138466e-01j,
            9.81660078e-01-3.43511799e-02j,
            8.66902080e-02+8.66430291e-02j],
          [ 3.61843585e-04+2.57880680e-05j,
           -4.11657550e-03-7.75460559e-03j,
           -5.08752960e-02+1.11507448e-01j,
            9.41366246e-01-3.14213578e-01j]],
         input_dims=(2, 2), output_dims=(2, 2))"
"Operator([[ 9.41366246e-01-0.31421358j,  1.16069685e-01+0.03937048j,
            5.58895698e-03+0.00677079j,  8.33775111e-05+0.00035305j],
          [-9.49439364e-02+0.07751036j,  9.81660078e-01-0.03435118j,
            1.26257869e-01+0.06421177j,  5.58895698e-03+0.00677079j],
          [ 3.64546773e-03-0.00798691j, -1.21406634e-01+0.07297006j,
            9.81660078e-01-0.03435118j,  1.16069685e-01+0.03937048j],
          [ 4.53443819e-05+0.00035992j,  3.64546773e-03-0.00798691j,
           -9.49439364e-02+0.07751036j,  9.41366246e-01-0.31421358j]],
         input_dims=(2, 2), output_dims=(2, 2))"
