theta
3.141592653589793
-0.14746703574570189
