unitary
"Operator([[ 0.75140351-0.6097643j , -0.19902276+0.15008554j,
            0.02603655-0.02749014j, -0.00125384+0.00306035j],
          [ 0.24780564-0.0269832j ,  0.92140335-0.0627214j ,
           -0.27240226+0.09648607j,  0.02603655-0.02749014j],
          [ 0.03656321+0.00983574j,  0.28338167+0.05663378j,
            0.92140335-0.0627214j , -0.19902276+0.15008554j],
          [ 0.00300473+0.00138184j,  0.03656321+0.00983574j,
            0.24780564-0.0269832j ,  0.75140351-0.6097643j ]],
         input_dims=(2, 2), output_dims=(2, 2))"
"Operator([[ 7.51403505e-01-0.6097643j , -1.70661830e-01+0.18168728j,
            1.53403148e-02-0.03461625j,  4.05143476e-04+0.00328234j],
          [ 2.48790055e-01+0.01546728j,  9.21403351e-01-0.0627214j ,
           -2.52073900e-01+0.14131986j,  1.53403148e-02-0.03461625j],
          [ 3.11663562e-02+0.02150042j,  2.69657967e-01+0.10390926j,
            9.21403351e-01-0.0627214j , -1.70661830e-01+0.18168728j],
          [ 1.94335185e-03+0.00267605j,  3.11663562e-02+0.02150042j,
            2.48790055e-01+0.01546728j,  7.51403505e-01-0.6097643j ]],
         input_dims=(2, 2), output_dims=(2, 2))"
"Operator([[ 7.51403505e-01-0.6097643j , -1.82056102e-01+0.17026833j,
            1.96805798e-02-0.03234633j, -2.35827714e-04+0.00329883j],
          [ 2.49269526e-01-0.00065699j,  9.21403351e-01-0.0627214j ,
           -2.60686709e-01+0.12471966j,  1.96805798e-02-0.03234633j],
          [ 3.36810775e-02+0.01729726j,  2.75814217e-01+0.08625005j,
            9.21403351e-01-0.0627214j , -1.82056102e-01+0.17026833j],
          [ 2.42319911e-03+0.00225077j,  3.36810775e-02+0.01729726j,
            2.49269526e-01-0.00065699j,  7.51403505e-01-0.6097643j ]],
         input_dims=(2, 2), output_dims=(2, 2))"
"Operator([[ 0.75140351-0.6097643j ,  0.09183288+0.23173789j,
           -0.03644157+0.01027726j, -0.00121275-0.00307687j],
          [ 0.09183288+0.23173789j,  0.92140335-0.0627214j ,
            0.02066853+0.28824532j, -0.03644157+0.01027726j],
          [-0.03644157+0.01027726j,  0.02066853+0.28824532j,
            0.92140335-0.0627214j ,  0.09183288+0.23173789j],
          [-0.00121275-0.00307687j, -0.03644157+0.01027726j,
            0.09183288+0.23173789j,  0.75140351-0.6097643j ]],
         input_dims=(2, 2), output_dims=(2, 2))"
"Operator([[ 0.75140351-0.6097643j ,  0.09183288+0.23173789j,
           -0.03644157+0.01027726j, -0.00121275-0.00307687j],
          [ 0.09183288+0.23173789j,  0.92140335-0.0627214j ,
            0.02066853+0.28824532j, -0.03644157+0.01027726j],
          [-0.03644157+0.01027726j,  0.02066853+0.28824532j,
            0.92140335-0.0627214j ,  0.09183288+0.23173789j],
          [-0.00121275-0.00307687j, -0.03644157+0.01027726j,
            0.09183288+0.23173789j,  0.75140351-0.6097643j ]],
         input_dims=(2, 2), output_dims=(2, 2))"
"Operator([[ 7.51403505e-01-0.6097643j , -1.84605016e-01+0.16750139j,
            2.06478292e-02-0.03173763j, -3.84895913e-04+0.00328477j],
          [ 2.49231223e-01-0.00441883j,  9.21403351e-01-0.0627214j ,
           -2.62539259e-01+0.12077124j,  2.06478292e-02-0.03173763j],
          [ 3.41877674e-02+0.01627288j,  2.77084470e-01+0.08207771j,
            9.21403351e-01-0.0627214j , -1.84605016e-01+0.16750139j],
          [ 2.52258912e-03+0.00213879j,  3.41877674e-02+0.01627288j,
            2.49231223e-01-0.00441883j,  7.51403505e-01-0.6097643j ]],
         input_dims=(2, 2), output_dims=(2, 2))"
"Operator([[ 0.75140351-0.6097643j ,  0.09183288+0.23173789j,
           -0.03644157+0.01027726j, -0.00121275-0.00307687j],
          [ 0.09183288+0.23173789j,  0.92140335-0.0627214j ,
            0.02066853+0.28824532j, -0.03644157+0.01027726j],
          [-0.03644157+0.01027726j,  0.02066853+0.28824532j,
            0.92140335-0.0627214j ,  0.09183288+0.23173789j],
          [-0.00121275-0.00307687j, -0.03644157+0.01027726j,
            0.09183288+0.23173789j,  0.75140351-0.6097643j ]],
         input_dims=(2, 2), output_dims=(2, 2))"
"Operator([[ 0.75140351-0.6097643j , -0.18772585-0.16399614j,
           -0.01280436+0.03563227j,  0.00321935-0.0007574j ],
          [ 0.02443262-0.2480701j ,  0.92140335-0.0627214j ,
           -0.15032175-0.24681152j, -0.01280436+0.03563227j],
          [-0.02953493-0.02369173j,  0.11356987-0.26573377j,
            0.92140335-0.0627214j , -0.18772585-0.16399614j],
          [-0.00287035+0.00164285j, -0.02953493-0.02369173j,
            0.02443262-0.2480701j ,  0.75140351-0.6097643j ]],
         input_dims=(2, 2), output_dims=(2, 2))"
"Operator([[ 0.75140351-0.6097643j ,  0.09183288+0.23173789j,
           -0.03644157+0.01027726j, -0.00121275-0.00307687j],
          [ 0.09183288+0.23173789j,  0.92140335-0.0627214j ,
            0.02066853+0.28824532j, -0.03644157+0.01027726j],
          [-0.03644157+0.01027726j,  0.02066853+0.28824532j,
            0.92140335-0.0627214j ,  0.09183288+0.23173789j],
          [-0.00121275-0.00307687j, -0.03644157+0.01027726j,
            0.09183288+0.23173789j,  0.75140351-0.6097643j ]],
         input_dims=(2, 2), output_dims=(2, 2))"
"Operator([[ 7.51403505e-01-0.6097643j ,  2.48861895e-01-0.01426483j,
            3.53661622e-02+0.013522j  ,  2.75791443e-03+0.00182532j],
          [-1.91080349e-01+0.16007507j,  9.21403351e-01-0.0627214j ,
            2.80111671e-01+0.07106339j,  3.53661622e-02+0.013522j  ],
          [ 2.30898757e-02-0.03000779j, -2.67106965e-01+0.11030151j,
            9.21403351e-01-0.0627214j ,  2.48861895e-01-0.01426483j],
          [-7.70817791e-04+0.00321616j,  2.30898757e-02-0.03000779j,
           -1.91080349e-01+0.16007507j,  7.51403505e-01-0.6097643j ]],
         input_dims=(2, 2), output_dims=(2, 2))"
