unitary
"Operator([[ 0.61891334+0.39029306j,  0.32990209+0.31288483j,
            0.01251574+0.30191948j,  0.19578601-0.3581077j ],
          [ 0.38664575+0.23924332j, -0.12778352+0.08779185j,
            0.39975797-0.71980081j,  0.01251574+0.30191948j],
          [ 0.13173182+0.27195357j,  0.24499628-0.78606391j,
           -0.12778352+0.08779185j,  0.32990209+0.31288483j],
          [-0.04648902-0.40547757j,  0.13173182+0.27195357j,
            0.38664575+0.23924332j,  0.61891334+0.39029306j]],
         input_dims=(2, 2), output_dims=(2, 2))"
"Operator([[ 0.61891334+0.39029306j, -0.36016103-0.27751817j,
            0.07366362+0.2930626j , -0.07831586+0.40054951j],
          [-0.36016103-0.27751817j, -0.12778352+0.08779185j,
           -0.32407516+0.75689823j,  0.07366362+0.2930626j ],
          [ 0.07366362+0.2930626j , -0.32407516+0.75689823j,
           -0.12778352+0.08779185j, -0.36016103-0.27751817j],
          [-0.07831586+0.40054951j,  0.07366362+0.2930626j ,
           -0.36016103-0.27751817j,  0.61891334+0.39029306j]],
         input_dims=(2, 2), output_dims=(2, 2))"
"Operator([[ 0.61891334+0.39029306j, -0.36016103-0.27751817j,
            0.07366362+0.2930626j , -0.07831586+0.40054951j],
          [-0.36016103-0.27751817j, -0.12778352+0.08779185j,
           -0.32407516+0.75689823j,  0.07366362+0.2930626j ],
          [ 0.07366362+0.2930626j , -0.32407516+0.75689823j,
           -0.12778352+0.08779185j, -0.36016103-0.27751817j],
          [-0.07831586+0.40054951j,  0.07366362+0.2930626j ,
           -0.36016103-0.27751817j,  0.61891334+0.39029306j]],
         input_dims=(2, 2), output_dims=(2, 2))"
"Operator([[ 0.61891334+0.39029306j,  0.05911455-0.450819j  ,
           -0.29104724-0.08126208j,  0.07526724-0.40113356j],
          [-0.42085591+0.17208313j, -0.12778352+0.08779185j,
           -0.81728013+0.09986406j, -0.29104724-0.08126208j],
          [ 0.21803148-0.20922307j,  0.49178298+0.66035531j,
           -0.12778352+0.08779185j,  0.05911455-0.450819j  ],
          [ 0.08135996-0.3999423j ,  0.21803148-0.20922307j,
           -0.42085591+0.17208313j,  0.61891334+0.39029306j]],
         input_dims=(2, 2), output_dims=(2, 2))"
"Operator([[ 0.61891334+0.39029306j, -0.45444595-0.01453194j,
            0.30131935+0.02277432j,  0.40567745-0.04471119j],
          [-0.12989797-0.43572792j, -0.12778352+0.08779185j,
            0.1796851 +0.80351285j,  0.30131935+0.02277432j],
          [-0.25473816+0.1625438j , -0.70548144+0.42451806j,
           -0.12778352+0.08779185j, -0.45444595-0.01453194j],
          [-0.35896247-0.1942144j , -0.25473816+0.1625438j ,
           -0.12989797-0.43572792j,  0.61891334+0.39029306j]],
         input_dims=(2, 2), output_dims=(2, 2))"
"Operator([[ 0.61891334+0.39029306j,  0.44931622-0.0696221j ,
            0.28904158-0.08813049j, -0.32069951+0.25243833j],
          [ 0.04721648+0.45221998j, -0.12778352+0.08779185j,
           -0.3249483 -0.75652379j,  0.28904158-0.08813049j],
          [-0.29636003+0.05901487j,  0.77173155-0.28696701j,
           -0.12778352+0.08779185j,  0.44931622-0.0696221j ],
          [ 0.20200335+0.35463775j, -0.29636003+0.05901487j,
            0.04721648+0.45221998j,  0.61891334+0.39029306j]],
         input_dims=(2, 2), output_dims=(2, 2))"
