unitary
"Operator([[ 7.92720502e-01-0.56435937j, -2.28151549e-01+0.00665639j,
            2.92405678e-02+0.01157777j, -2.05924074e-03-0.00140618j],
          [ 1.80860819e-01-0.13923649j,  9.34626018e-01-0.05889908j,
           -2.56341724e-01-0.06486549j,  2.92405678e-02+0.01157777j],
          [ 2.01146357e-02-0.02417555j,  2.45648852e-01-0.09785322j,
            9.34626018e-01-0.05889908j, -2.28151549e-01+0.00665639j],
          [ 7.11046871e-04-0.00239003j,  2.01146357e-02-0.02417555j,
            1.80860819e-01-0.13923649j,  7.92720502e-01-0.56435937j]],
         input_dims=(2, 2), output_dims=(2, 2))"
"Operator([[ 7.92720502e-01-0.56435937j,  7.66830245e-02+0.21498175j,
           -3.04722668e-02+0.00777796j, -8.34503107e-04-0.00234977j],
          [ 7.66830245e-02+0.21498175j,  9.34626018e-01-0.05889908j,
            1.73387408e-02+0.26385219j, -3.04722668e-02+0.00777796j],
          [-3.04722668e-02+0.00777796j,  1.73387408e-02+0.26385219j,
            9.34626018e-01-0.05889908j,  7.66830245e-02+0.21498175j],
          [-8.34503107e-04-0.00234977j, -3.04722668e-02+0.00777796j,
            7.66830245e-02+0.21498175j,  7.92720502e-01-0.56435937j]],
         input_dims=(2, 2), output_dims=(2, 2))"
"Operator([[ 0.7927205 -0.56435937j, -0.08442008+0.21206293j,
           -0.01159902-0.02923215j,  0.00241454+0.00062274j],
          [ 0.19957119+0.11076452j,  0.93462602-0.05889908j,
           -0.16125624+0.20955915j, -0.01159902-0.02923215j],
          [ 0.00382998+0.03121517j,  0.18729297+0.18665464j,
            0.93462602-0.05889908j, -0.08442008+0.21206293j],
          [-0.0014809 +0.00200618j,  0.00382998+0.03121517j,
            0.19957119+0.11076452j,  0.7927205 -0.56435937j]],
         input_dims=(2, 2), output_dims=(2, 2))"
"Operator([[ 7.92720502e-01-0.56435937j,  7.66830245e-02+0.21498175j,
           -3.04722668e-02+0.00777796j, -8.34503107e-04-0.00234977j],
          [ 7.66830245e-02+0.21498175j,  9.34626018e-01-0.05889908j,
            1.73387408e-02+0.26385219j, -3.04722668e-02+0.00777796j],
          [-3.04722668e-02+0.00777796j,  1.73387408e-02+0.26385219j,
            9.34626018e-01-0.05889908j,  7.66830245e-02+0.21498175j],
          [-8.34503107e-04-0.00234977j, -3.04722668e-02+0.00777796j,
            7.66830245e-02+0.21498175j,  7.92720502e-01-0.56435937j]],
         input_dims=(2, 2), output_dims=(2, 2))"
"Operator([[ 0.7927205 -5.64359367e-01j,  0.16129051+1.61501731e-01j,
           -0.01330014+2.84984543e-02j, -0.00248188+2.41005281e-04j],
          [-0.0226709 +2.27119940e-01j,  0.93462602-5.88990813e-02j,
            0.12856169+2.31063853e-01j, -0.01330014+2.84984543e-02j],
          [-0.02533154-1.86378287e-02j, -0.09721851+2.45900737e-01j,
            0.93462602-5.88990813e-02j,  0.16129051+1.61501731e-01j],
          [ 0.00207795-1.37838382e-03j, -0.02533154-1.86378287e-02j,
           -0.0226709 +2.27119940e-01j,  0.7927205 -5.64359367e-01j]],
         input_dims=(2, 2), output_dims=(2, 2))"
"Operator([[ 7.92720502e-01-0.56435937j,  2.25368969e-01+0.03614228j,
            2.29386082e-02+0.02151455j,  9.87357700e-04+0.00228975j],
          [-1.51620394e-01+0.1706127j ,  9.34626018e-01-0.05889908j,
            2.39681609e-01+0.11167514j,  2.29386082e-02+0.02151455j],
          [ 9.82121590e-03-0.0298764j , -2.23006374e-01+0.14208015j,
            9.34626018e-01-0.05889908j,  2.25368969e-01+0.03614228j],
          [ 6.78029180e-04+0.0023996j ,  9.82121590e-03-0.0298764j ,
           -1.51620394e-01+0.1706127j ,  7.92720502e-01-0.56435937j]],
         input_dims=(2, 2), output_dims=(2, 2))"
"Operator([[ 7.92720502e-01-0.56435937j,  7.66830245e-02+0.21498175j,
           -3.04722668e-02+0.00777796j, -8.34503107e-04-0.00234977j],
          [ 7.66830245e-02+0.21498175j,  9.34626018e-01-0.05889908j,
            1.73387408e-02+0.26385219j, -3.04722668e-02+0.00777796j],
          [-3.04722668e-02+0.00777796j,  1.73387408e-02+0.26385219j,
            9.34626018e-01-0.05889908j,  7.66830245e-02+0.21498175j],
          [-8.34503107e-04-0.00234977j, -3.04722668e-02+0.00777796j,
            7.66830245e-02+0.21498175j,  7.92720502e-01-0.56435937j]],
         input_dims=(2, 2), output_dims=(2, 2))"
"Operator([[ 7.92720502e-01-0.56435937j,  1.39119186e-01-0.18095107j,
            5.48872260e-03-0.03096659j, -1.17054539e-03-0.00220173j],
          [-2.22232650e-01-0.05205849j,  9.34626018e-01-0.05889908j,
            2.12351476e-01-0.15756098j,  5.48872260e-03-0.03096659j],
          [ 1.96586109e-02+0.0245478j , -2.31144199e-01-0.12841717j,
            9.34626018e-01-0.05889908j,  1.39119186e-01-0.18095107j],
          [-4.80363883e-04-0.00244685j,  1.96586109e-02+0.0245478j ,
           -2.22232650e-01-0.05205849j,  7.92720502e-01-0.56435937j]],
         input_dims=(2, 2), output_dims=(2, 2))"
"Operator([[ 7.92720502e-01-0.56435937j,  7.66830245e-02+0.21498175j,
           -3.04722668e-02+0.00777796j, -8.34503107e-04-0.00234977j],
          [ 7.66830245e-02+0.21498175j,  9.34626018e-01-0.05889908j,
            1.73387408e-02+0.26385219j, -3.04722668e-02+0.00777796j],
          [-3.04722668e-02+0.00777796j,  1.73387408e-02+0.26385219j,
            9.34626018e-01-0.05889908j,  7.66830245e-02+0.21498175j],
          [-8.34503107e-04-0.00234977j, -3.04722668e-02+0.00777796j,
            7.66830245e-02+0.21498175j,  7.92720502e-01-0.56435937j]],
         input_dims=(2, 2), output_dims=(2, 2))"
"Operator([[ 7.92720502e-01-0.56435937j,  7.66830245e-02+0.21498175j,
           -3.04722668e-02+0.00777796j, -8.34503107e-04-0.00234977j],
          [ 7.66830245e-02+0.21498175j,  9.34626018e-01-0.05889908j,
            1.73387408e-02+0.26385219j, -3.04722668e-02+0.00777796j],
          [-3.04722668e-02+0.00777796j,  1.73387408e-02+0.26385219j,
            9.34626018e-01-0.05889908j,  7.66830245e-02+0.21498175j],
          [-8.34503107e-04-0.00234977j, -3.04722668e-02+0.00777796j,
            7.66830245e-02+0.21498175j,  7.92720502e-01-0.56435937j]],
         input_dims=(2, 2), output_dims=(2, 2))"
"Operator([[ 7.92720502e-01-0.56435937j,  7.66830245e-02+0.21498175j,
           -3.04722668e-02+0.00777796j, -8.34503107e-04-0.00234977j],
          [ 7.66830245e-02+0.21498175j,  9.34626018e-01-0.05889908j,
            1.73387408e-02+0.26385219j, -3.04722668e-02+0.00777796j],
          [-3.04722668e-02+0.00777796j,  1.73387408e-02+0.26385219j,
            9.34626018e-01-0.05889908j,  7.66830245e-02+0.21498175j],
          [-8.34503107e-04-0.00234977j, -3.04722668e-02+0.00777796j,
            7.66830245e-02+0.21498175j,  7.92720502e-01-0.56435937j]],
         input_dims=(2, 2), output_dims=(2, 2))"
