unitary
"Operator([[-0.54049164+0.48893212j,  0.39465391-0.23542641j,
           -0.27940292+0.34250645j, -0.23639921-0.07984745j],
          [ 0.2476623 -0.38709262j,  0.10994311+0.24837607j,
           -0.23765256+0.68058j   , -0.27940292+0.34250645j],
          [ 0.10645431+0.42900366j,  0.09187746+0.71500098j,
            0.10994311+0.24837607j,  0.39465391-0.23542641j],
          [-0.1207785 +0.21834092j,  0.10645431+0.42900366j,
            0.2476623 -0.38709262j, -0.54049164+0.48893212j]],
         input_dims=(2, 2), output_dims=(2, 2))"
"Operator([[-0.54049164+0.48893212j,  0.01032248+0.45942437j,
            0.43742083+0.06355843j, -0.23829009-0.07401375j],
          [-0.45887627-0.02469571j,  0.10994311+0.24837607j,
           -0.47503145-0.54222965j,  0.43742083+0.06355843j],
          [-0.42269423-0.12925266j,  0.57683173-0.43235752j,
            0.10994311+0.24837607j,  0.01032248+0.45942437j],
          [-0.12610782+0.2153068j , -0.42269423-0.12925266j,
           -0.45887627-0.02469571j, -0.54049164+0.48893212j]],
         input_dims=(2, 2), output_dims=(2, 2))"
"Operator([[-0.54049164+0.48893212j,  0.09022466-0.45059607j,
            0.36864369+0.24388212j,  0.14281602+0.20460642j],
          [ 0.45319904-0.07607847j,  0.10994311+0.24837607j,
            0.34519757+0.63285584j,  0.36864369+0.24388212j],
          [-0.43747637+0.06317503j, -0.46852879+0.54785824j,
            0.10994311+0.24837607j,  0.09022466-0.45059607j],
          [-0.03244718-0.24740126j, -0.43747637+0.06317503j,
            0.45319904-0.07607847j, -0.54049164+0.48893212j]],
         input_dims=(2, 2), output_dims=(2, 2))"
"Operator([[-0.54049164+0.48893212j,  0.32998968-0.31981888j,
           -0.09668634+0.43131011j, -0.23264362+0.09020614j],
          [ 0.32998968-0.31981888j,  0.10994311+0.24837607j,
           -0.07489189+0.71697914j, -0.09668634+0.43131011j],
          [-0.09668634+0.43131011j, -0.07489189+0.71697914j,
            0.10994311+0.24837607j,  0.32998968-0.31981888j],
          [-0.23264362+0.09020614j, -0.09668634+0.43131011j,
            0.32998968-0.31981888j, -0.54049164+0.48893212j]],
         input_dims=(2, 2), output_dims=(2, 2))"
"Operator([[-0.54049164+0.48893212j,  0.32998968-0.31981888j,
           -0.09668634+0.43131011j, -0.23264362+0.09020614j],
          [ 0.32998968-0.31981888j,  0.10994311+0.24837607j,
           -0.07489189+0.71697914j, -0.09668634+0.43131011j],
          [-0.09668634+0.43131011j, -0.07489189+0.71697914j,
            0.10994311+0.24837607j,  0.32998968-0.31981888j],
          [-0.23264362+0.09020614j, -0.09668634+0.43131011j,
            0.32998968-0.31981888j, -0.54049164+0.48893212j]],
         input_dims=(2, 2), output_dims=(2, 2))"
"Operator([[-0.54049164+0.48893212j,  0.39463885-0.23545166j,
           -0.27935909+0.3425422j , -0.23641453-0.07980208j],
          [ 0.24768706-0.38707677j,  0.10994311+0.24837607j,
           -0.23760902+0.6805952j , -0.27935909+0.3425422j ],
          [ 0.10639942+0.42901728j,  0.09183172+0.71500686j,
            0.10994311+0.24837607j,  0.39463885-0.23545166j],
          [-0.1208204 +0.21831773j,  0.10639942+0.42901728j,
            0.24768706-0.38707677j, -0.54049164+0.48893212j]],
         input_dims=(2, 2), output_dims=(2, 2))"
