unitary
"Operator([[ 0.62835546-0.46237763j,  0.34475885-0.29039696j,
            0.11320901+0.05712981j, -0.29795032+0.2886742j ],
          [ 0.40433299+0.19925834j, -0.41299056-0.19044388j,
           -0.13253097-0.74587956j,  0.11320901+0.05712981j],
          [-0.11874768+0.04448691j,  0.63001572-0.42069106j,
           -0.41299056-0.19044388j,  0.34475885-0.29039696j],
          [ 0.3757851 -0.17576333j, -0.11874768+0.04448691j,
            0.40433299+0.19925834j,  0.62835546-0.46237763j]],
         input_dims=(2, 2), output_dims=(2, 2))"
"Operator([[ 0.62835546-0.46237763j, -0.44746533+0.05444108j,
           -0.00690144+0.12661937j,  0.23545725+0.34156561j],
          [-0.44746533+0.05444108j, -0.41299056-0.19044388j,
           -0.29716941+0.69684368j, -0.00690144+0.12661937j],
          [-0.00690144+0.12661937j, -0.29716941+0.69684368j,
           -0.41299056-0.19044388j, -0.44746533+0.05444108j],
          [ 0.23545725+0.34156561j, -0.00690144+0.12661937j,
           -0.44746533+0.05444108j,  0.62835546-0.46237763j]],
         input_dims=(2, 2), output_dims=(2, 2))"
"Operator([[ 0.62835546-0.46237763j, -0.31881101+0.31866691j,
            0.12125388+0.03711592j,  0.21533489-0.35459564j],
          [-0.38592075-0.23292538j, -0.41299056-0.19044388j,
            0.19548875+0.73190499j,  0.12125388+0.03711592j],
          [-0.12456962+0.02371721j, -0.66351321+0.36558309j,
           -0.41299056-0.19044388j, -0.31881101+0.31866691j],
          [-0.40800371+0.07510099j, -0.12456962+0.02371721j,
           -0.38592075-0.23292538j,  0.62835546-0.46237763j]],
         input_dims=(2, 2), output_dims=(2, 2))"
"Operator([[ 0.62835546-0.46237763j, -0.44746533+0.05444108j,
           -0.00690144+0.12661937j,  0.23545725+0.34156561j],
          [-0.44746533+0.05444108j, -0.41299056-0.19044388j,
           -0.29716941+0.69684368j, -0.00690144+0.12661937j],
          [-0.00690144+0.12661937j, -0.29716941+0.69684368j,
           -0.41299056-0.19044388j, -0.44746533+0.05444108j],
          [ 0.23545725+0.34156561j, -0.00690144+0.12661937j,
           -0.44746533+0.05444108j,  0.62835546-0.46237763j]],
         input_dims=(2, 2), output_dims=(2, 2))"
"Operator([[ 0.62835546-0.46237763j,  0.39174034+0.22299902j,
           -0.12319695+0.03004341j,  0.40106209-0.10609613j],
          [ 0.32684098-0.31042556j, -0.41299056-0.19044388j,
            0.65396567-0.38239989j, -0.12319695+0.03004341j],
          [ 0.11920177+0.04325546j, -0.17674348-0.73665631j,
           -0.41299056-0.19044388j,  0.39174034+0.22299902j],
          [-0.2418329 +0.33708164j,  0.11920177+0.04325546j,
            0.32684098-0.31042556j,  0.62835546-0.46237763j]],
         input_dims=(2, 2), output_dims=(2, 2))"
