unitary
"Operator([[ 0.77344283-0.58634141j,  0.08375764+0.22311568j,
           -0.03326202+0.00891263j, -0.00100171-0.00268132j],
          [ 0.08375764+0.22311568j,  0.92846514-0.0607864j ,
            0.01889794+0.27553332j, -0.03326202+0.00891263j],
          [-0.03326202+0.00891263j,  0.01889794+0.27553332j,
            0.92846514-0.0607864j ,  0.08375764+0.22311568j],
          [-0.00100171-0.00268132j, -0.03326202+0.00891263j,
            0.08375764+0.22311568j,  0.77344283-0.58634141j]],
         input_dims=(2, 2), output_dims=(2, 2))"
"Operator([[ 0.77344283-5.86341408e-01j, -0.07564904+2.25993743e-01j,
           -0.01554387-3.07275955e-02j,  0.00284239+3.37200530e-04j],
          [ 0.20567896+1.20383197e-01j,  0.92846514-6.07863960e-02j,
           -0.15904177+2.25790741e-01j, -0.01554387-3.07275955e-02j],
          [ 0.00190261+3.43828000e-02j,  0.18837996+2.01962208e-01j,
            0.92846514-6.07863960e-02j, -0.07564904+2.25993743e-01j],
          [-0.00192505+2.11826775e-03j,  0.00190261+3.43828000e-02j,
            0.20567896+1.20383197e-01j,  0.77344283-5.86341408e-01j]],
         input_dims=(2, 2), output_dims=(2, 2))"
"Operator([[ 7.73442832e-01-0.58634141j,  8.64658929e-02+0.22208016j,
           -3.30353231e-02+0.00971927j, -1.09888931e-03-0.00264298j],
          [ 8.10369877e-02+0.22411817j,  9.28465144e-01-0.0607864j ,
            2.22487123e-02+0.27528302j, -3.30353231e-02+0.00971927j],
          [-3.34690198e-02+0.00810072j,  1.55443682e-02+0.27574285j,
            9.28465144e-01-0.0607864j ,  8.64658929e-02+0.22208016j],
          [-9.03200590e-04-0.00271608j, -3.34690198e-02+0.00810072j,
            8.10369877e-02+0.22411817j,  7.73442832e-01-0.58634141j]],
         input_dims=(2, 2), output_dims=(2, 2))"
"Operator([[ 0.77344283-0.58634141j,  0.08375764+0.22311568j,
           -0.03326202+0.00891263j, -0.00100171-0.00268132j],
          [ 0.08375764+0.22311568j,  0.92846514-0.0607864j ,
            0.01889794+0.27553332j, -0.03326202+0.00891263j],
          [-0.03326202+0.00891263j,  0.01889794+0.27553332j,
            0.92846514-0.0607864j ,  0.08375764+0.22311568j],
          [-0.00100171-0.00268132j, -0.03326202+0.00891263j,
            0.08375764+0.22311568j,  0.77344283-0.58634141j]],
         input_dims=(2, 2), output_dims=(2, 2))"
"Operator([[ 0.77344283-0.58634141j,  0.08375764+0.22311568j,
           -0.03326202+0.00891263j, -0.00100171-0.00268132j],
          [ 0.08375764+0.22311568j,  0.92846514-0.0607864j ,
            0.01889794+0.27553332j, -0.03326202+0.00891263j],
          [-0.03326202+0.00891263j,  0.01889794+0.27553332j,
            0.92846514-0.0607864j ,  0.08375764+0.22311568j],
          [-0.00100171-0.00268132j, -0.03326202+0.00891263j,
            0.08375764+0.22311568j,  0.77344283-0.58634141j]],
         input_dims=(2, 2), output_dims=(2, 2))"
"Operator([[ 0.77344283-0.58634141j,  0.18815553+0.14626498j,
           -0.00708449+0.03369877j, -0.00259041+0.00121765j],
          [-0.04542271+0.23395026j,  0.92846514-0.0607864j ,
            0.16032911+0.22487846j, -0.00708449+0.03369877j],
          [-0.02298488-0.02564161j, -0.12812481+0.24466258j,
            0.92846514-0.0607864j ,  0.18815553+0.14626498j],
          [ 0.00275426-0.00077907j, -0.02298488-0.02564161j,
           -0.04542271+0.23395026j,  0.77344283-0.58634141j]],
         input_dims=(2, 2), output_dims=(2, 2))"
"Operator([[ 7.73442832e-01-0.58634141j, -1.78885373e-01+0.15746737j,
            1.89756618e-02-0.02873536j, -3.57445237e-04+0.00283992j],
          [ 2.38317492e-01+0.00084939j,  9.28465144e-01-0.0607864j ,
           -2.50904446e-01+0.11542402j,  1.89756618e-02-0.02873536j],
          [ 3.08011757e-02+0.01539755j,  2.64313904e-01+0.08008686j,
            9.28465144e-01-0.0607864j , -1.78885373e-01+0.15746737j],
          [ 2.13193081e-03+0.00190991j,  3.08011757e-02+0.01539755j,
            2.38317492e-01+0.00084939j,  7.73442832e-01-0.58634141j]],
         input_dims=(2, 2), output_dims=(2, 2))"
"Operator([[ 0.77344283-0.58634141j,  0.08375764+0.22311568j,
           -0.03326202+0.00891263j, -0.00100171-0.00268132j],
          [ 0.08375764+0.22311568j,  0.92846514-0.0607864j ,
            0.01889794+0.27553332j, -0.03326202+0.00891263j],
          [-0.03326202+0.00891263j,  0.01889794+0.27553332j,
            0.92846514-0.0607864j ,  0.08375764+0.22311568j],
          [-0.00100171-0.00268132j, -0.03326202+0.00891263j,
            0.08375764+0.22311568j,  0.77344283-0.58634141j]],
         input_dims=(2, 2), output_dims=(2, 2))"
"Operator([[ 0.77344283-0.58634141j,  0.08375764+0.22311568j,
           -0.03326202+0.00891263j, -0.00100171-0.00268132j],
          [ 0.08375764+0.22311568j,  0.92846514-0.0607864j ,
            0.01889794+0.27553332j, -0.03326202+0.00891263j],
          [-0.03326202+0.00891263j,  0.01889794+0.27553332j,
            0.92846514-0.0607864j ,  0.08375764+0.22311568j],
          [-0.00100171-0.00268132j, -0.03326202+0.00891263j,
            0.08375764+0.22311568j,  0.77344283-0.58634141j]],
         input_dims=(2, 2), output_dims=(2, 2))"
"Operator([[ 0.77344283-5.86341408e-01j,  0.16627078+1.70733642e-01j,
           -0.01599081+3.04973934e-02j, -0.00286137+7.39593447e-05j],
          [-0.01284238+2.37972733e-01j,  0.92846514-6.07863960e-02j,
            0.12790529+2.44777410e-01j, -0.01599081+3.04973934e-02j],
          [-0.02909725-1.84159470e-02j, -0.09328779+2.59948328e-01j,
            0.92846514-6.07863960e-02j,  0.16627078+1.70733642e-01j],
          [ 0.00220896-1.82026377e-03j, -0.02909725-1.84159470e-02j,
           -0.01284238+2.37972733e-01j,  0.77344283-5.86341408e-01j]],
         input_dims=(2, 2), output_dims=(2, 2))"
"Operator([[ 7.73442832e-01-0.58634141j, -1.09534115e-01-0.21165591j,
           -3.02417630e-02+0.01646914j,  1.87191964e-03+0.00216536j],
          [-5.68076576e-02-0.23144943j,  9.28465144e-01-0.0607864j ,
           -5.13224212e-02-0.27137014j, -3.02417630e-02+0.01646914j],
          [-3.44247012e-02+0.00085838j,  1.37913174e-02-0.27583608j,
            9.28465144e-01-0.0607864j , -1.09534115e-01-0.21165591j],
          [ 6.36915149e-06+0.00286231j, -3.44247012e-02+0.00085838j,
           -5.68076576e-02-0.23144943j,  7.73442832e-01-0.58634141j]],
         input_dims=(2, 2), output_dims=(2, 2))"
"Operator([[ 0.77344283-0.58634141j, -0.01655455-0.23774334j,
           -0.03271535-0.01074723j, -0.00140049+0.0024963j ],
          [-0.14398501-0.18990594j,  0.92846514-0.0607864j ,
            0.06057317-0.26945619j, -0.03271535-0.01074723j],
          [-0.02295856+0.02566518j, -0.09679514-0.2586628j ,
            0.92846514-0.0607864j , -0.01655455-0.23774334j],
          [ 0.00269418+0.00096657j, -0.02295856+0.02566518j,
           -0.14398501-0.18990594j,  0.77344283-0.58634141j]],
         input_dims=(2, 2), output_dims=(2, 2))"
"Operator([[ 0.77344283-0.58634141j,  0.04039097-0.23487128j,
           -0.02406414-0.02463157j, -0.00269842+0.00095469j],
          [-0.1849729 -0.15026967j,  0.92846514-0.0607864j ,
            0.12284409-0.24735617j, -0.02406414-0.02463157j],
          [-0.00852418+0.03336368j, -0.1554656 -0.2282678j ,
            0.92846514-0.0607864j ,  0.04039097-0.23487128j],
          [ 0.0026634 -0.00104843j, -0.00852418+0.03336368j,
           -0.1849729 -0.15026967j,  0.77344283-0.58634141j]],
         input_dims=(2, 2), output_dims=(2, 2))"
"Operator([[ 7.73442832e-01-0.58634141j,  1.34831542e-01-0.19651057j,
            3.03859272e-03-0.03430108j, -1.65773650e-03-0.00233341j],
          [-2.30839442e-01-0.05923766j,  9.28465144e-01-0.0607864j ,
            2.14958957e-01-0.1734024j ,  3.03859272e-03-0.03430108j],
          [ 1.97821989e-02+0.02818619j, -2.36620879e-01-0.14243j   ,
            9.28465144e-01-0.0607864j ,  1.34831542e-01-0.19651057j],
          [-2.78269215e-04-0.00284876j,  1.97821989e-02+0.02818619j,
           -2.30839442e-01-0.05923766j,  7.73442832e-01-0.58634141j]],
         input_dims=(2, 2), output_dims=(2, 2))"
