unitary
"Operator([[-0.65689471+0.32102359j,  0.40526049-0.26199347j,
           -0.09925   +0.41878618j, -0.20497425+0.07286751j],
          [ 0.42337773-0.23157707j,  0.15083031+0.22458278j,
           -0.00634079+0.7132065j , -0.09925   +0.41878618j],
          [-0.15942377+0.39977055j, -0.05861189+0.71082231j,
            0.15083031+0.22458278j,  0.40526049-0.26199347j],
          [-0.21593939+0.02634951j, -0.15942377+0.39977055j,
            0.42337773-0.23157707j, -0.65689471+0.32102359j]],
         input_dims=(2, 2), output_dims=(2, 2))"
"Operator([[-0.65689471+0.32102359j,  0.39958842-0.27056559j,
           -0.08132474+0.42263308j, -0.19990276+0.08580796j],
          [ 0.428214  -0.22250712j,  0.15083031+0.22458278j,
            0.00885107+0.71317976j, -0.08132474+0.42263308j],
          [-0.17630451+0.39261833j, -0.07373823+0.70941271j,
            0.15083031+0.22458278j,  0.39958842-0.27056559j],
          [-0.21718128+0.01250634j, -0.17630451+0.39261833j,
            0.428214  -0.22250712j, -0.65689471+0.32102359j]],
         input_dims=(2, 2), output_dims=(2, 2))"
"Operator([[-0.65689471+0.32102359j,  0.41459814-0.24695147j,
           -0.12968589+0.41038275j, -0.21173818+0.04991055j],
          [ 0.41459814-0.24695147j,  0.15083031+0.22458278j,
           -0.03249821+0.71249392j, -0.12968589+0.41038275j],
          [-0.12968589+0.41038275j, -0.03249821+0.71249392j,
            0.15083031+0.22458278j,  0.41459814-0.24695147j],
          [-0.21173818+0.04991055j, -0.12968589+0.41038275j,
            0.41459814-0.24695147j, -0.65689471+0.32102359j]],
         input_dims=(2, 2), output_dims=(2, 2))"
"Operator([[-0.65689471+0.32102359j,  0.40455203-0.2630861j ,
           -0.09698841+0.41931573j, -0.20437765+0.07452445j],
          [ 0.42400109-0.23043376j,  0.15083031+0.22458278j,
           -0.0044162 +0.71322101j, -0.09698841+0.41931573j],
          [-0.16157897+0.39890433j, -0.0605298 +0.71066156j,
            0.15083031+0.22458278j,  0.40455203-0.2630861j ],
          [-0.21614562+0.02460055j, -0.16157897+0.39890433j,
            0.42400109-0.23043376j, -0.65689471+0.32102359j]],
         input_dims=(2, 2), output_dims=(2, 2))"
"Operator([[-0.65689471+0.32102359j,  0.41459814-0.24695147j,
           -0.12968589+0.41038275j, -0.21173818+0.04991055j],
          [ 0.41459814-0.24695147j,  0.15083031+0.22458278j,
           -0.03249821+0.71249392j, -0.12968589+0.41038275j],
          [-0.12968589+0.41038275j, -0.03249821+0.71249392j,
            0.15083031+0.22458278j,  0.41459814-0.24695147j],
          [-0.21173818+0.04991055j, -0.12968589+0.41038275j,
            0.41459814-0.24695147j, -0.65689471+0.32102359j]],
         input_dims=(2, 2), output_dims=(2, 2))"
