unitary
"Operator([[ 0.60464667-0.73063395j, -0.30455802+0.06358009j,
            0.05977355+0.01257854j, -0.00644284-0.00240934j],
          [ 0.22432565-0.21558297j,  0.87384544-0.0708715j ,
           -0.35514559-0.06865758j,  0.05977355+0.01257854j],
          [ 0.03739121-0.04830108j,  0.33740528-0.13038378j,
            0.87384544-0.0708715j , -0.30455802+0.06358009j],
          [ 0.00169838-0.00666563j,  0.03739121-0.04830108j,
            0.22432565-0.21558297j,  0.60464667-0.73063395j]],
         input_dims=(2, 2), output_dims=(2, 2))"
"Operator([[ 6.04646673e-01-0.73063395j, -1.99251317e-01+0.23894964j,
            2.59250890e-02-0.05530811j,  5.57702915e-04+0.00685595j],
          [ 3.09703514e-01-0.02969429j,  8.73845444e-01-0.0708715j ,
           -3.21016314e-01+0.16670567j,  2.59250890e-02-0.05530811j],
          [ 5.55767759e-02+0.02534401j,  3.45438578e-01+0.10730538j,
            8.73845444e-01-0.0708715j , -1.99251317e-01+0.23894964j],
          [ 5.31160981e-03+0.00437058j,  5.55767759e-02+0.02534401j,
            3.09703514e-01-0.02969429j,  6.04646673e-01-0.73063395j]],
         input_dims=(2, 2), output_dims=(2, 2))"
"Operator([[ 0.60464667-0.73063395j,  0.14523193+0.2751467j ,
           -0.05733088+0.02107765j, -0.00318692-0.00609579j],
          [ 0.14523193+0.2751467j ,  0.87384544-0.0708715j ,
            0.03211247+0.360293j  , -0.05733088+0.02107765j],
          [-0.05733088+0.02107765j,  0.03211247+0.360293j  ,
            0.87384544-0.0708715j ,  0.14523193+0.2751467j ],
          [-0.00318692-0.00609579j, -0.05733088+0.02107765j,
            0.14523193+0.2751467j ,  0.60464667-0.73063395j]],
         input_dims=(2, 2), output_dims=(2, 2))"
"Operator([[ 0.60464667-0.73063395j,  0.14523193+0.2751467j ,
           -0.05733088+0.02107765j, -0.00318692-0.00609579j],
          [ 0.14523193+0.2751467j ,  0.87384544-0.0708715j ,
            0.03211247+0.360293j  , -0.05733088+0.02107765j],
          [-0.05733088+0.02107765j,  0.03211247+0.360293j  ,
            0.87384544-0.0708715j ,  0.14523193+0.2751467j ],
          [-0.00318692-0.00609579j, -0.05733088+0.02107765j,
            0.14523193+0.2751467j ,  0.60464667-0.73063395j]],
         input_dims=(2, 2), output_dims=(2, 2))"
"Operator([[ 0.60464667-0.73063395j,  0.01088638+0.31093328j,
           -0.05210554-0.03187647j,  0.00525875-0.00443403j],
          [ 0.25057639+0.18441662j,  0.87384544-0.0708715j ,
           -0.12802575+0.33830705j, -0.05210554-0.03187647j],
          [-0.01904914+0.05803643j,  0.18583821+0.31033275j,
            0.87384544-0.0708715j ,  0.01088638+0.31093328j],
          [-0.00664219+0.00178787j, -0.01904914+0.05803643j,
            0.25057639+0.18441662j,  0.60464667-0.73063395j]],
         input_dims=(2, 2), output_dims=(2, 2))"
"Operator([[ 0.60464667-0.73063395j, -0.20468273-0.23431389j,
           -0.04180645+0.04453446j,  0.00635668+0.00262827j],
          [-0.07797668-0.30119372j,  0.87384544-0.0708715j ,
           -0.11420775-0.34321836j, -0.04180645+0.04453446j],
          [-0.06069752-0.00684896j,  0.05170847-0.35800627j,
            0.87384544-0.0708715j , -0.20468273-0.23431389j],
          [-0.00146943+0.00671981j, -0.06069752-0.00684896j,
           -0.07797668-0.30119372j,  0.60464667-0.73063395j]],
         input_dims=(2, 2), output_dims=(2, 2))"
"Operator([[ 0.60464667-0.73063395j, -0.11265198-0.29001302j,
           -0.06062887+0.00743217j,  0.00093414+0.00681487j],
          [-0.17588772-0.25663501j,  0.87384544-0.0708715j ,
            0.00950253-0.3615964j , -0.06062887+0.00743217j],
          [-0.05100468+0.03360981j, -0.07330201-0.35421614j,
            0.87384544-0.0708715j , -0.11265198-0.29001302j],
          [ 0.00506305+0.00465625j, -0.05100468+0.03360981j,
           -0.17588772-0.25663501j,  0.60464667-0.73063395j]],
         input_dims=(2, 2), output_dims=(2, 2))"
"Operator([[ 0.60464667-0.73063395j, -0.31110024-0.00382827j,
            0.04886136+0.03665603j, -0.0036457 -0.00583301j],
          [ 0.17236183-0.25901625j,  0.87384544-0.0708715j ,
           -0.33187494-0.14387939j,  0.04886136+0.03665603j],
          [ 0.01348159-0.05957637j,  0.30119826-0.20030442j,
            0.87384544-0.0708715j , -0.31110024-0.00382827j],
          [-0.00270931-0.00632256j,  0.01348159-0.05957637j,
            0.17236183-0.25901625j,  0.60464667-0.73063395j]],
         input_dims=(2, 2), output_dims=(2, 2))"
"Operator([[ 0.60464667-0.73063395j, -0.31077055-0.01482164j,
            0.0461497 +0.04001628j, -0.00300775-0.00618616j],
          [ 0.16309927-0.2649465j ,  0.87384544-0.0708715j ,
           -0.3265822 -0.15551953j,  0.0461497 +0.04001628j],
          [ 0.00923912-0.06037993j,  0.29393036-0.21082505j,
            0.87384544-0.0708715j , -0.31077055-0.01482164j],
          [-0.00336338-0.00600023j,  0.00923912-0.06037993j,
            0.16309927-0.2649465j ,  0.60464667-0.73063395j]],
         input_dims=(2, 2), output_dims=(2, 2))"
"Operator([[ 0.60464667-0.73063395j, -0.30136616-0.07730755j,
            0.02654444+0.05501354j,  0.00108097-0.00679313j],
          [ 0.10620254-0.29243638j,  0.87384544-0.0708715j ,
           -0.28842349-0.2182983j ,  0.02654444+0.05501354j],
          [-0.0154117 -0.05910649j,  0.24527054-0.26586579j,
            0.87384544-0.0708715j , -0.30136616-0.07730755j],
          [-0.00619519-0.0029891j , -0.0154117 -0.05910649j,
            0.10620254-0.29243638j,  0.60464667-0.73063395j]],
         input_dims=(2, 2), output_dims=(2, 2))"
"Operator([[ 0.60464667-0.73063395j,  0.14523193+0.2751467j ,
           -0.05733088+0.02107765j, -0.00318692-0.00609579j],
          [ 0.14523193+0.2751467j ,  0.87384544-0.0708715j ,
            0.03211247+0.360293j  , -0.05733088+0.02107765j],
          [-0.05733088+0.02107765j,  0.03211247+0.360293j  ,
            0.87384544-0.0708715j ,  0.14523193+0.2751467j ],
          [-0.00318692-0.00609579j, -0.05733088+0.02107765j,
            0.14523193+0.2751467j ,  0.60464667-0.73063395j]],
         input_dims=(2, 2), output_dims=(2, 2))"
"Operator([[ 0.60464667-7.30633952e-01j,  0.29146936-1.08828449e-01j,
            0.06080336-5.83515419e-03j,  0.00684642-6.64621865e-04j],
          [-0.25429982+1.79247367e-01j,  0.87384544-7.08714987e-02j,
            0.36144017+1.42568467e-02j,  0.06080336-5.83515419e-03j],
          [ 0.05010315-3.49395337e-02j, -0.35322156+7.79537574e-02j,
            0.87384544-7.08714987e-02j,  0.29146936-1.08828449e-01j],
          [-0.00445293+5.24276040e-03j,  0.05010315-3.49395337e-02j,
           -0.25429982+1.79247367e-01j,  0.60464667-7.30633952e-01j]],
         input_dims=(2, 2), output_dims=(2, 2))"
"Operator([[ 0.60464667-0.73063395j,  0.14523193+0.2751467j ,
           -0.05733088+0.02107765j, -0.00318692-0.00609579j],
          [ 0.14523193+0.2751467j ,  0.87384544-0.0708715j ,
            0.03211247+0.360293j  , -0.05733088+0.02107765j],
          [-0.05733088+0.02107765j,  0.03211247+0.360293j  ,
            0.87384544-0.0708715j ,  0.14523193+0.2751467j ],
          [-0.00318692-0.00609579j, -0.05733088+0.02107765j,
            0.14523193+0.2751467j ,  0.60464667-0.73063395j]],
         input_dims=(2, 2), output_dims=(2, 2))"
