unitary
"Operator([[ 8.60421815e-01-0.47311191j, -1.83102434e-01-0.04322109j,
            1.44000173e-02+0.01535123j, -4.23169664e-04-0.00128888j],
          [ 1.32523096e-01-0.13353724j,  9.56148263e-01-0.05048357j,
           -1.95425808e-01-0.09593267j,  1.44000173e-02+0.01535123j],
          [ 7.14066636e-03-0.01979979j,  1.83906007e-01-0.1165028j ,
            9.56148263e-01-0.05048357j, -1.83102434e-01-0.04322109j],
          [-3.20731836e-04-0.00131811j,  7.14066636e-03-0.01979979j,
            1.32523096e-01-0.13353724j,  8.60421815e-01-0.47311191j]],
         input_dims=(2, 2), output_dims=(2, 2))"
"Operator([[ 0.86042181-4.73111906e-01j, -0.18523777+3.28866841e-02j,
            0.021048  +4.91414485e-05j, -0.00135592-4.20802848e-05j],
          [ 0.17459509-7.00793709e-02j,  0.95614826-5.04835675e-02j,
           -0.21744298-1.06242320e-02j,  0.021048  +4.91414485e-05j],
          [ 0.01930658-8.38312572e-03j,  0.21501903-3.40754773e-02j,
            0.95614826-5.04835675e-02j, -0.18523777+3.28866841e-02j],
          [ 0.00112953-7.51299325e-04j,  0.01930658-8.38312572e-03j,
            0.17459509-7.00793709e-02j,  0.86042181-4.73111906e-01j]],
         input_dims=(2, 2), output_dims=(2, 2))"
"Operator([[ 8.60421815e-01-0.47311191j,  5.17573063e-02+0.18087494j,
           -2.06130761e-02+0.00425699j, -3.72237781e-04-0.0013045j ],
          [ 5.17573063e-02+0.18087494j,  9.56148263e-01-0.05048357j,
            1.17880916e-02+0.21738299j, -2.06130761e-02+0.00425699j],
          [-2.06130761e-02+0.00425699j,  1.17880916e-02+0.21738299j,
            9.56148263e-01-0.05048357j,  5.17573063e-02+0.18087494j],
          [-3.72237781e-04-0.0013045j , -2.06130761e-02+0.00425699j,
            5.17573063e-02+0.18087494j,  8.60421815e-01-0.47311191j]],
         input_dims=(2, 2), output_dims=(2, 2))"
"Operator([[ 8.60421815e-01-0.47311191j,  5.17573063e-02+0.18087494j,
           -2.06130761e-02+0.00425699j, -3.72237781e-04-0.0013045j ],
          [ 5.17573063e-02+0.18087494j,  9.56148263e-01-0.05048357j,
            1.17880916e-02+0.21738299j, -2.06130761e-02+0.00425699j],
          [-2.06130761e-02+0.00425699j,  1.17880916e-02+0.21738299j,
            9.56148263e-01-0.05048357j,  5.17573063e-02+0.18087494j],
          [-3.72237781e-04-0.0013045j , -2.06130761e-02+0.00425699j,
            5.17573063e-02+0.18087494j,  8.60421815e-01-0.47311191j]],
         input_dims=(2, 2), output_dims=(2, 2))"
"Operator([[ 0.86042181-4.73111906e-01j, -0.05709496+1.79261624e-01j,
           -0.01189094-1.73673971e-02j,  0.00135137-1.18716460e-04j],
          [ 0.1432793 +1.21924597e-01j,  0.95614826-5.04835675e-02j,
           -0.11059449+1.87518485e-01j, -0.01189094-1.73673971e-02j],
          [-0.00403817+2.06570584e-02j,  0.13022358+1.74459573e-01j,
            0.95614826-5.04835675e-02j, -0.05709496+1.79261624e-01j],
          [-0.00121052+6.12314254e-04j, -0.00403817+2.06570584e-02j,
            0.1432793 +1.21924597e-01j,  0.86042181-4.73111906e-01j]],
         input_dims=(2, 2), output_dims=(2, 2))"
"Operator([[ 0.86042181-4.73111906e-01j, -0.05658538+1.79423128e-01j,
           -0.01198944-1.72995442e-02j,  0.00135031-1.30231174e-04j],
          [ 0.14293229+1.22331212e-01j,  0.95614826-5.04835675e-02j,
           -0.11006123+1.87831966e-01j, -0.01198944-1.72995442e-02j],
          [-0.00415549+2.06337772e-02j,  0.12972735+1.74828880e-01j,
            0.95614826-5.04835675e-02j, -0.05658538+1.79423128e-01j],
          [-0.0012157 +6.01973560e-04j, -0.00415549+2.06337772e-02j,
            0.14293229+1.22331212e-01j,  0.86042181-4.73111906e-01j]],
         input_dims=(2, 2), output_dims=(2, 2))"
"Operator([[ 0.86042181-4.73111906e-01j, -0.11928662-1.45482877e-01j,
           -0.01101925+1.79331283e-02j,  0.00135338+9.29929918e-05j],
          [ 0.02427204-1.86562140e-01j,  0.95614826-5.04835675e-02j,
           -0.09708749-1.94854671e-01j, -0.01101925+1.79331283e-02j],
          [-0.01722182-1.21008141e-02j,  0.07544725-2.04210763e-01j,
            0.95614826-5.04835675e-02j, -0.11928662-1.45482877e-01j],
          [-0.00110051+7.93205774e-04j, -0.01722182-1.21008141e-02j,
            0.02427204-1.86562140e-01j,  0.86042181-4.73111906e-01j]],
         input_dims=(2, 2), output_dims=(2, 2))"
"Operator([[ 8.60421815e-01-0.47311191j, -1.02726199e-01-0.15761311j,
           -1.46420085e-02+0.0151206j ,  1.25153530e-03+0.0005234j ],
          [ 3.80164540e-03-0.18809602j,  9.56148263e-01-0.05048357j,
           -7.52801672e-02-0.20427241j, -1.46420085e-02+0.0151206j ],
          [-1.94340411e-02-0.00808325j,  5.27494023e-02-0.21121511j,
            9.56148263e-01-0.05048357j, -1.02726199e-01-0.15761311j],
          [-7.86858412e-04+0.00110505j, -1.94340411e-02-0.00808325j,
            3.80164540e-03-0.18809602j,  8.60421815e-01-0.47311191j]],
         input_dims=(2, 2), output_dims=(2, 2))"
"Operator([[ 0.86042181-4.73111906e-01j, -0.11270022-1.50642705e-01j,
           -0.01256878+1.68833238e-02j,  0.00132898+2.72212011e-04j],
          [ 0.01595315-1.87456825e-01j,  0.95614826-5.04835675e-02j,
           -0.08832788-1.98978662e-01j, -0.01256878+1.68833238e-02j],
          [-0.01822872-1.05230587e-02j,  0.06629306-2.07363337e-01j,
            0.95614826-5.04835675e-02j, -0.11270022-1.50642705e-01j],
          [-0.0009852 +9.32559970e-04j, -0.01822872-1.05230587e-02j,
            0.01595315-1.87456825e-01j,  0.86042181-4.73111906e-01j]],
         input_dims=(2, 2), output_dims=(2, 2))"
