unitary
"Operator([[ 0.61891334+0.39029306j,  0.43848869+0.12024961j,
            0.25811605+0.15712455j, -0.33746866-0.22953909j],
          [ 0.22805525+0.39334858j, -0.12778352+0.08779185j,
            0.01291395-0.82325748j,  0.25811605+0.15712455j],
          [-0.15314333+0.26049787j,  0.58684648-0.5775213j ,
           -0.12778352+0.08779185j,  0.43848869+0.12024961j],
          [ 0.3990713 -0.08553002j, -0.15314333+0.26049787j,
            0.22805525+0.39334858j,  0.61891334+0.39029306j]],
         input_dims=(2, 2), output_dims=(2, 2))"
"Operator([[ 0.61891334+0.39029306j, -0.41923963+0.17598419j,
            0.21410794-0.21323651j,  0.07018689-0.40205359j],
          [ 0.06329875-0.45025056j, -0.12778352+0.08779185j,
            0.49789448+0.65575966j,  0.21410794-0.21323651j],
          [-0.28948774-0.08665373j, -0.81817232+0.09226969j,
           -0.12778352+0.08779185j, -0.41923963+0.17598419j],
          [ 0.0864127 -0.3988811j , -0.28948774-0.08665373j,
            0.06329875-0.45025056j,  0.61891334+0.39029306j]],
         input_dims=(2, 2), output_dims=(2, 2))"
"Operator([[ 0.61891334+0.39029306j, -0.36016103-0.27751817j,
            0.07366362+0.2930626j , -0.07831586+0.40054951j],
          [-0.36016103-0.27751817j, -0.12778352+0.08779185j,
           -0.32407516+0.75689823j,  0.07366362+0.2930626j ],
          [ 0.07366362+0.2930626j , -0.32407516+0.75689823j,
           -0.12778352+0.08779185j, -0.36016103-0.27751817j],
          [-0.07831586+0.40054951j,  0.07366362+0.2930626j ,
           -0.36016103-0.27751817j,  0.61891334+0.39029306j]],
         input_dims=(2, 2), output_dims=(2, 2))"
"Operator([[ 0.61891334+0.39029306j, -0.14735739+0.4301373j ,
           -0.23655214-0.18802953j, -0.28833039+0.28885788j],
          [ 0.37836285-0.25213856j, -0.12778352+0.08779185j,
            0.82085022+0.06422272j, -0.23655214-0.18802953j],
          [ 0.11952919-0.27753341j, -0.61299006-0.5496934j ,
           -0.12778352+0.08779185j, -0.14735739+0.4301373j ],
          [ 0.15830077+0.37618367j,  0.11952919-0.27753341j,
            0.37836285-0.25213856j,  0.61891334+0.39029306j]],
         input_dims=(2, 2), output_dims=(2, 2))"
"Operator([[ 0.61891334+0.39029306j,  0.16495693-0.42369979j,
           -0.22026567-0.20686965j,  0.3217569 -0.2510892j ],
          [-0.36765159+0.26751562j, -0.12778352+0.08779185j,
           -0.81750658-0.09799299j, -0.22026567-0.20686965j],
          [ 0.09627002-0.28643342j,  0.63512065+0.52396698j,
           -0.12778352+0.08779185j,  0.16495693-0.42369979j],
          [-0.20349102-0.35378622j,  0.09627002-0.28643342j,
           -0.36765159+0.26751562j,  0.61891334+0.39029306j]],
         input_dims=(2, 2), output_dims=(2, 2))"
"Operator([[ 0.61891334+0.39029306j, -0.36016103-0.27751817j,
            0.07366362+0.2930626j , -0.07831586+0.40054951j],
          [-0.36016103-0.27751817j, -0.12778352+0.08779185j,
           -0.32407516+0.75689823j,  0.07366362+0.2930626j ],
          [ 0.07366362+0.2930626j , -0.32407516+0.75689823j,
           -0.12778352+0.08779185j, -0.36016103-0.27751817j],
          [-0.07831586+0.40054951j,  0.07366362+0.2930626j ,
           -0.36016103-0.27751817j,  0.61891334+0.39029306j]],
         input_dims=(2, 2), output_dims=(2, 2))"
