unitary
"Operator([[ 9.32123565e-01-3.37152602e-01j,
           -3.06989839e-02+1.28170544e-01j,
           -7.68453071e-03-6.66397467e-03j,
            4.01571752e-04-2.09094708e-04j],
          [ 7.66115630e-02+1.07241710e-01j,
            9.78758589e-01-3.67612587e-02j,
           -5.78740173e-02+1.40915776e-01j,
           -7.68453071e-03-6.66397467e-03j],
          [-5.52639781e-03+8.53929142e-03j,
            6.84075693e-02+1.36114151e-01j,
            9.78758589e-01-3.67612587e-02j,
           -3.06989839e-02+1.28170544e-01j],
          [-4.50692178e-04-4.30932645e-05j,
           -5.52639781e-03+8.53929142e-03j,
            7.66115630e-02+1.07241710e-01j,
            9.32123565e-01-3.37152602e-01j]],
         input_dims=(2, 2), output_dims=(2, 2))"
"Operator([[ 9.32123565e-01-0.3371526j ,  2.52288575e-02+0.1293585j ,
           -1.00705999e-02+0.00142954j, -8.65582110e-05-0.0004444j ],
          [ 2.52288575e-02+0.1293585j ,  9.78758589e-01-0.03676126j,
            5.78816283e-03+0.15222731j, -1.00705999e-02+0.00142954j],
          [-1.00705999e-02+0.00142954j,  5.78816283e-03+0.15222731j,
            9.78758589e-01-0.03676126j,  2.52288575e-02+0.1293585j ],
          [-8.65582110e-05-0.0004444j , -1.00705999e-02+0.00142954j,
            2.52288575e-02+0.1293585j ,  9.32123565e-01-0.3371526j ]],
         input_dims=(2, 2), output_dims=(2, 2))"
"Operator([[ 9.32123565e-01-0.3371526j ,  2.60839216e-02+0.1291888j ,
           -1.00508084e-02+0.00156263j, -9.53587698e-05-0.00044259j],
          [ 2.43726897e-02+0.12952254j,  9.78758589e-01-0.03676126j,
            6.79491341e-03+0.1521857j , -1.00508084e-02+0.00156263j],
          [-1.00886292e-02+0.0012962j ,  4.78115903e-03+0.15226227j,
            9.78758589e-01-0.03676126j,  2.60839216e-02+0.1291888j ],
          [-7.77235713e-05-0.00044603j, -1.00886292e-02+0.0012962j ,
            2.43726897e-02+0.12952254j,  9.32123565e-01-0.3371526j ]],
         input_dims=(2, 2), output_dims=(2, 2))"
"Operator([[ 9.32123565e-01-0.3371526j ,  4.39838521e-02+0.12423984j,
           -9.21872459e-03+0.00429834j, -2.68667337e-04-0.00036442j],
          [ 5.92491675e-03+0.13166249j,  9.78758589e-01-0.03676126j,
            2.81188093e-02+0.14971971j, -9.21872459e-03+0.00429834j],
          [-1.00507519e-02-0.001563j  , -1.66684263e-02+0.15142266j,
            9.78758589e-01-0.03676126j,  4.39838521e-02+0.12423984j],
          [ 1.12256445e-04-0.00043861j, -1.00507519e-02-0.001563j  ,
            5.92491675e-03+0.13166249j,  9.32123565e-01-0.3371526j ]],
         input_dims=(2, 2), output_dims=(2, 2))"
"Operator([[ 9.32123565e-01-0.3371526j ,  2.52288575e-02+0.1293585j ,
           -1.00705999e-02+0.00142954j, -8.65582110e-05-0.0004444j ],
          [ 2.52288575e-02+0.1293585j ,  9.78758589e-01-0.03676126j,
            5.78816283e-03+0.15222731j, -1.00705999e-02+0.00142954j],
          [-1.00705999e-02+0.00142954j,  5.78816283e-03+0.15222731j,
            9.78758589e-01-0.03676126j,  2.52288575e-02+0.1293585j ],
          [-8.65582110e-05-0.0004444j , -1.00705999e-02+0.00142954j,
            2.52288575e-02+0.1293585j ,  9.32123565e-01-0.3371526j ]],
         input_dims=(2, 2), output_dims=(2, 2))"
"Operator([[ 9.32123565e-01-0.3371526j ,  2.52288575e-02+0.1293585j ,
           -1.00705999e-02+0.00142954j, -8.65582110e-05-0.0004444j ],
          [ 2.52288575e-02+0.1293585j ,  9.78758589e-01-0.03676126j,
            5.78816283e-03+0.15222731j, -1.00705999e-02+0.00142954j],
          [-1.00705999e-02+0.00142954j,  5.78816283e-03+0.15222731j,
            9.78758589e-01-0.03676126j,  2.52288575e-02+0.1293585j ],
          [-8.65582110e-05-0.0004444j , -1.00705999e-02+0.00142954j,
            2.52288575e-02+0.1293585j ,  9.32123565e-01-0.3371526j ]],
         input_dims=(2, 2), output_dims=(2, 2))"
"Operator([[ 9.32123565e-01-3.37152602e-01j,
            6.94879664e-02+1.11989010e-01j,
           -6.58619661e-03+7.75129569e-03j,
           -4.33814336e-04-1.29559218e-04j],
          [-2.23135652e-02+1.29893113e-01j,
            9.78758589e-01-3.67612587e-02j,
            5.94269182e-02+1.40267955e-01j,
           -6.58619661e-03+7.75129569e-03j],
          [-8.48316639e-03-5.61217059e-03j,
           -4.86038710e-02+1.44375626e-01j,
            9.78758589e-01-3.67612587e-02j,
            6.94879664e-02+1.11989010e-01j],
          [ 3.53475730e-04-2.82905245e-04j,
           -8.48316639e-03-5.61217059e-03j,
           -2.23135652e-02+1.29893113e-01j,
            9.32123565e-01-3.37152602e-01j]],
         input_dims=(2, 2), output_dims=(2, 2))"
"Operator([[ 9.32123565e-01-0.3371526j , -9.71364499e-02+0.08907652j,
            3.30303030e-03-0.00962032j,  1.20831555e-04+0.00043633j],
          [ 1.23489792e-01+0.04604766j,  9.78758589e-01-0.03676126j,
           -1.26791900e-01+0.08444212j,  3.30303030e-03-0.00962032j],
          [ 5.84984268e-03+0.00832105j,  1.32838049e-01+0.07457017j,
            9.78758589e-01-0.03676126j, -9.71364499e-02+0.08907652j],
          [ 5.17613311e-05+0.00044978j,  5.84984268e-03+0.00832105j,
            1.23489792e-01+0.04604766j,  9.32123565e-01-0.3371526j ]],
         input_dims=(2, 2), output_dims=(2, 2))"
"Operator([[ 9.32123565e-01-0.3371526j ,  1.09258525e-01-0.07370679j,
            5.97647983e-03-0.00823057j,  7.91938858e-05-0.00044577j],
          [-1.28948033e-01-0.02724923j,  9.78758589e-01-0.03676126j,
            1.37900467e-01-0.06473113j,  5.97647983e-03-0.00823057j],
          [ 8.03091604e-03+0.00624219j, -1.42417758e-01-0.05407254j,
            9.78758589e-01-0.03676126j,  1.09258525e-01-0.07370679j],
          [-2.40708022e-04-0.00038346j,  8.03091604e-03+0.00624219j,
           -1.28948033e-01-0.02724923j,  9.32123565e-01-0.3371526j ]],
         input_dims=(2, 2), output_dims=(2, 2))"
"Operator([[ 9.32123565e-01-0.3371526j ,  2.52288575e-02+0.1293585j ,
           -1.00705999e-02+0.00142954j, -8.65582110e-05-0.0004444j ],
          [ 2.52288575e-02+0.1293585j ,  9.78758589e-01-0.03676126j,
            5.78816283e-03+0.15222731j, -1.00705999e-02+0.00142954j],
          [-1.00705999e-02+0.00142954j,  5.78816283e-03+0.15222731j,
            9.78758589e-01-0.03676126j,  2.52288575e-02+0.1293585j ],
          [-8.65582110e-05-0.0004444j , -1.00705999e-02+0.00142954j,
            2.52288575e-02+0.1293585j ,  9.32123565e-01-0.3371526j ]],
         input_dims=(2, 2), output_dims=(2, 2))"
"Operator([[ 9.32123565e-01-0.3371526j ,  2.52288575e-02+0.1293585j ,
           -1.00705999e-02+0.00142954j, -8.65582110e-05-0.0004444j ],
          [ 2.52288575e-02+0.1293585j ,  9.78758589e-01-0.03676126j,
            5.78816283e-03+0.15222731j, -1.00705999e-02+0.00142954j],
          [-1.00705999e-02+0.00142954j,  5.78816283e-03+0.15222731j,
            9.78758589e-01-0.03676126j,  2.52288575e-02+0.1293585j ],
          [-8.65582110e-05-0.0004444j , -1.00705999e-02+0.00142954j,
            2.52288575e-02+0.1293585j ,  9.32123565e-01-0.3371526j ]],
         input_dims=(2, 2), output_dims=(2, 2))"
"Operator([[ 9.32123565e-01-3.37152602e-01j,
            1.31623183e-01+6.74193350e-03j,
            9.56679320e-03+3.45500194e-03j,
            3.88558232e-04+2.32385390e-04j],
          [-1.19443612e-01+5.57076261e-02j,
            9.78758589e-01-3.67612587e-02j,
            1.49123145e-01+3.11278864e-02j,
            9.56679320e-03+3.45500194e-03j],
          [ 8.22734671e-03-5.98091438e-03j,
           -1.46328831e-01+4.23619029e-02j,
            9.78758589e-01-3.67612587e-02j,
            1.31623183e-01+6.74193350e-03j],
          [-2.72935736e-04+3.61229225e-04j,
            8.22734671e-03-5.98091438e-03j,
           -1.19443612e-01+5.57076261e-02j,
            9.32123565e-01-3.37152602e-01j]],
         input_dims=(2, 2), output_dims=(2, 2))"
"Operator([[ 9.32123565e-01-3.37152602e-01j,
            1.30856732e-01+1.57045099e-02j,
            9.00751971e-03+4.72495071e-03j,
            3.33179022e-04+3.06548868e-04j],
          [-1.15365481e-01+6.37253612e-02j,
            9.78758589e-01-3.67612587e-02j,
            1.46652520e-01+4.12273715e-02j,
            9.00751971e-03+4.72495071e-03j],
          [ 7.33674535e-03-7.04505062e-03j,
           -1.43098420e-01+5.22446166e-02j,
            9.78758589e-01-3.67612587e-02j,
            1.30856732e-01+1.57045099e-02j],
          [-1.93770211e-04+4.09186479e-04j,
            7.33674535e-03-7.04505062e-03j,
           -1.15365481e-01+6.37253612e-02j,
            9.32123565e-01-3.37152602e-01j]],
         input_dims=(2, 2), output_dims=(2, 2))"
