unitary
"Operator([[-1.54237267e-04-0.86654891j, -4.51012267e-01-0.12965895j,
           -1.67222469e-02+0.16573584j,  2.84010196e-02-0.01774364j],
          [-1.95768311e-01-0.42649534j,  6.63892045e-01-0.04981138j,
           -2.94063693e-01-0.4715095j , -1.67222469e-02+0.16573584j],
          [-1.61364599e-01-0.04134572j,  1.65755298e-01-0.53039594j,
            6.63892045e-01-0.04981138j, -4.51012267e-01-0.12965895j],
          [-1.46380558e-02+0.03011946j, -1.61364599e-01-0.04134572j,
           -1.95768311e-01-0.42649534j, -1.54237267e-04-0.86654891j]],
         input_dims=(2, 2), output_dims=(2, 2))"
"Operator([[-1.54237267e-04-0.86654891j, -3.80858191e-01-0.27417248j,
           -1.18161550e-01+0.11741316j,  2.98020774e-02+0.01527386j],
          [-3.28139816e-01-0.3354814j ,  6.63892045e-01-0.04981138j,
           -1.17811314e-01-0.54306092j, -1.18161550e-01+0.11741316j],
          [-1.50909948e-01+0.07052793j, -2.28397809e-02-0.55522339j,
            6.63892045e-01-0.04981138j, -3.80858191e-01-0.27417248j],
          [ 1.83422817e-02+0.02801813j, -1.50909948e-01+0.07052793j,
           -3.28139816e-01-0.3354814j , -1.54237267e-04-0.86654891j]],
         input_dims=(2, 2), output_dims=(2, 2))"
"Operator([[-1.54237267e-04-0.86654891j,  3.55821921e-01+0.30596449j,
           -1.36562893e-01+0.09538647j, -2.49012830e-02-0.02239153j],
          [ 3.55821921e-01+0.30596449j,  6.63892045e-01-0.04981138j,
            7.05879882e-02+0.55119144j, -1.36562893e-01+0.09538647j],
          [-1.36562893e-01+0.09538647j,  7.05879882e-02+0.55119144j,
            6.63892045e-01-0.04981138j,  3.55821921e-01+0.30596449j],
          [-2.49012830e-02-0.02239153j, -1.36562893e-01+0.09538647j,
            3.55821921e-01+0.30596449j, -1.54237267e-04-0.86654891j]],
         input_dims=(2, 2), output_dims=(2, 2))"
"Operator([[-1.54237267e-04-0.86654891j,  3.55821921e-01+0.30596449j,
           -1.36562893e-01+0.09538647j, -2.49012830e-02-0.02239153j],
          [ 3.55821921e-01+0.30596449j,  6.63892045e-01-0.04981138j,
            7.05879882e-02+0.55119144j, -1.36562893e-01+0.09538647j],
          [-1.36562893e-01+0.09538647j,  7.05879882e-02+0.55119144j,
            6.63892045e-01-0.04981138j,  3.55821921e-01+0.30596449j],
          [-2.49012830e-02-0.02239153j, -1.36562893e-01+0.09538647j,
            3.55821921e-01+0.30596449j, -1.54237267e-04-0.86654891j]],
         input_dims=(2, 2), output_dims=(2, 2))"
"Operator([[-1.54237267e-04-0.86654891j, -3.74357799e-01+0.28298365j,
            1.63793625e-01-0.03032574j, -3.28307455e-02+0.00660279j],
          [ 2.23701360e-01-0.41253025j,  6.63892045e-01-0.04981138j,
           -5.53641898e-01-0.04770028j,  1.63793625e-01-0.03032574j],
          [ 8.48503976e-02-0.14334717j,  5.23754659e-01-0.1856764j ,
            6.63892045e-01-0.04981138j, -3.74357799e-01+0.28298365j],
          [ 3.09094246e-03-0.03334518j,  8.48503976e-02-0.14334717j,
            2.23701360e-01-0.41253025j, -1.54237267e-04-0.86654891j]],
         input_dims=(2, 2), output_dims=(2, 2))"
"Operator([[-1.54237267e-04-0.86654891j,  1.97670036e-01+0.42561728j,
           -1.61727261e-01-0.03990357j,  1.42334368e-02-0.03031277j],
          [ 4.50429038e-01+0.13167077j,  6.63892045e-01-0.04981138j,
           -1.63386208e-01+0.53113051j, -1.61727261e-01-0.03990357j],
          [-1.82010998e-02+0.16557996j,  2.91956167e-01+0.47281737j,
            6.63892045e-01-0.04981138j,  1.97670036e-01+0.42561728j],
          [-2.86360649e-02+0.01736175j, -1.82010998e-02+0.16557996j,
            4.50429038e-01+0.13167077j, -1.54237267e-04-0.86654891j]],
         input_dims=(2, 2), output_dims=(2, 2))"
