unitary
"Operator([[ 0.59104213+0.42996398j,  0.3112626 +0.32716317j,
            0.01037757+0.3121896j ,  0.20772331-0.34808193j],
          [ 0.37098048+0.25747548j, -0.11622474+0.10198692j,
            0.39536893-0.71991923j,  0.01037757+0.3121896j ],
          [ 0.13315941+0.28255727j,  0.24165031-0.78498753j,
           -0.11622474+0.10198692j,  0.3112626 +0.32716317j],
          [-0.02944862-0.40428057j,  0.13315941+0.28255727j,
            0.37098048+0.25747548j,  0.59104213+0.42996398j]],
         input_dims=(2, 2), output_dims=(2, 2))"
"Operator([[ 0.59104213+0.42996398j, -0.34289648-0.29384034j,
            0.07328189+0.30364421j, -0.09346142+0.39442992j],
          [-0.34289648-0.29384034j, -0.11622474+0.10198692j,
           -0.32016691+0.75636859j,  0.07328189+0.30364421j],
          [ 0.07328189+0.30364421j, -0.32016691+0.75636859j,
           -0.11622474+0.10198692j, -0.34289648-0.29384034j],
          [-0.09346142+0.39442992j,  0.07328189+0.30364421j,
           -0.34289648-0.29384034j,  0.59104213+0.42996398j]],
         input_dims=(2, 2), output_dims=(2, 2))"
"Operator([[ 0.59104213+0.42996398j, -0.18978084+0.40976014j,
           -0.22108436-0.22066207j, -0.33645069+0.22607727j],
          [ 0.37585443-0.25030699j, -0.11622474+0.10198692j,
            0.81486495+0.10293403j, -0.22108436-0.22066207j],
          [ 0.09610002-0.29721176j, -0.64112561-0.51337924j,
           -0.11622474+0.10198692j, -0.18978084+0.40976014j],
          [ 0.19923424+0.35300952j,  0.09610002-0.29721176j,
            0.37585443-0.25030699j,  0.59104213+0.42996398j]],
         input_dims=(2, 2), output_dims=(2, 2))"
"Operator([[ 0.59104213+0.42996398j, -0.34289648-0.29384034j,
            0.07328189+0.30364421j, -0.09346142+0.39442992j],
          [-0.34289648-0.29384034j, -0.11622474+0.10198692j,
           -0.32016691+0.75636859j,  0.07328189+0.30364421j],
          [ 0.07328189+0.30364421j, -0.32016691+0.75636859j,
           -0.11622474+0.10198692j, -0.34289648-0.29384034j],
          [-0.09346142+0.39442992j,  0.07328189+0.30364421j,
           -0.34289648-0.29384034j,  0.59104213+0.42996398j]],
         input_dims=(2, 2), output_dims=(2, 2))"
"Operator([[ 0.59104213+0.42996398j, -0.45087045-0.02521865j,
            0.31223322+0.00896966j,  0.40052729-0.06235294j],
          [-0.09398398-0.44168671j, -0.11622474+0.10198692j,
            0.20495836+0.79535675j,  0.31223322+0.00896966j],
          [-0.27377151+0.15039681j, -0.71369603+0.4064951j ,
           -0.11622474+0.10198692j, -0.45087045-0.02521865j],
          [-0.32996313-0.23544497j, -0.27377151+0.15039681j,
           -0.09398398-0.44168671j,  0.59104213+0.42996398j]],
         input_dims=(2, 2), output_dims=(2, 2))"
"Operator([[ 0.59104213+0.42996398j,  0.3036286 +0.3342601j ,
           -0.0040406 +0.3123359j ,  0.23131002-0.33287486j],
          [ 0.37682431+0.24884449j, -0.11622474+0.10198692j,
            0.41187968-0.71060216j, -0.0040406 +0.3123359j ],
          [ 0.14605717+0.27611111j,  0.22346806-0.79035582j,
           -0.11622474+0.10198692j,  0.3036286 +0.3342601j ],
          [-0.05735111-0.40127404j,  0.14605717+0.27611111j,
            0.37682431+0.24884449j,  0.59104213+0.42996398j]],
         input_dims=(2, 2), output_dims=(2, 2))"
"Operator([[ 0.59104213+0.42996398j,  0.23487549-0.38568594j,
           -0.16587807-0.26467812j,  0.39256234-0.10101886j],
          [-0.34515688+0.29118185j, -0.11622474+0.10198692j,
           -0.7980105 -0.19436958j, -0.16587807-0.26467812j],
          [ 0.0268944 -0.31120208j,  0.69503934+0.43763069j,
           -0.11622474+0.10198692j,  0.23487549-0.38568594j],
          [-0.30549516-0.2664258j ,  0.0268944 -0.31120208j,
           -0.34515688+0.29118185j,  0.59104213+0.42996398j]],
         input_dims=(2, 2), output_dims=(2, 2))"
