unitary
"Operator([[ 0.06272794+0.72525744j,  0.14952692+0.39296246j,
            0.23560003+0.34292733j, -0.03905866-0.34446618j],
          [-0.07992633+0.41278273j,  0.00178935+0.23776579j,
            0.01454452-0.77030407j,  0.23560003+0.34292733j],
          [-0.20229228+0.36357167j,  0.41817451-0.64707804j,
            0.00178935+0.23776579j,  0.14952692+0.39296246j],
          [ 0.34661005-0.00663366j, -0.20229228+0.36357167j,
           -0.07992633+0.41278273j,  0.06272794+0.72525744j]],
         input_dims=(2, 2), output_dims=(2, 2))"
"Operator([[ 0.06272794+0.72525744j, -0.03618385-0.41888963j,
            0.01959334+0.41559911j, -0.22842869+0.26077359j],
          [-0.03618385-0.41888963j,  0.00178935+0.23776579j,
           -0.22496133+0.73686655j,  0.01959334+0.41559911j],
          [ 0.01959334+0.41559911j, -0.22496133+0.73686655j,
            0.00178935+0.23776579j, -0.03618385-0.41888963j],
          [-0.22842869+0.26077359j,  0.01959334+0.41559911j,
           -0.03618385-0.41888963j,  0.06272794+0.72525744j]],
         input_dims=(2, 2), output_dims=(2, 2))"
"Operator([[ 0.06272794+0.72525744j, -0.40541544+0.11142763j,
           -0.16631365-0.38137422j, -0.34148662-0.05974458j],
          [ 0.41851793+0.04025594j,  0.00178935+0.23776579j,
            0.76541865+0.08783053j, -0.16631365-0.38137422j],
          [ 0.12969611-0.39532954j, -0.68395819-0.35465631j,
            0.00178935+0.23776579j, -0.40541544+0.11142763j],
          [ 0.10418454+0.33064802j,  0.12969611-0.39532954j,
            0.41851793+0.04025594j,  0.06272794+0.72525744j]],
         input_dims=(2, 2), output_dims=(2, 2))"
"Operator([[ 0.06272794+0.72525744j, -0.03618385-0.41888963j,
            0.01959334+0.41559911j, -0.22842869+0.26077359j],
          [-0.03618385-0.41888963j,  0.00178935+0.23776579j,
           -0.22496133+0.73686655j,  0.01959334+0.41559911j],
          [ 0.01959334+0.41559911j, -0.22496133+0.73686655j,
            0.00178935+0.23776579j, -0.03618385-0.41888963j],
          [-0.22842869+0.26077359j,  0.01959334+0.41559911j,
           -0.03618385-0.41888963j,  0.06272794+0.72525744j]],
         input_dims=(2, 2), output_dims=(2, 2))"
"Operator([[ 0.06272794+0.72525744j,  0.00226413+0.42044342j,
           -0.04751551+0.4133386j ,  0.28433378-0.19833515j],
          [ 0.06986758+0.41460381j,  0.00178935+0.23776579j,
            0.28368816-0.71631064j, -0.04751551+0.4133386j ],
          [ 0.08619185+0.407035j  ,  0.16476729-0.75261654j,
            0.00178935+0.23776579j,  0.00226413+0.42044342j],
          [ 0.15917333-0.3079714j ,  0.08619185+0.407035j  ,
            0.06986758+0.41460381j,  0.06272794+0.72525744j]],
         input_dims=(2, 2), output_dims=(2, 2))"
"Operator([[ 0.06272794+0.72525744j, -0.0937815 +0.40985708j,
           -0.22630621+0.34913038j,  0.34551127+0.02836361j],
          [ 0.16267516+0.38770425j,  0.00178935+0.23776579j,
            0.43972775-0.63262897j, -0.22630621+0.34913038j],
          [ 0.25814881+0.32629085j, -0.0114038 -0.77035697j,
            0.00178935+0.23776579j, -0.0937815 +0.40985708j],
          [-0.07360662-0.33876924j,  0.25814881+0.32629085j,
            0.16267516+0.38770425j,  0.06272794+0.72525744j]],
         input_dims=(2, 2), output_dims=(2, 2))"
