unitary
"Operator([[-1.54237267e-04-0.86654891j,  3.50669020e-01+0.31185694j,
           -1.39668502e-01+0.09077836j, -2.37500736e-02-0.02360908j],
          [ 3.60875822e-01+0.29998692j,  6.63892045e-01-0.04981138j,
            6.13844507e-02+0.55229215j, -1.39668502e-01+0.09077836j],
          [-1.33305310e-01+0.09988842j,  7.97718858e-02+0.54993737j,
            6.63892045e-01-0.04981138j,  3.50669020e-01+0.31185694j],
          [-2.59901490e-02-0.02111793j, -1.33305310e-01+0.09988842j,
            3.60875822e-01+0.29998692j, -1.54237267e-04-0.86654891j]],
         input_dims=(2, 2), output_dims=(2, 2))"
"Operator([[-1.54237267e-04-0.86654891j, -4.47427163e-01+0.14153602j,
            1.46286167e-01+0.07967659j, -2.27421625e-02-0.02458147j],
          [ 7.29026952e-02-0.46358247j,  6.63892045e-01-0.04981138j,
           -5.05833167e-01-0.23005972j,  1.46286167e-01+0.07967659j],
          [-2.44564683e-02-0.16477222j,  4.31534966e-01-0.35010319j,
            6.63892045e-01-0.04981138j, -4.47427163e-01+0.14153602j],
          [-2.68504021e-02-0.02001276j, -2.44564683e-02-0.16477222j,
            7.29026952e-02-0.46358247j, -1.54237267e-04-0.86654891j]],
         input_dims=(2, 2), output_dims=(2, 2))"
"Operator([[-1.54237267e-04-0.86654891j,  3.55821921e-01+0.30596449j,
           -1.36562893e-01+0.09538647j, -2.49012830e-02-0.02239153j],
          [ 3.55821921e-01+0.30596449j,  6.63892045e-01-0.04981138j,
            7.05879882e-02+0.55119144j, -1.36562893e-01+0.09538647j],
          [-1.36562893e-01+0.09538647j,  7.05879882e-02+0.55119144j,
            6.63892045e-01-0.04981138j,  3.55821921e-01+0.30596449j],
          [-2.49012830e-02-0.02239153j, -1.36562893e-01+0.09538647j,
            3.55821921e-01+0.30596449j, -1.54237267e-04-0.86654891j]],
         input_dims=(2, 2), output_dims=(2, 2))"
"Operator([[-1.54237267e-04-0.86654891j,  3.95671376e-01-0.25232454j,
            1.66529763e-01-0.00397997j,  3.34609385e-02+0.00134916j],
          [-1.90195002e-01+0.42900976j,  6.63892045e-01-0.04981138j,
            5.48096914e-01+0.09156659j,  1.66529763e-01-0.00397997j],
          [ 6.10562268e-02-0.15498432j, -5.07334491e-01+0.22672976j,
            6.63892045e-01-0.04981138j,  3.95671376e-01-0.25232454j],
          [ 4.88304138e-03+0.03313021j,  6.10562268e-02-0.15498432j,
           -1.90195002e-01+0.42900976j, -1.54237267e-04-0.86654891j]],
         input_dims=(2, 2), output_dims=(2, 2))"
"Operator([[-1.54237267e-04-0.86654891j, -3.80548993e-01-0.27460148j,
           -1.18425868e-01+0.11714656j,  2.97502722e-02+0.01537452j],
          [-3.28517652e-01-0.33511142j,  6.63892045e-01-0.04981138j,
           -1.17199281e-01-0.54319333j, -1.18425868e-01+0.11714656j],
          [-1.50750613e-01+0.07086787j, -2.34654307e-02-0.5551973j ,
            6.63892045e-01-0.04981138j, -3.80548993e-01-0.27460148j],
          [ 1.84368951e-02+0.02795596j, -1.50750613e-01+0.07086787j,
           -3.28517652e-01-0.33511142j, -1.54237267e-04-0.86654891j]],
         input_dims=(2, 2), output_dims=(2, 2))"
"Operator([[-1.54237267e-04-0.86654891j, -5.82583258e-02-0.46564952j,
           -1.08358783e-01-0.12651631j, -3.28150773e-02+0.00668022j],
          [-4.69122072e-01+0.01216517j,  6.63892045e-01-0.04981138j,
            3.17772221e-01-0.45586784j, -1.08358783e-01-0.12651631j],
          [ 8.14886997e-02+0.14528453j, -4.22393996e-01-0.36107891j,
            6.63892045e-01-0.04981138j, -5.82583258e-02-0.46564952j],
          [ 3.16959909e-03-0.03333779j,  8.14886997e-02+0.14528453j,
           -4.69122072e-01+0.01216517j, -1.54237267e-04-0.86654891j]],
         input_dims=(2, 2), output_dims=(2, 2))"
"Operator([[-1.54237267e-04-0.86654891j,  3.55821921e-01+0.30596449j,
           -1.36562893e-01+0.09538647j, -2.49012830e-02-0.02239153j],
          [ 3.55821921e-01+0.30596449j,  6.63892045e-01-0.04981138j,
            7.05879882e-02+0.55119144j, -1.36562893e-01+0.09538647j],
          [-1.36562893e-01+0.09538647j,  7.05879882e-02+0.55119144j,
            6.63892045e-01-0.04981138j,  3.55821921e-01+0.30596449j],
          [-2.49012830e-02-0.02239153j, -1.36562893e-01+0.09538647j,
            3.55821921e-01+0.30596449j, -1.54237267e-04-0.86654891j]],
         input_dims=(2, 2), output_dims=(2, 2))"
"Operator([[-1.54237267e-04-0.86654891j,  4.50772557e-01-0.13048989j,
            1.42191527e-01+0.0867731j ,  2.08681929e-02+0.02619109j],
          [-6.14800294e-02+0.46523512j,  6.63892045e-01-0.04981138j,
            5.00022456e-01+0.24242981j,  1.42191527e-01+0.0867731j ],
          [-3.25287320e-02-0.16337039j, -4.22794566e-01+0.36060979j,
            6.63892045e-01-0.04981138j,  4.50772557e-01-0.13048989j],
          [ 2.82526423e-02+0.01797896j, -3.25287320e-02-0.16337039j,
           -6.14800294e-02+0.46523512j, -1.54237267e-04-0.86654891j]],
         input_dims=(2, 2), output_dims=(2, 2))"
"Operator([[-1.54237267e-04-0.86654891j,  3.43076934e-01+0.32019014j,
           -1.43867126e-01+0.08396578j, -2.19884388e-02-0.02525793j],
          [ 3.67977484e-01+0.29123201j,  6.63892045e-01-0.04981138j,
            4.81004986e-02+0.55360727j, -1.43867126e-01+0.08396578j],
          [-1.28354161e-01+0.10617538j,  9.29585476e-02+0.54786255j,
            6.63892045e-01-0.04981138j,  3.43076934e-01+0.32019014j],
          [-2.74432926e-02-0.01919167j, -1.28354161e-01+0.10617538j,
            3.67977484e-01+0.29123201j, -1.54237267e-04-0.86654891j]],
         input_dims=(2, 2), output_dims=(2, 2))"
