unitary
"Operator([[ 0.77344283-5.86341408e-01j, -0.00807192+2.38182268e-01j,
           -0.02981168-1.72354437e-02j,  0.00209562-1.94967789e-03j],
          [ 0.16281668+1.74030679e-01j,  0.92846514-6.07863960e-02j,
           -0.08806088+2.61765210e-01j, -0.02981168-1.72354437e-02j],
          [-0.01719978+2.98322719e-02j,  0.1229754 +2.47290915e-01j,
            0.92846514-6.07863960e-02j, -0.00807192+2.38182268e-01j],
          [-0.00286064-9.80683562e-05j, -0.01719978+2.98322719e-02j,
            0.16281668+1.74030679e-01j,  0.77344283-5.86341408e-01j]],
         input_dims=(2, 2), output_dims=(2, 2))"
"Operator([[ 0.77344283-0.58634141j,  0.08375764+0.22311568j,
           -0.03326202+0.00891263j, -0.00100171-0.00268132j],
          [ 0.08375764+0.22311568j,  0.92846514-0.0607864j ,
            0.01889794+0.27553332j, -0.03326202+0.00891263j],
          [-0.03326202+0.00891263j,  0.01889794+0.27553332j,
            0.92846514-0.0607864j ,  0.08375764+0.22311568j],
          [-0.00100171-0.00268132j, -0.03326202+0.00891263j,
            0.08375764+0.22311568j,  0.77344283-0.58634141j]],
         input_dims=(2, 2), output_dims=(2, 2))"
"Operator([[ 0.77344283-0.58634141j,  0.08375764+0.22311568j,
           -0.03326202+0.00891263j, -0.00100171-0.00268132j],
          [ 0.08375764+0.22311568j,  0.92846514-0.0607864j ,
            0.01889794+0.27553332j, -0.03326202+0.00891263j],
          [-0.03326202+0.00891263j,  0.01889794+0.27553332j,
            0.92846514-0.0607864j ,  0.08375764+0.22311568j],
          [-0.00100171-0.00268132j, -0.03326202+0.00891263j,
            0.08375764+0.22311568j,  0.77344283-0.58634141j]],
         input_dims=(2, 2), output_dims=(2, 2))"
"Operator([[ 0.77344283-5.86341408e-01j,  0.16999093+1.67030038e-01j,
           -0.01463218+3.11720415e-02j, -0.00285024+2.62744091e-04j],
          [-0.01808072+2.37632144e-01j,  0.92846514-6.07863960e-02j,
            0.13326559+2.41900861e-01j, -0.01463218+3.11720415e-02j],
          [-0.02825797-1.96795270e-02j, -0.09899063+2.57830563e-01j,
            0.92846514-6.07863960e-02j,  0.16999093+1.67030038e-01j],
          [ 0.00232434-1.67042507e-03j, -0.02825797-1.96795270e-02j,
           -0.01808072+2.37632144e-01j,  0.77344283-5.86341408e-01j]],
         input_dims=(2, 2), output_dims=(2, 2))"
"Operator([[ 7.73442832e-01-0.58634141j, -1.32039438e-01+0.19839742j,
            2.06745214e-03-0.03437328j,  1.75520074e-03+0.00226101j],
          [ 2.29978755e-01+0.06249577j,  9.28465144e-01-0.0607864j ,
           -2.12485587e-01+0.17642454j,  2.06745214e-03-0.03437328j],
          [ 1.89772725e-02+0.0287343j ,  2.34583288e-01+0.14576154j,
            9.28465144e-01-0.0607864j , -1.32039438e-01+0.19839742j],
          [ 1.57208041e-04+0.002858j  ,  1.89772725e-02+0.0287343j ,
            2.29978755e-01+0.06249577j,  7.73442832e-01-0.58634141j]],
         input_dims=(2, 2), output_dims=(2, 2))"
"Operator([[ 0.77344283-5.86341408e-01j,  0.21808233-9.61043577e-02j,
            0.03205863-1.25714341e-02j,  0.00247627-1.43561602e-03j],
          [-0.22745066+7.11487523e-02j,  0.92846514-6.07863960e-02j,
            0.27404523-3.42776360e-02j,  0.03205863-1.25714341e-02j],
          [ 0.03404928-5.14233100e-03j, -0.27615897+3.45908968e-03j,
            0.92846514-6.07863960e-02j,  0.21808233-9.61043577e-02j],
          [-0.00281099+5.39648067e-04j,  0.03404928-5.14233100e-03j,
           -0.22745066+7.11487523e-02j,  0.77344283-5.86341408e-01j]],
         input_dims=(2, 2), output_dims=(2, 2))"
"Operator([[ 0.77344283-0.58634141j,  0.08375764+0.22311568j,
           -0.03326202+0.00891263j, -0.00100171-0.00268132j],
          [ 0.08375764+0.22311568j,  0.92846514-0.0607864j ,
            0.01889794+0.27553332j, -0.03326202+0.00891263j],
          [-0.03326202+0.00891263j,  0.01889794+0.27553332j,
            0.92846514-0.0607864j ,  0.08375764+0.22311568j],
          [-0.00100171-0.00268132j, -0.03326202+0.00891263j,
            0.08375764+0.22311568j,  0.77344283-0.58634141j]],
         input_dims=(2, 2), output_dims=(2, 2))"
