unitary
"Operator([[-0.68594211-0.60098779j, -0.03711704+0.02341082j,
           -0.10888031+0.17202826j,  0.23949915-0.2599286j ],
          [-0.03711704+0.02341082j, -0.89738439-0.3482817j ,
           -0.05480822+0.16438613j, -0.10888031+0.17202826j],
          [-0.10888031+0.17202826j, -0.05480822+0.16438613j,
           -0.89738439-0.3482817j , -0.03711704+0.02341082j],
          [ 0.23949915-0.2599286j , -0.10888031+0.17202826j,
           -0.03711704+0.02341082j, -0.68594211-0.60098779j]],
         input_dims=(2, 2), output_dims=(2, 2))"
"Operator([[-0.68594211-0.60098779j, -0.03711704+0.02341082j,
           -0.10888031+0.17202826j,  0.23949915-0.2599286j ],
          [-0.03711704+0.02341082j, -0.89738439-0.3482817j ,
           -0.05480822+0.16438613j, -0.10888031+0.17202826j],
          [-0.10888031+0.17202826j, -0.05480822+0.16438613j,
           -0.89738439-0.3482817j , -0.03711704+0.02341082j],
          [ 0.23949915-0.2599286j , -0.10888031+0.17202826j,
           -0.03711704+0.02341082j, -0.68594211-0.60098779j]],
         input_dims=(2, 2), output_dims=(2, 2))"
"Operator([[-6.85942109e-01-0.60098779j, -3.99472019e-02-0.01816485j,
           -1.14678307e-01-0.1682187j , -1.91137100e-01+0.29730343j],
          [-8.16402880e-04+0.04387567j, -8.97384385e-01-0.3482817j ,
           -1.67480795e-01+0.04446261j, -1.14678307e-01-0.1682187j ],
          [ 2.01113765e-01+0.03165276j,  1.07287929e-01+0.13607366j,
           -8.97384385e-01-0.3482817j , -3.99472019e-02-0.01816485j],
          [-2.80699067e-01+0.21478071j,  2.01113765e-01+0.03165276j,
           -8.16402880e-04+0.04387567j, -6.85942109e-01-0.60098779j]],
         input_dims=(2, 2), output_dims=(2, 2))"
