unitary
"Operator([[-0.54049164+0.48893212j,  0.42653107-0.17102209j,
           -0.37130806+0.23980614j, -0.17467376-0.17818328j],
          [ 0.18428716-0.42096977j,  0.10994311+0.24837607j,
           -0.34084795+0.63520906j, -0.37130806+0.23980614j],
          [ 0.23340596+0.37536425j,  0.20222139+0.69193525j,
            0.10994311+0.24837607j,  0.42653107-0.17102209j],
          [-0.00889597+0.24936131j,  0.23340596+0.37536425j,
            0.18428716-0.42096977j, -0.54049164+0.48893212j]],
         input_dims=(2, 2), output_dims=(2, 2))"
"Operator([[-0.54049164+0.48893212j, -0.16232656+0.42991556j,
            0.27083774+0.34931873j, -0.02966259-0.24775055j],
          [-0.43478519+0.14879228j,  0.10994311+0.24837607j,
           -0.23764486-0.68058269j,  0.27083774+0.34931873j],
          [-0.39403935+0.20027393j,  0.3731607 -0.61678113j,
            0.10994311+0.24837607j, -0.16232656+0.42991556j],
          [ 0.14510821+0.20298722j, -0.39403935+0.20027393j,
           -0.43478519+0.14879228j, -0.54049164+0.48893212j]],
         input_dims=(2, 2), output_dims=(2, 2))"
"Operator([[-0.54049164+0.48893212j,  0.32998968-0.31981888j,
           -0.09668634+0.43131011j, -0.23264362+0.09020614j],
          [ 0.32998968-0.31981888j,  0.10994311+0.24837607j,
           -0.07489189+0.71697914j, -0.09668634+0.43131011j],
          [-0.09668634+0.43131011j, -0.07489189+0.71697914j,
            0.10994311+0.24837607j,  0.32998968-0.31981888j],
          [-0.23264362+0.09020614j, -0.09668634+0.43131011j,
            0.32998968-0.31981888j, -0.54049164+0.48893212j]],
         input_dims=(2, 2), output_dims=(2, 2))"
"Operator([[-0.54049164+0.48893212j,  0.32998968-0.31981888j,
           -0.09668634+0.43131011j, -0.23264362+0.09020614j],
          [ 0.32998968-0.31981888j,  0.10994311+0.24837607j,
           -0.07489189+0.71697914j, -0.09668634+0.43131011j],
          [-0.09668634+0.43131011j, -0.07489189+0.71697914j,
            0.10994311+0.24837607j,  0.32998968-0.31981888j],
          [-0.23264362+0.09020614j, -0.09668634+0.43131011j,
            0.32998968-0.31981888j, -0.54049164+0.48893212j]],
         input_dims=(2, 2), output_dims=(2, 2))"
