unitary
"Operator([[ 9.54987403e-01-2.76408553e-01j,
            1.67428684e-02+1.06168114e-01j,
           -6.68797857e-03+7.69645017e-04j,
           -3.78664076e-05-2.40318640e-04j],
          [ 1.67428684e-02+1.06168114e-01j,
            9.85930789e-01-3.03350869e-02j,
            3.84990788e-03+1.24129479e-01j,
           -6.68797857e-03+7.69645017e-04j],
          [-6.68797857e-03+7.69645017e-04j,
            3.84990788e-03+1.24129479e-01j,
            9.85930789e-01-3.03350869e-02j,
            1.67428684e-02+1.06168114e-01j],
          [-3.78664076e-05-2.40318640e-04j,
           -6.68797857e-03+7.69645017e-04j,
            1.67428684e-02+1.06168114e-01j,
            9.54987403e-01-2.76408553e-01j]],
         input_dims=(2, 2), output_dims=(2, 2))"
"Operator([[ 9.54987403e-01-2.76408553e-01j,
           -8.43258154e-02-6.66419457e-02j,
            2.35299803e-04+6.72800452e-03j,
            1.65571372e-04-1.78249921e-04j],
          [ 5.97242586e-02-8.93588552e-02j,
            9.85930789e-01-3.03350869e-02j,
           -8.70386062e-02-8.85845942e-02j,
            2.35299803e-04+6.72800452e-03j],
          [-1.29911426e-03-6.60558196e-03j,
            8.13816468e-02-9.38081919e-02j,
            9.85930789e-01-3.03350869e-02j,
           -8.43258154e-02-6.66419457e-02j],
          [-2.12361038e-04-1.18700056e-04j,
           -1.29911426e-03-6.60558196e-03j,
            5.97242586e-02-8.93588552e-02j,
            9.54987403e-01-2.76408553e-01j]],
         input_dims=(2, 2), output_dims=(2, 2))"
"Operator([[ 9.54987403e-01-2.76408553e-01j,
           -9.88028692e-02-4.23082156e-02j,
            3.59523535e-03+5.69172150e-03j,
           -1.07214170e-05-2.43047248e-04j],
          [ 8.09873931e-02-7.06614056e-02j,
            9.85930789e-01-3.03350869e-02j,
           -1.07151730e-01-6.27810166e-02j,
            3.59523535e-03+5.69172150e-03j],
          [ 2.20838342e-03-6.35959539e-03j,
            1.03055183e-01-6.93006383e-02j,
            9.85930789e-01-3.03350869e-02j,
           -9.88028692e-02-4.23082156e-02j],
          [-6.45352151e-05-2.34567943e-04j,
            2.20838342e-03-6.35959539e-03j,
            8.09873931e-02-7.06614056e-02j,
            9.54987403e-01-2.76408553e-01j]],
         input_dims=(2, 2), output_dims=(2, 2))"
"Operator([[ 9.54987403e-01-2.76408553e-01j,
           -1.06832003e-01-1.17862271e-02j,
            6.15246536e-03+2.73287045e-03j,
           -1.94758507e-04-1.45794504e-04j],
          [ 9.80199737e-02-4.40916866e-02j,
            9.85930789e-01-3.03350869e-02j,
           -1.20767399e-01-2.89514188e-02j,
            6.15246536e-03+2.73287045e-03j],
          [ 5.37086887e-03-4.05896273e-03j,
            1.18741133e-01-3.63798379e-02j,
            9.85930789e-01-3.03350869e-02j,
           -1.06832003e-01-1.17862271e-02j],
          [ 1.40490164e-04-1.98618800e-04j,
            5.37086887e-03-4.05896273e-03j,
            9.80199737e-02-4.40916866e-02j,
            9.54987403e-01-2.76408553e-01j]],
         input_dims=(2, 2), output_dims=(2, 2))"
"Operator([[ 9.54987403e-01-2.76408553e-01j,
            1.67428684e-02+1.06168114e-01j,
           -6.68797857e-03+7.69645017e-04j,
           -3.78664076e-05-2.40318640e-04j],
          [ 1.67428684e-02+1.06168114e-01j,
            9.85930789e-01-3.03350869e-02j,
            3.84990788e-03+1.24129479e-01j,
           -6.68797857e-03+7.69645017e-04j],
          [-6.68797857e-03+7.69645017e-04j,
            3.84990788e-03+1.24129479e-01j,
            9.85930789e-01-3.03350869e-02j,
            1.67428684e-02+1.06168114e-01j],
          [-3.78664076e-05-2.40318640e-04j,
           -6.68797857e-03+7.69645017e-04j,
            1.67428684e-02+1.06168114e-01j,
            9.54987403e-01-2.76408553e-01j]],
         input_dims=(2, 2), output_dims=(2, 2))"
"Operator([[ 9.54987403e-01-2.76408553e-01j,
           -9.63936063e-02+4.75422417e-02j,
            5.06945206e-03-4.42968019e-03j,
           -1.18585491e-04+2.12425034e-04j],
          [ 1.06346473e-01+1.55698316e-02j,
            9.85930789e-01-3.03350869e-02j,
           -1.17375377e-01+4.05705586e-02j,
            5.06945206e-03-4.42968019e-03j],
          [ 5.94313593e-03+3.16236401e-03j,
            1.19663970e-01+3.32187220e-02j,
            9.85930789e-01-3.03350869e-02j,
           -9.63936063e-02+4.75422417e-02j],
          [ 1.78160586e-04+1.65667496e-04j,
            5.94313593e-03+3.16236401e-03j,
            1.06346473e-01+1.55698316e-02j,
            9.54987403e-01-2.76408553e-01j]],
         input_dims=(2, 2), output_dims=(2, 2))"
"Operator([[ 9.54987403e-01-2.76408553e-01j,
           -8.23531434e-02+6.90648380e-02j,
            2.45527133e-03-6.26841715e-03j,
            5.06759254e-05+2.37947188e-04j],
          [ 9.96109937e-02+4.03688247e-02j,
            9.85930789e-01-3.03350869e-02j,
           -1.04390118e-01+6.72729699e-02j,
            2.45527133e-03-6.26841715e-03j],
          [ 3.81495849e-03+5.54684619e-03j,
            1.08358443e-01+6.06745183e-02j,
            9.85930789e-01-3.03350869e-02j,
           -8.23531434e-02+6.90648380e-02j],
          [ 2.49483149e-05+2.42001023e-04j,
            3.81495849e-03+5.54684619e-03j,
            9.96109937e-02+4.03688247e-02j,
            9.54987403e-01-2.76408553e-01j]],
         input_dims=(2, 2), output_dims=(2, 2))"
"Operator([[ 9.54987403e-01-2.76408553e-01j,
            1.67428684e-02+1.06168114e-01j,
           -6.68797857e-03+7.69645017e-04j,
           -3.78664076e-05-2.40318640e-04j],
          [ 1.67428684e-02+1.06168114e-01j,
            9.85930789e-01-3.03350869e-02j,
            3.84990788e-03+1.24129479e-01j,
           -6.68797857e-03+7.69645017e-04j],
          [-6.68797857e-03+7.69645017e-04j,
            3.84990788e-03+1.24129479e-01j,
            9.85930789e-01-3.03350869e-02j,
            1.67428684e-02+1.06168114e-01j],
          [-3.78664076e-05-2.40318640e-04j,
           -6.68797857e-03+7.69645017e-04j,
            1.67428684e-02+1.06168114e-01j,
            9.54987403e-01-2.76408553e-01j]],
         input_dims=(2, 2), output_dims=(2, 2))"
