unitary
"Operator([[ 0.77344283-5.86341408e-01j, -0.07928335+2.24744520e-01j,
           -0.01454495-3.12128404e-02j,  0.00282276+4.74258885e-04j],
          [ 0.2075934 +1.17050974e-01j,  0.92846514-6.07863960e-02j,
           -0.16266197+2.23196837e-01j, -0.01454495-3.12128404e-02j],
          [ 0.00301032+3.43035686e-02j,  0.19161211+1.98898325e-01j,
            0.92846514-6.07863960e-02j, -0.07928335+2.24744520e-01j],
          [-0.00182036+2.20888157e-03j,  0.00301032+3.43035686e-02j,
            0.2075934 +1.17050974e-01j,  0.77344283-5.86341408e-01j]],
         input_dims=(2, 2), output_dims=(2, 2))"
"Operator([[ 7.73442832e-01-0.58634141j, -1.85376925e-01+0.14977097j,
            2.13332684e-02-0.02703125j, -7.13583555e-04+0.00277195j],
          [ 2.38140683e-01-0.00921756j,  9.28465144e-01-0.0607864j ,
           -2.55555873e-01+0.10472316j,  2.13332684e-02-0.02703125j],
          [ 3.19908513e-02+0.01274293j,  2.67460773e-01+0.06885114j,
            9.28465144e-01-0.0607864j , -1.85376925e-01+0.14977097j],
          [ 2.35626741e-03+0.00162508j,  3.19908513e-02+0.01274293j,
            2.38140683e-01-0.00921756j,  7.73442832e-01-0.58634141j]],
         input_dims=(2, 2), output_dims=(2, 2))"
"Operator([[ 0.77344283-0.58634141j, -0.19520898+0.13670918j,
            0.0248305 -0.02385881j, -0.00126508+0.00256758j],
          [ 0.23694839-0.02552272j,  0.92846514-0.0607864j ,
           -0.26213434+0.08695592j,  0.0248305 -0.02385881j],
          [ 0.0334333 +0.0082469j ,  0.27155185+0.05035212j,
            0.92846514-0.0607864j , -0.19520898+0.13670918j],
          [ 0.00263868+0.00110918j,  0.0334333 +0.0082469j ,
            0.23694839-0.02552272j,  0.77344283-0.58634141j]],
         input_dims=(2, 2), output_dims=(2, 2))"
"Operator([[ 0.77344283-0.58634141j,  0.08375764+0.22311568j,
           -0.03326202+0.00891263j, -0.00100171-0.00268132j],
          [ 0.08375764+0.22311568j,  0.92846514-0.0607864j ,
            0.01889794+0.27553332j, -0.03326202+0.00891263j],
          [-0.03326202+0.00891263j,  0.01889794+0.27553332j,
            0.92846514-0.0607864j ,  0.08375764+0.22311568j],
          [-0.00100171-0.00268132j, -0.03326202+0.00891263j,
            0.08375764+0.22311568j,  0.77344283-0.58634141j]],
         input_dims=(2, 2), output_dims=(2, 2))"
"Operator([[ 0.77344283-0.58634141j, -0.15068356+0.18463589j,
            0.00867354-0.03332516j,  0.00103051+0.00267038j],
          [ 0.23496115+0.03986484j,  0.92846514-0.0607864j ,
           -0.22861542+0.15495398j,  0.00867354-0.03332516j],
          [ 0.02417423+0.02452353j,  0.24763067+0.1222898j ,
            0.92846514-0.0607864j , -0.15068356+0.18463589j],
          [ 0.00097279+0.00269194j,  0.02417423+0.02452353j,
            0.23496115+0.03986484j,  0.77344283-0.58634141j]],
         input_dims=(2, 2), output_dims=(2, 2))"
"Operator([[ 0.77344283-0.58634141j,  0.08375764+0.22311568j,
           -0.03326202+0.00891263j, -0.00100171-0.00268132j],
          [ 0.08375764+0.22311568j,  0.92846514-0.0607864j ,
            0.01889794+0.27553332j, -0.03326202+0.00891263j],
          [-0.03326202+0.00891263j,  0.01889794+0.27553332j,
            0.92846514-0.0607864j ,  0.08375764+0.22311568j],
          [-0.00100171-0.00268132j, -0.03326202+0.00891263j,
            0.08375764+0.22311568j,  0.77344283-0.58634141j]],
         input_dims=(2, 2), output_dims=(2, 2))"
"Operator([[ 7.73442832e-01-0.58634141j,  1.54302530e-01-0.18162235j,
            9.98351363e-03-0.03295643j, -8.70486255e-04-0.00272675j],
          [-2.35703002e-01-0.03521425j,  9.28465144e-01-0.0607864j ,
            2.31632658e-01-0.1504063j ,  9.98351363e-03-0.03295643j],
          [ 2.51243274e-02+0.0235492j , -2.49998758e-01-0.11737276j,
            9.28465144e-01-0.0607864j ,  1.54302530e-01-0.18162235j],
          [-1.13058019e-03-0.00262958j,  2.51243274e-02+0.0235492j ,
           -2.35703002e-01-0.03521425j,  7.73442832e-01-0.58634141j]],
         input_dims=(2, 2), output_dims=(2, 2))"
