unitary
"Operator([[ 0.77344283-0.58634141j,  0.08375764+0.22311568j,
           -0.03326202+0.00891263j, -0.00100171-0.00268132j],
          [ 0.08375764+0.22311568j,  0.92846514-0.0607864j ,
            0.01889794+0.27553332j, -0.03326202+0.00891263j],
          [-0.03326202+0.00891263j,  0.01889794+0.27553332j,
            0.92846514-0.0607864j ,  0.08375764+0.22311568j],
          [-0.00100171-0.00268132j, -0.03326202+0.00891263j,
            0.08375764+0.22311568j,  0.77344283-0.58634141j]],
         input_dims=(2, 2), output_dims=(2, 2))"
"Operator([[ 0.77344283-0.58634141j,  0.08375764+0.22311568j,
           -0.03326202+0.00891263j, -0.00100171-0.00268132j],
          [ 0.08375764+0.22311568j,  0.92846514-0.0607864j ,
            0.01889794+0.27553332j, -0.03326202+0.00891263j],
          [-0.03326202+0.00891263j,  0.01889794+0.27553332j,
            0.92846514-0.0607864j ,  0.08375764+0.22311568j],
          [-0.00100171-0.00268132j, -0.03326202+0.00891263j,
            0.08375764+0.22311568j,  0.77344283-0.58634141j]],
         input_dims=(2, 2), output_dims=(2, 2))"
"Operator([[ 0.77344283-0.58634141j,  0.03493085-0.23574517j,
           -0.02518088-0.02348872j, -0.00262548+0.00114006j],
          [-0.1814367 -0.15452078j,  0.92846514-0.0607864j ,
            0.11707211-0.25013969j, -0.02518088-0.02348872j],
          [-0.01006273+0.03293233j, -0.15012771-0.23181332j,
            0.92846514-0.0607864j ,  0.03493085-0.23574517j],
          [ 0.00272987-0.00086065j, -0.01006273+0.03293233j,
           -0.1814367 -0.15452078j,  0.77344283-0.58634141j]],
         input_dims=(2, 2), output_dims=(2, 2))"
"Operator([[ 0.77344283-0.58634141j,  0.04499657-0.2340326j ,
           -0.02307812-0.02555772j, -0.00274996+0.0007941j ],
          [-0.18788885-0.1466074j ,  0.92846514-0.0607864j ,
            0.12767902-0.24489551j, -0.02307812-0.02555772j],
          [-0.00720718+0.03367274j, -0.1599193 -0.22517008j,
            0.92846514-0.0607864j ,  0.04499657-0.2340326j ],
          [ 0.00259702-0.00120348j, -0.00720718+0.03367274j,
           -0.18788885-0.1466074j ,  0.77344283-0.58634141j]],
         input_dims=(2, 2), output_dims=(2, 2))"
"Operator([[ 7.73442832e-01-0.58634141j,  1.54746908e-01-0.18124388j,
            1.01448311e-02-0.03290713j, -8.50427389e-04-0.00273307j],
          [-2.35788544e-01-0.03463685j,  9.28465144e-01-0.0607864j ,
            2.32000348e-01-0.14983852j,  1.01448311e-02-0.03290713j],
          [ 2.52393819e-02+0.02342585j, -2.50285484e-01-0.1167601j ,
            9.28465144e-01-0.0607864j ,  1.54746908e-01-0.18124388j],
          [-1.14987107e-03-0.0026212j ,  2.52393819e-02+0.02342585j,
           -2.35788544e-01-0.03463685j,  7.73442832e-01-0.58634141j]],
         input_dims=(2, 2), output_dims=(2, 2))"
"Operator([[ 0.77344283-5.86341408e-01j, -0.20934276+1.13892746e-01j,
            0.02953403-1.77070014e-02j, -0.00204499+2.00272725e-03j],
          [ 0.23257596-5.20035680e-02j,  0.92846514-6.07863960e-02j,
           -0.2702494 +5.69298488e-02j,  0.02953403-1.77070014e-02j],
          [ 0.03443072+5.67499410e-04j,  0.27549142+1.94992523e-02j,
            0.92846514-6.07863960e-02j, -0.20934276+1.13892746e-01j],
          [ 0.00285719+1.71325007e-04j,  0.03443072+5.67499410e-04j,
            0.23257596-5.20035680e-02j,  0.77344283-5.86341408e-01j]],
         input_dims=(2, 2), output_dims=(2, 2))"
"Operator([[ 7.73442832e-01-0.58634141j,  2.37391371e-01+0.02100679j,
            2.77645604e-02+0.02036973j,  1.58339942e-03+0.00238448j],
          [-1.64923205e-01+0.17203571j,  9.28465144e-01-0.0607864j ,
            2.56591510e-01+0.10215939j,  2.77645604e-02+0.02036973j],
          [ 1.38597662e-02-0.03152307j, -2.40240775e-01+0.13623551j,
            9.28465144e-01-0.0607864j ,  2.37391371e-01+0.02100679j],
          [ 3.67881527e-04+0.00283858j,  1.38597662e-02-0.03152307j,
           -1.64923205e-01+0.17203571j,  7.73442832e-01-0.58634141j]],
         input_dims=(2, 2), output_dims=(2, 2))"
"Operator([[ 0.77344283-0.58634141j,  0.08375764+0.22311568j,
           -0.03326202+0.00891263j, -0.00100171-0.00268132j],
          [ 0.08375764+0.22311568j,  0.92846514-0.0607864j ,
            0.01889794+0.27553332j, -0.03326202+0.00891263j],
          [-0.03326202+0.00891263j,  0.01889794+0.27553332j,
            0.92846514-0.0607864j ,  0.08375764+0.22311568j],
          [-0.00100171-0.00268132j, -0.03326202+0.00891263j,
            0.08375764+0.22311568j,  0.77344283-0.58634141j]],
         input_dims=(2, 2), output_dims=(2, 2))"
"Operator([[ 0.77344283-0.58634141j,  0.08375764+0.22311568j,
           -0.03326202+0.00891263j, -0.00100171-0.00268132j],
          [ 0.08375764+0.22311568j,  0.92846514-0.0607864j ,
            0.01889794+0.27553332j, -0.03326202+0.00891263j],
          [-0.03326202+0.00891263j,  0.01889794+0.27553332j,
            0.92846514-0.0607864j ,  0.08375764+0.22311568j],
          [-0.00100171-0.00268132j, -0.03326202+0.00891263j,
            0.08375764+0.22311568j,  0.77344283-0.58634141j]],
         input_dims=(2, 2), output_dims=(2, 2))"
"Operator([[ 0.77344283-0.58634141j, -0.10400014+0.21442929j,
           -0.00721846-0.03367032j,  0.00250671+0.00138176j],
          [ 0.21941617+0.09301879j,  0.92846514-0.0607864j ,
           -0.18667858+0.20353588j, -0.00721846-0.03367032j],
          [ 0.01058398+0.03276853j,  0.21271948+0.17614246j,
            0.92846514-0.0607864j , -0.10400014+0.21442929j],
          [-0.00098671+0.00268687j,  0.01058398+0.03276853j,
            0.21941617+0.09301879j,  0.77344283-0.58634141j]],
         input_dims=(2, 2), output_dims=(2, 2))"
"Operator([[ 0.77344283-0.58634141j, -0.0933304 +0.2192838j ,
           -0.01049083-0.03279847j,  0.00268264+0.00099816j],
          [ 0.21457682+0.10369541j,  0.92846514-0.0607864j ,
           -0.17644448+0.21246904j, -0.01049083-0.03279847j],
          [ 0.0073141 +0.03364968j,  0.20380087+0.18638924j,
            0.92846514-0.0607864j , -0.0933304 +0.2192838j ],
          [-0.00137107+0.00251258j,  0.0073141 +0.03364968j,
            0.21457682+0.10369541j,  0.77344283-0.58634141j]],
         input_dims=(2, 2), output_dims=(2, 2))"
"Operator([[ 0.77344283-5.86341408e-01j,  0.21829027-9.56310993e-02j,
            0.03211287-1.24322423e-02j,  0.00248556-1.41947227e-03j],
          [-0.2272958 +7.16419377e-02j,  0.92846514-6.07863960e-02j,
            0.27411894-3.36831364e-02j,  0.03211287-1.24322423e-02j],
          [ 0.03402665-5.28999171e-03j, -0.27615082+4.05808529e-03j,
            0.92846514-6.07863960e-02j,  0.21829027-9.56310993e-02j],
          [-0.00280742+5.57928095e-04j,  0.03402665-5.28999171e-03j,
           -0.2272958 +7.16419377e-02j,  0.77344283-5.86341408e-01j]],
         input_dims=(2, 2), output_dims=(2, 2))"
"Operator([[ 0.77344283-5.86341408e-01j,  0.01537976-2.37822227e-01j,
           -0.02869782-1.90323976e-02j, -0.00226607+1.74866335e-03j],
          [-0.16808229-1.68950563e-01j,  0.92846514-6.07863960e-02j,
            0.09605497-2.58938578e-01j, -0.02869782-1.90323976e-02j],
          [-0.01533666+3.08315368e-02j, -0.1305087 -2.43399309e-01j,
            0.92846514-6.07863960e-02j,  0.01537976-2.37822227e-01j],
          [ 0.00285754-1.65461642e-04j, -0.01533666+3.08315368e-02j,
           -0.16808229-1.68950563e-01j,  0.77344283-5.86341408e-01j]],
         input_dims=(2, 2), output_dims=(2, 2))"
"Operator([[ 0.77344283-0.58634141j,  0.08375764+0.22311568j,
           -0.03326202+0.00891263j, -0.00100171-0.00268132j],
          [ 0.08375764+0.22311568j,  0.92846514-0.0607864j ,
            0.01889794+0.27553332j, -0.03326202+0.00891263j],
          [-0.03326202+0.00891263j,  0.01889794+0.27553332j,
            0.92846514-0.0607864j ,  0.08375764+0.22311568j],
          [-0.00100171-0.00268132j, -0.03326202+0.00891263j,
            0.08375764+0.22311568j,  0.77344283-0.58634141j]],
         input_dims=(2, 2), output_dims=(2, 2))"
