unitary
"Operator([[ 9.41366246e-01-0.31421358j,  2.17999268e-02+0.12061082j,
           -8.70437146e-03+0.00114631j, -6.44524569e-05-0.00035699j],
          [ 2.17999268e-02+0.12061082j,  9.81660078e-01-0.03435118j,
            5.00604995e-03+0.14155967j, -8.70437146e-03+0.00114631j],
          [-8.70437146e-03+0.00114631j,  5.00604995e-03+0.14155967j,
            9.81660078e-01-0.03435118j,  2.17999268e-02+0.12061082j],
          [-6.44524569e-05-0.00035699j, -8.70437146e-03+0.00114631j,
            2.17999268e-02+0.12061082j,  9.41366246e-01-0.31421358j]],
         input_dims=(2, 2), output_dims=(2, 2))"
"Operator([[ 9.41366246e-01-0.31421358j,  2.17999268e-02+0.12061082j,
           -8.70437146e-03+0.00114631j, -6.44524569e-05-0.00035699j],
          [ 2.17999268e-02+0.12061082j,  9.81660078e-01-0.03435118j,
            5.00604995e-03+0.14155967j, -8.70437146e-03+0.00114631j],
          [-8.70437146e-03+0.00114631j,  5.00604995e-03+0.14155967j,
            9.81660078e-01-0.03435118j,  2.17999268e-02+0.12061082j],
          [-6.44524569e-05-0.00035699j, -8.70437146e-03+0.00114631j,
            2.17999268e-02+0.12061082j,  9.41366246e-01-0.31421358j]],
         input_dims=(2, 2), output_dims=(2, 2))"
"Operator([[ 9.41366246e-01-0.31421358j,  2.17999268e-02+0.12061082j,
           -8.70437146e-03+0.00114631j, -6.44524569e-05-0.00035699j],
          [ 2.17999268e-02+0.12061082j,  9.81660078e-01-0.03435118j,
            5.00604995e-03+0.14155967j, -8.70437146e-03+0.00114631j],
          [-8.70437146e-03+0.00114631j,  5.00604995e-03+0.14155967j,
            9.81660078e-01-0.03435118j,  2.17999268e-02+0.12061082j],
          [-6.44524569e-05-0.00035699j, -8.70437146e-03+0.00114631j,
            2.17999268e-02+0.12061082j,  9.41366246e-01-0.31421358j]],
         input_dims=(2, 2), output_dims=(2, 2))"
"Operator([[ 9.41366246e-01-3.14213578e-01j,
            6.63277514e-02+1.03067143e-01j,
           -5.34010288e-03+6.96874472e-03j,
           -3.54550882e-04-7.67429212e-05j],
          [-2.60518370e-02+1.19764387e-01j,
            9.81660078e-01-3.43511799e-02j,
            5.88368852e-02+1.28850386e-01j,
           -5.34010288e-03+6.96874472e-03j],
          [-6.96221544e-03-5.34861271e-03j,
           -4.95880817e-02+1.32684676e-01j,
            9.81660078e-01-3.43511799e-02j,
            6.63277514e-02+1.03067143e-01j],
          [ 3.05330251e-04-1.95880683e-04j,
           -6.96221544e-03-5.34861271e-03j,
           -2.60518370e-02+1.19764387e-01j,
            9.41366246e-01-3.14213578e-01j]],
         input_dims=(2, 2), output_dims=(2, 2))"
"Operator([[ 9.41366246e-01-3.14213578e-01j,
            9.83289124e-02+7.31685155e-02j,
            5.67205665e-04+8.76118596e-03j,
           -2.35416288e-04+2.75998144e-04j],
          [-6.64944400e-02+1.02959682e-01j,
            9.81660078e-01-3.43511799e-02j,
            1.00380903e-01+9.99393577e-02j,
            5.67205665e-04+8.76118596e-03j],
          [-1.72037256e-03-8.60932169e-03j,
           -9.30705595e-02+1.06780485e-01j,
            9.81660078e-01-3.43511799e-02j,
            9.83289124e-02+7.31685155e-02j],
          [ 3.17067177e-04+1.76250416e-04j,
           -1.72037256e-03-8.60932169e-03j,
           -6.64944400e-02+1.02959682e-01j,
            9.41366246e-01-3.14213578e-01j]],
         input_dims=(2, 2), output_dims=(2, 2))"
"Operator([[ 9.41366246e-01-0.31421358j,  2.17999268e-02+0.12061082j,
           -8.70437146e-03+0.00114631j, -6.44524569e-05-0.00035699j],
          [ 2.17999268e-02+0.12061082j,  9.81660078e-01-0.03435118j,
            5.00604995e-03+0.14155967j, -8.70437146e-03+0.00114631j],
          [-8.70437146e-03+0.00114631j,  5.00604995e-03+0.14155967j,
            9.81660078e-01-0.03435118j,  2.17999268e-02+0.12061082j],
          [-6.44524569e-05-0.00035699j, -8.70437146e-03+0.00114631j,
            2.17999268e-02+0.12061082j,  9.41366246e-01-0.31421358j]],
         input_dims=(2, 2), output_dims=(2, 2))"
"Operator([[ 9.41366246e-01-3.14213578e-01j,
            1.22127649e-01-1.03462116e-02j,
            8.76493589e-03+5.05964960e-04j,
            3.60790658e-04+3.77611589e-05j],
          [-1.18022235e-01+3.30599264e-02j,
            9.81660078e-01-3.43511799e-02j,
            1.41402092e-01+8.34561810e-03j,
            8.76493589e-03+5.05964960e-04j],
          [ 8.33510377e-03-2.75792438e-03j,
           -1.40459341e-01+1.83132339e-02j,
            9.81660078e-01-3.43511799e-02j,
            1.22127649e-01-1.03462116e-02j],
          [-3.24807613e-04+1.61542003e-04j,
            8.33510377e-03-2.75792438e-03j,
           -1.18022235e-01+3.30599264e-02j,
            9.41366246e-01-3.14213578e-01j]],
         input_dims=(2, 2), output_dims=(2, 2))"
