unitary
"Operator([[ 9.05698036e-01-0.39428106j,  3.50208811e-02+0.15108236j,
           -1.39677146e-02+0.00234937j, -1.68104948e-04-0.00072655j],
          [ 3.50208811e-02+0.15108236j,  9.70446769e-01-0.04265846j,
            8.01347011e-03+0.17915398j, -1.39677146e-02+0.00234937j],
          [-1.39677146e-02+0.00234937j,  8.01347011e-03+0.17915398j,
            9.70446769e-01-0.04265846j,  3.50208811e-02+0.15108236j],
          [-1.68104948e-04-0.00072655j, -1.39677146e-02+0.00234937j,
            3.50208811e-02+0.15108236j,  9.05698036e-01-0.39428106j]],
         input_dims=(2, 2), output_dims=(2, 2))"
"Operator([[ 9.05698036e-01-3.94281058e-01j,
            1.46913887e-01-4.96855334e-02j,
            1.32393020e-02-5.03363617e-03j,
            6.46279891e-04-3.72097833e-04j],
          [-1.53790864e-01+2.00178069e-02j,
            9.70446769e-01-4.26584628e-02j,
            1.77501567e-01-2.55647970e-02j,
            1.32393020e-02-5.03363617e-03j],
          [ 1.41575273e-02+4.25480461e-04j,
           -1.79075156e-01-9.61529446e-03j,
            9.70446769e-01-4.26584628e-02j,
            1.46913887e-01-4.96855334e-02j],
          [-7.44038245e-04-5.04141411e-05j,
            1.41575273e-02+4.25480461e-04j,
           -1.53790864e-01+2.00178069e-02j,
            9.05698036e-01-3.94281058e-01j]],
         input_dims=(2, 2), output_dims=(2, 2))"
"Operator([[ 9.05698036e-01-3.94281058e-01j,
            1.42387005e-01-6.14677412e-02j,
            1.22482687e-02-7.11312353e-03j,
            5.37127206e-04-5.17328580e-04j],
          [-1.54909349e-01+7.44553297e-03j,
            9.70446769e-01-4.26584628e-02j,
            1.74834837e-01-3.99142196e-02j,
            1.22482687e-02-7.11312353e-03j],
          [ 1.39013209e-02+2.71475396e-03j,
           -1.77700197e-01-2.41454998e-02j,
            9.70446769e-01-4.26584628e-02j,
            1.42387005e-01-6.14677412e-02j],
          [-7.09768804e-04-2.28829061e-04j,
            1.39013209e-02+2.71475396e-03j,
           -1.54909349e-01+7.44553297e-03j,
            9.05698036e-01-3.94281058e-01j]],
         input_dims=(2, 2), output_dims=(2, 2))"
"Operator([[ 9.05698036e-01-0.39428106j,  1.25903628e-01-0.09055727j,
            8.14468078e-03-0.01158796j,  1.15976066e-04-0.00073667j],
          [-1.52905229e-01-0.0259294j ,  9.70446769e-01-0.04265846j,
            1.62216998e-01-0.07645921j,  8.14468078e-03-0.01158796j],
          [ 1.14874580e-02+0.00828583j, -1.68395498e-01-0.06167107j,
            9.70446769e-01-0.04265846j,  1.25903628e-01-0.09055727j],
          [-4.27760884e-04-0.00061086j,  1.14874580e-02+0.00828583j,
           -1.52905229e-01-0.0259294j ,  9.05698036e-01-0.39428106j]],
         input_dims=(2, 2), output_dims=(2, 2))"
"Operator([[ 9.05698036e-01-0.39428106j,  3.50208811e-02+0.15108236j,
           -1.39677146e-02+0.00234937j, -1.68104948e-04-0.00072655j],
          [ 3.50208811e-02+0.15108236j,  9.70446769e-01-0.04265846j,
            8.01347011e-03+0.17915398j, -1.39677146e-02+0.00234937j],
          [-1.39677146e-02+0.00234937j,  8.01347011e-03+0.17915398j,
            9.70446769e-01-0.04265846j,  3.50208811e-02+0.15108236j],
          [-1.68104948e-04-0.00072655j, -1.39677146e-02+0.00234937j,
            3.50208811e-02+0.15108236j,  9.05698036e-01-0.39428106j]],
         input_dims=(2, 2), output_dims=(2, 2))"
"Operator([[ 9.05698036e-01-0.39428106j,  3.50208811e-02+0.15108236j,
           -1.39677146e-02+0.00234937j, -1.68104948e-04-0.00072655j],
          [ 3.50208811e-02+0.15108236j,  9.70446769e-01-0.04265846j,
            8.01347011e-03+0.17915398j, -1.39677146e-02+0.00234937j],
          [-1.39677146e-02+0.00234937j,  8.01347011e-03+0.17915398j,
            9.70446769e-01-0.04265846j,  3.50208811e-02+0.15108236j],
          [-1.68104948e-04-0.00072655j, -1.39677146e-02+0.00234937j,
            3.50208811e-02+0.15108236j,  9.05698036e-01-0.39428106j]],
         input_dims=(2, 2), output_dims=(2, 2))"
"Operator([[ 9.05698036e-01-0.39428106j, -1.24612462e-02-0.15458674j,
           -1.40479716e-02-0.00180862j, -1.58847690e-04+0.00072863j],
          [-5.68216085e-02-0.14430401j,  9.70446769e-01-0.04265846j,
            1.83746911e-02-0.17838928j, -1.40479716e-02-0.00180862j],
          [-1.26832872e-02+0.00630483j, -3.42279782e-02-0.17603639j,
            9.70446769e-01-0.04265846j, -1.24612462e-02-0.15458674j],
          [ 4.62743793e-04+0.00058481j, -1.26832872e-02+0.00630483j,
           -5.68216085e-02-0.14430401j,  9.05698036e-01-0.39428106j]],
         input_dims=(2, 2), output_dims=(2, 2))"
"Operator([[ 9.05698036e-01-3.94281058e-01j,
           -2.23037568e-02-1.53476008e-01j,
           -1.41639188e-02-4.05533446e-06j,
           -1.71633786e-05+7.45546721e-04j],
          [-4.74941866e-02-1.47636868e-01j,
            9.70446769e-01-4.26584628e-02j,
            6.94987407e-03-1.79198394e-01j,
           -1.41639188e-02-4.05533446e-06j],
          [-1.33832091e-02+4.63749132e-03j,
           -2.29210237e-02-1.77862284e-01j,
            9.70446769e-01-4.26584628e-02j,
           -2.23037568e-02-1.53476008e-01j],
          [ 3.42888837e-04+6.62239942e-04j,
           -1.33832091e-02+4.63749132e-03j,
           -4.74941866e-02-1.47636868e-01j,
            9.05698036e-01-3.94281058e-01j]],
         input_dims=(2, 2), output_dims=(2, 2))"
"Operator([[ 9.05698036e-01-0.39428106j, -8.26322482e-03-0.15486788j,
           -1.39292090e-02-0.00256783j, -2.17559771e-04+0.0007133j ],
          [-6.07151969e-02-0.14270952j,  9.70446769e-01-0.04265846j,
            2.32070505e-02-0.17782519j, -1.39292090e-02-0.00256783j],
          [-1.23226879e-02+0.00698341j, -3.89906774e-02-0.17504312j,
            9.70446769e-01-0.04265846j, -8.26322482e-03-0.15486788j],
          [ 5.08757229e-04+0.00054525j, -1.23226879e-02+0.00698341j,
           -6.07151969e-02-0.14270952j,  9.05698036e-01-0.39428106j]],
         input_dims=(2, 2), output_dims=(2, 2))"
"Operator([[ 9.05698036e-01-3.94281058e-01j,
            1.84545513e-02-1.53986272e-01j,
           -1.22388276e-02-7.12935550e-03j,
           -5.42076956e-04+5.12139696e-04j],
          [-8.43203462e-02-1.30163058e-01j,
            9.70446769e-01-4.26584628e-02j,
            5.33997144e-02-1.71198235e-01j,
           -1.22388276e-02-7.12935550e-03j],
          [-9.23303961e-03+1.07409306e-02j,
           -6.84711107e-02-1.65747013e-01j,
            9.70446769e-01-4.26584628e-02j,
            1.84545513e-02-1.53986272e-01j],
          [ 7.11936388e-04+2.21993410e-04j,
           -9.23303961e-03+1.07409306e-02j,
           -8.43203462e-02-1.30163058e-01j,
            9.05698036e-01-3.94281058e-01j]],
         input_dims=(2, 2), output_dims=(2, 2))"
"Operator([[ 9.05698036e-01-3.94281058e-01j,
            5.30982276e-02-1.45715204e-01j,
           -7.79763440e-03-1.18242763e-02j,
           -7.44095480e-04+4.95622006e-05j],
          [-1.11792024e-01-1.07493655e-01j,
            9.70446769e-01-4.26584628e-02j,
            9.10485614e-02-1.54500889e-01j,
           -7.79763440e-03-1.18242763e-02j],
          [-3.50030608e-03+1.37245936e-02j,
           -1.04478863e-01-1.45755043e-01j,
            9.70446769e-01-4.26584628e-02j,
            5.30982276e-02-1.45715204e-01j],
          [ 6.90244353e-04-2.82306975e-04j,
           -3.50030608e-03+1.37245936e-02j,
           -1.11792024e-01-1.07493655e-01j,
            9.05698036e-01-3.94281058e-01j]],
         input_dims=(2, 2), output_dims=(2, 2))"
