unitary
"Operator([[ 8.24651986e-01-0.52438853j,  6.49420862e-02+0.20010222j,
           -2.58339895e-02+0.00602429j, -5.92551551e-04-0.0018324j ],
          [ 6.49420862e-02+0.20010222j,  9.44798788e-01-0.055316j  ,
            1.47350671e-02+0.24313825j, -2.58339895e-02+0.00602429j],
          [-2.58339895e-02+0.00602429j,  1.47350671e-02+0.24313825j,
            9.44798788e-01-0.055316j  ,  6.49420862e-02+0.20010222j],
          [-5.92551551e-04-0.0018324j , -2.58339895e-02+0.00602429j,
            6.49420862e-02+0.20010222j,  8.24651986e-01-0.52438853j]],
         input_dims=(2, 2), output_dims=(2, 2))"
"Operator([[ 8.24651986e-01-0.52438853j,  1.01657334e-01+0.18418512j,
           -2.17412700e-02+0.01519882j, -1.48953752e-03-0.00122069j],
          [ 2.58770940e-02+0.20877919j,  9.44798788e-01-0.055316j  ,
            6.05076495e-02+0.23594947j, -2.17412700e-02+0.01519882j],
          [-2.62216118e-02-0.00401424j, -3.15706619e-02+0.24152976j,
            9.44798788e-01-0.055316j  ,  1.01657334e-01+0.18418512j],
          [ 4.92766192e-04-0.00186171j, -2.62216118e-02-0.00401424j,
            2.58770940e-02+0.20877919j,  8.24651986e-01-0.52438853j]],
         input_dims=(2, 2), output_dims=(2, 2))"
"Operator([[ 8.24651986e-01-0.52438853j,  6.49420862e-02+0.20010222j,
           -2.58339895e-02+0.00602429j, -5.92551551e-04-0.0018324j ],
          [ 6.49420862e-02+0.20010222j,  9.44798788e-01-0.055316j  ,
            1.47350671e-02+0.24313825j, -2.58339895e-02+0.00602429j],
          [-2.58339895e-02+0.00602429j,  1.47350671e-02+0.24313825j,
            9.44798788e-01-0.055316j  ,  6.49420862e-02+0.20010222j],
          [-5.92551551e-04-0.0018324j , -2.58339895e-02+0.00602429j,
            6.49420862e-02+0.20010222j,  8.24651986e-01-0.52438853j]],
         input_dims=(2, 2), output_dims=(2, 2))"
"Operator([[ 8.24651986e-01-0.52438853j,  1.96267337e-01+0.07574633j,
            1.11934682e-02+0.02404981j, -3.12272409e-04+0.00190034j],
          [-1.14380902e-01+0.17656552j,  9.44798788e-01-0.055316j  ,
            1.98019542e-01+0.14185059j,  1.11934682e-02+0.02404981j],
          [-5.99105261e-04-0.02652033j, -1.79439878e-01+0.16472601j,
            9.44798788e-01-0.055316j  ,  1.96267337e-01+0.07574633j],
          [ 1.36583398e-03+0.00135768j, -5.99105261e-04-0.02652033j,
           -1.14380902e-01+0.17656552j,  8.24651986e-01-0.52438853j]],
         input_dims=(2, 2), output_dims=(2, 2))"
"Operator([[ 0.82465199-5.24388532e-01j,  0.16360847+1.32252189e-01j,
           -0.00494118+2.60628444e-02j, -0.00171397+8.78127225e-04j],
          [-0.05476402+2.03123793e-01j,  0.94479879-5.53159953e-02j,
            0.14501711+1.95712458e-01j, -0.00494118+2.60628444e-02j],
          [-0.01595992-2.11888682e-02j, -0.1203208 +2.11792906e-01j,
            0.94479879-5.53159953e-02j,  0.16360847+1.32252189e-01j],
          [ 0.0019036 -2.91705341e-04j, -0.01595992-2.11888682e-02j,
           -0.05476402+2.03123793e-01j,  0.82465199-5.24388532e-01j]],
         input_dims=(2, 2), output_dims=(2, 2))"
"Operator([[ 8.24651986e-01-0.52438853j,  1.68000522e-01-0.12662621j,
            1.66300080e-02-0.02066712j,  4.98537371e-04-0.00186018j],
          [-2.10341743e-01-0.00383729j,  9.44798788e-01-0.055316j  ,
            2.25052690e-01-0.09319129j,  1.66300080e-02-0.02066712j],
          [ 2.40563675e-02+0.01117937j, -2.34659723e-01-0.06533103j,
            9.44798788e-01-0.055316j  ,  1.68000522e-01-0.12662621j],
          [-1.49331595e-03-0.00121606j,  2.40563675e-02+0.01117937j,
           -2.10341743e-01-0.00383729j,  8.24651986e-01-0.52438853j]],
         input_dims=(2, 2), output_dims=(2, 2))"
"Operator([[ 8.24651986e-01-0.52438853j,  6.49420862e-02+0.20010222j,
           -2.58339895e-02+0.00602429j, -5.92551551e-04-0.0018324j ],
          [ 6.49420862e-02+0.20010222j,  9.44798788e-01-0.055316j  ,
            1.47350671e-02+0.24313825j, -2.58339895e-02+0.00602429j],
          [-2.58339895e-02+0.00602429j,  1.47350671e-02+0.24313825j,
            9.44798788e-01-0.055316j  ,  6.49420862e-02+0.20010222j],
          [-5.92551551e-04-0.0018324j , -2.58339895e-02+0.00602429j,
            6.49420862e-02+0.20010222j,  8.24651986e-01-0.52438853j]],
         input_dims=(2, 2), output_dims=(2, 2))"
"Operator([[ 8.24651986e-01-0.52438853j,  2.04346607e-01+0.05000838j,
            1.69313196e-02+0.02042101j,  4.24178950e-04+0.00187853j],
          [-1.36034642e-01+0.16047726j,  9.44798788e-01-0.055316j  ,
            2.14543396e-01+0.11534496j,  1.69313196e-02+0.02042101j],
          [ 6.15203001e-03-0.02580387j, -1.99043719e-01+0.14040986j,
            9.44798788e-01-0.055316j  ,  2.04346607e-01+0.05000838j],
          [ 7.56054798e-04+0.00177121j,  6.15203001e-03-0.02580387j,
           -1.36034642e-01+0.16047726j,  8.24651986e-01-0.52438853j]],
         input_dims=(2, 2), output_dims=(2, 2))"
