unitary
"Operator([[ 8.86340847e-01-0.43033515j,  4.21826807e-02+0.16473853j,
           -1.68138086e-02+0.00311693j, -2.45314235e-04-0.00096019j],
          [ 4.21826807e-02+0.16473853j,  9.64342661e-01-0.04628868j,
            9.63322217e-03+0.19646172j, -1.68138086e-02+0.00311693j],
          [-1.68138086e-02+0.00311693j,  9.63322217e-03+0.19646172j,
            9.64342661e-01-0.04628868j,  4.21826807e-02+0.16473853j],
          [-2.45314235e-04-0.00096019j, -1.68138086e-02+0.00311693j,
            4.21826807e-02+0.16473853j,  8.86340847e-01-0.43033515j]],
         input_dims=(2, 2), output_dims=(2, 2))"
"Operator([[ 8.86340847e-01-0.43033515j,  4.21826807e-02+0.16473853j,
           -1.68138086e-02+0.00311693j, -2.45314235e-04-0.00096019j],
          [ 4.21826807e-02+0.16473853j,  9.64342661e-01-0.04628868j,
            9.63322217e-03+0.19646172j, -1.68138086e-02+0.00311693j],
          [-1.68138086e-02+0.00311693j,  9.63322217e-03+0.19646172j,
            9.64342661e-01-0.04628868j,  4.21826807e-02+0.16473853j],
          [-2.45314235e-04-0.00096019j, -1.68138086e-02+0.00311693j,
            4.21826807e-02+0.16473853j,  8.86340847e-01-0.43033515j]],
         input_dims=(2, 2), output_dims=(2, 2))"
"Operator([[ 8.86340847e-01-0.43033515j,  3.92283417e-03+0.17000816j,
           -1.64720248e-02-0.00459258j,  4.15539686e-04-0.00089971j],
          [ 7.82667649e-02+0.15097177j,  9.64342661e-01-0.04628868j,
           -3.49452728e-02+0.19356869j, -1.64720248e-02-0.00459258j],
          [-1.37313322e-02+0.01019166j,  5.37148402e-02+0.18922136j,
            9.64342661e-01-0.04628868j,  3.92283417e-03+0.17000816j],
          [-7.96171659e-04-0.00059014j, -1.37313322e-02+0.01019166j,
            7.82667649e-02+0.15097177j,  8.86340847e-01-0.43033515j]],
         input_dims=(2, 2), output_dims=(2, 2))"
"Operator([[ 8.86340847e-01-4.30335148e-01j,
            1.18617408e-01+1.21852669e-01j,
           -5.78249470e-03+1.60929233e-02j,
           -9.61881467e-04+2.38607552e-04j],
          [-4.54569349e-02+1.63865278e-01j,
            9.64342661e-01-4.62886825e-02j,
            1.06188614e-01+1.65571695e-01j,
           -5.78249470e-03+1.60929233e-02j],
          [-1.11666196e-02-1.29509085e-02j,
           -8.94810204e-02+1.75166078e-01j,
            9.64342661e-01-4.62886825e-02j,
            1.18617408e-01+1.21852669e-01j],
          [ 9.58457615e-04-2.52008970e-04j,
           -1.11666196e-02-1.29509085e-02j,
           -4.54569349e-02+1.63865278e-01j,
            8.86340847e-01-4.30335148e-01j]],
         input_dims=(2, 2), output_dims=(2, 2))"
"Operator([[ 8.86340847e-01-0.43033515j,  4.21826807e-02+0.16473853j,
           -1.68138086e-02+0.00311693j, -2.45314235e-04-0.00096019j],
          [ 4.21826807e-02+0.16473853j,  9.64342661e-01-0.04628868j,
            9.63322217e-03+0.19646172j, -1.68138086e-02+0.00311693j],
          [-1.68138086e-02+0.00311693j,  9.63322217e-03+0.19646172j,
            9.64342661e-01-0.04628868j,  4.21826807e-02+0.16473853j],
          [-2.45314235e-04-0.00096019j, -1.68138086e-02+0.00311693j,
            4.21826807e-02+0.16473853j,  8.86340847e-01-0.43033515j]],
         input_dims=(2, 2), output_dims=(2, 2))"
"Operator([[ 8.86340847e-01-0.43033515j,  4.21826807e-02+0.16473853j,
           -1.68138086e-02+0.00311693j, -2.45314235e-04-0.00096019j],
          [ 4.21826807e-02+0.16473853j,  9.64342661e-01-0.04628868j,
            9.63322217e-03+0.19646172j, -1.68138086e-02+0.00311693j],
          [-1.68138086e-02+0.00311693j,  9.63322217e-03+0.19646172j,
            9.64342661e-01-0.04628868j,  4.21826807e-02+0.16473853j],
          [-2.45314235e-04-0.00096019j, -1.68138086e-02+0.00311693j,
            4.21826807e-02+0.16473853j,  8.86340847e-01-0.43033515j]],
         input_dims=(2, 2), output_dims=(2, 2))"
"Operator([[ 8.86340847e-01-0.43033515j,  1.68765177e-01+0.02089204j,
            1.44483686e-02+0.00914681j,  6.37996037e-04+0.00075836j],
          [-1.37955594e-01+0.09943046j,  9.64342661e-01-0.04628868j,
            1.86410502e-01+0.06277844j,  1.44483686e-02+0.00914681j],
          [ 1.02097244e-02-0.01371791j, -1.79374544e-01+0.08071419j,
            9.64342661e-01-0.04628868j,  1.68765177e-01+0.02089204j],
          [-1.96057114e-04+0.00097145j,  1.02097244e-02-0.01371791j,
           -1.37955594e-01+0.09943046j,  8.86340847e-01-0.43033515j]],
         input_dims=(2, 2), output_dims=(2, 2))"
"Operator([[ 8.86340847e-01-0.43033515j,  1.55372068e-01+0.06912078j,
            6.90383022e-03+0.0156447j , -1.84082617e-04+0.00097379j],
          [-1.03031685e-01+0.13528723j,  9.64342661e-01-0.04628868j,
            1.60058349e-01+0.11432993j,  6.90383022e-03+0.0156447j ],
          [ 8.37393621e-04-0.01707976j, -1.48105421e-01+0.1294403j ,
            9.64342661e-01-0.04628868j,  1.55372068e-01+0.06912078j],
          [ 6.28611399e-04+0.00076616j,  8.37393621e-04-0.01707976j,
           -1.03031685e-01+0.13528723j,  8.86340847e-01-0.43033515j]],
         input_dims=(2, 2), output_dims=(2, 2))"
"Operator([[ 8.86340847e-01-0.43033515j,  4.21826807e-02+0.16473853j,
           -1.68138086e-02+0.00311693j, -2.45314235e-04-0.00096019j],
          [ 4.21826807e-02+0.16473853j,  9.64342661e-01-0.04628868j,
            9.63322217e-03+0.19646172j, -1.68138086e-02+0.00311693j],
          [-1.68138086e-02+0.00311693j,  9.63322217e-03+0.19646172j,
            9.64342661e-01-0.04628868j,  4.21826807e-02+0.16473853j],
          [-2.45314235e-04-0.00096019j, -1.68138086e-02+0.00311693j,
            4.21826807e-02+0.16473853j,  8.86340847e-01-0.43033515j]],
         input_dims=(2, 2), output_dims=(2, 2))"
"Operator([[ 8.86340847e-01-0.43033515j, -1.42124677e-01+0.09337419j,
            1.13564156e-02-0.01278481j, -3.20072900e-04+0.00093792j],
          [ 1.69510522e-01+0.01357738j,  9.64342661e-01-0.04628868j,
           -1.82695875e-01+0.07288501j,  1.13564156e-02-0.01278481j],
          [ 1.51844039e-02+0.00786469j,  1.88949956e-01+0.05466189j,
            9.64342661e-01-0.04628868j, -1.42124677e-01+0.09337419j],
          [ 7.30734489e-04+0.00066946j,  1.51844039e-02+0.00786469j,
            1.69510522e-01+0.01357738j,  8.86340847e-01-0.43033515j]],
         input_dims=(2, 2), output_dims=(2, 2))"
"Operator([[ 8.86340847e-01-4.30335148e-01j,
           -1.51024877e-01+7.81642434e-02j,
            1.37451590e-02-1.01730049e-02j,
           -5.91756231e-04+7.94967976e-04j],
          [ 1.70005455e-01-4.03826168e-03j,
            9.64342661e-01-4.62886825e-02j,
           -1.89257789e-01+5.35863544e-02j,
            1.37451590e-02-1.01730049e-02j],
          [ 1.64782460e-02+4.57021160e-03j,
            1.93592367e-01+3.48138397e-02j,
            9.64342661e-01-4.62886825e-02j,
           -1.51024877e-01+7.81642434e-02j],
          [ 9.00553538e-04+4.13706231e-04j,
            1.64782460e-02+4.57021160e-03j,
            1.70005455e-01-4.03826168e-03j,
            8.86340847e-01-4.30335148e-01j]],
         input_dims=(2, 2), output_dims=(2, 2))"
"Operator([[ 8.86340847e-01-0.43033515j,  4.21826807e-02+0.16473853j,
           -1.68138086e-02+0.00311693j, -2.45314235e-04-0.00096019j],
          [ 4.21826807e-02+0.16473853j,  9.64342661e-01-0.04628868j,
            9.63322217e-03+0.19646172j, -1.68138086e-02+0.00311693j],
          [-1.68138086e-02+0.00311693j,  9.63322217e-03+0.19646172j,
            9.64342661e-01-0.04628868j,  4.21826807e-02+0.16473853j],
          [-2.45314235e-04-0.00096019j, -1.68138086e-02+0.00311693j,
            4.21826807e-02+0.16473853j,  8.86340847e-01-0.43033515j]],
         input_dims=(2, 2), output_dims=(2, 2))"
"Operator([[ 8.86340847e-01-4.30335148e-01j,
           -1.52579328e-01+7.50846933e-02j,
            1.41464719e-02-9.60712005e-03j,
           -6.39010836e-04+7.57505559e-04j],
          [ 1.69888562e-01-7.48591046e-03j,
            9.64342661e-01-4.62886825e-02j,
           -1.90305822e-01+4.97363248e-02j,
            1.41464719e-02-9.60712005e-03j],
          [ 1.66500566e-02+3.89808148e-03j,
            1.94258717e-01+3.08797477e-02j,
            9.64342661e-01-4.62886825e-02j,
           -1.52579328e-01+7.50846933e-02j],
          [ 9.24048068e-04+3.58168520e-04j,
            1.66500566e-02+3.89808148e-03j,
            1.69888562e-01-7.48591046e-03j,
            8.86340847e-01-4.30335148e-01j]],
         input_dims=(2, 2), output_dims=(2, 2))"
"Operator([[ 8.86340847e-01-0.43033515j, -1.46333669e-01+0.08662921j,
            1.25006174e-02-0.0116685j , -4.48062293e-04+0.00088396j],
          [ 1.69959870e-01+0.0056396j ,  9.64342661e-01-0.04628868j,
           -1.85902859e-01+0.06426613j,  1.25006174e-02-0.0116685j ],
          [ 1.58524486e-02+0.00641243j,  1.91298354e-01+0.0457706j ,
            9.64342661e-01-0.04628868j, -1.46333669e-01+0.08662921j],
          [ 8.17155792e-04+0.00056072j,  1.58524486e-02+0.00641243j,
            1.69959870e-01+0.0056396j ,  8.86340847e-01-0.43033515j]],
         input_dims=(2, 2), output_dims=(2, 2))"
"Operator([[ 8.86340847e-01-0.43033515j, -9.19397405e-02+0.14305679j,
           -1.88277303e-03-0.01699631j,  7.92100010e-04+0.00059559j],
          [ 1.49379228e-01+0.08126505j,  9.64342661e-01-0.04628868j,
           -1.37335807e-01+0.14081507j, -1.88277303e-03-0.01699631j],
          [ 4.33450032e-03+0.01654181j,  1.50453213e-01+0.12670374j,
            9.64342661e-01-0.04628868j, -9.19397405e-02+0.14305679j],
          [-4.09350958e-04+0.00090254j,  4.33450032e-03+0.01654181j,
            1.49379228e-01+0.08126505j,  8.86340847e-01-0.43033515j]],
         input_dims=(2, 2), output_dims=(2, 2))"
