unitary
"Operator([[ 9.87115582e-01-1.49262703e-01j,
            5.17938742e-02+2.52422821e-02j,
            1.01791837e-03+1.63004368e-03j,
            1.61290468e-06+3.69648442e-05j],
          [-4.68869262e-02+3.34872268e-02j,
            9.95979600e-01-1.65272526e-02j,
            5.77405305e-02+3.30763810e-02j,
            1.01791837e-03+1.63004368e-03j],
          [ 8.11597407e-04-1.74198446e-03j,
           -5.66087063e-02+3.49781391e-02j,
            9.95979600e-01-1.65272526e-02j,
            5.17938742e-02+2.52422821e-02j],
          [ 4.54213245e-06+3.67201607e-05j,
            8.11597407e-04-1.74198446e-03j,
           -4.68869262e-02+3.34872268e-02j,
            9.87115582e-01-1.49262703e-01j]],
         input_dims=(2, 2), output_dims=(2, 2))"
"Operator([[ 9.87115582e-01-1.49262703e-01j,
            5.44431333e-02+1.88606321e-02j,
            1.37619683e-03+1.34137336e-03j,
            1.45308332e-05+3.40272840e-05j],
          [-5.05584556e-02+2.76336891e-02j,
            9.95979600e-01-1.65272526e-02j,
            6.12848318e-02+2.59265353e-02j,
            1.37619683e-03+1.34137336e-03j],
          [ 1.20239670e-03-1.49914722e-03j,
           -6.03888019e-02+2.79501065e-02j,
            9.95979600e-01-1.65272526e-02j,
            5.44431333e-02+1.88606321e-02j],
          [-8.68413263e-06+3.59664707e-05j,
            1.20239670e-03-1.49914722e-03j,
           -5.05584556e-02+2.76336891e-02j,
            9.87115582e-01-1.49262703e-01j]],
         input_dims=(2, 2), output_dims=(2, 2))"
"Operator([[ 9.87115582e-01-1.49262703e-01j,
            5.61464203e-02+1.29366801e-02j,
            1.62973731e-03+1.01840882e-03j,
            2.45273810e-05+2.77021435e-05j],
          [-5.32211761e-02+2.20745243e-02j,
            9.95979600e-01-1.65272526e-02j,
            6.37038004e-02+1.92312677e-02j,
            1.62973731e-03+1.01840882e-03j],
          [ 1.49342030e-03-1.20950238e-03j,
           -6.30290710e-02+2.13389798e-02j,
            9.95979600e-01-1.65272526e-02j,
            5.61464203e-02+1.29366801e-02j],
          [-1.95915222e-05+3.13874725e-05j,
            1.49342030e-03-1.20950238e-03j,
           -5.32211761e-02+2.20745243e-02j,
            9.87115582e-01-1.49262703e-01j]],
         input_dims=(2, 2), output_dims=(2, 2))"
"Operator([[ 9.87115582e-01-1.49262703e-01j,
            5.71058304e-02+7.66174529e-03j,
            1.79008192e-03+6.99147294e-04j,
            3.12131102e-05+1.98681383e-05j],
          [-5.50426324e-02+1.70319355e-02j,
            9.95979600e-01-1.65272526e-02j,
            6.52155865e-02+1.32266069e-02j,
            1.79008192e-03+6.99147294e-04j],
          [ 1.69149178e-03-9.12170908e-04j,
           -6.47396944e-02+1.53879113e-02j,
            9.95979600e-01-1.65272526e-02j,
            5.71058304e-02+7.66174529e-03j],
          [-2.74843054e-05+2.47712359e-05j,
            1.69149178e-03-9.12170908e-04j,
           -5.50426324e-02+1.70319355e-02j,
            9.87115582e-01-1.49262703e-01j]],
         input_dims=(2, 2), output_dims=(2, 2))"
"Operator([[ 9.87115582e-01-1.49262703e-01j,
            4.79732348e-03+5.74174529e-02j,
           -1.91818285e-03+1.17365961e-04j,
           -3.07994935e-06-3.68716027e-05j],
          [ 4.79732348e-03+5.74174529e-02j,
            9.95979600e-01-1.65272526e-02j,
            1.10653851e-03+6.65341372e-02j,
           -1.91818285e-03+1.17365961e-04j],
          [-1.91818285e-03+1.17365961e-04j,
            1.10653851e-03+6.65341372e-02j,
            9.95979600e-01-1.65272526e-02j,
            4.79732348e-03+5.74174529e-02j],
          [-3.07994935e-06-3.68716027e-05j,
           -1.91818285e-03+1.17365961e-04j,
            4.79732348e-03+5.74174529e-02j,
            9.87115582e-01-1.49262703e-01j]],
         input_dims=(2, 2), output_dims=(2, 2))"
"Operator([[ 9.87115582e-01-1.49262703e-01j,
            5.76129491e-02-7.25471968e-04j,
            1.91555851e-03+1.54388463e-04j,
            3.66927678e-05+4.75835744e-06j],
          [-5.69345356e-02+8.84516047e-03j,
            9.95979600e-01-1.65272526e-02j,
            6.64458490e-02+3.60069321e-03j,
            1.91555851e-03+1.54388463e-04j],
          [ 1.88244698e-03-3.86773277e-04j,
           -6.62893679e-02+5.80823111e-03j,
            9.95979600e-01-1.65272526e-02j,
            5.76129491e-02-7.25471968e-04j],
          [-3.53948250e-05+1.07799599e-05j,
            1.88244698e-03-3.86773277e-04j,
           -5.69345356e-02+8.84516047e-03j,
            9.87115582e-01-1.49262703e-01j]],
         input_dims=(2, 2), output_dims=(2, 2))"
"Operator([[ 9.87115582e-01-1.49262703e-01j,
            4.79732348e-03+5.74174529e-02j,
           -1.91818285e-03+1.17365961e-04j,
           -3.07994935e-06-3.68716027e-05j],
          [ 4.79732348e-03+5.74174529e-02j,
            9.95979600e-01-1.65272526e-02j,
            1.10653851e-03+6.65341372e-02j,
           -1.91818285e-03+1.17365961e-04j],
          [-1.91818285e-03+1.17365961e-04j,
            1.10653851e-03+6.65341372e-02j,
            9.95979600e-01-1.65272526e-02j,
            4.79732348e-03+5.74174529e-02j],
          [-3.07994935e-06-3.68716027e-05j,
           -1.91818285e-03+1.17365961e-04j,
            4.79732348e-03+5.74174529e-02j,
            9.87115582e-01-1.49262703e-01j]],
         input_dims=(2, 2), output_dims=(2, 2))"
"Operator([[ 9.87115582e-01-1.49262703e-01j,
            5.73276892e-02-5.77185078e-03j,
            1.91308985e-03-1.82448441e-04j,
            3.66668672e-05-4.95399038e-06j],
          [-5.74906516e-02+3.82141213e-03j,
            9.95979600e-01-1.65272526e-02j,
            6.65057454e-02-2.23644254e-03j,
            1.91308985e-03-1.82448441e-04j],
          [ 1.92106241e-03-5.21480500e-05j,
           -6.65433339e-02-2.36847558e-05j,
            9.95979600e-01-1.65272526e-02j,
            5.73276892e-02-5.77185078e-03j],
          [-3.69806189e-05+1.19791273e-06j,
            1.92106241e-03-5.21480500e-05j,
           -5.74906516e-02+3.82141213e-03j,
            9.87115582e-01-1.49262703e-01j]],
         input_dims=(2, 2), output_dims=(2, 2))"
"Operator([[ 9.87115582e-01-1.49262703e-01j,
            5.72479614e-02-6.51529909e-03j,
            1.90771070e-03-2.32034671e-04j,
            3.64462645e-05-6.37738018e-06j],
          [-5.75354007e-02+3.07504130e-03j,
            9.95979600e-01-1.65272526e-02j,
            6.64711234e-02-3.09929104e-03j,
            1.90771070e-03-2.32034671e-04j],
          [ 1.92176873e-03-2.27590756e-06j,
           -6.65374234e-02-8.87207352e-04j,
            9.95979600e-01-1.65272526e-02j,
            5.72479614e-02-6.51529909e-03j],
          [-3.69992221e-05-2.42350441e-07j,
            1.92176873e-03-2.27590756e-06j,
           -5.75354007e-02+3.07504130e-03j,
            9.87115582e-01-1.49262703e-01j]],
         input_dims=(2, 2), output_dims=(2, 2))"
"Operator([[ 9.87115582e-01-1.49262703e-01j,
            5.73256211e-02-5.79235476e-03j,
            1.91295885e-03-1.83816901e-04j,
            3.66615304e-05-4.99333134e-06j],
          [-5.74920147e-02+3.80084926e-03j,
            9.95979600e-01-1.65272526e-02j,
            6.65049412e-02-2.26022945e-03j,
            1.91295885e-03-1.83816901e-04j],
          [ 1.92109922e-03-5.07738274e-05j,
           -6.65433212e-02-4.74852498e-05j,
            9.95979600e-01-1.65272526e-02j,
            5.73256211e-02-5.79235476e-03j],
          [-3.69818830e-05+1.15823157e-06j,
            1.92109922e-03-5.07738274e-05j,
           -5.74920147e-02+3.80084926e-03j,
            9.87115582e-01-1.49262703e-01j]],
         input_dims=(2, 2), output_dims=(2, 2))"
"Operator([[ 9.87115582e-01-1.49262703e-01j,
            5.75012377e-02-3.65867139e-03j,
            1.92132684e-03-4.12722477e-05j,
            3.69894576e-05-8.83855553e-07j],
          [-5.73111225e-02+5.93409184e-03j,
            9.95979600e-01-1.65272526e-02j,
            6.65430003e-02+2.12033420e-04j,
            1.92132684e-03-4.12722477e-05j],
          [ 1.91202637e-03-1.93275352e-04j,
           -6.64991488e-02+2.42467595e-03j,
            9.95979600e-01-1.65272526e-02j,
            5.75012377e-02-3.65867139e-03j],
          [-3.66234794e-05+5.26516161e-06j,
            1.91202637e-03-1.93275352e-04j,
           -5.73111225e-02+5.93409184e-03j,
            9.87115582e-01-1.49262703e-01j]],
         input_dims=(2, 2), output_dims=(2, 2))"
"Operator([[ 9.87115582e-01-1.49262703e-01j,
            4.79732348e-03+5.74174529e-02j,
           -1.91818285e-03+1.17365961e-04j,
           -3.07994935e-06-3.68716027e-05j],
          [ 4.79732348e-03+5.74174529e-02j,
            9.95979600e-01-1.65272526e-02j,
            1.10653851e-03+6.65341372e-02j,
           -1.91818285e-03+1.17365961e-04j],
          [-1.91818285e-03+1.17365961e-04j,
            1.10653851e-03+6.65341372e-02j,
            9.95979600e-01-1.65272526e-02j,
            4.79732348e-03+5.74174529e-02j],
          [-3.07994935e-06-3.68716027e-05j,
           -1.91818285e-03+1.17365961e-04j,
            4.79732348e-03+5.74174529e-02j,
            9.87115582e-01-1.49262703e-01j]],
         input_dims=(2, 2), output_dims=(2, 2))"
"Operator([[ 9.87115582e-01-1.49262703e-01j,
            5.75868909e-02+1.87835103e-03j,
            1.89380055e-03+3.26679790e-04j,
            3.57127539e-05+9.67472889e-06j],
          [-5.64767477e-02+1.14085573e-02j,
            9.95979600e-01-1.65272526e-02j,
            6.62153046e-02+6.59918837e-03j,
            1.89380055e-03+3.26679790e-04j],
          [ 1.83984632e-03-5.55126757e-04j,
           -6.59592417e-02+8.79740168e-03j,
            9.95979600e-01-1.65272526e-02j,
            5.75868909e-02+1.87835103e-03j],
          [-3.36127377e-05+1.54656083e-05j,
            1.83984632e-03-5.55126757e-04j,
           -5.64767477e-02+1.14085573e-02j,
            9.87115582e-01-1.49262703e-01j]],
         input_dims=(2, 2), output_dims=(2, 2))"
"Operator([[ 9.87115582e-01-1.49262703e-01j,
            4.79732348e-03+5.74174529e-02j,
           -1.91818285e-03+1.17365961e-04j,
           -3.07994935e-06-3.68716027e-05j],
          [ 4.79732348e-03+5.74174529e-02j,
            9.95979600e-01-1.65272526e-02j,
            1.10653851e-03+6.65341372e-02j,
           -1.91818285e-03+1.17365961e-04j],
          [-1.91818285e-03+1.17365961e-04j,
            1.10653851e-03+6.65341372e-02j,
            9.95979600e-01-1.65272526e-02j,
            4.79732348e-03+5.74174529e-02j],
          [-3.07994935e-06-3.68716027e-05j,
           -1.91818285e-03+1.17365961e-04j,
            4.79732348e-03+5.74174529e-02j,
            9.87115582e-01-1.49262703e-01j]],
         input_dims=(2, 2), output_dims=(2, 2))"
"Operator([[ 9.87115582e-01-1.49262703e-01j,
            4.79732348e-03+5.74174529e-02j,
           -1.91818285e-03+1.17365961e-04j,
           -3.07994935e-06-3.68716027e-05j],
          [ 4.79732348e-03+5.74174529e-02j,
            9.95979600e-01-1.65272526e-02j,
            1.10653851e-03+6.65341372e-02j,
           -1.91818285e-03+1.17365961e-04j],
          [-1.91818285e-03+1.17365961e-04j,
            1.10653851e-03+6.65341372e-02j,
            9.95979600e-01-1.65272526e-02j,
            4.79732348e-03+5.74174529e-02j],
          [-3.07994935e-06-3.68716027e-05j,
           -1.91818285e-03+1.17365961e-04j,
            4.79732348e-03+5.74174529e-02j,
            9.87115582e-01-1.49262703e-01j]],
         input_dims=(2, 2), output_dims=(2, 2))"
