unitary
"Operator([[ 9.05698036e-01-0.39428106j, -5.02856562e-02-0.14670956j,
           -1.31977081e-02+0.0051417j ,  3.79995047e-04+0.00064167j],
          [-1.93889909e-02-0.15387141j,  9.70446769e-01-0.04265846j,
           -2.62901542e-02-0.17739558j, -1.31977081e-02+0.0051417j ],
          [-1.41535757e-02-0.00054121j,  1.03472172e-02-0.17903436j,
            9.70446769e-01-0.04265846j, -5.02856562e-02-0.14670956j],
          [-5.95343324e-05+0.00074336j, -1.41535757e-02-0.00054121j,
           -1.93889909e-02-0.15387141j,  9.05698036e-01-0.39428106j]],
         input_dims=(2, 2), output_dims=(2, 2))"
"Operator([[ 9.05698036e-01-3.94281058e-01j,
           -9.71230472e-02-1.20910943e-01j,
           -6.86819594e-03+1.23872715e-02j,
            7.45739885e-04-2.55325508e-06j],
          [ 3.40221606e-02-1.51310393e-01j,
            9.70446769e-01-4.26584628e-02j,
           -8.49755834e-02-1.57922498e-01j,
           -6.86819594e-03+1.23872715e-02j],
          [-1.05427044e-02-9.45875237e-03j,
            7.05368528e-02-1.64878494e-01j,
            9.70446769e-01-4.26584628e-02j,
           -9.71230472e-02-1.20910943e-01j],
          [-6.71073698e-04+3.25260799e-04j,
           -1.05427044e-02-9.45875237e-03j,
            3.40221606e-02-1.51310393e-01j,
            9.05698036e-01-3.94281058e-01j]],
         input_dims=(2, 2), output_dims=(2, 2))"
"Operator([[ 9.05698036e-01-3.94281058e-01j,
           -1.27257485e-01-8.86446557e-02j,
            9.20463383e-04+1.41339789e-02j,
            4.86348583e-04-5.65331364e-04j],
          [ 7.52792895e-02-1.35592666e-01j,
            9.70446769e-01-4.26584628e-02j,
           -1.26031220e-01-1.27579375e-01j,
            9.20463383e-04+1.41339789e-02j],
          [-3.75405042e-03-1.36573686e-02j,
            1.14137581e-01-1.38322008e-01j,
            9.70446769e-01-4.26584628e-02j,
           -1.27257485e-01-8.86446557e-02j],
          [-6.85235156e-04-2.94257159e-04j,
           -3.75405042e-03-1.36573686e-02j,
            7.52792895e-02-1.35592666e-01j,
            9.05698036e-01-3.94281058e-01j]],
         input_dims=(2, 2), output_dims=(2, 2))"
"Operator([[ 9.05698036e-01-0.39428106j,  3.50208811e-02+0.15108236j,
           -1.39677146e-02+0.00234937j, -1.68104948e-04-0.00072655j],
          [ 3.50208811e-02+0.15108236j,  9.70446769e-01-0.04265846j,
            8.01347011e-03+0.17915398j, -1.39677146e-02+0.00234937j],
          [-1.39677146e-02+0.00234937j,  8.01347011e-03+0.17915398j,
            9.70446769e-01-0.04265846j,  3.50208811e-02+0.15108236j],
          [-1.68104948e-04-0.00072655j, -1.39677146e-02+0.00234937j,
            3.50208811e-02+0.15108236j,  9.05698036e-01-0.39428106j]],
         input_dims=(2, 2), output_dims=(2, 2))"
"Operator([[ 9.05698036e-01-0.39428106j, -1.53456918e-01-0.02243472j,
            1.18534215e-02+0.00775326j, -4.68533826e-04-0.00058018j],
          [ 1.27936573e-01-0.08766171j,  9.70446769e-01-0.04265846j,
           -1.69758462e-01-0.05781375j,  1.18534215e-02+0.00775326j],
          [ 8.66473399e-03-0.01120442j,  1.63918903e-01-0.07273898j,
            9.70446769e-01-0.04265846j, -1.53456918e-01-0.02243472j],
          [ 1.66082280e-04-0.00072702j,  8.66473399e-03-0.01120442j,
            1.27936573e-01-0.08766171j,  9.05698036e-01-0.39428106j]],
         input_dims=(2, 2), output_dims=(2, 2))"
"Operator([[ 9.05698036e-01-3.94281058e-01j,
           -1.54206842e-01+1.65103742e-02j,
            1.41234694e-02+1.06968370e-03j,
           -7.38860438e-04-1.01092766e-04j],
          [ 1.45744311e-01-5.30182820e-02j,
            9.70446769e-01-4.26584628e-02j,
           -1.78809749e-01-1.36908353e-02j,
            1.41234694e-02+1.06968370e-03j],
          [ 1.29963702e-02-5.63124966e-03j,
            1.76873355e-01-2.96003667e-02j,
            9.70446769e-01-4.26584628e-02j,
           -1.54206842e-01+1.65103742e-02j],
          [ 6.19368499e-04-4.15351847e-04j,
            1.29963702e-02-5.63124966e-03j,
            1.45744311e-01-5.30182820e-02j,
            9.05698036e-01-3.94281058e-01j]],
         input_dims=(2, 2), output_dims=(2, 2))"
"Operator([[ 9.05698036e-01-0.39428106j,  3.50208811e-02+0.15108236j,
           -1.39677146e-02+0.00234937j, -1.68104948e-04-0.00072655j],
          [ 3.50208811e-02+0.15108236j,  9.70446769e-01-0.04265846j,
            8.01347011e-03+0.17915398j, -1.39677146e-02+0.00234937j],
          [-1.39677146e-02+0.00234937j,  8.01347011e-03+0.17915398j,
            9.70446769e-01-0.04265846j,  3.50208811e-02+0.15108236j],
          [-1.68104948e-04-0.00072655j, -1.39677146e-02+0.00234937j,
            3.50208811e-02+0.15108236j,  9.05698036e-01-0.39428106j]],
         input_dims=(2, 2), output_dims=(2, 2))"
"Operator([[ 9.05698036e-01-0.39428106j,  3.50208811e-02+0.15108236j,
           -1.39677146e-02+0.00234937j, -1.68104948e-04-0.00072655j],
          [ 3.50208811e-02+0.15108236j,  9.70446769e-01-0.04265846j,
            8.01347011e-03+0.17915398j, -1.39677146e-02+0.00234937j],
          [-1.39677146e-02+0.00234937j,  8.01347011e-03+0.17915398j,
            9.70446769e-01-0.04265846j,  3.50208811e-02+0.15108236j],
          [-1.68104948e-04-0.00072655j, -1.39677146e-02+0.00234937j,
            3.50208811e-02+0.15108236j,  9.05698036e-01-0.39428106j]],
         input_dims=(2, 2), output_dims=(2, 2))"
"Operator([[ 9.05698036e-01-3.94281058e-01j,
           -1.38334401e-01+7.01137350e-02j,
            1.12816719e-02-8.56390626e-03j,
           -4.32960842e-04+6.07189760e-04j],
          [ 1.55073935e-01+2.10170315e-03j,
            9.70446769e-01-4.26584628e-02j,
           -1.72047137e-01+5.05979057e-02j,
            1.12816719e-02-8.56390626e-03j],
          [ 1.34625288e-02+4.40192356e-03j,
            1.75877473e-01+3.50354080e-02j,
            9.70446769e-01-4.26584628e-02j,
           -1.38334401e-01+7.01137350e-02j],
          [ 6.55658722e-04+3.55311321e-04j,
            1.34625288e-02+4.40192356e-03j,
            1.55073935e-01+2.10170315e-03j,
            9.05698036e-01-3.94281058e-01j]],
         input_dims=(2, 2), output_dims=(2, 2))"
"Operator([[ 9.05698036e-01-3.94281058e-01j,
           -1.48344434e-01+4.52357314e-02j,
            1.35184950e-02-4.22692599e-03j,
           -6.77238536e-04+3.12221813e-04j],
          [ 1.53117784e-01-2.46431895e-02j,
            9.70446769e-01-4.26584628e-02j,
           -1.78191346e-01+2.02041928e-02j,
            1.35184950e-02-4.22692599e-03j],
          [ 1.41574460e-02-4.28176407e-04j,
            1.79283583e-01+4.21451387e-03j,
            9.70446769e-01-4.26584628e-02j,
           -1.48344434e-01+4.52357314e-02j],
          [ 7.45551036e-04-1.69749303e-05j,
            1.41574460e-02-4.28176407e-04j,
            1.53117784e-01-2.46431895e-02j,
            9.05698036e-01-3.94281058e-01j]],
         input_dims=(2, 2), output_dims=(2, 2))"
"Operator([[ 9.05698036e-01-3.94281058e-01j,
           -1.54155554e-01+1.69825694e-02j,
            1.41297565e-02+9.83155197e-04j,
           -7.39758059e-04-9.43001011e-05j],
          [ 1.45906001e-01-5.25716781e-02j,
            9.70446769e-01-4.26584628e-02j,
           -1.78850840e-01-1.31431499e-02j,
            1.41297565e-02+9.83155197e-04j],
          [ 1.30306187e-02-5.55153924e-03j,
            1.76963179e-01-2.90585371e-02j,
            9.70446769e-01-4.26584628e-02j,
           -1.54155554e-01+1.69825694e-02j],
          [ 6.23158469e-04-4.09643769e-04j,
            1.30306187e-02-5.55153924e-03j,
            1.45906001e-01-5.25716781e-02j,
            9.05698036e-01-3.94281058e-01j]],
         input_dims=(2, 2), output_dims=(2, 2))"
