unitary
"Operator([[ 0.6967498 -0.66116202j,  0.11179695+0.25045957j,
           -0.04427972+0.01395935j, -0.0018299 -0.00412768j],
          [ 0.11179695+0.25045957j,  0.90380399-0.06663156j,
            0.02500247+0.31731586j, -0.04427972+0.01395935j],
          [-0.04427972+0.01395935j,  0.02500247+0.31731586j,
            0.90380399-0.06663156j,  0.11179695+0.25045957j],
          [-0.0018299 -0.00412768j, -0.04427972+0.01395935j,
            0.11179695+0.25045957j,  0.6967498 -0.66116202j]],
         input_dims=(2, 2), output_dims=(2, 2))"
"Operator([[ 0.6967498 -0.66116202j,  0.22670524+0.15438033j,
           -0.00735805+0.04584121j, -0.00394962+0.00218788j],
          [-0.03645213+0.27184517j,  0.90380399-0.06663156j,
            0.18797585+0.25686487j, -0.00735805+0.04584121j],
          [-0.03231807-0.03333315j, -0.1454273 +0.28313492j,
            0.90380399-0.06663156j,  0.22670524+0.15438033j],
          [ 0.00427338-0.00145758j, -0.03231807-0.03333315j,
           -0.03645213+0.27184517j,  0.6967498 -0.66116202j]],
         input_dims=(2, 2), output_dims=(2, 2))"
"Operator([[ 6.96749798e-01-6.61162025e-01j,
            2.37169415e-01+1.37765095e-01j,
           -7.40113738e-04+4.64220765e-02j,
           -3.39244887e-03+2.97952896e-03j],
          [-5.58078675e-02+2.68540564e-01j,
            9.03803987e-01-6.66315600e-02j,
            2.05871523e-01+2.42757893e-01j,
           -7.40113738e-04+4.64220765e-02j],
          [-2.72298047e-02-3.76044504e-02j,
           -1.65311498e-01+2.72004756e-01j,
            9.03803987e-01-6.66315600e-02j,
            2.37169415e-01+1.37765095e-01j],
          [ 4.48586796e-03-5.13118718e-04j,
           -2.72298047e-02-3.76044504e-02j,
           -5.58078675e-02+2.68540564e-01j,
            6.96749798e-01-6.61162025e-01j]],
         input_dims=(2, 2), output_dims=(2, 2))"
"Operator([[ 6.96749798e-01-0.66116202j,  1.29791247e-01+0.2416253j ,
           -4.17736426e-02+0.02026129j, -2.68406325e-03-0.00363072j],
          [ 9.32054866e-02+0.25795598j,  9.03803987e-01-0.06663156j,
            4.81115771e-02+0.31464227j, -4.17736426e-02+0.02026129j],
          [-4.58409624e-02+0.00735956j,  1.75981584e-03+0.31829449j,
            9.03803987e-01-0.06663156j,  1.29791247e-01+0.2416253j ],
          [-8.88081092e-04-0.00442692j, -4.58409624e-02+0.00735956j,
            9.32054866e-02+0.25795598j,  6.96749798e-01-0.66116202j]],
         input_dims=(2, 2), output_dims=(2, 2))"
"Operator([[ 0.6967498 -0.66116202j,  0.11179695+0.25045957j,
           -0.04427972+0.01395935j, -0.0018299 -0.00412768j],
          [ 0.11179695+0.25045957j,  0.90380399-0.06663156j,
            0.02500247+0.31731586j, -0.04427972+0.01395935j],
          [-0.04427972+0.01395935j,  0.02500247+0.31731586j,
            0.90380399-0.06663156j,  0.11179695+0.25045957j],
          [-0.0018299 -0.00412768j, -0.04427972+0.01395935j,
            0.11179695+0.25045957j,  0.6967498 -0.66116202j]],
         input_dims=(2, 2), output_dims=(2, 2))"
"Operator([[ 0.6967498 -0.66116202j,  0.11179695+0.25045957j,
           -0.04427972+0.01395935j, -0.0018299 -0.00412768j],
          [ 0.11179695+0.25045957j,  0.90380399-0.06663156j,
            0.02500247+0.31731586j, -0.04427972+0.01395935j],
          [-0.04427972+0.01395935j,  0.02500247+0.31731586j,
            0.90380399-0.06663156j,  0.11179695+0.25045957j],
          [-0.0018299 -0.00412768j, -0.04427972+0.01395935j,
            0.11179695+0.25045957j,  0.6967498 -0.66116202j]],
         input_dims=(2, 2), output_dims=(2, 2))"
"Operator([[ 0.6967498 -0.66116202j, -0.21778048-0.16673397j,
           -0.01239713+0.04474224j,  0.00425793-0.00150212j],
          [ 0.02129668-0.27345019j,  0.90380399-0.06663156j,
           -0.17341854-0.26690914j, -0.01239713+0.04474224j],
          [-0.03581582-0.02954292j,  0.12947655-0.29077535j,
            0.90380399-0.06663156j, -0.21778048-0.16673397j],
          [-0.00397225+0.00214651j, -0.03581582-0.02954292j,
            0.02129668-0.27345019j,  0.6967498 -0.66116202j]],
         input_dims=(2, 2), output_dims=(2, 2))"
"Operator([[ 0.6967498 -6.61162025e-01j, -0.01952875-2.73582128e-01j,
           -0.0429108 -1.77262532e-02j, -0.00265428+3.65255035e-03j],
          [-0.19061883-1.97213115e-01j,  0.90380399-6.66315600e-02j,
            0.08488107-3.06773015e-01j, -0.0429108 -1.77262532e-02j],
          [-0.0249863 +3.91310814e-02j, -0.13187886-2.89693711e-01j,
            0.90380399-6.66315600e-02j, -0.01952875-2.73582128e-01j],
          [ 0.00448891+4.85804989e-04j, -0.0249863 +3.91310814e-02j,
           -0.19061883-1.97213115e-01j,  0.6967498 -6.61162025e-01j]],
         input_dims=(2, 2), output_dims=(2, 2))"
"Operator([[ 6.96749798e-01-0.66116202j, -6.40252335e-02-0.26670081j,
           -4.63357090e-02-0.00292558j, -6.09400204e-04+0.00447381j],
          [-1.55785194e-01-0.22574217j,  9.03803987e-01-0.06663156j,
            3.35475281e-02-0.31652653j, -4.63357090e-02-0.00292558j],
          [-3.62803115e-02+0.0289706j , -8.27063298e-02-0.30736646j,
            9.03803987e-01-0.06663156j, -6.40252335e-02-0.26670081j],
          [ 3.72435210e-03+0.00255255j, -3.62803115e-02+0.0289706j ,
           -1.55785194e-01-0.22574217j,  6.96749798e-01-0.66116202j]],
         input_dims=(2, 2), output_dims=(2, 2))"
