unitary
"Operator([[ 0.36987224-0.83919507j,  0.22909293+0.31027511j,
           -0.08958706+0.04413662j, -0.00866545-0.01195714j],
          [ 0.22909293+0.31027511j,  0.79549348-0.07168081j,
            0.04897584+0.44824686j, -0.08958706+0.04413662j],
          [-0.08958706+0.04413662j,  0.04897584+0.44824686j,
            0.79549348-0.07168081j,  0.22909293+0.31027511j],
          [-0.00866545-0.01195714j, -0.08958706+0.04413662j,
            0.22909293+0.31027511j,  0.36987224-0.83919507j]],
         input_dims=(2, 2), output_dims=(2, 2))"
"Operator([[ 0.36987224-0.83919507j,  0.22909293+0.31027511j,
           -0.08958706+0.04413662j, -0.00866545-0.01195714j],
          [ 0.22909293+0.31027511j,  0.79549348-0.07168081j,
            0.04897584+0.44824686j, -0.08958706+0.04413662j],
          [-0.08958706+0.04413662j,  0.04897584+0.44824686j,
            0.79549348-0.07168081j,  0.22909293+0.31027511j],
          [-0.00866545-0.01195714j, -0.08958706+0.04413662j,
            0.22909293+0.31027511j,  0.36987224-0.83919507j]],
         input_dims=(2, 2), output_dims=(2, 2))"
"Operator([[ 0.36987224-0.83919507j, -0.18575676+0.33800687j,
            0.02455997-0.09680232j,  0.00510743+0.01385559j],
          [ 0.37771059-0.07803161j,  0.79549348-0.07168081j,
           -0.38649564+0.23226062j,  0.02455997-0.09680232j],
          [ 0.09171924+0.03951535j,  0.42753183+0.14331927j,
            0.79549348-0.07168081j, -0.18575676+0.33800687j],
          [ 0.01157718+0.00916691j,  0.09171924+0.03951535j,
            0.37771059-0.07803161j,  0.36987224-0.83919507j]],
         input_dims=(2, 2), output_dims=(2, 2))"
"Operator([[ 0.36987224-0.83919507j,  0.27510834-0.27031393j,
            0.07381978-0.06726457j,  0.0073614 -0.01280129j],
          [-0.33931818+0.18335047j,  0.79549348-0.07168081j,
            0.43696003-0.11130952j,  0.07381978-0.06726457j],
          [ 0.09831673-0.01754147j, -0.45068691-0.01432445j,
            0.79549348-0.07168081j,  0.27510834-0.27031393j],
          [-0.01445682+0.00301057j,  0.09831673-0.01754147j,
           -0.33931818+0.18335047j,  0.36987224-0.83919507j]],
         input_dims=(2, 2), output_dims=(2, 2))"
