unitary
"Operator([[ 9.05698036e-01-3.94281058e-01j,
            1.44996708e-01-5.50299647e-02j,
            1.28355615e-02-5.98873713e-03j,
            6.01596776e-04-4.40699233e-04j],
          [-1.54420542e-01+1.43749330e-02j,
            9.70446769e-01-4.26584628e-02j,
            1.76446820e-01-3.20450443e-02j,
            1.28355615e-02-5.98873713e-03j],
          [ 1.40884597e-02+1.46010789e-03j,
           -1.78603180e-01-1.61638313e-02j,
            9.70446769e-01-4.26584628e-02j,
            1.44996708e-01-5.50299647e-02j],
          [-7.34028253e-04-1.31670112e-04j,
            1.40884597e-02+1.46010789e-03j,
           -1.54420542e-01+1.43749330e-02j,
            9.05698036e-01-3.94281058e-01j]],
         input_dims=(2, 2), output_dims=(2, 2))"
"Operator([[ 9.05698036e-01-0.39428106j,  3.50208811e-02+0.15108236j,
           -1.39677146e-02+0.00234937j, -1.68104948e-04-0.00072655j],
          [ 3.50208811e-02+0.15108236j,  9.70446769e-01-0.04265846j,
            8.01347011e-03+0.17915398j, -1.39677146e-02+0.00234937j],
          [-1.39677146e-02+0.00234937j,  8.01347011e-03+0.17915398j,
            9.70446769e-01-0.04265846j,  3.50208811e-02+0.15108236j],
          [-1.68104948e-04-0.00072655j, -1.39677146e-02+0.00234937j,
            3.50208811e-02+0.15108236j,  9.05698036e-01-0.39428106j]],
         input_dims=(2, 2), output_dims=(2, 2))"
"Operator([[ 9.05698036e-01-0.39428106j,  9.62699335e-02-0.12159129j,
            8.13951236e-04-0.01414051j, -4.66923121e-04-0.00058148j],
          [-1.39947397e-01-0.06683613j,  9.70446769e-01-0.04265846j,
            1.35056526e-01-0.11798347j,  8.13951236e-04-0.01414051j],
          [ 5.39516469e-03+0.01309614j, -1.45050793e-01-0.10545441j,
            9.70446769e-01-0.04265846j,  9.62699335e-02-0.12159129j],
          [ 1.64065553e-04-0.00072747j,  5.39516469e-03+0.01309614j,
           -1.39947397e-01-0.06683613j,  9.05698036e-01-0.39428106j]],
         input_dims=(2, 2), output_dims=(2, 2))"
"Operator([[ 9.05698036e-01-3.94281058e-01j,
            7.24033679e-02-1.37149899e-01j,
           -4.32655790e-03-1.34869384e-02j,
           -7.02467909e-04-2.50346423e-04j],
          [-1.25359978e-01-9.13083691e-02j,
            9.70446769e-01-4.26584628e-02j,
            1.11195467e-01-1.40698022e-01j,
           -4.32655790e-03-1.34869384e-02j],
          [ 3.23703244e-04+1.41602199e-02j,
           -1.23312986e-01-1.30208574e-01j,
            9.70446769e-01-4.26584628e-02j,
            7.24033679e-02-1.37149899e-01j],
          [ 5.21117118e-04-5.33452382e-04j,
            3.23703244e-04+1.41602199e-02j,
           -1.25359978e-01-9.13083691e-02j,
            9.05698036e-01-3.94281058e-01j]],
         input_dims=(2, 2), output_dims=(2, 2))"
"Operator([[ 9.05698036e-01-3.94281058e-01j,
            3.18755391e-02-1.51777114e-01j,
           -1.08064007e-02-9.15632653e-03j,
           -6.56650291e-04+3.53475444e-04j],
          [-9.54006830e-02-1.22274495e-01j,
            9.70446769e-01-4.26584628e-02j,
            6.81943853e-02-1.65861060e-01j,
           -1.08064007e-02-9.15632653e-03j],
          [-7.21631933e-03+1.21877540e-02j,
           -8.27301944e-02-1.59110277e-01j,
            9.70446769e-01-4.26584628e-02j,
            3.18755391e-02-1.51777114e-01j],
          [ 7.45175134e-04+2.91292621e-05j,
           -7.21631933e-03+1.21877540e-02j,
           -9.54006830e-02-1.22274495e-01j,
            9.05698036e-01-3.94281058e-01j]],
         input_dims=(2, 2), output_dims=(2, 2))"
"Operator([[ 9.05698036e-01-3.94281058e-01j,
            9.30112934e-02+1.24101740e-01j,
           -7.68355104e-03+1.18987249e-02j,
           -7.42220024e-04-7.24149890e-05j],
          [-2.89259110e-02+1.52366775e-01j,
            9.70446769e-01-4.26584628e-02j,
            7.96287785e-02+1.60684856e-01j,
           -7.68355104e-03+1.18987249e-02j],
          [-1.11533681e-02-8.73034893e-03j,
           -6.49647758e-02+1.67152455e-01j,
            9.70446769e-01-4.26584628e-02j,
            9.30112934e-02+1.24101740e-01j],
          [ 6.34982924e-04-3.91064166e-04j,
           -1.11533681e-02-8.73034893e-03j,
           -2.89259110e-02+1.52366775e-01j,
            9.05698036e-01-3.94281058e-01j]],
         input_dims=(2, 2), output_dims=(2, 2))"
"Operator([[ 9.05698036e-01-3.94281058e-01j,
           -1.51782849e-01+3.18482227e-02j,
            1.40538662e-02-1.76223077e-03j,
           -7.35674223e-04+1.22138989e-04j],
          [ 1.50315568e-01-3.81781691e-02j,
            9.70446769e-01-4.26584628e-02j,
           -1.79282539e-01+4.25867558e-03j,
            1.40538662e-02-1.76223077e-03j],
          [ 1.38570444e-02-2.93239358e-03j,
            1.78946796e-01-1.17647476e-02j,
            9.70446769e-01-4.26584628e-02j,
           -1.51782849e-01+3.18482227e-02j],
          [ 7.14557145e-04-2.13407078e-04j,
            1.38570444e-02-2.93239358e-03j,
            1.50315568e-01-3.81781691e-02j,
            9.05698036e-01-3.94281058e-01j]],
         input_dims=(2, 2), output_dims=(2, 2))"
"Operator([[ 9.05698036e-01-0.39428106j, -1.20380387e-01+0.09777988j,
            6.73291152e-03-0.01246132j,  1.47324581e-05+0.0007456j ],
          [ 1.51122925e-01+0.03484543j,  9.70446769e-01-0.04265846j,
           -1.57457528e-01+0.0858341j ,  6.73291152e-03-0.01246132j],
          [ 1.04390889e-02+0.00957298j,  1.64492029e-01+0.07143345j,
            9.70446769e-01-0.04265846j, -1.20380387e-01+0.09777988j],
          [ 3.14257333e-04+0.0006763j ,  1.04390889e-02+0.00957298j,
            1.51122925e-01+0.03484543j,  9.05698036e-01-0.39428106j]],
         input_dims=(2, 2), output_dims=(2, 2))"
"Operator([[ 9.05698036e-01-0.39428106j,  3.50208811e-02+0.15108236j,
           -1.39677146e-02+0.00234937j, -1.68104948e-04-0.00072655j],
          [ 3.50208811e-02+0.15108236j,  9.70446769e-01-0.04265846j,
            8.01347011e-03+0.17915398j, -1.39677146e-02+0.00234937j],
          [-1.39677146e-02+0.00234937j,  8.01347011e-03+0.17915398j,
            9.70446769e-01-0.04265846j,  3.50208811e-02+0.15108236j],
          [-1.68104948e-04-0.00072655j, -1.39677146e-02+0.00234937j,
            3.50208811e-02+0.15108236j,  9.05698036e-01-0.39428106j]],
         input_dims=(2, 2), output_dims=(2, 2))"
"Operator([[ 9.05698036e-01-3.94281058e-01j,
           -6.25027886e-02+1.41935703e-01j,
           -6.18969788e-03-1.27398686e-02j,
            7.39491429e-04+9.63686705e-05j],
          [ 1.18574651e-01+9.99619654e-02j,
            9.70446769e-01-4.26584628e-02j,
           -1.00945948e-01+1.48223752e-01j,
           -6.18969788e-03-1.27398686e-02j],
          [-1.68131607e-03+1.40637757e-02j,
            1.13776299e-01+1.38619331e-01j,
            9.70446769e-01-4.26584628e-02j,
           -6.25027886e-02+1.41935703e-01j],
          [-6.22010349e-04+4.11385003e-04j,
           -1.68131607e-03+1.40637757e-02j,
            1.18574651e-01+9.99619654e-02j,
            9.05698036e-01-3.94281058e-01j]],
         input_dims=(2, 2), output_dims=(2, 2))"
"Operator([[ 9.05698036e-01-0.39428106j,  3.50208811e-02+0.15108236j,
           -1.39677146e-02+0.00234937j, -1.68104948e-04-0.00072655j],
          [ 3.50208811e-02+0.15108236j,  9.70446769e-01-0.04265846j,
            8.01347011e-03+0.17915398j, -1.39677146e-02+0.00234937j],
          [-1.39677146e-02+0.00234937j,  8.01347011e-03+0.17915398j,
            9.70446769e-01-0.04265846j,  3.50208811e-02+0.15108236j],
          [-1.68104948e-04-0.00072655j, -1.39677146e-02+0.00234937j,
            3.50208811e-02+0.15108236j,  9.05698036e-01-0.39428106j]],
         input_dims=(2, 2), output_dims=(2, 2))"
