unitary
"Operator([[ 6.96749798e-01-0.66116202j,  1.54891320e-01+0.22635643j,
           -3.65082930e-02+0.02868277j, -3.69380992e-03-0.00259655j],
          [ 6.50793522e-02+0.26644555j,  9.03803987e-01-0.06663156j,
            8.14902591e-02+0.30769111j, -3.65082930e-02+0.02868277j],
          [-4.63573971e-02-0.00255904j, -3.22956200e-02+0.31665671j,
            9.03803987e-01-0.06663156j,  1.54891320e-01+0.22635643j],
          [ 5.56285914e-04-0.00448072j, -4.63573971e-02-0.00255904j,
            6.50793522e-02+0.26644555j,  6.96749798e-01-0.66116202j]],
         input_dims=(2, 2), output_dims=(2, 2))"
"Operator([[ 0.6967498 -0.66116202j,  0.11179695+0.25045957j,
           -0.04427972+0.01395935j, -0.0018299 -0.00412768j],
          [ 0.11179695+0.25045957j,  0.90380399-0.06663156j,
            0.02500247+0.31731586j, -0.04427972+0.01395935j],
          [-0.04427972+0.01395935j,  0.02500247+0.31731586j,
            0.90380399-0.06663156j,  0.11179695+0.25045957j],
          [-0.0018299 -0.00412768j, -0.04427972+0.01395935j,
            0.11179695+0.25045957j,  0.6967498 -0.66116202j]],
         input_dims=(2, 2), output_dims=(2, 2))"
"Operator([[ 0.6967498 -0.66116202j,  0.09990571-0.25543571j,
           -0.01331519-0.04447767j, -0.00417628-0.0017161j ],
          [-0.25685888-0.09618768j,  0.90380399-0.06663156j,
            0.20844803-0.24054916j, -0.01331519-0.04447767j],
          [ 0.01460058+0.04407244j, -0.24354932-0.20493464j,
            0.90380399-0.06663156j,  0.09990571-0.25543571j],
          [ 0.00153268-0.00424702j,  0.01460058+0.04407244j,
           -0.25685888-0.09618768j,  0.6967498 -0.66116202j]],
         input_dims=(2, 2), output_dims=(2, 2))"
"Operator([[ 6.96749798e-01-0.66116202j,  1.81814833e-01-0.20535803j,
            1.86257552e-02-0.04252809j, -5.64711353e-04-0.00447967j],
          [-2.74272492e-01-0.00177557j,  9.03803987e-01-0.06663156j,
            2.78577680e-01-0.15397712j,  1.86257552e-02-0.04252809j],
          [ 3.96484619e-02+0.02415691j, -2.99255078e-01-0.10844758j,
            9.03803987e-01-0.06663156j,  1.81814833e-01-0.20535803j],
          [-2.94028887e-03-0.00342651j,  3.96484619e-02+0.02415691j,
           -2.74272492e-01-0.00177557j,  6.96749798e-01-0.66116202j]],
         input_dims=(2, 2), output_dims=(2, 2))"
"Operator([[ 0.6967498 -6.61162025e-01j,  0.24487942+1.23541977e-01j,
            0.00472958+4.61864486e-02j, -0.00281488+3.53026015e-03j],
          [-0.07154387+2.64782981e-01j,  0.90380399-6.66315600e-02j,
            0.21982633+2.30197442e-01j,  0.00472958+4.61864486e-02j],
          [-0.0226139 -4.05483457e-02j, -0.18106126+2.61784836e-01j,
            0.90380399-6.66315600e-02j,  0.24487942+1.23541977e-01j],
          [ 0.00450614+2.84676096e-04j, -0.0226139 -4.05483457e-02j,
           -0.07154387+2.64782981e-01j,  0.6967498 -6.61162025e-01j]],
         input_dims=(2, 2), output_dims=(2, 2))"
"Operator([[ 0.6967498 -0.66116202j,  0.11179695+0.25045957j,
           -0.04427972+0.01395935j, -0.0018299 -0.00412768j],
          [ 0.11179695+0.25045957j,  0.90380399-0.06663156j,
            0.02500247+0.31731586j, -0.04427972+0.01395935j],
          [-0.04427972+0.01395935j,  0.02500247+0.31731586j,
            0.90380399-0.06663156j,  0.11179695+0.25045957j],
          [-0.0018299 -0.00412768j, -0.04427972+0.01395935j,
            0.11179695+0.25045957j,  0.6967498 -0.66116202j]],
         input_dims=(2, 2), output_dims=(2, 2))"
"Operator([[ 0.6967498 -6.61162025e-01j, -0.24066184+1.31569112e-01j,
            0.04147036-2.08750234e-02j, -0.00357047+2.76370380e-03j],
          [ 0.25863614-9.13011618e-02j,  0.90380399-6.66315600e-02j,
           -0.31427901+5.04299832e-02j,  0.04147036-2.08750234e-02j],
          [ 0.04594449-6.68284931e-03j,  0.31829881+5.86871904e-04j,
            0.90380399-6.66315600e-02j, -0.24066184+1.31569112e-01j],
          [ 0.00444548-7.89958011e-04j,  0.04594449-6.68284931e-03j,
            0.25863614-9.13011618e-02j,  0.6967498 -6.61162025e-01j]],
         input_dims=(2, 2), output_dims=(2, 2))"
"Operator([[ 0.6967498 -0.66116202j,  0.11179695+0.25045957j,
           -0.04427972+0.01395935j, -0.0018299 -0.00412768j],
          [ 0.11179695+0.25045957j,  0.90380399-0.06663156j,
            0.02500247+0.31731586j, -0.04427972+0.01395935j],
          [-0.04427972+0.01395935j,  0.02500247+0.31731586j,
            0.90380399-0.06663156j,  0.11179695+0.25045957j],
          [-0.0018299 -0.00412768j, -0.04427972+0.01395935j,
            0.11179695+0.25045957j,  0.6967498 -0.66116202j]],
         input_dims=(2, 2), output_dims=(2, 2))"
"Operator([[ 0.6967498 -0.66116202j, -0.25230348+0.10757094j,
            0.04472394-0.012463j  , -0.00421468+0.00161949j],
          [ 0.24854488-0.11599137j,  0.90380399-0.06663156j,
           -0.31769131+0.01966488j,  0.04472394-0.012463j  ],
          [ 0.04378545-0.01543993j,  0.31685073-0.030333j  ,
            0.90380399-0.06663156j, -0.25230348+0.10757094j],
          [ 0.00403019-0.00203565j,  0.04378545-0.01543993j,
            0.24854488-0.11599137j,  0.6967498 -0.66116202j]],
         input_dims=(2, 2), output_dims=(2, 2))"
