unitary
"Operator([[ 0.71296075-0.27085499j, -0.4653616 -0.02670066j,
            0.01627654+0.15614438j,  0.13918711+0.39627157j],
          [-0.4660896 -0.00590147j, -0.33603063-0.12922871j,
           -0.3349865 +0.71850334j,  0.01627654+0.15614438j],
          [ 0.03013757+0.15407051j, -0.30258041+0.73274014j,
           -0.33603063-0.12922871j, -0.4653616 -0.02670066j],
          [ 0.1908649 +0.37413206j,  0.03013757+0.15407051j,
           -0.4660896 -0.00590147j,  0.71296075-0.27085499j]],
         input_dims=(2, 2), output_dims=(2, 2))"
"Operator([[ 0.71296075-0.27085499j, -0.4658417 -0.01630513j,
            0.02323021+0.1552622j ,  0.16539686+0.38606747j],
          [-0.4658417 -0.01630513j, -0.33603063-0.12922871j,
           -0.31886292+0.72580262j,  0.02323021+0.1552622j ],
          [ 0.02323021+0.1552622j , -0.31886292+0.72580262j,
           -0.33603063-0.12922871j, -0.4658417 -0.01630513j],
          [ 0.16539686+0.38606747j,  0.02323021+0.1552622j ,
           -0.4658417 -0.01630513j,  0.71296075-0.27085499j]],
         input_dims=(2, 2), output_dims=(2, 2))"
"Operator([[ 0.71296075-0.27085499j, -0.4658417 -0.01630513j,
            0.02323021+0.1552622j ,  0.16539686+0.38606747j],
          [-0.4658417 -0.01630513j, -0.33603063-0.12922871j,
           -0.31886292+0.72580262j,  0.02323021+0.1552622j ],
          [ 0.02323021+0.1552622j , -0.31886292+0.72580262j,
           -0.33603063-0.12922871j, -0.4658417 -0.01630513j],
          [ 0.16539686+0.38606747j,  0.02323021+0.1552622j ,
           -0.4658417 -0.01630513j,  0.71296075-0.27085499j]],
         input_dims=(2, 2), output_dims=(2, 2))"
"Operator([[ 0.71296075-0.27085499j, -0.4658417 -0.01630513j,
            0.02323021+0.1552622j ,  0.16539686+0.38606747j],
          [-0.4658417 -0.01630513j, -0.33603063-0.12922871j,
           -0.31886292+0.72580262j,  0.02323021+0.1552622j ],
          [ 0.02323021+0.1552622j , -0.31886292+0.72580262j,
           -0.33603063-0.12922871j, -0.4658417 -0.01630513j],
          [ 0.16539686+0.38606747j,  0.02323021+0.1552622j ,
           -0.4658417 -0.01630513j,  0.71296075-0.27085499j]],
         input_dims=(2, 2), output_dims=(2, 2))"
