unitary
"Operator([[ 0.27043067-0.86225768j,  0.26391047+0.31571442j,
           -0.10274114+0.05602823j, -0.01199293-0.01469259j],
          [ 0.26391047+0.31571442j,  0.76127054-0.06845062j,
            0.05547413+0.47925469j, -0.10274114+0.05602823j],
          [-0.10274114+0.05602823j,  0.05547413+0.47925469j,
            0.76127054-0.06845062j,  0.26391047+0.31571442j],
          [-0.01199293-0.01469259j, -0.10274114+0.05602823j,
            0.26391047+0.31571442j,  0.27043067-0.86225768j]],
         input_dims=(2, 2), output_dims=(2, 2))"
"Operator([[ 0.27043067-0.86225768j,  0.26391047+0.31571442j,
           -0.10274114+0.05602823j, -0.01199293-0.01469259j],
          [ 0.26391047+0.31571442j,  0.76127054-0.06845062j,
            0.05547413+0.47925469j, -0.10274114+0.05602823j],
          [-0.10274114+0.05602823j,  0.05547413+0.47925469j,
            0.76127054-0.06845062j,  0.26391047+0.31571442j],
          [-0.01199293-0.01469259j, -0.10274114+0.05602823j,
            0.26391047+0.31571442j,  0.27043067-0.86225768j]],
         input_dims=(2, 2), output_dims=(2, 2))"
"Operator([[ 0.27043067-0.86225768j,  0.330702  -0.24486837j,
            0.10861387-0.04356525j,  0.01657192-0.00922356j],
          [-0.29963193+0.2820373j ,  0.76127054-0.06845062j,
            0.48168912-0.02716671j,  0.10861387-0.04356525j],
          [ 0.09544439-0.06771465j, -0.47515817+0.08358917j,
            0.76127054-0.06845062j,  0.330702  -0.24486837j],
          [-0.01235572+0.01438884j,  0.09544439-0.06771465j,
           -0.29963193+0.2820373j ,  0.27043067-0.86225768j]],
         input_dims=(2, 2), output_dims=(2, 2))"
"Operator([[ 0.27043067-0.86225768j,  0.26391047+0.31571442j,
           -0.10274114+0.05602823j, -0.01199293-0.01469259j],
          [ 0.26391047+0.31571442j,  0.76127054-0.06845062j,
            0.05547413+0.47925469j, -0.10274114+0.05602823j],
          [-0.10274114+0.05602823j,  0.05547413+0.47925469j,
            0.76127054-0.06845062j,  0.26391047+0.31571442j],
          [-0.01199293-0.01469259j, -0.10274114+0.05602823j,
            0.26391047+0.31571442j,  0.27043067-0.86225768j]],
         input_dims=(2, 2), output_dims=(2, 2))"
"Operator([[ 0.27043067-0.86225768j,  0.26391047+0.31571442j,
           -0.10274114+0.05602823j, -0.01199293-0.01469259j],
          [ 0.26391047+0.31571442j,  0.76127054-0.06845062j,
            0.05547413+0.47925469j, -0.10274114+0.05602823j],
          [-0.10274114+0.05602823j,  0.05547413+0.47925469j,
            0.76127054-0.06845062j,  0.26391047+0.31571442j],
          [-0.01199293-0.01469259j, -0.10274114+0.05602823j,
            0.26391047+0.31571442j,  0.27043067-0.86225768j]],
         input_dims=(2, 2), output_dims=(2, 2))"
"Operator([[ 0.27043067-0.86225768j, -0.38309958-0.15019668j,
           -0.00815585+0.11674068j,  0.0154747 -0.01096523j],
          [-0.07987983-0.40366266j,  0.76127054-0.06845062j,
           -0.27880315-0.39374007j, -0.00815585+0.11674068j],
          [-0.10255651-0.05636547j,  0.18148461-0.44701876j,
            0.76127054-0.06845062j, -0.38309958-0.15019668j],
          [-0.01384235+0.01296502j, -0.10255651-0.05636547j,
           -0.07987983-0.40366266j,  0.27043067-0.86225768j]],
         input_dims=(2, 2), output_dims=(2, 2))"
"Operator([[ 0.27043067-0.86225768j, -0.25458299-0.3232829j ,
           -0.10583538+0.04993773j,  0.0106619 +0.01568523j],
          [-0.27301306-0.30787692j,  0.76127054-0.06845062j,
           -0.04146207-0.48066967j, -0.10583538+0.04993773j],
          [-0.09929678+0.06192781j, -0.06943893-0.47743133j,
            0.76127054-0.06845062j, -0.25458299-0.3232829j ],
          [ 0.01323205+0.01358733j, -0.09929678+0.06192781j,
           -0.27301306-0.30787692j,  0.27043067-0.86225768j]],
         input_dims=(2, 2), output_dims=(2, 2))"
"Operator([[ 0.27043067-0.86225768j,  0.08110939-0.4034174j ,
           -0.03242032-0.11244477j, -0.01725003-0.00788284j],
          [-0.41140698+0.00828449j,  0.76127054-0.06845062j,
            0.3391057 -0.34317599j, -0.03242032-0.11244477j],
          [ 0.07697077+0.0881499j , -0.40853444-0.25663601j,
            0.76127054-0.06845062j,  0.08110939-0.4034174j ],
          [-0.00426826-0.0184793j ,  0.07697077+0.0881499j ,
           -0.41140698+0.00828449j,  0.27043067-0.86225768j]],
         input_dims=(2, 2), output_dims=(2, 2))"
"Operator([[ 2.70430672e-01-0.86225768j,  3.80447079e-01-0.15679398j,
            1.16299501e-01+0.0130127j ,  1.84601250e-02+0.00435045j],
          [-2.21774907e-01+0.3466125j ,  7.61270543e-01-0.06845062j,
            4.73763162e-01+0.09116415j,  1.16299501e-01+0.0130127j ],
          [ 5.20435644e-02-0.10481589j, -4.40410181e-01+0.19698048j,
            7.61270543e-01-0.06845062j,  3.80447079e-01-0.15679398j],
          [ 5.65082565e-04+0.01895741j,  5.20435644e-02-0.10481589j,
           -2.21774907e-01+0.3466125j ,  2.70430672e-01-0.86225768j]],
         input_dims=(2, 2), output_dims=(2, 2))"
"Operator([[ 0.27043067-0.86225768j, -0.33558209-0.2381365j ,
           -0.06184253+0.09934992j,  0.01884256+0.00215885j],
          [-0.17485231-0.37249296j,  0.76127054-0.06845062j,
           -0.17564075-0.44934704j, -0.06184253+0.09934992j],
          [-0.11701116-0.00181493j,  0.06834715-0.47758884j,
            0.76127054-0.06845062j, -0.33558209-0.2381365j ],
          [-0.0016587 +0.01889316j, -0.11701116-0.00181493j,
           -0.17485231-0.37249296j,  0.27043067-0.86225768j]],
         input_dims=(2, 2), output_dims=(2, 2))"
"Operator([[ 0.27043067-0.86225768j, -0.24997087-0.3268622j ,
           -0.10720959+0.0469149j ,  0.00998483+0.0161247j ],
          [-0.27735352-0.30397263j,  0.76127054-0.06845062j,
           -0.03463851-0.48120953j, -0.10720959+0.0469149j ],
          [-0.09749982+0.06472009j, -0.07620538-0.47639813j,
            0.76127054-0.06845062j, -0.24997087-0.3268622j ],
          [ 0.01379821+0.013012j  , -0.09749982+0.06472009j,
           -0.27735352-0.30397263j,  0.27043067-0.86225768j]],
         input_dims=(2, 2), output_dims=(2, 2))"
