unitary
"Operator([[ 0.77344283-0.58634141j,  0.08375764+0.22311568j,
           -0.03326202+0.00891263j, -0.00100171-0.00268132j],
          [ 0.08375764+0.22311568j,  0.92846514-0.0607864j ,
            0.01889794+0.27553332j, -0.03326202+0.00891263j],
          [-0.03326202+0.00891263j,  0.01889794+0.27553332j,
            0.92846514-0.0607864j ,  0.08375764+0.22311568j],
          [-0.00100171-0.00268132j, -0.03326202+0.00891263j,
            0.08375764+0.22311568j,  0.77344283-0.58634141j]],
         input_dims=(2, 2), output_dims=(2, 2))"
"Operator([[ 7.73442832e-01-0.58634141j,  1.78796494e-01-0.15756828j,
            1.89432219e-02-0.02875676j,  3.52637471e-04-0.00284052j],
          [-2.38316975e-01-0.00098386j,  9.28465144e-01-0.0607864j ,
            2.50839278e-01-0.11556557j,  1.89432219e-02-0.02875676j],
          [ 3.07837800e-02+0.0154323j , -2.64268673e-01-0.08023598j,
            9.28465144e-01-0.0607864j ,  1.78796494e-01-0.15756828j],
          [-2.12869476e-03-0.00191352j,  3.07837800e-02+0.0154323j ,
           -2.38316975e-01-0.00098386j,  7.73442832e-01-0.58634141j]],
         input_dims=(2, 2), output_dims=(2, 2))"
"Operator([[ 0.77344283-5.86341408e-01j,  0.07270969-2.26956494e-01j,
           -0.01633614-3.03138175e-02j, -0.00285336-2.26302997e-04j],
          [-0.20409929-1.23042389e-01j,  0.92846514-6.07863960e-02j,
            0.15609804-2.27835791e-01j, -0.01633614-3.03138175e-02j],
          [ 0.0010096 +3.44205983e-02j, -0.18574301-2.04390021e-01j,
            0.92846514-6.07863960e-02j,  0.07270969-2.26956494e-01j],
          [ 0.00200605-2.04172835e-03j,  0.0010096 +3.44205983e-02j,
           -0.20409929-1.23042389e-01j,  0.77344283-5.86341408e-01j]],
         input_dims=(2, 2), output_dims=(2, 2))"
"Operator([[ 0.77344283-0.58634141j,  0.08375764+0.22311568j,
           -0.03326202+0.00891263j, -0.00100171-0.00268132j],
          [ 0.08375764+0.22311568j,  0.92846514-0.0607864j ,
            0.01889794+0.27553332j, -0.03326202+0.00891263j],
          [-0.03326202+0.00891263j,  0.01889794+0.27553332j,
            0.92846514-0.0607864j ,  0.08375764+0.22311568j],
          [-0.00100171-0.00268132j, -0.03326202+0.00891263j,
            0.08375764+0.22311568j,  0.77344283-0.58634141j]],
         input_dims=(2, 2), output_dims=(2, 2))"
"Operator([[ 7.73442832e-01-0.58634141j, -3.88556844e-02-0.23513014j,
           -3.41497352e-02-0.00442634j, -6.48406172e-04+0.00278791j],
          [-1.25473431e-01-0.20261384j,  9.28465144e-01-0.0607864j ,
            3.49451387e-02-0.27396091j, -3.41497352e-02-0.00442634j],
          [-2.73612491e-02+0.02090835j, -7.20221339e-02-0.26662437j,
            9.28465144e-01-0.0607864j , -3.88556844e-02-0.23513014j],
          [ 2.31752395e-03+0.00167987j, -2.73612491e-02+0.02090835j,
           -1.25473431e-01-0.20261384j,  7.73442832e-01-0.58634141j]],
         input_dims=(2, 2), output_dims=(2, 2))"
"Operator([[ 0.77344283-0.58634141j, -0.02053369-0.23743276j,
           -0.03305691-0.00964559j, -0.00127336+0.00256348j],
          [-0.14078449-0.19229061j,  0.92846514-0.0607864j ,
            0.05605212-0.27043281j, -0.03305691-0.00964559j],
          [-0.02380518+0.02488192j, -0.09244977-0.26024754j,
            0.92846514-0.0607864j , -0.02053369-0.23743276j],
          [ 0.00264224+0.00110066j, -0.02380518+0.02488192j,
           -0.14078449-0.19229061j,  0.77344283-0.58634141j]],
         input_dims=(2, 2), output_dims=(2, 2))"
"Operator([[ 0.77344283-0.58634141j,  0.04892764-0.23324244j,
           -0.0222052 -0.02631969j, -0.00278652+0.00065434j],
          [-0.19032882-0.14342555j,  0.92846514-0.0607864j ,
            0.13178114-0.24271274j, -0.0222052 -0.02631969j],
          [-0.00607022+0.03389615j, -0.16368499-0.22244768j,
            0.92846514-0.0607864j ,  0.04892764-0.23324244j],
          [ 0.002533  -0.00133297j, -0.00607022+0.03389615j,
           -0.19032882-0.14342555j,  0.77344283-0.58634141j]],
         input_dims=(2, 2), output_dims=(2, 2))"
