unitary
"Operator([[-0.18022564-0.82166568j,  0.11292602-0.48619126j,
            0.03128813-0.20029245j, -0.02100171-0.04138739j],
          [-0.40848772+0.28683098j,  0.59419143-0.02890261j,
            0.52467495-0.28387876j,  0.03128813-0.20029245j],
          [ 0.20251681+0.00910804j, -0.58023044-0.13857702j,
            0.59419143-0.02890261j,  0.11292602-0.48619126j],
          [-0.04588443-0.00697186j,  0.20251681+0.00910804j,
           -0.40848772+0.28683098j, -0.18022564-0.82166568j]],
         input_dims=(2, 2), output_dims=(2, 2))"
"Operator([[-0.18022564-0.82166568j,  0.4137995 +0.27911324j,
           -0.15693415+0.12832648j, -0.03761045-0.02719267j],
          [ 0.4137995 +0.27911324j,  0.59419143-0.02890261j,
            0.07778015+0.59145684j, -0.15693415+0.12832648j],
          [-0.15693415+0.12832648j,  0.07778015+0.59145684j,
            0.59419143-0.02890261j,  0.4137995 +0.27911324j],
          [-0.03761045-0.02719267j, -0.15693415+0.12832648j,
            0.4137995 +0.27911324j, -0.18022564-0.82166568j]],
         input_dims=(2, 2), output_dims=(2, 2))"
"Operator([[-0.18022564-0.82166568j,  0.42989115-0.25362931j,
            0.19854782+0.04092404j,  0.04295631+0.01757108j],
          [-0.07412414+0.49359886j,  0.59419143-0.02890261j,
            0.56745456+0.18402791j,  0.19854782+0.04092404j],
          [-0.00068243-0.20272037j, -0.50058253+0.32448125j,
            0.59419143-0.02890261j,  0.42989115-0.25362931j],
          [ 0.03014916+0.03528478j, -0.00068243-0.20272037j,
           -0.07412414+0.49359886j, -0.18022564-0.82166568j]],
         input_dims=(2, 2), output_dims=(2, 2))"
"Operator([[-0.18022564-0.82166568j,  0.4137995 +0.27911324j,
           -0.15693415+0.12832648j, -0.03761045-0.02719267j],
          [ 0.4137995 +0.27911324j,  0.59419143-0.02890261j,
            0.07778015+0.59145684j, -0.15693415+0.12832648j],
          [-0.15693415+0.12832648j,  0.07778015+0.59145684j,
            0.59419143-0.02890261j,  0.4137995 +0.27911324j],
          [-0.03761045-0.02719267j, -0.15693415+0.12832648j,
            0.4137995 +0.27911324j, -0.18022564-0.82166568j]],
         input_dims=(2, 2), output_dims=(2, 2))"
