unitary
"Operator([[ 9.05698036e-01-3.94281058e-01j,
            1.43661713e-01-5.84264886e-02j,
            1.25395976e-02-6.58597777e-03j,
            5.69012391e-04-4.82036714e-04j],
          [-1.54716029e-01+1.07374512e-02j,
            9.70446769e-01-4.26584628e-02j,
            1.75643951e-01-3.61879504e-02j,
            1.25395976e-02-6.58597777e-03j],
          [ 1.40041660e-02+2.12130799e-03j,
           -1.78173397e-01-2.03618733e-02j,
            9.70446769e-01-4.26584628e-02j,
            1.43661713e-01-5.84264886e-02j],
          [-7.22912179e-04-1.83118750e-04j,
            1.40041660e-02+2.12130799e-03j,
           -1.54716029e-01+1.07374512e-02j,
            9.05698036e-01-3.94281058e-01j]],
         input_dims=(2, 2), output_dims=(2, 2))"
"Operator([[ 9.05698036e-01-0.39428106j,  3.50208811e-02+0.15108236j,
           -1.39677146e-02+0.00234937j, -1.68104948e-04-0.00072655j],
          [ 3.50208811e-02+0.15108236j,  9.70446769e-01-0.04265846j,
            8.01347011e-03+0.17915398j, -1.39677146e-02+0.00234937j],
          [-1.39677146e-02+0.00234937j,  8.01347011e-03+0.17915398j,
            9.70446769e-01-0.04265846j,  3.50208811e-02+0.15108236j],
          [-1.68104948e-04-0.00072655j, -1.39677146e-02+0.00234937j,
            3.50208811e-02+0.15108236j,  9.05698036e-01-0.39428106j]],
         input_dims=(2, 2), output_dims=(2, 2))"
"Operator([[ 9.05698036e-01-0.39428106j,  9.61066467e-02-0.1217204j ,
            7.75989488e-04-0.01414265j, -4.69260715e-04-0.00057959j],
          [-1.39857564e-01-0.06702391j,  9.70446769e-01-0.04265846j,
            1.34898047e-01-0.11816464j,  7.75989488e-04-0.01414265j],
          [ 5.35998996e-03+0.01311057j, -1.44909121e-01-0.105649j  ,
            9.70446769e-01-0.04265846j,  9.61066467e-02-0.1217204j ],
          [ 1.66993463e-04-0.00072681j,  5.35998996e-03+0.01311057j,
           -1.39857564e-01-0.06702391j,  9.05698036e-01-0.39428106j]],
         input_dims=(2, 2), output_dims=(2, 2))"
"Operator([[ 9.05698036e-01-3.94281058e-01j,
            7.71909261e-02-1.34513581e-01j,
           -3.36597243e-03-1.37581554e-02j,
           -6.72126058e-04-3.23080573e-04j],
          [-1.28499413e-01-8.68345745e-02j,
            9.70446769e-01-4.26584628e-02j,
            1.16083956e-01-1.36692650e-01j,
           -3.36597243e-03-1.37581554e-02j],
          [ 1.32015896e-03+1.41022619e-02j,
           -1.27824352e-01-1.25782750e-01j,
            9.70446769e-01-4.26584628e-02j,
            7.71909261e-02-1.34513581e-01j],
          [ 4.61911496e-04-5.85467561e-04j,
            1.32015896e-03+1.41022619e-02j,
           -1.28499413e-01-8.68345745e-02j,
            9.05698036e-01-3.94281058e-01j]],
         input_dims=(2, 2), output_dims=(2, 2))"
"Operator([[ 9.05698036e-01-3.94281058e-01j,
            5.98656644e-02-1.43067972e-01j,
           -6.65686334e-03-1.25021111e-02j,
           -7.43699417e-04-5.51876037e-05j],
          [-1.16704622e-01-1.02138992e-01j,
            9.70446769e-01-4.26584628e-02j,
            9.81858860e-02-1.50066309e-01j,
           -6.65686334e-03-1.25021111e-02j],
          [-2.20055655e-03+1.39919320e-02j,
           -1.11191763e-01-1.40700949e-01j,
            9.70446769e-01-4.26584628e-02j,
            5.98656644e-02-1.43067972e-01j],
          [ 6.43878829e-04-3.76237357e-04j,
           -2.20055655e-03+1.39919320e-02j,
           -1.16704622e-01-1.02138992e-01j,
            9.05698036e-01-3.94281058e-01j]],
         input_dims=(2, 2), output_dims=(2, 2))"
"Operator([[ 9.05698036e-01-0.39428106j,  3.50208811e-02+0.15108236j,
           -1.39677146e-02+0.00234937j, -1.68104948e-04-0.00072655j],
          [ 3.50208811e-02+0.15108236j,  9.70446769e-01-0.04265846j,
            8.01347011e-03+0.17915398j, -1.39677146e-02+0.00234937j],
          [-1.39677146e-02+0.00234937j,  8.01347011e-03+0.17915398j,
            9.70446769e-01-0.04265846j,  3.50208811e-02+0.15108236j],
          [-1.68104948e-04-0.00072655j, -1.39677146e-02+0.00234937j,
            3.50208811e-02+0.15108236j,  9.05698036e-01-0.39428106j]],
         input_dims=(2, 2), output_dims=(2, 2))"
"Operator([[ 9.05698036e-01-0.39428106j, -1.54726909e-01-0.01057952j,
            1.29012367e-02+0.00584591j, -5.88781750e-04-0.00045768j],
          [ 1.34292864e-01-0.07757428j,  9.70446769e-01-0.04265846j,
           -1.73698174e-01-0.04460168j,  1.29012367e-02+0.00584591j],
          [ 1.02788710e-02-0.00974482j,  1.69022461e-01-0.0599314j ,
            9.70446769e-01-0.04265846j, -1.54726909e-01-0.01057952j],
          [ 3.27916777e-04-0.00066978j,  1.02788710e-02-0.00974482j,
            1.34292864e-01-0.07757428j,  9.05698036e-01-0.39428106j]],
         input_dims=(2, 2), output_dims=(2, 2))"
"Operator([[ 9.05698036e-01-3.94281058e-01j,
           -7.20338352e-02+1.37344345e-01j,
           -4.39912092e-03-1.34634448e-02j,
            7.04467115e-04+2.44664217e-04j],
          [ 1.25113680e-01+9.16455645e-02j,
            9.70446769e-01-4.26584628e-02j,
           -1.10816240e-01+1.40996901e-01j,
           -4.39912092e-03-1.34634448e-02j],
          [ 2.47447253e-04+1.41617577e-02j,
            1.22961958e-01+1.30540117e-01j,
            9.70446769e-01-4.26584628e-02j,
           -7.20338352e-02+1.37344345e-01j],
          [-5.25408970e-04+5.29225764e-04j,
            2.47447253e-04+1.41617577e-02j,
            1.25113680e-01+9.16455645e-02j,
            9.05698036e-01-3.94281058e-01j]],
         input_dims=(2, 2), output_dims=(2, 2))"
"Operator([[ 9.05698036e-01-3.94281058e-01j,
           -4.71670176e-02+1.47741717e-01j,
           -8.72694779e-03-1.11560295e-02j,
            7.32637429e-04-1.39200906e-04j],
          [ 1.07357280e-01+1.11922996e-01j,
            9.70446769e-01-4.26584628e-02j,
           -8.47313592e-02+1.58053668e-01j,
           -8.72694779e-03-1.11560295e-02j],
          [-4.59709690e-03+1.33971382e-02j,
            9.85040814e-02+1.49857636e-01j,
            9.70446769e-01-4.26584628e-02j,
           -4.71670176e-02+1.47741717e-01j],
          [-7.19323153e-04+1.96745256e-04j,
           -4.59709690e-03+1.33971382e-02j,
            1.07357280e-01+1.11922996e-01j,
            9.05698036e-01-3.94281058e-01j]],
         input_dims=(2, 2), output_dims=(2, 2))"
"Operator([[ 9.05698036e-01-0.39428106j,  3.50208811e-02+0.15108236j,
           -1.39677146e-02+0.00234937j, -1.68104948e-04-0.00072655j],
          [ 3.50208811e-02+0.15108236j,  9.70446769e-01-0.04265846j,
            8.01347011e-03+0.17915398j, -1.39677146e-02+0.00234937j],
          [-1.39677146e-02+0.00234937j,  8.01347011e-03+0.17915398j,
            9.70446769e-01-0.04265846j,  3.50208811e-02+0.15108236j],
          [-1.68104948e-04-0.00072655j, -1.39677146e-02+0.00234937j,
            3.50208811e-02+0.15108236j,  9.05698036e-01-0.39428106j]],
         input_dims=(2, 2), output_dims=(2, 2))"
"Operator([[ 9.05698036e-01-3.94281058e-01j,
           -4.81358068e-02+1.47428920e-01j,
           -8.57973817e-03-1.12696364e-02j,
            7.35236442e-04-1.24747219e-04j],
          [ 1.08089651e-01+1.11215870e-01j,
            9.70446769e-01-4.26584628e-02j,
           -8.57670288e-02+1.57494070e-01j,
           -8.57973817e-03-1.12696364e-02j],
          [-4.42082167e-03+1.34563348e-02j,
            9.94856539e-02+1.49207808e-01j,
            9.70446769e-01-4.26584628e-02j,
           -4.81358068e-02+1.47428920e-01j],
          [-7.15309480e-04+2.10871627e-04j,
           -4.42082167e-03+1.34563348e-02j,
            1.08089651e-01+1.11215870e-01j,
            9.05698036e-01-3.94281058e-01j]],
         input_dims=(2, 2), output_dims=(2, 2))"
