unitary
"Operator([[ 8.86340847e-01-0.43033515j,  4.21826807e-02+0.16473853j,
           -1.68138086e-02+0.00311693j, -2.45314235e-04-0.00096019j],
          [ 4.21826807e-02+0.16473853j,  9.64342661e-01-0.04628868j,
            9.63322217e-03+0.19646172j, -1.68138086e-02+0.00311693j],
          [-1.68138086e-02+0.00311693j,  9.63322217e-03+0.19646172j,
            9.64342661e-01-0.04628868j,  4.21826807e-02+0.16473853j],
          [-2.45314235e-04-0.00096019j, -1.68138086e-02+0.00311693j,
            4.21826807e-02+0.16473853j,  8.86340847e-01-0.43033515j]],
         input_dims=(2, 2), output_dims=(2, 2))"
"Operator([[ 8.86340847e-01-0.43033515j,  1.04411011e-01-0.13422557j,
            1.18683715e-03-0.01705904j, -6.04792500e-04-0.0007851j ],
          [-1.56071410e-01-0.06752686j,  9.64342661e-01-0.04628868j,
            1.49422540e-01-0.1279176j ,  1.18683715e-03-0.01705904j],
          [ 7.22262724e-03+0.0155001j , -1.61220180e-01-0.11268568j,
            9.64342661e-01-0.04628868j,  1.04411011e-01-0.13422557j],
          [ 1.54098603e-04-0.00097898j,  7.22262724e-03+0.0155001j ,
           -1.56071410e-01-0.06752686j,  8.86340847e-01-0.43033515j]],
         input_dims=(2, 2), output_dims=(2, 2))"
"Operator([[ 8.86340847e-01-0.43033515j,  8.44954944e-02-0.14757599j,
           -3.61084931e-03-0.0167147j , -8.73920997e-04-0.00046735j],
          [-1.45023045e-01-0.08880585j,  9.64342661e-01-0.04628868j,
            1.29946797e-01-0.14766123j, -3.61084931e-03-0.0167147j ],
          [ 2.62030943e-03+0.01689833j, -1.43769421e-01-0.13423994j,
            9.64342661e-01-0.04628868j,  8.44954944e-02-0.14757599j],
          [ 5.42658877e-04-0.00082926j,  2.62030943e-03+0.01689833j,
           -1.45023045e-01-0.08880585j,  8.86340847e-01-0.43033515j]],
         input_dims=(2, 2), output_dims=(2, 2))"
"Operator([[ 8.86340847e-01-4.30335148e-01j,
            7.16524738e-02-1.54220898e-01j,
           -6.38850319e-03-1.58621074e-02j,
           -9.63588010e-04-2.31619660e-04j],
          [-1.36954103e-01-1.00805437e-01j,
            9.64342661e-01-4.62886825e-02j,
            1.16932214e-01-1.58167207e-01j,
           -6.38850319e-03-1.58621074e-02j],
          [-2.78380137e-04+1.70980095e-02j,
           -1.31845090e-01-1.45968765e-01j,
            9.64342661e-01-4.62886825e-02j,
            7.16524738e-02-1.54220898e-01j],
          [ 7.34405775e-04-6.65430446e-04j,
           -2.78380137e-04+1.70980095e-02j,
           -1.36954103e-01-1.00805437e-01j,
            8.86340847e-01-4.30335148e-01j]],
         input_dims=(2, 2), output_dims=(2, 2))"
"Operator([[ 8.86340847e-01-0.43033515j,  1.21806156e-01-0.11866517j,
            5.76987465e-03-0.01609745j, -2.39738686e-04-0.0009616j ],
          [-1.63847445e-01-0.04552117j,  9.64342661e-01-0.04628868j,
            1.65530052e-01-0.10625352j,  5.76987465e-03-0.01609745j],
          [ 1.11564615e-02+0.01295966j, -1.75130984e-01-0.08954969j,
            9.64342661e-01-0.04628868j,  1.21806156e-01-0.11866517j],
          [-2.50881523e-04-0.00095875j,  1.11564615e-02+0.01295966j,
           -1.63847445e-01-0.04552117j,  8.86340847e-01-0.43033515j]],
         input_dims=(2, 2), output_dims=(2, 2))"
"Operator([[ 8.86340847e-01-4.30335148e-01j,
           -3.21655789e-02+1.66983646e-01j,
           -1.30939921e-02-1.09984906e-02j,
            8.70651986e-04-4.73407478e-04j],
          [ 1.08460431e-01+1.30975178e-01j,
            9.64342661e-01-4.62886825e-02j,
           -7.51412696e-02+1.81779530e-01j,
           -1.30939921e-02-1.09984906e-02j],
          [-8.28162402e-03+1.49610871e-02j,
            9.25646587e-02+1.73556308e-01j,
            9.64342661e-01-4.62886825e-02j,
           -3.21655789e-02+1.66983646e-01j],
          [-9.91032076e-04+2.22360666e-06j,
           -8.28162402e-03+1.49610871e-02j,
            1.08460431e-01+1.30975178e-01j,
            8.86340847e-01-4.30335148e-01j]],
         input_dims=(2, 2), output_dims=(2, 2))"
"Operator([[ 8.86340847e-01-4.30335148e-01j,
           -2.85951091e-02+1.67631984e-01j,
           -1.35513393e-02-1.04297952e-02j,
            8.38581674e-04-5.28138520e-04j],
          [ 1.05640949e-01+1.33259717e-01j,
            9.64342661e-01-4.62886825e-02j,
           -7.12452958e-02+1.83341528e-01j,
           -1.35513393e-02-1.04297952e-02j],
          [-8.91242517e-03+1.45941119e-02j,
            8.88401874e-02+1.75491963e-01j,
            9.64342661e-01-4.62886825e-02j,
           -2.85951091e-02+1.67631984e-01j],
          [-9.89144141e-04-6.11832351e-05j,
           -8.91242517e-03+1.45941119e-02j,
            1.05640949e-01+1.33259717e-01j,
            8.86340847e-01-4.30335148e-01j]],
         input_dims=(2, 2), output_dims=(2, 2))"
"Operator([[ 8.86340847e-01-0.43033515j,  4.21826807e-02+0.16473853j,
           -1.68138086e-02+0.00311693j, -2.45314235e-04-0.00096019j],
          [ 4.21826807e-02+0.16473853j,  9.64342661e-01-0.04628868j,
            9.63322217e-03+0.19646172j, -1.68138086e-02+0.00311693j],
          [-1.68138086e-02+0.00311693j,  9.63322217e-03+0.19646172j,
            9.64342661e-01-0.04628868j,  4.21826807e-02+0.16473853j],
          [-2.45314235e-04-0.00096019j, -1.68138086e-02+0.00311693j,
            4.21826807e-02+0.16473853j,  8.86340847e-01-0.43033515j]],
         input_dims=(2, 2), output_dims=(2, 2))"
"Operator([[ 8.86340847e-01-0.43033515j, -2.41614522e-03+0.17003624j,
           -1.60841670e-02-0.00580681j,  5.13354658e-04-0.00084771j],
          [ 8.38391491e-02+0.14794985j,  9.64342661e-01-0.04628868j,
           -4.21353552e-02+0.19213178j, -1.60841670e-02-0.00580681j],
          [-1.29340200e-02+0.01118618j,  6.07298559e-02+0.18708793j,
            9.64342661e-01-0.04628868j, -2.41614522e-03+0.17003624j],
          [-8.57059192e-04-0.00049759j, -1.29340200e-02+0.01118618j,
            8.38391491e-02+0.14794985j,  8.86340847e-01-0.43033515j]],
         input_dims=(2, 2), output_dims=(2, 2))"
"Operator([[ 8.86340847e-01-0.43033515j, -1.56787106e-04+0.17005334j,
           -1.62327763e-02-0.0053774j ,  4.79166079e-04-0.0008675j ],
          [ 8.18660495e-02+0.1490507j ,  9.64342661e-01-0.04628868j,
           -3.95789243e-02+0.19267464j, -1.62327763e-02-0.0053774j ],
          [-1.32266722e-02+0.01083857j,  5.82387976e-02+0.18787829j,
            9.64342661e-01-0.04628868j, -1.56787106e-04+0.17005334j],
          [-8.36549643e-04-0.00053135j, -1.32266722e-02+0.01083857j,
            8.18660495e-02+0.1490507j ,  8.86340847e-01-0.43033515j]],
         input_dims=(2, 2), output_dims=(2, 2))"
"Operator([[ 8.86340847e-01-0.43033515j, -4.00859830e-03+0.17000616j,
           -1.59725769e-02-0.00610706j,  5.36968254e-04-0.00083296j],
          [ 8.52211697e-02+0.14715813j,  9.64342661e-01-0.04628868j,
           -4.39330128e-02+0.19172871j, -1.59725769e-02-0.00610706j],
          [-1.27222206e-02+0.01142648j,  6.24794572e-02+0.18651093j,
            9.64342661e-01-0.04628868j, -4.00859830e-03+0.17000616j],
          [-8.70700618e-04-0.00047332j, -1.27222206e-02+0.01142648j,
            8.52211697e-02+0.14715813j,  8.86340847e-01-0.43033515j]],
         input_dims=(2, 2), output_dims=(2, 2))"
"Operator([[ 8.86340847e-01-0.43033515j,  4.21826807e-02+0.16473853j,
           -1.68138086e-02+0.00311693j, -2.45314235e-04-0.00096019j],
          [ 4.21826807e-02+0.16473853j,  9.64342661e-01-0.04628868j,
            9.63322217e-03+0.19646172j, -1.68138086e-02+0.00311693j],
          [-1.68138086e-02+0.00311693j,  9.63322217e-03+0.19646172j,
            9.64342661e-01-0.04628868j,  4.21826807e-02+0.16473853j],
          [-2.45314235e-04-0.00096019j, -1.68138086e-02+0.00311693j,
            4.21826807e-02+0.16473853j,  8.86340847e-01-0.43033515j]],
         input_dims=(2, 2), output_dims=(2, 2))"
"Operator([[ 8.86340847e-01-0.43033515j,  1.70027593e-01+0.00296312j,
            1.60464748e-02+0.00591017j,  8.42718918e-04+0.00052151j],
          [-1.47679389e-01+0.08431465j,  9.64342661e-01-0.04628868j,
            1.91995239e-01+0.0427532j ,  1.60464748e-02+0.00591017j],
          [ 1.28617836e-02-0.01126916j, -1.86891599e-01+0.06133138j,
            9.64342661e-01-0.04628868j,  1.70027593e-01+0.00296312j],
          [-4.89299055e-04+0.00086182j,  1.28617836e-02-0.01126916j,
           -1.47679389e-01+0.08431465j,  8.86340847e-01-0.43033515j]],
         input_dims=(2, 2), output_dims=(2, 2))"
"Operator([[ 8.86340847e-01-4.30335148e-01j,
            6.93837463e-02-1.55254817e-01j,
           -6.85081432e-03-1.56679854e-02j,
           -9.72840447e-04-1.89026415e-04j],
          [-1.35461479e-01-1.02802481e-01j,
            9.64342661e-01-4.62886825e-02j,
            1.14600763e-01-1.59864546e-01j,
           -6.85081432e-03-1.56679854e-02j],
          [-7.79553068e-04+1.70824975e-02j,
           -1.29690877e-01-1.47886052e-01j,
            9.64342661e-01-4.62886825e-02j,
            6.93837463e-02-1.55254817e-01j],
          [ 7.62954648e-04-6.32494843e-04j,
           -7.79553068e-04+1.70824975e-02j,
           -1.35461479e-01-1.02802481e-01j,
            8.86340847e-01-4.30335148e-01j]],
         input_dims=(2, 2), output_dims=(2, 2))"
"Operator([[ 8.86340847e-01-0.43033515j,  4.21826807e-02+0.16473853j,
           -1.68138086e-02+0.00311693j, -2.45314235e-04-0.00096019j],
          [ 4.21826807e-02+0.16473853j,  9.64342661e-01-0.04628868j,
            9.63322217e-03+0.19646172j, -1.68138086e-02+0.00311693j],
          [-1.68138086e-02+0.00311693j,  9.63322217e-03+0.19646172j,
            9.64342661e-01-0.04628868j,  4.21826807e-02+0.16473853j],
          [-2.45314235e-04-0.00096019j, -1.68138086e-02+0.00311693j,
            4.21826807e-02+0.16473853j,  8.86340847e-01-0.43033515j]],
         input_dims=(2, 2), output_dims=(2, 2))"
