unitary
"Operator([[-0.0039255 +0.72795417j,  0.00228445-0.42036498j,
            0.00937492+0.422982j  , -0.23521325+0.24295771j],
          [ 0.00228445-0.42036498j,  0.01217543+0.24558036j,
           -0.21092495+0.73439711j,  0.00937492+0.422982j  ],
          [ 0.00937492+0.422982j  , -0.21092495+0.73439711j,
            0.01217543+0.24558036j,  0.00228445-0.42036498j],
          [-0.23521325+0.24295771j,  0.00937492+0.422982j  ,
            0.00228445-0.42036498j, -0.0039255 +0.72795417j]],
         input_dims=(2, 2), output_dims=(2, 2))"
"Operator([[-0.0039255 +0.72795417j,  0.00228445-0.42036498j,
            0.00937492+0.422982j  , -0.23521325+0.24295771j],
          [ 0.00228445-0.42036498j,  0.01217543+0.24558036j,
           -0.21092495+0.73439711j,  0.00937492+0.422982j  ],
          [ 0.00937492+0.422982j  , -0.21092495+0.73439711j,
            0.01217543+0.24558036j,  0.00228445-0.42036498j],
          [-0.23521325+0.24295771j,  0.00937492+0.422982j  ,
            0.00228445-0.42036498j, -0.0039255 +0.72795417j]],
         input_dims=(2, 2), output_dims=(2, 2))"
"Operator([[-0.0039255 +0.72795417j,  0.00228445-0.42036498j,
            0.00937492+0.422982j  , -0.23521325+0.24295771j],
          [ 0.00228445-0.42036498j,  0.01217543+0.24558036j,
           -0.21092495+0.73439711j,  0.00937492+0.422982j  ],
          [ 0.00937492+0.422982j  , -0.21092495+0.73439711j,
            0.01217543+0.24558036j,  0.00228445-0.42036498j],
          [-0.23521325+0.24295771j,  0.00937492+0.422982j  ,
            0.00228445-0.42036498j, -0.0039255 +0.72795417j]],
         input_dims=(2, 2), output_dims=(2, 2))"
"Operator([[-0.0039255 +0.72795417j,  0.00228445-0.42036498j,
            0.00937492+0.422982j  , -0.23521325+0.24295771j],
          [ 0.00228445-0.42036498j,  0.01217543+0.24558036j,
           -0.21092495+0.73439711j,  0.00937492+0.422982j  ],
          [ 0.00937492+0.422982j  , -0.21092495+0.73439711j,
            0.01217543+0.24558036j,  0.00228445-0.42036498j],
          [-0.23521325+0.24295771j,  0.00937492+0.422982j  ,
            0.00228445-0.42036498j, -0.0039255 +0.72795417j]],
         input_dims=(2, 2), output_dims=(2, 2))"
"Operator([[-0.0039255 +0.72795417j,  0.00228445-0.42036498j,
            0.00937492+0.422982j  , -0.23521325+0.24295771j],
          [ 0.00228445-0.42036498j,  0.01217543+0.24558036j,
           -0.21092495+0.73439711j,  0.00937492+0.422982j  ],
          [ 0.00937492+0.422982j  , -0.21092495+0.73439711j,
            0.01217543+0.24558036j,  0.00228445-0.42036498j],
          [-0.23521325+0.24295771j,  0.00937492+0.422982j  ,
            0.00228445-0.42036498j, -0.0039255 +0.72795417j]],
         input_dims=(2, 2), output_dims=(2, 2))"
