unitary
"Operator([[ 8.86340847e-01-4.30335148e-01j,
           -9.20620010e-03+1.69804029e-01j,
           -1.55693132e-02-7.07219272e-03j,
            6.11039044e-04-7.80244069e-04j],
          [ 8.96819948e-02+1.44482878e-01j,
            9.64342661e-01-4.62886825e-02j,
           -4.97763016e-02+1.90295370e-01j,
           -1.55693132e-02-7.07219272e-03j],
          [-1.19998109e-02+1.21829374e-02j,
            6.81544890e-02+1.84512801e-01j,
            9.64342661e-01-4.62886825e-02j,
           -9.20620010e-03+1.69804029e-01j],
          [-9.10410854e-04-3.91537478e-04j,
           -1.19998109e-02+1.21829374e-02j,
            8.96819948e-02+1.44482878e-01j,
            8.86340847e-01-4.30335148e-01j]],
         input_dims=(2, 2), output_dims=(2, 2))"
"Operator([[ 8.86340847e-01-0.43033515j,  4.03844603e-02+0.16518855j,
           -1.68777605e-02+0.00274966j, -2.13788617e-04-0.0009677j ],
          [ 4.39758889e-02+0.16426894j,  9.64342661e-01-0.04628868j,
            7.49114037e-03+0.19655506j, -1.68777605e-02+0.00274966j],
          [-1.67418655e-02+0.00348272j,  1.17741593e-02+0.19634505j,
            9.64342661e-01-0.04628868j,  4.03844603e-02+0.16518855j],
          [-2.76577534e-04-0.00095166j, -1.67418655e-02+0.00348272j,
            4.39758889e-02+0.16426894j,  8.86340847e-01-0.43033515j]],
         input_dims=(2, 2), output_dims=(2, 2))"
"Operator([[ 8.86340847e-01-0.43033515j,  4.21826807e-02+0.16473853j,
           -1.68138086e-02+0.00311693j, -2.45314235e-04-0.00096019j],
          [ 4.21826807e-02+0.16473853j,  9.64342661e-01-0.04628868j,
            9.63322217e-03+0.19646172j, -1.68138086e-02+0.00311693j],
          [-1.68138086e-02+0.00311693j,  9.63322217e-03+0.19646172j,
            9.64342661e-01-0.04628868j,  4.21826807e-02+0.16473853j],
          [-2.45314235e-04-0.00096019j, -1.68138086e-02+0.00311693j,
            4.21826807e-02+0.16473853j,  8.86340847e-01-0.43033515j]],
         input_dims=(2, 2), output_dims=(2, 2))"
"Operator([[ 8.86340847e-01-0.43033515j,  7.02628426e-02+0.15485895j,
           -1.47209132e-02+0.00870139j, -6.94114816e-04-0.00070736j],
          [ 1.28099698e-02+0.16957024j,  9.64342661e-01-0.04628868j,
            4.37438310e-02+0.19177196j, -1.47209132e-02+0.00870139j],
          [-1.68616762e-02-0.00284663j, -2.47725649e-02+0.19513157j,
            9.64342661e-01-0.04628868j,  7.02628426e-02+0.15485895j],
          [ 2.69763032e-04-0.00095361j, -1.68616762e-02-0.00284663j,
            1.28099698e-02+0.16957024j,  8.86340847e-01-0.43033515j]],
         input_dims=(2, 2), output_dims=(2, 2))"
"Operator([[ 8.86340847e-01-0.43033515j,  1.05886950e-01-0.13306433j,
            1.56330431e-03-0.01702867j, -5.78454447e-04-0.0008047j ],
          [-1.56807619e-01-0.06579919j,  9.64342661e-01-0.04628868j,
            1.50826073e-01-0.12625967j,  1.56330431e-03-0.01702867j],
          [ 7.56319228e-03+0.0153368j , -1.62454782e-01-0.11089838j,
            9.64342661e-01-0.04628868j,  1.05886950e-01-0.13306433j],
          [ 1.21585484e-04-0.00098355j,  7.56319228e-03+0.0153368j ,
           -1.56807619e-01-0.06579919j,  8.86340847e-01-0.43033515j]],
         input_dims=(2, 2), output_dims=(2, 2))"
"Operator([[ 8.86340847e-01-4.30335148e-01j,
           -1.28088934e-01-1.11854313e-01j,
           -3.11076830e-03+1.68149500e-02j,
            8.76194759e-04-4.63068316e-04j],
          [ 5.85681300e-02-1.59649417e-01j,
            9.64342661e-01-4.62886825e-02j,
           -1.19238723e-01-1.56435721e-01j,
           -3.11076830e-03+1.68149500e-02j],
          [-8.93122634e-03-1.45826136e-02j,
            1.03362318e-01-1.67350648e-01j,
            9.64342661e-01-4.62886825e-02j,
           -1.28088934e-01-1.11854313e-01j],
          [-9.90936323e-04+1.39543965e-05j,
           -8.93122634e-03-1.45826136e-02j,
            5.85681300e-02-1.59649417e-01j,
            8.86340847e-01-4.30335148e-01j]],
         input_dims=(2, 2), output_dims=(2, 2))"
"Operator([[ 8.86340847e-01-4.30335148e-01j,
           -1.24100219e-01-1.16263915e-01j,
           -4.27814374e-03+1.65564764e-02j,
            9.19865578e-04-3.68777494e-04j],
          [ 5.29510000e-02-1.61599362e-01j,
            9.64342661e-01-4.62886825e-02j,
           -1.13696857e-01-1.60508669e-01j,
           -4.27814374e-03+1.65564764e-02j],
          [-9.92838520e-03-1.39228801e-02j,
            9.74485714e-02-1.70861886e-01j,
            9.64342661e-01-4.62886825e-02j,
           -1.24100219e-01-1.16263915e-01j],
          [-9.84027923e-04+1.17637441e-04j,
           -9.92838520e-03-1.39228801e-02j,
            5.29510000e-02-1.61599362e-01j,
            8.86340847e-01-4.30335148e-01j]],
         input_dims=(2, 2), output_dims=(2, 2))"
"Operator([[ 8.86340847e-01-0.43033515j,  4.21826807e-02+0.16473853j,
           -1.68138086e-02+0.00311693j, -2.45314235e-04-0.00096019j],
          [ 4.21826807e-02+0.16473853j,  9.64342661e-01-0.04628868j,
            9.63322217e-03+0.19646172j, -1.68138086e-02+0.00311693j],
          [-1.68138086e-02+0.00311693j,  9.63322217e-03+0.19646172j,
            9.64342661e-01-0.04628868j,  4.21826807e-02+0.16473853j],
          [-2.45314235e-04-0.00096019j, -1.68138086e-02+0.00311693j,
            4.21826807e-02+0.16473853j,  8.86340847e-01-0.43033515j]],
         input_dims=(2, 2), output_dims=(2, 2))"
"Operator([[ 8.86340847e-01-0.43033515j,  4.21826807e-02+0.16473853j,
           -1.68138086e-02+0.00311693j, -2.45314235e-04-0.00096019j],
          [ 4.21826807e-02+0.16473853j,  9.64342661e-01-0.04628868j,
            9.63322217e-03+0.19646172j, -1.68138086e-02+0.00311693j],
          [-1.68138086e-02+0.00311693j,  9.63322217e-03+0.19646172j,
            9.64342661e-01-0.04628868j,  4.21826807e-02+0.16473853j],
          [-2.45314235e-04-0.00096019j, -1.68138086e-02+0.00311693j,
            4.21826807e-02+0.16473853j,  8.86340847e-01-0.43033515j]],
         input_dims=(2, 2), output_dims=(2, 2))"
"Operator([[ 8.86340847e-01-0.43033515j, -1.70031929e-01-0.00270288j,
            1.60644908e-02+0.00586102j, -8.45104573e-04-0.00051764j],
          [ 1.47808261e-01-0.08408853j,  9.64342661e-01-0.04628868j,
           -1.92060449e-01-0.0424593j ,  1.60644908e-02+0.00586102j],
          [ 1.28962186e-02-0.01122974j,  1.86985249e-01-0.06104527j,
            9.64342661e-01-0.04628868j, -1.70031929e-01-0.00270288j],
          [ 4.93250979e-04-0.00085957j,  1.28962186e-02-0.01122974j,
            1.47808261e-01-0.08408853j,  8.86340847e-01-0.43033515j]],
         input_dims=(2, 2), output_dims=(2, 2))"
