unitary
"Operator([[ 0.37794656+0.62263254j,  0.39563921+0.17533817j,
            0.36355598+0.05628771j, -0.37892406-0.05732852j],
          [-0.04418197+0.4304902j , -0.05533329+0.17745746j,
           -0.20906377-0.7740312j ,  0.36355598+0.05628771j],
          [-0.32696138+0.16863426j,  0.67122216-0.43851199j,
           -0.05533329+0.17745746j,  0.39563921+0.17533817j],
          [ 0.27344978+0.26850552j, -0.32696138+0.16863426j,
           -0.04418197+0.4304902j ,  0.37794656+0.62263254j]],
         input_dims=(2, 2), output_dims=(2, 2))"
"Operator([[ 0.37794656+0.62263254j, -0.21715476-0.37432295j,
            0.05907815+0.36311297j, -0.17124007+0.34285104j],
          [-0.21715476-0.37432295j, -0.05533329+0.17745746j,
           -0.28555364+0.74919362j,  0.05907815+0.36311297j],
          [ 0.05907815+0.36311297j, -0.28555364+0.74919362j,
           -0.05533329+0.17745746j, -0.21715476-0.37432295j],
          [-0.17124007+0.34285104j,  0.05907815+0.36311297j,
           -0.21715476-0.37432295j,  0.37794656+0.62263254j]],
         input_dims=(2, 2), output_dims=(2, 2))"
"Operator([[ 0.37794656+0.62263254j, -0.17891699+0.39403372j,
           -0.36247592-0.06286865j, -0.06760977+0.37722529j],
          [ 0.43087298+0.04027825j, -0.05533329+0.17745746j,
            0.77589433-0.20203945j, -0.36247592-0.06286865j],
          [ 0.32385082-0.17453339j, -0.44457786-0.66721997j,
           -0.05533329+0.17745746j, -0.17891699+0.39403372j],
          [-0.26097152+0.280649j  ,  0.32385082-0.17453339j,
            0.43087298+0.04027825j,  0.37794656+0.62263254j]],
         input_dims=(2, 2), output_dims=(2, 2))"
"Operator([[ 0.37794656+0.62263254j, -0.16700758-0.39922716j,
           -0.03587119+0.36613456j, -0.28833105+0.25245832j],
          [-0.26366676-0.34315258j, -0.05533329+0.17745746j,
           -0.37989345+0.70605448j, -0.03587119+0.36613456j],
          [ 0.15008819+0.33587914j, -0.18643366+0.77979129j,
           -0.05533329+0.17745746j, -0.16700758-0.39922716j],
          [-0.02863722+0.38216477j,  0.15008819+0.33587914j,
           -0.26366676-0.34315258j,  0.37794656+0.62263254j]],
         input_dims=(2, 2), output_dims=(2, 2))"
"Operator([[ 0.37794656+0.62263254j, -0.04234106-0.43067516j,
           -0.23532832+0.28277525j, -0.37735218-0.06689793j],
          [-0.35285032-0.25054043j, -0.05533329+0.17745746j,
           -0.57057034+0.56327741j, -0.23532832+0.28277525j],
          [ 0.31283251+0.19358998j,  0.05090253+0.80015054j,
           -0.05533329+0.17745746j, -0.04234106-0.43067516j],
          [ 0.28015612+0.26150057j,  0.31283251+0.19358998j,
           -0.35285032-0.25054043j,  0.37794656+0.62263254j]],
         input_dims=(2, 2), output_dims=(2, 2))"
"Operator([[ 0.37794656+0.62263254j, -0.21715476-0.37432295j,
            0.05907815+0.36311297j, -0.17124007+0.34285104j],
          [-0.21715476-0.37432295j, -0.05533329+0.17745746j,
           -0.28555364+0.74919362j,  0.05907815+0.36311297j],
          [ 0.05907815+0.36311297j, -0.28555364+0.74919362j,
           -0.05533329+0.17745746j, -0.21715476-0.37432295j],
          [-0.17124007+0.34285104j,  0.05907815+0.36311297j,
           -0.21715476-0.37432295j,  0.37794656+0.62263254j]],
         input_dims=(2, 2), output_dims=(2, 2))"
"Operator([[ 0.37794656+0.62263254j,  0.12436568+0.41449612j,
           -0.11120491+0.35067753j,  0.35222912-0.15101208j],
          [ 0.29808887+0.31371466j, -0.05533329+0.17745746j,
            0.45160941-0.66248086j, -0.11120491+0.35067753j],
          [ 0.21663645+0.29733803j,  0.10390885-0.79500623j,
           -0.05533329+0.17745746j,  0.12436568+0.41449612j],
          [-0.09085012-0.37231204j,  0.21663645+0.29733803j,
            0.29808887+0.31371466j,  0.37794656+0.62263254j]],
         input_dims=(2, 2), output_dims=(2, 2))"
