unitary
"Operator([[ 9.87115582e-01-1.49262703e-01j,
           -5.75989510e-02+1.46254922e-03j,
            1.91888171e-03+1.05324184e-04j,
           -3.68483439e-05-3.34674811e-06j],
          [ 5.70430458e-02-8.11597987e-03j,
            9.95979600e-01-1.65272526e-02j,
           -6.64864797e-02-2.75024811e-03j,
            1.91888171e-03+1.05324184e-04j],
          [ 1.89172710e-03-3.38480145e-04j,
            6.63582560e-02-4.95960743e-03j,
            9.95979600e-01-1.65272526e-02j,
           -5.75989510e-02+1.46254922e-03j],
          [ 3.57824394e-05-9.41372425e-06j,
            1.89172710e-03-3.38480145e-04j,
            5.70430458e-02-8.11597987e-03j,
            9.87115582e-01-1.49262703e-01j]],
         input_dims=(2, 2), output_dims=(2, 2))"
"Operator([[ 9.87115582e-01-1.49262703e-01j,
           -5.72061233e-02+6.87296599e-03j,
            1.90466134e-03-2.55862088e-04j,
           -3.63202904e-05+7.05958036e-06j],
          [ 5.75534957e-02-2.71539063e-03j,
            9.95979600e-01-1.65272526e-02j,
           -6.64504549e-02+3.51466851e-03j,
            1.90466134e-03-2.55862088e-04j],
          [ 1.92164704e-03+2.17455336e-05j,
            6.65305789e-02+1.30304240e-03j,
            9.95979600e-01-1.65272526e-02j,
           -5.72061233e-02+6.87296599e-03j],
          [ 3.69881749e-05+9.35996252e-07j,
            1.92164704e-03+2.17455336e-05j,
            5.75534957e-02-2.71539063e-03j,
            9.87115582e-01-1.49262703e-01j]],
         input_dims=(2, 2), output_dims=(2, 2))"
"Operator([[ 9.87115582e-01-1.49262703e-01j,
            4.79732348e-03+5.74174529e-02j,
           -1.91818285e-03+1.17365961e-04j,
           -3.07994935e-06-3.68716027e-05j],
          [ 4.79732348e-03+5.74174529e-02j,
            9.95979600e-01-1.65272526e-02j,
            1.10653851e-03+6.65341372e-02j,
           -1.91818285e-03+1.17365961e-04j],
          [-1.91818285e-03+1.17365961e-04j,
            1.10653851e-03+6.65341372e-02j,
            9.95979600e-01-1.65272526e-02j,
            4.79732348e-03+5.74174529e-02j],
          [-3.07994935e-06-3.68716027e-05j,
           -1.91818285e-03+1.17365961e-04j,
            4.79732348e-03+5.74174529e-02j,
            9.87115582e-01-1.49262703e-01j]],
         input_dims=(2, 2), output_dims=(2, 2))"
"Operator([[ 9.87115582e-01-1.49262703e-01j,
            4.79732348e-03+5.74174529e-02j,
           -1.91818285e-03+1.17365961e-04j,
           -3.07994935e-06-3.68716027e-05j],
          [ 4.79732348e-03+5.74174529e-02j,
            9.95979600e-01-1.65272526e-02j,
            1.10653851e-03+6.65341372e-02j,
           -1.91818285e-03+1.17365961e-04j],
          [-1.91818285e-03+1.17365961e-04j,
            1.10653851e-03+6.65341372e-02j,
            9.95979600e-01-1.65272526e-02j,
            4.79732348e-03+5.74174529e-02j],
          [-3.07994935e-06-3.68716027e-05j,
           -1.91818285e-03+1.17365961e-04j,
            4.79732348e-03+5.74174529e-02j,
            9.87115582e-01-1.49262703e-01j]],
         input_dims=(2, 2), output_dims=(2, 2))"
"Operator([[ 9.87115582e-01-1.49262703e-01j,
           -5.50604784e-02+1.69741547e-02j,
            1.69340284e-03-9.08618201e-04j,
           -2.75621669e-05+2.46845727e-05j],
          [ 5.71138406e-02+7.60180415e-03j,
            9.95979600e-01-1.65272526e-02j,
           -6.47558095e-02+1.53199535e-02j,
            1.69340284e-03-9.08618201e-04j],
          [ 1.79154559e-03+6.95388100e-04j,
            6.52294329e-02+1.31581508e-02j,
            9.95979600e-01-1.65272526e-02j,
           -5.50604784e-02+1.69741547e-02j],
          [ 3.12755148e-05+1.97697584e-05j,
            1.79154559e-03+6.95388100e-04j,
            5.71138406e-02+7.60180415e-03j,
            9.87115582e-01-1.49262703e-01j]],
         input_dims=(2, 2), output_dims=(2, 2))"
"Operator([[ 9.87115582e-01-1.49262703e-01j,
           -5.50356019e-02+1.70546395e-02j,
            1.69073865e-03-9.13566100e-04j,
           -2.74536294e-05+2.48052293e-05j],
          [ 5.71026650e-02+7.68530117e-03j,
            9.95979600e-01-1.65272526e-02j,
           -6.47333413e-02+1.54146155e-02j,
            1.69073865e-03-9.13566100e-04j],
          [ 1.78950450e-03+7.00623896e-04j,
            6.52101248e-02+1.32535076e-02j,
            9.95979600e-01-1.65272526e-02j,
           -5.50356019e-02+1.70546395e-02j],
          [ 3.11884991e-05+1.99067499e-05j,
            1.78950450e-03+7.00623896e-04j,
            5.71026650e-02+7.68530117e-03j,
            9.87115582e-01-1.49262703e-01j]],
         input_dims=(2, 2), output_dims=(2, 2))"
"Operator([[ 9.87115582e-01-1.49262703e-01j,
           -5.67023850e-02+1.02282815e-02j,
            1.86139474e-03-4.77922410e-04j,
           -3.45139880e-05+1.33336343e-05j],
          [ 5.76135391e-02+6.76996316e-04j,
            9.95979600e-01-1.65272526e-02j,
           -6.61283625e-02+7.41994097e-03j,
            1.86139474e-03-4.77922410e-04j],
          [ 1.90577581e-03+2.47424263e-04j,
            6.63385270e-02+5.21686567e-03j,
            9.95979600e-01-1.65272526e-02j,
           -5.67023850e-02+1.02282815e-02j],
          [ 3.62478074e-05+7.42277797e-06j,
            1.90577581e-03+2.47424263e-04j,
            5.76135391e-02+6.76996316e-04j,
            9.87115582e-01-1.49262703e-01j]],
         input_dims=(2, 2), output_dims=(2, 2))"
"Operator([[ 9.87115582e-01-1.49262703e-01j,
           -5.71599287e-02-7.24712082e-03j,
            1.80004066e-03+6.73092730e-04j,
           -3.16382379e-05-1.91839275e-05j],
          [ 5.51647854e-02-1.66320371e-02j,
            9.95979600e-01-1.65272526e-02j,
           -6.53098559e-02-1.27529825e-02j,
            1.80004066e-03+6.73092730e-04j],
          [ 1.70455270e-03-8.87524825e-04j,
            6.48496612e-02-1.49176836e-02j,
            9.95979600e-01-1.65272526e-02j,
           -5.71599287e-02-7.24712082e-03j],
          [ 2.80170560e-05-2.41670384e-05j,
            1.70455270e-03-8.87524825e-04j,
            5.51647854e-02-1.66320371e-02j,
            9.87115582e-01-1.49262703e-01j]],
         input_dims=(2, 2), output_dims=(2, 2))"
"Operator([[ 9.87115582e-01-1.49262703e-01j,
           -5.11036254e-02-2.66119838e-02j,
            9.29729929e-04+1.68190442e-03j,
            1.34123021e-06-3.69756984e-05j],
          [ 4.59789527e-02-3.47233943e-02j,
            9.95979600e-01-1.65272526e-02j,
           -5.68396472e-02-3.46015946e-02j,
            9.29729929e-04+1.68190442e-03j],
          [ 7.17744182e-04-1.78270679e-03j,
            5.56576032e-02-3.64725520e-02j,
            9.95979600e-01-1.65272526e-02j,
           -5.11036254e-02-2.66119838e-02j],
          [-7.45712850e-06-3.62407562e-05j,
            7.17744182e-04-1.78270679e-03j,
            4.59789527e-02-3.47233943e-02j,
            9.87115582e-01-1.49262703e-01j]],
         input_dims=(2, 2), output_dims=(2, 2))"
"Operator([[ 9.87115582e-01-1.49262703e-01j,
           -4.52557835e-02-3.56607945e-02j,
            2.49982628e-04+1.90544192e-03j,
            2.08322264e-05-3.05780888e-05j],
          [ 3.87105873e-02-4.26763242e-02j,
            9.95979600e-01-1.65272526e-02j,
           -4.94040818e-02-4.45786109e-02j,
            2.49982628e-04+1.90544192e-03j],
          [ 1.58147658e-05-1.92170500e-03j,
            4.78943833e-02-4.61967952e-02j,
            9.95979600e-01-1.65272526e-02j,
           -4.52557835e-02-3.56607945e-02j],
          [-2.56166095e-05-2.66981364e-05j,
            1.58147658e-05-1.92170500e-03j,
            3.87105873e-02-4.26763242e-02j,
            9.87115582e-01-1.49262703e-01j]],
         input_dims=(2, 2), output_dims=(2, 2))"
"Operator([[ 9.87115582e-01-1.49262703e-01j,
           -4.39247058e-02-3.72880467e-02j,
            1.10383735e-04+1.91859731e-03j,
            2.40481795e-05-2.81191436e-05j],
          [ 3.71279307e-02-4.40601290e-02j,
            9.95979600e-01-1.65272526e-02j,
           -4.77449090e-02-4.63512622e-02j,
            1.10383735e-04+1.91859731e-03j],
          [-1.24346632e-04-1.91774298e-03j,
            4.61771821e-02-4.79132936e-02j,
            9.95979600e-01-1.65272526e-02j,
           -4.39247058e-02-3.72880467e-02j],
          [-2.83800411e-05-2.37397228e-05j,
           -1.24346632e-04-1.91774298e-03j,
            3.71279307e-02-4.40601290e-02j,
            9.87115582e-01-1.49262703e-01j]],
         input_dims=(2, 2), output_dims=(2, 2))"
"Operator([[ 9.87115582e-01-1.49262703e-01j,
            4.79732348e-03+5.74174529e-02j,
           -1.91818285e-03+1.17365961e-04j,
           -3.07994935e-06-3.68716027e-05j],
          [ 4.79732348e-03+5.74174529e-02j,
            9.95979600e-01-1.65272526e-02j,
            1.10653851e-03+6.65341372e-02j,
           -1.91818285e-03+1.17365961e-04j],
          [-1.91818285e-03+1.17365961e-04j,
            1.10653851e-03+6.65341372e-02j,
            9.95979600e-01-1.65272526e-02j,
            4.79732348e-03+5.74174529e-02j],
          [-3.07994935e-06-3.68716027e-05j,
           -1.91818285e-03+1.17365961e-04j,
            4.79732348e-03+5.74174529e-02j,
            9.87115582e-01-1.49262703e-01j]],
         input_dims=(2, 2), output_dims=(2, 2))"
"Operator([[ 9.87115582e-01-1.49262703e-01j,
           -4.56101279e-02-3.52064545e-02j,
            2.88039491e-04+1.90006144e-03j,
            1.99056338e-05-3.11892115e-05j],
          [ 3.91354141e-02-4.22870852e-02j,
            9.95979600e-01-1.65272526e-02j,
           -4.98473968e-02-4.40823420e-02j,
            2.88039491e-04+1.90006144e-03j],
          [ 5.42437076e-05-1.92100438e-03j,
            4.83539556e-02-4.57155424e-02j,
            9.95979600e-01-1.65272526e-02j,
           -4.56101279e-02-3.52064545e-02j],
          [-2.48042468e-05-2.74545171e-05j,
            5.42437076e-05-1.92100438e-03j,
            3.91354141e-02-4.22870852e-02j,
            9.87115582e-01-1.49262703e-01j]],
         input_dims=(2, 2), output_dims=(2, 2))"
"Operator([[ 9.87115582e-01-1.49262703e-01j,
            4.79732348e-03+5.74174529e-02j,
           -1.91818285e-03+1.17365961e-04j,
           -3.07994935e-06-3.68716027e-05j],
          [ 4.79732348e-03+5.74174529e-02j,
            9.95979600e-01-1.65272526e-02j,
            1.10653851e-03+6.65341372e-02j,
           -1.91818285e-03+1.17365961e-04j],
          [-1.91818285e-03+1.17365961e-04j,
            1.10653851e-03+6.65341372e-02j,
            9.95979600e-01-1.65272526e-02j,
            4.79732348e-03+5.74174529e-02j],
          [-3.07994935e-06-3.68716027e-05j,
           -1.91818285e-03+1.17365961e-04j,
            4.79732348e-03+5.74174529e-02j,
            9.87115582e-01-1.49262703e-01j]],
         input_dims=(2, 2), output_dims=(2, 2))"
"Operator([[ 9.87115582e-01-1.49262703e-01j,
           -4.85091652e-02-3.10908203e-02j,
            6.14092170e-04+1.82101373e-03j,
            1.11408679e-05-3.52828887e-05j],
          [ 4.26772247e-02-3.87095945e-02j,
            9.95979600e-01-1.65272526e-02j,
           -5.35050260e-02-3.95629629e-02j,
            6.14092170e-04+1.82101373e-03j],
          [ 3.87501335e-04-1.88229725e-03j,
            5.21598454e-02-4.13202901e-02j,
            9.95979600e-01-1.65272526e-02j,
           -4.85091652e-02-3.10908203e-02j],
          [-1.68401117e-05-3.29455886e-05j,
            3.87501335e-04-1.88229725e-03j,
            4.26772247e-02-3.87095945e-02j,
            9.87115582e-01-1.49262703e-01j]],
         input_dims=(2, 2), output_dims=(2, 2))"
