unitary
"Operator([[ 9.41366246e-01-0.31421358j, -1.15398943e-01-0.04129517j,
            5.36071372e-03+0.0069529j , -6.56676556e-05-0.00035677j],
          [ 9.36418867e-02-0.07907847j,  9.81660078e-01-0.03435118j,
           -1.25172632e-01-0.06630244j,  5.36071372e-03+0.0069529j ],
          [ 3.37785943e-03-0.00810371j,  1.20176426e-01-0.07497885j,
            9.81660078e-01-0.03435118j, -1.15398943e-01-0.04129517j],
          [-6.32365109e-05-0.00035721j,  3.37785943e-03-0.00810371j,
            9.36418867e-02-0.07907847j,  9.41366246e-01-0.31421358j]],
         input_dims=(2, 2), output_dims=(2, 2))"
"Operator([[ 9.41366246e-01-3.14213578e-01j,
           -1.05328065e-01+6.26753969e-02j,
            5.81507825e-03-6.57761101e-03j,
           -1.13529979e-04+3.44538457e-04j],
          [ 1.20603729e-01+2.18391222e-02j,
            9.81660078e-01-3.43511799e-02j,
           -1.30832982e-01+5.42856494e-02j,
            5.81507825e-03-6.57761101e-03j],
          [ 7.31973347e-03+4.84784526e-03j,
            1.34340826e-01+4.49081669e-02j,
            9.81660078e-01-3.43511799e-02j,
           -1.05328065e-01+6.26753969e-02j],
          [ 2.26843962e-04+2.83085890e-04j,
            7.31973347e-03+4.84784526e-03j,
            1.20603729e-01+2.18391222e-02j,
            9.41366246e-01-3.14213578e-01j]],
         input_dims=(2, 2), output_dims=(2, 2))"
"Operator([[ 9.41366246e-01-0.31421358j,  2.17999268e-02+0.12061082j,
           -8.70437146e-03+0.00114631j, -6.44524569e-05-0.00035699j],
          [ 2.17999268e-02+0.12061082j,  9.81660078e-01-0.03435118j,
            5.00604995e-03+0.14155967j, -8.70437146e-03+0.00114631j],
          [-8.70437146e-03+0.00114631j,  5.00604995e-03+0.14155967j,
            9.81660078e-01-0.03435118j,  2.17999268e-02+0.12061082j],
          [-6.44524569e-05-0.00035699j, -8.70437146e-03+0.00114631j,
            2.17999268e-02+0.12061082j,  9.41366246e-01-0.31421358j]],
         input_dims=(2, 2), output_dims=(2, 2))"
"Operator([[ 9.41366246e-01-3.14213578e-01j,
           -1.05209940e-01+6.28734855e-02j,
            5.79028246e-03-6.59944927e-03j,
           -1.11583188e-04+3.45173864e-04j],
          [ 1.20562420e-01+2.20660279e-02j,
            9.81660078e-01-3.43511799e-02j,
           -1.30730599e-01+5.45317464e-02j,
            5.79028246e-03-6.59944927e-03j],
          [ 7.30143694e-03+4.87535849e-03j,
            1.34256083e-01+4.51608814e-02j,
            9.81660078e-01-3.43511799e-02j,
           -1.05209940e-01+6.28734855e-02j],
          [ 2.25242276e-04+2.84361954e-04j,
            7.30143694e-03+4.87535849e-03j,
            1.20562420e-01+2.20660279e-02j,
            9.41366246e-01-3.14213578e-01j]],
         input_dims=(2, 2), output_dims=(2, 2))"
"Operator([[ 9.41366246e-01-0.31421358j,  2.17999268e-02+0.12061082j,
           -8.70437146e-03+0.00114631j, -6.44524569e-05-0.00035699j],
          [ 2.17999268e-02+0.12061082j,  9.81660078e-01-0.03435118j,
            5.00604995e-03+0.14155967j, -8.70437146e-03+0.00114631j],
          [-8.70437146e-03+0.00114631j,  5.00604995e-03+0.14155967j,
            9.81660078e-01-0.03435118j,  2.17999268e-02+0.12061082j],
          [-6.44524569e-05-0.00035699j, -8.70437146e-03+0.00114631j,
            2.17999268e-02+0.12061082j,  9.41366246e-01-0.31421358j]],
         input_dims=(2, 2), output_dims=(2, 2))"
"Operator([[ 9.41366246e-01-3.14213578e-01j,
           -1.05879141e-01+6.17398903e-02j,
            5.93069640e-03-6.47355713e-03j,
           -1.22645200e-04+3.41399999e-04j],
          [ 1.20792458e-01+2.07698986e-02j,
            9.81660078e-01-3.43511799e-02j,
           -1.31308737e-01+5.31245370e-02j,
            5.93069640e-03-6.47355713e-03j],
          [ 7.40447045e-03+4.71740596e-03j,
            1.34733373e-01+4.37163483e-02j,
            9.81660078e-01-3.43511799e-02j,
           -1.05879141e-01+6.17398903e-02j],
          [ 2.34286211e-04+2.76958075e-04j,
            7.40447045e-03+4.71740596e-03j,
            1.20792458e-01+2.07698986e-02j,
            9.41366246e-01-3.14213578e-01j]],
         input_dims=(2, 2), output_dims=(2, 2))"
"Operator([[ 9.41366246e-01-3.14213578e-01j,
           -1.02878142e-01+6.66205269e-02j,
            5.30038921e-03-6.99899821e-03j,
           -7.37159530e-05+3.55192571e-04j],
          [ 1.19689832e-01+2.63922494e-02j,
            9.81660078e-01-3.43511799e-02j,
           -1.28682578e-01+5.92029986e-02j,
            5.30038921e-03-6.99899821e-03j],
          [ 6.93168833e-03+5.38811643e-03j,
            1.32543149e-01+4.99651343e-02j,
            9.81660078e-01-3.43511799e-02j,
           -1.02878142e-01+6.66205269e-02j],
          [ 1.93269213e-04+3.06989927e-04j,
            6.93168833e-03+5.38811643e-03j,
            1.19689832e-01+2.63922494e-02j,
            9.41366246e-01-3.14213578e-01j]],
         input_dims=(2, 2), output_dims=(2, 2))"
"Operator([[ 9.41366246e-01-0.31421358j,  2.17999268e-02+0.12061082j,
           -8.70437146e-03+0.00114631j, -6.44524569e-05-0.00035699j],
          [ 2.17999268e-02+0.12061082j,  9.81660078e-01-0.03435118j,
            5.00604995e-03+0.14155967j, -8.70437146e-03+0.00114631j],
          [-8.70437146e-03+0.00114631j,  5.00604995e-03+0.14155967j,
            9.81660078e-01-0.03435118j,  2.17999268e-02+0.12061082j],
          [-6.44524569e-05-0.00035699j, -8.70437146e-03+0.00114631j,
            2.17999268e-02+0.12061082j,  9.41366246e-01-0.31421358j]],
         input_dims=(2, 2), output_dims=(2, 2))"
"Operator([[ 9.41366246e-01-0.31421358j, -9.49526749e-02+0.07749965j,
            3.64726864e-03-0.00798608j,  4.52226408e-05+0.00035993j],
          [ 1.16074123e-01+0.0393574j ,  9.81660078e-01-0.03435118j,
           -1.21414861e-01+0.07295637j,  3.64726864e-03-0.00798608j],
          [ 5.59048361e-03+0.00676953j,  1.26265107e-01+0.06419754j,
            9.81660078e-01-0.03435118j, -9.49526749e-02+0.07749965j],
          [ 8.34969223e-05+0.00035302j,  5.59048361e-03+0.00676953j,
            1.16074123e-01+0.0393574j ,  9.41366246e-01-0.31421358j]],
         input_dims=(2, 2), output_dims=(2, 2))"
"Operator([[ 9.41366246e-01-0.31421358j,  2.17999268e-02+0.12061082j,
           -8.70437146e-03+0.00114631j, -6.44524569e-05-0.00035699j],
          [ 2.17999268e-02+0.12061082j,  9.81660078e-01-0.03435118j,
            5.00604995e-03+0.14155967j, -8.70437146e-03+0.00114631j],
          [-8.70437146e-03+0.00114631j,  5.00604995e-03+0.14155967j,
            9.81660078e-01-0.03435118j,  2.17999268e-02+0.12061082j],
          [-6.44524569e-05-0.00035699j, -8.70437146e-03+0.00114631j,
            2.17999268e-02+0.12061082j,  9.41366246e-01-0.31421358j]],
         input_dims=(2, 2), output_dims=(2, 2))"
"Operator([[ 9.41366246e-01-3.14213578e-01j,
           -8.33612828e-02+8.98504490e-02j,
            1.32760809e-03-8.67856892e-03j,
            1.86480875e-04+3.11160228e-04j],
          [ 1.09539603e-01+5.49843798e-02j,
            9.81660078e-01-3.43511799e-02j,
           -1.10197143e-01+8.89988237e-02j,
            1.32760809e-03-8.67856892e-03j],
          [ 3.52919357e-03+8.03896103e-03j,
            1.16208630e-01+8.09923159e-02j,
            9.81660078e-01-3.43511799e-02j,
           -8.33612828e-02+8.98504490e-02j],
          [-6.58978813e-05+3.56725768e-04j,
            3.52919357e-03+8.03896103e-03j,
            1.09539603e-01+5.49843798e-02j,
            9.41366246e-01-3.14213578e-01j]],
         input_dims=(2, 2), output_dims=(2, 2))"
"Operator([[ 9.41366246e-01-0.31421358j,  2.17999268e-02+0.12061082j,
           -8.70437146e-03+0.00114631j, -6.44524569e-05-0.00035699j],
          [ 2.17999268e-02+0.12061082j,  9.81660078e-01-0.03435118j,
            5.00604995e-03+0.14155967j, -8.70437146e-03+0.00114631j],
          [-8.70437146e-03+0.00114631j,  5.00604995e-03+0.14155967j,
            9.81660078e-01-0.03435118j,  2.17999268e-02+0.12061082j],
          [-6.44524569e-05-0.00035699j, -8.70437146e-03+0.00114631j,
            2.17999268e-02+0.12061082j,  9.41366246e-01-0.31421358j]],
         input_dims=(2, 2), output_dims=(2, 2))"
"Operator([[ 9.41366246e-01-3.14213578e-01j,
            1.17603113e-01-3.45212166e-02j,
            8.26413134e-03-2.96382101e-03j,
            3.18573180e-04-1.73513497e-04j],
          [-1.22246579e-01+8.83066300e-03j,
            9.81660078e-01-3.43511799e-02j,
            1.40221397e-01-2.00539465e-02j,
            8.26413134e-03-2.96382101e-03j],
          [ 8.74968915e-03+7.23216070e-04j,
           -1.41287704e-01-1.00987904e-02j,
            9.81660078e-01-3.43511799e-02j,
            1.17603113e-01-3.45212166e-02j],
          [-3.59136144e-04-5.11569573e-05j,
            8.74968915e-03+7.23216070e-04j,
           -1.22246579e-01+8.83066300e-03j,
            9.41366246e-01-3.14213578e-01j]],
         input_dims=(2, 2), output_dims=(2, 2))"
"Operator([[ 9.41366246e-01-3.14213578e-01j,
            8.24462265e-02-9.06908286e-02j,
            1.15140281e-03-8.70369883e-03j,
           -1.95855632e-04-3.05346321e-04j],
          [-1.08976623e-01-5.60919085e-02j,
            9.81660078e-01-3.43511799e-02j,
            1.09289341e-01-9.01112701e-02j,
            1.15140281e-03-8.70369883e-03j],
          [ 3.36550204e-03+8.10885305e-03j,
           -1.15381677e-01-8.21661094e-02j,
            9.81660078e-01-3.43511799e-02j,
            8.24462265e-02-9.06908286e-02j],
          [ 7.67138326e-05-3.54557177e-04j,
            3.36550204e-03+8.10885305e-03j,
           -1.08976623e-01-5.60919085e-02j,
            9.41366246e-01-3.14213578e-01j]],
         input_dims=(2, 2), output_dims=(2, 2))"
