unitary
"Operator([[ 0.6967498 -0.66116202j, -0.25936221-0.0892177j ,
            0.01695824+0.04322008j,  0.00118399-0.00435712j],
          [ 0.10676578-0.25264525j,  0.90380399-0.06663156j,
           -0.24899355-0.19828436j,  0.01695824+0.04322008j],
          [-0.01089495-0.04513155j,  0.21486661-0.2348336j ,
            0.90380399-0.06663156j, -0.25936221-0.0892177j ],
          [-0.00402372-0.00204841j, -0.01089495-0.04513155j,
            0.10676578-0.25264525j,  0.6967498 -0.66116202j]],
         input_dims=(2, 2), output_dims=(2, 2))"
"Operator([[ 0.6967498 -6.61162025e-01j, -0.26584234+6.75011155e-02j,
            0.04639629+1.71501594e-03j, -0.00449423-4.33778450e-04j],
          [ 0.22775645-1.52825232e-01j,  0.90380399-6.66315600e-02j,
           -0.31693747-2.94129410e-02j,  0.04639629+1.71501594e-03j],
          [ 0.03702421-2.80136544e-02j,  0.30841987-7.86871238e-02j,
            0.90380399-6.66315600e-02j, -0.26584234+6.75011155e-02j],
          [ 0.0026964 -3.62156149e-03j,  0.03702421-2.80136544e-02j,
            0.22775645-1.52825232e-01j,  0.6967498 -6.61162025e-01j]],
         input_dims=(2, 2), output_dims=(2, 2))"
"Operator([[ 0.6967498 -0.66116202j, -0.11825812-0.24747438j,
           -0.04349591+0.01623768j,  0.00214538+0.00397286j],
          [-0.1052605 -0.25327609j,  0.90380399-0.06663156j,
           -0.03322762-0.31656027j, -0.04349591+0.01623768j],
          [-0.04494427+0.01164343j, -0.01676049-0.31785777j,
            0.90380399-0.06663156j, -0.11825812-0.24747438j],
          [ 0.00150334+0.0042575j , -0.04494427+0.01164343j,
           -0.1052605 -0.25327609j,  0.6967498 -0.66116202j]],
         input_dims=(2, 2), output_dims=(2, 2))"
"Operator([[ 0.6967498 -0.66116202j,  0.25045628-0.11180431j,
            0.0442789 -0.01396196j,  0.00412752-0.00183026j],
          [-0.25046285+0.11178959j,  0.90380399-0.06663156j,
            0.31731513-0.0250118j ,  0.0442789 -0.01396196j],
          [ 0.04428054-0.01395675j, -0.31731659+0.02499315j,
            0.90380399-0.06663156j,  0.25045628-0.11180431j],
          [-0.00412784+0.00182954j,  0.04428054-0.01395675j,
           -0.25046285+0.11178959j,  0.6967498 -0.66116202j]],
         input_dims=(2, 2), output_dims=(2, 2))"
"Operator([[ 6.96749798e-01-0.66116202j,  1.86609324e-01-0.20101123j,
            2.06112284e-02-0.04160209j, -2.46460275e-04-0.00450839j],
          [-2.74238037e-01+0.00469595j,  9.03803987e-01-0.06663156j,
            2.82132984e-01-0.14736166j,  2.06112284e-02-0.04160209j],
          [ 4.07438934e-02+0.02225965j, -3.01730428e-01-0.10135693j,
            9.03803987e-01-0.06663156j,  1.86609324e-01-0.20101123j],
          [-3.17527519e-03-0.00320997j,  4.07438934e-02+0.02225965j,
           -2.74238037e-01+0.00469595j,  6.96749798e-01-0.66116202j]],
         input_dims=(2, 2), output_dims=(2, 2))"
"Operator([[ 0.6967498 -0.66116202j,  0.11179695+0.25045957j,
           -0.04427972+0.01395935j, -0.0018299 -0.00412768j],
          [ 0.11179695+0.25045957j,  0.90380399-0.06663156j,
            0.02500247+0.31731586j, -0.04427972+0.01395935j],
          [-0.04427972+0.01395935j,  0.02500247+0.31731586j,
            0.90380399-0.06663156j,  0.11179695+0.25045957j],
          [-0.0018299 -0.00412768j, -0.04427972+0.01395935j,
            0.11179695+0.25045957j,  0.6967498 -0.66116202j]],
         input_dims=(2, 2), output_dims=(2, 2))"
"Operator([[ 0.6967498 -0.66116202j,  0.16006252-0.22272975j,
            0.0096658 -0.04541067j, -0.00188228-0.00410406j],
          [-0.27267985-0.02956771j,  0.90380399-0.06663156j,
            0.26153515-0.18142173j,  0.0096658 -0.04541067j],
          [ 0.03396167+0.03165694j, -0.28672109-0.13822262j,
            0.90380399-0.06663156j,  0.16006252-0.22272975j],
          [-0.00177723-0.00415063j,  0.03396167+0.03165694j,
           -0.27267985-0.02956771j,  0.6967498 -0.66116202j]],
         input_dims=(2, 2), output_dims=(2, 2))"
"Operator([[ 0.6967498 -0.66116202j,  0.11179695+0.25045957j,
           -0.04427972+0.01395935j, -0.0018299 -0.00412768j],
          [ 0.11179695+0.25045957j,  0.90380399-0.06663156j,
            0.02500247+0.31731586j, -0.04427972+0.01395935j],
          [-0.04427972+0.01395935j,  0.02500247+0.31731586j,
            0.90380399-0.06663156j,  0.11179695+0.25045957j],
          [-0.0018299 -0.00412768j, -0.04427972+0.01395935j,
            0.11179695+0.25045957j,  0.6967498 -0.66116202j]],
         input_dims=(2, 2), output_dims=(2, 2))"
"Operator([[ 0.6967498 -0.66116202j, -0.11626352-0.24841769j,
           -0.04375152+0.01553581j,  0.00204889+0.00402348j],
          [-0.10729454-0.25242114j,  0.90380399-0.06663156j,
           -0.03068002-0.31681732j, -0.04375152+0.01553581j],
          [-0.04475113+0.012365j  , -0.01931691-0.31771266j,
            0.90380399-0.06663156j, -0.11626352-0.24841769j],
          [ 0.00160564+0.00421998j, -0.04475113+0.012365j  ,
           -0.10729454-0.25242114j,  0.6967498 -0.66116202j]],
         input_dims=(2, 2), output_dims=(2, 2))"
"Operator([[ 0.6967498 -0.66116202j, -0.17557425+0.21071838j,
            0.01604252-0.04356828j,  0.00096499+0.00441079j],
          [ 0.27409587+0.01000035j,  0.90380399-0.06663156j,
           -0.27383451+0.16226256j,  0.01604252-0.04356828j],
          [ 0.03812883+0.02649054j,  0.29586807+0.11737361j,
            0.90380399-0.06663156j, -0.17557425+0.21071838j],
          [ 0.00262047+0.00367688j,  0.03812883+0.02649054j,
            0.27409587+0.01000035j,  0.6967498 -0.66116202j]],
         input_dims=(2, 2), output_dims=(2, 2))"
"Operator([[ 0.6967498 -0.66116202j,  0.11179695+0.25045957j,
           -0.04427972+0.01395935j, -0.0018299 -0.00412768j],
          [ 0.11179695+0.25045957j,  0.90380399-0.06663156j,
            0.02500247+0.31731586j, -0.04427972+0.01395935j],
          [-0.04427972+0.01395935j,  0.02500247+0.31731586j,
            0.90380399-0.06663156j,  0.11179695+0.25045957j],
          [-0.0018299 -0.00412768j, -0.04427972+0.01395935j,
            0.11179695+0.25045957j,  0.6967498 -0.66116202j]],
         input_dims=(2, 2), output_dims=(2, 2))"
"Operator([[ 0.6967498 -0.66116202j,  0.11179695+0.25045957j,
           -0.04427972+0.01395935j, -0.0018299 -0.00412768j],
          [ 0.11179695+0.25045957j,  0.90380399-0.06663156j,
            0.02500247+0.31731586j, -0.04427972+0.01395935j],
          [-0.04427972+0.01395935j,  0.02500247+0.31731586j,
            0.90380399-0.06663156j,  0.11179695+0.25045957j],
          [-0.0018299 -0.00412768j, -0.04427972+0.01395935j,
            0.11179695+0.25045957j,  0.6967498 -0.66116202j]],
         input_dims=(2, 2), output_dims=(2, 2))"
