unitary
"Operator([[ 9.79896396e-01-1.86061205e-01j,
            7.48359637e-03+7.15490740e-02j,
           -2.99161851e-03+2.28964423e-04j,
           -7.51053336e-06-7.18334464e-05j],
          [ 7.48359637e-03+7.15490740e-02j,
            9.93724598e-01-2.05613108e-02j,
            1.72495521e-03+8.30746916e-02j,
           -2.99161851e-03+2.28964423e-04j],
          [-2.99161851e-03+2.28964423e-04j,
            1.72495521e-03+8.30746916e-02j,
            9.93724598e-01-2.05613108e-02j,
            7.48359637e-03+7.15490740e-02j],
          [-7.51053336e-06-7.18334464e-05j,
           -2.99161851e-03+2.28964423e-04j,
            7.48359637e-03+7.15490740e-02j,
            9.79896396e-01-1.86061205e-01j]],
         input_dims=(2, 2), output_dims=(2, 2))"
"Operator([[ 9.79896396e-01-1.86061205e-01j,
            7.15898265e-02+7.08314577e-03j,
            2.83917126e-03+9.70212662e-04j,
            6.32329635e-05+3.49004936e-05j],
          [-6.85747350e-02+2.17435033e-02j,
            9.93724598e-01-2.05613108e-02j,
            8.17191036e-02+1.50455293e-02j,
            2.83917126e-03+9.70212662e-04j],
          [ 2.65845702e-03-1.39097530e-03j,
           -8.10241306e-02+1.84247148e-02j,
            9.93724598e-01-2.05613108e-02j,
            7.15898265e-02+7.08314577e-03j],
          [-5.46463114e-05+4.72253405e-05j,
            2.65845702e-03-1.39097530e-03j,
           -6.85747350e-02+2.17435033e-02j,
            9.79896396e-01-1.86061205e-01j]],
         input_dims=(2, 2), output_dims=(2, 2))"
"Operator([[ 9.79896396e-01-1.86061205e-01j,
            7.48359637e-03+7.15490740e-02j,
           -2.99161851e-03+2.28964423e-04j,
           -7.51053336e-06-7.18334464e-05j],
          [ 7.48359637e-03+7.15490740e-02j,
            9.93724598e-01-2.05613108e-02j,
            1.72495521e-03+8.30746916e-02j,
           -2.99161851e-03+2.28964423e-04j],
          [-2.99161851e-03+2.28964423e-04j,
            1.72495521e-03+8.30746916e-02j,
            9.93724598e-01-2.05613108e-02j,
            7.48359637e-03+7.15490740e-02j],
          [-7.51053336e-06-7.18334464e-05j,
           -2.99161851e-03+2.28964423e-04j,
            7.48359637e-03+7.15490740e-02j,
            9.79896396e-01-1.86061205e-01j]],
         input_dims=(2, 2), output_dims=(2, 2))"
"Operator([[ 9.79896396e-01-1.86061205e-01j,
            7.14299625e-02-8.54603209e-03j,
            2.98349284e-03-3.17767962e-04j,
            7.14273326e-05-1.07045915e-05j],
          [-7.16523840e-02+6.41950790e-03j,
            9.93724598e-01-2.05613108e-02j,
            8.30398842e-02-2.95930441e-03j,
            2.98349284e-03-3.17767962e-04j],
          [ 2.99710153e-03-1.39958627e-04j,
           -8.30911519e-02+4.90225056e-04j,
            9.93724598e-01-2.05613108e-02j,
            7.14299625e-02-8.54603209e-03j],
          [-7.20968016e-05+4.30154916e-06j,
            2.99710153e-03-1.39958627e-04j,
           -7.16523840e-02+6.41950790e-03j,
            9.79896396e-01-1.86061205e-01j]],
         input_dims=(2, 2), output_dims=(2, 2))"
"Operator([[ 9.79896396e-01-1.86061205e-01j,
            7.06637407e-02-1.34874001e-02j,
            2.91065630e-03-7.28207326e-04j,
            6.76628947e-05-2.52623199e-05j],
          [-7.19252334e-02+1.42653615e-03j,
            9.93724598e-01-2.05613108e-02j,
            8.26337081e-02-8.72067293e-03j,
            2.91065630e-03-7.28207326e-04j],
          [ 2.98757366e-03+2.76784522e-04j,
           -8.29244798e-02-5.28303803e-03j,
            9.93724598e-01-2.05613108e-02j,
            7.06637407e-02-1.34874001e-02j],
          [-7.14250206e-05-1.07200074e-05j,
            2.98757366e-03+2.76784522e-04j,
           -7.19252334e-02+1.42653615e-03j,
            9.79896396e-01-1.86061205e-01j]],
         input_dims=(2, 2), output_dims=(2, 2))"
"Operator([[ 9.79896396e-01-1.86061205e-01j,
            7.00133021e-02-1.65351668e-02j,
            2.83671949e-03-9.77357946e-04j,
            6.38181167e-05-3.38186355e-05j],
          [-7.19195286e-02-1.68985914e-03j,
            9.93724598e-01-2.05613108e-02j,
            8.21784833e-02-1.22913274e-02j,
            2.83671949e-03-9.77357946e-04j],
          [ 2.95241353e-03+5.34284909e-04j,
           -8.26178650e-02-8.86951123e-03j,
            9.93724598e-01-2.05613108e-02j,
            7.00133021e-02-1.65351668e-02j],
          [-6.94332542e-05-1.98865618e-05j,
            2.95241353e-03+5.34284909e-04j,
           -7.19195286e-02-1.68985914e-03j,
            9.79896396e-01-1.86061205e-01j]],
         input_dims=(2, 2), output_dims=(2, 2))"
"Operator([[ 9.79896396e-01-1.86061205e-01j,
            7.48359637e-03+7.15490740e-02j,
           -2.99161851e-03+2.28964423e-04j,
           -7.51053336e-06-7.18334464e-05j],
          [ 7.48359637e-03+7.15490740e-02j,
            9.93724598e-01-2.05613108e-02j,
            1.72495521e-03+8.30746916e-02j,
           -2.99161851e-03+2.28964423e-04j],
          [-2.99161851e-03+2.28964423e-04j,
            1.72495521e-03+8.30746916e-02j,
            9.93724598e-01-2.05613108e-02j,
            7.48359637e-03+7.15490740e-02j],
          [-7.51053336e-06-7.18334464e-05j,
           -2.99161851e-03+2.28964423e-04j,
            7.48359637e-03+7.15490740e-02j,
            9.79896396e-01-1.86061205e-01j]],
         input_dims=(2, 2), output_dims=(2, 2))"
"Operator([[ 9.79896396e-01-1.86061205e-01j,
            6.97628395e-02-1.75619031e-02j,
            2.80678274e-03-1.06027197e-03j,
            6.22661517e-05-3.65975201e-05j],
          [-7.18869431e-02-2.74620051e-03j,
            9.93724598e-01-2.05613108e-02j,
            8.19890515e-02-1.34972325e-02j,
            2.80678274e-03-1.06027197e-03j],
          [ 2.93544325e-03+6.20788976e-04j,
           -8.24786535e-02-1.00822403e-02j,
            9.93724598e-01-2.05613108e-02j,
            6.97628395e-02-1.75619031e-02j],
          [-6.84896615e-05-2.29263690e-05j,
            2.93544325e-03+6.20788976e-04j,
           -7.18869431e-02-2.74620051e-03j,
            9.79896396e-01-1.86061205e-01j]],
         input_dims=(2, 2), output_dims=(2, 2))"
"Operator([[ 9.79896396e-01-1.86061205e-01j,
            7.48359637e-03+7.15490740e-02j,
           -2.99161851e-03+2.28964423e-04j,
           -7.51053336e-06-7.18334464e-05j],
          [ 7.48359637e-03+7.15490740e-02j,
            9.93724598e-01-2.05613108e-02j,
            1.72495521e-03+8.30746916e-02j,
           -2.99161851e-03+2.28964423e-04j],
          [-2.99161851e-03+2.28964423e-04j,
            1.72495521e-03+8.30746916e-02j,
            9.93724598e-01-2.05613108e-02j,
            7.48359637e-03+7.15490740e-02j],
          [-7.51053336e-06-7.18334464e-05j,
           -2.99161851e-03+2.28964423e-04j,
            7.48359637e-03+7.15490740e-02j,
            9.79896396e-01-1.86061205e-01j]],
         input_dims=(2, 2), output_dims=(2, 2))"
"Operator([[ 9.79896396e-01-1.86061205e-01j,
            7.09931031e-02-1.16298550e-02j,
            2.94482998e-03-5.74615019e-04j,
            6.94390267e-05-1.98663961e-05j],
          [-7.18630966e-02+3.31203146e-03j,
            9.93724598e-01-2.05613108e-02j,
            8.28339641e-02-6.55089657e-03j,
            2.94482998e-03-5.74615019e-04j],
          [ 2.99797576e-03+1.19780595e-04j,
           -8.30344960e-02-3.10681920e-03j,
            9.93724598e-01-2.05613108e-02j,
            7.09931031e-02-1.16298550e-02j],
          [-7.20466018e-05-5.07339112e-06j,
            2.99797576e-03+1.19780595e-04j,
           -7.18630966e-02+3.31203146e-03j,
            9.79896396e-01-1.86061205e-01j]],
         input_dims=(2, 2), output_dims=(2, 2))"
"Operator([[ 9.79896396e-01-1.86061205e-01j,
            7.48359637e-03+7.15490740e-02j,
           -2.99161851e-03+2.28964423e-04j,
           -7.51053336e-06-7.18334464e-05j],
          [ 7.48359637e-03+7.15490740e-02j,
            9.93724598e-01-2.05613108e-02j,
            1.72495521e-03+8.30746916e-02j,
           -2.99161851e-03+2.28964423e-04j],
          [-2.99161851e-03+2.28964423e-04j,
            1.72495521e-03+8.30746916e-02j,
            9.93724598e-01-2.05613108e-02j,
            7.48359637e-03+7.15490740e-02j],
          [-7.51053336e-06-7.18334464e-05j,
           -2.99161851e-03+2.28964423e-04j,
            7.48359637e-03+7.15490740e-02j,
            9.79896396e-01-1.86061205e-01j]],
         input_dims=(2, 2), output_dims=(2, 2))"
"Operator([[ 9.79896396e-01-1.86061205e-01j,
            7.18295954e-02-3.97283706e-03j,
            2.99967178e-03+6.46161633e-05j,
            7.21591464e-05+3.08378390e-06j],
          [-7.10970635e-02+1.09764190e-02j,
            9.93724598e-01-2.05613108e-02j,
            8.30595583e-02+2.34299553e-03j,
            2.99967178e-03+6.46161633e-05j],
          [ 2.95490113e-03-5.20351191e-04j,
           -8.28907110e-02+5.78877157e-03j,
            9.93724598e-01-2.05613108e-02j,
            7.18295954e-02-3.97283706e-03j],
          [-6.99606844e-05+1.79430978e-05j,
            2.95490113e-03-5.20351191e-04j,
           -7.10970635e-02+1.09764190e-02j,
            9.79896396e-01-1.86061205e-01j]],
         input_dims=(2, 2), output_dims=(2, 2))"
