unitary
"Operator([[ 9.54987403e-01-2.76408553e-01j,
           -5.06502196e-02-9.47974015e-02j,
           -4.77093561e-03+4.74969307e-03j,
            2.22962524e-04+9.73376938e-05j],
          [ 1.90182024e-02-1.05784215e-01j,
            9.85930789e-01-3.03350869e-02j,
           -4.43641942e-02-1.15994688e-01j,
           -4.77093561e-03+4.74969307e-03j],
          [-5.72511352e-03-3.54181959e-03j,
            3.70906286e-02-1.18521030e-01j,
            9.85930789e-01-3.03350869e-02j,
           -5.06502196e-02-9.47974015e-02j],
          [-1.82228132e-04+1.61182573e-04j,
           -5.72511352e-03-3.54181959e-03j,
            1.90182024e-02-1.05784215e-01j,
            9.54987403e-01-2.76408553e-01j]],
         input_dims=(2, 2), output_dims=(2, 2))"
"Operator([[ 9.54987403e-01-2.76408553e-01j,
           -7.57835657e-02-7.62157678e-02j,
           -1.36344175e-03+6.59260476e-03j,
            2.17570865e-04-1.08856936e-04j],
          [ 4.86502487e-02-9.58391641e-02j,
            9.85930789e-01-3.03350869e-02j,
           -7.58622318e-02-9.83253329e-02j,
           -1.36344175e-03+6.59260476e-03j],
          [-2.82530852e-03-6.11056811e-03j,
            6.96231115e-02-1.02837598e-01j,
            9.85930789e-01-3.03350869e-02j,
           -7.57835657e-02-7.62157678e-02j],
          [-2.40502667e-04-3.66794343e-05j,
           -2.82530852e-03-6.11056811e-03j,
            4.86502487e-02-9.58391641e-02j,
            9.54987403e-01-2.76408553e-01j]],
         input_dims=(2, 2), output_dims=(2, 2))"
"Operator([[ 9.54987403e-01-2.76408553e-01j,
           -9.70347028e-02-4.62196769e-02j,
            3.12959191e-03+5.96045848e-03j,
            1.84082252e-05-2.42586172e-04j],
          [ 7.81012907e-02-7.38388818e-02j,
            9.85930789e-01-3.03350869e-02j,
           -1.04559425e-01-6.70095208e-02j,
            3.12959191e-03+5.96045848e-03j],
          [ 1.69386846e-03-6.51553685e-03j,
            1.00205817e-01-7.33603677e-02j,
            9.85930789e-01-3.03350869e-02j,
           -9.70347028e-02-4.62196769e-02j],
          [-9.21116841e-05-2.25171826e-04j,
            1.69386846e-03-6.51553685e-03j,
            7.81012907e-02-7.38388818e-02j,
            9.54987403e-01-2.76408553e-01j]],
         input_dims=(2, 2), output_dims=(2, 2))"
"Operator([[ 9.54987403e-01-2.76408553e-01j,
            1.67428684e-02+1.06168114e-01j,
           -6.68797857e-03+7.69645017e-04j,
           -3.78664076e-05-2.40318640e-04j],
          [ 1.67428684e-02+1.06168114e-01j,
            9.85930789e-01-3.03350869e-02j,
            3.84990788e-03+1.24129479e-01j,
           -6.68797857e-03+7.69645017e-04j],
          [-6.68797857e-03+7.69645017e-04j,
            3.84990788e-03+1.24129479e-01j,
            9.85930789e-01-3.03350869e-02j,
            1.67428684e-02+1.06168114e-01j],
          [-3.78664076e-05-2.40318640e-04j,
           -6.68797857e-03+7.69645017e-04j,
            1.67428684e-02+1.06168114e-01j,
            9.54987403e-01-2.76408553e-01j]],
         input_dims=(2, 2), output_dims=(2, 2))"
"Operator([[ 9.54987403e-01-2.76408553e-01j,
           -1.01797738e-01+3.44849617e-02j,
            6.04719707e-03-2.95851626e-03j,
           -1.91155172e-04+1.50487919e-04j],
          [ 1.07469960e-01+1.48313641e-03j,
            9.85930789e-01-3.03350869e-02j,
           -1.21683505e-01+2.48208357e-02j,
            6.04719707e-03-2.95851626e-03j],
          [ 6.56114832e-03+1.50756212e-03j,
            1.22987794e-01+1.72322921e-02j,
            9.85930789e-01-3.03350869e-02j,
           -1.01797738e-01+3.44849617e-02j],
          [ 2.28168419e-04+8.44161489e-05j,
            6.56114832e-03+1.50756212e-03j,
            1.07469960e-01+1.48313641e-03j,
            9.54987403e-01-2.76408553e-01j]],
         input_dims=(2, 2), output_dims=(2, 2))"
"Operator([[ 9.54987403e-01-2.76408553e-01j,
           -8.49326823e-02+6.58667713e-02j,
            2.92691548e-03-6.06255529e-03j,
            2.31125510e-05+2.42183244e-04j],
          [ 1.01081138e-01+3.65321169e-02j,
            9.85930789e-01-3.03350869e-02j,
           -1.06885069e-01+6.32339419e-02j,
            2.92691548e-03-6.06255529e-03j],
          [ 4.22751237e-03+5.23923182e-03j,
            1.10598295e-01+5.64886391e-02j,
            9.85930789e-01-3.03350869e-02j,
           -8.49326823e-02+6.58667713e-02j],
          [ 5.24787757e-05+2.37556081e-04j,
            4.22751237e-03+5.23923182e-03j,
            1.01081138e-01+3.65321169e-02j,
            9.54987403e-01-2.76408553e-01j]],
         input_dims=(2, 2), output_dims=(2, 2))"
"Operator([[ 9.54987403e-01-2.76408553e-01j,
            1.67428684e-02+1.06168114e-01j,
           -6.68797857e-03+7.69645017e-04j,
           -3.78664076e-05-2.40318640e-04j],
          [ 1.67428684e-02+1.06168114e-01j,
            9.85930789e-01-3.03350869e-02j,
            3.84990788e-03+1.24129479e-01j,
           -6.68797857e-03+7.69645017e-04j],
          [-6.68797857e-03+7.69645017e-04j,
            3.84990788e-03+1.24129479e-01j,
            9.85930789e-01-3.03350869e-02j,
            1.67428684e-02+1.06168114e-01j],
          [-3.78664076e-05-2.40318640e-04j,
           -6.68797857e-03+7.69645017e-04j,
            1.67428684e-02+1.06168114e-01j,
            9.54987403e-01-2.76408553e-01j]],
         input_dims=(2, 2), output_dims=(2, 2))"
"Operator([[ 9.54987403e-01-2.76408553e-01j,
            1.67428684e-02+1.06168114e-01j,
           -6.68797857e-03+7.69645017e-04j,
           -3.78664076e-05-2.40318640e-04j],
          [ 1.67428684e-02+1.06168114e-01j,
            9.85930789e-01-3.03350869e-02j,
            3.84990788e-03+1.24129479e-01j,
           -6.68797857e-03+7.69645017e-04j],
          [-6.68797857e-03+7.69645017e-04j,
            3.84990788e-03+1.24129479e-01j,
            9.85930789e-01-3.03350869e-02j,
            1.67428684e-02+1.06168114e-01j],
          [-3.78664076e-05-2.40318640e-04j,
           -6.68797857e-03+7.69645017e-04j,
            1.67428684e-02+1.06168114e-01j,
            9.54987403e-01-2.76408553e-01j]],
         input_dims=(2, 2), output_dims=(2, 2))"
