unitary
"Operator([[ 0.21267304-0.87021537j, -0.05138011+0.42213799j,
           -0.04831077-0.11769358j,  0.02088913+0.0057384j ],
          [ 0.42522106-0.00523922j,  0.74105272-0.0656797j ,
           -0.33445506+0.37099966j, -0.04831077-0.11769358j],
          [ 0.07763878+0.10078655j,  0.41219853+0.28212287j,
            0.74105272-0.0656797j , -0.05138011+0.42213799j],
          [ 0.00285599+0.02147389j,  0.07763878+0.10078655j,
            0.42522106-0.00523922j,  0.21267304-0.87021537j]],
         input_dims=(2, 2), output_dims=(2, 2))"
"Operator([[ 0.21267304-0.87021537j, -0.4252209 +0.00525222j,
            0.07764494+0.10078181j, -0.00285796-0.02147363j],
          [ 0.05139302-0.42213642j,  0.74105272-0.0656797j ,
           -0.41220715-0.28211026j,  0.07764494+0.10078181j],
          [-0.04830357-0.11769654j,  0.3344664 -0.37098943j,
            0.74105272-0.0656797j , -0.4252209 +0.00525222j],
          [-0.0208886 -0.00574031j, -0.04830357-0.11769654j,
            0.05139302-0.42213642j,  0.21267304-0.87021537j]],
         input_dims=(2, 2), output_dims=(2, 2))"
"Operator([[ 0.21267304-0.87021537j, -0.37914195-0.19259226j,
           -0.03859969+0.12122613j,  0.02095672-0.0054864j ],
          [-0.15028508-0.39781251j,  0.74105272-0.0656797j ,
           -0.2343155 -0.44113171j, -0.03859969+0.12122613j],
          [-0.12424917-0.02734693j,  0.12421656-0.48380903j,
            0.74105272-0.0656797j , -0.37914195-0.19259226j],
          [-0.00827451+0.02002042j, -0.12424917-0.02734693j,
           -0.15028508-0.39781251j,  0.21267304-0.87021537j]],
         input_dims=(2, 2), output_dims=(2, 2))"
"Operator([[ 0.21267304-0.87021537j,  0.28390506+0.31660435j,
           -0.1102199 +0.06353963j, -0.01424286-0.01632255j],
          [ 0.28390506+0.31660435j,  0.74105272-0.0656797j ,
            0.05904052+0.49599915j, -0.1102199 +0.06353963j],
          [-0.1102199 +0.06353963j,  0.05904052+0.49599915j,
            0.74105272-0.0656797j ,  0.28390506+0.31660435j],
          [-0.01424286-0.01632255j, -0.1102199 +0.06353963j,
            0.28390506+0.31660435j,  0.21267304-0.87021537j]],
         input_dims=(2, 2), output_dims=(2, 2))"
"Operator([[ 0.21267304-0.87021537j,  0.40498299-0.1297273j ,
            0.12080253+0.03990561j,  0.0185186 +0.01124039j],
          [-0.17293462+0.38850227j,  0.74105272-0.0656797j ,
            0.47681728+0.14881604j,  0.12080253+0.03990561j],
          [ 0.02600455-0.12453704j, -0.42856081+0.25658637j,
            0.74105272-0.0656797j ,  0.40498299-0.1297273j ],
          [ 0.00862837+0.01987048j,  0.02600455-0.12453704j,
           -0.17293462+0.38850227j,  0.21267304-0.87021537j]],
         input_dims=(2, 2), output_dims=(2, 2))"
"Operator([[ 0.21267304-0.87021537j,  0.28390506+0.31660435j,
           -0.1102199 +0.06353963j, -0.01424286-0.01632255j],
          [ 0.28390506+0.31660435j,  0.74105272-0.0656797j ,
            0.05904052+0.49599915j, -0.1102199 +0.06353963j],
          [-0.1102199 +0.06353963j,  0.05904052+0.49599915j,
            0.74105272-0.0656797j ,  0.28390506+0.31660435j],
          [-0.01424286-0.01632255j, -0.1102199 +0.06353963j,
            0.28390506+0.31660435j,  0.21267304-0.87021537j]],
         input_dims=(2, 2), output_dims=(2, 2))"
"Operator([[ 0.21267304-0.87021537j,  0.30668233-0.29459523j,
            0.10560536-0.07094517j,  0.01477325-0.01584412j],
          [-0.32615395+0.27288093j,  0.74105272-0.0656797j ,
            0.49368277-0.07601484j,  0.10560536-0.07094517j],
          [ 0.11431596-0.0558352j , -0.49773207+0.04199675j,
            0.74105272-0.0656797j ,  0.30668233-0.29459523j],
          [-0.01769919+0.01249094j,  0.11431596-0.0558352j ,
           -0.32615395+0.27288093j,  0.21267304-0.87021537j]],
         input_dims=(2, 2), output_dims=(2, 2))"
