unitary
"Operator([[-0.18022564-0.82166568j,  0.4137995 +0.27911324j,
           -0.15693415+0.12832648j, -0.03761045-0.02719267j],
          [ 0.4137995 +0.27911324j,  0.59419143-0.02890261j,
            0.07778015+0.59145684j, -0.15693415+0.12832648j],
          [-0.15693415+0.12832648j,  0.07778015+0.59145684j,
            0.59419143-0.02890261j,  0.4137995 +0.27911324j],
          [-0.03761045-0.02719267j, -0.15693415+0.12832648j,
            0.4137995 +0.27911324j, -0.18022564-0.82166568j]],
         input_dims=(2, 2), output_dims=(2, 2))"
"Operator([[-0.18022564-0.82166568j,  0.49165397+0.08608485j,
           -0.00915791+0.20251456j, -0.0373852 +0.02750153j],
          [ 0.26399055+0.42360739j,  0.59419143-0.02890261j,
            0.31223354+0.50831208j, -0.00915791+0.20251456j],
          [-0.20030015-0.0312388j , -0.17019821+0.57175477j,
            0.59419143-0.02890261j,  0.49165397+0.08608485j],
          [ 0.01439855-0.04412108j, -0.20030015-0.0312388j ,
            0.26399055+0.42360739j, -0.18022564-0.82166568j]],
         input_dims=(2, 2), output_dims=(2, 2))"
"Operator([[-0.18022564-0.82166568j,  0.4137995 +0.27911324j,
           -0.15693415+0.12832648j, -0.03761045-0.02719267j],
          [ 0.4137995 +0.27911324j,  0.59419143-0.02890261j,
            0.07778015+0.59145684j, -0.15693415+0.12832648j],
          [-0.15693415+0.12832648j,  0.07778015+0.59145684j,
            0.59419143-0.02890261j,  0.4137995 +0.27911324j],
          [-0.03761045-0.02719267j, -0.15693415+0.12832648j,
            0.4137995 +0.27911324j, -0.18022564-0.82166568j]],
         input_dims=(2, 2), output_dims=(2, 2))"
"Operator([[-0.18022564-0.82166568j, -0.48711118-0.10888951j,
           -0.02796136+0.2007839j ,  0.04085204-0.02202496j],
          [-0.28343299-0.41085273j,  0.59419143-0.02890261j,
           -0.28822081-0.52230232j, -0.02796136+0.2007839j ],
          [-0.20233786-0.01246614j,  0.14338486-0.57906108j,
            0.59419143-0.02890261j, -0.48711118-0.10888951j],
          [-0.00811133+0.04569676j, -0.20233786-0.01246614j,
           -0.28343299-0.41085273j, -0.18022564-0.82166568j]],
         input_dims=(2, 2), output_dims=(2, 2))"
