unitary
"Operator([[-0.34591771-0.74033543j,  0.46356971+0.23706628j,
           -0.17339278+0.16512803j, -0.05362943-0.03063744j],
          [ 0.46356971+0.23706628j,  0.52443395-0.00218088j,
            0.0812213 +0.62444996j, -0.17339278+0.16512803j],
          [-0.17339278+0.16512803j,  0.0812213 +0.62444996j,
            0.52443395-0.00218088j,  0.46356971+0.23706628j],
          [-0.05362943-0.03063744j, -0.17339278+0.16512803j,
            0.46356971+0.23706628j, -0.34591771-0.74033543j]],
         input_dims=(2, 2), output_dims=(2, 2))"
"Operator([[-0.34591771-0.74033543j, -0.46794055+0.22831763j,
            0.20691938+0.12048523j, -0.03932171-0.04762952j],
          [-0.088816  -0.513039j  ,  0.52443395-0.00218088j,
           -0.54809514-0.31004253j,  0.20691938+0.12048523j],
          [-0.11024412-0.21255248j,  0.45054672-0.43993443j,
            0.52443395-0.00218088j, -0.46794055+0.22831763j],
          [-0.06100016-0.0096824j , -0.11024412-0.21255248j,
           -0.088816  -0.513039j  , -0.34591771-0.74033543j]],
         input_dims=(2, 2), output_dims=(2, 2))"
"Operator([[-0.34591771-0.74033543j,  0.46356971+0.23706628j,
           -0.17339278+0.16512803j, -0.05362943-0.03063744j],
          [ 0.46356971+0.23706628j,  0.52443395-0.00218088j,
            0.0812213 +0.62444996j, -0.17339278+0.16512803j],
          [-0.17339278+0.16512803j,  0.0812213 +0.62444996j,
            0.52443395-0.00218088j,  0.46356971+0.23706628j],
          [-0.05362943-0.03063744j, -0.17339278+0.16512803j,
            0.46356971+0.23706628j, -0.34591771-0.74033543j]],
         input_dims=(2, 2), output_dims=(2, 2))"
"Operator([[-0.34591771-0.74033543j,  0.48983892+0.17650816j,
           -0.12639161+0.20336539j, -0.06117288-0.00852335j],
          [ 0.42984953+0.29381402j,  0.52443395-0.00218088j,
            0.15957679+0.60915507j, -0.12639161+0.20336539j],
          [-0.20929095+0.11631688j,  0.00156034+0.62970804j,
            0.52443395-0.00218088j,  0.48983892+0.17650816j],
          [-0.03841099-0.04836697j, -0.20929095+0.11631688j,
            0.42984953+0.29381402j, -0.34591771-0.74033543j]],
         input_dims=(2, 2), output_dims=(2, 2))"
"Operator([[-0.34591771-0.74033543j, -0.44438227-0.2713332j ,
           -0.19624463+0.13718734j,  0.04538624+0.04189103j],
          [-0.48011973-0.2014506j ,  0.52443395-0.00218088j,
           -0.0339227 -0.6287956j , -0.19624463+0.13718734j],
          [-0.14660054+0.18931614j, -0.1280578 -0.61655158j,
            0.52443395-0.00218088j, -0.44438227-0.2713332j ],
          [ 0.05913695+0.01782103j, -0.14660054+0.18931614j,
           -0.48011973-0.2014506j , -0.34591771-0.74033543j]],
         input_dims=(2, 2), output_dims=(2, 2))"
"Operator([[-0.34591771-0.74033543j, -0.41314321-0.31687536j,
           -0.22073935+0.09277101j,  0.02999363+0.05399214j],
          [-0.49875637-0.14946365j,  0.52443395-0.00218088j,
            0.03286945-0.62885153j, -0.22073935+0.09277101j],
          [-0.10343246+0.21594918j, -0.1926419 -0.5995196j ,
            0.52443395-0.00218088j, -0.41314321-0.31687536j],
          [ 0.06174348-0.00158452j, -0.10343246+0.21594918j,
           -0.49875637-0.14946365j, -0.34591771-0.74033543j]],
         input_dims=(2, 2), output_dims=(2, 2))"
