unitary
"Operator([[ 0.6967498 -0.66116202j,  0.11179695+0.25045957j,
           -0.04427972+0.01395935j, -0.0018299 -0.00412768j],
          [ 0.11179695+0.25045957j,  0.90380399-0.06663156j,
            0.02500247+0.31731586j, -0.04427972+0.01395935j],
          [-0.04427972+0.01395935j,  0.02500247+0.31731586j,
            0.90380399-0.06663156j,  0.11179695+0.25045957j],
          [-0.0018299 -0.00412768j, -0.04427972+0.01395935j,
            0.11179695+0.25045957j,  0.6967498 -0.66116202j]],
         input_dims=(2, 2), output_dims=(2, 2))"
"Operator([[ 0.6967498 -0.66116202j,  0.11179695+0.25045957j,
           -0.04427972+0.01395935j, -0.0018299 -0.00412768j],
          [ 0.11179695+0.25045957j,  0.90380399-0.06663156j,
            0.02500247+0.31731586j, -0.04427972+0.01395935j],
          [-0.04427972+0.01395935j,  0.02500247+0.31731586j,
            0.90380399-0.06663156j,  0.11179695+0.25045957j],
          [-0.0018299 -0.00412768j, -0.04427972+0.01395935j,
            0.11179695+0.25045957j,  0.6967498 -0.66116202j]],
         input_dims=(2, 2), output_dims=(2, 2))"
"Operator([[ 6.96749798e-01-0.66116202j,  1.99078947e-01-0.18866936j,
            2.57514018e-02-0.03863188j,  6.18066769e-04-0.00447262j],
          [-2.73376756e-01+0.02221941j,  9.03803987e-01-0.06663156j,
            2.90977162e-01-0.12902236j,  2.57514018e-02-0.03863188j],
          [ 4.32512724e-02+0.01687852j, -3.07593259e-01-0.08185882j,
            9.03803987e-01-0.06663156j,  1.99078947e-01-0.18866936j],
          [-3.72929051e-03-0.00254533j,  4.32512724e-02+0.01687852j,
           -2.73376756e-01+0.02221941j,  6.96749798e-01-0.66116202j]],
         input_dims=(2, 2), output_dims=(2, 2))"
"Operator([[ 0.6967498 -0.66116202j,  0.11179695+0.25045957j,
           -0.04427972+0.01395935j, -0.0018299 -0.00412768j],
          [ 0.11179695+0.25045957j,  0.90380399-0.06663156j,
            0.02500247+0.31731586j, -0.04427972+0.01395935j],
          [-0.04427972+0.01395935j,  0.02500247+0.31731586j,
            0.90380399-0.06663156j,  0.11179695+0.25045957j],
          [-0.0018299 -0.00412768j, -0.04427972+0.01395935j,
            0.11179695+0.25045957j,  0.6967498 -0.66116202j]],
         input_dims=(2, 2), output_dims=(2, 2))"
"Operator([[ 0.6967498 -0.66116202j,  0.00458094-0.27423998j,
           -0.039146  -0.02496292j, -0.00351512+0.00283377j],
          [-0.20720702-0.17970477j,  0.90380399-0.06663156j,
            0.1115029 -0.29813014j, -0.039146  -0.02496292j],
          [-0.01775189+0.0429002j , -0.15681856-0.27698812j,
            0.90380399-0.06663156j,  0.00458094-0.27423998j],
          [ 0.00446023-0.00070189j, -0.01775189+0.0429002j ,
           -0.20720702-0.17970477j,  0.6967498 -0.66116202j]],
         input_dims=(2, 2), output_dims=(2, 2))"
"Operator([[ 6.96749798e-01-0.66116202j, -8.65326900e-02-0.26027033j,
           -4.61590450e-02+0.00498994j,  5.43779383e-04+0.00448225j],
          [-1.35969626e-01-0.2382033j ,  9.03803987e-01-0.06663156j,
            6.43626924e-03-0.31823427j, -4.61590450e-02+0.00498994j],
          [-4.06752171e-02+0.0223849j , -5.61970897e-02-0.31329916j,
            9.03803987e-01-0.06663156j, -8.65326900e-02-0.26027033j],
          [ 2.95626303e-03+0.00341274j, -4.06752171e-02+0.0223849j ,
           -1.35969626e-01-0.2382033j ,  6.96749798e-01-0.66116202j]],
         input_dims=(2, 2), output_dims=(2, 2))"
"Operator([[ 6.96749798e-01-0.66116202j, -1.56196611e-01-0.22545769j,
           -3.61744056e-02+0.02910274j,  3.73826121e-03+0.00253213j],
          [-6.35387567e-02-0.26681713j,  9.03803987e-01-0.06663156j,
           -8.32667227e-02-0.30721512j, -3.61744056e-02+0.02910274j],
          [-4.63247303e-02-0.00309456j,  3.41247076e-02-0.31646482j,
            9.03803987e-01-0.06663156j, -1.56196611e-01-0.22545769j],
          [-6.33867011e-04+0.0044704j , -4.63247303e-02-0.00309456j,
           -6.35387567e-02-0.26681713j,  6.96749798e-01-0.66116202j]],
         input_dims=(2, 2), output_dims=(2, 2))"
"Operator([[ 0.6967498 -0.66116202j, -0.17526423-0.21097631j,
           -0.0305672 +0.03494572j,  0.0042665 +0.00147759j],
          [-0.04002682-0.27134186j,  0.90380399-0.06663156j,
           -0.10974251-0.29878263j, -0.0305672 +0.03494572j],
          [-0.04508232-0.01109691j,  0.06159443-0.31228289j,
            0.90380399-0.06663156j, -0.17526423-0.21097631j],
          [-0.00177001+0.00415372j, -0.04508232-0.01109691j,
           -0.04002682-0.27134186j,  0.6967498 -0.66116202j]],
         input_dims=(2, 2), output_dims=(2, 2))"
"Operator([[ 0.6967498 -0.66116202j, -0.16759712-0.21711692j,
           -0.0329899 +0.03266838j,  0.00408344+0.00192661j],
          [-0.04971744-0.26973455j,  0.90380399-0.06663156j,
           -0.09897323-0.30252071j, -0.0329899 +0.03266838j],
          [-0.04576092-0.00784188j,  0.05037261-0.31428821j,
            0.90380399-0.06663156j, -0.16759712-0.21711692j],
          [-0.00131435+0.00431958j, -0.04576092-0.00784188j,
           -0.04971744-0.26973455j,  0.6967498 -0.66116202j]],
         input_dims=(2, 2), output_dims=(2, 2))"
