unitary
"Operator([[ 8.86340847e-01-4.30335148e-01j,
           -1.77936827e-02+1.69119920e-01j,
           -1.47740657e-02-8.61083072e-03j,
            7.22129710e-04-6.78732792e-04j],
          [ 9.68838891e-02+1.39755767e-01j,
            9.64342661e-01-4.62886825e-02j,
           -5.93494587e-02+1.87530397e-01j,
           -1.47740657e-02-8.61083072e-03j],
          [-1.07058953e-02+1.33342878e-02j,
            7.74112205e-02+1.80824531e-01j,
            9.64342661e-01-4.62886825e-02j,
           -1.77936827e-02+1.69119920e-01j],
          [-9.59196929e-04-2.49180201e-04j,
           -1.07058953e-02+1.33342878e-02j,
            9.68838891e-02+1.39755767e-01j,
            8.86340847e-01-4.30335148e-01j]],
         input_dims=(2, 2), output_dims=(2, 2))"
"Operator([[ 8.86340847e-01-0.43033515j,  1.53770942e-01+0.07261308j,
            6.19011977e-03+0.01594057j, -2.49610250e-04+0.00095909j],
          [-9.99491800e-02+0.13758024j,  9.64342661e-01-0.04628868j,
            1.57434727e-01+0.11791656j,  6.19011977e-03+0.01594057j],
          [ 6.50538354e-05-0.01710015j, -1.45143498e-01+0.13275305j,
            9.64342661e-01-0.04628868j,  1.53770942e-01+0.07261308j],
          [ 6.79056504e-04+0.00072183j,  6.50538354e-05-0.01710015j,
           -9.99491800e-02+0.13758024j,  8.86340847e-01-0.43033515j]],
         input_dims=(2, 2), output_dims=(2, 2))"
"Operator([[ 8.86340847e-01-4.30335148e-01j,
            1.59034200e-01-6.02186488e-02j,
            1.57108946e-02-6.75183041e-03j,
            8.26772066e-04-5.46440731e-04j],
          [-1.68404376e-01+2.36247409e-02j,
            9.64342661e-01-4.62886825e-02j,
            1.94176278e-01-3.13939632e-02j,
            1.57108946e-02-6.75183041e-03j],
          [ 1.70870757e-02+6.71765982e-04j,
           -1.96316137e-01-1.22467211e-02j,
            9.64342661e-01-4.62886825e-02j,
            1.59034200e-01-6.02186488e-02j],
          [-9.87560590e-04-8.29071882e-05j,
            1.70870757e-02+6.71765982e-04j,
           -1.68404376e-01+2.36247409e-02j,
            8.86340847e-01-4.30335148e-01j]],
         input_dims=(2, 2), output_dims=(2, 2))"
"Operator([[ 8.86340847e-01-4.30335148e-01j,
            1.53559966e-01-7.30581898e-02j,
            1.43958591e-02-9.22922888e-03j,
            6.68584623e-04-7.31535455e-04j],
          [-1.69774572e-01+9.73432659e-03j,
            9.64342661e-01-4.62886825e-02j,
            1.90947580e-01-4.72126000e-02j,
            1.43958591e-02-9.22922888e-03j],
          [ 1.67474211e-02+3.45590975e-03j,
           -1.94650496e-01-2.83053449e-02j,
            9.64342661e-01-4.62886825e-02j,
            1.53559966e-01-7.30581898e-02j],
          [-9.37540893e-04-3.21195572e-04j,
            1.67474211e-02+3.45590975e-03j,
           -1.69774572e-01+9.73432659e-03j,
            8.86340847e-01-4.30335148e-01j]],
         input_dims=(2, 2), output_dims=(2, 2))"
"Operator([[ 8.86340847e-01-0.43033515j,  4.21826807e-02+0.16473853j,
           -1.68138086e-02+0.00311693j, -2.45314235e-04-0.00096019j],
          [ 4.21826807e-02+0.16473853j,  9.64342661e-01-0.04628868j,
            9.63322217e-03+0.19646172j, -1.68138086e-02+0.00311693j],
          [-1.68138086e-02+0.00311693j,  9.63322217e-03+0.19646172j,
            9.64342661e-01-0.04628868j,  4.21826807e-02+0.16473853j],
          [-2.45314235e-04-0.00096019j, -1.68138086e-02+0.00311693j,
            4.21826807e-02+0.16473853j,  8.86340847e-01-0.43033515j]],
         input_dims=(2, 2), output_dims=(2, 2))"
"Operator([[ 8.86340847e-01-0.43033515j,  4.21826807e-02+0.16473853j,
           -1.68138086e-02+0.00311693j, -2.45314235e-04-0.00096019j],
          [ 4.21826807e-02+0.16473853j,  9.64342661e-01-0.04628868j,
            9.63322217e-03+0.19646172j, -1.68138086e-02+0.00311693j],
          [-1.68138086e-02+0.00311693j,  9.63322217e-03+0.19646172j,
            9.64342661e-01-0.04628868j,  4.21826807e-02+0.16473853j],
          [-2.45314235e-04-0.00096019j, -1.68138086e-02+0.00311693j,
            4.21826807e-02+0.16473853j,  8.86340847e-01-0.43033515j]],
         input_dims=(2, 2), output_dims=(2, 2))"
"Operator([[ 8.86340847e-01-0.43033515j,  1.43575693e-01-0.09112729j,
            1.17529080e-02-0.0124213j ,  3.63957280e-04-0.00092178j],
          [-1.69703100e-01-0.01090963j,  9.64342661e-01-0.04628868j,
            1.83819617e-01-0.07000255j,  1.17529080e-02-0.0124213j ],
          [ 1.54242536e-02+0.00738321j, -1.89786310e-01-0.05168331j,
            9.64342661e-01-0.04628868j,  1.43575693e-01-0.09112729j],
          [-7.61498657e-04-0.00063425j,  1.54242536e-02+0.00738321j,
           -1.69703100e-01-0.01090963j,  8.86340847e-01-0.43033515j]],
         input_dims=(2, 2), output_dims=(2, 2))"
"Operator([[ 8.86340847e-01-0.43033515j,  1.49416584e-01-0.08119635j,
            1.33234167e-02-0.01071942j,  5.42565140e-04-0.00082932j],
          [-1.70052329e-01+0.00060634j,  9.64342661e-01-0.04628868j,
            1.88137747e-01-0.05739509j,  1.33234167e-02-0.01071942j],
          [ 1.62803852e-02+0.00523149j, -1.92850314e-01-0.03871388j,
            9.64342661e-01-0.04628868j,  1.49416584e-01-0.08119635j],
          [-8.73868165e-04-0.00046744j,  1.62803852e-02+0.00523149j,
           -1.70052329e-01+0.00060634j,  8.86340847e-01-0.43033515j]],
         input_dims=(2, 2), output_dims=(2, 2))"
"Operator([[ 8.86340847e-01-0.43033515j,  1.69957140e-01+0.00572127j,
            1.58462784e-02+0.00642767j,  8.16346591e-04+0.0005619j ],
          [-1.46292023e-01+0.08669952j,  9.64342661e-01-0.04628868j,
            1.91276337e-01+0.04586252j,  1.58462784e-02+0.00642767j],
          [ 1.24893971e-02-0.01168051j, -1.85871955e-01+0.06435545j,
            9.64342661e-01-0.04628868j,  1.69957140e-01+0.00572127j],
          [-4.46787475e-04+0.00088461j,  1.24893971e-02-0.01168051j,
           -1.46292023e-01+0.08669952j,  8.86340847e-01-0.43033515j]],
         input_dims=(2, 2), output_dims=(2, 2))"
"Operator([[ 8.86340847e-01-0.43033515j, -9.97050644e-02+0.13775726j,
            4.40925900e-06-0.01710027j,  6.82886720e-04+0.0007182j ],
          [ 1.53641942e-01+0.07288564j,  9.64342661e-01-0.04628868j,
           -1.44907871e-01+0.13301021j,  4.40925900e-06-0.01710027j],
          [ 6.13354902e-03+0.01596242j,  1.57225389e-01+0.11819554j,
            9.64342661e-01-0.04628868j, -9.97050644e-02+0.13775726j],
          [-2.54708670e-04+0.00095774j,  6.13354902e-03+0.01596242j,
            1.53641942e-01+0.07288564j,  8.86340847e-01-0.43033515j]],
         input_dims=(2, 2), output_dims=(2, 2))"
"Operator([[ 8.86340847e-01-0.43033515j, -1.28643590e-01+0.11121596j,
            7.63920460e-03-0.01529908j,  6.52854134e-05+0.00098888j],
          [ 1.66263311e-01+0.03570257j,  9.64342661e-01-0.04628868j,
           -1.71552517e-01+0.09622755j,  7.63920460e-03-0.01529908j],
          [ 1.26154117e-02+0.0115443j ,  1.80143700e-01+0.07898263j,
            9.64342661e-01-0.04628868j, -1.28643590e-01+0.11121596j],
          [ 4.17042248e-04+0.00089901j,  1.26154117e-02+0.0115443j ,
            1.66263311e-01+0.03570257j,  8.86340847e-01-0.43033515j]],
         input_dims=(2, 2), output_dims=(2, 2))"
"Operator([[ 8.86340847e-01-0.43033515j,  4.21826807e-02+0.16473853j,
           -1.68138086e-02+0.00311693j, -2.45314235e-04-0.00096019j],
          [ 4.21826807e-02+0.16473853j,  9.64342661e-01-0.04628868j,
            9.63322217e-03+0.19646172j, -1.68138086e-02+0.00311693j],
          [-1.68138086e-02+0.00311693j,  9.63322217e-03+0.19646172j,
            9.64342661e-01-0.04628868j,  4.21826807e-02+0.16473853j],
          [-2.45314235e-04-0.00096019j, -1.68138086e-02+0.00311693j,
            4.21826807e-02+0.16473853j,  8.86340847e-01-0.43033515j]],
         input_dims=(2, 2), output_dims=(2, 2))"
"Operator([[ 8.86340847e-01-0.43033515j, -1.37190744e-01+0.10048314j,
            9.99860454e-03-0.01387254j, -1.73707530e-04+0.00097569j],
          [ 1.68600377e-01+0.02218277j,  9.64342661e-01-0.04628868j,
           -1.78751693e-01+0.08208435j,  9.99860454e-03-0.01387254j],
          [ 1.43067037e-02+0.00936684j,  1.85924684e-01+0.06420296j,
            9.64342661e-01-0.04628868j, -1.37190744e-01+0.10048314j],
          [ 6.20421079e-04+0.0007728j ,  1.43067037e-02+0.00936684j,
            1.68600377e-01+0.02218277j,  8.86340847e-01-0.43033515j]],
         input_dims=(2, 2), output_dims=(2, 2))"
"Operator([[ 8.86340847e-01-0.43033515j,  4.21826807e-02+0.16473853j,
           -1.68138086e-02+0.00311693j, -2.45314235e-04-0.00096019j],
          [ 4.21826807e-02+0.16473853j,  9.64342661e-01-0.04628868j,
            9.63322217e-03+0.19646172j, -1.68138086e-02+0.00311693j],
          [-1.68138086e-02+0.00311693j,  9.63322217e-03+0.19646172j,
            9.64342661e-01-0.04628868j,  4.21826807e-02+0.16473853j],
          [-2.45314235e-04-0.00096019j, -1.68138086e-02+0.00311693j,
            4.21826807e-02+0.16473853j,  8.86340847e-01-0.43033515j]],
         input_dims=(2, 2), output_dims=(2, 2))"
"Operator([[ 8.86340847e-01-4.30335148e-01j,
           -1.51568461e-01+7.71048885e-02j,
            1.38862655e-02-9.97953179e-03j,
           -6.08323103e-04+7.82363422e-04j],
          [ 1.69973013e-01-5.22849886e-03j,
            9.64342661e-01-4.62886825e-02j,
           -1.89628348e-01+5.22599046e-02j,
            1.38862655e-02-9.97953179e-03j],
          [ 1.65406277e-02+4.33901595e-03j,
            1.93831379e-01+3.34575004e-02j,
            9.64342661e-01-4.62886825e-02j,
           -1.51568461e-01+7.71048885e-02j],
          [ 9.09044309e-04+3.94699842e-04j,
            1.65406277e-02+4.33901595e-03j,
            1.69973013e-01-5.22849886e-03j,
            8.86340847e-01-4.30335148e-01j]],
         input_dims=(2, 2), output_dims=(2, 2))"
