unitary
"Operator([[ 0.37794656+0.62263254j,  0.00278149-0.43274256j,
           -0.28884421+0.22783828j, -0.33836946-0.17993362j],
          [-0.37704356-0.21239589j, -0.05533329+0.17745746j,
           -0.62617605+0.50073497j, -0.28884421+0.22783828j],
          [ 0.34617284+0.12452158j,  0.13402982+0.79048591j,
           -0.05533329+0.17745746j,  0.00278149-0.43274256j],
          [ 0.34710931+0.16243499j,  0.34617284+0.12452158j,
           -0.37704356-0.21239589j,  0.37794656+0.62263254j]],
         input_dims=(2, 2), output_dims=(2, 2))"
"Operator([[ 0.37794656+0.62263254j,  0.37168602+0.2216379j ,
            0.33960565+0.1414541j , -0.3341393 -0.1876724j ],
          [ 0.00790092+0.43267937j, -0.05533329+0.17745746j,
           -0.11447709-0.79355337j,  0.33960565+0.1414541j ],
          [-0.27724801+0.24181563j,  0.61362542-0.51603857j,
           -0.05533329+0.17745746j,  0.37168602+0.2216379j ],
          [ 0.35075529+0.15440443j, -0.27724801+0.24181563j,
            0.00790092+0.43267937j,  0.37794656+0.62263254j]],
         input_dims=(2, 2), output_dims=(2, 2))"
"Operator([[ 0.37794656+0.62263254j, -0.21715476-0.37432295j,
            0.05907815+0.36311297j, -0.17124007+0.34285104j],
          [-0.21715476-0.37432295j, -0.05533329+0.17745746j,
           -0.28555364+0.74919362j,  0.05907815+0.36311297j],
          [ 0.05907815+0.36311297j, -0.28555364+0.74919362j,
           -0.05533329+0.17745746j, -0.21715476-0.37432295j],
          [-0.17124007+0.34285104j,  0.05907815+0.36311297j,
           -0.21715476-0.37432295j,  0.37794656+0.62263254j]],
         input_dims=(2, 2), output_dims=(2, 2))"
"Operator([[ 0.37794656+0.62263254j, -0.21715476-0.37432295j,
            0.05907815+0.36311297j, -0.17124007+0.34285104j],
          [-0.21715476-0.37432295j, -0.05533329+0.17745746j,
           -0.28555364+0.74919362j,  0.05907815+0.36311297j],
          [ 0.05907815+0.36311297j, -0.28555364+0.74919362j,
           -0.05533329+0.17745746j, -0.21715476-0.37432295j],
          [-0.17124007+0.34285104j,  0.05907815+0.36311297j,
           -0.21715476-0.37432295j,  0.37794656+0.62263254j]],
         input_dims=(2, 2), output_dims=(2, 2))"
"Operator([[ 0.37794656+0.62263254j,  0.30001332+0.31187476j,
            0.22027867+0.29464991j, -0.09770615-0.37057187j],
          [ 0.12181318+0.41525343j, -0.05533329+0.17745746j,
            0.09901568-0.79563048j,  0.22027867+0.29464991j],
          [-0.11551142+0.34928265j,  0.45567672-0.65968984j,
           -0.05533329+0.17745746j,  0.30001332+0.31187476j],
          [ 0.35495624-0.14448552j, -0.11551142+0.34928265j,
            0.12181318+0.41525343j,  0.37794656+0.62263254j]],
         input_dims=(2, 2), output_dims=(2, 2))"
"Operator([[ 0.37794656+0.62263254j, -0.21715476-0.37432295j,
            0.05907815+0.36311297j, -0.17124007+0.34285104j],
          [-0.21715476-0.37432295j, -0.05533329+0.17745746j,
           -0.28555364+0.74919362j,  0.05907815+0.36311297j],
          [ 0.05907815+0.36311297j, -0.28555364+0.74919362j,
           -0.05533329+0.17745746j, -0.21715476-0.37432295j],
          [-0.17124007+0.34285104j,  0.05907815+0.36311297j,
           -0.21715476-0.37432295j,  0.37794656+0.62263254j]],
         input_dims=(2, 2), output_dims=(2, 2))"
