unitary
"Operator([[-0.54049164+0.48893212j,  0.32998968-0.31981888j,
           -0.09668634+0.43131011j, -0.23264362+0.09020614j],
          [ 0.32998968-0.31981888j,  0.10994311+0.24837607j,
           -0.07489189+0.71697914j, -0.09668634+0.43131011j],
          [-0.09668634+0.43131011j, -0.07489189+0.71697914j,
            0.10994311+0.24837607j,  0.32998968-0.31981888j],
          [-0.23264362+0.09020614j, -0.09668634+0.43131011j,
            0.32998968-0.31981888j, -0.54049164+0.48893212j]],
         input_dims=(2, 2), output_dims=(2, 2))"
"Operator([[-0.54049164+0.48893212j, -0.45880387+0.02600597j,
           -0.44073911-0.03355143j, -0.04925039+0.24461112j],
          [-0.0403521 +0.45776524j,  0.10994311+0.24837607j,
            0.52569087-0.49327171j, -0.44073911-0.03355143j],
          [ 0.41288539+0.15780467j, -0.41240631-0.59126044j,
            0.10994311+0.24837607j, -0.45880387+0.02600597j],
          [-0.2012776 -0.14747044j,  0.41288539+0.15780467j,
           -0.0403521 +0.45776524j, -0.54049164+0.48893212j]],
         input_dims=(2, 2), output_dims=(2, 2))"
"Operator([[-0.54049164+0.48893212j,  0.32998968-0.31981888j,
           -0.09668634+0.43131011j, -0.23264362+0.09020614j],
          [ 0.32998968-0.31981888j,  0.10994311+0.24837607j,
           -0.07489189+0.71697914j, -0.09668634+0.43131011j],
          [-0.09668634+0.43131011j, -0.07489189+0.71697914j,
            0.10994311+0.24837607j,  0.32998968-0.31981888j],
          [-0.23264362+0.09020614j, -0.09668634+0.43131011j,
            0.32998968-0.31981888j, -0.54049164+0.48893212j]],
         input_dims=(2, 2), output_dims=(2, 2))"
"Operator([[-0.54049164+0.48893212j,  0.28864547-0.3575767j ,
            0.01030263+0.44189424j, -0.18499328+0.16744459j],
          [ 0.36643508-0.27731325j,  0.10994311+0.24837607j,
            0.01285948+0.72076522j,  0.01030263+0.44189424j],
          [-0.19795525+0.39520929j, -0.16153147+0.70254926j,
            0.10994311+0.24837607j,  0.28864547-0.3575767j ],
          [-0.2495178 +0.00103442j, -0.19795525+0.39520929j,
            0.36643508-0.27731325j, -0.54049164+0.48893212j]],
         input_dims=(2, 2), output_dims=(2, 2))"
"Operator([[-0.54049164+0.48893212j, -0.09600337+0.44940033j,
            0.3622592 +0.25326849j, -0.13482967-0.20995514j],
          [-0.45218474+0.08189178j,  0.10994311+0.24837607j,
           -0.33704254-0.63723638j,  0.3622592 +0.25326849j],
          [-0.43570976+0.07438863j,  0.46145506-0.55382949j,
            0.10994311+0.24837607j, -0.09600337+0.44940033j],
          [ 0.04195172+0.245968j  , -0.43570976+0.07438863j,
           -0.45218474+0.08189178j, -0.54049164+0.48893212j]],
         input_dims=(2, 2), output_dims=(2, 2))"
"Operator([[-0.54049164+0.48893212j, -0.41528237+0.19676853j,
           -0.33927944+0.28331276j,  0.20424742+0.14332897j],
          [-0.20966895+0.40892082j,  0.10994311+0.24837607j,
            0.30139208-0.65485165j, -0.33927944+0.28331276j],
          [ 0.18586993+0.40103495j, -0.15955799-0.70300009j,
            0.10994311+0.24837607j, -0.41528237+0.19676853j],
          [ 0.05423583-0.24355426j,  0.18586993+0.40103495j,
           -0.20966895+0.40892082j, -0.54049164+0.48893212j]],
         input_dims=(2, 2), output_dims=(2, 2))"
