unitary
"Operator([[ 0.77344283-0.58634141j,  0.1515851 -0.18389645j,
            0.00899921-0.0332387j , -0.00099121-0.00268522j],
          [-0.23515338-0.03871481j,  0.92846514-0.0607864j ,
            0.2293708 -0.15383361j,  0.00899921-0.0332387j ],
          [ 0.02441303+0.02428581j, -0.24822602-0.12107679j,
            0.92846514-0.0607864j ,  0.1515851 -0.18389645j],
          [-0.0010122 -0.00267737j,  0.02441303+0.02428581j,
           -0.23515338-0.03871481j,  0.77344283-0.58634141j]],
         input_dims=(2, 2), output_dims=(2, 2))"
"Operator([[ 0.77344283-0.58634141j,  0.08375764+0.22311568j,
           -0.03326202+0.00891263j, -0.00100171-0.00268132j],
          [ 0.08375764+0.22311568j,  0.92846514-0.0607864j ,
            0.01889794+0.27553332j, -0.03326202+0.00891263j],
          [-0.03326202+0.00891263j,  0.01889794+0.27553332j,
            0.92846514-0.0607864j ,  0.08375764+0.22311568j],
          [-0.00100171-0.00268132j, -0.03326202+0.00891263j,
            0.08375764+0.22311568j,  0.77344283-0.58634141j]],
         input_dims=(2, 2), output_dims=(2, 2))"
"Operator([[ 0.77344283-0.58634141j, -0.22311146+0.08376888j,
            0.03326112-0.00891598j, -0.00268117+0.00100212j],
          [ 0.2231199 -0.0837464j ,  0.92846514-0.0607864j ,
           -0.27553237+0.01891182j,  0.03326112-0.00891598j],
          [ 0.03326292-0.00890928j,  0.27553428-0.01888406j,
            0.92846514-0.0607864j , -0.22311146+0.08376888j],
          [ 0.00268147-0.00100131j,  0.03326292-0.00890928j,
            0.2231199 -0.0837464j ,  0.77344283-0.58634141j]],
         input_dims=(2, 2), output_dims=(2, 2))"
"Operator([[ 7.73442832e-01-0.58634141j, -7.46083199e-02-0.22633945j,
           -3.38766603e-02+0.00617809j,  6.67617459e-04+0.00278337j],
          [-9.27681842e-02-0.21952224j,  9.28465144e-01-0.0607864j ,
           -7.66915886e-03-0.27607414j, -3.38766603e-02+0.00617809j],
          [-3.24270254e-02+0.01158814j, -3.00954078e-02-0.27453599j,
            9.28465144e-01-0.0607864j , -7.46083199e-02-0.22633945j],
          [ 1.32088602e-03+0.00253932j, -3.24270254e-02+0.01158814j,
           -9.27681842e-02-0.21952224j,  7.73442832e-01-0.58634141j]],
         input_dims=(2, 2), output_dims=(2, 2))"
"Operator([[ 0.77344283-5.86341408e-01j, -0.2069442 -1.18194950e-01j,
            0.00263149+3.43347076e-02j,  0.00185669-2.17843891e-03j],
          [ 0.07804172-2.25178681e-01j,  0.92846514-6.07863960e-02j,
           -0.19051142-1.99952849e-01j,  0.00263149+3.43347076e-02j],
          [-0.0148886 -3.10503871e-02j,  0.16142762-2.24091208e-01j,
            0.92846514-6.07863960e-02j, -0.2069442 -1.18194950e-01j],
          [-0.00283022-4.27457324e-04j, -0.0148886 -3.10503871e-02j,
            0.07804172-2.25178681e-01j,  0.77344283-5.86341408e-01j]],
         input_dims=(2, 2), output_dims=(2, 2))"
"Operator([[ 0.77344283-0.58634141j,  0.08375764+0.22311568j,
           -0.03326202+0.00891263j, -0.00100171-0.00268132j],
          [ 0.08375764+0.22311568j,  0.92846514-0.0607864j ,
            0.01889794+0.27553332j, -0.03326202+0.00891263j],
          [-0.03326202+0.00891263j,  0.01889794+0.27553332j,
            0.92846514-0.0607864j ,  0.08375764+0.22311568j],
          [-0.00100171-0.00268132j, -0.03326202+0.00891263j,
            0.08375764+0.22311568j,  0.77344283-0.58634141j]],
         input_dims=(2, 2), output_dims=(2, 2))"
"Operator([[ 0.77344283-5.86341408e-01j,  0.17369062+1.63179396e-01j,
           -0.013221  +3.17962594e-02j, -0.00282615+4.53604401e-04j],
          [-0.02340042+2.37167386e-01j,  0.92846514-6.07863960e-02j,
            0.13865202+2.38854269e-01j, -0.013221  +3.17962594e-02j],
          [-0.02734797-2.09257123e-02j, -0.10474257+2.55547916e-01j,
            0.92846514-6.07863960e-02j,  0.17369062+1.63179396e-01j],
          [ 0.0024313 -1.51052362e-03j, -0.02734797-2.09257123e-02j,
           -0.02340042+2.37167386e-01j,  0.77344283-5.86341408e-01j]],
         input_dims=(2, 2), output_dims=(2, 2))"
"Operator([[ 0.77344283-0.58634141j,  0.08375764+0.22311568j,
           -0.03326202+0.00891263j, -0.00100171-0.00268132j],
          [ 0.08375764+0.22311568j,  0.92846514-0.0607864j ,
            0.01889794+0.27553332j, -0.03326202+0.00891263j],
          [-0.03326202+0.00891263j,  0.01889794+0.27553332j,
            0.92846514-0.0607864j ,  0.08375764+0.22311568j],
          [-0.00100171-0.00268132j, -0.03326202+0.00891263j,
            0.08375764+0.22311568j,  0.77344283-0.58634141j]],
         input_dims=(2, 2), output_dims=(2, 2))"
"Operator([[ 0.77344283-0.58634141j,  0.08375764+0.22311568j,
           -0.03326202+0.00891263j, -0.00100171-0.00268132j],
          [ 0.08375764+0.22311568j,  0.92846514-0.0607864j ,
            0.01889794+0.27553332j, -0.03326202+0.00891263j],
          [-0.03326202+0.00891263j,  0.01889794+0.27553332j,
            0.92846514-0.0607864j ,  0.08375764+0.22311568j],
          [-0.00100171-0.00268132j, -0.03326202+0.00891263j,
            0.08375764+0.22311568j,  0.77344283-0.58634141j]],
         input_dims=(2, 2), output_dims=(2, 2))"
"Operator([[ 0.77344283-0.58634141j,  0.14454605+0.18947926j,
           -0.02280634+0.02580053j, -0.00270265-0.00094263j],
          [ 0.01585133+0.23779126j,  0.92846514-0.0607864j ,
            0.09755974+0.25837539j, -0.02280634+0.02580053j],
          [-0.0326512 -0.01094056j, -0.06136985+0.26927586j,
            0.92846514-0.0607864j ,  0.14454605+0.18947926j],
          [ 0.00142259-0.00248377j, -0.0326512 -0.01094056j,
            0.01585133+0.23779126j,  0.77344283-0.58634141j]],
         input_dims=(2, 2), output_dims=(2, 2))"
"Operator([[ 0.77344283-0.58634141j,  0.18002631+0.1561617j ,
           -0.01065904+0.03274419j, -0.00275229+0.00078598j],
          [-0.03278904+0.23605259j,  0.92846514-0.0607864j ,
            0.14801685+0.2331668j , -0.01065904+0.03274419j],
          [-0.02560323-0.02302763j, -0.11479623+0.2511923j ,
            0.92846514-0.0607864j ,  0.18002631+0.1561617j ],
          [ 0.00259346-0.00121114j, -0.02560323-0.02302763j,
           -0.03278904+0.23605259j,  0.77344283-0.58634141j]],
         input_dims=(2, 2), output_dims=(2, 2))"
"Operator([[ 0.77344283-5.86341408e-01j,  0.20453773+1.22312160e-01j,
            0.00125561+3.44125025e-02j, -0.00198404+2.06311926e-03j],
          [-0.07352035+2.26695183e-01j,  0.92846514-6.07863960e-02j,
            0.1864723 +2.03724877e-01j,  0.00125561+3.44125025e-02j],
          [-0.01611904-3.04298118e-02j, -0.15691132+2.27276448e-01j,
            0.92846514-6.07863960e-02j,  0.20453773+1.22312160e-01j],
          [ 0.00285077+2.56882896e-04j, -0.01611904-3.04298118e-02j,
           -0.07352035+2.26695183e-01j,  0.77344283-5.86341408e-01j]],
         input_dims=(2, 2), output_dims=(2, 2))"
"Operator([[ 0.77344283-5.86341408e-01j,  0.01300002-2.37964174e-01j,
           -0.02907282-1.84544801e-02j, -0.00221258+1.81587037e-03j],
          [-0.16638384-1.70623463e-01j,  0.92846514-6.07863960e-02j,
            0.09345996-2.59886475e-01j, -0.02907282-1.84544801e-02j],
          [-0.01595039+3.05185519e-02j, -0.12806741-2.44692629e-01j,
            0.92846514-6.07863960e-02j,  0.01300002-2.37964174e-01j],
          [ 0.00286121-7.96454929e-05j, -0.01595039+3.05185519e-02j,
           -0.16638384-1.70623463e-01j,  0.77344283-5.86341408e-01j]],
         input_dims=(2, 2), output_dims=(2, 2))"
"Operator([[ 0.77344283-0.58634141j, -0.1520834 -0.18348457j,
           -0.0206488 +0.02755765j,  0.00279682+0.00060884j],
          [-0.0062311 -0.23823753j,  0.92846514-0.0607864j ,
           -0.10791901-0.2542228j , -0.0206488 +0.02755765j],
          [-0.03166128-0.01354105j,  0.07219907-0.26657652j,
            0.92846514-0.0607864j , -0.1520834 -0.18348457j],
          [-0.00171254+0.00229349j, -0.03166128-0.01354105j,
           -0.0062311 -0.23823753j,  0.77344283-0.58634141j]],
         input_dims=(2, 2), output_dims=(2, 2))"
