unitary
"Operator([[ 0.54598147-0.57589477j, -0.4241275 +0.09453135j,
           -0.02853165+0.11263153j,  0.2769362 +0.30205224j],
          [-0.4241275 +0.09453135j, -0.46644454-0.22752828j,
           -0.27869507+0.67131901j, -0.02853165+0.11263153j],
          [-0.02853165+0.11263153j, -0.27869507+0.67131901j,
           -0.46644454-0.22752828j, -0.4241275 +0.09453135j],
          [ 0.2769362 +0.30205224j, -0.02853165+0.11263153j,
           -0.4241275 +0.09453135j,  0.54598147-0.57589477j]],
         input_dims=(2, 2), output_dims=(2, 2))"
"Operator([[ 0.54598147-0.57589477j, -0.4241275 +0.09453135j,
           -0.02853165+0.11263153j,  0.2769362 +0.30205224j],
          [-0.4241275 +0.09453135j, -0.46644454-0.22752828j,
           -0.27869507+0.67131901j, -0.02853165+0.11263153j],
          [-0.02853165+0.11263153j, -0.27869507+0.67131901j,
           -0.46644454-0.22752828j, -0.4241275 +0.09453135j],
          [ 0.2769362 +0.30205224j, -0.02853165+0.11263153j,
           -0.4241275 +0.09453135j,  0.54598147-0.57589477j]],
         input_dims=(2, 2), output_dims=(2, 2))"
"Operator([[ 0.54598147-0.57589477j,  0.35167257+0.25523854j,
           -0.10826117-0.04218335j,  0.39913787+0.09283412j],
          [ 0.20999316-0.380425j  , -0.46644454-0.22752828j,
            0.68760749-0.23566096j, -0.10826117-0.04218335j],
          [ 0.11528763+0.0144457j , -0.31853576-0.65335681j,
           -0.46644454-0.22752828j,  0.35167257+0.25523854j],
          [ 0.0579219 +0.40567754j,  0.11528763+0.0144457j ,
            0.20999316-0.380425j  ,  0.54598147-0.57589477j]],
         input_dims=(2, 2), output_dims=(2, 2))"
