unitary
"Operator([[-0.62820575+0.37233769j,  0.40371822+0.25194584j,
           -0.22385863-0.37249749j,  0.2261988 +0.01497048j],
          [-0.08999869-0.46729577j,  0.13847679+0.23244208j,
           -0.67193287+0.2448855j , -0.22385863-0.37249749j],
          [ 0.38810965-0.1955453j ,  0.63660692+0.32587469j,
            0.13847679+0.23244208j,  0.40371822+0.25194584j],
          [ 0.18610859-0.12943572j,  0.38810965-0.1955453j ,
           -0.08999869-0.46729577j, -0.62820575+0.37233769j]],
         input_dims=(2, 2), output_dims=(2, 2))"
"Operator([[-0.62820575+0.37233769j,  0.39234183-0.26931951j,
           -0.1207171 +0.41748586j, -0.21843222+0.0606414j ],
          [ 0.39234183-0.26931951j,  0.13847679+0.23244208j,
           -0.0441791 +0.71380032j, -0.1207171 +0.41748586j],
          [-0.1207171 +0.41748586j, -0.0441791 +0.71380032j,
            0.13847679+0.23244208j,  0.39234183-0.26931951j],
          [-0.21843222+0.0606414j , -0.1207171 +0.41748586j,
            0.39234183-0.26931951j, -0.62820575+0.37233769j]],
         input_dims=(2, 2), output_dims=(2, 2))"
"Operator([[-0.62820575+0.37233769j,  0.39234183-0.26931951j,
           -0.1207171 +0.41748586j, -0.21843222+0.0606414j ],
          [ 0.39234183-0.26931951j,  0.13847679+0.23244208j,
           -0.0441791 +0.71380032j, -0.1207171 +0.41748586j],
          [-0.1207171 +0.41748586j, -0.0441791 +0.71380032j,
            0.13847679+0.23244208j,  0.39234183-0.26931951j],
          [-0.21843222+0.0606414j , -0.1207171 +0.41748586j,
            0.39234183-0.26931951j, -0.62820575+0.37233769j]],
         input_dims=(2, 2), output_dims=(2, 2))"
"Operator([[-0.62820575+0.37233769j, -0.47550734-0.01891771j,
           -0.43457875+0.00289368j, -0.01865746+0.22592457j],
          [-0.15325974+0.4505292j ,  0.13847679+0.23244208j,
            0.46244077-0.54553755j, -0.43457875+0.00289368j],
          [ 0.36597193+0.23437494j, -0.39163934-0.59839896j,
            0.13847679+0.23244208j, -0.47550734-0.01891771j],
          [-0.13245367-0.18397293j,  0.36597193+0.23437494j,
           -0.15325974+0.4505292j , -0.62820575+0.37233769j]],
         input_dims=(2, 2), output_dims=(2, 2))"
"Operator([[-0.62820575+0.37233769j, -0.47454387-0.03568228j,
           -0.43370093-0.02775913j, -0.04242582+0.22268826j],
          [-0.13726923+0.45565586j,  0.13847679+0.23244208j,
            0.48139995-0.52888257j, -0.43370093-0.02775913j],
          [ 0.38158849+0.20798387j, -0.4125076 -0.58420901j,
            0.13847679+0.23244208j, -0.47454387-0.03568228j],
          [-0.15115203-0.16894696j,  0.38158849+0.20798387j,
           -0.13726923+0.45565586j, -0.62820575+0.37233769j]],
         input_dims=(2, 2), output_dims=(2, 2))"
"Operator([[-0.62820575+0.37233769j,  0.39234183-0.26931951j,
           -0.1207171 +0.41748586j, -0.21843222+0.0606414j ],
          [ 0.39234183-0.26931951j,  0.13847679+0.23244208j,
           -0.0441791 +0.71380032j, -0.1207171 +0.41748586j],
          [-0.1207171 +0.41748586j, -0.0441791 +0.71380032j,
            0.13847679+0.23244208j,  0.39234183-0.26931951j],
          [-0.21843222+0.0606414j , -0.1207171 +0.41748586j,
            0.39234183-0.26931951j, -0.62820575+0.37233769j]],
         input_dims=(2, 2), output_dims=(2, 2))"
"Operator([[-0.62820575+0.37233769j,  0.38916245-0.27389358j,
           -0.11091099+0.42019735j, -0.21616844+0.06827313j],
          [ 0.39546744-0.26470853j,  0.13847679+0.23244208j,
           -0.03582074+0.71426855j, -0.11091099+0.42019735j],
          [-0.13045704+0.41454556j, -0.0525314 +0.71323428j,
            0.13847679+0.23244208j,  0.38916245-0.27389358j],
          [-0.22042666+0.05293489j, -0.13045704+0.41454556j,
            0.39546744-0.26470853j, -0.62820575+0.37233769j]],
         input_dims=(2, 2), output_dims=(2, 2))"
