unitary
"Operator([[ 0.57532448-0.74905336j,  0.15581789+0.28151575j,
           -0.06144206+0.02357565j, -0.00370673-0.00676778j],
          [ 0.15581789+0.28151575j,  0.8642233 -0.07169777j,
            0.0343219 +0.37274422j, -0.06144206+0.02357565j],
          [-0.06144206+0.02357565j,  0.0343219 +0.37274422j,
            0.8642233 -0.07169777j,  0.15581789+0.28151575j],
          [-0.00370673-0.00676778j, -0.06144206+0.02357565j,
            0.15581789+0.28151575j,  0.57532448-0.74905336j]],
         input_dims=(2, 2), output_dims=(2, 2))"
"Operator([[ 5.75324479e-01-0.74905336j,  1.08544200e-01-0.30290013j,
           -1.55116108e-02-0.06395567j, -6.85514205e-03-0.00354257j],
          [-3.14308126e-01-0.06885298j,  8.64223300e-01-0.07169777j,
            2.57279545e-01-0.27188873j, -1.55116108e-02-0.06395567j],
          [ 3.12512997e-02+0.05791627j, -3.02603027e-01-0.22033533j,
            8.64223300e-01-0.07169777j,  1.08544200e-01-0.30290013j],
          [ 7.06316015e-04-0.007684j  ,  3.12512997e-02+0.05791627j,
           -3.14308126e-01-0.06885298j,  5.75324479e-01-0.74905336j]],
         input_dims=(2, 2), output_dims=(2, 2))"
"Operator([[ 0.57532448-0.74905336j,  0.15270666-0.28321548j,
            0.0041354 -0.0656798j , -0.00462418-0.00617736j],
          [-0.3210767 -0.02097821j,  0.8642233 -0.07169777j,
            0.29511582-0.23026702j,  0.0041354 -0.0656798j ],
          [ 0.04700882+0.04605549j, -0.33220258-0.17250419j,
            0.8642233 -0.07169777j,  0.15270666-0.28321548j],
          [-0.00271519-0.00722292j,  0.04700882+0.04605549j,
           -0.3210767 -0.02097821j,  0.57532448-0.74905336j]],
         input_dims=(2, 2), output_dims=(2, 2))"
"Operator([[ 0.57532448-0.74905336j,  0.28582922+0.14775652j,
           -0.00184801+0.06578391j, -0.00592771+0.00494015j],
          [-0.02656072+0.32066316j,  0.8642233 -0.07169777j,
            0.23536623+0.29106526j, -0.00184801+0.06578391j],
          [-0.04537818-0.04766297j, -0.17825733+0.32915129j,
            0.8642233 -0.07169777j,  0.28582922+0.14775652j],
          [ 0.00735473-0.00233468j, -0.04537818-0.04766297j,
           -0.02656072+0.32066316j,  0.57532448-0.74905336j]],
         input_dims=(2, 2), output_dims=(2, 2))"
"Operator([[ 0.57532448-0.74905336j, -0.32171845-0.0052508j ,
            0.05128327+0.04124274j, -0.00374233-0.00674817j],
          [ 0.16637463-0.27540845j,  0.8642233 -0.07169777j,
           -0.34024142-0.15605136j,  0.05128327+0.04124274j],
          [ 0.01053209-0.06496163j,  0.30602394-0.2155588j ,
            0.8642233 -0.07169777j, -0.32171845-0.0052508j ],
          [-0.00367104-0.00678721j,  0.01053209-0.06496163j,
            0.16637463-0.27540845j,  0.57532448-0.74905336j]],
         input_dims=(2, 2), output_dims=(2, 2))"
"Operator([[ 0.57532448-0.74905336j,  0.15581789+0.28151575j,
           -0.06144206+0.02357565j, -0.00370673-0.00676778j],
          [ 0.15581789+0.28151575j,  0.8642233 -0.07169777j,
            0.0343219 +0.37274422j, -0.06144206+0.02357565j],
          [-0.06144206+0.02357565j,  0.0343219 +0.37274422j,
            0.8642233 -0.07169777j,  0.15581789+0.28151575j],
          [-0.00370673-0.00676778j, -0.06144206+0.02357565j,
            0.15581789+0.28151575j,  0.57532448-0.74905336j]],
         input_dims=(2, 2), output_dims=(2, 2))"
"Operator([[ 0.57532448-0.74905336j,  0.15581789+0.28151575j,
           -0.06144206+0.02357565j, -0.00370673-0.00676778j],
          [ 0.15581789+0.28151575j,  0.8642233 -0.07169777j,
            0.0343219 +0.37274422j, -0.06144206+0.02357565j],
          [-0.06144206+0.02357565j,  0.0343219 +0.37274422j,
            0.8642233 -0.07169777j,  0.15581789+0.28151575j],
          [-0.00370673-0.00676778j, -0.06144206+0.02357565j,
            0.15581789+0.28151575j,  0.57532448-0.74905336j]],
         input_dims=(2, 2), output_dims=(2, 2))"
"Operator([[ 0.57532448-7.49053357e-01j, -0.29460785+1.29369794e-01j,
            0.0647124 -1.19684423e-02j, -0.00752047+1.72781323e-03j],
          [ 0.26605551-1.80955234e-01j,  0.8642233 -7.16977729e-02j,
           -0.37432105+2.63900182e-05j,  0.0647124 -1.19684423e-02j],
          [ 0.05610865-3.43912357e-02j,  0.36803184-6.83286962e-02j,
            0.8642233 -7.16977729e-02j, -0.29460785+1.29369794e-01j],
          [ 0.00550559-5.40659476e-03j,  0.05610865-3.43912357e-02j,
            0.26605551-1.80955234e-01j,  0.57532448-7.49053357e-01j]],
         input_dims=(2, 2), output_dims=(2, 2))"
"Operator([[ 5.75324479e-01-0.74905336j,  1.10066294e-01-0.30235036j,
           -1.48674913e-02-0.06410847j, -6.80091034e-03-0.0036456j ],
          [-3.14650454e-01-0.06727127j,  8.64223300e-01-0.07169777j,
            2.58643782e-01-0.27059128j, -1.48674913e-02-0.06410847j],
          [ 3.18323025e-02+0.05759898j, -3.03707398e-01-0.21881057j,
            8.64223300e-01-0.07169777j,  1.10066294e-01-0.30235036j],
          [ 5.90297149e-04-0.00769379j,  3.18323025e-02+0.05759898j,
           -3.14650454e-01-0.06727127j,  5.75324479e-01-0.74905336j]],
         input_dims=(2, 2), output_dims=(2, 2))"
"Operator([[ 0.57532448-0.74905336j,  0.15581789+0.28151575j,
           -0.06144206+0.02357565j, -0.00370673-0.00676778j],
          [ 0.15581789+0.28151575j,  0.8642233 -0.07169777j,
            0.0343219 +0.37274422j, -0.06144206+0.02357565j],
          [-0.06144206+0.02357565j,  0.0343219 +0.37274422j,
            0.8642233 -0.07169777j,  0.15581789+0.28151575j],
          [-0.00370673-0.00676778j, -0.06144206+0.02357565j,
            0.15581789+0.28151575j,  0.57532448-0.74905336j]],
         input_dims=(2, 2), output_dims=(2, 2))"
