unitary
"Operator([[ 8.49807622e-01-0.48915947j,  5.56732257e-02+0.18690713j,
           -2.21650333e-02+0.00475873j, -4.32099984e-04-0.00145507j],
          [ 5.56732257e-02+0.18690713j,  9.52785453e-01-0.05202104j,
            1.26658519e-02+0.2253565j , -2.21650333e-02+0.00475873j],
          [-2.21650333e-02+0.00475873j,  1.26658519e-02+0.2253565j ,
            9.52785453e-01-0.05202104j,  5.56732257e-02+0.18690713j],
          [-4.32099984e-04-0.00145507j, -2.21650333e-02+0.00475873j,
            5.56732257e-02+0.18690713j,  8.49807622e-01-0.48915947j]],
         input_dims=(2, 2), output_dims=(2, 2))"
"Operator([[ 0.84980762-4.89159468e-01j,  0.1322669 +1.43315209e-01j,
           -0.0098127 +2.04363657e-02j, -0.00151235+1.29415056e-04j],
          [-0.03228943+1.92330899e-01j,  0.95278545-5.20210443e-02j,
            0.11057653+1.96770947e-01j, -0.0098127 +2.04363657e-02j],
          [-0.01733647-1.46075707e-02j, -0.08783131+2.07922186e-01j,
            0.95278545-5.20210443e-02j,  0.1322669 +1.43315209e-01j],
          [ 0.00133786-7.16986802e-04j, -0.01733647-1.46075707e-02j,
           -0.03228943+1.92330899e-01j,  0.84980762-4.89159468e-01j]],
         input_dims=(2, 2), output_dims=(2, 2))"
"Operator([[ 8.49807622e-01-0.48915947j,  1.84560911e-01+0.06301629j,
            1.17570629e-02+0.01938313j,  5.90028404e-06+0.00151786j],
          [-1.19998411e-01+0.15373407j,  9.52785453e-01-0.05202104j,
            1.90949780e-01+0.12035014j,  1.17570629e-02+0.01938313j],
          [ 2.76476600e-03-0.02250089j, -1.76261587e-01+0.14098875j,
            9.52785453e-01-0.05202104j,  1.84560911e-01+0.06301629j],
          [ 8.23492755e-04+0.00127507j,  2.76476600e-03-0.02250089j,
           -1.19998411e-01+0.15373407j,  8.49807622e-01-0.48915947j]],
         input_dims=(2, 2), output_dims=(2, 2))"
"Operator([[ 8.49807622e-01-0.48915947j,  1.94718421e-01-0.01088664j,
            2.19324153e-02+0.00573614j,  1.39069504e-03+0.0006082j ],
          [-1.68938816e-01+0.09743438j,  9.52785453e-01-0.05202104j,
            2.22165743e-01+0.0398542j ,  2.19324153e-02+0.00573614j],
          [ 1.76450855e-02-0.01423324j, -2.16300793e-01+0.06449761j,
            9.52785453e-01-0.05202104j,  1.94718421e-01-0.01088664j],
          [-8.33342243e-04+0.00126865j,  1.76450855e-02-0.01423324j,
           -1.68938816e-01+0.09743438j,  8.49807622e-01-0.48915947j]],
         input_dims=(2, 2), output_dims=(2, 2))"
"Operator([[ 8.49807622e-01-0.48915947j,  5.56732257e-02+0.18690713j,
           -2.21650333e-02+0.00475873j, -4.32099984e-04-0.00145507j],
          [ 5.56732257e-02+0.18690713j,  9.52785453e-01-0.05202104j,
            1.26658519e-02+0.2253565j , -2.21650333e-02+0.00475873j],
          [-2.21650333e-02+0.00475873j,  1.26658519e-02+0.2253565j ,
            9.52785453e-01-0.05202104j,  5.56732257e-02+0.18690713j],
          [-4.32099984e-04-0.00145507j, -2.21650333e-02+0.00475873j,
            5.56732257e-02+0.18690713j,  8.49807622e-01-0.48915947j]],
         input_dims=(2, 2), output_dims=(2, 2))"
"Operator([[ 8.49807622e-01-0.48915947j,  1.70783372e-01-0.09416381j,
            1.81799579e-02-0.01354339j,  9.05190945e-04-0.00121843j],
          [-1.94472733e-01+0.01463347j,  9.52785453e-01-0.05202104j,
            2.17502451e-01-0.06032129j,  1.81799579e-02-0.01354339j],
          [ 2.21369870e-02+0.00488753j, -2.22891863e-01-0.03556953j,
            9.52785453e-01-0.05202104j,  1.70783372e-01-0.09416381j],
          [-1.42348664e-03-0.0005269j ,  2.21369870e-02+0.00488753j,
           -1.94472733e-01+0.01463347j,  8.49807622e-01-0.48915947j]],
         input_dims=(2, 2), output_dims=(2, 2))"
"Operator([[ 8.49807622e-01-0.48915947j,  1.62752686e-01-0.10744927j,
            1.58023278e-02-0.01625486j,  5.91207448e-04-0.001398j  ],
          [-1.95020528e-01-0.00088089j,  9.52785453e-01-0.05202104j,
            2.12015522e-01-0.07742992j,  1.58023278e-02-0.01625486j],
          [ 2.10818685e-02+0.00833601j, -2.19356568e-01-0.05318525j,
            9.52785453e-01-0.05202104j,  1.62752686e-01-0.10744927j],
          [-1.25840376e-03-0.00084874j,  2.10818685e-02+0.00833601j,
           -1.95020528e-01-0.00088089j,  8.49807622e-01-0.48915947j]],
         input_dims=(2, 2), output_dims=(2, 2))"
"Operator([[ 8.49807622e-01-4.89159468e-01j,
            1.63458776e-01-1.06372040e-01j,
            1.60156523e-02-1.60447203e-02j,
            6.18788764e-04-1.38601528e-03j],
          [-1.95022093e-01+4.07120973e-04j,
            9.52785453e-01-5.20210443e-02j,
            2.12522277e-01-7.60279957e-02j,
            1.60156523e-02-1.60447203e-02j],
          [ 2.11901359e-02+8.05681763e-03j,
           -2.19703041e-01-5.17353662e-02j,
            9.52785453e-01-5.20210443e-02j,
            1.63458776e-01-1.06372040e-01j],
          [-1.27497206e-03-8.23640787e-04j,
            2.11901359e-02+8.05681763e-03j,
           -1.95022093e-01+4.07120973e-04j,
            8.49807622e-01-4.89159468e-01j]],
         input_dims=(2, 2), output_dims=(2, 2))"
"Operator([[ 8.49807622e-01-0.48915947j,  5.56732257e-02+0.18690713j,
           -2.21650333e-02+0.00475873j, -4.32099984e-04-0.00145507j],
          [ 5.56732257e-02+0.18690713j,  9.52785453e-01-0.05202104j,
            1.26658519e-02+0.2253565j , -2.21650333e-02+0.00475873j],
          [-2.21650333e-02+0.00475873j,  1.26658519e-02+0.2253565j ,
            9.52785453e-01-0.05202104j,  5.56732257e-02+0.18690713j],
          [-4.32099984e-04-0.00145507j, -2.21650333e-02+0.00475873j,
            5.56732257e-02+0.18690713j,  8.49807622e-01-0.48915947j]],
         input_dims=(2, 2), output_dims=(2, 2))"
"Operator([[ 8.49807622e-01-0.48915947j,  5.56732257e-02+0.18690713j,
           -2.21650333e-02+0.00475873j, -4.32099984e-04-0.00145507j],
          [ 5.56732257e-02+0.18690713j,  9.52785453e-01-0.05202104j,
            1.26658519e-02+0.2253565j , -2.21650333e-02+0.00475873j],
          [-2.21650333e-02+0.00475873j,  1.26658519e-02+0.2253565j ,
            9.52785453e-01-0.05202104j,  5.56732257e-02+0.18690713j],
          [-4.32099984e-04-0.00145507j, -2.21650333e-02+0.00475873j,
            5.56732257e-02+0.18690713j,  8.49807622e-01-0.48915947j]],
         input_dims=(2, 2), output_dims=(2, 2))"
"Operator([[ 8.49807622e-01-0.48915947j,  5.56732257e-02+0.18690713j,
           -2.21650333e-02+0.00475873j, -4.32099984e-04-0.00145507j],
          [ 5.56732257e-02+0.18690713j,  9.52785453e-01-0.05202104j,
            1.26658519e-02+0.2253565j , -2.21650333e-02+0.00475873j],
          [-2.21650333e-02+0.00475873j,  1.26658519e-02+0.2253565j ,
            9.52785453e-01-0.05202104j,  5.56732257e-02+0.18690713j],
          [-4.32099984e-04-0.00145507j, -2.21650333e-02+0.00475873j,
            5.56732257e-02+0.18690713j,  8.49807622e-01-0.48915947j]],
         input_dims=(2, 2), output_dims=(2, 2))"
"Operator([[ 8.49807622e-01-0.48915947j, -1.68377269e-01+0.09840161j,
            1.74806774e-02-0.01443468j, -8.11393390e-04+0.0012828j ],
          [ 1.94777652e-01-0.00976979j,  9.52785453e-01-0.05202104j,
           -2.15927354e-01+0.06573699j,  1.74806774e-02-0.01443468j],
          [ 2.18651822e-02+0.00598732j,  2.21933533e-01+0.04112762j,
            9.52785453e-01-0.05202104j, -1.68377269e-01+0.09840161j],
          [ 1.38002596e-03+0.00063203j,  2.18651822e-02+0.00598732j,
            1.94777652e-01-0.00976979j,  8.49807622e-01-0.48915947j]],
         input_dims=(2, 2), output_dims=(2, 2))"
"Operator([[ 8.49807622e-01-0.48915947j,  5.56732257e-02+0.18690713j,
           -2.21650333e-02+0.00475873j, -4.32099984e-04-0.00145507j],
          [ 5.56732257e-02+0.18690713j,  9.52785453e-01-0.05202104j,
            1.26658519e-02+0.2253565j , -2.21650333e-02+0.00475873j],
          [-2.21650333e-02+0.00475873j,  1.26658519e-02+0.2253565j ,
            9.52785453e-01-0.05202104j,  5.56732257e-02+0.18690713j],
          [-4.32099984e-04-0.00145507j, -2.21650333e-02+0.00475873j,
            5.56732257e-02+0.18690713j,  8.49807622e-01-0.48915947j]],
         input_dims=(2, 2), output_dims=(2, 2))"
