unitary
"Operator([[ 0.36987224-8.39195068e-01j, -0.31302531-2.25320610e-01j,
           -0.04711165+8.80589256e-02j,  0.01476607+1.62634415e-04j],
          [-0.12319612-3.65481784e-01j,  0.79549348-7.16808055e-02j,
           -0.18374883-4.11776935e-01j, -0.04711165+8.80589256e-02j],
          [-0.09852908-1.63064887e-02j,  0.09049274-4.41740807e-01j,
            0.79549348-7.16808055e-02j, -0.31302531-2.25320610e-01j],
          [-0.00444214+1.40829926e-02j, -0.09852908-1.63064887e-02j,
           -0.12319612-3.65481784e-01j,  0.36987224-8.39195068e-01j]],
         input_dims=(2, 2), output_dims=(2, 2))"
"Operator([[ 0.36987224-0.83919507j, -0.37586016+0.0865064j ,
            0.09340337+0.03535098j, -0.0121689 -0.00836548j],
          [ 0.19331139-0.3337438j ,  0.79549348-0.07168081j,
           -0.43064688-0.13366804j,  0.09340337+0.03535098j],
          [ 0.0288881 -0.0956j    ,  0.39162132-0.22350977j,
            0.79549348-0.07168081j, -0.37586016+0.0865064j ],
          [-0.00416162-0.01416842j,  0.0288881 -0.0956j    ,
            0.19331139-0.3337438j ,  0.36987224-0.83919507j]],
         input_dims=(2, 2), output_dims=(2, 2))"
"Operator([[ 0.36987224-0.83919507j, -0.28257051+0.26250357j,
            0.07746997-0.06302608j, -0.00840979+0.01213831j],
          [ 0.33405041-0.19278107j,  0.79549348-0.07168081j,
           -0.43990584+0.09902892j,  0.07746997-0.06302608j],
          [ 0.09718041-0.02301847j,  0.45091129+0.00169747j,
            0.79549348-0.07168081j, -0.28257051+0.26250357j],
          [ 0.01415315-0.00421325j,  0.09718041-0.02301847j,
            0.33405041-0.19278107j,  0.36987224-0.83919507j]],
         input_dims=(2, 2), output_dims=(2, 2))"
"Operator([[ 0.36987224-0.83919507j, -0.32639791+0.20547171j,
            0.09512631-0.03041161j, -0.0135746 +0.00581321j],
          [ 0.29244631-0.25145452j,  0.79549348-0.07168081j,
           -0.45064365+0.01562607j,  0.09512631-0.03041161j],
          [ 0.08208017-0.05689224j,  0.44338543-0.08205632j,
            0.79549348-0.07168081j, -0.32639791+0.20547171j],
          [ 0.00975015-0.01109044j,  0.08208017-0.05689224j,
            0.29244631-0.25145452j,  0.36987224-0.83919507j]],
         input_dims=(2, 2), output_dims=(2, 2))"
"Operator([[ 0.36987224-0.83919507j, -0.35645866+0.14728015j,
            0.09982251+0.00305767j, -0.01468492-0.00155446j],
          [ 0.24568157-0.29731261j,  0.79549348-0.07168081j,
           -0.44678966-0.06085124j,  0.09982251+0.00305767j],
          [ 0.05840461-0.08101101j,  0.42310756-0.15589697j,
            0.79549348-0.07168081j, -0.35645866+0.14728015j],
          [ 0.00309421-0.01443915j,  0.05840461-0.08101101j,
            0.24568157-0.29731261j,  0.36987224-0.83919507j]],
         input_dims=(2, 2), output_dims=(2, 2))"
"Operator([[ 0.36987224-0.83919507j,  0.22909293+0.31027511j,
           -0.08958706+0.04413662j, -0.00866545-0.01195714j],
          [ 0.22909293+0.31027511j,  0.79549348-0.07168081j,
            0.04897584+0.44824686j, -0.08958706+0.04413662j],
          [-0.08958706+0.04413662j,  0.04897584+0.44824686j,
            0.79549348-0.07168081j,  0.22909293+0.31027511j],
          [-0.00866545-0.01195714j, -0.08958706+0.04413662j,
            0.22909293+0.31027511j,  0.36987224-0.83919507j]],
         input_dims=(2, 2), output_dims=(2, 2))"
"Operator([[ 0.36987224-0.83919507j,  0.22909293+0.31027511j,
           -0.08958706+0.04413662j, -0.00866545-0.01195714j],
          [ 0.22909293+0.31027511j,  0.79549348-0.07168081j,
            0.04897584+0.44824686j, -0.08958706+0.04413662j],
          [-0.08958706+0.04413662j,  0.04897584+0.44824686j,
            0.79549348-0.07168081j,  0.22909293+0.31027511j],
          [-0.00866545-0.01195714j, -0.08958706+0.04413662j,
            0.22909293+0.31027511j,  0.36987224-0.83919507j]],
         input_dims=(2, 2), output_dims=(2, 2))"
"Operator([[ 0.36987224-0.83919507j,  0.22909293+0.31027511j,
           -0.08958706+0.04413662j, -0.00866545-0.01195714j],
          [ 0.22909293+0.31027511j,  0.79549348-0.07168081j,
            0.04897584+0.44824686j, -0.08958706+0.04413662j],
          [-0.08958706+0.04413662j,  0.04897584+0.44824686j,
            0.79549348-0.07168081j,  0.22909293+0.31027511j],
          [-0.00866545-0.01195714j, -0.08958706+0.04413662j,
            0.22909293+0.31027511j,  0.36987224-0.83919507j]],
         input_dims=(2, 2), output_dims=(2, 2))"
"Operator([[ 0.36987224-0.83919507j,  0.38464716-0.0282981j ,
            0.0784423 +0.0618117j ,  0.00721155+0.01288631j],
          [-0.14026853+0.3592756j ,  0.79549348-0.07168081j,
            0.40528824+0.19764949j,  0.0784423 +0.0618117j ],
          [-0.00120906-0.09986201j, -0.3530446 +0.28050559j,
            0.79549348-0.07168081j,  0.38464716-0.0282981j ],
          [ 0.01000104+0.01086473j, -0.00120906-0.09986201j,
           -0.14026853+0.3592756j ,  0.36987224-0.83919507j]],
         input_dims=(2, 2), output_dims=(2, 2))"
"Operator([[ 0.36987224-0.83919507j, -0.32633115+0.20557772j,
            0.09510654-0.03047341j, -0.01356893+0.00582644j],
          [ 0.29252797-0.25135951j,  0.79549348-0.07168081j,
           -0.45063855+0.01577246j,  0.09510654-0.03047341j],
          [ 0.08211712-0.0568389j ,  0.44341206-0.08191229j,
            0.79549348-0.07168081j, -0.32633115+0.20557772j],
          [ 0.00976095-0.01108094j,  0.08211712-0.0568389j ,
            0.29252797-0.25135951j,  0.36987224-0.83919507j]],
         input_dims=(2, 2), output_dims=(2, 2))"
