unitary
"Operator([[ 0.54598147-0.57589477j, -0.4241275 +0.09453135j,
           -0.02853165+0.11263153j,  0.2769362 +0.30205224j],
          [-0.4241275 +0.09453135j, -0.46644454-0.22752828j,
           -0.27869507+0.67131901j, -0.02853165+0.11263153j],
          [-0.02853165+0.11263153j, -0.27869507+0.67131901j,
           -0.46644454-0.22752828j, -0.4241275 +0.09453135j],
          [ 0.2769362 +0.30205224j, -0.02853165+0.11263153j,
           -0.4241275 +0.09453135j,  0.54598147-0.57589477j]],
         input_dims=(2, 2), output_dims=(2, 2))"
"Operator([[ 0.54598147-0.57589477j, -0.4241275 +0.09453135j,
           -0.02853165+0.11263153j,  0.2769362 +0.30205224j],
          [-0.4241275 +0.09453135j, -0.46644454-0.22752828j,
           -0.27869507+0.67131901j, -0.02853165+0.11263153j],
          [-0.02853165+0.11263153j, -0.27869507+0.67131901j,
           -0.46644454-0.22752828j, -0.4241275 +0.09453135j],
          [ 0.2769362 +0.30205224j, -0.02853165+0.11263153j,
           -0.4241275 +0.09453135j,  0.54598147-0.57589477j]],
         input_dims=(2, 2), output_dims=(2, 2))"
"Operator([[ 0.54598147-0.57589477j,  0.41602492+0.12547343j,
           -0.11105971+0.0341417j ,  0.29242838-0.28707988j],
          [ 0.32336198-0.29027115j, -0.46644454-0.22752828j,
            0.5719515 -0.4485662j , -0.11105971+0.0341417j ],
          [ 0.08141135+0.08289818j, -0.08609881-0.72175283j,
           -0.46644454-0.22752828j,  0.41602492+0.12547343j],
          [-0.31132443+0.2664701j ,  0.08141135+0.08289818j,
            0.32336198-0.29027115j,  0.54598147-0.57589477j]],
         input_dims=(2, 2), output_dims=(2, 2))"
