unitary
"Operator([[ 0.6967498 -0.66116202j,  0.11179695+0.25045957j,
           -0.04427972+0.01395935j, -0.0018299 -0.00412768j],
          [ 0.11179695+0.25045957j,  0.90380399-0.06663156j,
            0.02500247+0.31731586j, -0.04427972+0.01395935j],
          [-0.04427972+0.01395935j,  0.02500247+0.31731586j,
            0.90380399-0.06663156j,  0.11179695+0.25045957j],
          [-0.0018299 -0.00412768j, -0.04427972+0.01395935j,
            0.11179695+0.25045957j,  0.6967498 -0.66116202j]],
         input_dims=(2, 2), output_dims=(2, 2))"
"Operator([[ 0.6967498 -0.66116202j,  0.09394843+0.25768633j,
           -0.04579779+0.00762363j, -0.00092632-0.00441908j],
          [ 0.12909443+0.24199831j,  0.90380399-0.06663156j,
            0.00267702+0.3182881j , -0.04579779+0.00762363j],
          [-0.04188972+0.0200202j ,  0.04720469+0.3147796j ,
            0.90380399-0.06663156j,  0.09394843+0.25768633j],
          [-0.00265258-0.00365378j, -0.04188972+0.0200202j ,
            0.12909443+0.24199831j,  0.6967498 -0.66116202j]],
         input_dims=(2, 2), output_dims=(2, 2))"
"Operator([[ 0.6967498 -0.66116202j,  0.21343888+0.17225678j,
           -0.01467187+0.04404876j, -0.00436067+0.00117083j],
          [-0.01428646+0.27390591j,  0.90380399-0.06663156j,
            0.16652595+0.27126295j, -0.01467187+0.04404876j],
          [-0.03728156-0.02767024j, -0.12198714+0.29399595j,
            0.90380399-0.06663156j,  0.21343888+0.17225678j],
          [ 0.00379575-0.00244511j, -0.03728156-0.02767024j,
           -0.01428646+0.27390591j,  0.6967498 -0.66116202j]],
         input_dims=(2, 2), output_dims=(2, 2))"
"Operator([[ 0.6967498 -0.66116202j,  0.11179695+0.25045957j,
           -0.04427972+0.01395935j, -0.0018299 -0.00412768j],
          [ 0.11179695+0.25045957j,  0.90380399-0.06663156j,
            0.02500247+0.31731586j, -0.04427972+0.01395935j],
          [-0.04427972+0.01395935j,  0.02500247+0.31731586j,
            0.90380399-0.06663156j,  0.11179695+0.25045957j],
          [-0.0018299 -0.00412768j, -0.04427972+0.01395935j,
            0.11179695+0.25045957j,  0.6967498 -0.66116202j]],
         input_dims=(2, 2), output_dims=(2, 2))"
"Operator([[ 0.6967498 -0.66116202j,  0.11179695+0.25045957j,
           -0.04427972+0.01395935j, -0.0018299 -0.00412768j],
          [ 0.11179695+0.25045957j,  0.90380399-0.06663156j,
            0.02500247+0.31731586j, -0.04427972+0.01395935j],
          [-0.04427972+0.01395935j,  0.02500247+0.31731586j,
            0.90380399-0.06663156j,  0.11179695+0.25045957j],
          [-0.0018299 -0.00412768j, -0.04427972+0.01395935j,
            0.11179695+0.25045957j,  0.6967498 -0.66116202j]],
         input_dims=(2, 2), output_dims=(2, 2))"
"Operator([[ 0.6967498 -6.61162025e-01j,  0.24172565+1.29604249e-01j,
            0.00242316+4.63646982e-02j, -0.00307065+3.31019785e-03j],
          [-0.0649252 +2.66483153e-01j,  0.90380399-6.66315600e-02j,
            0.21402326+2.35602471e-01j,  0.00242316+4.63646982e-02j],
          [-0.02460555-3.93716149e-02j, -0.17448328+2.66214317e-01j,
            0.90380399-6.66315600e-02j,  0.24172565+1.29604249e-01j],
          [ 0.00451481-5.26205724e-05j, -0.02460555-3.93716149e-02j,
           -0.0649252 +2.66483153e-01j,  0.6967498 -6.61162025e-01j]],
         input_dims=(2, 2), output_dims=(2, 2))"
"Operator([[ 0.6967498 -6.61162025e-01j,  0.00745701+2.74176851e-01j,
           -0.04118387-2.14346810e-02j,  0.00311261-3.27077699e-03j],
          [ 0.19912207+1.88623843e-01j,  0.90380399-6.66315600e-02j,
           -0.09831367+3.02735694e-01j, -0.04118387-2.14346810e-02j],
          [-0.02144479+4.11786112e-02j,  0.14451339+2.83602464e-01j,
            0.90380399-6.66315600e-02j,  0.00745701+2.74176851e-01j],
          [-0.00451377+1.10181615e-04j, -0.02144479+4.11786112e-02j,
            0.19912207+1.88623843e-01j,  0.6967498 -6.61162025e-01j]],
         input_dims=(2, 2), output_dims=(2, 2))"
"Operator([[ 0.6967498 -0.66116202j, -0.21554038-0.16961987j,
           -0.0135845 +0.04439615j,  0.00431453-0.00133083j],
          [ 0.01765262-0.27370959j,  0.90380399-0.06663156j,
           -0.16984811-0.26919528j, -0.0135845 +0.04439615j],
          [-0.03659002-0.02857844j,  0.12559214-0.29247409j,
            0.90380399-0.06663156j, -0.21554038-0.16961987j],
          [-0.00388333+0.00230348j, -0.03659002-0.02857844j,
            0.01765262-0.27370959j,  0.6967498 -0.66116202j]],
         input_dims=(2, 2), output_dims=(2, 2))"
"Operator([[ 0.6967498 -6.61162025e-01j, -0.19555179-1.92322774e-01j,
           -0.02297304+4.03459595e-02j,  0.00451283+1.43673235e-04j],
          [-0.01259449-2.73988926e-01j,  0.90380399-6.66315600e-02j,
           -0.13917256-2.86261203e-01j, -0.02297304+4.03459595e-02j],
          [-0.04195828-1.98761073e-02j,  0.09262235-3.04525169e-01j,
            0.90380399-6.66315600e-02j, -0.19555179-1.92322774e-01j],
          [-0.00292386+3.44054038e-03j, -0.04195828-1.98761073e-02j,
           -0.01259449-2.73988926e-01j,  0.6967498 -6.61162025e-01j]],
         input_dims=(2, 2), output_dims=(2, 2))"
