unitary
"Operator([[ 0.75140351-0.6097643j ,  0.09183288+0.23173789j,
           -0.03644157+0.01027726j, -0.00121275-0.00307687j],
          [ 0.09183288+0.23173789j,  0.92140335-0.0627214j ,
            0.02066853+0.28824532j, -0.03644157+0.01027726j],
          [-0.03644157+0.01027726j,  0.02066853+0.28824532j,
            0.92140335-0.0627214j ,  0.09183288+0.23173789j],
          [-0.00121275-0.00307687j, -0.03644157+0.01027726j,
            0.09183288+0.23173789j,  0.75140351-0.6097643j ]],
         input_dims=(2, 2), output_dims=(2, 2))"
"Operator([[ 0.75140351-6.09764296e-01j,  0.17204631+1.80376812e-01j,
           -0.01904211+3.27262582e-02j, -0.00330434-1.38642223e-04j],
          [-0.00178866+2.49263975e-01j,  0.92140335-6.27213955e-02j,
            0.12727129+2.59450519e-01j, -0.01904211+3.27262582e-02j],
          [-0.0333352 -1.79547934e-02j, -0.08895195+2.74954731e-01j,
            0.92140335-6.27213955e-02j,  0.17204631+1.80376812e-01j],
          [ 0.00232111-2.35591003e-03j, -0.0333352 -1.79547934e-02j,
           -0.00178866+2.49263975e-01j,  0.75140351-6.09764296e-01j]],
         input_dims=(2, 2), output_dims=(2, 2))"
"Operator([[ 0.75140351-0.6097643j ,  0.09183288+0.23173789j,
           -0.03644157+0.01027726j, -0.00121275-0.00307687j],
          [ 0.09183288+0.23173789j,  0.92140335-0.0627214j ,
            0.02066853+0.28824532j, -0.03644157+0.01027726j],
          [-0.03644157+0.01027726j,  0.02066853+0.28824532j,
            0.92140335-0.0627214j ,  0.09183288+0.23173789j],
          [-0.00121275-0.00307687j, -0.03644157+0.01027726j,
            0.09183288+0.23173789j,  0.75140351-0.6097643j ]],
         input_dims=(2, 2), output_dims=(2, 2))"
"Operator([[ 0.75140351-0.6097643j ,  0.23360841-0.0869646j ,
            0.03683959-0.00874381j,  0.00314688-0.00101736j],
          [-0.22976594+0.09666096j,  0.92140335-0.0627214j ,
            0.28861464-0.01463363j,  0.03683959-0.00874381j],
          [ 0.03597974-0.01179272j, -0.28774983+0.02669438j,
            0.92140335-0.0627214j ,  0.23360841-0.0869646j ],
          [-0.00299474+0.00140336j,  0.03597974-0.01179272j,
           -0.22976594+0.09666096j,  0.75140351-0.6097643j ]],
         input_dims=(2, 2), output_dims=(2, 2))"
"Operator([[ 0.75140351-6.09764296e-01j,  0.21915912-1.18764504e-01j,
            0.03297961-1.85998688e-02j,  0.00245696-2.21387129e-03j],
          [-0.24102147+6.35954331e-02j,  0.92140335-6.27213955e-02j,
            0.28373573-5.48323845e-02j,  0.03297961-1.85998688e-02j],
          [ 0.03783817-1.37218383e-03j, -0.28865622-1.37892224e-02j,
            0.92140335-6.27213955e-02j,  0.21915912-1.18764504e-01j],
          [-0.00330674+5.78866937e-05j,  0.03783817-1.37218383e-03j,
           -0.24102147+6.35954331e-02j,  0.75140351-6.09764296e-01j]],
         input_dims=(2, 2), output_dims=(2, 2))"
"Operator([[ 0.75140351-6.09764296e-01j,  0.22061663-1.16034617e-01j,
            0.03343123-1.77753527e-02j,  0.00253769-2.12084960e-03j],
          [-0.2402134 +6.65826759e-02j,  0.92140335-6.27213955e-02j,
            0.28439458-5.13057422e-02j,  0.03343123-1.77753527e-02j],
          [ 0.03779244-2.31116695e-03j, -0.28880516-1.02046580e-02j,
            0.92140335-6.27213955e-02j,  0.22061663-1.16034617e-01j],
          [-0.00330229+1.80975053e-04j,  0.03779244-2.31116695e-03j,
           -0.2402134 +6.65826759e-02j,  0.75140351-6.09764296e-01j]],
         input_dims=(2, 2), output_dims=(2, 2))"
"Operator([[ 0.75140351-0.6097643j ,  0.24646345+0.03730275j,
            0.02691384+0.02663185j,  0.00117659+0.00309087j],
          [-0.15400971+0.19600188j,  0.92140335-0.0627214j ,
            0.2594668 +0.12723809j,  0.02691384+0.02663185j],
          [ 0.00903332-0.03676968j, -0.23865854+0.16295599j,
            0.92140335-0.0627214j ,  0.24646345+0.03730275j],
          [ 0.00124873+0.00306244j,  0.00903332-0.03676968j,
           -0.15400971+0.19600188j,  0.75140351-0.6097643j ]],
         input_dims=(2, 2), output_dims=(2, 2))"
"Operator([[ 0.75140351-0.6097643j ,  0.09183288+0.23173789j,
           -0.03644157+0.01027726j, -0.00121275-0.00307687j],
          [ 0.09183288+0.23173789j,  0.92140335-0.0627214j ,
            0.02066853+0.28824532j, -0.03644157+0.01027726j],
          [-0.03644157+0.01027726j,  0.02066853+0.28824532j,
            0.92140335-0.0627214j ,  0.09183288+0.23173789j],
          [-0.00121275-0.00307687j, -0.03644157+0.01027726j,
            0.09183288+0.23173789j,  0.75140351-0.6097643j ]],
         input_dims=(2, 2), output_dims=(2, 2))"
"Operator([[ 7.51403505e-01-0.6097643j , -1.89545232e-01+0.16188988j,
            2.25134116e-02-0.03044267j, -6.78508371e-04+0.0032369j ],
          [ 2.48986606e-01-0.01189111j,  9.21403351e-01-0.0627214j ,
           -2.66043018e-01+0.11284355j,  2.25134116e-02-0.03044267j],
          [ 3.51018586e-02+0.014194j  ,  2.79421296e-01+0.07373122j,
            9.21403351e-01-0.0627214j , -1.89545232e-01+0.16188988j],
          [ 2.70457527e-03+0.00190346j,  3.51018586e-02+0.014194j  ,
            2.48986606e-01-0.01189111j,  7.51403505e-01-0.6097643j ]],
         input_dims=(2, 2), output_dims=(2, 2))"
"Operator([[ 0.75140351-0.6097643j ,  0.09183288+0.23173789j,
           -0.03644157+0.01027726j, -0.00121275-0.00307687j],
          [ 0.09183288+0.23173789j,  0.92140335-0.0627214j ,
            0.02066853+0.28824532j, -0.03644157+0.01027726j],
          [-0.03644157+0.01027726j,  0.02066853+0.28824532j,
            0.92140335-0.0627214j ,  0.09183288+0.23173789j],
          [-0.00121275-0.00307687j, -0.03644157+0.01027726j,
            0.09183288+0.23173789j,  0.75140351-0.6097643j ]],
         input_dims=(2, 2), output_dims=(2, 2))"
