unitary
"Operator([[ 9.05698036e-01-0.39428106j,  3.50208811e-02+0.15108236j,
           -1.39677146e-02+0.00234937j, -1.68104948e-04-0.00072655j],
          [ 3.50208811e-02+0.15108236j,  9.70446769e-01-0.04265846j,
            8.01347011e-03+0.17915398j, -1.39677146e-02+0.00234937j],
          [-1.39677146e-02+0.00234937j,  8.01347011e-03+0.17915398j,
            9.70446769e-01-0.04265846j,  3.50208811e-02+0.15108236j],
          [-1.68104948e-04-0.00072655j, -1.39677146e-02+0.00234937j,
            3.50208811e-02+0.15108236j,  9.05698036e-01-0.39428106j]],
         input_dims=(2, 2), output_dims=(2, 2))"
"Operator([[ 9.05698036e-01-0.39428106j,  3.50208811e-02+0.15108236j,
           -1.39677146e-02+0.00234937j, -1.68104948e-04-0.00072655j],
          [ 3.50208811e-02+0.15108236j,  9.70446769e-01-0.04265846j,
            8.01347011e-03+0.17915398j, -1.39677146e-02+0.00234937j],
          [-1.39677146e-02+0.00234937j,  8.01347011e-03+0.17915398j,
            9.70446769e-01-0.04265846j,  3.50208811e-02+0.15108236j],
          [-1.68104948e-04-0.00072655j, -1.39677146e-02+0.00234937j,
            3.50208811e-02+0.15108236j,  9.05698036e-01-0.39428106j]],
         input_dims=(2, 2), output_dims=(2, 2))"
"Operator([[ 9.05698036e-01-0.39428106j,  6.56855803e-02+0.14049109j,
           -1.18025373e-02+0.0078305j , -5.63245251e-04-0.00048876j],
          [ 2.82371442e-03+0.15506247j,  9.70446769e-01-0.04265846j,
            4.51090485e-02+0.1735671j , -1.18025373e-02+0.0078305j ],
          [-1.37148026e-02-0.00353847j, -2.94327671e-02+0.17690132j,
            9.70446769e-01-0.04265846j,  6.56855803e-02+0.14049109j],
          [ 2.91322552e-04-0.00068649j, -1.37148026e-02-0.00353847j,
            2.82371442e-03+0.15506247j,  9.05698036e-01-0.39428106j]],
         input_dims=(2, 2), output_dims=(2, 2))"
"Operator([[ 9.05698036e-01-3.94281058e-01j,
            9.88267659e-02+1.19522436e-01j,
           -6.51438376e-03+1.25769398e-02j,
           -7.44957479e-04+3.42468877e-05j],
          [-3.61630171e-02+1.50813059e-01j,
            9.70446769e-01-4.26584628e-02j,
            8.72050257e-02+1.56702421e-01j,
           -6.51438376e-03+1.25769398e-02j],
          [-1.02704101e-02-9.75373198e-03j,
           -7.28663209e-02+1.63862334e-01j,
            9.70446769e-01-4.26584628e-02j,
            9.88267659e-02+1.19522436e-01j],
          [ 6.84291738e-04-2.96444451e-04j,
           -1.02704101e-02-9.75373198e-03j,
           -3.61630171e-02+1.50813059e-01j,
            9.05698036e-01-3.94281058e-01j]],
         input_dims=(2, 2), output_dims=(2, 2))"
"Operator([[ 9.05698036e-01-0.39428106j,  3.50208811e-02+0.15108236j,
           -1.39677146e-02+0.00234937j, -1.68104948e-04-0.00072655j],
          [ 3.50208811e-02+0.15108236j,  9.70446769e-01-0.04265846j,
            8.01347011e-03+0.17915398j, -1.39677146e-02+0.00234937j],
          [-1.39677146e-02+0.00234937j,  8.01347011e-03+0.17915398j,
            9.70446769e-01-0.04265846j,  3.50208811e-02+0.15108236j],
          [-1.68104948e-04-0.00072655j, -1.39677146e-02+0.00234937j,
            3.50208811e-02+0.15108236j,  9.05698036e-01-0.39428106j]],
         input_dims=(2, 2), output_dims=(2, 2))"
"Operator([[ 9.05698036e-01-3.94281058e-01j,
            1.28822620e-01+8.63543575e-02j,
            1.42539221e-03+1.40920144e-02j,
           -4.55327051e-04+5.90602888e-04j],
          [-7.76924479e-02+1.34224536e-01j,
            9.70446769e-01-4.26584628e-02j,
            1.28292934e-01+1.25304782e-01j,
            1.42539221e-03+1.40920144e-02j],
          [-3.26317728e-03-1.37828983e-02j,
           -1.16593340e-01+1.36258425e-01j,
            9.70446769e-01-4.26584628e-02j,
            1.28822620e-01+8.63543575e-02j],
          [ 6.68466386e-04+3.30586124e-04j,
           -3.26317728e-03-1.37828983e-02j,
           -7.76924479e-02+1.34224536e-01j,
            9.05698036e-01-3.94281058e-01j]],
         input_dims=(2, 2), output_dims=(2, 2))"
"Operator([[ 9.05698036e-01-0.39428106j,  1.32847621e-01+0.08002407j,
            2.77998193e-03+0.01388842j, -3.65131329e-04+0.00065024j],
          [-8.40920432e-02+0.13031067j,  9.70446769e-01-0.04265846j,
            1.34202019e-01+0.11895454j,  2.77998193e-03+0.01388842j],
          [-1.91652140e-03-0.01403366j, -1.23045778e-01+0.13046111j,
            9.70446769e-01-0.04265846j,  1.32847621e-01+0.08002407j],
          [ 6.13632219e-04+0.00042378j, -1.91652140e-03-0.01403366j,
           -8.40920432e-02+0.13031067j,  9.05698036e-01-0.39428106j]],
         input_dims=(2, 2), output_dims=(2, 2))"
"Operator([[ 9.05698036e-01-0.39428106j,  1.36954921e-01+0.07277151j,
            4.25404087e-03+0.01350999j, -2.55998963e-04+0.00070043j],
          [-9.09713087e-02+0.12560479j,  9.70446769e-01-0.04265846j,
            1.40398831e-01+0.111573j  ,  4.25404087e-03+0.01350999j],
          [-3.99770174e-04-0.01415828j, -1.29876871e-01+0.1236623j ,
            9.70446769e-01-0.04265846j,  1.36954921e-01+0.07277151j],
          [ 5.37634359e-04+0.0005168j , -3.99770174e-04-0.01415828j,
           -9.09713087e-02+0.12560479j,  9.05698036e-01-0.39428106j]],
         input_dims=(2, 2), output_dims=(2, 2))"
"Operator([[ 9.05698036e-01-0.39428106j,  1.08549021e-01-0.11076756j,
            3.75998398e-03-0.01365574j, -2.62556911e-04-0.000698j  ],
          [-1.46212218e-01-0.05171392j,  9.70446769e-01-0.04265846j,
            1.46739332e-01-0.10309187j,  3.75998398e-03-0.01365574j],
          [ 8.02049693e-03+0.01167426j, -1.55357416e-01-0.08957923j,
            9.70446769e-01-0.04265846j,  1.08549021e-01-0.11076756j],
          [-7.07098884e-05-0.00074238j,  8.02049693e-03+0.01167426j,
           -1.46212218e-01-0.05171392j,  9.05698036e-01-0.39428106j]],
         input_dims=(2, 2), output_dims=(2, 2))"
"Operator([[ 9.05698036e-01-3.94281058e-01j,
            2.19114979e-02-1.53532501e-01j,
           -1.19060031e-02-7.67226831e-03j,
           -5.75359909e-04+4.74442272e-04j],
          [-8.72251024e-02-1.28234644e-01j,
            9.70446769e-01-4.26584628e-02j,
            5.72347550e-02-1.69954547e-01j,
           -1.19060031e-02-7.67226831e-03j],
          [-8.74091774e-03+1.11450872e-02j,
           -7.21797992e-02-1.64165897e-01j,
            9.70446769e-01-4.26584628e-02j,
            2.19114979e-02-1.53532501e-01j],
          [ 7.25278875e-04+1.73508065e-04j,
           -8.74091774e-03+1.11450872e-02j,
           -8.72251024e-02-1.28234644e-01j,
            9.05698036e-01-3.94281058e-01j]],
         input_dims=(2, 2), output_dims=(2, 2))"
"Operator([[ 9.05698036e-01-3.94281058e-01j,
            4.43793722e-02-1.48602873e-01j,
           -9.14042849e-03-1.08198511e-02j,
           -7.23618700e-04+1.80306605e-04j],
          [-1.05232800e-01-1.13922782e-01j,
            9.70446769e-01-4.26584628e-02j,
            8.17430793e-02-1.59619655e-01j,
           -9.14042849e-03-1.08198511e-02j],
          [-5.09780459e-03+1.32147266e-02j,
           -9.56675470e-02-1.51684164e-01j,
            9.70446769e-01-4.26584628e-02j,
            4.43793722e-02-1.48602873e-01j],
          [ 7.29276010e-04-1.55855689e-04j,
           -5.09780459e-03+1.32147266e-02j,
           -1.05232800e-01-1.13922782e-01j,
            9.05698036e-01-3.94281058e-01j]],
         input_dims=(2, 2), output_dims=(2, 2))"
