unitary
"Operator([[ 0.36987224-8.39195068e-01j, -0.03042295+3.84484933e-01j,
           -0.05627704-8.25031909e-02j,  0.01474622-7.82424786e-04j],
          [ 0.37640561+8.41013635e-02j,  0.79549348-7.16808055e-02j,
           -0.25688527+3.70585802e-01j, -0.05627704-8.25031909e-02j],
          [ 0.0311219 +9.48963070e-02j,  0.33084997+3.06369339e-01j,
            0.79549348-7.16808055e-02j, -0.03042295+3.84484933e-01j],
          [-0.00533406+1.37699337e-02j,  0.0311219 +9.48963070e-02j,
            0.37640561+8.41013635e-02j,  0.36987224-8.39195068e-01j]],
         input_dims=(2, 2), output_dims=(2, 2))"
"Operator([[ 0.36987224-8.39195068e-01j,  0.33360775-1.93546082e-01j,
            0.09707389-2.34636241e-02j,  0.01412385-4.31045465e-03j],
          [-0.28317133+2.61855341e-01j,  0.79549348-7.16808055e-02j,
            0.450914  +6.64146741e-04j,  0.09707389-2.34636241e-02j],
          [ 0.07775802-6.26703511e-02j, -0.44013162+9.80205665e-02j,
            0.79549348-7.16808055e-02j,  0.33360775-1.93546082e-01j],
          [-0.00849304+1.20802109e-02j,  0.07775802-6.26703511e-02j,
           -0.28317133+2.61855341e-01j,  0.36987224-8.39195068e-01j]],
         input_dims=(2, 2), output_dims=(2, 2))"
"Operator([[ 0.36987224-0.83919507j,  0.22909293+0.31027511j,
           -0.08958706+0.04413662j, -0.00866545-0.01195714j],
          [ 0.22909293+0.31027511j,  0.79549348-0.07168081j,
            0.04897584+0.44824686j, -0.08958706+0.04413662j],
          [-0.08958706+0.04413662j,  0.04897584+0.44824686j,
            0.79549348-0.07168081j,  0.22909293+0.31027511j],
          [-0.00866545-0.01195714j, -0.08958706+0.04413662j,
            0.22909293+0.31027511j,  0.36987224-0.83919507j]],
         input_dims=(2, 2), output_dims=(2, 2))"
"Operator([[ 0.36987224-0.83919507j,  0.22909293+0.31027511j,
           -0.08958706+0.04413662j, -0.00866545-0.01195714j],
          [ 0.22909293+0.31027511j,  0.79549348-0.07168081j,
            0.04897584+0.44824686j, -0.08958706+0.04413662j],
          [-0.08958706+0.04413662j,  0.04897584+0.44824686j,
            0.79549348-0.07168081j,  0.22909293+0.31027511j],
          [-0.00866545-0.01195714j, -0.08958706+0.04413662j,
            0.22909293+0.31027511j,  0.36987224-0.83919507j]],
         input_dims=(2, 2), output_dims=(2, 2))"
