unitary
"Operator([[-0.18022564-0.82166568j, -0.48820251-0.10388715j,
           -0.02383654+0.20131526j,  0.04015501-0.02327149j],
          [-0.27920368-0.41373848j,  0.59419143-0.02890261j,
           -0.29356326-0.51931836j, -0.02383654+0.20131526j],
          [-0.20203954-0.01661434j,  0.14931714-0.57755981j,
            0.59419143-0.02890261j, -0.48820251-0.10388715j],
          [-0.00951353+0.04542555j, -0.20203954-0.01661434j,
           -0.27920368-0.41373848j, -0.18022564-0.82166568j]],
         input_dims=(2, 2), output_dims=(2, 2))"
"Operator([[-0.18022564-0.82166568j, -0.13976256-0.47916662j,
           -0.15482693-0.13086113j, -0.0420915 +0.01955232j],
          [-0.49663186+0.04991016j,  0.59419143-0.02890261j,
            0.31830298-0.50453361j, -0.15482693-0.13086113j],
          [ 0.09751036+0.17772941j, -0.43792337-0.40508527j,
            0.59419143-0.02890261j, -0.13976256-0.47916662j],
          [ 0.00537481-0.0460988j ,  0.09751036+0.17772941j,
           -0.49663186+0.04991016j, -0.18022564-0.82166568j]],
         input_dims=(2, 2), output_dims=(2, 2))"
"Operator([[-0.18022564-0.82166568j,  0.4137995 +0.27911324j,
           -0.15693415+0.12832648j, -0.03761045-0.02719267j],
          [ 0.4137995 +0.27911324j,  0.59419143-0.02890261j,
            0.07778015+0.59145684j, -0.15693415+0.12832648j],
          [-0.15693415+0.12832648j,  0.07778015+0.59145684j,
            0.59419143-0.02890261j,  0.4137995 +0.27911324j],
          [-0.03761045-0.02719267j, -0.15693415+0.12832648j,
            0.4137995 +0.27911324j, -0.18022564-0.82166568j]],
         input_dims=(2, 2), output_dims=(2, 2))"
"Operator([[-0.18022564-0.82166568j,  0.4137995 +0.27911324j,
           -0.15693415+0.12832648j, -0.03761045-0.02719267j],
          [ 0.4137995 +0.27911324j,  0.59419143-0.02890261j,
            0.07778015+0.59145684j, -0.15693415+0.12832648j],
          [-0.15693415+0.12832648j,  0.07778015+0.59145684j,
            0.59419143-0.02890261j,  0.4137995 +0.27911324j],
          [-0.03761045-0.02719267j, -0.15693415+0.12832648j,
            0.4137995 +0.27911324j, -0.18022564-0.82166568j]],
         input_dims=(2, 2), output_dims=(2, 2))"
