unitary
"Operator([[-1.54237267e-04-0.86654891j,  1.16393148e-01+0.45461648j,
           -1.36515664e-01-0.09545405j,  2.80233977e-02-0.01833423j],
          [ 4.66923611e-01+0.04696649j,  6.63892045e-01-0.04981138j,
           -2.57879039e-01+0.49223274j, -1.36515664e-01-0.09545405j],
          [ 4.26328701e-02+0.16102932j,  3.73597476e-01+0.41136309j,
            6.63892045e-01-0.04981138j,  1.16393148e-01+0.45461648j],
          [-1.52652920e-02+0.02980647j,  4.26328701e-02+0.16102932j,
            4.66923611e-01+0.04696649j, -1.54237267e-04-0.86654891j]],
         input_dims=(2, 2), output_dims=(2, 2))"
"Operator([[-1.54237267e-04-0.86654891j, -9.16801766e-02+0.46023717j,
           -1.09957100e-02-0.16621401j,  2.42167423e-02+0.02313015j],
          [ 4.41306290e-01-0.15960034j,  6.63892045e-01-0.04981138j,
           -4.45405001e-01+0.33227858j, -1.09957100e-02-0.16621401j],
          [ 1.52273045e-01+0.0675346j ,  5.14763864e-01+0.20931515j,
            6.63892045e-01-0.04981138j, -9.16801766e-02+0.46023717j],
          [ 2.55633049e-02+0.02163266j,  1.52273045e-01+0.0675346j ,
            4.41306290e-01-0.15960034j, -1.54237267e-04-0.86654891j]],
         input_dims=(2, 2), output_dims=(2, 2))"
"Operator([[-1.54237267e-04-0.86654891j, -1.08727264e-01+0.45651056j,
            1.38498486e-03-0.16657156j,  2.14911972e-02+0.02568235j],
          [ 4.35067663e-01-0.17589667j,  6.63892045e-01-0.04981138j,
           -4.57450370e-01+0.31548982j,  1.38498486e-03-0.16657156j],
          [ 1.56870175e-01+0.05603347j,  5.22189811e-01+0.19003281j,
            6.63892045e-01-0.04981138j, -1.08727264e-01+0.45651056j],
          [ 2.78126978e-02+0.01865231j,  1.56870175e-01+0.05603347j,
            4.35067663e-01-0.17589667j, -1.54237267e-04-0.86654891j]],
         input_dims=(2, 2), output_dims=(2, 2))"
"Operator([[-1.54237267e-04-0.86654891j,  3.55821921e-01+0.30596449j,
           -1.36562893e-01+0.09538647j, -2.49012830e-02-0.02239153j],
          [ 3.55821921e-01+0.30596449j,  6.63892045e-01-0.04981138j,
            7.05879882e-02+0.55119144j, -1.36562893e-01+0.09538647j],
          [-1.36562893e-01+0.09538647j,  7.05879882e-02+0.55119144j,
            6.63892045e-01-0.04981138j,  3.55821921e-01+0.30596449j],
          [-2.49012830e-02-0.02239153j, -1.36562893e-01+0.09538647j,
            3.55821921e-01+0.30596449j, -1.54237267e-04-0.86654891j]],
         input_dims=(2, 2), output_dims=(2, 2))"
"Operator([[-1.54237267e-04-0.86654891j, -3.97839850e-01-0.24889147j,
           -1.01967794e-01+0.13172157j,  3.21942975e-02+0.00921856j],
          [-3.05688441e-01-0.35605911j,  6.63892045e-01-0.04981138j,
           -1.52787848e-01-0.53427572j, -1.01967794e-01+0.13172157j],
          [-1.58770181e-01+0.05039873j,  1.32218352e-02-0.55553564j,
            6.63892045e-01-0.04981138j, -3.97839850e-01-0.24889147j],
          [ 1.25741808e-02+0.03103779j, -1.58770181e-01+0.05039873j,
           -3.05688441e-01-0.35605911j, -1.54237267e-04-0.86654891j]],
         input_dims=(2, 2), output_dims=(2, 2))"
"Operator([[-1.54237267e-04-0.86654891j, -3.37121303e-01+0.3264548j ,
            1.51609109e-01-0.06901217j, -2.82906576e-02+0.01791908j],
          [ 2.72260784e-01-0.38222713j,  6.63892045e-01-0.04981138j,
           -5.55330857e-01+0.0200576j ,  1.51609109e-01-0.06901217j],
          [ 1.16979057e-01-0.11859132j,  5.42463821e-01-0.12053079j,
            6.63892045e-01-0.04981138j, -3.37121303e-01+0.3264548j ],
          [ 1.48241893e-02-0.03002829j,  1.16979057e-01-0.11859132j,
            2.72260784e-01-0.38222713j, -1.54237267e-04-0.86654891j]],
         input_dims=(2, 2), output_dims=(2, 2))"
"Operator([[-1.54237267e-04-0.86654891j, -4.58927834e-01+0.09802424j,
            1.28406486e-01+0.10611209j, -1.48287961e-02-0.03002601j],
          [ 2.81589740e-02-0.46843418j,  6.63892045e-01-0.04981138j,
           -4.81468569e-01-0.27745754j,  1.28406486e-01+0.10611209j],
          [-5.54308451e-02-0.15708413j,  3.96012600e-01-0.38983162j,
            6.63892045e-01-0.04981138j, -4.58927834e-01+0.09802424j],
          [-3.14268251e-02-0.0115676j , -5.54308451e-02-0.15708413j,
            2.81589740e-02-0.46843418j, -1.54237267e-04-0.86654891j]],
         input_dims=(2, 2), output_dims=(2, 2))"
"Operator([[-1.54237267e-04-0.86654891j,  4.61017551e-01-0.0876717j ,
            1.23501742e-01+0.11178248j,  1.27692608e-02+0.03095805j],
          [-1.76101944e-02+0.46894924j,  6.63892045e-01-0.04981138j,
            4.75102731e-01+0.28822225j,  1.23501742e-01+0.11178248j],
          [-6.24429571e-02-0.15443082j, -3.87139535e-01+0.39864476j,
            6.63892045e-01-0.04981138j,  4.61017551e-01-0.0876717j ],
          [ 3.21356451e-02+0.00942098j, -6.24429571e-02-0.15443082j,
           -1.76101944e-02+0.46894924j, -1.54237267e-04-0.86654891j]],
         input_dims=(2, 2), output_dims=(2, 2))"
"Operator([[-1.54237267e-04-0.86654891j,  3.55821921e-01+0.30596449j,
           -1.36562893e-01+0.09538647j, -2.49012830e-02-0.02239153j],
          [ 3.55821921e-01+0.30596449j,  6.63892045e-01-0.04981138j,
            7.05879882e-02+0.55119144j, -1.36562893e-01+0.09538647j],
          [-1.36562893e-01+0.09538647j,  7.05879882e-02+0.55119144j,
            6.63892045e-01-0.04981138j,  3.55821921e-01+0.30596449j],
          [-2.49012830e-02-0.02239153j, -1.36562893e-01+0.09538647j,
            3.55821921e-01+0.30596449j, -1.54237267e-04-0.86654891j]],
         input_dims=(2, 2), output_dims=(2, 2))"
