unitary
"Operator([[ 9.32123565e-01-0.3371526j ,  2.52288575e-02+0.1293585j ,
           -1.00705999e-02+0.00142954j, -8.65582110e-05-0.0004444j ],
          [ 2.52288575e-02+0.1293585j ,  9.78758589e-01-0.03676126j,
            5.78816283e-03+0.15222731j, -1.00705999e-02+0.00142954j],
          [-1.00705999e-02+0.00142954j,  5.78816283e-03+0.15222731j,
            9.78758589e-01-0.03676126j,  2.52288575e-02+0.1293585j ],
          [-8.65582110e-05-0.0004444j , -1.00705999e-02+0.00142954j,
            2.52288575e-02+0.1293585j ,  9.32123565e-01-0.3371526j ]],
         input_dims=(2, 2), output_dims=(2, 2))"
"Operator([[ 9.32123565e-01-0.3371526j ,  3.19620945e-02+0.12786141j,
           -9.86609297e-03+0.00247402j, -1.54988606e-04-0.00042539j],
          [ 1.84265173e-02+0.13050126j,  9.78758589e-01-0.03676126j,
            1.37444770e-02+0.15171601j, -9.86609297e-03+0.00247402j],
          [-1.01648466e-02+0.00036941j, -2.18400543e-03+0.15232166j,
            9.78758589e-01-0.03676126j,  3.19620945e-02+0.12786141j],
          [-1.59979196e-05-0.00045246j, -1.01648466e-02+0.00036941j,
            1.84265173e-02+0.13050126j,  9.32123565e-01-0.3371526j ]],
         input_dims=(2, 2), output_dims=(2, 2))"
"Operator([[ 9.32123565e-01-0.3371526j ,  2.52288575e-02+0.1293585j ,
           -1.00705999e-02+0.00142954j, -8.65582110e-05-0.0004444j ],
          [ 2.52288575e-02+0.1293585j ,  9.78758589e-01-0.03676126j,
            5.78816283e-03+0.15222731j, -1.00705999e-02+0.00142954j],
          [-1.00705999e-02+0.00142954j,  5.78816283e-03+0.15222731j,
            9.78758589e-01-0.03676126j,  2.52288575e-02+0.1293585j ],
          [-8.65582110e-05-0.0004444j , -1.00705999e-02+0.00142954j,
            2.52288575e-02+0.1293585j ,  9.32123565e-01-0.3371526j ]],
         input_dims=(2, 2), output_dims=(2, 2))"
"Operator([[ 9.32123565e-01-0.3371526j ,  2.52288575e-02+0.1293585j ,
           -1.00705999e-02+0.00142954j, -8.65582110e-05-0.0004444j ],
          [ 2.52288575e-02+0.1293585j ,  9.78758589e-01-0.03676126j,
            5.78816283e-03+0.15222731j, -1.00705999e-02+0.00142954j],
          [-1.00705999e-02+0.00142954j,  5.78816283e-03+0.15222731j,
            9.78758589e-01-0.03676126j,  2.52288575e-02+0.1293585j ],
          [-8.65582110e-05-0.0004444j , -1.00705999e-02+0.00142954j,
            2.52288575e-02+0.1293585j ,  9.32123565e-01-0.3371526j ]],
         input_dims=(2, 2), output_dims=(2, 2))"
"Operator([[ 9.32123565e-01-3.37152602e-01j,
            1.09758159e-01+7.29606918e-02j,
            1.55264591e-03+1.00523560e-02j,
           -2.46097218e-04+3.80021879e-04j],
          [-7.42981007e-02+1.08857283e-01j,
            9.78758589e-01-3.67612587e-02j,
            1.12365181e-01+1.02862645e-01j,
            1.55264591e-03+1.00523560e-02j],
          [-1.30622221e-03-1.00873363e-02j,
           -1.04229712e-01+1.11098266e-01j,
            9.78758589e-01-3.67612587e-02j,
            1.09758159e-01+7.29606918e-02j],
          [ 3.70734856e-04+2.59877155e-04j,
           -1.30622221e-03-1.00873363e-02j,
           -7.42981007e-02+1.08857283e-01j,
            9.32123565e-01-3.37152602e-01j]],
         input_dims=(2, 2), output_dims=(2, 2))"
"Operator([[ 9.32123565e-01-0.3371526j ,  1.19019842e-01+0.05660736j,
            4.32035628e-03+0.00920843j, -6.60985503e-05+0.0004479j ],
          [-8.90260896e-02+0.09718267j,  9.78758589e-01-0.03676126j,
            1.25853484e-01+0.08583448j,  4.32035628e-03+0.00920843j],
          [ 1.58701337e-03-0.01004699j, -1.18972129e-01+0.09514352j,
            9.78758589e-01-0.03676126j,  1.19019842e-01+0.05660736j],
          [ 2.29369056e-04+0.00039035j,  1.58701337e-03-0.01004699j,
           -8.90260896e-02+0.09718267j,  9.32123565e-01-0.3371526j ]],
         input_dims=(2, 2), output_dims=(2, 2))"
"Operator([[ 9.32123565e-01-0.3371526j ,  1.23782520e-01+0.04525487j,
            5.95607195e-03+0.00824535j,  6.04035007e-05+0.0004487j ],
          [-9.77056294e-02+0.08845183j,  9.78758589e-01-0.03676126j,
            1.33313477e-01+0.07371685j,  5.95607195e-03+0.00824535j],
          [ 3.42613098e-03-0.00957717j, -1.27330753e-01+0.08362737j,
            9.78758589e-01-0.03676126j,  1.23782520e-01+0.04525487j],
          [ 1.12416234e-04+0.00043857j,  3.42613098e-03-0.00957717j,
           -9.77056294e-02+0.08845183j,  9.32123565e-01-0.3371526j ]],
         input_dims=(2, 2), output_dims=(2, 2))"
"Operator([[ 9.32123565e-01-0.3371526j ,  1.25885787e-01+0.03902415j,
            6.74798041e-03+0.00761087j,  1.26649878e-04+0.00043467j],
          [-1.01996061e-01+0.08346807j,  9.78758589e-01-0.03676126j,
            1.36824589e-01+0.06697529j,  6.74798041e-03+0.00761087j],
          [ 4.36332855e-03-0.00918814j, -1.31343658e-01+0.07717189j,
            9.78758589e-01-0.03676126j,  1.25885787e-01+0.03902415j],
          [ 4.57478765e-05+0.00045043j,  4.36332855e-03-0.00918814j,
           -1.01996061e-01+0.08346807j,  9.32123565e-01-0.3371526j ]],
         input_dims=(2, 2), output_dims=(2, 2))"
"Operator([[ 9.32123565e-01-0.3371526j ,  2.52288575e-02+0.1293585j ,
           -1.00705999e-02+0.00142954j, -8.65582110e-05-0.0004444j ],
          [ 2.52288575e-02+0.1293585j ,  9.78758589e-01-0.03676126j,
            5.78816283e-03+0.15222731j, -1.00705999e-02+0.00142954j],
          [-1.00705999e-02+0.00142954j,  5.78816283e-03+0.15222731j,
            9.78758589e-01-0.03676126j,  2.52288575e-02+0.1293585j ],
          [-8.65582110e-05-0.0004444j , -1.00705999e-02+0.00142954j,
            2.52288575e-02+0.1293585j ,  9.32123565e-01-0.3371526j ]],
         input_dims=(2, 2), output_dims=(2, 2))"
"Operator([[ 9.32123565e-01-0.3371526j ,  1.24988872e-01+0.04180787j,
            6.40365835e-03+0.00790277j,  9.74530300e-05+0.00044214j],
          [-1.00118847e-01+0.08571075j,  9.78758589e-01-0.03676126j,
            1.35304764e-01+0.06999485j,  6.40365835e-03+0.00790277j],
          [ 3.95137474e-03-0.00937268j, -1.29598927e-01+0.08006732j,
            9.78758589e-01-0.03676126j,  1.24988872e-01+0.04180787j],
          [ 7.56111096e-05+0.00044639j,  3.95137474e-03-0.00937268j,
           -1.00118847e-01+0.08571075j,  9.32123565e-01-0.3371526j ]],
         input_dims=(2, 2), output_dims=(2, 2))"
"Operator([[ 9.32123565e-01-0.3371526j ,  1.21567697e-01+0.0509059j ,
            5.17238546e-03+0.00875825j, -1.97224004e-06+0.00045274j],
          [-9.35296474e-02+0.09285645j,  9.78758589e-01-0.03676126j,
            1.29778142e-01+0.07977651j,  5.17238546e-03+0.00875825j],
          [ 2.53066449e-03-0.00985172j, -1.23345477e-01+0.08940107j,
            9.78758589e-01-0.03676126j,  1.21567697e-01+0.0509059j ],
          [ 1.71749598e-04+0.00041891j,  2.53066449e-03-0.00985172j,
           -9.35296474e-02+0.09285645j,  9.32123565e-01-0.3371526j ]],
         input_dims=(2, 2), output_dims=(2, 2))"
"Operator([[ 9.32123565e-01-0.3371526j ,  1.20343418e-01+0.05373619j,
            4.75701591e-03+0.00899063j, -3.37215777e-05+0.00045149j],
          [-9.13315601e-02+0.09501927j,  9.78758589e-01-0.03676126j,
            1.27876153e-01+0.08279098j,  4.75701591e-03+0.00899063j],
          [ 2.06703532e-03-0.00995931j, -1.21220071e-01+0.09226241j,
            9.78758589e-01-0.03676126j,  1.20343418e-01+0.05373619j],
          [ 2.00707596e-04+0.00040583j,  2.06703532e-03-0.00995931j,
           -9.13315601e-02+0.09501927j,  9.32123565e-01-0.3371526j ]],
         input_dims=(2, 2), output_dims=(2, 2))"
"Operator([[ 9.32123565e-01-0.3371526j ,  1.26366347e-01+0.03743878j,
            6.93715914e-03+0.00743884j,  1.42946933e-04+0.00042959j],
          [-1.03037136e-01+0.08217947j,  9.78758589e-01-0.03676126j,
            1.37655610e-01+0.06525022j,  6.93715914e-03+0.00743884j],
          [ 4.59290792e-03-0.00907556j, -1.32303276e-01+0.0755149j ,
            9.78758589e-01-0.03676126j,  1.26366347e-01+0.03743878j],
          [ 2.87341966e-05+0.00045183j,  4.59290792e-03-0.00907556j,
           -1.03037136e-01+0.08217947j,  9.32123565e-01-0.3371526j ]],
         input_dims=(2, 2), output_dims=(2, 2))"
