unitary
"Operator([[ 8.86340847e-01-4.30335148e-01j,
           -2.08837329e-02+1.68766205e-01j,
           -1.44492688e-02-9.14538433e-03j,
            7.58266250e-04-6.38107996e-04j],
          [ 9.94236713e-02+1.37960487e-01j,
            9.64342661e-01-4.62886825e-02j,
           -6.27692668e-02+1.86413592e-01j,
           -1.44492688e-02-9.14538433e-03j],
          [-1.02110746e-02+1.37169013e-02j,
            8.07053643e-02+1.79378516e-01j,
            9.64342661e-01-4.62886825e-02j,
           -2.08837329e-02+1.68766205e-01j],
          [-9.71418998e-04-1.96200539e-04j,
           -1.02110746e-02+1.37169013e-02j,
            9.94236713e-02+1.37960487e-01j,
            8.86340847e-01-4.30335148e-01j]],
         input_dims=(2, 2), output_dims=(2, 2))"
"Operator([[ 8.86340847e-01-4.30335148e-01j,
            2.82555096e-02+1.67689560e-01j,
           -1.70981370e-02+2.70434130e-04j,
            1.08136007e-06-9.91033981e-04j],
          [ 5.58142119e-02+1.60632923e-01j,
            9.64342661e-01-4.62886825e-02j,
           -6.83333377e-03+1.96579026e-01j,
           -1.70981370e-02+2.70434130e-04j],
          [-1.60589438e-02+5.87620194e-03j,
            2.60322631e-02+1.94967508e-01j,
            9.64342661e-01-4.62886825e-02j,
            2.82555096e-02+1.67689560e-01j],
          [-4.76308349e-04-8.69068396e-04j,
           -1.60589438e-02+5.87620194e-03j,
            5.58142119e-02+1.60632923e-01j,
            8.86340847e-01-4.30335148e-01j]],
         input_dims=(2, 2), output_dims=(2, 2))"
"Operator([[ 8.86340847e-01-0.43033515j,  4.21826807e-02+0.16473853j,
           -1.68138086e-02+0.00311693j, -2.45314235e-04-0.00096019j],
          [ 4.21826807e-02+0.16473853j,  9.64342661e-01-0.04628868j,
            9.63322217e-03+0.19646172j, -1.68138086e-02+0.00311693j],
          [-1.68138086e-02+0.00311693j,  9.63322217e-03+0.19646172j,
            9.64342661e-01-0.04628868j,  4.21826807e-02+0.16473853j],
          [-2.45314235e-04-0.00096019j, -1.68138086e-02+0.00311693j,
            4.21826807e-02+0.16473853j,  8.86340847e-01-0.43033515j]],
         input_dims=(2, 2), output_dims=(2, 2))"
"Operator([[ 8.86340847e-01-0.43033515j,  6.96408035e-02+0.15513968j,
           -1.47902785e-02+0.00858295j, -6.85548488e-04-0.00071566j],
          [ 1.34903787e-02+0.16951747j,  9.64342661e-01-0.04628868j,
            4.29738677e-02+0.19194597j, -1.47902785e-02+0.00858295j],
          [-1.68839809e-02-0.0027112j , -2.39892718e-02+0.19522941j,
            9.64342661e-01-0.04628868j,  6.96408035e-02+0.15513968j],
          [ 2.58262733e-04-0.00095679j, -1.68839809e-02-0.0027112j ,
            1.34903787e-02+0.16951747j,  8.86340847e-01-0.43033515j]],
         input_dims=(2, 2), output_dims=(2, 2))"
"Operator([[ 8.86340847e-01-0.43033515j,  6.08493328e-02+0.15879396j,
           -1.56568082e-02+0.00687632j, -5.56245413e-04-0.00082021j],
          [ 2.29562092e-02+0.16849681j,  9.64342661e-01-0.04628868j,
            3.21643424e-02+0.19405016j, -1.56568082e-02+0.00687632j],
          [-1.70812054e-02-0.00080737j, -1.30257435e-02+0.19626599j,
            9.64342661e-01-0.04628868j,  6.08493328e-02+0.15879396j],
          [ 9.46590462e-05-0.0009865j , -1.70812054e-02-0.00080737j,
            2.29562092e-02+0.16849681j,  8.86340847e-01-0.43033515j]],
         input_dims=(2, 2), output_dims=(2, 2))"
"Operator([[ 8.86340847e-01-4.30335148e-01j,
           -4.34402640e-02+1.64411392e-01j,
           -1.14814528e-02-1.26726345e-02j,
            9.48519987e-04-2.87157370e-04j],
          [ 1.17111380e-01+1.23300799e-01j,
            9.64342661e-01-4.62886825e-02j,
           -8.73221858e-02+1.76252217e-01j,
           -1.14814528e-02-1.26726345e-02j],
          [-6.17615275e-03+1.59459889e-02j,
            1.04146395e-01+1.66863826e-01j,
            9.64342661e-01-4.62886825e-02j,
           -4.34402640e-02+1.64411392e-01j],
          [-9.70020939e-04+2.02999752e-04j,
           -6.17615275e-03+1.59459889e-02j,
            1.17111380e-01+1.23300799e-01j,
            8.86340847e-01-4.30335148e-01j]],
         input_dims=(2, 2), output_dims=(2, 2))"
"Operator([[ 8.86340847e-01-0.43033515j,  1.04682977e-01-0.13401357j,
            1.25601145e-03-0.01705409j, -6.00005313e-04-0.00078876j],
          [-1.56208020e-01-0.06721024j,  9.64342661e-01-0.04628868j,
            1.49681622e-01-0.12761434j,  1.25601145e-03-0.01705409j],
          [ 7.28542952e-03+0.01547068j, -1.61448351e-01-0.11235852j,
            9.64342661e-01-0.04628868j,  1.04682977e-01-0.13401357j],
          [ 1.48140291e-04-0.0009799j ,  7.28542952e-03+0.01547068j,
           -1.56208020e-01-0.06721024j,  8.86340847e-01-0.43033515j]],
         input_dims=(2, 2), output_dims=(2, 2))"
"Operator([[ 8.86340847e-01-0.43033515j,  4.21826807e-02+0.16473853j,
           -1.68138086e-02+0.00311693j, -2.45314235e-04-0.00096019j],
          [ 4.21826807e-02+0.16473853j,  9.64342661e-01-0.04628868j,
            9.63322217e-03+0.19646172j, -1.68138086e-02+0.00311693j],
          [-1.68138086e-02+0.00311693j,  9.63322217e-03+0.19646172j,
            9.64342661e-01-0.04628868j,  4.21826807e-02+0.16473853j],
          [-2.45314235e-04-0.00096019j, -1.68138086e-02+0.00311693j,
            4.21826807e-02+0.16473853j,  8.86340847e-01-0.43033515j]],
         input_dims=(2, 2), output_dims=(2, 2))"
"Operator([[ 8.86340847e-01-0.43033515j,  4.21826807e-02+0.16473853j,
           -1.68138086e-02+0.00311693j, -2.45314235e-04-0.00096019j],
          [ 4.21826807e-02+0.16473853j,  9.64342661e-01-0.04628868j,
            9.63322217e-03+0.19646172j, -1.68138086e-02+0.00311693j],
          [-1.68138086e-02+0.00311693j,  9.63322217e-03+0.19646172j,
            9.64342661e-01-0.04628868j,  4.21826807e-02+0.16473853j],
          [-2.45314235e-04-0.00096019j, -1.68138086e-02+0.00311693j,
            4.21826807e-02+0.16473853j,  8.86340847e-01-0.43033515j]],
         input_dims=(2, 2), output_dims=(2, 2))"
"Operator([[ 8.86340847e-01-0.43033515j,  1.70050757e-01-0.0009499j ,
            1.63013903e-02+0.00516567j,  8.76685198e-04+0.00046214j],
          [-1.49580319e-01+0.08089432j,  9.64342661e-01-0.04628868j,
            1.92928133e-01+0.03832419j,  1.63013903e-02+0.00516567j],
          [ 1.33666202e-02-0.0106655j , -1.88253316e-01+0.05701488j,
            9.64342661e-01-0.04628868j,  1.70050757e-01-0.0009499j ],
          [-5.47581516e-04+0.00082602j,  1.33666202e-02-0.0106655j ,
           -1.49580319e-01+0.08089432j,  8.86340847e-01-0.43033515j]],
         input_dims=(2, 2), output_dims=(2, 2))"
