unitary
"Operator([[-0.10434541-0.84554544j, -0.16871504+0.45721585j,
            0.06186624-0.17657894j,  0.00804222+0.03976957j],
          [ 0.39191882-0.2896735j ,  0.62417754-0.03862586j,
           -0.52952598+0.23663058j,  0.06186624-0.17657894j],
          [ 0.18661539-0.01349994j,  0.57253461+0.09271416j,
            0.62417754-0.03862586j, -0.16871504+0.45721585j],
          [ 0.04055873-0.00113382j,  0.18661539-0.01349994j,
            0.39191882-0.2896735j , -0.10434541-0.84554544j]],
         input_dims=(2, 2), output_dims=(2, 2))"
"Operator([[-0.10434541-0.84554544j, -0.15610173+0.46167451j,
            0.05208312-0.17970782j,  0.01128648+0.03897322j],
          [ 0.39972217-0.2788069j ,  0.62417754-0.03862586j,
           -0.52283138+0.25107596j,  0.05208312-0.17970782j],
          [ 0.18707501-0.00323894j,  0.56977406+0.10839427j,
            0.62417754-0.03862586j, -0.15610173+0.46167451j],
          [ 0.04051454+0.00220646j,  0.18707501-0.00323894j,
            0.39972217-0.2788069j , -0.10434541-0.84554544j]],
         input_dims=(2, 2), output_dims=(2, 2))"
"Operator([[-0.10434541-0.84554544j, -0.45054537+0.18579549j,
            0.17095459+0.07603999j, -0.03081903-0.02639098j],
          [ 0.05259851-0.48450438j,  0.62417754-0.03862586j,
           -0.53286485-0.22901277j,  0.17095459+0.07603999j],
          [-0.02865161-0.18489629j,  0.45618536-0.35817134j,
            0.62417754-0.03862586j, -0.45054537+0.18579549j],
          [-0.03266143-0.02407337j, -0.02865161-0.18489629j,
            0.05259851-0.48450438j, -0.10434541-0.84554544j]],
         input_dims=(2, 2), output_dims=(2, 2))"
"Operator([[-0.10434541-0.84554544j,  0.38976391+0.29256656j,
           -0.14860844+0.11367974j, -0.03176137-0.02524899j],
          [ 0.38976391+0.29256656j,  0.62417754-0.03862586j,
            0.07510273+0.57510988j, -0.14860844+0.11367974j],
          [-0.14860844+0.11367974j,  0.07510273+0.57510988j,
            0.62417754-0.03862586j,  0.38976391+0.29256656j],
          [-0.03176137-0.02524899j, -0.14860844+0.11367974j,
            0.38976391+0.29256656j, -0.10434541-0.84554544j]],
         input_dims=(2, 2), output_dims=(2, 2))"
"Operator([[-0.10434541-0.84554544j,  0.07212148-0.48198505j,
           -0.01363691-0.18660543j, -0.02951176-0.02784515j],
          [-0.44267481+0.20383843j,  0.62417754-0.03862586j,
            0.47027737-0.3394569j , -0.01363691-0.18660543j],
          [ 0.17653348+0.06199582j, -0.54167846-0.20730713j,
            0.62417754-0.03862586j,  0.07212148-0.48198505j],
          [-0.03378332-0.02247184j,  0.17653348+0.06199582j,
           -0.44267481+0.20383843j, -0.10434541-0.84554544j]],
         input_dims=(2, 2), output_dims=(2, 2))"
"Operator([[-0.10434541-0.84554544j, -0.15941562+0.46054072j,
            0.05466069-0.17894066j,  0.01044364+0.03920748j],
          [ 0.39770814-0.28167239j,  0.62417754-0.03862586j,
           -0.52462229+0.24731203j,  0.05466069-0.17894066j],
          [ 0.18700914-0.00592745j,  0.57053834+0.10429667j,
            0.62417754-0.03862586j, -0.15941562+0.46054072j],
          [ 0.04055269+0.00133251j,  0.18700914-0.00592745j,
            0.39770814-0.28167239j, -0.10434541-0.84554544j]],
         input_dims=(2, 2), output_dims=(2, 2))"
"Operator([[-0.10434541-0.84554544j,  0.38976391+0.29256656j,
           -0.14860844+0.11367974j, -0.03176137-0.02524899j],
          [ 0.38976391+0.29256656j,  0.62417754-0.03862586j,
            0.07510273+0.57510988j, -0.14860844+0.11367974j],
          [-0.14860844+0.11367974j,  0.07510273+0.57510988j,
            0.62417754-0.03862586j,  0.38976391+0.29256656j],
          [-0.03176137-0.02524899j, -0.14860844+0.11367974j,
            0.38976391+0.29256656j, -0.10434541-0.84554544j]],
         input_dims=(2, 2), output_dims=(2, 2))"
