unitary
"Operator([[ 0.5190507 -0.78013744j,  0.17604954+0.2920082j ,
           -0.06926937+0.02867646j, -0.00482954-0.0081112j ],
          [ 0.17604954+0.2920082j ,  0.84563433-0.07266066j,
            0.03848421+0.39529628j, -0.06926937+0.02867646j],
          [-0.06926937+0.02867646j,  0.03848421+0.39529628j,
            0.84563433-0.07266066j,  0.17604954+0.2920082j ],
          [-0.00482954-0.0081112j , -0.06926937+0.02867646j,
            0.17604954+0.2920082j ,  0.5190507 -0.78013744j]],
         input_dims=(2, 2), output_dims=(2, 2))"
"Operator([[ 0.5190507 -0.78013744j,  0.17604954+0.2920082j ,
           -0.06926937+0.02867646j, -0.00482954-0.0081112j ],
          [ 0.17604954+0.2920082j ,  0.84563433-0.07266066j,
            0.03848421+0.39529628j, -0.06926937+0.02867646j],
          [-0.06926937+0.02867646j,  0.03848421+0.39529628j,
            0.84563433-0.07266066j,  0.17604954+0.2920082j ],
          [-0.00482954-0.0081112j , -0.06926937+0.02867646j,
            0.17604954+0.2920082j ,  0.5190507 -0.78013744j]],
         input_dims=(2, 2), output_dims=(2, 2))"
"Operator([[ 0.5190507 -0.78013744j,  0.30737057+0.14759934j,
           -0.00128584+0.07495954j, -0.0071716 +0.00613875j],
          [-0.01296291+0.34072598j,  0.84563433-0.07266066j,
            0.24899891+0.30941838j, -0.00128584+0.07495954j],
          [-0.05389327-0.05211623j, -0.18464177+0.35163561j,
            0.84563433-0.07266066j,  0.30737057+0.14759934j],
          [ 0.00881445-0.00337959j, -0.05389327-0.05211623j,
           -0.01296291+0.34072598j,  0.5190507 -0.78013744j]],
         input_dims=(2, 2), output_dims=(2, 2))"
"Operator([[ 0.5190507 -0.78013744j,  0.17604954+0.2920082j ,
           -0.06926937+0.02867646j, -0.00482954-0.0081112j ],
          [ 0.17604954+0.2920082j ,  0.84563433-0.07266066j,
            0.03848421+0.39529628j, -0.06926937+0.02867646j],
          [-0.06926937+0.02867646j,  0.03848421+0.39529628j,
            0.84563433-0.07266066j,  0.17604954+0.2920082j ],
          [-0.00482954-0.0081112j , -0.06926937+0.02867646j,
            0.17604954+0.2920082j ,  0.5190507 -0.78013744j]],
         input_dims=(2, 2), output_dims=(2, 2))"
"Operator([[ 0.5190507 -0.78013744j,  0.17604954+0.2920082j ,
           -0.06926937+0.02867646j, -0.00482954-0.0081112j ],
          [ 0.17604954+0.2920082j ,  0.84563433-0.07266066j,
            0.03848421+0.39529628j, -0.06926937+0.02867646j],
          [-0.06926937+0.02867646j,  0.03848421+0.39529628j,
            0.84563433-0.07266066j,  0.17604954+0.2920082j ],
          [-0.00482954-0.0081112j , -0.06926937+0.02867646j,
            0.17604954+0.2920082j ,  0.5190507 -0.78013744j]],
         input_dims=(2, 2), output_dims=(2, 2))"
"Operator([[ 5.19050705e-01-0.78013744j, -3.08939754e-01-0.14428604j,
            3.26257758e-04+0.07496985j,  6.96988907e-03-0.00636684j],
          [ 1.66255620e-02-0.34056692j,  8.45634333e-01-0.07266066j,
           -2.52311303e-01-0.30672332j,  3.26257758e-04+0.07496985j],
          [-5.27601918e-02-0.053263j  ,  1.88411794e-01-0.34963006j,
            8.45634333e-01-0.07266066j, -3.08939754e-01-0.14428604j],
          [-8.91885284e-03+0.00309356j, -5.27601918e-02-0.053263j  ,
            1.66255620e-02-0.34056692j,  5.19050705e-01-0.78013744j]],
         input_dims=(2, 2), output_dims=(2, 2))"
"Operator([[ 0.5190507 -0.78013744j, -0.13894862-0.3113768j ,
           -0.07416353+0.01097073j,  0.00158387+0.00930631j],
          [-0.21049808-0.26824017j,  0.84563433-0.07266066j,
            0.01023453-0.3970333j , -0.07416353+0.01097073j],
          [-0.06021646+0.04466054j, -0.08662314-0.38760369j,
            0.84563433-0.07266066j, -0.13894862-0.3113768j ],
          [ 0.0074269 +0.00582728j, -0.06021646+0.04466054j,
           -0.21049808-0.26824017j,  0.5190507 -0.78013744j]],
         input_dims=(2, 2), output_dims=(2, 2))"
