unitary
"Operator([[-0.7307733 +0.09634608j, -0.19126478+0.47077237j,
            0.39899042+0.08010752j, -0.16710477-0.07031641j],
          [-0.4212926 -0.28411509j,  0.20637616+0.18607586j,
           -0.55457215-0.43750997j,  0.39899042+0.08010752j],
          [-0.3328604 -0.23412502j,  0.54233959-0.45258481j,
            0.20637616+0.18607586j, -0.19126478+0.47077237j],
          [-0.1545381 +0.0947965j , -0.3328604 -0.23412502j,
           -0.4212926 -0.28411509j, -0.7307733 +0.09634608j]],
         input_dims=(2, 2), output_dims=(2, 2))"
"Operator([[-0.7307733 +0.09634608j,  0.48607654-0.14811629j,
           -0.16055783+0.37394084j, -0.18077362+0.0137586j ],
          [ 0.48607654-0.14811629j,  0.20637616+0.18607586j,
            0.00970678+0.70630802j, -0.16055783+0.37394084j],
          [-0.16055783+0.37394084j,  0.00970678+0.70630802j,
            0.20637616+0.18607586j,  0.48607654-0.14811629j],
          [-0.18077362+0.0137586j , -0.16055783+0.37394084j,
            0.48607654-0.14811629j, -0.7307733 +0.09634608j]],
         input_dims=(2, 2), output_dims=(2, 2))"
"Operator([[-0.7307733 +0.09634608j,  0.16163214-0.48175086j,
            0.40584678+0.02998264j,  0.17724888+0.03809508j],
          [ 0.40281759+0.30975285j,  0.20637616+0.18607586j,
            0.58069498+0.40219223j,  0.40584678+0.02998264j],
          [-0.3012385 -0.2736164j , -0.56942311+0.41799829j,
            0.20637616+0.18607586j,  0.16163214-0.48175086j],
          [ 0.16944182-0.06448155j, -0.3012385 -0.2736164j ,
            0.40281759+0.30975285j, -0.7307733 +0.09634608j]],
         input_dims=(2, 2), output_dims=(2, 2))"
"Operator([[-0.7307733 +0.09634608j,  0.48607654-0.14811629j,
           -0.16055783+0.37394084j, -0.18077362+0.0137586j ],
          [ 0.48607654-0.14811629j,  0.20637616+0.18607586j,
            0.00970678+0.70630802j, -0.16055783+0.37394084j],
          [-0.16055783+0.37394084j,  0.00970678+0.70630802j,
            0.20637616+0.18607586j,  0.48607654-0.14811629j],
          [-0.18077362+0.0137586j , -0.16055783+0.37394084j,
            0.48607654-0.14811629j, -0.7307733 +0.09634608j]],
         input_dims=(2, 2), output_dims=(2, 2))"
"Operator([[-0.7307733 +0.09634608j, -0.09997136-0.49821137j,
            0.23013929-0.33562848j,  0.03908357-0.17703355j],
          [ 0.19484711+0.46930101j,  0.20637616+0.18607586j,
            0.70388369+0.05927057j,  0.23013929-0.33562848j],
          [ 0.08485946-0.39800684j, -0.70198905+0.07859147j,
            0.20637616+0.18607586j, -0.09997136-0.49821137j],
          [ 0.06542606+0.16907937j,  0.08485946-0.39800684j,
            0.19484711+0.46930101j, -0.7307733 +0.09634608j]],
         input_dims=(2, 2), output_dims=(2, 2))"
"Operator([[-0.7307733 +0.09634608j, -0.35193984-0.36653402j,
           -0.20679939-0.35049192j, -0.18061222-0.0157362j ],
          [-0.08773557+0.50051105j,  0.20637616+0.18607586j,
            0.62555277-0.32809903j, -0.20679939-0.35049192j],
          [ 0.39654798-0.0914345j , -0.63433294-0.31078444j,
            0.20637616+0.18607586j, -0.35193984-0.36653402j],
          [-0.17615027+0.04288922j,  0.39654798-0.0914345j ,
           -0.08773557+0.50051105j, -0.7307733 +0.09634608j]],
         input_dims=(2, 2), output_dims=(2, 2))"
"Operator([[-0.7307733 +0.09634608j,  0.28244872+0.4224116j ,
           -0.07351167-0.40025817j,  0.14817919+0.10445731j],
          [-0.00110754-0.50814133j,  0.20637616+0.18607586j,
           -0.67327471+0.21369701j, -0.07351167-0.40025817j],
          [ 0.34083892-0.22234973j,  0.678893  +0.19511419j,
            0.20637616+0.18607586j,  0.28244872+0.4224116j ],
          [ 0.13066356-0.1256799j ,  0.34083892-0.22234973j,
           -0.00110754-0.50814133j, -0.7307733 +0.09634608j]],
         input_dims=(2, 2), output_dims=(2, 2))"
