unitary
"Operator([[ 9.71100551e-01-2.22516375e-01j,
           -2.77553803e-02-8.16160196e-02j,
           -3.79389955e-03+2.05836646e-03j,
            8.34661842e-05+9.26727046e-05j],
          [ 6.68605094e-03-8.59466841e-02j,
            9.90974800e-01-2.45305156e-02j,
           -2.24697232e-02-9.70162135e-02j,
           -3.79389955e-03+2.05836646e-03j],
          [-4.10556459e-03-1.33224837e-03j,
            1.76173908e-02-9.80135791e-02j,
            9.90974800e-01-2.45305156e-02j,
           -2.77553803e-02-8.16160196e-02j],
          [-5.79401448e-05+1.10443532e-04j,
           -4.10556459e-03-1.33224837e-03j,
            6.68605094e-03-8.59466841e-02j,
            9.71100551e-01-2.22516375e-01j]],
         input_dims=(2, 2), output_dims=(2, 2))"
"Operator([[ 9.71100551e-01-2.22516375e-01j,
           -4.73791851e-02-7.20190850e-02j,
           -2.31293697e-03+3.64429264e-03j,
            1.24364975e-04+9.39079410e-06j],
          [ 2.80748606e-02-8.15066745e-02j,
            9.90974800e-01-2.45305156e-02j,
           -4.61342069e-02-8.82534367e-02j,
           -2.31293697e-03+3.64429264e-03j],
          [-2.93853204e-03-3.16157805e-03j,
            4.16883607e-02-9.04384582e-02j,
            9.90974800e-01-2.45305156e-02j,
           -4.73791851e-02-7.20190850e-02j],
          [-1.18174120e-04+3.98711860e-05j,
           -2.93853204e-03-3.16157805e-03j,
            2.80748606e-02-8.15066745e-02j,
            9.71100551e-01-2.22516375e-01j]],
         input_dims=(2, 2), output_dims=(2, 2))"
"Operator([[ 9.71100551e-01-2.22516375e-01j,
           -6.81661248e-02-5.27722960e-02j,
            4.08172723e-04+4.29696885e-03j,
            7.60543266e-05-9.88462113e-05j],
          [ 5.29795720e-02-6.80051523e-02j,
            9.90974800e-01-2.45305156e-02j,
           -7.22507811e-02-6.85336324e-02j,
            4.08172723e-04+4.29696885e-03j],
          [-3.82002443e-04-4.29937442e-03j,
            6.87532705e-02-7.20418069e-02j,
            9.90974800e-01-2.45305156e-02j,
           -6.81661248e-02-5.27722960e-02j],
          [-9.81474926e-05-7.69539068e-05j,
           -3.82002443e-04-4.29937442e-03j,
            5.29795720e-02-6.80051523e-02j,
            9.71100551e-01-2.22516375e-01j]],
         input_dims=(2, 2), output_dims=(2, 2))"
"Operator([[ 9.71100551e-01-2.22516375e-01j,
           -8.33664861e-02-2.19445843e-02j,
            3.37438853e-03+2.69147699e-03j,
           -6.50175784e-05-1.06430957e-04j],
          [ 7.53386494e-02-4.19001634e-02j,
            9.90974800e-01-2.45305156e-02j,
           -9.32845583e-02-3.48572134e-02j,
            3.37438853e-03+2.69147699e-03j],
          [ 2.82718903e-03-3.26152549e-03j,
            9.14357224e-02-3.94530456e-02j,
            9.90974800e-01-2.45305156e-02j,
           -8.33664861e-02-2.19445843e-02j],
          [ 3.66609230e-05-1.19209105e-04j,
            2.82718903e-03-3.26152549e-03j,
            7.53386494e-02-4.19001634e-02j,
            9.71100551e-01-2.22516375e-01j]],
         input_dims=(2, 2), output_dims=(2, 2))"
"Operator([[ 9.71100551e-01-2.22516375e-01j,
            1.07548977e-02+8.55328473e-02j,
           -4.29819156e-03+3.95089414e-04j,
           -1.55513744e-05-1.23745662e-04j],
          [ 1.07548977e-02+8.55328473e-02j,
            9.90974800e-01-2.45305156e-02j,
            2.47688655e-03+9.95534991e-02j,
           -4.29819156e-03+3.95089414e-04j],
          [-4.29819156e-03+3.95089414e-04j,
            2.47688655e-03+9.95534991e-02j,
            9.90974800e-01-2.45305156e-02j,
            1.07548977e-02+8.55328473e-02j],
          [-1.55513744e-05-1.23745662e-04j,
           -4.29819156e-03+3.95089414e-04j,
            1.07548977e-02+8.55328473e-02j,
            9.71100551e-01-2.22516375e-01j]],
         input_dims=(2, 2), output_dims=(2, 2))"
"Operator([[ 9.71100551e-01-2.22516375e-01j,
           -7.94861927e-02+3.33688620e-02j,
            3.47129298e-03-2.56528192e-03j,
           -7.33402690e-05+1.00876355e-04j],
          [ 8.52728625e-02+1.26520633e-02j,
            9.90974800e-01-2.45305156e-02j,
           -9.52169392e-02+2.91679383e-02j,
            3.47129298e-03-2.56528192e-03j],
          [ 3.88077438e-03+1.88948050e-03j,
            9.65496274e-02+2.43967948e-02j,
            9.90974800e-01-2.45305156e-02j,
           -7.94861927e-02+3.33688620e-02j],
          [ 9.60201621e-05+7.95924779e-05j,
            3.88077438e-03+1.88948050e-03j,
            8.52728625e-02+1.26520633e-02j,
            9.71100551e-01-2.22516375e-01j]],
         input_dims=(2, 2), output_dims=(2, 2))"
"Operator([[ 9.71100551e-01-2.22516375e-01j,
           -7.11712440e-02+4.86434971e-02j,
            2.18281428e-03-3.72369012e-03j,
           -2.79232099e-06+1.24687758e-04j],
          [ 8.09982263e-02+2.95097124e-02j,
            9.90974800e-01-2.45305156e-02j,
           -8.74250482e-02+4.76853761e-02j,
            2.18281428e-03-3.72369012e-03j],
          [ 2.82506394e-03+3.26336637e-03j,
            8.96882329e-02+4.32788057e-02j,
            9.90974800e-01-2.45305156e-02j,
           -7.11712440e-02+4.86434971e-02j],
          [ 3.35577661e-05+1.20119567e-04j,
            2.82506394e-03+3.26336637e-03j,
            8.09982263e-02+2.95097124e-02j,
            9.71100551e-01-2.22516375e-01j]],
         input_dims=(2, 2), output_dims=(2, 2))"
"Operator([[ 9.71100551e-01-2.22516375e-01j,
            1.07548977e-02+8.55328473e-02j,
           -4.29819156e-03+3.95089414e-04j,
           -1.55513744e-05-1.23745662e-04j],
          [ 1.07548977e-02+8.55328473e-02j,
            9.90974800e-01-2.45305156e-02j,
            2.47688655e-03+9.95534991e-02j,
           -4.29819156e-03+3.95089414e-04j],
          [-4.29819156e-03+3.95089414e-04j,
            2.47688655e-03+9.95534991e-02j,
            9.90974800e-01-2.45305156e-02j,
            1.07548977e-02+8.55328473e-02j],
          [-1.55513744e-05-1.23745662e-04j,
           -4.29819156e-03+3.95089414e-04j,
            1.07548977e-02+8.55328473e-02j,
            9.71100551e-01-2.22516375e-01j]],
         input_dims=(2, 2), output_dims=(2, 2))"
"Operator([[ 9.71100551e-01-2.22516375e-01j,
            1.07548977e-02+8.55328473e-02j,
           -4.29819156e-03+3.95089414e-04j,
           -1.55513744e-05-1.23745662e-04j],
          [ 1.07548977e-02+8.55328473e-02j,
            9.90974800e-01-2.45305156e-02j,
            2.47688655e-03+9.95534991e-02j,
           -4.29819156e-03+3.95089414e-04j],
          [-4.29819156e-03+3.95089414e-04j,
            2.47688655e-03+9.95534991e-02j,
            9.90974800e-01-2.45305156e-02j,
            1.07548977e-02+8.55328473e-02j],
          [-1.55513744e-05-1.23745662e-04j,
           -4.29819156e-03+3.95089414e-04j,
            1.07548977e-02+8.55328473e-02j,
            9.71100551e-01-2.22516375e-01j]],
         input_dims=(2, 2), output_dims=(2, 2))"
"Operator([[ 9.71100551e-01-2.22516375e-01j,
           -4.97829512e-02+7.03789283e-02j,
           -7.76993959e-04-4.24580107e-03j,
            1.07836308e-04+6.26591154e-05j],
          [ 6.56566771e-02+5.58635529e-02j,
            9.90974800e-01-2.45305156e-02j,
           -6.53534343e-02+7.51396219e-02j,
           -7.76993959e-04-4.24580107e-03j],
          [ 1.00336654e-05+4.31629999e-03j,
            6.90092029e-02+7.17966855e-02j,
            9.90974800e-01-2.45305156e-02j,
           -4.97829512e-02+7.03789283e-02j],
          [-8.89789102e-05+8.73932927e-05j,
            1.00336654e-05+4.31629999e-03j,
            6.56566771e-02+5.58635529e-02j,
            9.71100551e-01-2.22516375e-01j]],
         input_dims=(2, 2), output_dims=(2, 2))"
