unitary
"Operator([[-0.26500577+0.67800589j,  0.15594098-0.4002945j ,
           -0.03632534+0.4400396j , -0.24731309+0.17148914j],
          [ 0.15594098-0.4002945j ,  0.05317961+0.2616793j ,
           -0.15113774+0.72549679j, -0.03632534+0.4400396j ],
          [-0.03632534+0.4400396j , -0.15113774+0.72549679j,
            0.05317961+0.2616793j ,  0.15594098-0.4002945j ],
          [-0.24731309+0.17148914j, -0.03632534+0.4400396j ,
            0.15594098-0.4002945j , -0.26500577+0.67800589j]],
         input_dims=(2, 2), output_dims=(2, 2))"
"Operator([[-0.26500577+0.67800589j,  0.12136673+0.41209634j,
            0.41664548+0.14615377j, -0.25472283-0.16027653j],
          [-0.3681536 +0.22139604j,  0.05317961+0.2616793j ,
           -0.32401247-0.66648641j,  0.41664548+0.14615377j],
          [-0.43497215+0.07585259j,  0.56319788-0.48166j   ,
            0.05317961+0.2616793j ,  0.12136673+0.41209634j],
          [ 0.06079514+0.29474776j, -0.43497215+0.07585259j,
           -0.3681536 +0.22139604j, -0.26500577+0.67800589j]],
         input_dims=(2, 2), output_dims=(2, 2))"
"Operator([[-0.26500577+0.67800589j,  0.19587331-0.38234399j,
           -0.12468241+0.42356662j, -0.28747353+0.08905762j],
          [ 0.11438902-0.41408747j,  0.05317961+0.2616793j ,
           -0.22419424+0.70634634j, -0.12468241+0.42356662j],
          [ 0.05353693+0.43827865j, -0.07651148+0.73711207j,
            0.05317961+0.2616793j ,  0.19587331-0.38234399j],
          [-0.1841946 +0.23800134j,  0.05353693+0.43827865j,
            0.11438902-0.41408747j, -0.26500577+0.67800589j]],
         input_dims=(2, 2), output_dims=(2, 2))"
"Operator([[-0.26500577+0.67800589j,  0.15594098-0.4002945j ,
           -0.03632534+0.4400396j , -0.24731309+0.17148914j],
          [ 0.15594098-0.4002945j ,  0.05317961+0.2616793j ,
           -0.15113774+0.72549679j, -0.03632534+0.4400396j ],
          [-0.03632534+0.4400396j , -0.15113774+0.72549679j,
            0.05317961+0.2616793j ,  0.15594098-0.4002945j ],
          [-0.24731309+0.17148914j, -0.03632534+0.4400396j ,
            0.15594098-0.4002945j , -0.26500577+0.67800589j]],
         input_dims=(2, 2), output_dims=(2, 2))"
"Operator([[-0.26500577+0.67800589j,  0.1229949 +0.41161333j,
            0.41778801+0.14285503j, -0.25660571-0.15724439j],
          [-0.36902595+0.21993892j,  0.05317961+0.2616793j ,
           -0.32664472-0.6652003j ,  0.41778801+0.14285503j],
          [-0.43555827+0.07241115j,  0.5650976 -0.47942978j,
            0.05317961+0.2616793j ,  0.1229949 +0.41161333j],
          [ 0.05729532+0.29544803j, -0.43555827+0.07241115j,
           -0.36902595+0.21993892j, -0.26500577+0.67800589j]],
         input_dims=(2, 2), output_dims=(2, 2))"
"Operator([[-0.26500577+0.67800589j,  0.03254526+0.4283621j ,
            0.32048494+0.30371662j, -0.1109081 -0.27977077j],
          [-0.31374247+0.2934603j ,  0.05317961+0.2616793j ,
           -0.17753933-0.71949149j,  0.32048494+0.30371662j],
          [-0.36595092+0.24705122j,  0.45007518-0.58874489j,
            0.05317961+0.2616793j ,  0.03254526+0.4283621j ],
          [ 0.22312661+0.20195744j, -0.36595092+0.24705122j,
           -0.31374247+0.2934603j , -0.26500577+0.67800589j]],
         input_dims=(2, 2), output_dims=(2, 2))"
