unitary
"Operator([[ 0.11005582+0.71960058j, -0.06339684-0.41626185j,
            0.02648765+0.40962405j, -0.22263035+0.27333478j],
          [-0.06339684-0.41626185j, -0.0057676 +0.23127813j,
           -0.23466411+0.73866323j,  0.02648765+0.40962405j],
          [ 0.02648765+0.40962405j, -0.23466411+0.73866323j,
           -0.0057676 +0.23127813j, -0.06339684-0.41626185j],
          [-0.22263035+0.27333478j,  0.02648765+0.40962405j,
           -0.06339684-0.41626185j,  0.11005582+0.71960058j]],
         input_dims=(2, 2), output_dims=(2, 2))"
"Operator([[ 0.11005582+0.71960058j,  0.04050727+0.41910887j,
           -0.01846582+0.41006399j,  0.26435376-0.23322364j],
          [ 0.08609616+0.41216567j, -0.0057676 +0.23127813j,
            0.27476112-0.72470473j, -0.01846582+0.41006399j],
          [ 0.0711234 +0.40427085j,  0.1938629 -0.75040508j,
           -0.0057676 +0.23127813j,  0.04050727+0.41910887j],
          [ 0.17490615-0.30607844j,  0.0711234 +0.40427085j,
            0.08609616+0.41216567j,  0.11005582+0.71960058j]],
         input_dims=(2, 2), output_dims=(2, 2))"
"Operator([[ 0.11005582+0.71960058j, -0.06339684-0.41626185j,
            0.02648765+0.40962405j, -0.22263035+0.27333478j],
          [-0.06339684-0.41626185j, -0.0057676 +0.23127813j,
           -0.23466411+0.73866323j,  0.02648765+0.40962405j],
          [ 0.02648765+0.40962405j, -0.23466411+0.73866323j,
           -0.0057676 +0.23127813j, -0.06339684-0.41626185j],
          [-0.22263035+0.27333478j,  0.02648765+0.40962405j,
           -0.06339684-0.41626185j,  0.11005582+0.71960058j]],
         input_dims=(2, 2), output_dims=(2, 2))"
"Operator([[ 0.11005582+0.71960058j, -0.20868327-0.36571078j,
            0.29428091+0.28616814j,  0.14332289+0.32207875j],
          [ 0.09035126-0.41125386j, -0.0057676 +0.23127813j,
            0.04631712+0.77365712j,  0.29428091+0.28616814j],
          [-0.25497512+0.32168486j, -0.48432439+0.60507892j,
           -0.0057676 +0.23127813j, -0.20868327-0.36571078j],
          [-0.3444176 -0.07518439j, -0.25497512+0.32168486j,
            0.09035126-0.41125386j,  0.11005582+0.71960058j]],
         input_dims=(2, 2), output_dims=(2, 2))"
"Operator([[ 0.11005582+0.71960058j,  0.42097605-0.00849999j,
            0.08047434-0.40251378j,  0.16728412+0.31030984j],
          [-0.40441976+0.11720811j, -0.0057676 +0.23127813j,
           -0.70169732-0.32910711j,  0.08047434-0.40251378j],
          [-0.13164316-0.38879756j,  0.7629806 +0.13620283j,
           -0.0057676 +0.23127813j,  0.42097605-0.00849999j],
          [-0.33774077-0.1010314j , -0.13164316-0.38879756j,
           -0.40441976+0.11720811j,  0.11005582+0.71960058j]],
         input_dims=(2, 2), output_dims=(2, 2))"
"Operator([[ 0.11005582+0.71960058j, -0.3765568 +0.18840931j,
           -0.261332  -0.31654233j, -0.34114271+0.08886973j],
          [ 0.41557265+0.06776769j, -0.0057676 +0.23127813j,
            0.77503192-0.00401691j, -0.261332  -0.31654233j],
          [ 0.21838877-0.34756267j, -0.6306143 -0.45057321j,
           -0.0057676 +0.23127813j, -0.3765568 +0.18840931j],
          [-0.01800007+0.35206842j,  0.21838877-0.34756267j,
            0.41557265+0.06776769j,  0.11005582+0.71960058j]],
         input_dims=(2, 2), output_dims=(2, 2))"
"Operator([[ 0.11005582+0.71960058j, -0.02271867-0.42044851j,
           -0.05310664+0.40702966j, -0.29178622+0.19783067j],
          [-0.10347704-0.40814898j, -0.0057676 +0.23127813j,
           -0.30521093+0.71241624j, -0.05310664+0.40702966j],
          [ 0.10508496+0.39680047j, -0.16190392+0.75794309j,
           -0.0057676 +0.23127813j, -0.02271867-0.42044851j],
          [-0.13469433+0.32578154j,  0.10508496+0.39680047j,
           -0.10347704-0.40814898j,  0.11005582+0.71960058j]],
         input_dims=(2, 2), output_dims=(2, 2))"
