unitary
"Operator([[ 8.86340847e-01-0.43033515j, -1.49578135e-04+0.17005334j,
           -1.62332322e-02-0.00537602j,  4.79055750e-04-0.00086756j],
          [ 8.18597308e-02+0.14905417j,  9.64342661e-01-0.04628868j,
           -3.95707564e-02+0.19267632j, -1.62332322e-02-0.00537602j],
          [-1.32275911e-02+0.01083745j,  5.82308330e-02+0.18788075j,
            9.64342661e-01-0.04628868j, -1.49578135e-04+0.17005334j],
          [-8.36482061e-04-0.00053146j, -1.32275911e-02+0.01083745j,
            8.18597308e-02+0.14905417j,  8.86340847e-01-0.43033515j]],
         input_dims=(2, 2), output_dims=(2, 2))"
"Operator([[ 8.86340847e-01-0.43033515j,  4.21826807e-02+0.16473853j,
           -1.68138086e-02+0.00311693j, -2.45314235e-04-0.00096019j],
          [ 4.21826807e-02+0.16473853j,  9.64342661e-01-0.04628868j,
            9.63322217e-03+0.19646172j, -1.68138086e-02+0.00311693j],
          [-1.68138086e-02+0.00311693j,  9.63322217e-03+0.19646172j,
            9.64342661e-01-0.04628868j,  4.21826807e-02+0.16473853j],
          [-2.45314235e-04-0.00096019j, -1.68138086e-02+0.00311693j,
            4.21826807e-02+0.16473853j,  8.86340847e-01-0.43033515j]],
         input_dims=(2, 2), output_dims=(2, 2))"
"Operator([[ 8.86340847e-01-4.30335148e-01j,
            1.15602626e-01+1.24716459e-01j,
           -6.56229593e-03+1.57910005e-02j,
           -9.76782555e-04+1.67467494e-04j],
          [-4.14368077e-02+1.64927722e-01j,
            9.64342661e-01-4.62886825e-02j,
            1.02108609e-01+1.68118530e-01j,
           -6.56229593e-03+1.57910005e-02j],
          [-1.17863836e-02-1.23895353e-02j,
           -8.51714254e-02+1.77301541e-01j,
            9.64342661e-01-4.62886825e-02j,
            1.15602626e-01+1.24716459e-01j],
          [ 9.37409588e-04-3.21578582e-04j,
           -1.17863836e-02-1.23895353e-02j,
           -4.14368077e-02+1.64927722e-01j,
            8.86340847e-01-4.30335148e-01j]],
         input_dims=(2, 2), output_dims=(2, 2))"
"Operator([[ 8.86340847e-01-0.43033515j,  4.21826807e-02+0.16473853j,
           -1.68138086e-02+0.00311693j, -2.45314235e-04-0.00096019j],
          [ 4.21826807e-02+0.16473853j,  9.64342661e-01-0.04628868j,
            9.63322217e-03+0.19646172j, -1.68138086e-02+0.00311693j],
          [-1.68138086e-02+0.00311693j,  9.63322217e-03+0.19646172j,
            9.64342661e-01-0.04628868j,  4.21826807e-02+0.16473853j],
          [-2.45314235e-04-0.00096019j, -1.68138086e-02+0.00311693j,
            4.21826807e-02+0.16473853j,  8.86340847e-01-0.43033515j]],
         input_dims=(2, 2), output_dims=(2, 2))"
"Operator([[ 8.86340847e-01-0.43033515j,  1.62970797e-01+0.04856626j,
            1.06658407e-02+0.01336635j,  1.96920731e-04+0.00097127j],
          [-1.19573907e-01+0.1209142j ,  9.64342661e-01-0.04628868j,
            1.73431990e-01+0.09279738j,  1.06658407e-02+0.01336635j],
          [ 5.16608085e-03-0.01630126j, -1.63521480e-01+0.10931941j,
            9.64342661e-01-0.04628868j,  1.62970797e-01+0.04856626j],
          [ 2.93092122e-04+0.0009467j ,  5.16608085e-03-0.01630126j,
           -1.19573907e-01+0.1209142j ,  8.86340847e-01-0.43033515j]],
         input_dims=(2, 2), output_dims=(2, 2))"
"Operator([[ 8.86340847e-01-0.43033515j,  1.68207597e-01+0.02498733j,
            1.39868472e-02+0.00983807j,  5.81053529e-04+0.00080282j],
          [-1.35498411e-01+0.1027538j ,  9.64342661e-01-0.04628868j,
            1.84829754e-01+0.06729019j,  1.39868472e-02+0.00983807j],
          [ 9.53109467e-03-0.0141978j , -1.77359986e-01+0.08504965j,
            9.64342661e-01-0.04628868j,  1.68207597e-01+0.02498733j],
          [-1.24765288e-04+0.00098315j,  9.53109467e-03-0.0141978j ,
           -1.35498411e-01+0.1027538j ,  8.86340847e-01-0.43033515j]],
         input_dims=(2, 2), output_dims=(2, 2))"
"Operator([[ 8.86340847e-01-0.43033515j,  4.21826807e-02+0.16473853j,
           -1.68138086e-02+0.00311693j, -2.45314235e-04-0.00096019j],
          [ 4.21826807e-02+0.16473853j,  9.64342661e-01-0.04628868j,
            9.63322217e-03+0.19646172j, -1.68138086e-02+0.00311693j],
          [-1.68138086e-02+0.00311693j,  9.63322217e-03+0.19646172j,
            9.64342661e-01-0.04628868j,  4.21826807e-02+0.16473853j],
          [-2.45314235e-04-0.00096019j, -1.68138086e-02+0.00311693j,
            4.21826807e-02+0.16473853j,  8.86340847e-01-0.43033515j]],
         input_dims=(2, 2), output_dims=(2, 2))"
"Operator([[ 8.86340847e-01-4.30335148e-01j,
            1.51280661e-01-7.76680365e-02j,
            1.38116544e-02-1.00825407e-02j,
            5.99556604e-04-7.89101640e-04j],
          [-1.69991282e-01+4.59633529e-03j,
            9.64342661e-01-4.62886825e-02j,
            1.89432683e-01-5.29647686e-02j,
            1.38116544e-02-1.00825407e-02j],
          [ 1.65078969e-02+4.46192383e-03j,
           -1.93705611e-01-3.41781254e-02j,
            9.64342661e-01-4.62886825e-02j,
            1.51280661e-01-7.76680365e-02j],
          [-9.04584162e-04-4.04817261e-04j,
            1.65078969e-02+4.46192383e-03j,
           -1.69991282e-01+4.59633529e-03j,
            8.86340847e-01-4.30335148e-01j]],
         input_dims=(2, 2), output_dims=(2, 2))"
"Operator([[ 8.86340847e-01-0.43033515j,  4.21826807e-02+0.16473853j,
           -1.68138086e-02+0.00311693j, -2.45314235e-04-0.00096019j],
          [ 4.21826807e-02+0.16473853j,  9.64342661e-01-0.04628868j,
            9.63322217e-03+0.19646172j, -1.68138086e-02+0.00311693j],
          [-1.68138086e-02+0.00311693j,  9.63322217e-03+0.19646172j,
            9.64342661e-01-0.04628868j,  4.21826807e-02+0.16473853j],
          [-2.45314235e-04-0.00096019j, -1.68138086e-02+0.00311693j,
            4.21826807e-02+0.16473853j,  8.86340847e-01-0.43033515j]],
         input_dims=(2, 2), output_dims=(2, 2))"
"Operator([[ 8.86340847e-01-0.43033515j,  1.66830921e-01+0.03294854j,
            1.29902299e-02+0.01112085j,  4.61108363e-04+0.00087723j],
          [-1.30464953e-01+0.10907364j,  9.64342661e-01-0.04628868j,
            1.81425045e-01+0.07599316j,  1.29902299e-02+0.01112085j],
          [ 8.14089719e-03-0.01503813j, -1.73120181e-01+0.09337779j,
            9.64342661e-01-0.04628868j,  1.66830921e-01+0.03294854j],
          [ 1.61696701e-05+0.0009909j ,  8.14089719e-03-0.01503813j,
           -1.30464953e-01+0.10907364j,  8.86340847e-01-0.43033515j]],
         input_dims=(2, 2), output_dims=(2, 2))"
