unitary
"Operator([[ 0.21267304-0.87021537j, -0.33959769+0.25595665j,
            0.11939234-0.04394518j, -0.01939122+0.00965739j],
          [ 0.29131789-0.30979717j,  0.74105272-0.0656797j ,
           -0.49922301+0.01665285j,  0.11939234-0.04394518j],
          [ 0.09785999-0.08129657j,  0.48918281-0.10100056j,
            0.74105272-0.0656797j , -0.33959769+0.25595665j],
          [ 0.01219501-0.01790437j,  0.09785999-0.08129657j,
            0.29131789-0.30979717j,  0.21267304-0.87021537j]],
         input_dims=(2, 2), output_dims=(2, 2))"
"Operator([[ 0.21267304-0.87021537j,  0.28390506+0.31660435j,
           -0.1102199 +0.06353963j, -0.01424286-0.01632255j],
          [ 0.28390506+0.31660435j,  0.74105272-0.0656797j ,
            0.05904052+0.49599915j, -0.1102199 +0.06353963j],
          [-0.1102199 +0.06353963j,  0.05904052+0.49599915j,
            0.74105272-0.0656797j ,  0.28390506+0.31660435j],
          [-0.01424286-0.01632255j, -0.1102199 +0.06353963j,
            0.28390506+0.31660435j,  0.21267304-0.87021537j]],
         input_dims=(2, 2), output_dims=(2, 2))"
"Operator([[ 0.21267304-0.87021537j,  0.28390506+0.31660435j,
           -0.1102199 +0.06353963j, -0.01424286-0.01632255j],
          [ 0.28390506+0.31660435j,  0.74105272-0.0656797j ,
            0.05904052+0.49599915j, -0.1102199 +0.06353963j],
          [-0.1102199 +0.06353963j,  0.05904052+0.49599915j,
            0.74105272-0.0656797j ,  0.28390506+0.31660435j],
          [-0.01424286-0.01632255j, -0.1102199 +0.06353963j,
            0.28390506+0.31660435j,  0.21267304-0.87021537j]],
         input_dims=(2, 2), output_dims=(2, 2))"
"Operator([[ 0.21267304-0.87021537j, -0.38648725-0.17739223j,
           -0.02886264+0.12390584j,  0.02015636-0.00793763j],
          [-0.13437735-0.40346391j,  0.74105272-0.0656797j ,
           -0.25163954-0.43148404j, -0.02886264+0.12390584j],
          [-0.12168859-0.03711598j,  0.14332123-0.47849761j,
            0.74105272-0.0656797j , -0.38648725-0.17739223j],
          [-0.01059474+0.01889541j, -0.12168859-0.03711598j,
           -0.13437735-0.40346391j,  0.21267304-0.87021537j]],
         input_dims=(2, 2), output_dims=(2, 2))"
"Operator([[ 0.21267304-0.87021537j, -0.2693692 +0.32906023j,
            0.08580543-0.09393156j, -0.00827378+0.02002072j],
          [ 0.35636359-0.23204609j,  0.74105272-0.0656797j ,
           -0.48109756+0.13433567j,  0.08580543-0.09393156j],
          [ 0.12428541-0.02718173j,  0.4991888 +0.01764875j,
            0.74105272-0.0656797j , -0.2693692 +0.32906023j],
          [ 0.02095692-0.00548563j,  0.12428541-0.02718173j,
            0.35636359-0.23204609j,  0.21267304-0.87021537j]],
         input_dims=(2, 2), output_dims=(2, 2))"
"Operator([[ 0.21267304-0.87021537j,  0.28390506+0.31660435j,
           -0.1102199 +0.06353963j, -0.01424286-0.01632255j],
          [ 0.28390506+0.31660435j,  0.74105272-0.0656797j ,
            0.05904052+0.49599915j, -0.1102199 +0.06353963j],
          [-0.1102199 +0.06353963j,  0.05904052+0.49599915j,
            0.74105272-0.0656797j ,  0.28390506+0.31660435j],
          [-0.01424286-0.01632255j, -0.1102199 +0.06353963j,
            0.28390506+0.31660435j,  0.21267304-0.87021537j]],
         input_dims=(2, 2), output_dims=(2, 2))"
"Operator([[ 0.21267304-0.87021537j, -0.3444851 +0.24933996j,
            0.12100274-0.03929437j, -0.01991871+0.00851645j],
          [ 0.28527101-0.31537414j,  0.74105272-0.0656797j ,
           -0.49945173+0.00699332j,  0.12100274-0.03929437j],
          [ 0.09464233-0.08502082j,  0.48713765-0.11044388j,
            0.74105272-0.0656797j , -0.3444851 +0.24933996j],
          [ 0.01113603-0.01858154j,  0.09464233-0.08502082j,
            0.28527101-0.31537414j,  0.21267304-0.87021537j]],
         input_dims=(2, 2), output_dims=(2, 2))"
