unitary
"Operator([[-0.43273433+0.58564817j, -0.32496631+0.30368313j,
           -0.23388065+0.37846792j,  0.2700838 +0.03236174j],
          [-0.18388937+0.40498302j,  0.08426337+0.25841881j,
            0.24572826-0.6855453j , -0.23388065+0.37846792j],
          [ 0.10250776+0.4329322j , -0.03554958-0.72738639j,
            0.08426337+0.25841881j, -0.32496631+0.30368313j],
          [ 0.13303379-0.23726473j,  0.10250776+0.4329322j ,
           -0.18388937+0.40498302j, -0.43273433+0.58564817j]],
         input_dims=(2, 2), output_dims=(2, 2))"
"Operator([[-0.43273433+0.58564817j,  0.2594204 -0.36128604j,
           -0.07110765+0.43918314j, -0.24248826+0.12325577j],
          [ 0.2594204 -0.36128604j,  0.08426337+0.25841881j,
           -0.10715148+0.7203286j , -0.07110765+0.43918314j],
          [-0.07110765+0.43918314j, -0.10715148+0.7203286j ,
            0.08426337+0.25841881j,  0.2594204 -0.36128604j],
          [-0.24248826+0.12325577j, -0.07110765+0.43918314j,
            0.2594204 -0.36128604j, -0.43273433+0.58564817j]],
         input_dims=(2, 2), output_dims=(2, 2))"
"Operator([[-0.43273433+0.58564817j, -0.10207977-0.43290445j,
            0.44478779+0.01009709j,  0.27041888+0.02943083j],
          [ 0.44282368-0.04163811j,  0.08426337+0.25841881j,
            0.47284086+0.55387386j,  0.44478779+0.01009709j],
          [-0.42524982-0.13076973j, -0.61358235+0.39226449j,
            0.08426337+0.25841881j, -0.10207977-0.43290445j],
          [ 0.13559906-0.23580805j, -0.42524982-0.13076973j,
            0.44282368-0.04163811j, -0.43273433+0.58564817j]],
         input_dims=(2, 2), output_dims=(2, 2))"
"Operator([[-0.43273433+0.58564817j,  0.04814183-0.44216389j,
            0.33949292+0.28754597j,  0.11643318+0.24583705j],
          [ 0.40358411-0.1869396j ,  0.08426337+0.25841881j,
            0.26104782+0.67985937j,  0.33949292+0.28754597j],
          [-0.41288228+0.16572974j, -0.44762954+0.57444106j,
            0.08426337+0.25841881j,  0.04814183-0.44216389j],
          [-0.12998215-0.23895017j, -0.41288228+0.16572974j,
            0.40358411-0.1869396j , -0.43273433+0.58564817j]],
         input_dims=(2, 2), output_dims=(2, 2))"
"Operator([[-0.43273433+0.58564817j,  0.2594204 -0.36128604j,
           -0.07110765+0.43918314j, -0.24248826+0.12325577j],
          [ 0.2594204 -0.36128604j,  0.08426337+0.25841881j,
           -0.10715148+0.7203286j , -0.07110765+0.43918314j],
          [-0.07110765+0.43918314j, -0.10715148+0.7203286j ,
            0.08426337+0.25841881j,  0.2594204 -0.36128604j],
          [-0.24248826+0.12325577j, -0.07110765+0.43918314j,
            0.2594204 -0.36128604j, -0.43273433+0.58564817j]],
         input_dims=(2, 2), output_dims=(2, 2))"
"Operator([[-0.43273433+0.58564817j,  0.26844069-0.35463522j,
           -0.09314091+0.43504356j, -0.25110421+0.10459072j],
          [ 0.25023539-0.36770748j,  0.08426337+0.25841881j,
           -0.12526624+0.71740024j, -0.09314091+0.43504356j],
          [-0.04889384+0.44220755j, -0.08896869+0.72279963j,
            0.08426337+0.25841881j,  0.26844069-0.35463522j],
          [-0.2324873 +0.14121684j, -0.04889384+0.44220755j,
            0.25023539-0.36770748j, -0.43273433+0.58564817j]],
         input_dims=(2, 2), output_dims=(2, 2))"
"Operator([[-0.43273433+0.58564817j, -0.04502864+0.44249177j,
            0.34350674+0.28273883j, -0.12159756-0.24332401j],
          [-0.40488981+0.1840945j ,  0.08426337+0.25841881j,
           -0.26582628-0.67800525j,  0.34350674+0.28273883j],
          [-0.41517417+0.15990165j,  0.45166143-0.57127637j,
            0.08426337+0.25841881j, -0.04502864+0.44249177j],
          [ 0.12490824+0.24164121j, -0.41517417+0.15990165j,
           -0.40488981+0.1840945j , -0.43273433+0.58564817j]],
         input_dims=(2, 2), output_dims=(2, 2))"
