unitary
"Operator([[-0.26500577+0.67800589j,  0.15594098-0.4002945j ,
           -0.03632534+0.4400396j , -0.24731309+0.17148914j],
          [ 0.15594098-0.4002945j ,  0.05317961+0.2616793j ,
           -0.15113774+0.72549679j, -0.03632534+0.4400396j ],
          [-0.03632534+0.4400396j , -0.15113774+0.72549679j,
            0.05317961+0.2616793j ,  0.15594098-0.4002945j ],
          [-0.24731309+0.17148914j, -0.03632534+0.4400396j ,
            0.15594098-0.4002945j , -0.26500577+0.67800589j]],
         input_dims=(2, 2), output_dims=(2, 2))"
"Operator([[-0.26500577+0.67800589j,  0.12144043-0.41207463j,
            0.03854592+0.43985065j, -0.19613577+0.22826092j],
          [ 0.18931853-0.38563166j,  0.05317961+0.2616793j ,
           -0.08908214+0.7356987j ,  0.03854592+0.43985065j],
          [-0.1101521 +0.4275756j , -0.21210491+0.71007022j,
            0.05317961+0.2616793j ,  0.12144043-0.41207463j],
          [-0.28253806+0.10365585j, -0.1101521 +0.4275756j ,
            0.18931853-0.38563166j, -0.26500577+0.67800589j]],
         input_dims=(2, 2), output_dims=(2, 2))"
"Operator([[-0.26500577+0.67800589j,  0.15594098-0.4002945j ,
           -0.03632534+0.4400396j , -0.24731309+0.17148914j],
          [ 0.15594098-0.4002945j ,  0.05317961+0.2616793j ,
           -0.15113774+0.72549679j, -0.03632534+0.4400396j ],
          [-0.03632534+0.4400396j , -0.15113774+0.72549679j,
            0.05317961+0.2616793j ,  0.15594098-0.4002945j ],
          [-0.24731309+0.17148914j, -0.03632534+0.4400396j ,
            0.15594098-0.4002945j , -0.26500577+0.67800589j]],
         input_dims=(2, 2), output_dims=(2, 2))"
"Operator([[-0.26500577+0.67800589j,  0.1752144 -0.39224124j,
           -0.07888254+0.43443288j, -0.26961486+0.13371655j],
          [ 0.13629889-0.40740139j,  0.05317961+0.2616793j ,
           -0.18622446+0.71729259j, -0.07888254+0.43443288j],
          [ 0.00657517+0.44148743j, -0.11569369+0.73198578j,
            0.05317961+0.2616793j ,  0.1752144 -0.39224124j],
          [-0.21975734+0.20561858j,  0.00657517+0.44148743j,
            0.13629889-0.40740139j, -0.26500577+0.67800589j]],
         input_dims=(2, 2), output_dims=(2, 2))"
"Operator([[-0.26500577+0.67800589j, -0.01228576-0.42942094j,
            0.29041104+0.33258956j,  0.07029011+0.29262876j],
          [ 0.29953821-0.30794503j,  0.05317961+0.2616793j ,
            0.14337377+0.72707096j,  0.29041104+0.33258956j],
          [-0.34101879+0.28046492j, -0.42177835+0.60933672j,
            0.05317961+0.2616793j , -0.01228576-0.42942094j],
          [-0.24940935-0.16842585j, -0.34101879+0.28046492j,
            0.29953821-0.30794503j, -0.26500577+0.67800589j]],
         input_dims=(2, 2), output_dims=(2, 2))"
"Operator([[-0.26500577+0.67800589j, -0.37227669+0.21439063j,
           -0.43753058+0.05934114j,  0.04397457+0.29772223j],
          [ 0.12914222+0.40972621j,  0.05317961+0.2616793j ,
            0.57221048-0.47091759j, -0.43753058+0.05934114j],
          [ 0.42187688+0.13028537j, -0.33656496-0.6602365j ,
            0.05317961+0.2616793j , -0.37227669+0.21439063j],
          [-0.2634059 -0.14556655j,  0.42187688+0.13028537j,
            0.12914222+0.40972621j, -0.26500577+0.67800589j]],
         input_dims=(2, 2), output_dims=(2, 2))"
"Operator([[-0.26500577+0.67800589j,  0.15594098-0.4002945j ,
           -0.03632534+0.4400396j , -0.24731309+0.17148914j],
          [ 0.15594098-0.4002945j ,  0.05317961+0.2616793j ,
           -0.15113774+0.72549679j, -0.03632534+0.4400396j ],
          [-0.03632534+0.4400396j , -0.15113774+0.72549679j,
            0.05317961+0.2616793j ,  0.15594098-0.4002945j ],
          [-0.24731309+0.17148914j, -0.03632534+0.4400396j ,
            0.15594098-0.4002945j , -0.26500577+0.67800589j]],
         input_dims=(2, 2), output_dims=(2, 2))"
"Operator([[-0.26500577+0.67800589j,  0.02366394-0.4289444j ,
            0.23092493+0.37633503j, -0.00463642+0.30091659j],
          [ 0.27273994-0.33191295j,  0.05317961+0.2616793j ,
            0.08207655+0.73651317j,  0.23092493+0.37633503j],
          [-0.28951144+0.33337292j, -0.36935069+0.64247045j,
            0.05317961+0.2616793j ,  0.02366394-0.4289444j ],
          [-0.28344082-0.10116122j, -0.28951144+0.33337292j,
            0.27273994-0.33191295j, -0.26500577+0.67800589j]],
         input_dims=(2, 2), output_dims=(2, 2))"
"Operator([[-0.26500577+0.67800589j, -0.08277591-0.42154647j,
            0.38264375+0.22031374j,  0.20105811+0.22393733j],
          [ 0.34612531-0.25446129j,  0.05317961+0.2616793j ,
            0.26105302+0.69357013j,  0.38264375+0.22031374j],
          [-0.41359165+0.15458438j, -0.51629081+0.53163146j,
            0.05317961+0.2616793j , -0.08277591-0.42154647j],
          [-0.13923013-0.26680941j, -0.41359165+0.15458438j,
            0.34612531-0.25446129j, -0.26500577+0.67800589j]],
         input_dims=(2, 2), output_dims=(2, 2))"
