unitary
"Operator([[ 0.37794656+0.62263254j,  0.13028333-0.41267434j,
           -0.36700908+0.02540848j, -0.07009411-0.37677157j],
          [-0.42291344-0.0917501j , -0.05533329+0.17745746j,
           -0.74600252+0.29378939j, -0.36700908+0.02540848j],
          [ 0.35613462-0.09224634j,  0.36120048+0.71579758j,
           -0.05533329+0.17745746j,  0.13028333-0.41267434j],
          [ 0.34332644-0.17028492j,  0.35613462-0.09224634j,
           -0.42291344-0.0917501j ,  0.37794656+0.62263254j]],
         input_dims=(2, 2), output_dims=(2, 2))"
"Operator([[ 0.37794656+0.62263254j, -0.21715476-0.37432295j,
            0.05907815+0.36311297j, -0.17124007+0.34285104j],
          [-0.21715476-0.37432295j, -0.05533329+0.17745746j,
           -0.28555364+0.74919362j,  0.05907815+0.36311297j],
          [ 0.05907815+0.36311297j, -0.28555364+0.74919362j,
           -0.05533329+0.17745746j, -0.21715476-0.37432295j],
          [-0.17124007+0.34285104j,  0.05907815+0.36311297j,
           -0.21715476-0.37432295j,  0.37794656+0.62263254j]],
         input_dims=(2, 2), output_dims=(2, 2))"
"Operator([[ 0.37794656+0.62263254j,  0.03460949-0.43136532j,
           -0.31914959+0.18298853j, -0.29072236-0.24970084j],
          [-0.39164719-0.18408242j, -0.05533329+0.17745746j,
           -0.66131682+0.45331228j, -0.31914959+0.18298853j],
          [ 0.36069749+0.07237802j,  0.19182024+0.77848375j,
           -0.05533329+0.17745746j,  0.03460949-0.43136532j],
          [ 0.37426558+0.08243344j,  0.36069749+0.07237802j,
           -0.39164719-0.18408242j,  0.37794656+0.62263254j]],
         input_dims=(2, 2), output_dims=(2, 2))"
"Operator([[ 0.37794656+0.62263254j, -0.02621388+0.43195682j,
           -0.31179211+0.19526121j,  0.30478861+0.23232284j],
          [ 0.38799314+0.19166424j, -0.05533329+0.17745746j,
            0.65237587-0.46608764j, -0.31179211+0.19526121j],
          [ 0.35761001+0.08635009j, -0.17664425-0.78206698j,
           -0.05533329+0.17745746j, -0.02621388+0.43195682j],
          [-0.36882171-0.10411796j,  0.35761001+0.08635009j,
            0.38799314+0.19166424j,  0.37794656+0.62263254j]],
         input_dims=(2, 2), output_dims=(2, 2))"
"Operator([[ 0.37794656+0.62263254j, -0.43220432-0.02175511j,
            0.30769611-0.20165407j,  0.22277748-0.3118336j ],
          [ 0.19565776-0.38599469j, -0.05533329+0.17745746j,
            0.47279472+0.64753156j,  0.30769611-0.20165407j],
          [-0.35575185-0.09371169j, -0.78384814+0.16856467j,
           -0.05533329+0.17745746j, -0.43220432-0.02175511j],
          [ 0.11548411-0.36542225j, -0.35575185-0.09371169j,
            0.19565776-0.38599469j,  0.37794656+0.62263254j]],
         input_dims=(2, 2), output_dims=(2, 2))"
"Operator([[ 0.37794656+0.62263254j, -0.21715476-0.37432295j,
            0.05907815+0.36311297j, -0.17124007+0.34285104j],
          [-0.21715476-0.37432295j, -0.05533329+0.17745746j,
           -0.28555364+0.74919362j,  0.05907815+0.36311297j],
          [ 0.05907815+0.36311297j, -0.28555364+0.74919362j,
           -0.05533329+0.17745746j, -0.21715476-0.37432295j],
          [-0.17124007+0.34285104j,  0.05907815+0.36311297j,
           -0.21715476-0.37432295j,  0.37794656+0.62263254j]],
         input_dims=(2, 2), output_dims=(2, 2))"
