unitary
"Operator([[-0.70824248+0.19306771j, -0.18070762+0.4639408j ,
            0.39638954+0.13254581j, -0.16385083-0.10807861j],
          [-0.45609829-0.1996764j ,  0.18198795+0.20336148j,
           -0.50688198-0.4959897j ,  0.39638954+0.13254581j],
          [-0.38412567-0.16474383j,  0.51646047-0.48600792j,
            0.18198795+0.20336148j, -0.18070762+0.4639408j ],
          [-0.12746748+0.14926527j, -0.38412567-0.16474383j,
           -0.45609829-0.1996764j , -0.70824248+0.19306771j]],
         input_dims=(2, 2), output_dims=(2, 2))"
"Operator([[-0.70824248+0.19306771j, -0.28487087-0.40834409j,
           -0.02824232-0.41700771j, -0.13912364-0.13846549j],
          [ 0.08795338+0.49006175j,  0.18198795+0.20336148j,
            0.69418214-0.14507335j, -0.02824232-0.41700771j],
          [ 0.29850611-0.29255284j, -0.69122021-0.15858669j,
            0.18198795+0.20336148j, -0.28487087-0.40834409j],
          [-0.0952856 +0.17160633j,  0.29850611-0.29255284j,
            0.08795338+0.49006175j, -0.70824248+0.19306771j]],
         input_dims=(2, 2), output_dims=(2, 2))"
"Operator([[-0.70824248+0.19306771j,  0.2986558 -0.39837297j,
            0.27064772+0.31850098j,  0.03360768+0.19338719j],
          [ 0.49296608+0.06986237j,  0.18198795+0.20336148j,
            0.35507165+0.61388863j,  0.27064772+0.31850098j],
          [-0.41395503+0.05774333j, -0.3669788 +0.60684568j,
            0.18198795+0.20336148j,  0.2986558 -0.39837297j],
          [-0.02132019-0.1951244j , -0.41395503+0.05774333j,
            0.49296608+0.06986237j, -0.70824248+0.19306771j]],
         input_dims=(2, 2), output_dims=(2, 2))"
"Operator([[-0.70824248+0.19306771j,  0.45986671-0.19083743j,
           -0.14877125+0.39058953j, -0.19435292+0.02747767j],
          [ 0.45986671-0.19083743j,  0.18198795+0.20336148j,
           -0.00691707+0.70914545j, -0.14877125+0.39058953j],
          [-0.14877125+0.39058953j, -0.00691707+0.70914545j,
            0.18198795+0.20336148j,  0.45986671-0.19083743j],
          [-0.19435292+0.02747767j, -0.14877125+0.39058953j,
            0.45986671-0.19083743j, -0.70824248+0.19306771j]],
         input_dims=(2, 2), output_dims=(2, 2))"
"Operator([[-0.70824248+0.19306771j,  0.45986671-0.19083743j,
           -0.14877125+0.39058953j, -0.19435292+0.02747767j],
          [ 0.45986671-0.19083743j,  0.18198795+0.20336148j,
           -0.00691707+0.70914545j, -0.14877125+0.39058953j],
          [-0.14877125+0.39058953j, -0.00691707+0.70914545j,
            0.18198795+0.20336148j,  0.45986671-0.19083743j],
          [-0.19435292+0.02747767j, -0.14877125+0.39058953j,
            0.45986671-0.19083743j, -0.70824248+0.19306771j]],
         input_dims=(2, 2), output_dims=(2, 2))"
"Operator([[-0.70824248+0.19306771j,  0.39437074+0.30392109j,
           -0.26209158-0.32557805j,  0.19457258-0.02587645j],
          [ 0.06330808-0.49385058j,  0.18198795+0.20336148j,
           -0.61855093+0.34688596j, -0.26209158-0.32557805j],
          [ 0.41227507-0.06871922j,  0.61166677+0.35888562j,
            0.18198795+0.20336148j,  0.39437074+0.30392109j],
          [ 0.19412008-0.02907702j,  0.41227507-0.06871922j,
            0.06330808-0.49385058j, -0.70824248+0.19306771j]],
         input_dims=(2, 2), output_dims=(2, 2))"
