unitary
"Operator([[ 8.24651986e-01-0.52438853j,  6.49420862e-02+0.20010222j,
           -2.58339895e-02+0.00602429j, -5.92551551e-04-0.0018324j ],
          [ 6.49420862e-02+0.20010222j,  9.44798788e-01-0.055316j  ,
            1.47350671e-02+0.24313825j, -2.58339895e-02+0.00602429j],
          [-2.58339895e-02+0.00602429j,  1.47350671e-02+0.24313825j,
            9.44798788e-01-0.055316j  ,  6.49420862e-02+0.20010222j],
          [-5.92551551e-04-0.0018324j , -2.58339895e-02+0.00602429j,
            6.49420862e-02+0.20010222j,  8.24651986e-01-0.52438853j]],
         input_dims=(2, 2), output_dims=(2, 2))"
"Operator([[ 8.24651986e-01-0.52438853j,  9.79788899e-02+0.18616796j,
           -2.23277714e-02+0.01432333j, -1.41419388e-03-0.00130723j],
          [ 3.00188789e-02+0.20822401j,  9.44798788e-01-0.055316j  ,
            5.58091511e-02+0.23710476j, -2.23277714e-02+0.01432333j],
          [-2.63603567e-02-0.00296963j, -2.67670335e-02+0.24210918j,
            9.44798788e-01-0.055316j  ,  9.79788899e-02+0.18616796j],
          [ 3.81014622e-04-0.00188776j, -2.63603567e-02-0.00296963j,
            3.00188789e-02+0.20822401j,  8.24651986e-01-0.52438853j]],
         input_dims=(2, 2), output_dims=(2, 2))"
"Operator([[ 8.24651986e-01-0.52438853j,  6.49420862e-02+0.20010222j,
           -2.58339895e-02+0.00602429j, -5.92551551e-04-0.0018324j ],
          [ 6.49420862e-02+0.20010222j,  9.44798788e-01-0.055316j  ,
            1.47350671e-02+0.24313825j, -2.58339895e-02+0.00602429j],
          [-2.58339895e-02+0.00602429j,  1.47350671e-02+0.24313825j,
            9.44798788e-01-0.055316j  ,  6.49420862e-02+0.20010222j],
          [-5.92551551e-04-0.0018324j , -2.58339895e-02+0.00602429j,
            6.49420862e-02+0.20010222j,  8.24651986e-01-0.52438853j]],
         input_dims=(2, 2), output_dims=(2, 2))"
"Operator([[ 8.24651986e-01-0.52438853j,  2.10280840e-01-0.00635153j,
            2.50248721e-02+0.00880016j,  1.65366342e-03+0.00098701j],
          [-1.73934471e-01+0.11834345j,  9.44798788e-01-0.055316j  ,
            2.37547702e-01+0.05389266j,  2.50248721e-02+0.00880016j],
          [ 1.85510103e-02-0.01896173j, -2.29300875e-01+0.08218539j,
            9.44798788e-01-0.055316j  ,  2.10280840e-01-0.00635153j],
          [-7.62636770e-04+0.00176838j,  1.85510103e-02-0.01896173j,
           -1.73934471e-01+0.11834345j,  8.24651986e-01-0.52438853j]],
         input_dims=(2, 2), output_dims=(2, 2))"
