unitary
"Operator([[ 8.86340847e-01-0.43033515j,  1.46204575e-01-0.0868469j ,
            1.24658291e-02-0.01170566j,  4.44110980e-04-0.00088595j],
          [-1.69951288e-01-0.00589255j,  9.64342661e-01-0.04628868j,
            1.85807005e-01-0.06454274j,  1.24658291e-02-0.01170566j],
          [ 1.58332909e-02+0.00645959j, -1.91230021e-01-0.04605526j,
            9.64342661e-01-0.04628868j,  1.46204575e-01-0.0868469j ],
          [-8.14644066e-04-0.00056436j,  1.58332909e-02+0.00645959j,
           -1.69951288e-01-0.00589255j,  8.86340847e-01-0.43033515j]],
         input_dims=(2, 2), output_dims=(2, 2))"
"Operator([[ 8.86340847e-01-0.43033515j,  4.21826807e-02+0.16473853j,
           -1.68138086e-02+0.00311693j, -2.45314235e-04-0.00096019j],
          [ 4.21826807e-02+0.16473853j,  9.64342661e-01-0.04628868j,
            9.63322217e-03+0.19646172j, -1.68138086e-02+0.00311693j],
          [-1.68138086e-02+0.00311693j,  9.63322217e-03+0.19646172j,
            9.64342661e-01-0.04628868j,  4.21826807e-02+0.16473853j],
          [-2.45314235e-04-0.00096019j, -1.68138086e-02+0.00311693j,
            4.21826807e-02+0.16473853j,  8.86340847e-01-0.43033515j]],
         input_dims=(2, 2), output_dims=(2, 2))"
"Operator([[ 8.86340847e-01-0.43033515j,  8.68566721e-02-0.14619877j,
           -3.07171844e-03-0.01682213j, -8.50376898e-04-0.00050893j],
          [-1.46431749e-01-0.08646332j,  9.64342661e-01-0.04628868j,
            1.32303473e-01-0.14555342j, -3.07171844e-03-0.01682213j],
          [ 3.16212281e-03+0.01680537j, -1.45908582e-01-0.13191169j,
            9.64342661e-01-0.04628868j,  8.68566721e-02-0.14619877j],
          [ 5.02053989e-04-0.00085445j,  3.16212281e-03+0.01680537j,
           -1.46431749e-01-0.08646332j,  8.86340847e-01-0.43033515j]],
         input_dims=(2, 2), output_dims=(2, 2))"
"Operator([[ 8.86340847e-01-0.43033515j,  1.02961854e-01-0.13534038j,
            8.19764606e-04-0.01708062j, -6.29796809e-04-0.00076518j],
          [-1.55336377e-01-0.06920096j,  9.64342661e-01-0.04628868j,
            1.48038602e-01-0.12951672j,  8.19764606e-04-0.01708062j],
          [ 6.88767915e-03+0.01565181j, -1.59999326e-01-0.11441252j,
            9.64342661e-01-0.04628868j,  1.02961854e-01-0.13534038j],
          [ 1.85590013e-04-0.0009735j ,  6.88767915e-03+0.01565181j,
           -1.55336377e-01-0.06920096j,  8.86340847e-01-0.43033515j]],
         input_dims=(2, 2), output_dims=(2, 2))"
"Operator([[ 8.86340847e-01-0.43033515j,  4.21826807e-02+0.16473853j,
           -1.68138086e-02+0.00311693j, -2.45314235e-04-0.00096019j],
          [ 4.21826807e-02+0.16473853j,  9.64342661e-01-0.04628868j,
            9.63322217e-03+0.19646172j, -1.68138086e-02+0.00311693j],
          [-1.68138086e-02+0.00311693j,  9.63322217e-03+0.19646172j,
            9.64342661e-01-0.04628868j,  4.21826807e-02+0.16473853j],
          [-2.45314235e-04-0.00096019j, -1.68138086e-02+0.00311693j,
            4.21826807e-02+0.16473853j,  8.86340847e-01-0.43033515j]],
         input_dims=(2, 2), output_dims=(2, 2))"
