unitary
"Operator([[ 8.01463222e-01-0.55388377j,  2.14681858e-01+0.06220771j,
            1.65248737e-02+0.02515663j,  1.24752090e-04+0.00232936j],
          [-1.29664669e-01+0.18205816j,  9.37415224e-01-0.05797781j,
            2.20348078e-01+0.13591898j,  1.65248737e-02+0.02515663j],
          [ 2.77936597e-03-0.02997003j, -2.01106464e-01+0.16304427j,
            9.37415224e-01-0.05797781j,  2.14681858e-01+0.06220771j],
          [ 1.34357892e-03+0.00190691j,  2.77936597e-03-0.02997003j,
           -1.29664669e-01+0.18205816j,  8.01463222e-01-0.55388377j]],
         input_dims=(2, 2), output_dims=(2, 2))"
"Operator([[ 8.01463222e-01-0.55388377j,  7.34711723e-02+0.2110926j ,
           -2.92044575e-02+0.00728196j, -7.63947885e-04-0.00220406j],
          [ 7.34711723e-02+0.2110926j ,  9.37415224e-01-0.05797781j,
            1.66284488e-02+0.25836164j, -2.92044575e-02+0.00728196j],
          [-2.92044575e-02+0.00728196j,  1.66284488e-02+0.25836164j,
            9.37415224e-01-0.05797781j,  7.34711723e-02+0.2110926j ],
          [-7.63947885e-04-0.00220406j, -2.92044575e-02+0.00728196j,
            7.34711723e-02+0.2110926j ,  8.01463222e-01-0.55388377j]],
         input_dims=(2, 2), output_dims=(2, 2))"
"Operator([[ 0.80146322-5.53883774e-01j,  0.21690026-5.39664351e-02j,
            0.03004043-1.87083835e-03j,  0.00232845-1.40819941e-04j],
          [-0.20353494+9.23668172e-02j,  0.93741522-5.79778138e-02j,
            0.25880317+6.94008401e-03j,  0.03004043-1.87083835e-03j],
          [ 0.02740205-1.24521069e-02j, -0.25577825+4.00591281e-02j,
            0.93741522-5.79778138e-02j,  0.21690026-5.39664351e-02j],
          [-0.00191613+1.33039075e-03j,  0.02740205-1.24521069e-02j,
           -0.20353494+9.23668172e-02j,  0.80146322-5.53883774e-01j]],
         input_dims=(2, 2), output_dims=(2, 2))"
"Operator([[ 8.01463222e-01-0.55388377j,  7.34711723e-02+0.2110926j ,
           -2.92044575e-02+0.00728196j, -7.63947885e-04-0.00220406j],
          [ 7.34711723e-02+0.2110926j ,  9.37415224e-01-0.05797781j,
            1.66284488e-02+0.25836164j, -2.92044575e-02+0.00728196j],
          [-2.92044575e-02+0.00728196j,  1.66284488e-02+0.25836164j,
            9.37415224e-01-0.05797781j,  7.34711723e-02+0.2110926j ],
          [-7.63947885e-04-0.00220406j, -2.92044575e-02+0.00728196j,
            7.34711723e-02+0.2110926j ,  8.01463222e-01-0.55388377j]],
         input_dims=(2, 2), output_dims=(2, 2))"
"Operator([[ 8.01463222e-01-0.55388377j,  7.34711723e-02+0.2110926j ,
           -2.92044575e-02+0.00728196j, -7.63947885e-04-0.00220406j],
          [ 7.34711723e-02+0.2110926j ,  9.37415224e-01-0.05797781j,
            1.66284488e-02+0.25836164j, -2.92044575e-02+0.00728196j],
          [-2.92044575e-02+0.00728196j,  1.66284488e-02+0.25836164j,
            9.37415224e-01-0.05797781j,  7.34711723e-02+0.2110926j ],
          [-7.63947885e-04-0.00220406j, -2.92044575e-02+0.00728196j,
            7.34711723e-02+0.2110926j ,  8.01463222e-01-0.55388377j]],
         input_dims=(2, 2), output_dims=(2, 2))"
"Operator([[ 0.80146322-0.55388377j,  0.20985278-0.07694096j,
            0.02894854-0.00824072j,  0.0021636 -0.00087197j],
          [-0.21227506+0.06998142j,  0.93741522-0.05797781j,
            0.25805243-0.02088517j,  0.02894854-0.00824072j],
          [ 0.02942863-0.00631529j, -0.25860065+0.01236721j,
            0.93741522-0.05797781j,  0.20985278-0.07694096j],
          [-0.00223913+0.00065405j,  0.02942863-0.00631529j,
           -0.21227506+0.06998142j,  0.80146322-0.55388377j]],
         input_dims=(2, 2), output_dims=(2, 2))"
"Operator([[ 8.01463222e-01-0.55388377j,  1.29463181e-01-0.18220149j,
            2.71304818e-03-0.0299761j , -1.34990029e-03-0.00190244j],
          [-2.14612906e-01-0.06244517j,  9.37415224e-01-0.05797781j,
            2.00925966e-01-0.16326666j,  2.71304818e-03-0.0299761j ],
          [ 1.64691723e-02+0.02519313j, -2.20197577e-01-0.13616267j,
            9.37415224e-01-0.05797781j,  1.29463181e-01-0.18220149j],
          [-1.17020562e-04-0.00232977j,  1.64691723e-02+0.02519313j,
           -2.14612906e-01-0.06244517j,  8.01463222e-01-0.55388377j]],
         input_dims=(2, 2), output_dims=(2, 2))"
"Operator([[ 8.01463222e-01-5.53883774e-01j,
            7.23449219e-02-2.11481231e-01j,
           -1.40605956e-02-2.66125335e-02j,
           -2.32343080e-03-2.07780305e-04j],
          [-1.88017469e-01-1.20861616e-01j,
            9.37415224e-01-5.79778138e-02j,
            1.46242240e-01-2.13636260e-01j,
           -1.40605956e-02-2.66125335e-02j],
          [ 7.99735683e-05+3.00985197e-02j,
           -1.72421964e-01-1.93126670e-01j,
            9.37415224e-01-5.79778138e-02j,
            7.23449219e-02-2.11481231e-01j],
          [ 1.69645324e-03-1.60110892e-03j,
            7.99735683e-05+3.00985197e-02j,
           -1.88017469e-01-1.20861616e-01j,
            8.01463222e-01-5.53883774e-01j]],
         input_dims=(2, 2), output_dims=(2, 2))"
"Operator([[ 0.80146322-0.55388377j,  0.08736241-0.20573261j,
           -0.01009845-0.02835399j, -0.002225  -0.00070064j],
          [-0.1962204 -0.10703109j,  0.93741522-0.05797781j,
            0.16122343-0.20256912j, -0.01009845-0.02835399j],
          [ 0.00439589+0.02977589j, -0.18586084-0.18023039j,
            0.93741522-0.05797781j,  0.08736241-0.20573261j],
          [ 0.00131412-0.00192733j,  0.00439589+0.02977589j,
           -0.1962204 -0.10703109j,  0.80146322-0.55388377j]],
         input_dims=(2, 2), output_dims=(2, 2))"
"Operator([[ 8.01463222e-01-0.55388377j,  1.23460049e-01-0.18632154j,
            7.55638564e-04-0.03008914j, -1.52908764e-03-0.00176165j],
          [-2.12465152e-01-0.06940215j,  9.37415224e-01-0.05797781j,
            1.95501641e-01-0.16972434j,  7.55638564e-04-0.03008914j],
          [ 1.47939812e-02+0.02621193j, -2.15645825e-01-0.14326243j,
            9.37415224e-01-0.05797781j,  1.23460049e-01-0.18632154j],
          [ 1.10862638e-04-0.00233007j,  1.47939812e-02+0.02621193j,
           -2.12465152e-01-0.06940215j,  8.01463222e-01-0.55388377j]],
         input_dims=(2, 2), output_dims=(2, 2))"
"Operator([[ 8.01463222e-01-0.55388377j,  1.64213919e-01-0.15163076j,
            1.45659551e-02-0.02633933j,  1.21804733e-05-0.00233267j],
          [-2.22872919e-01-0.01690447j,  9.37415224e-01-0.05797781j,
            2.30244719e-01-0.11838333j,  1.45659551e-02-0.02633933j],
          [ 2.52270399e-02+0.01641718j, -2.43520785e-01-0.08789125j,
            9.37415224e-01-0.05797781j,  1.64213919e-01-0.15163076j],
          [-1.45318494e-03-0.00182476j,  2.52270399e-02+0.01641718j,
           -2.22872919e-01-0.01690447j,  8.01463222e-01-0.55388377j]],
         input_dims=(2, 2), output_dims=(2, 2))"
"Operator([[ 0.80146322-5.53883774e-01j,  0.20359888-9.22257871e-02j,
            0.02741928-1.24141269e-02j,  0.00191889-1.32640542e-03j],
          [-0.21686282+5.41166896e-02j,  0.93741522-5.79778138e-02j,
            0.25580594-3.98819166e-02j,  0.02741928-1.24141269e-02j],
          [ 0.03003781-1.91246025e-03j, -0.25880791-6.76078484e-03j,
            0.93741522-5.79778138e-02j,  0.20359888-9.22257871e-02j],
          [-0.00232815+1.45659046e-04j,  0.03003781-1.91246025e-03j,
           -0.21686282+5.41166896e-02j,  0.80146322-5.53883774e-01j]],
         input_dims=(2, 2), output_dims=(2, 2))"
"Operator([[ 8.01463222e-01-0.55388377j,  2.20571087e-01+0.03614546j,
            2.20151936e-02+0.02052458j,  9.34855813e-04+0.00213718j],
          [-1.50462992e-01+0.16528456j,  9.37415224e-01-0.05797781j,
            2.34992709e-01+0.10865391j,  2.20151936e-02+0.02052458j],
          [ 9.80168874e-03-0.02845794j, -2.19125413e-01+0.13788146j,
            9.37415224e-01-0.05797781j,  2.20571087e-01+0.03614546j],
          [ 5.88311198e-04+0.0022573j ,  9.80168874e-03-0.02845794j,
           -1.50462992e-01+0.16528456j,  8.01463222e-01-0.55388377j]],
         input_dims=(2, 2), output_dims=(2, 2))"
"Operator([[ 8.01463222e-01-0.55388377j,  7.34711723e-02+0.2110926j ,
           -2.92044575e-02+0.00728196j, -7.63947885e-04-0.00220406j],
          [ 7.34711723e-02+0.2110926j ,  9.37415224e-01-0.05797781j,
            1.66284488e-02+0.25836164j, -2.92044575e-02+0.00728196j],
          [-2.92044575e-02+0.00728196j,  1.66284488e-02+0.25836164j,
            9.37415224e-01-0.05797781j,  7.34711723e-02+0.2110926j ],
          [-7.63947885e-04-0.00220406j, -2.92044575e-02+0.00728196j,
            7.34711723e-02+0.2110926j ,  8.01463222e-01-0.55388377j]],
         input_dims=(2, 2), output_dims=(2, 2))"
"Operator([[ 8.01463222e-01-0.55388377j, -1.69013404e-01+0.14626198j,
            1.62318608e-02-0.02534668j, -2.37249495e-04+0.00232061j],
          [ 2.23301812e-01+0.00971594j,  9.37415224e-01-0.05797781j,
           -2.33938882e-01+0.11090466j,  1.62318608e-02-0.02534668j],
          [ 2.62318746e-02+0.01475859j,  2.46225769e-01+0.08000072j,
            9.37415224e-01-0.05797781j, -1.69013404e-01+0.14626198j],
          [ 1.62250913e-03+0.001676j  ,  2.62318746e-02+0.01475859j,
            2.23301812e-01+0.00971594j,  8.01463222e-01-0.55388377j]],
         input_dims=(2, 2), output_dims=(2, 2))"
