unitary
"Operator([[ 0.36987224-0.83919507j,  0.22909293+0.31027511j,
           -0.08958706+0.04413662j, -0.00866545-0.01195714j],
          [ 0.22909293+0.31027511j,  0.79549348-0.07168081j,
            0.04897584+0.44824686j, -0.08958706+0.04413662j],
          [-0.08958706+0.04413662j,  0.04897584+0.44824686j,
            0.79549348-0.07168081j,  0.22909293+0.31027511j],
          [-0.00866545-0.01195714j, -0.08958706+0.04413662j,
            0.22909293+0.31027511j,  0.36987224-0.83919507j]],
         input_dims=(2, 2), output_dims=(2, 2))"
"Operator([[ 0.36987224-0.83919507j,  0.14743767+0.35639354j,
           -0.09982517-0.00296944j,  0.00153499-0.01468697j],
          [ 0.29720401+0.24581293j,  0.79549348-0.07168081j,
           -0.06065379+0.44681651j, -0.09982517-0.00296944j],
          [-0.05847619+0.08095936j,  0.15570997+0.42317642j,
            0.79549348-0.07168081j,  0.14743767+0.35639354j],
          [-0.01443504-0.00311335j, -0.05847619+0.08095936j,
            0.29720401+0.24581293j,  0.36987224-0.83919507j]],
         input_dims=(2, 2), output_dims=(2, 2))"
"Operator([[ 0.36987224-0.83919507j,  0.36556118+0.12296033j,
            0.01072557+0.09929171j, -0.00932575+0.01144962j],
          [ 0.00990653+0.38555944j,  0.79549348-0.07168081j,
            0.29703681+0.3392536j ,  0.01072557+0.09929171j],
          [-0.07219104-0.06900968j, -0.21676875+0.39539245j,
            0.79549348-0.07168081j,  0.36556118+0.12296033j],
          [ 0.01378381-0.00529809j, -0.07219104-0.06900968j,
            0.00990653+0.38555944j,  0.36987224-0.83919507j]],
         input_dims=(2, 2), output_dims=(2, 2))"
"Operator([[ 0.36987224-0.83919507j,  0.22909293+0.31027511j,
           -0.08958706+0.04413662j, -0.00866545-0.01195714j],
          [ 0.22909293+0.31027511j,  0.79549348-0.07168081j,
            0.04897584+0.44824686j, -0.08958706+0.04413662j],
          [-0.08958706+0.04413662j,  0.04897584+0.44824686j,
            0.79549348-0.07168081j,  0.22909293+0.31027511j],
          [-0.00866545-0.01195714j, -0.08958706+0.04413662j,
            0.22909293+0.31027511j,  0.36987224-0.83919507j]],
         input_dims=(2, 2), output_dims=(2, 2))"
"Operator([[ 0.36987224-0.83919507j,  0.05354203+0.38195218j,
           -0.08587863-0.05097786j,  0.01122069-0.00959997j],
          [ 0.34926926+0.16360074j,  0.79549348-0.07168081j,
           -0.17055813+0.41741322j, -0.08587863-0.05097786j],
          [-0.01191242+0.09915632j,  0.25667175+0.37073372j,
            0.79549348-0.07168081j,  0.05354203+0.38195218j],
          [-0.01261597+0.00767467j, -0.01191242+0.09915632j,
            0.34926926+0.16360074j,  0.36987224-0.83919507j]],
         input_dims=(2, 2), output_dims=(2, 2))"
"Operator([[ 3.69872239e-01-0.83919507j, -3.58705981e-01-0.14171887j,
            4.02133307e-04+0.09986851j,  1.09851458e-02-0.00986863j],
          [-2.98518574e-02-0.38452969j,  7.95493485e-01-0.07168081j,
           -2.79076995e-01-0.35417497j,  4.02133307e-04+0.09986851j],
          [-7.89391816e-02-0.06117587j,  1.96010500e-01-0.40608344j,
            7.95493485e-01-0.07168081j, -3.58705981e-01-0.14171887j],
          [-1.27979560e-02+0.0073672j , -7.89391816e-02-0.06117587j,
           -2.98518574e-02-0.38452969j,  3.69872239e-01-0.83919507j]],
         input_dims=(2, 2), output_dims=(2, 2))"
