unitary
"Operator([[ 0.36987224-0.83919507j,  0.32188619-0.21247j   ,
            0.09372492-0.03448942j,  0.01316989-0.00667961j],
          [-0.29780648+0.24508268j,  0.79549348-0.07168081j,
            0.4502013 -0.02535079j,  0.09372492-0.03448942j],
          [ 0.08445944-0.0532962j , -0.44505351+0.07246553j,
            0.79549348-0.07168081j,  0.32188619-0.21247j   ],
          [-0.01044751+0.01043613j,  0.08445944-0.0532962j ,
           -0.29780648+0.24508268j,  0.36987224-0.83919507j]],
         input_dims=(2, 2), output_dims=(2, 2))"
"Operator([[ 0.36987224-0.83919507j,  0.22909293+0.31027511j,
           -0.08958706+0.04413662j, -0.00866545-0.01195714j],
          [ 0.22909293+0.31027511j,  0.79549348-0.07168081j,
            0.04897584+0.44824686j, -0.08958706+0.04413662j],
          [-0.08958706+0.04413662j,  0.04897584+0.44824686j,
            0.79549348-0.07168081j,  0.22909293+0.31027511j],
          [-0.00866545-0.01195714j, -0.08958706+0.04413662j,
            0.22909293+0.31027511j,  0.36987224-0.83919507j]],
         input_dims=(2, 2), output_dims=(2, 2))"
"Operator([[ 0.36987224-0.83919507j,  0.38519589-0.01945106j,
            0.07551921+0.06535083j,  0.00630662+0.01335252j],
          [-0.13197498+0.36240423j,  0.79549348-0.07168081j,
            0.40063902+0.20691121j,  0.07551921+0.06535083j],
          [-0.00579642-0.09970097j, -0.34650507+0.28854482j,
            0.79549348-0.07168081j,  0.38519589-0.01945106j],
          [ 0.0107258 +0.0101499j , -0.00579642-0.09970097j,
           -0.13197498+0.36240423j,  0.36987224-0.83919507j]],
         input_dims=(2, 2), output_dims=(2, 2))"
"Operator([[ 0.36987224-0.83919507j,  0.22909293+0.31027511j,
           -0.08958706+0.04413662j, -0.00866545-0.01195714j],
          [ 0.22909293+0.31027511j,  0.79549348-0.07168081j,
            0.04897584+0.44824686j, -0.08958706+0.04413662j],
          [-0.08958706+0.04413662j,  0.04897584+0.44824686j,
            0.79549348-0.07168081j,  0.22909293+0.31027511j],
          [-0.00866545-0.01195714j, -0.08958706+0.04413662j,
            0.22909293+0.31027511j,  0.36987224-0.83919507j]],
         input_dims=(2, 2), output_dims=(2, 2))"
"Operator([[ 0.36987224-0.83919507j,  0.22909293+0.31027511j,
           -0.08958706+0.04413662j, -0.00866545-0.01195714j],
          [ 0.22909293+0.31027511j,  0.79549348-0.07168081j,
            0.04897584+0.44824686j, -0.08958706+0.04413662j],
          [-0.08958706+0.04413662j,  0.04897584+0.44824686j,
            0.79549348-0.07168081j,  0.22909293+0.31027511j],
          [-0.00866545-0.01195714j, -0.08958706+0.04413662j,
            0.22909293+0.31027511j,  0.36987224-0.83919507j]],
         input_dims=(2, 2), output_dims=(2, 2))"
"Operator([[ 0.36987224-0.83919507j, -0.1137438 -0.36853299j,
           -0.09755888-0.0213576j , -0.00551587+0.01369812j],
          [-0.3187237 -0.21718522j,  0.79549348-0.07168081j,
            0.10183793-0.43926406j, -0.09755888-0.0213576j ],
          [-0.04251549+0.09036767j, -0.19429151-0.4069087j ,
            0.79549348-0.07168081j, -0.1137438 -0.36853299j],
          [ 0.01473457-0.00097756j, -0.04251549+0.09036767j,
           -0.3187237 -0.21718522j,  0.36987224-0.83919507j]],
         input_dims=(2, 2), output_dims=(2, 2))"
"Operator([[ 0.36987224-0.83919507j,  0.09695398+0.37330168j,
           -0.09522893-0.03008874j,  0.00731924-0.01282544j],
          [ 0.32822334+0.20254298j,  0.79549348-0.07168081j,
           -0.12160705+0.43420686j, -0.09522893-0.03008874j],
          [-0.0341729 +0.0938408j ,  0.21250212+0.39770181j,
            0.79549348-0.07168081j,  0.09695398+0.37330168j],
          [-0.01446665+0.00296299j, -0.0341729 +0.0938408j ,
            0.32822334+0.20254298j,  0.36987224-0.83919507j]],
         input_dims=(2, 2), output_dims=(2, 2))"
"Operator([[ 0.36987224-0.83919507j, -0.04918521+0.38253762j,
           -0.04794996-0.08760527j,  0.01470215+0.00138205j],
          [ 0.38006741+0.06559715j,  0.79549348-0.07168081j,
           -0.27469712+0.35758268j, -0.04794996-0.08760527j],
          [ 0.04024155+0.09140295j,  0.34543362+0.28982665j,
            0.79549348-0.07168081j, -0.04918521+0.38253762j],
          [-0.00326341+0.01440185j,  0.04024155+0.09140295j,
            0.38006741+0.06559715j,  0.36987224-0.83919507j]],
         input_dims=(2, 2), output_dims=(2, 2))"
