unitary
"Operator([[ 9.85214685e-01-1.59807648e-01j,
           -6.16507754e-02+2.80255549e-03j,
            2.20510151e-03+4.91886418e-05j,
           -4.54608218e-05-1.92754270e-06j],
          [ 6.11677348e-02-8.19638005e-03j,
            9.95385996e-01-1.76857145e-02j,
           -7.12526724e-02-1.85849684e-03j,
            2.20510151e-03+4.91886418e-05j],
          [ 2.17979948e-03-3.36699305e-04j,
            7.11412757e-02-4.39502287e-03j,
            9.95385996e-01-1.76857145e-02j,
           -6.16507754e-02+2.80255549e-03j],
          [ 4.43954253e-05-9.97235973e-06j,
            2.17979948e-03-3.36699305e-04j,
            6.11677348e-02-8.19638005e-03j,
            9.85214685e-01-1.59807648e-01j]],
         input_dims=(2, 2), output_dims=(2, 2))"
"Operator([[ 9.85214685e-01-1.59807648e-01j,
           -6.07827133e-02+1.06833604e-02j,
            2.14512158e-03-5.13172111e-04j,
           -4.28465774e-05+1.53157614e-05j],
          [ 6.17137765e-02-2.86736795e-04j,
            9.95385996e-01-1.76857145e-02j,
           -7.09029423e-02+7.29178286e-03j,
            2.14512158e-03-5.13172111e-04j],
          [ 2.19376350e-03+2.28678635e-04j,
            7.11176600e-02+4.76190741e-03j,
            9.95385996e-01-1.76857145e-02j,
           -6.07827133e-02+1.06833604e-02j],
          [ 4.48857862e-05+7.46109532e-06j,
            2.19376350e-03+2.28678635e-04j,
            6.17137765e-02-2.86736795e-04j,
            9.85214685e-01-1.59807648e-01j]],
         input_dims=(2, 2), output_dims=(2, 2))"
"Operator([[ 9.85214685e-01-1.59807648e-01j,
           -5.91897099e-02+1.74714242e-02j,
            1.97550186e-03-9.80961056e-04j,
           -3.53114792e-05+2.86967102e-05j],
          [ 6.13522501e-02+6.67636370e-03j,
            9.95385996e-01-1.76857145e-02j,
           -6.96279171e-02+1.52430471e-02j,
            1.97550186e-03-9.80961056e-04j],
          [ 2.08667768e-03+7.14610701e-04j,
            7.01266326e-02+1.27535379e-02j,
            9.95385996e-01-1.76857145e-02j,
           -5.91897099e-02+1.74714242e-02j],
          [ 3.98474604e-05+2.19677410e-05j,
            2.08667768e-03+7.14610701e-04j,
            6.13522501e-02+6.67636370e-03j,
            9.85214685e-01-1.59807648e-01j]],
         input_dims=(2, 2), output_dims=(2, 2))"
"Operator([[ 9.85214685e-01-1.59807648e-01j,
           -5.72249608e-02+2.31079269e-02j,
            1.74997471e-03-1.34256497e-03j,
           -2.56206651e-05+3.76029688e-05j],
          [ 6.04202796e-02+1.25722803e-02j,
            9.95385996e-01-1.76857145e-02j,
           -6.78296230e-02+2.18983921e-02j,
            1.74997471e-03-1.34256497e-03j],
          [ 1.91029794e-03+1.10256699e-03j,
            6.85665133e-02+1.94687077e-02j,
            9.95385996e-01-1.76857145e-02j,
           -5.72249608e-02+2.31079269e-02j],
          [ 3.18928371e-05+3.24537931e-05j,
            1.91029794e-03+1.10256699e-03j,
            6.04202796e-02+1.25722803e-02j,
            9.85214685e-01-1.59807648e-01j]],
         input_dims=(2, 2), output_dims=(2, 2))"
"Operator([[ 9.85214685e-01-1.59807648e-01j,
           -5.52105021e-02+2.75766728e-02j,
            1.51549737e-03-1.60254795e-03j,
           -1.60185296e-05+4.25888301e-05j],
          [ 5.92318992e-02+1.73278545e-02j,
            9.95385996e-01-1.76857145e-02j,
           -6.58777077e-02+2.72125881e-02j,
            1.51549737e-03-1.60254795e-03j],
          [ 1.71177546e-03+1.39094103e-03j,
            6.68051046e-02+2.48490508e-02j,
            9.95385996e-01-1.76857145e-02j,
           -5.52105021e-02+2.75766728e-02j],
          [ 2.33290789e-05+3.90660443e-05j,
            1.71177546e-03+1.39094103e-03j,
            5.92318992e-02+1.73278545e-02j,
            9.85214685e-01-1.59807648e-01j]],
         input_dims=(2, 2), output_dims=(2, 2))"
"Operator([[ 9.85214685e-01-1.59807648e-01j,
           -5.33927180e-02+3.09497994e-02j,
            1.30530421e-03-1.77794069e-03j,
           -7.85308428e-06+4.48188667e-05j],
          [ 5.80423901e-02+2.09702974e-02j,
            9.95385996e-01-1.76857145e-02j,
           -6.40619574e-02+3.12484071e-02j,
            1.30530421e-03-1.77794069e-03j],
          [ 1.52628386e-03+1.59227817e-03j,
            6.51342442e-02+2.89469784e-02j,
            9.95385996e-01-1.76857145e-02j,
           -5.33927180e-02+3.09497994e-02j],
          [ 1.56896290e-05+4.27110909e-05j,
            1.52628386e-03+1.59227817e-03j,
            5.80423901e-02+2.09702974e-02j,
            9.85214685e-01-1.59807648e-01j]],
         input_dims=(2, 2), output_dims=(2, 2))"
"Operator([[ 9.85214685e-01-1.59807648e-01j,
           -5.20175424e-02+3.32091510e-02j,
            1.14828846e-03-1.88316909e-03j,
           -2.04114807e-06+4.54558627e-05j],
          [ 5.70905468e-02+2.34380437e-02j,
            9.95385996e-01-1.76857145e-02j,
           -6.26641883e-02+3.39646410e-02j,
            1.14828846e-03-1.88316909e-03j],
          [ 1.38435264e-03+1.71710802e-03j,
            6.38341022e-02+3.17112713e-02j,
            9.95385996e-01-1.76857145e-02j,
           -5.20175424e-02+3.32091510e-02j],
          [ 1.00832774e-05+4.43703646e-05j,
            1.38435264e-03+1.71710802e-03j,
            5.70905468e-02+2.34380437e-02j,
            9.85214685e-01-1.59807648e-01j]],
         input_dims=(2, 2), output_dims=(2, 2))"
"Operator([[ 9.85214685e-01-1.59807648e-01j,
            5.50476864e-03+6.14684467e-02j,
           -2.20092402e-03+1.44310927e-04j,
           -4.05752853e-06-4.53203950e-05j],
          [ 5.50476864e-03+6.14684467e-02j,
            9.95385996e-01-1.76857145e-02j,
            1.26948548e-03+7.12656000e-02j,
           -2.20092402e-03+1.44310927e-04j],
          [-2.20092402e-03+1.44310927e-04j,
            1.26948548e-03+7.12656000e-02j,
            9.95385996e-01-1.76857145e-02j,
            5.50476864e-03+6.14684467e-02j],
          [-4.05752853e-06-4.53203950e-05j,
           -2.20092402e-03+1.44310927e-04j,
            5.50476864e-03+6.14684467e-02j,
            9.85214685e-01-1.59807648e-01j]],
         input_dims=(2, 2), output_dims=(2, 2))"
"Operator([[ 9.85214685e-01-1.59807648e-01j,
           -5.08765214e-02+3.49321055e-02j,
            1.01968599e-03-1.95579464e-03j,
            2.52797239e-06+4.54313889e-05j],
          [ 5.62738231e-02+2.53363229e-02j,
            9.95385996e-01-1.76857145e-02j,
           -6.14919043e-02+3.60436268e-02j,
            1.01968599e-03-1.95579464e-03j],
          [ 1.26633432e-03+1.80590409e-03j,
            6.27366062e-02+3.38306897e-02j,
            9.95385996e-01-1.76857145e-02j,
           -5.08765214e-02+3.49321055e-02j],
          [ 5.58247554e-06+4.51579197e-05j,
            1.26633432e-03+1.80590409e-03j,
            5.62738231e-02+2.53363229e-02j,
            9.85214685e-01-1.59807648e-01j]],
         input_dims=(2, 2), output_dims=(2, 2))"
"Operator([[ 9.85214685e-01-1.59807648e-01j,
            5.50476864e-03+6.14684467e-02j,
           -2.20092402e-03+1.44310927e-04j,
           -4.05752853e-06-4.53203950e-05j],
          [ 5.50476864e-03+6.14684467e-02j,
            9.95385996e-01-1.76857145e-02j,
            1.26948548e-03+7.12656000e-02j,
           -2.20092402e-03+1.44310927e-04j],
          [-2.20092402e-03+1.44310927e-04j,
            1.26948548e-03+7.12656000e-02j,
            9.95385996e-01-1.76857145e-02j,
            5.50476864e-03+6.14684467e-02j],
          [-4.05752853e-06-4.53203950e-05j,
           -2.20092402e-03+1.44310927e-04j,
            5.50476864e-03+6.14684467e-02j,
            9.85214685e-01-1.59807648e-01j]],
         input_dims=(2, 2), output_dims=(2, 2))"
"Operator([[ 9.85214685e-01-1.59807648e-01j,
            5.50476864e-03+6.14684467e-02j,
           -2.20092402e-03+1.44310927e-04j,
           -4.05752853e-06-4.53203950e-05j],
          [ 5.50476864e-03+6.14684467e-02j,
            9.95385996e-01-1.76857145e-02j,
            1.26948548e-03+7.12656000e-02j,
           -2.20092402e-03+1.44310927e-04j],
          [-2.20092402e-03+1.44310927e-04j,
            1.26948548e-03+7.12656000e-02j,
            9.95385996e-01-1.76857145e-02j,
            5.50476864e-03+6.14684467e-02j],
          [-4.05752853e-06-4.53203950e-05j,
           -2.20092402e-03+1.44310927e-04j,
            5.50476864e-03+6.14684467e-02j,
            9.85214685e-01-1.59807648e-01j]],
         input_dims=(2, 2), output_dims=(2, 2))"
"Operator([[ 9.85214685e-01-1.59807648e-01j,
           -5.37603029e-02+3.03068022e-02j,
            1.34759944e-03-1.74610078e-03j,
           -9.46130471e-06+4.45071394e-05j],
          [ 5.82898757e-02+2.02722179e-02j,
            9.95385996e-01-1.76857145e-02j,
           -6.44323575e-02+3.04773464e-02j,
            1.34759944e-03-1.74610078e-03j],
          [ 1.56405946e-03+1.55518815e-03j,
            6.54769476e-02+2.81632148e-02j,
            9.95385996e-01-1.76857145e-02j,
           -5.37603029e-02+3.03068022e-02j],
          [ 1.72168988e-05+4.21186436e-05j,
            1.56405946e-03+1.55518815e-03j,
            5.82898757e-02+2.02722179e-02j,
            9.85214685e-01-1.59807648e-01j]],
         input_dims=(2, 2), output_dims=(2, 2))"
"Operator([[ 9.85214685e-01-1.59807648e-01j,
            5.50476864e-03+6.14684467e-02j,
           -2.20092402e-03+1.44310927e-04j,
           -4.05752853e-06-4.53203950e-05j],
          [ 5.50476864e-03+6.14684467e-02j,
            9.95385996e-01-1.76857145e-02j,
            1.26948548e-03+7.12656000e-02j,
           -2.20092402e-03+1.44310927e-04j],
          [-2.20092402e-03+1.44310927e-04j,
            1.26948548e-03+7.12656000e-02j,
            9.95385996e-01-1.76857145e-02j,
            5.50476864e-03+6.14684467e-02j],
          [-4.05752853e-06-4.53203950e-05j,
           -2.20092402e-03+1.44310927e-04j,
            5.50476864e-03+6.14684467e-02j,
            9.85214685e-01-1.59807648e-01j]],
         input_dims=(2, 2), output_dims=(2, 2))"
"Operator([[ 9.85214685e-01-1.59807648e-01j,
           -5.73937151e-02+2.26855436e-02j,
            1.76957383e-03-1.31662472e-03j,
           -2.64457593e-05+3.70273353e-05j],
          [ 6.05112980e-02+1.21266333e-02j,
            9.95385996e-01-1.76857145e-02j,
           -6.79891748e-02+2.13978839e-02j,
            1.76957383e-03-1.31662472e-03j],
          [ 1.92634211e-03+1.07428966e-03j,
            6.87081381e-02+1.89628346e-02j,
            9.95385996e-01-1.76857145e-02j,
           -5.73937151e-02+2.26855436e-02j],
          [ 3.26025560e-05+3.17407480e-05j,
            1.92634211e-03+1.07428966e-03j,
            6.05112980e-02+1.21266333e-02j,
            9.85214685e-01-1.59807648e-01j]],
         input_dims=(2, 2), output_dims=(2, 2))"
