unitary
"Operator([[ 2.12673044e-01-0.87021537j, -2.85514737e-02+0.42429378j,
           -6.06993659e-02-0.1118092j ,  2.15406803e-02+0.00229867j],
          [ 4.24885295e-01+0.01768852j,  7.41052720e-01-0.0656797j ,
           -3.13971342e-01+0.38848801j, -6.06993659e-02-0.1118092j ],
          [ 6.63383046e-02+0.10855846j,  3.96392395e-01+0.30393092j,
            7.41052720e-01-0.0656797j , -2.85514737e-02+0.42429378j],
          [-6.40290441e-04+0.02165352j,  6.63383046e-02+0.10855846j,
            4.24885295e-01+0.01768852j,  2.12673044e-01-0.87021537j]],
         input_dims=(2, 2), output_dims=(2, 2))"
"Operator([[ 0.21267304-0.87021537j,  0.37149997+0.20694969j,
           -0.04775133+0.11792167j, -0.02144707+0.00305087j],
          [ 0.16538741+0.39177468j,  0.74105272-0.0656797j ,
            0.21727536+0.44976922j, -0.04775133+0.11792167j],
          [-0.12597574-0.01777139j, -0.10562498+0.48820518j,
            0.74105272-0.0656797j ,  0.37149997+0.20694969j],
          [ 0.00592785-0.02083616j, -0.12597574-0.01777139j,
            0.16538741+0.39177468j,  0.21267304-0.87021537j]],
         input_dims=(2, 2), output_dims=(2, 2))"
"Operator([[ 0.21267304-0.87021537j,  0.28390506+0.31660435j,
           -0.1102199 +0.06353963j, -0.01424286-0.01632255j],
          [ 0.28390506+0.31660435j,  0.74105272-0.0656797j ,
            0.05904052+0.49599915j, -0.1102199 +0.06353963j],
          [-0.1102199 +0.06353963j,  0.05904052+0.49599915j,
            0.74105272-0.0656797j ,  0.28390506+0.31660435j],
          [-0.01424286-0.01632255j, -0.1102199 +0.06353963j,
            0.28390506+0.31660435j,  0.21267304-0.87021537j]],
         input_dims=(2, 2), output_dims=(2, 2))"
"Operator([[ 0.21267304-0.87021537j,  0.288281  +0.31262512j,
           -0.10840998+0.06658067j, -0.01491134-0.01571422j],
          [ 0.2794742 +0.32052234j,  0.74105272-0.0656797j ,
            0.06593327+0.49513002j, -0.10840998+0.06658067j],
          [-0.11194453+0.06044942j,  0.05213635+0.49677232j,
            0.74105272-0.0656797j ,  0.288281  +0.31262512j],
          [-0.01354959-0.01690247j, -0.11194453+0.06044942j,
            0.2794742 +0.32052234j,  0.21267304-0.87021537j]],
         input_dims=(2, 2), output_dims=(2, 2))"
"Operator([[ 0.21267304-0.87021537j, -0.13331485+0.40381623j,
            0.0007632 -0.12722078j,  0.0141115 +0.01643625j],
          [ 0.41590437-0.08867894j,  0.74105272-0.0656797j ,
           -0.40082581+0.29805973j,  0.0007632 -0.12722078j],
          [ 0.11047578+0.06309367j,  0.45959275+0.19564109j,
            0.74105272-0.0656797j , -0.13331485+0.40381623j],
          [ 0.0143733 +0.01620781j,  0.11047578+0.06309367j,
            0.41590437-0.08867894j,  0.21267304-0.87021537j]],
         input_dims=(2, 2), output_dims=(2, 2))"
"Operator([[ 0.21267304-0.87021537j, -0.24986276-0.34410609j,
           -0.12088285+0.03966166j,  0.0086071 +0.01987971j],
          [-0.31494061-0.28574955j,  0.74105272-0.0656797j ,
           -0.0077517 -0.49944053j, -0.12088285+0.03966166j],
          [-0.09490009+0.08473301j, -0.10970406-0.48730479j,
            0.74105272-0.0656797j , -0.24986276-0.34410609j],
          [ 0.01853062+0.01122056j, -0.09490009+0.08473301j,
           -0.31494061-0.28574955j,  0.21267304-0.87021537j]],
         input_dims=(2, 2), output_dims=(2, 2))"
"Operator([[ 0.21267304-0.87021537j,  0.28390506+0.31660435j,
           -0.1102199 +0.06353963j, -0.01424286-0.01632255j],
          [ 0.28390506+0.31660435j,  0.74105272-0.0656797j ,
            0.05904052+0.49599915j, -0.1102199 +0.06353963j],
          [-0.1102199 +0.06353963j,  0.05904052+0.49599915j,
            0.74105272-0.0656797j ,  0.28390506+0.31660435j],
          [-0.01424286-0.01632255j, -0.1102199 +0.06353963j,
            0.28390506+0.31660435j,  0.21267304-0.87021537j]],
         input_dims=(2, 2), output_dims=(2, 2))"
