unitary
"Operator([[ 0.62259735-0.7185402j ,  0.13873702+0.27091713j,
           -0.05480338+0.01960301j, -0.00289008-0.00569463j],
          [ 0.13873702+0.27091713j,  0.87971529-0.07024829j,
            0.03074665+0.35240473j, -0.05480338+0.01960301j],
          [-0.05480338+0.01960301j,  0.03074665+0.35240473j,
            0.87971529-0.07024829j,  0.13873702+0.27091713j],
          [-0.00289008-0.00569463j, -0.05480338+0.01960301j,
            0.13873702+0.27091713j,  0.62259735-0.7185402j ]],
         input_dims=(2, 2), output_dims=(2, 2))"
"Operator([[ 0.62259735-0.7185402j ,  0.13873702+0.27091713j,
           -0.05480338+0.01960301j, -0.00289008-0.00569463j],
          [ 0.13873702+0.27091713j,  0.87971529-0.07024829j,
            0.03074665+0.35240473j, -0.05480338+0.01960301j],
          [-0.05480338+0.01960301j,  0.03074665+0.35240473j,
            0.87971529-0.07024829j,  0.13873702+0.27091713j],
          [-0.00289008-0.00569463j, -0.05480338+0.01960301j,
            0.13873702+0.27091713j,  0.62259735-0.7185402j ]],
         input_dims=(2, 2), output_dims=(2, 2))"
"Operator([[ 6.22597347e-01-0.7185402j , -1.29736159e-01+0.27534084j,
           -5.06245433e-03-0.05798328j,  4.88264988e-03+0.00411596j],
          [ 2.99242332e-01+0.05566038j,  8.79715286e-01-0.07024829j,
           -2.60221409e-01+0.23962319j, -5.06245433e-03-0.05798328j],
          [ 3.28616189e-02+0.0480396j ,  2.97787060e-01+0.190938j  ,
            8.79715286e-01-0.07024829j, -1.29736159e-01+0.27534084j],
          [ 4.39520771e-04+0.00637089j,  3.28616189e-02+0.0480396j ,
            2.99242332e-01+0.05566038j,  6.22597347e-01-0.7185402j ]],
         input_dims=(2, 2), output_dims=(2, 2))"
"Operator([[ 0.62259735-0.7185402j ,  0.13873702+0.27091713j,
           -0.05480338+0.01960301j, -0.00289008-0.00569463j],
          [ 0.13873702+0.27091713j,  0.87971529-0.07024829j,
            0.03074665+0.35240473j, -0.05480338+0.01960301j],
          [-0.05480338+0.01960301j,  0.03074665+0.35240473j,
            0.87971529-0.07024829j,  0.13873702+0.27091713j],
          [-0.00289008-0.00569463j, -0.05480338+0.01960301j,
            0.13873702+0.27091713j,  0.62259735-0.7185402j ]],
         input_dims=(2, 2), output_dims=(2, 2))"
"Operator([[ 6.22597347e-01-0.7185402j ,  3.00256635e-01+0.04989995j,
            3.46832419e-02+0.04674143j,  8.05873508e-04+0.00633498j],
          [-1.35003080e-01+0.27279703j,  8.79715286e-01-0.07024829j,
            3.01401090e-01+0.18518055j,  3.46832419e-02+0.04674143j],
          [-2.83074524e-03-0.05813498j, -2.64777896e-01+0.2345786j ,
            8.79715286e-01-0.07024829j,  3.00256635e-01+0.04989995j],
          [ 4.63738152e-03+0.00439045j, -2.83074524e-03-0.05813498j,
           -1.35003080e-01+0.27279703j,  6.22597347e-01-0.7185402j ]],
         input_dims=(2, 2), output_dims=(2, 2))"
"Operator([[ 0.62259735-0.7185402j ,  0.07864592-0.29403889j,
           -0.02505683-0.05253422j, -0.0063009 -0.00103923j],
          [-0.28455318-0.10804415j,  0.87971529-0.07024829j,
            0.21340544-0.28212156j, -0.02505683-0.05253422j],
          [ 0.01394728+0.05650807j, -0.25903823-0.24090174j,
            0.87971529-0.07024829j,  0.07864592-0.29403889j],
          [ 0.0028811 -0.00569918j,  0.01394728+0.05650807j,
           -0.28455318-0.10804415j,  0.62259735-0.7185402j ]],
         input_dims=(2, 2), output_dims=(2, 2))"
"Operator([[ 0.62259735-0.7185402j , -0.07771026+0.29428756j,
           -0.02539051-0.05237376j,  0.00631053+0.00097906j],
          [ 0.28420808+0.10894869j,  0.87971529-0.07024829j,
           -0.21250701+0.28279892j, -0.02539051-0.05237376j],
          [ 0.01358753+0.05659565j,  0.25827068+0.24172445j,
            0.87971529-0.07024829j, -0.07771026+0.29428756j],
          [-0.00293535+0.00567143j,  0.01358753+0.05659565j,
            0.28420808+0.10894869j,  0.62259735-0.7185402j ]],
         input_dims=(2, 2), output_dims=(2, 2))"
"Operator([[ 0.62259735-0.7185402j ,  0.15536534+0.26173587j,
           -0.05193623+0.02627389j, -0.00389964-0.00505709j],
          [ 0.12156841+0.27904332j,  0.87971529-0.07024829j,
            0.05266803+0.3498007j , -0.05193623+0.02627389j],
          [-0.05681766+0.01262706j,  0.00870552+0.35363635j,
            0.87971529-0.07024829j,  0.15536534+0.26173587j],
          [-0.00177948-0.00613309j, -0.05681766+0.01262706j,
            0.12156841+0.27904332j,  0.62259735-0.7185402j ]],
         input_dims=(2, 2), output_dims=(2, 2))"
