unitary
"Operator([[ 9.20523801e-01-0.36357189j,  2.95292899e-02+0.13941656j,
           -1.17829369e-02+0.00181407j, -1.18990440e-04-0.00056265j],
          [ 2.95292899e-02+0.13941656j,  9.75113011e-01-0.03950844j,
            6.76696943e-03+0.16461113j, -1.17829369e-02+0.00181407j],
          [-1.17829369e-02+0.00181407j,  6.76696943e-03+0.16461113j,
            9.75113011e-01-0.03950844j,  2.95292899e-02+0.13941656j],
          [-1.18990440e-04-0.00056265j, -1.17829369e-02+0.00181407j,
            2.95292899e-02+0.13941656j,  9.20523801e-01-0.36357189j]],
         input_dims=(2, 2), output_dims=(2, 2))"
"Operator([[ 9.20523801e-01-0.36357189j,  2.95292899e-02+0.13941656j,
           -1.17829369e-02+0.00181407j, -1.18990440e-04-0.00056265j],
          [ 2.95292899e-02+0.13941656j,  9.75113011e-01-0.03950844j,
            6.76696943e-03+0.16461113j, -1.17829369e-02+0.00181407j],
          [-1.17829369e-02+0.00181407j,  6.76696943e-03+0.16461113j,
            9.75113011e-01-0.03950844j,  2.95292899e-02+0.13941656j],
          [-1.18990440e-04-0.00056265j, -1.17829369e-02+0.00181407j,
            2.95292899e-02+0.13941656j,  9.20523801e-01-0.36357189j]],
         input_dims=(2, 2), output_dims=(2, 2))"
"Operator([[ 9.20523801e-01-3.63571888e-01j,
            7.17955431e-02-1.23103026e-01j,
           -2.95109230e-03-1.15507356e-02j,
           -5.22523132e-04-2.40219722e-04j],
          [-1.15539319e-01-8.34243416e-02j,
            9.75113011e-01-3.95084415e-02j,
            1.05582289e-01-1.26471321e-01j,
           -2.95109230e-03-1.15507356e-02j],
          [ 6.59850808e-04+1.19034883e-02j,
           -1.15606668e-01-1.17378503e-01j,
            9.75113011e-01-3.95084415e-02j,
            7.17955431e-02-1.23103026e-01j],
          [ 3.80530578e-04-4.31198814e-04j,
            6.59850808e-04+1.19034883e-02j,
           -1.15539319e-01-8.34243416e-02j,
            9.20523801e-01-3.63571888e-01j]],
         input_dims=(2, 2), output_dims=(2, 2))"
"Operator([[ 9.20523801e-01-3.63571888e-01j,
            4.78898184e-02-1.34221907e-01j,
           -6.93354782e-03-9.69816231e-03j,
           -5.70616955e-04+7.16395738e-05j],
          [-9.81942759e-02-1.03280391e-01j,
            9.75113011e-01-3.95084415e-02j,
            8.04778759e-02-1.43756482e-01j,
           -6.93354782e-03-9.69816231e-03j],
          [-3.69541110e-03+1.13345655e-02j,
           -9.20057090e-02-1.36665885e-01j,
            9.75113011e-01-3.95084415e-02j,
            4.78898184e-02-1.34221907e-01j],
          [ 5.50764716e-04-1.65511829e-04j,
           -3.69541110e-03+1.13345655e-02j,
           -9.81942759e-02-1.03280391e-01j,
            9.20523801e-01-3.63571888e-01j]],
         input_dims=(2, 2), output_dims=(2, 2))"
"Operator([[ 9.20523801e-01-3.63571888e-01j,
            3.55097011e-02-1.38014550e-01j,
           -8.57252250e-03-8.28494391e-03j,
           -5.30243813e-04+2.22659912e-04j],
          [-8.84148862e-02-1.11766555e-01j,
            9.75113011e-01-3.95084415e-02j,
            6.70978591e-02-1.50467578e-01j,
           -8.57252250e-03-8.28494391e-03j],
          [-5.68356270e-03+1.04797687e-02j,
           -7.92216782e-02-1.44452554e-01j,
            9.75113011e-01-3.95084415e-02j,
            3.55097011e-02-1.38014550e-01j],
          [ 5.74989782e-04-1.10764725e-05j,
           -5.68356270e-03+1.04797687e-02j,
           -8.84148862e-02-1.11766555e-01j,
            9.20523801e-01-3.63571888e-01j]],
         input_dims=(2, 2), output_dims=(2, 2))"
"Operator([[ 9.20523801e-01-3.63571888e-01j,
            2.77247900e-02-1.39786591e-01j,
           -9.44525210e-03-7.27431442e-03j,
           -4.85517873e-04+3.08234218e-04j],
          [-8.20169044e-02-1.16542620e-01j,
            9.75113011e-01-3.95084415e-02j,
            5.85659713e-02-1.53989096e-01j,
           -9.44525210e-03-7.27431442e-03j],
          [-6.81985987e-03+9.77844307e-03j,
           -7.10076209e-02-1.48662478e-01j,
            9.75113011e-01-3.95084415e-02j,
            2.77247900e-02-1.39786591e-01j],
          [ 5.68738520e-04+8.52785655e-05j,
           -6.81985987e-03+9.77844307e-03j,
           -8.20169044e-02-1.16542620e-01j,
            9.20523801e-01-3.63571888e-01j]],
         input_dims=(2, 2), output_dims=(2, 2))"
