unitary
"Operator([[-0.73960546+0.02193011j, -0.51481455+0.0202365j ,
           -0.28766379+0.27447074j,  0.14686692+0.08605087j],
          [-0.47226449+0.20593637j,  0.22588634+0.17215947j,
            0.10932496-0.69559783j, -0.28766379+0.27447074j],
          [-0.02583951+0.39675807j, -0.15092916-0.6877708j ,
            0.22588634+0.17215947j, -0.51481455+0.0202365j ],
          [ 0.14184364-0.09410115j, -0.02583951+0.39675807j,
           -0.47226449+0.20593637j, -0.73960546+0.02193011j]],
         input_dims=(2, 2), output_dims=(2, 2))"
"Operator([[-0.73960546+0.02193011j,  0.50219754-0.11507028j,
           -0.16825465+0.360243j  , -0.17015327+0.00474448j],
          [ 0.50219754-0.11507028j,  0.22588634+0.17215947j,
            0.02116703+0.70381833j, -0.16825465+0.360243j  ],
          [-0.16825465+0.360243j  ,  0.02116703+0.70381833j,
            0.22588634+0.17215947j,  0.50219754-0.11507028j],
          [-0.17015327+0.00474448j, -0.16825465+0.360243j  ,
            0.50219754-0.11507028j, -0.73960546+0.02193011j]],
         input_dims=(2, 2), output_dims=(2, 2))"
"Operator([[-0.73960546+0.02193011j,  0.50219754-0.11507028j,
           -0.16825465+0.360243j  , -0.17015327+0.00474448j],
          [ 0.50219754-0.11507028j,  0.22588634+0.17215947j,
            0.02116703+0.70381833j, -0.16825465+0.360243j  ],
          [-0.16825465+0.360243j  ,  0.02116703+0.70381833j,
            0.22588634+0.17215947j,  0.50219754-0.11507028j],
          [-0.17015327+0.00474448j, -0.16825465+0.360243j  ,
            0.50219754-0.11507028j, -0.73960546+0.02193011j]],
         input_dims=(2, 2), output_dims=(2, 2))"
"Operator([[-0.73960546+0.02193011j,  0.42295837-0.29419341j,
            0.12810219+0.3763967j , -0.06556997+0.15708349j],
          [ 0.50885527+0.08068369j,  0.22588634+0.17215947j,
            0.28232824+0.6450574j ,  0.12810219+0.3763967j ],
          [-0.37085622+0.14335379j, -0.24305341+0.66085803j,
            0.22588634+0.17215947j,  0.42295837-0.29419341j],
          [-0.07422138-0.15318561j, -0.37085622+0.14335379j,
            0.50885527+0.08068369j, -0.73960546+0.02193011j]],
         input_dims=(2, 2), output_dims=(2, 2))"
