unitary
"Operator([[ 0.75140351-0.6097643j ,  0.09183288+0.23173789j,
           -0.03644157+0.01027726j, -0.00121275-0.00307687j],
          [ 0.09183288+0.23173789j,  0.92140335-0.0627214j ,
            0.02066853+0.28824532j, -0.03644157+0.01027726j],
          [-0.03644157+0.01027726j,  0.02066853+0.28824532j,
            0.92140335-0.0627214j ,  0.09183288+0.23173789j],
          [-0.00121275-0.00307687j, -0.03644157+0.01027726j,
            0.09183288+0.23173789j,  0.75140351-0.6097643j ]],
         input_dims=(2, 2), output_dims=(2, 2))"
"Operator([[ 0.75140351-0.6097643j ,  0.14092432+0.20561144j,
           -0.02841566+0.0250232j , -0.00286239-0.00165668j],
          [ 0.03817081+0.2463305j ,  0.92140335-0.0627214j ,
            0.08405875+0.27648993j, -0.02841566+0.0250232j ],
          [-0.03730281-0.00648926j, -0.04375038+0.28565444j,
            0.92140335-0.0627214j ,  0.14092432+0.20561144j],
          [ 0.00096226-0.00316416j, -0.03730281-0.00648926j,
            0.03817081+0.2463305j ,  0.75140351-0.6097643j ]],
         input_dims=(2, 2), output_dims=(2, 2))"
"Operator([[ 0.75140351-0.6097643j ,  0.09183288+0.23173789j,
           -0.03644157+0.01027726j, -0.00121275-0.00307687j],
          [ 0.09183288+0.23173789j,  0.92140335-0.0627214j ,
            0.02066853+0.28824532j, -0.03644157+0.01027726j],
          [-0.03644157+0.01027726j,  0.02066853+0.28824532j,
            0.92140335-0.0627214j ,  0.09183288+0.23173789j],
          [-0.00121275-0.00307687j, -0.03644157+0.01027726j,
            0.09183288+0.23173789j,  0.75140351-0.6097643j ]],
         input_dims=(2, 2), output_dims=(2, 2))"
"Operator([[ 0.75140351-0.6097643j ,  0.24613583-0.03940663j,
            0.03736607+0.0061145j ,  0.00317829+0.00091451j],
          [-0.20631613+0.13989061j,  0.92140335-0.0627214j ,
            0.28587042+0.04231617j,  0.03736607+0.0061145j ],
          [ 0.0286654 -0.02473671j, -0.27690833+0.08267002j,
            0.92140335-0.0627214j ,  0.24613583-0.03940663j],
          [-0.00169958+0.00283713j,  0.0286654 -0.02473671j,
           -0.20631613+0.13989061j,  0.75140351-0.6097643j ]],
         input_dims=(2, 2), output_dims=(2, 2))"
"Operator([[ 0.75140351-0.6097643j ,  0.09183288+0.23173789j,
           -0.03644157+0.01027726j, -0.00121275-0.00307687j],
          [ 0.09183288+0.23173789j,  0.92140335-0.0627214j ,
            0.02066853+0.28824532j, -0.03644157+0.01027726j],
          [-0.03644157+0.01027726j,  0.02066853+0.28824532j,
            0.92140335-0.0627214j ,  0.09183288+0.23173789j],
          [-0.00121275-0.00307687j, -0.03644157+0.01027726j,
            0.09183288+0.23173789j,  0.75140351-0.6097643j ]],
         input_dims=(2, 2), output_dims=(2, 2))"
"Operator([[ 7.51403505e-01-6.09764296e-01j,
           -6.95578482e-02+2.39368825e-01j,
           -1.89934297e-02-3.27545363e-02j,
            3.30532999e-03+1.12542170e-04j],
          [ 2.14641687e-01+1.26746497e-01j,
            9.21403351e-01-6.27213955e-02j,
           -1.60422882e-01+2.40368576e-01j,
           -1.89934297e-02-3.27545363e-02j],
          [ 9.19015272e-04+3.78518881e-02j,
            1.93076433e-01+2.15021033e-01j,
            9.21403351e-01-6.27213955e-02j,
           -6.95578482e-02+2.39368825e-01j],
          [-2.33964502e-03+2.33750578e-03j,
            9.19015272e-04+3.78518881e-02j,
            2.14641687e-01+1.26746497e-01j,
            7.51403505e-01-6.09764296e-01j]],
         input_dims=(2, 2), output_dims=(2, 2))"
"Operator([[ 0.75140351-0.6097643j , -0.24702229+0.03340235j,
            0.03702412+0.00792619j, -0.00310307-0.00114404j],
          [ 0.20284909-0.14487227j,  0.92140335-0.0627214j ,
           -0.28475542-0.04926364j,  0.03702412+0.00792619j],
          [ 0.02742726-0.02610279j,  0.2748135 -0.08938733j,
            0.92140335-0.0627214j , -0.24702229+0.03340235j],
          [ 0.00148799-0.0029536j ,  0.02742726-0.02610279j,
            0.20284909-0.14487227j,  0.75140351-0.6097643j ]],
         input_dims=(2, 2), output_dims=(2, 2))"
"Operator([[ 0.75140351-0.6097643j ,  0.09183288+0.23173789j,
           -0.03644157+0.01027726j, -0.00121275-0.00307687j],
          [ 0.09183288+0.23173789j,  0.92140335-0.0627214j ,
            0.02066853+0.28824532j, -0.03644157+0.01027726j],
          [-0.03644157+0.01027726j,  0.02066853+0.28824532j,
            0.92140335-0.0627214j ,  0.09183288+0.23173789j],
          [-0.00121275-0.00307687j, -0.03644157+0.01027726j,
            0.09183288+0.23173789j,  0.75140351-0.6097643j ]],
         input_dims=(2, 2), output_dims=(2, 2))"
"Operator([[ 0.75140351-0.6097643j , -0.20328234+0.14426371j,
            0.02758321-0.02593793j, -0.00151449+0.0029401j ],
          [ 0.24692108-0.03414248j,  0.92140335-0.0627214j ,
           -0.27508014+0.08856336j,  0.02758321-0.02593793j],
          [ 0.03707096+0.00770414j,  0.28490177+0.04841005j,
            0.92140335-0.0627214j , -0.20328234+0.14426371j],
          [ 0.00311323+0.00111609j,  0.03707096+0.00770414j,
            0.24692108-0.03414248j,  0.75140351-0.6097643j ]],
         input_dims=(2, 2), output_dims=(2, 2))"
"Operator([[ 0.75140351-0.6097643j , -0.23355696+0.08710266j,
            0.03682923-0.00878736j, -0.00314507+0.00102294j],
          [ 0.22982303-0.09652513j,  0.92140335-0.0627214j ,
           -0.28860594+0.01480422j,  0.03682923-0.00878736j],
          [ 0.03599366-0.01175018j,  0.28776556-0.02652429j,
            0.92140335-0.0627214j , -0.23355696+0.08710266j],
          [ 0.00299722-0.00139805j,  0.03599366-0.01175018j,
            0.22982303-0.09652513j,  0.75140351-0.6097643j ]],
         input_dims=(2, 2), output_dims=(2, 2))"
