unitary
"Operator([[ 8.60421815e-01-0.47311191j,  5.17573063e-02+0.18087494j,
           -2.06130761e-02+0.00425699j, -3.72237781e-04-0.0013045j ],
          [ 5.17573063e-02+0.18087494j,  9.56148263e-01-0.05048357j,
            1.17880916e-02+0.21738299j, -2.06130761e-02+0.00425699j],
          [-2.06130761e-02+0.00425699j,  1.17880916e-02+0.21738299j,
            9.56148263e-01-0.05048357j,  5.17573063e-02+0.18087494j],
          [-3.72237781e-04-0.0013045j , -2.06130761e-02+0.00425699j,
            5.17573063e-02+0.18087494j,  8.60421815e-01-0.47311191j]],
         input_dims=(2, 2), output_dims=(2, 2))"
"Operator([[ 0.86042181-4.73111906e-01j,  0.11203067+1.51141304e-01j,
           -0.01271812+1.67711177e-02j, -0.00132524-2.89878595e-04j],
          [-0.01512119+1.87525768e-01j,  0.95614826-5.04835675e-02j,
            0.08744409+1.99368638e-01j, -0.01271812+1.67711177e-02j],
          [-0.01832139-1.03608742e-02j, -0.06537227+2.07655456e-01j,
            0.95614826-5.04835675e-02j,  0.11203067+1.51141304e-01j],
          [ 0.0009727 -9.45591830e-04j, -0.01832139-1.03608742e-02j,
           -0.01512119+1.87525768e-01j,  0.86042181-4.73111906e-01j]],
         input_dims=(2, 2), output_dims=(2, 2))"
"Operator([[ 8.60421815e-01-0.47311191j,  5.17573063e-02+0.18087494j,
           -2.06130761e-02+0.00425699j, -3.72237781e-04-0.0013045j ],
          [ 5.17573063e-02+0.18087494j,  9.56148263e-01-0.05048357j,
            1.17880916e-02+0.21738299j, -2.06130761e-02+0.00425699j],
          [-2.06130761e-02+0.00425699j,  1.17880916e-02+0.21738299j,
            9.56148263e-01-0.05048357j,  5.17573063e-02+0.18087494j],
          [-3.72237781e-04-0.0013045j , -2.06130761e-02+0.00425699j,
            5.17573063e-02+0.18087494j,  8.60421815e-01-0.47311191j]],
         input_dims=(2, 2), output_dims=(2, 2))"
"Operator([[ 8.60421815e-01-0.47311191j,  1.69697836e-01+0.0812232j ,
            6.70545071e-03+0.01995139j, -4.35192479e-04+0.00128487j],
          [-1.01044985e-01+0.15869617j,  9.56148263e-01-0.05048357j,
            1.70513045e-01+0.13535001j,  6.70545071e-03+0.01995139j],
          [-1.74671599e-03-0.02097546j, -1.54876874e-01+0.15299502j,
            9.56148263e-01-0.05048357j,  1.69697836e-01+0.0812232j ],
          [ 1.04772061e-03+0.00086173j, -1.74671599e-03-0.02097546j,
           -1.01044985e-01+0.15869617j,  8.60421815e-01-0.47311191j]],
         input_dims=(2, 2), output_dims=(2, 2))"
"Operator([[ 8.60421815e-01-0.47311191j,  1.75375372e-01+0.06810318j,
            9.64928566e-03+0.01870594j, -1.33488763e-04+0.00134999j],
          [-1.12803417e-01+0.15056545j,  9.56148263e-01-0.05048357j,
            1.80298196e-01+0.12201182j,  9.64928566e-03+0.01870594j],
          [ 1.44965545e-03-0.02099808j, -1.66046992e-01+0.14079318j,
            9.56148263e-01-0.05048357j,  1.75375372e-01+0.06810318j],
          [ 8.25813062e-04+0.00107625j,  1.44965545e-03-0.02099808j,
           -1.12803417e-01+0.15056545j,  8.60421815e-01-0.47311191j]],
         input_dims=(2, 2), output_dims=(2, 2))"
"Operator([[ 8.60421815e-01-0.47311191j,  1.85152167e-01+0.03336524j,
            1.59575133e-02+0.01372511j,  6.23762224e-04+0.00120466j],
          [-1.39476162e-01+0.12625753j,  9.56148263e-01-0.05048357j,
            2.00277392e-01+0.08534219j,  1.59575133e-02+0.01372511j],
          [ 9.21491870e-03-0.01892369j, -1.89874360e-01+0.10649906j,
            9.56148263e-01-0.05048357j,  1.85152167e-01+0.03336524j],
          [ 1.05900438e-04+0.00135243j,  9.21491870e-03-0.01892369j,
           -1.39476162e-01+0.12625753j,  8.60421815e-01-0.47311191j]],
         input_dims=(2, 2), output_dims=(2, 2))"
"Operator([[ 8.60421815e-01-0.47311191j,  6.13857818e-03-0.18803426j,
           -1.92271753e-02-0.00856368j, -8.27496487e-04+0.00107496j],
          [-1.04676723e-01-0.1563245j ,  9.56148263e-01-0.05048357j,
            5.53698274e-02-0.21054336j, -1.92271753e-02-0.00856368j],
          [-1.42617479e-02+0.01547977j, -7.78125849e-02-0.20332123j,
            9.56148263e-01-0.05048357j,  6.13857818e-03-0.18803426j],
          [ 1.27017269e-03+0.00047639j, -1.42617479e-02+0.01547977j,
           -1.04676723e-01-0.1563245j ,  8.60421815e-01-0.47311191j]],
         input_dims=(2, 2), output_dims=(2, 2))"
"Operator([[ 8.60421815e-01-4.73111906e-01j,
            1.18526456e-02-1.87760696e-01j,
           -1.86711377e-02-9.71645434e-03j,
           -9.21982592e-04+9.95106929e-04j],
          [-1.09381148e-01-1.53069685e-01j,
            9.56148263e-01-5.04835675e-02j,
            6.17454916e-02-2.08762585e-01j,
           -1.86711377e-02-9.71645434e-03j],
          [-1.32945370e-02+1.63179702e-02j,
           -8.39582960e-02-2.00861463e-01j,
            9.56148263e-01-5.04835675e-02j,
            1.18526456e-02-1.87760696e-01j],
          [ 1.30828981e-03+3.58702499e-04j,
           -1.32945370e-02+1.63179702e-02j,
           -1.09381148e-01-1.53069685e-01j,
            8.60421815e-01-4.73111906e-01j]],
         input_dims=(2, 2), output_dims=(2, 2))"
"Operator([[ 8.60421815e-01-0.47311191j,  5.17573063e-02+0.18087494j,
           -2.06130761e-02+0.00425699j, -3.72237781e-04-0.0013045j ],
          [ 5.17573063e-02+0.18087494j,  9.56148263e-01-0.05048357j,
            1.17880916e-02+0.21738299j, -2.06130761e-02+0.00425699j],
          [-2.06130761e-02+0.00425699j,  1.17880916e-02+0.21738299j,
            9.56148263e-01-0.05048357j,  5.17573063e-02+0.18087494j],
          [-3.72237781e-04-0.0013045j , -2.06130761e-02+0.00425699j,
            5.17573063e-02+0.18087494j,  8.60421815e-01-0.47311191j]],
         input_dims=(2, 2), output_dims=(2, 2))"
