unitary
"Operator([[ 0.33010752-0.75410628j,  0.3745978 +0.09868374j,
           -0.11249709-0.04494849j,  0.32257983-0.23142398j],
          [ 0.18786996-0.33877259j, -0.57496808-0.28977471j,
            0.55647008-0.3332348j , -0.11249709-0.04494849j],
          [ 0.07740902+0.09318693j, -0.18597858-0.62138261j,
           -0.57496808-0.28977471j,  0.3745978 +0.09868374j],
          [-0.04907695+0.39396225j,  0.07740902+0.09318693j,
            0.18786996-0.33877259j,  0.33010752-0.75410628j]],
         input_dims=(2, 2), output_dims=(2, 2))"
"Operator([[ 0.33010752-0.75410628j, -0.35627869+0.15207724j,
           -0.07126108+0.09796846j,  0.34128865+0.20282224j],
          [-0.35627869+0.15207724j, -0.57496808-0.28977471j,
           -0.23467697+0.60467437j, -0.07126108+0.09796846j],
          [-0.07126108+0.09796846j, -0.23467697+0.60467437j,
           -0.57496808-0.28977471j, -0.35627869+0.15207724j],
          [ 0.34128865+0.20282224j, -0.07126108+0.09796846j,
           -0.35627869+0.15207724j,  0.33010752-0.75410628j]],
         input_dims=(2, 2), output_dims=(2, 2))"
"Operator([[ 0.33010752-0.75410628j, -0.3410236 +0.18375226j,
           -0.05239848+0.10922619j,  0.3832689 +0.10353624j],
          [-0.36859919+0.11914959j, -0.57496808-0.28977471j,
           -0.17888881+0.62346064j, -0.05239848+0.10922619j],
          [-0.08778067+0.08348961j, -0.28853214+0.58090755j,
           -0.57496808-0.28977471j, -0.3410236 +0.18375226j],
          [ 0.27414711+0.2871553j , -0.08778067+0.08348961j,
           -0.36859919+0.11914959j,  0.33010752-0.75410628j]],
         input_dims=(2, 2), output_dims=(2, 2))"
"Operator([[ 0.33010752-0.75410628j, -0.35627869+0.15207724j,
           -0.07126108+0.09796846j,  0.34128865+0.20282224j],
          [-0.35627869+0.15207724j, -0.57496808-0.28977471j,
           -0.23467697+0.60467437j, -0.07126108+0.09796846j],
          [-0.07126108+0.09796846j, -0.23467697+0.60467437j,
           -0.57496808-0.28977471j, -0.35627869+0.15207724j],
          [ 0.34128865+0.20282224j, -0.07126108+0.09796846j,
           -0.35627869+0.15207724j,  0.33010752-0.75410628j]],
         input_dims=(2, 2), output_dims=(2, 2))"
"Operator([[ 0.33010752-0.75410628j,  0.13031971+0.36479962j,
            0.08253499-0.08867884j, -0.26094149+0.29920619j],
          [-0.17328143-0.34646145j, -0.57496808-0.28977471j,
            0.58942512+0.27070724j,  0.08253499-0.08867884j],
          [ 0.05895099-0.10583355j, -0.61772354-0.19779282j,
           -0.57496808-0.28977471j,  0.13031971+0.36479962j],
          [ 0.13807743-0.37222228j,  0.05895099-0.10583355j,
           -0.17328143-0.34646145j,  0.33010752-0.75410628j]],
         input_dims=(2, 2), output_dims=(2, 2))"
