unitary
"Operator([[ 0.6967498 -0.66116202j, -0.27068961-0.04422317j,
            0.03035642+0.03512897j, -0.00108541-0.00438271j],
          [ 0.14782386-0.23103389j,  0.90380399-0.06663156j,
           -0.27885353-0.15347699j,  0.03035642+0.03512897j],
          [ 0.00472115-0.04618731j,  0.25137562-0.19525568j,
            0.90380399-0.06663156j, -0.27068961-0.04422317j],
          [-0.0025188 -0.00374726j,  0.00472115-0.04618731j,
            0.14782386-0.23103389j,  0.6967498 -0.66116202j]],
         input_dims=(2, 2), output_dims=(2, 2))"
"Operator([[ 0.6967498 -0.66116202j, -0.24259425+0.12797101j,
            0.04207356-0.0196309j , -0.00369033+0.0026015j ],
          [ 0.25724797-0.09514219j,  0.90380399-0.06663156j,
           -0.31499508+0.0457447j ,  0.04207356-0.0196309j ],
          [ 0.04572512-0.00804798j,  0.31827226-0.00415274j,
            0.90380399-0.06663156j, -0.24259425+0.12797101j],
          [ 0.00440576-0.00098769j,  0.04572512-0.00804798j,
            0.25724797-0.09514219j,  0.6967498 -0.66116202j]],
         input_dims=(2, 2), output_dims=(2, 2))"
"Operator([[ 0.6967498 -0.66116202j,  0.11179695+0.25045957j,
           -0.04427972+0.01395935j, -0.0018299 -0.00412768j],
          [ 0.11179695+0.25045957j,  0.90380399-0.06663156j,
            0.02500247+0.31731586j, -0.04427972+0.01395935j],
          [-0.04427972+0.01395935j,  0.02500247+0.31731586j,
            0.90380399-0.06663156j,  0.11179695+0.25045957j],
          [-0.0018299 -0.00412768j, -0.04427972+0.01395935j,
            0.11179695+0.25045957j,  0.6967498 -0.66116202j]],
         input_dims=(2, 2), output_dims=(2, 2))"
"Operator([[ 0.6967498 -0.66116202j,  0.11179695+0.25045957j,
           -0.04427972+0.01395935j, -0.0018299 -0.00412768j],
          [ 0.11179695+0.25045957j,  0.90380399-0.06663156j,
            0.02500247+0.31731586j, -0.04427972+0.01395935j],
          [-0.04427972+0.01395935j,  0.02500247+0.31731586j,
            0.90380399-0.06663156j,  0.11179695+0.25045957j],
          [-0.0018299 -0.00412768j, -0.04427972+0.01395935j,
            0.11179695+0.25045957j,  0.6967498 -0.66116202j]],
         input_dims=(2, 2), output_dims=(2, 2))"
"Operator([[ 6.96749798e-01-0.66116202j,  2.63793110e-01+0.07511157j,
            2.15110653e-02+0.04114403j, -4.66878735e-04+0.00449092j],
          [-1.20225177e-01+0.24652476j,  9.03803987e-01-0.06663156j,
            2.59316900e-01+0.1845785j ,  2.15110653e-02+0.04114403j],
          [-5.97465268e-03-0.04604194j, -2.27209108e-01+0.22291366j,
            9.03803987e-01-0.06663156j,  2.63793110e-01+0.07511157j],
          [ 3.64132943e-03+0.00266965j, -5.97465268e-03-0.04604194j,
           -1.20225177e-01+0.24652476j,  6.96749798e-01-0.66116202j]],
         input_dims=(2, 2), output_dims=(2, 2))"
"Operator([[ 6.96749798e-01-0.66116202j,  1.79398142e-01-0.20747255j,
            1.76249221e-02-0.04295252j, -7.21671406e-04-0.00445707j],
          [-2.74232908e-01-0.0049865j ,  9.03803987e-01-0.06663156j,
            2.76755900e-01-0.15722802j,  1.76249221e-02-0.04295252j],
          [ 3.90719976e-02+0.0250786j , -2.97964919e-01-0.11194367j,
            9.03803987e-01-0.06663156j,  1.79398142e-01-0.20747255j],
          [-2.81814961e-03-0.00352765j,  3.90719976e-02+0.0250786j ,
           -2.74232908e-01-0.0049865j ,  6.96749798e-01-0.66116202j]],
         input_dims=(2, 2), output_dims=(2, 2))"
