unitary
"Operator([[ 9.48847733e-01-2.94128629e-01j,
            1.14045152e-01-1.05525126e-02j,
            7.65159519e-03+2.06527778e-04j,
            2.94632357e-04+1.68385838e-05j],
          [-1.11209632e-01+2.73874054e-02j,
            9.84006562e-01-3.22239178e-02j,
            1.32235484e-01+5.49915615e-03j,
            7.65159519e-03+2.06527778e-04j],
          [ 7.37418692e-03-2.05205507e-03j,
           -1.31583867e-01+1.42179412e-02j,
            9.84006562e-01-3.22239178e-02j,
            1.14045152e-01-1.05525126e-02j],
          [-2.72896512e-04+1.12335469e-04j,
            7.37418692e-03-2.05205507e-03j,
           -1.11209632e-01+2.73874054e-02j,
            9.48847733e-01-2.94128629e-01j]],
         input_dims=(2, 2), output_dims=(2, 2))"
"Operator([[ 9.48847733e-01-2.94128629e-01j,
            1.08947603e-01-3.53280627e-02j,
            7.00273888e-03-3.09050334e-03j,
            2.42425885e-04-1.68289792e-04j],
          [-1.14509042e-01+2.30899275e-03j,
            9.84006562e-01-3.22239178e-02j,
            1.30217658e-01-2.36606298e-02j,
            7.00273888e-03-3.09050334e-03j],
          [ 7.54248949e-03+1.30399959e-03j,
           -1.31495705e-01-1.50114440e-02j,
            9.84006562e-01-3.22239178e-02j,
            1.08947603e-01-3.53280627e-02j],
          [-2.84151855e-04-7.96836670e-05j,
            7.54248949e-03+1.30399959e-03j,
           -1.14509042e-01+2.30899275e-03j,
            9.48847733e-01-2.94128629e-01j]],
         input_dims=(2, 2), output_dims=(2, 2))"
"Operator([[ 9.48847733e-01-2.94128629e-01j,
            1.00782866e-01-5.44101654e-02j,
            5.44937557e-03-5.37530173e-03j,
            1.20220986e-04-2.69515636e-04j],
          [-1.13045491e-01-1.83948133e-02j,
            9.84006562e-01-3.22239178e-02j,
            1.23809330e-01-4.67730038e-02j,
            5.44937557e-03-5.37530173e-03j],
          [ 6.58821215e-03+3.89679655e-03j,
           -1.26627343e-01-3.84964938e-02j,
            9.84006562e-01-3.22239178e-02j,
            1.00782866e-01-5.44101654e-02j],
          [-2.01804776e-04-2.15329041e-04j,
            6.58821215e-03+3.89679655e-03j,
           -1.13045491e-01-1.83948133e-02j,
            9.48847733e-01-2.94128629e-01j]],
         input_dims=(2, 2), output_dims=(2, 2))"
"Operator([[ 9.48847733e-01-2.94128629e-01j,
            9.14257403e-02-6.89854058e-02j,
            3.59896768e-03-6.75551585e-03j,
           -1.01904870e-05-2.94937142e-04j],
          [-1.08979028e-01-3.52310041e-02j,
            9.84006562e-01-3.22239178e-02j,
            1.15340537e-01-6.49078152e-02j,
            3.59896768e-03-6.75551585e-03j],
          [ 5.12681231e-03+5.68378028e-03j,
           -1.19374371e-01-5.71508829e-02j,
            9.84006562e-01-3.22239178e-02j,
            9.14257403e-02-6.89854058e-02j],
          [-8.68946068e-05-2.82030301e-04j,
            5.12681231e-03+5.68378028e-03j,
           -1.08979028e-01-3.52310041e-02j,
            9.48847733e-01-2.94128629e-01j]],
         input_dims=(2, 2), output_dims=(2, 2))"
"Operator([[ 9.48847733e-01-2.94128629e-01j,
            1.90228649e-02+1.12941502e-01j,
           -7.59729104e-03+9.33129995e-04j,
           -4.89696385e-05-2.91021886e-04j],
          [ 1.90228649e-02+1.12941502e-01j,
            9.84006562e-01-3.22239178e-02j,
            4.37155056e-03+1.32277562e-01j,
           -7.59729104e-03+9.33129995e-04j],
          [-7.59729104e-03+9.33129995e-04j,
            4.37155056e-03+1.32277562e-01j,
            9.84006562e-01-3.22239178e-02j,
            1.90228649e-02+1.12941502e-01j],
          [-4.89696385e-05-2.91021886e-04j,
           -7.59729104e-03+9.33129995e-04j,
            1.90228649e-02+1.12941502e-01j,
            9.48847733e-01-2.94128629e-01j]],
         input_dims=(2, 2), output_dims=(2, 2))"
"Operator([[ 9.48847733e-01-2.94128629e-01j,
            7.18352277e-02-8.92039924e-02j,
           -2.57179250e-05-7.65433872e-03j,
           -2.06247811e-04-2.11077246e-04j],
          [-9.70923716e-02-6.07513258e-02j,
            9.84006562e-01-3.22239178e-02j,
            9.60222481e-02-9.10834334e-02j,
           -2.57179250e-05-7.65433872e-03j],
          [ 1.82737636e-03+7.43305175e-03j,
           -1.01826468e-01-8.45448667e-02j,
            9.84006562e-01-3.22239178e-02j,
            7.18352277e-02-8.92039924e-02j],
          [ 1.25810830e-04-2.66952053e-04j,
            1.82737636e-03+7.43305175e-03j,
           -9.70923716e-02-6.07513258e-02j,
            9.48847733e-01-2.94128629e-01j]],
         input_dims=(2, 2), output_dims=(2, 2))"
"Operator([[ 9.48847733e-01-2.94128629e-01j,
            6.18637683e-02-9.63873766e-02j,
           -1.65596002e-03-7.47310907e-03j,
           -2.62453914e-04-1.34943346e-04j],
          [-9.00241234e-02-7.08047273e-02j,
            9.84006562e-01-3.22239178e-02j,
            8.57101731e-02-1.00847559e-01j,
           -1.65596002e-03-7.47310907e-03j],
          [ 2.01733006e-04+7.65172311e-03j,
           -9.21815652e-02-9.49685369e-02j,
            9.84006562e-01-3.22239178e-02j,
            6.18637683e-02-9.63873766e-02j],
          [ 2.03838022e-04-2.13405306e-04j,
            2.01733006e-04+7.65172311e-03j,
           -9.00241234e-02-7.08047273e-02j,
            9.48847733e-01-2.94128629e-01j]],
         input_dims=(2, 2), output_dims=(2, 2))"
"Operator([[ 9.48847733e-01-2.94128629e-01j,
           -1.10689083e-01-2.94207266e-02j,
            5.69824709e-03+5.11072821e-03j,
           -1.30363828e-04-2.64758448e-04j],
          [ 9.49447156e-02-6.40558599e-02j,
            9.84006562e-01-3.22239178e-02j,
           -1.22228653e-01-5.07604215e-02j,
            5.69824709e-03+5.11072821e-03j],
          [ 4.29209474e-03-6.33778238e-03j,
            1.18610518e-01-5.87197503e-02j,
            9.84006562e-01-3.22239178e-02j,
           -1.10689083e-01-2.94207266e-02j],
          [ 3.65374804e-05-2.92842579e-04j,
            4.29209474e-03-6.33778238e-03j,
            9.49447156e-02-6.40558599e-02j,
            9.48847733e-01-2.94128629e-01j]],
         input_dims=(2, 2), output_dims=(2, 2))"
"Operator([[ 9.48847733e-01-2.94128629e-01j,
           -9.92449164e-02+5.71672876e-02j,
            5.14489885e-03-5.66741375e-03j,
           -9.75474141e-05+2.78525161e-04j],
          [ 1.12495543e-01+2.15036024e-02j,
            9.84006562e-01-3.22239178e-02j,
           -1.22473128e-01+5.01676864e-02j,
            5.14489885e-03-5.66741375e-03j],
          [ 6.36347577e-03+4.25390866e-03j,
            1.25518190e-01+4.19719912e-02j,
            9.84006562e-01-3.22239178e-02j,
           -9.92449164e-02+5.71672876e-02j],
          [ 1.83328356e-04+2.31262788e-04j,
            6.36347577e-03+4.25390866e-03j,
            1.12495543e-01+2.15036024e-02j,
            9.48847733e-01-2.94128629e-01j]],
         input_dims=(2, 2), output_dims=(2, 2))"
"Operator([[ 9.48847733e-01-2.94128629e-01j,
            1.90228649e-02+1.12941502e-01j,
           -7.59729104e-03+9.33129995e-04j,
           -4.89696385e-05-2.91021886e-04j],
          [ 1.90228649e-02+1.12941502e-01j,
            9.84006562e-01-3.22239178e-02j,
            4.37155056e-03+1.32277562e-01j,
           -7.59729104e-03+9.33129995e-04j],
          [-7.59729104e-03+9.33129995e-04j,
            4.37155056e-03+1.32277562e-01j,
            9.84006562e-01-3.22239178e-02j,
            1.90228649e-02+1.12941502e-01j],
          [-4.89696385e-05-2.91021886e-04j,
           -7.59729104e-03+9.33129995e-04j,
            1.90228649e-02+1.12941502e-01j,
            9.48847733e-01-2.94128629e-01j]],
         input_dims=(2, 2), output_dims=(2, 2))"
"Operator([[ 9.48847733e-01-2.94128629e-01j,
            1.90228649e-02+1.12941502e-01j,
           -7.59729104e-03+9.33129995e-04j,
           -4.89696385e-05-2.91021886e-04j],
          [ 1.90228649e-02+1.12941502e-01j,
            9.84006562e-01-3.22239178e-02j,
            4.37155056e-03+1.32277562e-01j,
           -7.59729104e-03+9.33129995e-04j],
          [-7.59729104e-03+9.33129995e-04j,
            4.37155056e-03+1.32277562e-01j,
            9.84006562e-01-3.22239178e-02j,
            1.90228649e-02+1.12941502e-01j],
          [-4.89696385e-05-2.91021886e-04j,
           -7.59729104e-03+9.33129995e-04j,
            1.90228649e-02+1.12941502e-01j,
            9.48847733e-01-2.94128629e-01j]],
         input_dims=(2, 2), output_dims=(2, 2))"
"Operator([[ 9.48847733e-01-2.94128629e-01j,
           -6.58187640e-02+9.37312248e-02j,
           -1.02919288e-03-7.58487473e-03j,
            2.43615671e-04+1.66562806e-04j],
          [ 9.28908365e-02+6.69995873e-02j,
            9.84006562e-01-3.22239178e-02j,
           -8.98300266e-02+9.71958347e-02j,
           -1.02919288e-03-7.58487473e-03j],
          [ 8.36917680e-04+7.60849075e-03j,
            9.60513258e-02+9.10527692e-02j,
            9.84006562e-01-3.22239178e-02j,
           -6.58187640e-02+9.37312248e-02j],
          [-1.75689098e-04+2.37118334e-04j,
            8.36917680e-04+7.60849075e-03j,
            9.28908365e-02+6.69995873e-02j,
            9.48847733e-01-2.94128629e-01j]],
         input_dims=(2, 2), output_dims=(2, 2))"
"Operator([[ 9.48847733e-01-2.94128629e-01j,
            1.90228649e-02+1.12941502e-01j,
           -7.59729104e-03+9.33129995e-04j,
           -4.89696385e-05-2.91021886e-04j],
          [ 1.90228649e-02+1.12941502e-01j,
            9.84006562e-01-3.22239178e-02j,
            4.37155056e-03+1.32277562e-01j,
           -7.59729104e-03+9.33129995e-04j],
          [-7.59729104e-03+9.33129995e-04j,
            4.37155056e-03+1.32277562e-01j,
            9.84006562e-01-3.22239178e-02j,
            1.90228649e-02+1.12941502e-01j],
          [-4.89696385e-05-2.91021886e-04j,
           -7.59729104e-03+9.33129995e-04j,
            1.90228649e-02+1.12941502e-01j,
            9.48847733e-01-2.94128629e-01j]],
         input_dims=(2, 2), output_dims=(2, 2))"
"Operator([[ 9.48847733e-01-2.94128629e-01j,
           -5.67530117e-02+9.94823998e-02j,
           -2.42533379e-03-7.25998063e-03j,
            2.80280826e-04+9.23819345e-05j],
          [ 8.62091770e-02+7.54031167e-02j,
            9.84006562e-01-3.22239178e-02j,
           -8.03343708e-02+1.05180097e-01j,
           -2.42533379e-03-7.25998063e-03j],
          [-5.96349122e-04+7.63111594e-03j,
            8.71035466e-02+9.96465561e-02j,
            9.84006562e-01-3.22239178e-02j,
           -5.67530117e-02+9.94823998e-02j],
          [-2.34612274e-04+1.79021910e-04j,
           -5.96349122e-04+7.63111594e-03j,
            8.62091770e-02+7.54031167e-02j,
            9.48847733e-01-2.94128629e-01j]],
         input_dims=(2, 2), output_dims=(2, 2))"
"Operator([[ 9.48847733e-01-2.94128629e-01j,
           -5.84328407e-02+9.85051030e-02j,
           -2.17760064e-03-7.33809363e-03j,
            2.75216989e-04+1.06524047e-04j],
          [ 8.74761925e-02+7.39294796e-02j,
            9.84006562e-01-3.22239178e-02j,
           -8.21074825e-02+1.03801856e-01j,
           -2.17760064e-03-7.33809363e-03j],
          [-3.37076218e-04+7.64695641e-03j,
            8.87817916e-02+9.81542533e-02j,
            9.84006562e-01-3.22239178e-02j,
           -5.84328407e-02+9.85051030e-02j],
          [-2.25199015e-04+1.90727992e-04j,
           -3.37076218e-04+7.64695641e-03j,
            8.74761925e-02+7.39294796e-02j,
            9.48847733e-01-2.94128629e-01j]],
         input_dims=(2, 2), output_dims=(2, 2))"
