unitary
"Operator([[ 8.60421815e-01-4.73111906e-01j,
           -7.09000505e-02+1.74263441e-01j,
           -9.04592259e-03-1.90050559e-02j,
            1.34203018e-03+1.98102740e-04j],
          [ 1.52350763e-01+1.10380294e-01j,
            9.56148263e-01-5.04835675e-02j,
           -1.24880543e-01+1.78323225e-01j,
           -9.04592259e-03-1.90050559e-02j],
          [-7.77161158e-04+2.10337084e-02j,
            1.43431517e-01+1.63773388e-01j,
            9.56148263e-01-5.04835675e-02j,
           -7.09000505e-02+1.74263441e-01j],
          [-1.03539499e-03+8.76496962e-04j,
           -7.77161158e-04+2.10337084e-02j,
            1.52350763e-01+1.10380294e-01j,
            8.60421815e-01-4.73111906e-01j]],
         input_dims=(2, 2), output_dims=(2, 2))"
"Operator([[ 8.60421815e-01-0.47311191j,  5.17573063e-02+0.18087494j,
           -2.06130761e-02+0.00425699j, -3.72237781e-04-0.0013045j ],
          [ 5.17573063e-02+0.18087494j,  9.56148263e-01-0.05048357j,
            1.17880916e-02+0.21738299j, -2.06130761e-02+0.00425699j],
          [-2.06130761e-02+0.00425699j,  1.17880916e-02+0.21738299j,
            9.56148263e-01-0.05048357j,  5.17573063e-02+0.18087494j],
          [-3.72237781e-04-0.0013045j , -2.06130761e-02+0.00425699j,
            5.17573063e-02+0.18087494j,  8.60421815e-01-0.47311191j]],
         input_dims=(2, 2), output_dims=(2, 2))"
"Operator([[ 8.60421815e-01-0.47311191j,  5.17573063e-02+0.18087494j,
           -2.06130761e-02+0.00425699j, -3.72237781e-04-0.0013045j ],
          [ 5.17573063e-02+0.18087494j,  9.56148263e-01-0.05048357j,
            1.17880916e-02+0.21738299j, -2.06130761e-02+0.00425699j],
          [-2.06130761e-02+0.00425699j,  1.17880916e-02+0.21738299j,
            9.56148263e-01-0.05048357j,  5.17573063e-02+0.18087494j],
          [-3.72237781e-04-0.0013045j , -2.06130761e-02+0.00425699j,
            5.17573063e-02+0.18087494j,  8.60421815e-01-0.47311191j]],
         input_dims=(2, 2), output_dims=(2, 2))"
"Operator([[ 8.60421815e-01-0.47311191j,  1.80592740e-01+0.05273354j,
            1.27185641e-02+0.01677078j,  2.16582386e-04+0.00133917j],
          [-1.25361346e-01+0.1402822j ,  9.56148263e-01-0.05048357j,
            1.90143807e-01+0.10601724j,  1.27185641e-02+0.01677078j],
          [ 5.03443272e-03-0.02043711j, -1.77564468e-01+0.12595707j,
            9.56148263e-01-0.05048357j,  1.80592740e-01+0.05273354j],
          [ 5.22749310e-04+0.00125181j,  5.03443272e-03-0.02043711j,
           -1.25361346e-01+0.1402822j ,  8.60421815e-01-0.47311191j]],
         input_dims=(2, 2), output_dims=(2, 2))"
"Operator([[ 0.86042181-4.73111906e-01j, -0.05113393+1.81052161e-01j,
           -0.01301327-1.65431421e-02j,  0.00133295-2.52041850e-04j],
          [ 0.13916775+1.26597395e-01j,  0.95614826-5.04835675e-02j,
           -0.10433106+1.91074209e-01j, -0.01301327-1.65431421e-02j],
          [-0.00539521+2.03448418e-02j,  0.12438138+1.78671751e-01j,
            0.95614826-5.04835675e-02j, -0.05113393+1.81052161e-01j],
          [-0.00126524+4.89347766e-04j, -0.00539521+2.03448418e-02j,
            0.13916775+1.26597395e-01j,  0.86042181-4.73111906e-01j]],
         input_dims=(2, 2), output_dims=(2, 2))"
"Operator([[ 8.60421815e-01-0.47311191j,  5.17573063e-02+0.18087494j,
           -2.06130761e-02+0.00425699j, -3.72237781e-04-0.0013045j ],
          [ 5.17573063e-02+0.18087494j,  9.56148263e-01-0.05048357j,
            1.17880916e-02+0.21738299j, -2.06130761e-02+0.00425699j],
          [-2.06130761e-02+0.00425699j,  1.17880916e-02+0.21738299j,
            9.56148263e-01-0.05048357j,  5.17573063e-02+0.18087494j],
          [-3.72237781e-04-0.0013045j , -2.06130761e-02+0.00425699j,
            5.17573063e-02+0.18087494j,  8.60421815e-01-0.47311191j]],
         input_dims=(2, 2), output_dims=(2, 2))"
"Operator([[ 8.60421815e-01-0.47311191j,  5.17573063e-02+0.18087494j,
           -2.06130761e-02+0.00425699j, -3.72237781e-04-0.0013045j ],
          [ 5.17573063e-02+0.18087494j,  9.56148263e-01-0.05048357j,
            1.17880916e-02+0.21738299j, -2.06130761e-02+0.00425699j],
          [-2.06130761e-02+0.00425699j,  1.17880916e-02+0.21738299j,
            9.56148263e-01-0.05048357j,  5.17573063e-02+0.18087494j],
          [-3.72237781e-04-0.0013045j , -2.06130761e-02+0.00425699j,
            5.17573063e-02+0.18087494j,  8.60421815e-01-0.47311191j]],
         input_dims=(2, 2), output_dims=(2, 2))"
"Operator([[ 8.60421815e-01-0.47311191j,  5.17573063e-02+0.18087494j,
           -2.06130761e-02+0.00425699j, -3.72237781e-04-0.0013045j ],
          [ 5.17573063e-02+0.18087494j,  9.56148263e-01-0.05048357j,
            1.17880916e-02+0.21738299j, -2.06130761e-02+0.00425699j],
          [-2.06130761e-02+0.00425699j,  1.17880916e-02+0.21738299j,
            9.56148263e-01-0.05048357j,  5.17573063e-02+0.18087494j],
          [-3.72237781e-04-0.0013045j , -2.06130761e-02+0.00425699j,
            5.17573063e-02+0.18087494j,  8.60421815e-01-0.47311191j]],
         input_dims=(2, 2), output_dims=(2, 2))"
"Operator([[ 0.86042181-4.73111906e-01j,  0.17154403-7.72477070e-02j,
            0.01854685-9.95164268e-03j,  0.00102772-8.85479179e-04j],
          [-0.18644049+2.51894478e-02j,  0.95614826-5.04835675e-02j,
            0.21342392-4.29482768e-02j,  0.01854685-9.95164268e-03j],
          [ 0.02097178+1.79029794e-03j, -0.21681669-1.96174922e-02j,
            0.95614826-5.04835675e-02j,  0.17154403-7.72477070e-02j],
          [-0.00134025-2.09780624e-04j,  0.02097178+1.79029794e-03j,
           -0.18644049+2.51894478e-02j,  0.86042181-4.73111906e-01j]],
         input_dims=(2, 2), output_dims=(2, 2))"
