unitary
"Operator([[-0.60522005-0.48632716j,  0.52673153+0.11560201j,
           -0.19033372+0.24549619j, -0.09491548-0.02967172j],
          [ 0.52673153+0.11560201j,  0.39143586+0.06411884j,
            0.0737448 +0.67076316j, -0.19033372+0.24549619j],
          [-0.19033372+0.24549619j,  0.0737448 +0.67076316j,
            0.39143586+0.06411884j,  0.52673153+0.11560201j],
          [-0.09491548-0.02967172j, -0.19033372+0.24549619j,
            0.52673153+0.11560201j, -0.60522005-0.48632716j]],
         input_dims=(2, 2), output_dims=(2, 2))"
"Operator([[-0.60522005-0.48632716j,  0.52673153+0.11560201j,
           -0.19033372+0.24549619j, -0.09491548-0.02967172j],
          [ 0.52673153+0.11560201j,  0.39143586+0.06411884j,
            0.0737448 +0.67076316j, -0.19033372+0.24549619j],
          [-0.19033372+0.24549619j,  0.0737448 +0.67076316j,
            0.39143586+0.06411884j,  0.52673153+0.11560201j],
          [-0.09491548-0.02967172j, -0.19033372+0.24549619j,
            0.52673153+0.11560201j, -0.60522005-0.48632716j]],
         input_dims=(2, 2), output_dims=(2, 2))"
"Operator([[-0.60522005-0.48632716j,  0.52673153+0.11560201j,
           -0.19033372+0.24549619j, -0.09491548-0.02967172j],
          [ 0.52673153+0.11560201j,  0.39143586+0.06411884j,
            0.0737448 +0.67076316j, -0.19033372+0.24549619j],
          [-0.19033372+0.24549619j,  0.0737448 +0.67076316j,
            0.39143586+0.06411884j,  0.52673153+0.11560201j],
          [-0.09491548-0.02967172j, -0.19033372+0.24549619j,
            0.52673153+0.11560201j, -0.60522005-0.48632716j]],
         input_dims=(2, 2), output_dims=(2, 2))"
"Operator([[-0.60522005-0.48632716j,  0.52673153+0.11560201j,
           -0.19033372+0.24549619j, -0.09491548-0.02967172j],
          [ 0.52673153+0.11560201j,  0.39143586+0.06411884j,
            0.0737448 +0.67076316j, -0.19033372+0.24549619j],
          [-0.19033372+0.24549619j,  0.0737448 +0.67076316j,
            0.39143586+0.06411884j,  0.52673153+0.11560201j],
          [-0.09491548-0.02967172j, -0.19033372+0.24549619j,
            0.52673153+0.11560201j, -0.60522005-0.48632716j]],
         input_dims=(2, 2), output_dims=(2, 2))"
