unitary
"Operator([[ 9.41366246e-01-3.14213578e-01j,
           -9.38118757e-03+1.22205564e-01j,
           -8.15349082e-03-3.25586995e-03j,
            2.01124124e-04-3.01902121e-04j],
          [ 5.15664235e-02+1.11189526e-01j,
            9.81660078e-01-3.43511799e-02j,
           -3.09231638e-02+1.38231541e-01j,
           -8.15349082e-03-3.25586995e-03j],
          [-7.03256539e-03+5.25577071e-03j,
            4.06104164e-02+1.35701861e-01j,
            9.81660078e-01-3.43511799e-02j,
           -9.38118757e-03+1.22205564e-01j],
          [-2.93998394e-04-2.12510585e-04j,
           -7.03256539e-03+5.25577071e-03j,
            5.15664235e-02+1.11189526e-01j,
            9.41366246e-01-3.14213578e-01j]],
         input_dims=(2, 2), output_dims=(2, 2))"
"Operator([[ 9.41366246e-01-0.31421358j,  2.17999268e-02+0.12061082j,
           -8.70437146e-03+0.00114631j, -6.44524569e-05-0.00035699j],
          [ 2.17999268e-02+0.12061082j,  9.81660078e-01-0.03435118j,
            5.00604995e-03+0.14155967j, -8.70437146e-03+0.00114631j],
          [-8.70437146e-03+0.00114631j,  5.00604995e-03+0.14155967j,
            9.81660078e-01-0.03435118j,  2.17999268e-02+0.12061082j],
          [-6.44524569e-05-0.00035699j, -8.70437146e-03+0.00114631j,
            2.17999268e-02+0.12061082j,  9.41366246e-01-0.31421358j]],
         input_dims=(2, 2), output_dims=(2, 2))"
"Operator([[ 9.41366246e-01-3.14213578e-01j,
            5.63741804e-02+1.08830871e-01j,
           -6.54700093e-03+5.84951969e-03j,
           -3.19253773e-04-1.72258041e-04j],
          [-1.47104131e-02+1.21679129e-01j,
            9.81660078e-01-3.43511799e-02j,
            4.64993781e-02+1.33798389e-01j,
           -6.54700093e-03+5.84951969e-03j],
          [-7.83820110e-03-3.95508599e-03j,
           -3.69318735e-02+1.36748812e-01j,
            9.81660078e-01-3.43511799e-02j,
            5.63741804e-02+1.08830871e-01j],
          [ 2.38860928e-04-2.73022456e-04j,
           -7.83820110e-03-3.95508599e-03j,
           -1.47104131e-02+1.21679129e-01j,
            9.41366246e-01-3.14213578e-01j]],
         input_dims=(2, 2), output_dims=(2, 2))"
"Operator([[ 9.41366246e-01-0.31421358j,  2.17999268e-02+0.12061082j,
           -8.70437146e-03+0.00114631j, -6.44524569e-05-0.00035699j],
          [ 2.17999268e-02+0.12061082j,  9.81660078e-01-0.03435118j,
            5.00604995e-03+0.14155967j, -8.70437146e-03+0.00114631j],
          [-8.70437146e-03+0.00114631j,  5.00604995e-03+0.14155967j,
            9.81660078e-01-0.03435118j,  2.17999268e-02+0.12061082j],
          [-6.44524569e-05-0.00035699j, -8.70437146e-03+0.00114631j,
            2.17999268e-02+0.12061082j,  9.41366246e-01-0.31421358j]],
         input_dims=(2, 2), output_dims=(2, 2))"
"Operator([[ 9.41366246e-01-3.14213578e-01j,
            9.73864126e-02+7.44183667e-02j,
            3.43249910e-04+8.77281490e-03j,
           -2.45816027e-04+2.66777595e-04j],
          [-6.51740553e-02+1.03800526e-01j,
            9.81660078e-01-3.43511799e-02j,
            9.90963293e-02+1.01213233e-01j,
            3.43249910e-04+8.77281490e-03j],
          [-1.93970326e-03-8.56257280e-03j,
           -9.16992095e-02+1.07960437e-01j,
            9.81660078e-01-3.43511799e-02j,
            9.73864126e-02+7.44183667e-02j],
          [ 3.23586000e-04+1.63975318e-04j,
           -1.93970326e-03-8.56257280e-03j,
           -6.51740553e-02+1.03800526e-01j,
            9.41366246e-01-3.14213578e-01j]],
         input_dims=(2, 2), output_dims=(2, 2))"
"Operator([[ 9.41366246e-01-3.14213578e-01j,
            1.07690942e-01+5.85223697e-02j,
            2.99840918e-03+8.25164494e-03j,
           -1.00384547e-04+3.48595392e-04j],
          [-8.03910938e-02+9.25174508e-02j,
            9.81660078e-01-3.43511799e-02j,
            1.13509484e-01+8.47336883e-02j,
            2.99840918e-03+8.25164494e-03j],
          [ 7.59857638e-04-8.74658322e-03j,
           -1.07240454e-01+9.25401858e-02j,
            9.81660078e-01-3.43511799e-02j,
            1.07690942e-01+5.85223697e-02j],
          [ 2.15947130e-04+2.91483518e-04j,
            7.59857638e-04-8.74658322e-03j,
           -8.03910938e-02+9.25174508e-02j,
            9.41366246e-01-3.14213578e-01j]],
         input_dims=(2, 2), output_dims=(2, 2))"
"Operator([[ 9.41366246e-01-0.31421358j,  2.17999268e-02+0.12061082j,
           -8.70437146e-03+0.00114631j, -6.44524569e-05-0.00035699j],
          [ 2.17999268e-02+0.12061082j,  9.81660078e-01-0.03435118j,
            5.00604995e-03+0.14155967j, -8.70437146e-03+0.00114631j],
          [-8.70437146e-03+0.00114631j,  5.00604995e-03+0.14155967j,
            9.81660078e-01-0.03435118j,  2.17999268e-02+0.12061082j],
          [-6.44524569e-05-0.00035699j, -8.70437146e-03+0.00114631j,
            2.17999268e-02+0.12061082j,  9.41366246e-01-0.31421358j]],
         input_dims=(2, 2), output_dims=(2, 2))"
"Operator([[ 9.41366246e-01-0.31421358j,  1.16585336e-01+0.03781622j,
            5.76786856e-03+0.00661905j,  9.74579787e-05+0.00034942j],
          [-9.59710428e-02+0.07623494j,  9.81660078e-01-0.03435118j,
            1.27104504e-01+0.06251917j,  5.76786856e-03+0.00661905j],
          [ 3.85756607e-03-0.00788665j, -1.22370718e-01+0.07134149j,
            9.81660078e-01-0.03435118j,  1.16585336e-01+0.03781622j],
          [ 3.08853620e-05+0.00036144j,  3.85756607e-03-0.00788665j,
           -9.59710428e-02+0.07623494j,  9.41366246e-01-0.31421358j]],
         input_dims=(2, 2), output_dims=(2, 2))"
"Operator([[ 9.41366246e-01-0.31421358j,  1.17435627e-01+0.03508675j,
            6.07026796e-03+0.00634287j,  1.21651158e-04+0.00034176j],
          [-9.77230010e-02+0.07397582j,  9.81660078e-01-0.03435118j,
            1.28528093e-01+0.05953764j,  6.07026796e-03+0.00634287j],
          [ 4.22115768e-03-0.00769818j, -1.24001362e-01+0.06846797j,
            9.81660078e-01-0.03435118j,  1.17435627e-01+0.03508675j],
          [ 5.53769167e-06+0.00036272j,  4.22115768e-03-0.00769818j,
           -9.77230010e-02+0.07397582j,  9.41366246e-01-0.31421358j]],
         input_dims=(2, 2), output_dims=(2, 2))"
"Operator([[ 9.41366246e-01-0.31421358j,  1.17119475e-01+0.03612804j,
            5.95668299e-03+0.00644965j,  1.12505964e-04+0.00034487j],
          [-9.70623427e-02+0.07484055j,  9.81660078e-01-0.03435118j,
            1.27994412e-01+0.06067645j,  5.95668299e-03+0.00644965j],
          [ 4.08379849e-03-0.00777192j, -1.23388571e-01+0.06956624j,
            9.81660078e-01-0.03435118j,  1.17119475e-01+0.03612804j],
          [ 1.51960957e-05+0.00036244j,  4.08379849e-03-0.00777192j,
           -9.70623427e-02+0.07484055j,  9.41366246e-01-0.31421358j]],
         input_dims=(2, 2), output_dims=(2, 2))"
"Operator([[ 9.41366246e-01-0.31421358j,  2.17999268e-02+0.12061082j,
           -8.70437146e-03+0.00114631j, -6.44524569e-05-0.00035699j],
          [ 2.17999268e-02+0.12061082j,  9.81660078e-01-0.03435118j,
            5.00604995e-03+0.14155967j, -8.70437146e-03+0.00114631j],
          [-8.70437146e-03+0.00114631j,  5.00604995e-03+0.14155967j,
            9.81660078e-01-0.03435118j,  2.17999268e-02+0.12061082j],
          [-6.44524569e-05-0.00035699j, -8.70437146e-03+0.00114631j,
            2.17999268e-02+0.12061082j,  9.41366246e-01-0.31421358j]],
         input_dims=(2, 2), output_dims=(2, 2))"
"Operator([[ 9.41366246e-01-0.31421358j,  1.14281409e-01+0.04429409j,
            4.99045626e-03+0.00722326j,  3.75466386e-05+0.00036081j],
          [-9.15452709e-02+0.08149644j,  9.81660078e-01-0.03435118j,
            1.23398841e-01+0.06954802j,  4.99045626e-03+0.00722326j],
          [ 2.95023189e-03-0.00826899j, -1.18177803e-01+0.07809102j,
            9.81660078e-01-0.03435118j,  1.14281409e-01+0.04429409j],
          [ 9.09965557e-05+0.00035116j,  2.95023189e-03-0.00826899j,
           -9.15452709e-02+0.08149644j,  9.41366246e-01-0.31421358j]],
         input_dims=(2, 2), output_dims=(2, 2))"
"Operator([[ 9.41366246e-01-0.31421358j,  1.12493721e-01+0.04865562j,
            4.42062009e-03+0.0075854j , -4.24236450e-06+0.00036274j],
          [-8.83439106e-02+0.08495622j,  9.81660078e-01-0.03435118j,
            1.20633359e-01+0.07424146j,  4.42062009e-03+0.0075854j ],
          [ 2.30606808e-03-0.00847125j, -1.15087691e-01+0.08257738j,
            9.81660078e-01-0.03435118j,  1.12493721e-01+0.04865562j],
          [ 1.30819861e-04+0.00033835j,  2.30606808e-03-0.00847125j,
           -8.83439106e-02+0.08495622j,  9.41366246e-01-0.31421358j]],
         input_dims=(2, 2), output_dims=(2, 2))"
"Operator([[ 9.41366246e-01-0.31421358j,  1.15182678e-01+0.0418946j ,
            5.28812481e-03+0.00700827j,  6.00950626e-05+0.00035775j],
          [-9.32294705e-02+0.07956427j,  9.81660078e-01-0.03435118j,
            1.24826215e-01+0.06695235j,  5.28812481e-03+0.00700827j],
          [ 3.29341112e-03-0.0081384j , -1.19784966e-01+0.07560266j,
            9.81660078e-01-0.03435118j,  1.15182678e-01+0.0418946j ],
          [ 6.88002695e-05+0.00035618j,  3.29341112e-03-0.0081384j ,
           -9.32294705e-02+0.07956427j,  9.41366246e-01-0.31421358j]],
         input_dims=(2, 2), output_dims=(2, 2))"
