unitary
"Operator([[-0.60522005-0.48632716j, -0.12258306-0.52515076j,
           -0.0711897 -0.30236953j, -0.08541281-0.05093144j],
          [-0.33123408+0.4255513j ,  0.39143586+0.06411884j,
            0.57356474-0.35550668j, -0.0711897 -0.30236953j],
          [ 0.31057122-0.00638948j, -0.6371012 -0.22240408j,
            0.39143586+0.06411884j, -0.12258306-0.52515076j],
          [-0.09921353-0.00678497j,  0.31057122-0.00638948j,
           -0.33123408+0.4255513j , -0.60522005-0.48632716j]],
         input_dims=(2, 2), output_dims=(2, 2))"
"Operator([[-0.60522005-0.48632716j,  0.31634156+0.43673555j,
           -0.26572035-0.16089749j,  0.0788671 -0.06057507j],
          [ 0.47015907-0.2641219j ,  0.39143586+0.06411884j,
           -0.39119457+0.54984391j, -0.26572035-0.16089749j],
          [ 0.22202699+0.21725405j,  0.50130822+0.45172068j,
            0.39143586+0.06411884j,  0.31634156+0.43673555j],
          [ 0.03032333+0.09470932j,  0.22202699+0.21725405j,
            0.47015907-0.2641219j , -0.60522005-0.48632716j]],
         input_dims=(2, 2), output_dims=(2, 2))"
"Operator([[-0.60522005-0.48632716j, -0.32629917-0.42934692j,
           -0.27283604-0.14851196j, -0.07450434+0.06586701j],
          [-0.47610736+0.25324239j,  0.39143586+0.06411884j,
            0.37844939-0.55869274j, -0.27283604-0.14851196j],
          [ 0.21180488+0.22723116j, -0.49078994-0.46312714j,
            0.39143586+0.06411884j, -0.32629917-0.42934692j],
          [-0.02372328-0.09657415j,  0.21180488+0.22723116j,
           -0.47610736+0.25324239j, -0.60522005-0.48632716j]],
         input_dims=(2, 2), output_dims=(2, 2))"
"Operator([[-0.60522005-0.48632716j,  0.52673153+0.11560201j,
           -0.19033372+0.24549619j, -0.09491548-0.02967172j],
          [ 0.52673153+0.11560201j,  0.39143586+0.06411884j,
            0.0737448 +0.67076316j, -0.19033372+0.24549619j],
          [-0.19033372+0.24549619j,  0.0737448 +0.67076316j,
            0.39143586+0.06411884j,  0.52673153+0.11560201j],
          [-0.09491548-0.02967172j, -0.19033372+0.24549619j,
            0.52673153+0.11560201j, -0.60522005-0.48632716j]],
         input_dims=(2, 2), output_dims=(2, 2))"
"Operator([[-0.60522005-0.48632716j,  0.52673153+0.11560201j,
           -0.19033372+0.24549619j, -0.09491548-0.02967172j],
          [ 0.52673153+0.11560201j,  0.39143586+0.06411884j,
            0.0737448 +0.67076316j, -0.19033372+0.24549619j],
          [-0.19033372+0.24549619j,  0.0737448 +0.67076316j,
            0.39143586+0.06411884j,  0.52673153+0.11560201j],
          [-0.09491548-0.02967172j, -0.19033372+0.24549619j,
            0.52673153+0.11560201j, -0.60522005-0.48632716j]],
         input_dims=(2, 2), output_dims=(2, 2))"
"Operator([[-0.60522005-0.48632716j, -0.35686577-0.40429785j,
           -0.29160331-0.10706454j, -0.05834261+0.0805326j ],
          [-0.49337486+0.21769515j,  0.39143586+0.06411884j,
            0.33651789-0.58490787j, -0.29160331-0.10706454j],
          [ 0.17634026+0.2557331j , -0.45555543-0.49782603j,
            0.39143586+0.06411884j, -0.35686577-0.40429785j],
          [-0.00208621-0.09942337j,  0.17634026+0.2557331j ,
           -0.49337486+0.21769515j, -0.60522005-0.48632716j]],
         input_dims=(2, 2), output_dims=(2, 2))"
"Operator([[-0.60522005-0.48632716j, -0.51338773+0.16505442j,
            0.11945491+0.28675046j,  0.02867068-0.09522264j],
          [-0.39708366-0.36487599j,  0.39143586+0.06411884j,
           -0.40115344-0.54262089j,  0.11945491+0.28675046j],
          [-0.30746979-0.04424516j,  0.27368331-0.61681355j,
            0.39143586+0.06411884j, -0.51338773+0.16505442j],
          [-0.03066948+0.09459779j, -0.30746979-0.04424516j,
           -0.39708366-0.36487599j, -0.60522005-0.48632716j]],
         input_dims=(2, 2), output_dims=(2, 2))"
