unitary
"Operator([[ 9.64368752e-01-2.46595857e-01j,
            7.38950816e-03-9.53960483e-02j,
           -5.03613328e-03-1.72936345e-03j,
           -8.34773623e-05+1.49230709e-04j],
          [-3.32862487e-02-8.97052758e-02j,
            9.88868548e-01-2.71343666e-02j,
            2.07360411e-02-1.08578882e-01j,
           -5.03613328e-03-1.72936345e-03j],
          [-4.58219217e-03+2.71235162e-03j,
           -2.66962578e-02-1.07269132e-01j,
            9.88868548e-01-2.71343666e-02j,
            7.38950816e-03-9.53960483e-02j],
          [ 1.21204899e-04+1.20613627e-04j,
           -4.58219217e-03+2.71235162e-03j,
           -3.32862487e-02-8.97052758e-02j,
            9.64368752e-01-2.46595857e-01j]],
         input_dims=(2, 2), output_dims=(2, 2))"
"Operator([[ 9.64368752e-01-2.46595857e-01j,
           -1.33729876e-02-9.47426729e-02j,
           -5.29585550e-03+5.54302150e-04j,
            2.42965179e-05+1.69257064e-04j],
          [-1.31416313e-02-9.47750410e-02j,
            9.88868548e-01-2.71343666e-02j,
           -3.18610476e-03-1.10495274e-01j,
           -5.29585550e-03+5.54302150e-04j],
          [-5.29849904e-03+5.28435713e-04j,
           -2.91631852e-03-1.10502724e-01j,
            9.88868548e-01-2.71343666e-02j,
           -1.33729876e-02-9.47426729e-02j],
          [ 2.30561410e-05+1.69430484e-04j,
           -5.29849904e-03+5.28435713e-04j,
           -1.31416313e-02-9.47750410e-02j,
            9.64368752e-01-2.46595857e-01j]],
         input_dims=(2, 2), output_dims=(2, 2))"
"Operator([[ 9.64368752e-01-2.46595857e-01j,
           -3.41424167e-02-8.93829192e-02j,
           -4.52949013e-03+2.79947415e-03j,
            1.24614249e-04+1.17087845e-04j],
          [ 8.30127041e-03-9.53210353e-02j,
            9.88868548e-01-2.71343666e-02j,
           -2.77206583e-02-1.07008981e-01j,
           -4.52949013e-03+2.79947415e-03j],
          [-5.00214447e-03-1.82534575e-03j,
            2.17732369e-02-1.08375657e-01j,
            9.88868548e-01-2.71343666e-02j,
           -3.41424167e-02-8.93829192e-02j],
          [-8.77229722e-05+1.46775184e-04j,
           -5.00214447e-03-1.82534575e-03j,
            8.30127041e-03-9.53210353e-02j,
            9.64368752e-01-2.46595857e-01j]],
         input_dims=(2, 2), output_dims=(2, 2))"
"Operator([[ 9.64368752e-01-2.46595857e-01j,
           -5.96037486e-02-7.48492085e-02j,
           -2.08324754e-03+4.90034857e-03j,
            1.68568058e-04-2.86894450e-05j],
          [ 3.67736244e-02-8.83329577e-02j,
            9.88868548e-01-2.71343666e-02j,
           -5.88203939e-02-9.35922976e-02j,
           -2.08324754e-03+4.90034857e-03j],
          [-3.03145229e-03-4.37762874e-03j,
            5.35659687e-02-9.66956251e-02j,
            9.88868548e-01-2.71343666e-02j,
           -5.96037486e-02-7.48492085e-02j],
          [-1.69972717e-04+1.86426933e-05j,
           -3.03145229e-03-4.37762874e-03j,
            3.67736244e-02-8.83329577e-02j,
            9.64368752e-01-2.46595857e-01j]],
         input_dims=(2, 2), output_dims=(2, 2))"
"Operator([[ 9.64368752e-01-2.46595857e-01j,
            1.32573193e-02+9.47589276e-02j,
           -5.29719306e-03+5.41370545e-04j,
           -2.36764882e-05-1.69344909e-04j],
          [ 1.32573193e-02+9.47589276e-02j,
            9.88868548e-01-2.71343666e-02j,
            3.05121392e-03+1.10499081e-01j,
           -5.29719306e-03+5.41370545e-04j],
          [-5.29719306e-03+5.41370545e-04j,
            3.05121392e-03+1.10499081e-01j,
            9.88868548e-01-2.71343666e-02j,
            1.32573193e-02+9.47589276e-02j],
          [-2.36764882e-05-1.69344909e-04j,
           -5.29719306e-03+5.41370545e-04j,
            1.32573193e-02+9.47589276e-02j,
            9.64368752e-01-2.46595857e-01j]],
         input_dims=(2, 2), output_dims=(2, 2))"
"Operator([[ 9.64368752e-01-2.46595857e-01j,
           -9.11966116e-02+2.89514923e-02j,
            4.82069375e-03-2.26147035e-03j,
           -1.36732233e-04+1.02677023e-04j],
          [ 9.56404938e-02+2.81190599e-03j,
            9.88868548e-01-2.71343666e-02j,
           -1.08424674e-01+2.15278202e-02j,
            4.82069375e-03-2.26147035e-03j],
          [ 5.17849713e-03+1.23955792e-03j,
            1.09447447e-01+1.55117119e-02j,
            9.88868548e-01-2.71343666e-02j,
           -9.11966116e-02+2.89514923e-02j],
          [ 1.59649724e-04+6.12392024e-05j,
            5.17849713e-03+1.23955792e-03j,
            9.56404938e-02+2.81190599e-03j,
            9.64368752e-01-2.46595857e-01j]],
         input_dims=(2, 2), output_dims=(2, 2))"
"Operator([[ 9.64368752e-01-2.46595857e-01j,
           -7.79384766e-02+5.55031957e-02j,
            2.59619202e-03-4.64899165e-03j,
            1.29762733e-06+1.70987106e-04j],
          [ 9.01782565e-02+3.19826972e-02j,
            9.88868548e-01-2.71343666e-02j,
           -9.66125667e-02+5.37156296e-02j,
            2.59619202e-03-4.64899165e-03j],
          [ 3.48294635e-03+4.02770667e-03j,
            9.94295907e-02+4.83023126e-02j,
            9.88868548e-01-2.71343666e-02j,
           -7.79384766e-02+5.55031957e-02j],
          [ 4.56476180e-05+1.64786436e-04j,
            3.48294635e-03+4.02770667e-03j,
            9.01782565e-02+3.19826972e-02j,
            9.64368752e-01-2.46595857e-01j]],
         input_dims=(2, 2), output_dims=(2, 2))"
"Operator([[ 9.64368752e-01-2.46595857e-01j,
            1.32573193e-02+9.47589276e-02j,
           -5.29719306e-03+5.41370545e-04j,
           -2.36764882e-05-1.69344909e-04j],
          [ 1.32573193e-02+9.47589276e-02j,
            9.88868548e-01-2.71343666e-02j,
            3.05121392e-03+1.10499081e-01j,
           -5.29719306e-03+5.41370545e-04j],
          [-5.29719306e-03+5.41370545e-04j,
            3.05121392e-03+1.10499081e-01j,
            9.88868548e-01-2.71343666e-02j,
            1.32573193e-02+9.47589276e-02j],
          [-2.36764882e-05-1.69344909e-04j,
           -5.29719306e-03+5.41370545e-04j,
            1.32573193e-02+9.47589276e-02j,
            9.64368752e-01-2.46595857e-01j]],
         input_dims=(2, 2), output_dims=(2, 2))"
"Operator([[ 9.64368752e-01-2.46595857e-01j,
            1.32573193e-02+9.47589276e-02j,
           -5.29719306e-03+5.41370545e-04j,
           -2.36764882e-05-1.69344909e-04j],
          [ 1.32573193e-02+9.47589276e-02j,
            9.88868548e-01-2.71343666e-02j,
            3.05121392e-03+1.10499081e-01j,
           -5.29719306e-03+5.41370545e-04j],
          [-5.29719306e-03+5.41370545e-04j,
            3.05121392e-03+1.10499081e-01j,
            9.88868548e-01-2.71343666e-02j,
            1.32573193e-02+9.47589276e-02j],
          [-2.36764882e-05-1.69344909e-04j,
           -5.29719306e-03+5.41370545e-04j,
            1.32573193e-02+9.47589276e-02j,
            9.64368752e-01-2.46595857e-01j]],
         input_dims=(2, 2), output_dims=(2, 2))"
