unitary
"Operator([[ 8.86340847e-01-0.43033515j,  1.34600478e-01-0.10392725j,
            9.28293786e-03-0.01436128j,  9.90979770e-05-0.00098607j],
          [-1.67984134e-01-0.02644793j,  9.64342661e-01-0.04628868j,
            1.76614302e-01-0.08658751j,  9.28293786e-03-0.01436128j],
          [ 1.38137775e-02+0.01007963j, -1.84238099e-01-0.06889362j,
            9.64342661e-01-0.04628868j,  1.34600478e-01-0.10392725j],
          [-5.59931232e-04-0.0008177j ,  1.38137775e-02+0.01007963j,
           -1.67984134e-01-0.02644793j,  8.86340847e-01-0.43033515j]],
         input_dims=(2, 2), output_dims=(2, 2))"
"Operator([[ 8.86340847e-01-0.43033515j,  4.21826807e-02+0.16473853j,
           -1.68138086e-02+0.00311693j, -2.45314235e-04-0.00096019j],
          [ 4.21826807e-02+0.16473853j,  9.64342661e-01-0.04628868j,
            9.63322217e-03+0.19646172j, -1.68138086e-02+0.00311693j],
          [-1.68138086e-02+0.00311693j,  9.63322217e-03+0.19646172j,
            9.64342661e-01-0.04628868j,  4.21826807e-02+0.16473853j],
          [-2.45314235e-04-0.00096019j, -1.68138086e-02+0.00311693j,
            4.21826807e-02+0.16473853j,  8.86340847e-01-0.43033515j]],
         input_dims=(2, 2), output_dims=(2, 2))"
"Operator([[ 8.86340847e-01-4.30335148e-01j,
            5.67996824e-02-1.60287112e-01j,
           -9.25143520e-03-1.43815983e-02j,
           -9.89928703e-04+4.68047379e-05j],
          [-1.26844597e-01-1.13263457e-01j,
            9.64342661e-01-4.62886825e-02j,
            1.01505998e-01-1.68483056e-01j,
           -9.25143520e-03-1.43815983e-02j],
          [-3.48175213e-03+1.67420676e-02j,
           -1.17502095e-01-1.57744305e-01j,
            9.64342661e-01-4.62886825e-02j,
            5.67996824e-02-1.60287112e-01j],
          [ 8.91067618e-04-4.33760326e-04j,
           -3.48175213e-03+1.67420676e-02j,
           -1.26844597e-01-1.13263457e-01j,
            8.86340847e-01-4.30335148e-01j]],
         input_dims=(2, 2), output_dims=(2, 2))"
"Operator([[ 8.86340847e-01-0.43033515j,  4.21826807e-02+0.16473853j,
           -1.68138086e-02+0.00311693j, -2.45314235e-04-0.00096019j],
          [ 4.21826807e-02+0.16473853j,  9.64342661e-01-0.04628868j,
            9.63322217e-03+0.19646172j, -1.68138086e-02+0.00311693j],
          [-1.68138086e-02+0.00311693j,  9.63322217e-03+0.19646172j,
            9.64342661e-01-0.04628868j,  4.21826807e-02+0.16473853j],
          [-2.45314235e-04-0.00096019j, -1.68138086e-02+0.00311693j,
            4.21826807e-02+0.16473853j,  8.86340847e-01-0.43033515j]],
         input_dims=(2, 2), output_dims=(2, 2))"
"Operator([[ 8.86340847e-01-0.43033515j,  8.48713473e-02-0.14736016j,
           -3.52560107e-03-0.01673289j, -8.70322109e-04-0.00047401j],
          [-1.45248913e-01-0.08843594j,  9.64342661e-01-0.04628868j,
            1.30322720e-01-0.14732955j, -3.52560107e-03-0.01673289j],
          [ 2.70641273e-03+0.01688475j, -1.44111092e-01-0.13387308j,
            9.64342661e-01-0.04628868j,  8.48713473e-02-0.14736016j],
          [ 5.36302464e-04-0.00083338j,  2.70641273e-03+0.01688475j,
           -1.45248913e-01-0.08843594j,  8.86340847e-01-0.43033515j]],
         input_dims=(2, 2), output_dims=(2, 2))"
