unitary
"Operator([[ 8.86340847e-01-0.43033515j,  4.21826807e-02+0.16473853j,
           -1.68138086e-02+0.00311693j, -2.45314235e-04-0.00096019j],
          [ 4.21826807e-02+0.16473853j,  9.64342661e-01-0.04628868j,
            9.63322217e-03+0.19646172j, -1.68138086e-02+0.00311693j],
          [-1.68138086e-02+0.00311693j,  9.63322217e-03+0.19646172j,
            9.64342661e-01-0.04628868j,  4.21826807e-02+0.16473853j],
          [-2.45314235e-04-0.00096019j, -1.68138086e-02+0.00311693j,
            4.21826807e-02+0.16473853j,  8.86340847e-01-0.43033515j]],
         input_dims=(2, 2), output_dims=(2, 2))"
"Operator([[ 8.86340847e-01-0.43033515j,  8.09971018e-02+0.14952469j,
           -1.33519472e-02+0.01068386j, -8.27144216e-04-0.00054588j],
          [ 8.33023796e-04+0.17005137j,  9.64342661e-01-0.04628868j,
            5.71442514e-02+0.18821409j, -1.33519472e-02+0.01068386j],
          [-1.62942744e-02-0.00518807j, -3.84567766e-02+0.19290175j,
            9.64342661e-01-0.04628868j,  8.09971018e-02+0.14952469j],
          [ 4.63945735e-04-0.00087573j, -1.62942744e-02-0.00518807j,
            8.33023796e-04+0.17005137j,  8.86340847e-01-0.43033515j]],
         input_dims=(2, 2), output_dims=(2, 2))"
"Operator([[ 8.86340847e-01-0.43033515j,  4.21826807e-02+0.16473853j,
           -1.68138086e-02+0.00311693j, -2.45314235e-04-0.00096019j],
          [ 4.21826807e-02+0.16473853j,  9.64342661e-01-0.04628868j,
            9.63322217e-03+0.19646172j, -1.68138086e-02+0.00311693j],
          [-1.68138086e-02+0.00311693j,  9.63322217e-03+0.19646172j,
            9.64342661e-01-0.04628868j,  4.21826807e-02+0.16473853j],
          [-2.45314235e-04-0.00096019j, -1.68138086e-02+0.00311693j,
            4.21826807e-02+0.16473853j,  8.86340847e-01-0.43033515j]],
         input_dims=(2, 2), output_dims=(2, 2))"
"Operator([[ 8.86340847e-01-4.30335148e-01j,
            1.41484908e-01+9.43407816e-02j,
            1.30814505e-03+1.70501666e-02j,
           -6.34912211e-04+7.60944154e-04j],
          [-7.87326532e-02+1.50729333e-01j,
            9.64342661e-01-4.62886825e-02j,
            1.38477429e-01+1.39692554e-01j,
            1.30814505e-03+1.70501666e-02j],
          [-4.89024974e-03-1.63861186e-02j,
           -1.24146751e-01+1.52569958e-01j,
            9.64342661e-01-4.62886825e-02j,
            1.41484908e-01+9.43407816e-02j],
          [ 9.22101068e-04+3.63151677e-04j,
           -4.89024974e-03-1.63861186e-02j,
           -7.87326532e-02+1.50729333e-01j,
            8.86340847e-01-4.30335148e-01j]],
         input_dims=(2, 2), output_dims=(2, 2))"
"Operator([[ 8.86340847e-01-0.43033515j,  1.49754950e-01+0.08057057j,
            4.48792671e-03+0.01650085j, -3.96739474e-04+0.00090816j],
          [-9.26029954e-02+0.14262835j,  9.64342661e-01-0.04628868j,
            1.51039906e-01+0.12600379j,  4.48792671e-03+0.01650085j],
          [-1.72485791e-03-0.01701306j, -1.37988164e-01+0.14017587j,
            9.64342661e-01-0.04628868j,  1.49754950e-01+0.08057057j],
          [ 7.83727017e-04+0.00060657j, -1.72485791e-03-0.01701306j,
           -9.26029954e-02+0.14262835j,  8.86340847e-01-0.43033515j]],
         input_dims=(2, 2), output_dims=(2, 2))"
"Operator([[ 8.86340847e-01-0.43033515j,  1.51327065e-01+0.07757759j,
            5.14030970e-03+0.0163094j , -3.41901286e-04+0.00093019j],
          [-9.54200875e-02+0.14075926j,  9.64342661e-01-0.04628868j,
            1.53514961e-01+0.12297628j,  5.14030970e-03+0.0163094j ],
          [-1.04720311e-03-0.01706818j, -1.40747533e-01+0.13740502j,
            9.64342661e-01-0.04628868j,  1.51327065e-01+0.07757759j],
          [ 7.46177740e-04+0.0006522j , -1.04720311e-03-0.01706818j,
           -9.54200875e-02+0.14075926j,  8.86340847e-01-0.43033515j]],
         input_dims=(2, 2), output_dims=(2, 2))"
"Operator([[ 8.86340847e-01-4.30335148e-01j,
            1.67985898e-01-2.64367264e-02j,
            1.70999822e-02+1.00166632e-04j,
            9.90475188e-04+3.32929887e-05j],
          [-1.60018676e-01+5.75515917e-02j,
            9.64342661e-01-4.62886825e-02j,
            1.96493437e-01+8.96310992e-03j,
            1.70999822e-02+1.00166632e-04j],
          [ 1.59278280e-02-6.22283861e-03j,
           -1.94673969e-01+2.81434492e-02j,
            9.64342661e-01-4.62886825e-02j,
            1.67985898e-01-2.64367264e-02j],
          [-8.53127446e-04+5.04304552e-04j,
            1.59278280e-02-6.22283861e-03j,
           -1.60018676e-01+5.75515917e-02j,
            8.86340847e-01-4.30335148e-01j]],
         input_dims=(2, 2), output_dims=(2, 2))"
"Operator([[ 8.86340847e-01-0.43033515j, -1.37813868e-02-0.16949406j,
           -1.68931905e-02-0.00265321j, -2.53331462e-04+0.00095811j],
          [-6.93743567e-02-0.15525901j,  9.64342661e-01-0.04628868j,
            2.36540661e-02-0.19527031j, -1.68931905e-02-0.00265321j],
          [-1.48196617e-02+0.00853212j, -4.26442711e-02-0.19201946j,
            9.64342661e-01-0.04628868j, -1.37813868e-02-0.16949406j],
          [ 6.81853456e-04+0.00071918j, -1.48196617e-02+0.00853212j,
           -6.93743567e-02-0.15525901j,  8.86340847e-01-0.43033515j]],
         input_dims=(2, 2), output_dims=(2, 2))"
"Operator([[ 8.86340847e-01-4.30335148e-01j,
            1.39758991e-02-1.69478130e-01j,
           -1.51472531e-02-7.93600317e-03j,
           -6.74597575e-04+7.25994237e-04j],
          [-9.37080914e-02-1.41904743e-01j,
            9.64342661e-01-4.62886825e-02j,
            5.51059970e-02-1.88820913e-01j,
           -1.51472531e-02-7.93600317e-03j],
          [-1.12961709e-02+1.28380663e-02j,
           -7.33143685e-02-1.82524002e-01j,
            9.64342661e-01-4.62886825e-02j,
            1.39758991e-02-1.69478130e-01j],
          [ 9.40159082e-04+3.13449233e-04j,
           -1.12961709e-02+1.28380663e-02j,
           -9.37080914e-02-1.41904743e-01j,
            8.86340847e-01-4.30335148e-01j]],
         input_dims=(2, 2), output_dims=(2, 2))"
"Operator([[ 8.86340847e-01-0.43033515j,  4.21826807e-02+0.16473853j,
           -1.68138086e-02+0.00311693j, -2.45314235e-04-0.00096019j],
          [ 4.21826807e-02+0.16473853j,  9.64342661e-01-0.04628868j,
            9.63322217e-03+0.19646172j, -1.68138086e-02+0.00311693j],
          [-1.68138086e-02+0.00311693j,  9.63322217e-03+0.19646172j,
            9.64342661e-01-0.04628868j,  4.21826807e-02+0.16473853j],
          [-2.45314235e-04-0.00096019j, -1.68138086e-02+0.00311693j,
            4.21826807e-02+0.16473853j,  8.86340847e-01-0.43033515j]],
         input_dims=(2, 2), output_dims=(2, 2))"
