unitary
"Operator([[ 0.6967498 -0.66116202j,  0.11179695+0.25045957j,
           -0.04427972+0.01395935j, -0.0018299 -0.00412768j],
          [ 0.11179695+0.25045957j,  0.90380399-0.06663156j,
            0.02500247+0.31731586j, -0.04427972+0.01395935j],
          [-0.04427972+0.01395935j,  0.02500247+0.31731586j,
            0.90380399-0.06663156j,  0.11179695+0.25045957j],
          [-0.0018299 -0.00412768j, -0.04427972+0.01395935j,
            0.11179695+0.25045957j,  0.6967498 -0.66116202j]],
         input_dims=(2, 2), output_dims=(2, 2))"
"Operator([[ 0.6967498 -0.66116202j,  0.11179695+0.25045957j,
           -0.04427972+0.01395935j, -0.0018299 -0.00412768j],
          [ 0.11179695+0.25045957j,  0.90380399-0.06663156j,
            0.02500247+0.31731586j, -0.04427972+0.01395935j],
          [-0.04427972+0.01395935j,  0.02500247+0.31731586j,
            0.90380399-0.06663156j,  0.11179695+0.25045957j],
          [-0.0018299 -0.00412768j, -0.04427972+0.01395935j,
            0.11179695+0.25045957j,  0.6967498 -0.66116202j]],
         input_dims=(2, 2), output_dims=(2, 2))"
"Operator([[ 6.96749798e-01-0.66116202j,  2.74235303e-01+0.004853j  ,
            3.90963955e-02+0.02504054j,  2.82329837e-03+0.00352353j],
          [-1.79499118e-01+0.2073852j ,  9.03803987e-01-0.06663156j,
            2.98019377e-01+0.11179861j,  3.90963955e-02+0.02504054j],
          [ 1.76667321e-02-0.04293534j, -2.76832406e-01+0.15709328j,
            9.03803987e-01-0.06663156j,  2.74235303e-01+0.004853j  ],
          [ 7.15161554e-04+0.00445812j,  1.76667321e-02-0.04293534j,
           -1.79499118e-01+0.2073852j ,  6.96749798e-01-0.66116202j]],
         input_dims=(2, 2), output_dims=(2, 2))"
