unitary
"Operator([[ 0.64342104-0.70368247j,  0.27892871+0.09996732j,
            0.01612869+0.05245461j, -0.00217621+0.00541286j],
          [-0.09019758+0.28223941j,  0.88650541-0.0694078j ,
            0.25923232+0.22645752j,  0.01612869+0.05245461j],
          [-0.01973915-0.05120534j, -0.21729673+0.26695792j,
            0.88650541-0.0694078j ,  0.27892871+0.09996732j],
          [ 0.00561025+0.00160002j, -0.01973915-0.05120534j,
           -0.09019758+0.28223941j,  0.64342104-0.70368247j]],
         input_dims=(2, 2), output_dims=(2, 2))"
"Operator([[ 0.64342104-0.70368247j,  0.28917442-0.06459758j,
            0.054305  +0.00791126j,  0.00563589+0.00150725j],
          [-0.22708873+0.19032971j,  0.88650541-0.0694078j ,
            0.34013642+0.05283577j,  0.054305  +0.00791126j],
          [ 0.03780252-0.03978179j, -0.32634113+0.10947998j,
            0.88650541-0.0694078j ,  0.28917442-0.06459758j],
          [-0.00226522+0.00537622j,  0.03780252-0.03978179j,
           -0.22708873+0.19032971j,  0.64342104-0.70368247j]],
         input_dims=(2, 2), output_dims=(2, 2))"
"Operator([[ 0.64342104-0.70368247j, -0.27706215+0.10502978j,
            0.05433769-0.00768355j, -0.00575339+0.0009662j ],
          [ 0.25182792-0.1561326j ,  0.88650541-0.0694078j ,
           -0.34419272-0.00397116j,  0.05433769-0.00768355j],
          [ 0.04746634-0.02754212j,  0.33858574-0.06200078j,
            0.88650541-0.0694078j , -0.27706215+0.10502978j],
          [ 0.00429114-0.00395236j,  0.04746634-0.02754212j,
            0.25182792-0.1561326j ,  0.64342104-0.70368247j]],
         input_dims=(2, 2), output_dims=(2, 2))"
"Operator([[ 6.43421039e-01-0.70368247j, -1.28714021e-01+0.2668846j ,
           -4.81364681e-03-0.05466672j,  4.46962758e-03+0.00374932j],
          [ 2.90152654e-01+0.06005104j,  8.86505412e-01-0.0694078j ,
           -2.52435437e-01+0.23401015j, -4.81364681e-03-0.05466672j],
          [ 3.00016415e-02+0.04595131j,  2.88306695e-01+0.18805225j,
            8.86505412e-01-0.0694078j , -1.28714021e-01+0.2668846j ],
          [ 2.21015360e-04+0.00582976j,  3.00016415e-02+0.04595131j,
            2.90152654e-01+0.06005104j,  6.43421039e-01-0.70368247j]],
         input_dims=(2, 2), output_dims=(2, 2))"
"Operator([[ 0.64342104-0.70368247j,  0.13118932+0.26567659j,
           -0.05186141+0.01794479j, -0.00256566-0.00523951j],
          [ 0.13118932+0.26567659j,  0.88650541-0.0694078j ,
            0.02914994+0.34297913j, -0.05186141+0.01794479j],
          [-0.05186141+0.01794479j,  0.02914994+0.34297913j,
            0.88650541-0.0694078j ,  0.13118932+0.26567659j],
          [-0.00256566-0.00523951j, -0.05186141+0.01794479j,
            0.13118932+0.26567659j,  0.64342104-0.70368247j]],
         input_dims=(2, 2), output_dims=(2, 2))"
"Operator([[ 0.64342104-7.03682471e-01j, -0.27224822-1.16942709e-01j,
            0.00956281+5.40386334e-02j,  0.00313344-4.92103204e-03j],
          [ 0.07265804-2.87255113e-01j,  0.88650541-6.94078004e-02j,
           -0.24480514-2.41981085e-01j,  0.00956281+5.40386334e-02j],
          [-0.0258799 -4.83926838e-02j,  0.2004567 -2.79824073e-01j,
            0.88650541-6.94078004e-02j, -0.27224822-1.16942709e-01j],
          [-0.00580869-5.42290071e-04j, -0.0258799 -4.83926838e-02j,
            0.07265804-2.87255113e-01j,  0.64342104-7.03682471e-01j]],
         input_dims=(2, 2), output_dims=(2, 2))"
"Operator([[ 0.64342104-0.70368247j, -0.27785554+0.10291254j,
            0.05444862-0.0068534j , -0.005774  +0.00083424j],
          [ 0.25062918-0.15804968j,  0.88650541-0.0694078j ,
           -0.3441524 -0.00659748j,  0.05444862-0.0068534j ],
          [ 0.04704049-0.02826329j,  0.33810277-0.06458263j,
            0.88650541-0.0694078j , -0.27785554+0.10291254j],
          [ 0.00419954-0.00404955j,  0.04704049-0.02826329j,
            0.25062918-0.15804968j,  0.64342104-0.70368247j]],
         input_dims=(2, 2), output_dims=(2, 2))"
"Operator([[ 0.64342104-0.70368247j,  0.13118932+0.26567659j,
           -0.05186141+0.01794479j, -0.00256566-0.00523951j],
          [ 0.13118932+0.26567659j,  0.88650541-0.0694078j ,
            0.02914994+0.34297913j, -0.05186141+0.01794479j],
          [-0.05186141+0.01794479j,  0.02914994+0.34297913j,
            0.88650541-0.0694078j ,  0.13118932+0.26567659j],
          [-0.00256566-0.00523951j, -0.05186141+0.01794479j,
            0.13118932+0.26567659j,  0.64342104-0.70368247j]],
         input_dims=(2, 2), output_dims=(2, 2))"
"Operator([[ 0.64342104-0.70368247j, -0.10652076+0.27649235j,
           -0.01363611-0.0531571j ,  0.00524538+0.00255363j],
          [ 0.28428903+0.08351308j,  0.88650541-0.0694078j ,
           -0.23251101+0.25381692j, -0.01363611-0.0531571j ],
          [ 0.02213286+0.05021711j,  0.27201067+0.21093742j,
            0.88650541-0.0694078j , -0.10652076+0.27649235j],
          [-0.00119919+0.00570937j,  0.02213286+0.05021711j,
            0.28428903+0.08351308j,  0.64342104-0.70368247j]],
         input_dims=(2, 2), output_dims=(2, 2))"
"Operator([[ 0.64342104-0.70368247j,  0.13118932+0.26567659j,
           -0.05186141+0.01794479j, -0.00256566-0.00523951j],
          [ 0.13118932+0.26567659j,  0.88650541-0.0694078j ,
            0.02914994+0.34297913j, -0.05186141+0.01794479j],
          [-0.05186141+0.01794479j,  0.02914994+0.34297913j,
            0.88650541-0.0694078j ,  0.13118932+0.26567659j],
          [-0.00256566-0.00523951j, -0.05186141+0.01794479j,
            0.13118932+0.26567659j,  0.64342104-0.70368247j]],
         input_dims=(2, 2), output_dims=(2, 2))"
"Operator([[ 0.64342104-7.03682471e-01j, -0.03451891-2.94284106e-01j,
           -0.0515381 -1.88532658e-02j, -0.00314997+4.91046741e-03j],
          [-0.2126726 -2.06313007e-01j,  0.88650541-6.94078004e-02j,
            0.0875324 -3.32900103e-01j, -0.0515381 -1.88532658e-02j],
          [-0.02886478+4.66738219e-02j, -0.14245773-3.13353146e-01j,
            0.88650541-6.94078004e-02j, -0.03451891-2.94284106e-01j],
          [ 0.00581048+5.22754145e-04j, -0.02886478+4.66738219e-02j,
           -0.2126726 -2.06313007e-01j,  0.64342104-7.03682471e-01j]],
         input_dims=(2, 2), output_dims=(2, 2))"
