unitary
"Operator([[ 8.49807622e-01-0.48915947j,  5.56732257e-02+0.18690713j,
           -2.21650333e-02+0.00475873j, -4.32099984e-04-0.00145507j],
          [ 5.56732257e-02+0.18690713j,  9.52785453e-01-0.05202104j,
            1.26658519e-02+0.2253565j , -2.21650333e-02+0.00475873j],
          [-2.21650333e-02+0.00475873j,  1.26658519e-02+0.2253565j ,
            9.52785453e-01-0.05202104j,  5.56732257e-02+0.18690713j],
          [-4.32099984e-04-0.00145507j, -2.21650333e-02+0.00475873j,
            5.56732257e-02+0.18690713j,  8.49807622e-01-0.48915947j]],
         input_dims=(2, 2), output_dims=(2, 2))"
"Operator([[ 0.84980762-4.89159468e-01j,  0.15087035+1.23579609e-01j,
           -0.00381943+2.23460534e-02j, -0.00132994+7.31578684e-04j],
          [-0.05865975+1.85991442e-01j,  0.95278545-5.20210443e-02j,
            0.13680578+1.79527585e-01j, -0.00381943+2.23460534e-02j],
          [-0.01265523-1.88090234e-02j, -0.11582754+1.93726493e-01j,
            0.95278545-5.20210443e-02j,  0.15087035+1.23579609e-01j],
          [ 0.00151367-1.12863834e-04j, -0.01265523-1.88090234e-02j,
           -0.05865975+1.85991442e-01j,  0.84980762-4.89159468e-01j]],
         input_dims=(2, 2), output_dims=(2, 2))"
"Operator([[ 8.49807622e-01-0.48915947j,  5.56732257e-02+0.18690713j,
           -2.21650333e-02+0.00475873j, -4.32099984e-04-0.00145507j],
          [ 5.56732257e-02+0.18690713j,  9.52785453e-01-0.05202104j,
            1.26658519e-02+0.2253565j , -2.21650333e-02+0.00475873j],
          [-2.21650333e-02+0.00475873j,  1.26658519e-02+0.2253565j ,
            9.52785453e-01-0.05202104j,  5.56732257e-02+0.18690713j],
          [-4.32099984e-04-0.00145507j, -2.21650333e-02+0.00475873j,
            5.56732257e-02+0.18690713j,  8.49807622e-01-0.48915947j]],
         input_dims=(2, 2), output_dims=(2, 2))"
"Operator([[ 8.49807622e-01-0.48915947j,  1.02259112e-01-0.16606281j,
           -2.24956864e-03-0.02255823j, -1.19456413e-03-0.00093646j],
          [-1.76458968e-01-0.08304225j,  9.52785453e-01-0.05202104j,
            1.59586751e-01-0.15961843j, -2.24956864e-03-0.02255823j],
          [ 7.20815466e-03+0.02149364j, -1.76467475e-01-0.14073096j,
            9.52785453e-01-0.05202104j,  1.02259112e-01-0.16606281j],
          [ 4.89838311e-04-0.00143666j,  7.20815466e-03+0.02149364j,
           -1.76458968e-01-0.08304225j,  8.49807622e-01-0.48915947j]],
         input_dims=(2, 2), output_dims=(2, 2))"
"Operator([[ 8.49807622e-01-0.48915947j,  1.26687895e-01-0.14826989j,
            4.74460080e-03-0.02216806j, -6.47300107e-04-0.00137293j],
          [-1.87170188e-01-0.05478232j,  9.52785453e-01-0.05202104j,
            1.82331540e-01-0.1330458j ,  4.74460080e-03-0.02216806j],
          [ 1.34258048e-02+0.01826696j, -1.96091472e-01-0.11177705j,
            9.52785453e-01-0.05202104j,  1.26687895e-01-0.14826989j],
          [-2.06948955e-04-0.0015037j ,  1.34258048e-02+0.01826696j,
           -1.87170188e-01-0.05478232j,  8.49807622e-01-0.48915947j]],
         input_dims=(2, 2), output_dims=(2, 2))"
"Operator([[ 8.49807622e-01-0.48915947j,  5.56732257e-02+0.18690713j,
           -2.21650333e-02+0.00475873j, -4.32099984e-04-0.00145507j],
          [ 5.56732257e-02+0.18690713j,  9.52785453e-01-0.05202104j,
            1.26658519e-02+0.2253565j , -2.21650333e-02+0.00475873j],
          [-2.21650333e-02+0.00475873j,  1.26658519e-02+0.2253565j ,
            9.52785453e-01-0.05202104j,  5.56732257e-02+0.18690713j],
          [-4.32099984e-04-0.00145507j, -2.21650333e-02+0.00475873j,
            5.56732257e-02+0.18690713j,  8.49807622e-01-0.48915947j]],
         input_dims=(2, 2), output_dims=(2, 2))"
"Operator([[ 8.49807622e-01-0.48915947j,  1.55088261e-01-0.11824303j,
            1.34564590e-02-0.01824439j,  2.96206844e-04-0.00148869j],
          [-1.94511468e-01-0.01410925j,  9.52785453e-01-0.05202104j,
            2.06274145e-01-0.09163488j,  1.34564590e-02-0.01824439j],
          [ 1.97593738e-02+0.01111311j, -2.15243061e-01-0.06794409j,
            9.52785453e-01-0.05202104j,  1.55088261e-01-0.11824303j],
          [-1.06071333e-03-0.00108574j,  1.97593738e-02+0.01111311j,
           -1.94511468e-01-0.01410925j,  8.49807622e-01-0.48915947j]],
         input_dims=(2, 2), output_dims=(2, 2))"
"Operator([[ 0.84980762-4.89159468e-01j,  0.14559395+1.29754322e-01j,
           -0.00566545+2.19507826e-02j, -0.00141074+5.60133140e-04j],
          [-0.05086463+1.88272599e-01j,  0.95278545-5.20210443e-02j,
            0.12921203+1.85068163e-01j, -0.00566545+2.19507826e-02j],
          [-0.01417632-1.76908518e-02j, -0.10766078+1.98381274e-01j,
            0.95278545-5.20210443e-02j,  0.14559395+1.29754322e-01j],
          [ 0.0014878 -3.00623896e-04j, -0.01417632-1.76908518e-02j,
           -0.05086463+1.88272599e-01j,  0.84980762-4.89159468e-01j]],
         input_dims=(2, 2), output_dims=(2, 2))"
"Operator([[ 8.49807622e-01-0.48915947j,  5.56732257e-02+0.18690713j,
           -2.21650333e-02+0.00475873j, -4.32099984e-04-0.00145507j],
          [ 5.56732257e-02+0.18690713j,  9.52785453e-01-0.05202104j,
            1.26658519e-02+0.2253565j , -2.21650333e-02+0.00475873j],
          [-2.21650333e-02+0.00475873j,  1.26658519e-02+0.2253565j ,
            9.52785453e-01-0.05202104j,  5.56732257e-02+0.18690713j],
          [-4.32099984e-04-0.00145507j, -2.21650333e-02+0.00475873j,
            5.56732257e-02+0.18690713j,  8.49807622e-01-0.48915947j]],
         input_dims=(2, 2), output_dims=(2, 2))"
"Operator([[ 8.49807622e-01-0.48915947j, -1.58002360e-01+0.11431989j,
            1.43535673e-02-0.01754734j, -4.07182006e-04+0.00146224j],
          [ 1.94803930e-01+0.00923099j,  9.52785453e-01-0.05202104j,
           -2.08505458e-01+0.08643754j,  1.43535673e-02-0.01754734j],
          [ 2.02913057e-02+0.01010926j,  2.16877943e-01+0.06252945j,
            9.52785453e-01-0.05202104j, -1.58002360e-01+0.11431989j],
          [ 1.13926428e-03+0.001003j  ,  2.02913057e-02+0.01010926j,
            1.94803930e-01+0.00923099j,  8.49807622e-01-0.48915947j]],
         input_dims=(2, 2), output_dims=(2, 2))"
"Operator([[ 8.49807622e-01-0.48915947j, -1.59548336e-01+0.11215218j,
            1.48272866e-02-0.01714893j, -4.66713284e-04+0.00144434j],
          [ 1.94911798e-01+0.00657065j,  9.52785453e-01-0.05202104j,
           -2.09666076e-01+0.08358296j,  1.48272866e-02-0.01714893j],
          [ 2.05597404e-02+0.0095515j ,  2.17711387e-01+0.05956279j,
            9.52785453e-01-0.05202104j, -1.59548336e-01+0.11215218j],
          [ 1.17937777e-03+0.00095551j,  2.05597404e-02+0.0095515j ,
            1.94911798e-01+0.00657065j,  8.49807622e-01-0.48915947j]],
         input_dims=(2, 2), output_dims=(2, 2))"
"Operator([[ 8.49807622e-01-0.48915947j,  5.56732257e-02+0.18690713j,
           -2.21650333e-02+0.00475873j, -4.32099984e-04-0.00145507j],
          [ 5.56732257e-02+0.18690713j,  9.52785453e-01-0.05202104j,
            1.26658519e-02+0.2253565j , -2.21650333e-02+0.00475873j],
          [-2.21650333e-02+0.00475873j,  1.26658519e-02+0.2253565j ,
            9.52785453e-01-0.05202104j,  5.56732257e-02+0.18690713j],
          [-4.32099984e-04-0.00145507j, -2.21650333e-02+0.00475873j,
            5.56732257e-02+0.18690713j,  8.49807622e-01-0.48915947j]],
         input_dims=(2, 2), output_dims=(2, 2))"
"Operator([[ 0.84980762-4.89159468e-01j, -0.18256967+6.85718567e-02j,
            0.02128736-7.79631949e-03j, -0.00133348+7.25101723e-04j],
          [ 0.19033453-4.25035192e-02j,  0.95278545-5.20210443e-02j,
           -0.22392459+2.83504933e-02j,  0.02128736-7.79631949e-03j],
          [ 0.02261154-1.62856232e-03j,  0.22569113+3.08046006e-03j,
            0.95278545-5.20210443e-02j, -0.18256967+6.85718567e-02j],
          [ 0.0015131 -1.20224424e-04j,  0.02261154-1.62856232e-03j,
            0.19033453-4.25035192e-02j,  0.84980762-4.89159468e-01j]],
         input_dims=(2, 2), output_dims=(2, 2))"
