unitary
"Operator([[ 9.87115582e-01-1.49262703e-01j,
           -2.38459406e-02-5.24513997e-02j,
           -1.40903245e-03+1.30683884e-03j,
            3.31958761e-05+1.63412050e-05j],
          [ 1.48112762e-02-5.56812743e-02j,
            9.95979600e-01-1.65272526e-02j,
           -2.34395414e-02-6.22784372e-02j,
           -1.40903245e-03+1.30683884e-03j],
          [-1.55784579e-03-1.12530739e-03j,
            2.13556286e-02-6.30234319e-02j,
            9.95979600e-01-1.65272526e-02j,
           -2.38459406e-02-5.24513997e-02j],
          [-3.00247322e-05+2.16221328e-05j,
           -1.55784579e-03-1.12530739e-03j,
            1.48112762e-02-5.56812743e-02j,
            9.87115582e-01-1.49262703e-01j]],
         input_dims=(2, 2), output_dims=(2, 2))"
"Operator([[ 9.87115582e-01-1.49262703e-01j,
           -3.12331672e-02-4.84176360e-02j,
           -9.72492796e-04+1.65754577e-03j,
            3.69934708e-05+6.95912032e-07j],
          [ 2.27654616e-02-5.29293110e-02j,
            9.95979600e-01-1.65272526e-02j,
           -3.22628077e-02-5.81990299e-02j,
           -9.72492796e-04+1.65754577e-03j],
          [-1.16731916e-03-1.52661921e-03j,
            3.03096681e-02-5.92396815e-02j,
            9.95979600e-01-1.65272526e-02j,
           -3.12331672e-02-4.84176360e-02j],
          [-3.63653443e-05+6.82370194e-06j,
           -1.16731916e-03-1.52661921e-03j,
            2.27654616e-02-5.29293110e-02j,
            9.87115582e-01-1.49262703e-01j]],
         input_dims=(2, 2), output_dims=(2, 2))"
"Operator([[ 9.87115582e-01-1.49262703e-01j,
           -3.85967824e-02-4.27792777e-02j,
           -3.97435249e-04+1.88022484e-03j,
            3.30779386e-05-1.65786353e-05j],
          [ 3.09626371e-02-4.85910826e-02j,
            9.95979600e-01-1.65272526e-02j,
           -4.11824328e-02-5.22687581e-02j,
           -3.97435249e-04+1.88022484e-03j],
          [-6.23699322e-04-1.81774568e-03j,
            3.94215601e-02-5.36092944e-02j,
            9.95979600e-01-1.65272526e-02j,
           -3.85967824e-02-4.27792777e-02j],
          [-3.53700241e-05-1.08610574e-05j,
           -6.23699322e-04-1.81774568e-03j,
            3.09626371e-02-4.85910826e-02j,
            9.87115582e-01-1.49262703e-01j]],
         input_dims=(2, 2), output_dims=(2, 2))"
"Operator([[ 9.87115582e-01-1.49262703e-01j,
            4.79732348e-03+5.74174529e-02j,
           -1.91818285e-03+1.17365961e-04j,
           -3.07994935e-06-3.68716027e-05j],
          [ 4.79732348e-03+5.74174529e-02j,
            9.95979600e-01-1.65272526e-02j,
            1.10653851e-03+6.65341372e-02j,
           -1.91818285e-03+1.17365961e-04j],
          [-1.91818285e-03+1.17365961e-04j,
            1.10653851e-03+6.65341372e-02j,
            9.95979600e-01-1.65272526e-02j,
            4.79732348e-03+5.74174529e-02j],
          [-3.07994935e-06-3.68716027e-05j,
           -1.91818285e-03+1.17365961e-04j,
            4.79732348e-03+5.74174529e-02j,
            9.87115582e-01-1.49262703e-01j]],
         input_dims=(2, 2), output_dims=(2, 2))"
"Operator([[ 9.87115582e-01-1.49262703e-01j,
           -5.09891525e-02-2.68306641e-02j,
            9.15285603e-04+1.68980841e-03j,
            1.81631212e-06-3.69554080e-05j],
          [ 4.58297781e-02-3.49200465e-02j,
            9.95979600e-01-1.65272526e-02j,
           -5.66908947e-02-3.48447744e-02j,
            9.15285603e-04+1.68980841e-03j],
          [ 7.02443983e-04-1.78879084e-03j,
            5.55008465e-02-3.67106508e-02j,
            9.95979600e-01-1.65272526e-02j,
           -5.09891525e-02-2.68306641e-02j],
          [-7.92226024e-06-3.61419281e-05j,
            7.02443983e-04-1.78879084e-03j,
            4.58297781e-02-3.49200465e-02j,
            9.87115582e-01-1.49262703e-01j]],
         input_dims=(2, 2), output_dims=(2, 2))"
"Operator([[ 9.87115582e-01-1.49262703e-01j,
           -5.51761366e-02-1.65943413e-02j,
            1.48228026e-03+1.22312937e-03j,
           -1.86287221e-05-3.19682950e-05j],
          [ 5.16573751e-02-2.55204585e-02j,
            9.95979600e-01-1.65272526e-02j,
           -6.23040279e-02-2.33714345e-02j,
            1.48228026e-03+1.22312937e-03j],
          [ 1.32210459e-03-1.39471849e-03j,
            6.14923993e-02-2.54303101e-02j,
            9.95979600e-01-1.65272526e-02j,
           -5.51761366e-02-1.65943413e-02j],
          [ 1.30668297e-05-3.46158798e-05j,
            1.32210459e-03-1.39471849e-03j,
            5.16573751e-02-2.55204585e-02j,
            9.87115582e-01-1.49262703e-01j]],
         input_dims=(2, 2), output_dims=(2, 2))"
"Operator([[ 9.87115582e-01-1.49262703e-01j,
            4.79732348e-03+5.74174529e-02j,
           -1.91818285e-03+1.17365961e-04j,
           -3.07994935e-06-3.68716027e-05j],
          [ 4.79732348e-03+5.74174529e-02j,
            9.95979600e-01-1.65272526e-02j,
            1.10653851e-03+6.65341372e-02j,
           -1.91818285e-03+1.17365961e-04j],
          [-1.91818285e-03+1.17365961e-04j,
            1.10653851e-03+6.65341372e-02j,
            9.95979600e-01-1.65272526e-02j,
            4.79732348e-03+5.74174529e-02j],
          [-3.07994935e-06-3.68716027e-05j,
           -1.91818285e-03+1.17365961e-04j,
            4.79732348e-03+5.74174529e-02j,
            9.87115582e-01-1.49262703e-01j]],
         input_dims=(2, 2), output_dims=(2, 2))"
"Operator([[ 9.87115582e-01-1.49262703e-01j,
            4.79732348e-03+5.74174529e-02j,
           -1.91818285e-03+1.17365961e-04j,
           -3.07994935e-06-3.68716027e-05j],
          [ 4.79732348e-03+5.74174529e-02j,
            9.95979600e-01-1.65272526e-02j,
            1.10653851e-03+6.65341372e-02j,
           -1.91818285e-03+1.17365961e-04j],
          [-1.91818285e-03+1.17365961e-04j,
            1.10653851e-03+6.65341372e-02j,
            9.95979600e-01-1.65272526e-02j,
            4.79732348e-03+5.74174529e-02j],
          [-3.07994935e-06-3.68716027e-05j,
           -1.91818285e-03+1.17365961e-04j,
            4.79732348e-03+5.74174529e-02j,
            9.87115582e-01-1.49262703e-01j]],
         input_dims=(2, 2), output_dims=(2, 2))"
"Operator([[ 9.87115582e-01-1.49262703e-01j,
           -5.58272059e-02+1.42513610e-02j,
            1.77432620e-03-7.38218630e-04j,
           -3.08865474e-05+2.03720976e-05j],
          [ 5.74181037e-02+4.78952741e-03j,
            9.95979600e-01-1.65272526e-02j,
           -6.54296657e-02+1.21233119e-02j,
            1.77432620e-03-7.38218630e-04j],
          [ 1.85109093e-03+5.16393809e-04j,
            6.57966182e-02+9.94086925e-03j,
            9.95979600e-01-1.65272526e-02j,
           -5.58272059e-02+1.42513610e-02j],
          [ 3.38383598e-05+1.49655131e-05j,
            1.85109093e-03+5.16393809e-04j,
            5.74181037e-02+4.78952741e-03j,
            9.87115582e-01-1.49262703e-01j]],
         input_dims=(2, 2), output_dims=(2, 2))"
"Operator([[ 9.87115582e-01-1.49262703e-01j,
           -5.29423659e-02+2.27350853e-02j,
            1.46285868e-03-1.24629238e-03j,
           -1.84063813e-05+3.20968269e-05j],
          [ 5.59810925e-02+1.36343496e-02j,
            9.95979600e-01-1.65272526e-02j,
           -6.27586543e-02+2.21216447e-02j,
            1.46285868e-03-1.24629238e-03j],
          [ 1.60388893e-03+1.05865032e-03j,
            6.34595593e-02+2.00224919e-02j,
            9.95979600e-01-1.65272526e-02j,
           -5.29423659e-02+2.27350853e-02j],
          [ 2.34763503e-05+2.85982892e-05j,
            1.60388893e-03+1.05865032e-03j,
            5.59810925e-02+1.36343496e-02j,
            9.87115582e-01-1.49262703e-01j]],
         input_dims=(2, 2), output_dims=(2, 2))"
"Operator([[ 9.87115582e-01-1.49262703e-01j,
           -4.92025925e-02+2.99813792e-02j,
            1.05619113e-03-1.60550942e-03j,
           -3.53710325e-06+3.68305589e-05j],
          [ 5.34956564e-02+2.14007701e-02j,
            9.95979600e-01-1.65272526e-02j,
           -5.90071722e-02+3.07598680e-02j,
            1.05619113e-03-1.60550942e-03j],
          [ 1.24404910e-03+1.46476690e-03j,
            5.99973994e-02+2.87806863e-02j,
            9.95979600e-01-1.65272526e-02j,
           -4.92025925e-02+2.99813792e-02j],
          [ 9.59849075e-06+3.57333198e-05j,
            1.24404910e-03+1.46476690e-03j,
            5.34956564e-02+2.14007701e-02j,
            9.87115582e-01-1.49262703e-01j]],
         input_dims=(2, 2), output_dims=(2, 2))"
"Operator([[ 9.87115582e-01-1.49262703e-01j,
            4.79732348e-03+5.74174529e-02j,
           -1.91818285e-03+1.17365961e-04j,
           -3.07994935e-06-3.68716027e-05j],
          [ 4.79732348e-03+5.74174529e-02j,
            9.95979600e-01-1.65272526e-02j,
            1.10653851e-03+6.65341372e-02j,
           -1.91818285e-03+1.17365961e-04j],
          [-1.91818285e-03+1.17365961e-04j,
            1.10653851e-03+6.65341372e-02j,
            9.95979600e-01-1.65272526e-02j,
            4.79732348e-03+5.74174529e-02j],
          [-3.07994935e-06-3.68716027e-05j,
           -1.91818285e-03+1.17365961e-04j,
            4.79732348e-03+5.74174529e-02j,
            9.87115582e-01-1.49262703e-01j]],
         input_dims=(2, 2), output_dims=(2, 2))"
"Operator([[ 9.87115582e-01-1.49262703e-01j,
           -4.16594310e-02+3.98028896e-02j,
            2.89425379e-04-1.89985083e-03j,
            1.93490104e-05+3.15375485e-05j],
          [ 4.76869099e-02+3.23378545e-02j,
            9.95979600e-01-1.65272526e-02j,
           -5.10711891e-02+4.26585218e-02j,
            2.89425379e-04-1.89985083e-03j],
          [ 5.18887870e-04+1.85039336e-03j,
            5.24614722e-02+4.09366557e-02j,
            9.95979600e-01-1.65272526e-02j,
           -4.16594310e-02+3.98028896e-02j],
          [-1.38485994e-05+3.43106028e-05j,
            5.18887870e-04+1.85039336e-03j,
            4.76869099e-02+3.23378545e-02j,
            9.87115582e-01-1.49262703e-01j]],
         input_dims=(2, 2), output_dims=(2, 2))"
"Operator([[ 9.87115582e-01-1.49262703e-01j,
           -3.83229399e-02+4.30247659e-02j,
           -1.89550841e-05-1.92167659e-03j,
            2.63316562e-05+2.59931732e-05j],
          [ 4.49313331e-02+3.60687333e-02j,
            9.95979600e-01-1.65272526e-02j,
           -4.74745130e-02+4.66281724e-02j,
           -1.89550841e-05-1.92167659e-03j],
          [ 2.15468681e-04+1.90965271e-03j,
            4.89987882e-02+4.50237115e-02j,
            9.95979600e-01-1.65272526e-02j,
           -3.83229399e-02+4.30247659e-02j],
          [-2.16543212e-05+3.00015257e-05j,
            2.15468681e-04+1.90965271e-03j,
            4.49313331e-02+3.60687333e-02j,
            9.87115582e-01-1.49262703e-01j]],
         input_dims=(2, 2), output_dims=(2, 2))"
"Operator([[ 9.87115582e-01-1.49262703e-01j,
           -3.53989777e-02+4.54608688e-02j,
           -2.71962563e-04-1.90242913e-03j,
            3.09342279e-05+2.02996235e-05j],
          [ 4.24521702e-02+3.89562761e-02j,
            9.95979600e-01-1.65272526e-02j,
           -4.42927009e-02+4.96605728e-02j,
           -2.71962563e-04-1.90242913e-03j],
          [-3.79980476e-05+1.92139438e-03j,
            4.59195725e-02+4.81602399e-02j,
            9.95979600e-01-1.65272526e-02j,
           -3.53989777e-02+4.54608688e-02j],
          [-2.71377020e-05+2.51504732e-05j,
           -3.79980476e-05+1.92139438e-03j,
            4.24521702e-02+3.89562761e-02j,
            9.87115582e-01-1.49262703e-01j]],
         input_dims=(2, 2), output_dims=(2, 2))"
