unitary
"Operator([[-0.18022564-0.82166568j, -0.39765933+0.30166419j,
            0.20263833-0.00580682j, -0.0463732 -0.0018746j ],
          [ 0.13073548-0.48170786j,  0.59419143-0.02890261j,
           -0.58493562-0.11713782j,  0.20263833-0.00580682j],
          [ 0.0459301 -0.19744984j,  0.53476307-0.26438497j,
            0.59419143-0.02890261j, -0.39765933+0.30166419j],
          [-0.01631447-0.04344911j,  0.0459301 -0.19744984j,
            0.13073548-0.48170786j, -0.18022564-0.82166568j]],
         input_dims=(2, 2), output_dims=(2, 2))"
"Operator([[-0.18022564-0.82166568j,  0.4137995 +0.27911324j,
           -0.15693415+0.12832648j, -0.03761045-0.02719267j],
          [ 0.4137995 +0.27911324j,  0.59419143-0.02890261j,
            0.07778015+0.59145684j, -0.15693415+0.12832648j],
          [-0.15693415+0.12832648j,  0.07778015+0.59145684j,
            0.59419143-0.02890261j,  0.4137995 +0.27911324j],
          [-0.03761045-0.02719267j, -0.15693415+0.12832648j,
            0.4137995 +0.27911324j, -0.18022564-0.82166568j]],
         input_dims=(2, 2), output_dims=(2, 2))"
"Operator([[-0.18022564-0.82166568j,  0.48331998-0.1246436j ,
            0.14630515+0.14032397j,  0.01550466+0.04374464j],
          [ 0.06548411+0.49481922j,  0.59419143-0.02890261j,
            0.49428719+0.33399269j,  0.14630515+0.14032397j],
          [-0.10847696-0.17125642j, -0.3911308 +0.45043052j,
            0.59419143-0.02890261j,  0.48331998-0.1246436j ],
          [ 0.04640002+0.00101296j, -0.10847696-0.17125642j,
            0.06548411+0.49481922j, -0.18022564-0.82166568j]],
         input_dims=(2, 2), output_dims=(2, 2))"
"Operator([[-0.18022564-0.82166568j,  0.4137995 +0.27911324j,
           -0.15693415+0.12832648j, -0.03761045-0.02719267j],
          [ 0.4137995 +0.27911324j,  0.59419143-0.02890261j,
            0.07778015+0.59145684j, -0.15693415+0.12832648j],
          [-0.15693415+0.12832648j,  0.07778015+0.59145684j,
            0.59419143-0.02890261j,  0.4137995 +0.27911324j],
          [-0.03761045-0.02719267j, -0.15693415+0.12832648j,
            0.4137995 +0.27911324j, -0.18022564-0.82166568j]],
         input_dims=(2, 2), output_dims=(2, 2))"
