unitary
"Operator([[ 0.77344283-0.58634141j, -0.18318783-0.1524407j ,
           -0.00930871+0.03315335j,  0.00269882-0.00095356j],
          [ 0.0376182 -0.2353313j ,  0.92846514-0.0607864j ,
           -0.15276271-0.23008542j, -0.00930871+0.03315335j],
          [-0.02463839-0.02405715j,  0.11991835-0.24878773j,
            0.92846514-0.0607864j , -0.18318783-0.1524407j ],
          [-0.00266296+0.00104954j, -0.02463839-0.02405715j,
            0.0376182 -0.2353313j ,  0.77344283-0.58634141j]],
         input_dims=(2, 2), output_dims=(2, 2))"
"Operator([[ 7.73442832e-01-0.58634141j, -2.38113284e-01-0.00990012j,
            2.95435551e-02+0.01769111j, -1.90090261e-03-0.00213997j],
          [ 1.72775666e-01-0.16414785j,  9.28465144e-01-0.0607864j ,
           -2.61081486e-01-0.09006777j,  2.95435551e-02+0.01769111j],
          [ 1.67397430e-02-0.03009282j,  2.46339591e-01-0.12487014j,
            9.28465144e-01-0.0607864j , -2.38113284e-01-0.00990012j],
          [ 3.21671940e-05-0.00286214j,  1.67397430e-02-0.03009282j,
            1.72775666e-01-0.16414785j,  7.73442832e-01-0.58634141j]],
         input_dims=(2, 2), output_dims=(2, 2))"
"Operator([[ 0.77344283-0.58634141j,  0.08375764+0.22311568j,
           -0.03326202+0.00891263j, -0.00100171-0.00268132j],
          [ 0.08375764+0.22311568j,  0.92846514-0.0607864j ,
            0.01889794+0.27553332j, -0.03326202+0.00891263j],
          [-0.03326202+0.00891263j,  0.01889794+0.27553332j,
            0.92846514-0.0607864j ,  0.08375764+0.22311568j],
          [-0.00100171-0.00268132j, -0.03326202+0.00891263j,
            0.08375764+0.22311568j,  0.77344283-0.58634141j]],
         input_dims=(2, 2), output_dims=(2, 2))"
"Operator([[ 0.77344283-0.58634141j,  0.08375764+0.22311568j,
           -0.03326202+0.00891263j, -0.00100171-0.00268132j],
          [ 0.08375764+0.22311568j,  0.92846514-0.0607864j ,
            0.01889794+0.27553332j, -0.03326202+0.00891263j],
          [-0.03326202+0.00891263j,  0.01889794+0.27553332j,
            0.92846514-0.0607864j ,  0.08375764+0.22311568j],
          [-0.00100171-0.00268132j, -0.03326202+0.00891263j,
            0.08375764+0.22311568j,  0.77344283-0.58634141j]],
         input_dims=(2, 2), output_dims=(2, 2))"
"Operator([[ 7.73442832e-01-0.58634141j, -1.45109326e-01+0.18904823j,
            6.67099100e-03-0.03378305j,  1.26505670e-03+0.00256759j],
          [ 2.33667548e-01+0.04685537j,  9.28465144e-01-0.0607864j ,
           -2.23891839e-01+0.16170402j,  6.67099100e-03-0.03378305j],
          [ 2.26689240e-02+0.02592136j,  2.43872917e-01+0.12962155j,
            9.28465144e-01-0.0607864j , -1.45109326e-01+0.18904823j],
          [ 7.28306965e-04+0.00276811j,  2.26689240e-02+0.02592136j,
            2.33667548e-01+0.04685537j,  7.73442832e-01-0.58634141j]],
         input_dims=(2, 2), output_dims=(2, 2))"
"Operator([[ 0.77344283-0.58634141j, -0.09500619+0.21856297j,
           -0.0099875 -0.03295522j,  0.00265902+0.00105949j],
          [ 0.21536427+0.10204988j,  0.92846514-0.0607864j ,
           -0.17806567+0.2111122j , -0.0099875 -0.03295522j],
          [ 0.00782838+0.03353376j,  0.20522163+0.18482377j,
            0.92846514-0.0607864j , -0.09500619+0.21856297j],
          [-0.00131301+0.0025434j ,  0.00782838+0.03353376j,
            0.21536427+0.10204988j,  0.77344283-0.58634141j]],
         input_dims=(2, 2), output_dims=(2, 2))"
"Operator([[ 0.77344283-5.86341408e-01j, -0.00306507-2.38299295e-01j,
           -0.03129029-1.43775635e-02j, -0.00180258+2.22341930e-03j],
          [-0.15450795-1.81447627e-01j,  0.92846514-6.07863960e-02j,
            0.07573473-2.65593667e-01j, -0.03129029-1.43775635e-02j],
          [-0.01990925+2.80965972e-02j, -0.11128737-2.52766427e-01j,
            0.92846514-6.07863960e-02j, -0.00306507-2.38299295e-01j],
          [ 0.00281886+4.96896926e-04j, -0.01990925+2.80965972e-02j,
           -0.15450795-1.81447627e-01j,  0.77344283-5.86341408e-01j]],
         input_dims=(2, 2), output_dims=(2, 2))"
"Operator([[ 0.77344283-5.86341408e-01j, -0.23279211+5.10272838e-02j,
            0.03442475+8.56401095e-04j, -0.00285481-2.07274600e-04j],
          [ 0.20886305-1.14770089e-01j,  0.92846514-6.07863960e-02j,
           -0.27540718-2.06549689e-02j,  0.03442475+8.56401095e-04j],
          [ 0.0293844 -1.79542096e-02j,  0.27000816-5.80632418e-02j,
            0.92846514-6.07863960e-02j, -0.23279211+5.10272838e-02j],
          [ 0.00201962-2.02830864e-03j,  0.0293844 -1.79542096e-02j,
            0.20886305-1.14770089e-01j,  0.77344283-5.86341408e-01j]],
         input_dims=(2, 2), output_dims=(2, 2))"
"Operator([[ 7.73442832e-01-0.58634141j,  1.21032518e-01-0.20529754j,
           -1.68528517e-03-0.03439414j, -2.09992398e-03-0.00194505j],
          [-2.26231657e-01-0.07493454j,  9.28465144e-01-0.0607864j ,
            2.02556459e-01-0.18774085j, -1.68528517e-03-0.03439414j],
          [ 1.57377453e-02+0.03062875j, -2.26292167e-01-0.15832751j,
            9.28465144e-01-0.0607864j ,  1.21032518e-01-0.20529754j],
          [ 3.10240856e-04-0.00284546j,  1.57377453e-02+0.03062875j,
           -2.26231657e-01-0.07493454j,  7.73442832e-01-0.58634141j]],
         input_dims=(2, 2), output_dims=(2, 2))"
"Operator([[ 0.77344283-0.58634141j,  0.08375764+0.22311568j,
           -0.03326202+0.00891263j, -0.00100171-0.00268132j],
          [ 0.08375764+0.22311568j,  0.92846514-0.0607864j ,
            0.01889794+0.27553332j, -0.03326202+0.00891263j],
          [-0.03326202+0.00891263j,  0.01889794+0.27553332j,
            0.92846514-0.0607864j ,  0.08375764+0.22311568j],
          [-0.00100171-0.00268132j, -0.03326202+0.00891263j,
            0.08375764+0.22311568j,  0.77344283-0.58634141j]],
         input_dims=(2, 2), output_dims=(2, 2))"
"Operator([[ 0.77344283-0.58634141j,  0.03140828-0.23624028j,
           -0.02587076-0.02272665j, -0.00257182+0.00125644j],
          [-0.17911015-0.15721165j,  0.92846514-0.0607864j ,
            0.11332554-0.25185922j, -0.02587076-0.02272665j],
          [-0.01104122+0.0326173j , -0.14665099-0.23402827j,
            0.92846514-0.0607864j ,  0.03140828-0.23624028j],
          [ 0.00276566-0.00073758j, -0.01104122+0.0326173j ,
           -0.17911015-0.15721165j,  0.77344283-0.58634141j]],
         input_dims=(2, 2), output_dims=(2, 2))"
"Operator([[ 0.77344283-0.58634141j,  0.23772429-0.01682583j,
            0.03273979+0.01067254j,  0.00250108+0.00139194j],
          [-0.19007011+0.14376822j,  0.92846514-0.0607864j ,
            0.26952513+0.06026566j,  0.03273979+0.01067254j],
          [ 0.02301707-0.02561272j, -0.25877308+0.09649992j,
            0.92846514-0.0607864j ,  0.23772429-0.01682583j],
          [-0.00097578+0.00269086j,  0.02301707-0.02561272j,
           -0.19007011+0.14376822j,  0.77344283-0.58634141j]],
         input_dims=(2, 2), output_dims=(2, 2))"
"Operator([[ 0.77344283-5.86341408e-01j, -0.07608473+2.25847430e-01j,
           -0.01542523-3.07873211e-02j,  0.00284039+3.53639881e-04j],
          [ 0.20591074+1.19986311e-01j,  0.92846514-6.07863960e-02j,
           -0.15947693+2.25483601e-01j, -0.01542523-3.07873211e-02j],
          [ 0.00203522+3.43752057e-02j,  0.18876911+2.01598532e-01j,
            0.92846514-6.07863960e-02j, -0.07608473+2.25847430e-01j],
          [-0.00191276+2.12936992e-03j,  0.00203522+3.43752057e-02j,
            0.20591074+1.19986311e-01j,  0.77344283-5.86341408e-01j]],
         input_dims=(2, 2), output_dims=(2, 2))"
"Operator([[ 0.77344283-0.58634141j,  0.08375764+0.22311568j,
           -0.03326202+0.00891263j, -0.00100171-0.00268132j],
          [ 0.08375764+0.22311568j,  0.92846514-0.0607864j ,
            0.01889794+0.27553332j, -0.03326202+0.00891263j],
          [-0.03326202+0.00891263j,  0.01889794+0.27553332j,
            0.92846514-0.0607864j ,  0.08375764+0.22311568j],
          [-0.00100171-0.00268132j, -0.03326202+0.00891263j,
            0.08375764+0.22311568j,  0.77344283-0.58634141j]],
         input_dims=(2, 2), output_dims=(2, 2))"
