unitary
"Operator([[ 9.87115582e-01-1.49262703e-01j,
           -1.74675910e-02+5.49059329e-02j,
           -1.44273052e-03-1.26953884e-03j,
            3.28183975e-05-1.70866601e-05j],
          [ 2.63367618e-02+5.12460066e-02j,
            9.95979600e-01-1.65272526e-02j,
           -2.43569113e-02+6.19254125e-02j,
           -1.44273052e-03-1.26953884e-03j],
          [-1.27719183e-03+1.43596005e-03j,
            2.64026518e-02+6.10812232e-02j,
            9.95979600e-01-1.65272526e-02j,
           -1.74675910e-02+5.49059329e-02j],
          [-3.51983641e-05-1.14051013e-05j,
           -1.27719183e-03+1.43596005e-03j,
            2.63367618e-02+5.12460066e-02j,
            9.87115582e-01-1.49262703e-01j]],
         input_dims=(2, 2), output_dims=(2, 2))"
"Operator([[ 9.87115582e-01-1.49262703e-01j,
            4.79732348e-03+5.74174529e-02j,
           -1.91818285e-03+1.17365961e-04j,
           -3.07994935e-06-3.68716027e-05j],
          [ 4.79732348e-03+5.74174529e-02j,
            9.95979600e-01-1.65272526e-02j,
            1.10653851e-03+6.65341372e-02j,
           -1.91818285e-03+1.17365961e-04j],
          [-1.91818285e-03+1.17365961e-04j,
            1.10653851e-03+6.65341372e-02j,
            9.95979600e-01-1.65272526e-02j,
            4.79732348e-03+5.74174529e-02j],
          [-3.07994935e-06-3.68716027e-05j,
           -1.91818285e-03+1.17365961e-04j,
            4.79732348e-03+5.74174529e-02j,
            9.87115582e-01-1.49262703e-01j]],
         input_dims=(2, 2), output_dims=(2, 2))"
"Operator([[ 9.87115582e-01-1.49262703e-01j,
            4.79732348e-03+5.74174529e-02j,
           -1.91818285e-03+1.17365961e-04j,
           -3.07994935e-06-3.68716027e-05j],
          [ 4.79732348e-03+5.74174529e-02j,
            9.95979600e-01-1.65272526e-02j,
            1.10653851e-03+6.65341372e-02j,
           -1.91818285e-03+1.17365961e-04j],
          [-1.91818285e-03+1.17365961e-04j,
            1.10653851e-03+6.65341372e-02j,
            9.95979600e-01-1.65272526e-02j,
            4.79732348e-03+5.74174529e-02j],
          [-3.07994935e-06-3.68716027e-05j,
           -1.91818285e-03+1.17365961e-04j,
            4.79732348e-03+5.74174529e-02j,
            9.87115582e-01-1.49262703e-01j]],
         input_dims=(2, 2), output_dims=(2, 2))"
"Operator([[ 9.87115582e-01-1.49262703e-01j,
            4.87202071e-03+5.74111629e-02j,
           -1.91787097e-03+1.22356751e-04j,
           -3.22383773e-06-3.68593006e-05j],
          [ 4.72261812e-03+5.74236457e-02j,
            9.95979600e-01-1.65272526e-02j,
            1.19309987e-03+6.65326413e-02j,
           -1.91787097e-03+1.22356751e-04j],
          [-1.91848175e-03+1.12374377e-04j,
            1.01997528e-03+6.65355206e-02j,
            9.95979600e-01-1.65272526e-02j,
            4.87202071e-03+5.74111629e-02j],
          [-2.93601405e-06-3.68833430e-05j,
           -1.91848175e-03+1.12374377e-04j,
            4.72261812e-03+5.74236457e-02j,
            9.87115582e-01-1.49262703e-01j]],
         input_dims=(2, 2), output_dims=(2, 2))"
"Operator([[ 9.87115582e-01-1.49262703e-01j,
            4.79732348e-03+5.74174529e-02j,
           -1.91818285e-03+1.17365961e-04j,
           -3.07994935e-06-3.68716027e-05j],
          [ 4.79732348e-03+5.74174529e-02j,
            9.95979600e-01-1.65272526e-02j,
            1.10653851e-03+6.65341372e-02j,
           -1.91818285e-03+1.17365961e-04j],
          [-1.91818285e-03+1.17365961e-04j,
            1.10653851e-03+6.65341372e-02j,
            9.95979600e-01-1.65272526e-02j,
            4.79732348e-03+5.74174529e-02j],
          [-3.07994935e-06-3.68716027e-05j,
           -1.91818285e-03+1.17365961e-04j,
            4.79732348e-03+5.74174529e-02j,
            9.87115582e-01-1.49262703e-01j]],
         input_dims=(2, 2), output_dims=(2, 2))"
"Operator([[ 9.87115582e-01-1.49262703e-01j,
            4.79732348e-03+5.74174529e-02j,
           -1.91818285e-03+1.17365961e-04j,
           -3.07994935e-06-3.68716027e-05j],
          [ 4.79732348e-03+5.74174529e-02j,
            9.95979600e-01-1.65272526e-02j,
            1.10653851e-03+6.65341372e-02j,
           -1.91818285e-03+1.17365961e-04j],
          [-1.91818285e-03+1.17365961e-04j,
            1.10653851e-03+6.65341372e-02j,
            9.95979600e-01-1.65272526e-02j,
            4.79732348e-03+5.74174529e-02j],
          [-3.07994935e-06-3.68716027e-05j,
           -1.91818285e-03+1.17365961e-04j,
            4.79732348e-03+5.74174529e-02j,
            9.87115582e-01-1.49262703e-01j]],
         input_dims=(2, 2), output_dims=(2, 2))"
"Operator([[ 9.87115582e-01-1.49262703e-01j,
            4.79732348e-03+5.74174529e-02j,
           -1.91818285e-03+1.17365961e-04j,
           -3.07994935e-06-3.68716027e-05j],
          [ 4.79732348e-03+5.74174529e-02j,
            9.95979600e-01-1.65272526e-02j,
            1.10653851e-03+6.65341372e-02j,
           -1.91818285e-03+1.17365961e-04j],
          [-1.91818285e-03+1.17365961e-04j,
            1.10653851e-03+6.65341372e-02j,
            9.95979600e-01-1.65272526e-02j,
            4.79732348e-03+5.74174529e-02j],
          [-3.07994935e-06-3.68716027e-05j,
           -1.91818285e-03+1.17365961e-04j,
            4.79732348e-03+5.74174529e-02j,
            9.87115582e-01-1.49262703e-01j]],
         input_dims=(2, 2), output_dims=(2, 2))"
"Operator([[ 9.87115582e-01-1.49262703e-01j,
            4.79732348e-03+5.74174529e-02j,
           -1.91818285e-03+1.17365961e-04j,
           -3.07994935e-06-3.68716027e-05j],
          [ 4.79732348e-03+5.74174529e-02j,
            9.95979600e-01-1.65272526e-02j,
            1.10653851e-03+6.65341372e-02j,
           -1.91818285e-03+1.17365961e-04j],
          [-1.91818285e-03+1.17365961e-04j,
            1.10653851e-03+6.65341372e-02j,
            9.95979600e-01-1.65272526e-02j,
            4.79732348e-03+5.74174529e-02j],
          [-3.07994935e-06-3.68716027e-05j,
           -1.91818285e-03+1.17365961e-04j,
            4.79732348e-03+5.74174529e-02j,
            9.87115582e-01-1.49262703e-01j]],
         input_dims=(2, 2), output_dims=(2, 2))"
"Operator([[ 9.87115582e-01-1.49262703e-01j,
            4.01901421e-02+4.12859623e-02j,
           -2.53897403e-04+1.90492423e-03j,
           -3.09832346e-05+2.02247459e-05j],
          [-3.27817131e-02+4.73828819e-02j,
            9.95979600e-01-1.65272526e-02j,
            4.31335306e-02+5.06706462e-02j,
           -2.53897403e-04+1.90492423e-03j],
          [-4.84243443e-04-1.85976033e-03j,
           -4.14247210e-02+5.20769463e-02j,
            9.95979600e-01-1.65272526e-02j,
            4.01901421e-02+4.12859623e-02j],
          [ 3.39092605e-05+1.48041624e-05j,
           -4.84243443e-04-1.85976033e-03j,
           -3.27817131e-02+4.73828819e-02j,
            9.87115582e-01-1.49262703e-01j]],
         input_dims=(2, 2), output_dims=(2, 2))"
"Operator([[ 9.87115582e-01-1.49262703e-01j,
            4.79732348e-03+5.74174529e-02j,
           -1.91818285e-03+1.17365961e-04j,
           -3.07994935e-06-3.68716027e-05j],
          [ 4.79732348e-03+5.74174529e-02j,
            9.95979600e-01-1.65272526e-02j,
            1.10653851e-03+6.65341372e-02j,
           -1.91818285e-03+1.17365961e-04j],
          [-1.91818285e-03+1.17365961e-04j,
            1.10653851e-03+6.65341372e-02j,
            9.95979600e-01-1.65272526e-02j,
            4.79732348e-03+5.74174529e-02j],
          [-3.07994935e-06-3.68716027e-05j,
           -1.91818285e-03+1.17365961e-04j,
            4.79732348e-03+5.74174529e-02j,
            9.87115582e-01-1.49262703e-01j]],
         input_dims=(2, 2), output_dims=(2, 2))"
"Operator([[ 9.87115582e-01-1.49262703e-01j,
            4.79732348e-03+5.74174529e-02j,
           -1.91818285e-03+1.17365961e-04j,
           -3.07994935e-06-3.68716027e-05j],
          [ 4.79732348e-03+5.74174529e-02j,
            9.95979600e-01-1.65272526e-02j,
            1.10653851e-03+6.65341372e-02j,
           -1.91818285e-03+1.17365961e-04j],
          [-1.91818285e-03+1.17365961e-04j,
            1.10653851e-03+6.65341372e-02j,
            9.95979600e-01-1.65272526e-02j,
            4.79732348e-03+5.74174529e-02j],
          [-3.07994935e-06-3.68716027e-05j,
           -1.91818285e-03+1.17365961e-04j,
            4.79732348e-03+5.74174529e-02j,
            9.87115582e-01-1.49262703e-01j]],
         input_dims=(2, 2), output_dims=(2, 2))"
"Operator([[ 9.87115582e-01-1.49262703e-01j,
            5.38539781e-02+2.04823644e-02j,
            1.29343569e-03+1.42134596e-03j,
            1.14192486e-05+3.51937769e-05j],
          [-4.97083509e-02+2.91351689e-02j,
            9.95979600e-01-1.65272526e-02j,
            6.04810347e-02+2.77499602e-02j,
            1.29343569e-03+1.42134596e-03j],
          [ 1.11050301e-03-1.56843338e-03j,
           -5.95248148e-02+2.97457942e-02j,
            9.95979600e-01-1.65272526e-02j,
            5.38539781e-02+2.04823644e-02j],
          [-5.42214166e-06+3.66005676e-05j,
            1.11050301e-03-1.56843338e-03j,
           -4.97083509e-02+2.91351689e-02j,
            9.87115582e-01-1.49262703e-01j]],
         input_dims=(2, 2), output_dims=(2, 2))"
"Operator([[ 9.87115582e-01-1.49262703e-01j,
            4.79732348e-03+5.74174529e-02j,
           -1.91818285e-03+1.17365961e-04j,
           -3.07994935e-06-3.68716027e-05j],
          [ 4.79732348e-03+5.74174529e-02j,
            9.95979600e-01-1.65272526e-02j,
            1.10653851e-03+6.65341372e-02j,
           -1.91818285e-03+1.17365961e-04j],
          [-1.91818285e-03+1.17365961e-04j,
            1.10653851e-03+6.65341372e-02j,
            9.95979600e-01-1.65272526e-02j,
            4.79732348e-03+5.74174529e-02j],
          [-3.07994935e-06-3.68716027e-05j,
           -1.91818285e-03+1.17365961e-04j,
            4.79732348e-03+5.74174529e-02j,
            9.87115582e-01-1.49262703e-01j]],
         input_dims=(2, 2), output_dims=(2, 2))"
"Operator([[ 9.87115582e-01-1.49262703e-01j,
            5.72033529e-02+6.89598621e-03j,
            1.80817119e-03+6.50935617e-04j,
            3.19862559e-05+1.85978656e-05j],
          [-5.52658765e-02+1.62929770e-02j,
            9.95979600e-01-1.65272526e-02j,
            6.53869359e-02+1.23516984e-02j,
            1.80817119e-03+6.50935617e-04j],
          [ 1.71532387e-03-8.66524232e-04j,
           -6.49400425e-02+1.45191846e-02j,
            9.95979600e-01-1.65272526e-02j,
            5.72033529e-02+6.89598621e-03j],
          [-2.84574822e-05+2.36468365e-05j,
            1.71532387e-03-8.66524232e-04j,
           -5.52658765e-02+1.62929770e-02j,
            9.87115582e-01-1.49262703e-01j]],
         input_dims=(2, 2), output_dims=(2, 2))"
"Operator([[ 9.87115582e-01-1.49262703e-01j,
            5.75915415e-02+1.72989951e-03j,
            1.89545958e-03+3.16911949e-04j,
            3.57865028e-05+9.39826516e-06j],
          [-5.65059686e-02+1.12629358e-02j,
            9.95979600e-01-1.65272526e-02j,
            6.62320957e-02+6.42847918e-03j,
            1.89545958e-03+3.16911949e-04j],
          [ 1.84268383e-03-5.45634041e-04j,
           -6.59817002e-02+8.62734525e-03j,
            9.95979600e-01-1.65272526e-02j,
            5.75915415e-02+1.72989951e-03j],
          [-3.37313315e-05+1.52052112e-05j,
            1.84268383e-03-5.45634041e-04j,
           -5.65059686e-02+1.12629358e-02j,
            9.87115582e-01-1.49262703e-01j]],
         input_dims=(2, 2), output_dims=(2, 2))"
