unitary
"Operator([[-0.70824248+0.19306771j,  0.45986671-0.19083743j,
           -0.14877125+0.39058953j, -0.19435292+0.02747767j],
          [ 0.45986671-0.19083743j,  0.18198795+0.20336148j,
           -0.00691707+0.70914545j, -0.14877125+0.39058953j],
          [-0.14877125+0.39058953j, -0.00691707+0.70914545j,
            0.18198795+0.20336148j,  0.45986671-0.19083743j],
          [-0.19435292+0.02747767j, -0.14877125+0.39058953j,
            0.45986671-0.19083743j, -0.70824248+0.19306771j]],
         input_dims=(2, 2), output_dims=(2, 2))"
"Operator([[-0.70824248+0.19306771j, -0.47425386+0.15159019j,
           -0.21197381+0.36022239j,  0.19506698+0.02183926j],
          [-0.44223811+0.22873952j,  0.18198795+0.20336148j,
            0.06637743-0.70606597j, -0.21197381+0.36022239j],
          [-0.08138153+0.40996354j, -0.05259204-0.70722641j,
            0.18198795+0.20336148j, -0.47425386+0.15159019j],
          [ 0.18136739-0.07505965j, -0.08138153+0.40996354j,
           -0.44223811+0.22873952j, -0.70824248+0.19306771j]],
         input_dims=(2, 2), output_dims=(2, 2))"
"Operator([[-0.70824248+0.19306771j,  0.45986671-0.19083743j,
           -0.14877125+0.39058953j, -0.19435292+0.02747767j],
          [ 0.45986671-0.19083743j,  0.18198795+0.20336148j,
           -0.00691707+0.70914545j, -0.14877125+0.39058953j],
          [-0.14877125+0.39058953j, -0.00691707+0.70914545j,
            0.18198795+0.20336148j,  0.45986671-0.19083743j],
          [-0.19435292+0.02747767j, -0.14877125+0.39058953j,
            0.45986671-0.19083743j, -0.70824248+0.19306771j]],
         input_dims=(2, 2), output_dims=(2, 2))"
