unitary
"Operator([[ 9.48847733e-01-2.94128629e-01j,
           -2.67663829e-02+1.11360733e-01j,
           -5.93600118e-03-4.83254102e-03j,
            2.54736206e-04-1.49000768e-04j],
          [ 6.17679762e-02+9.64487912e-02j,
            9.84006562e-01-3.22239178e-02j,
           -4.78241355e-02+1.23407115e-01j,
           -5.93600118e-03-4.83254102e-03j],
          [-4.59010261e-03+6.12539964e-03j,
            5.58676787e-02+1.19980275e-01j,
            9.84006562e-01-3.22239178e-02j,
           -2.67663829e-02+1.11360733e-01j],
          [-2.89471552e-04-5.74280774e-05j,
           -4.59010261e-03+6.12539964e-03j,
            6.17679762e-02+9.64487912e-02j,
            9.48847733e-01-2.94128629e-01j]],
         input_dims=(2, 2), output_dims=(2, 2))"
"Operator([[ 9.48847733e-01-2.94128629e-01j,
           -2.84412928e-03+1.14497001e-01j,
           -7.39477467e-03-1.97658045e-03j,
            1.17200017e-04-2.70842979e-04j],
          [ 4.01929276e-02+1.07248220e-01j,
            9.84006562e-01-3.22239178e-02j,
           -2.09111197e-02+1.30687371e-01j,
           -7.39477467e-03-1.97658045e-03j],
          [-6.69665180e-03+3.70734641e-03j,
            2.94940625e-02+1.29021565e-01j,
            9.84006562e-01-3.22239178e-02j,
           -2.84412928e-03+1.14497001e-01j],
          [-1.99384568e-04-2.17571959e-04j,
           -6.69665180e-03+3.70734641e-03j,
            4.01929276e-02+1.07248220e-01j,
            9.48847733e-01-2.94128629e-01j]],
         input_dims=(2, 2), output_dims=(2, 2))"
"Operator([[ 9.48847733e-01-2.94128629e-01j,
            1.51129271e-02+1.13530840e-01j,
           -7.64356861e-03+4.06720644e-04j,
           -1.86179283e-05-2.94525273e-04j],
          [ 2.29101292e-02+1.12217548e-01j,
            9.84006562e-01-3.22239178e-02j,
           -1.97112621e-04+1.32349632e-01j,
           -7.64356861e-03+4.06720644e-04j],
          [-7.51480341e-03+1.45509188e-03j,
            8.93500330e-03+1.32047831e-01j,
            9.84006562e-01-3.22239178e-02j,
            1.51129271e-02+1.13530840e-01j],
          [-7.87964637e-05-2.84399158e-04j,
           -7.51480341e-03+1.45509188e-03j,
            2.29101292e-02+1.12217548e-01j,
            9.48847733e-01-2.94128629e-01j]],
         input_dims=(2, 2), output_dims=(2, 2))"
"Operator([[ 9.48847733e-01-2.94128629e-01j,
            2.65592305e-02+1.11410320e-01j,
           -7.40390488e-03+1.94210074e-03j,
           -1.06216759e-04-2.75335729e-04j],
          [ 1.14007341e-02+1.13963483e-01j,
            9.84006562e-01-3.22239178e-02j,
            1.32385433e-02+1.31686009e-01j,
           -7.40390488e-03+1.94210074e-03j],
          [-7.65382118e-03-9.26499580e-05j,
           -4.51515146e-03+1.32272739e-01j,
            9.84006562e-01-3.22239178e-02j,
            2.65592305e-02+1.11410320e-01j],
          [ 1.02585437e-05-2.94934782e-04j,
           -7.65382118e-03-9.26499580e-05j,
            1.14007341e-02+1.13963483e-01j,
            9.48847733e-01-2.94128629e-01j]],
         input_dims=(2, 2), output_dims=(2, 2))"
"Operator([[ 9.48847733e-01-2.94128629e-01j,
            3.02423381e-02+1.10467430e-01j,
           -7.25874593e-03+2.42902659e-03j,
           -1.33065613e-04-2.63410908e-04j],
          [ 7.61197223e-03+1.14279089e-01j,
            9.84006562e-01-3.22239178e-02j,
            1.76019459e-02+1.31174066e-01j,
           -7.25874593e-03+2.42902659e-03j],
          [-7.63081159e-03-6.00230950e-04j,
           -8.90283393e-03+1.32050004e-01j,
            9.84006562e-01-3.22239178e-02j,
            3.02423381e-02+1.10467430e-01j],
          [ 3.95314894e-05-2.92453458e-04j,
           -7.63081159e-03-6.00230950e-04j,
            7.61197223e-03+1.14279089e-01j,
            9.48847733e-01-2.94128629e-01j]],
         input_dims=(2, 2), output_dims=(2, 2))"
"Operator([[ 9.48847733e-01-2.94128629e-01j,
            2.01270892e-02+1.12749956e-01j,
           -7.57757569e-03+1.08162350e-03j,
           -5.74904158e-05-2.89459178e-04j],
          [ 1.79168191e-02+1.13122234e-01j,
            9.84006562e-01-3.22239178e-02j,
            5.66568007e-03+1.32228454e-01j,
           -7.57757569e-03+1.08162350e-03j],
          [-7.61409673e-03+7.84279113e-04j,
            3.07700249e-03+1.32314005e-01j,
            9.84006562e-01-3.22239178e-02j,
            2.01270892e-02+1.12749956e-01j],
          [-4.04066647e-05-2.92333825e-04j,
           -7.61409673e-03+7.84279113e-04j,
            1.79168191e-02+1.13122234e-01j,
            9.48847733e-01-2.94128629e-01j]],
         input_dims=(2, 2), output_dims=(2, 2))"
"Operator([[ 9.48847733e-01-2.94128629e-01j,
            1.90228649e-02+1.12941502e-01j,
           -7.59729104e-03+9.33129995e-04j,
           -4.89696385e-05-2.91021886e-04j],
          [ 1.90228649e-02+1.12941502e-01j,
            9.84006562e-01-3.22239178e-02j,
            4.37155056e-03+1.32277562e-01j,
           -7.59729104e-03+9.33129995e-04j],
          [-7.59729104e-03+9.33129995e-04j,
            4.37155056e-03+1.32277562e-01j,
            9.84006562e-01-3.22239178e-02j,
            1.90228649e-02+1.12941502e-01j],
          [-4.89696385e-05-2.91021886e-04j,
           -7.59729104e-03+9.33129995e-04j,
            1.90228649e-02+1.12941502e-01j,
            9.48847733e-01-2.94128629e-01j]],
         input_dims=(2, 2), output_dims=(2, 2))"
"Operator([[ 9.48847733e-01-2.94128629e-01j,
            1.90228649e-02+1.12941502e-01j,
           -7.59729104e-03+9.33129995e-04j,
           -4.89696385e-05-2.91021886e-04j],
          [ 1.90228649e-02+1.12941502e-01j,
            9.84006562e-01-3.22239178e-02j,
            4.37155056e-03+1.32277562e-01j,
           -7.59729104e-03+9.33129995e-04j],
          [-7.59729104e-03+9.33129995e-04j,
            4.37155056e-03+1.32277562e-01j,
            9.84006562e-01-3.22239178e-02j,
            1.90228649e-02+1.12941502e-01j],
          [-4.89696385e-05-2.91021886e-04j,
           -7.59729104e-03+9.33129995e-04j,
            1.90228649e-02+1.12941502e-01j,
            9.48847733e-01-2.94128629e-01j]],
         input_dims=(2, 2), output_dims=(2, 2))"
"Operator([[ 9.48847733e-01-2.94128629e-01j,
            1.90228649e-02+1.12941502e-01j,
           -7.59729104e-03+9.33129995e-04j,
           -4.89696385e-05-2.91021886e-04j],
          [ 1.90228649e-02+1.12941502e-01j,
            9.84006562e-01-3.22239178e-02j,
            4.37155056e-03+1.32277562e-01j,
           -7.59729104e-03+9.33129995e-04j],
          [-7.59729104e-03+9.33129995e-04j,
            4.37155056e-03+1.32277562e-01j,
            9.84006562e-01-3.22239178e-02j,
            1.90228649e-02+1.12941502e-01j],
          [-4.89696385e-05-2.91021886e-04j,
           -7.59729104e-03+9.33129995e-04j,
            1.90228649e-02+1.12941502e-01j,
            9.48847733e-01-2.94128629e-01j]],
         input_dims=(2, 2), output_dims=(2, 2))"
"Operator([[ 9.48847733e-01-2.94128629e-01j,
           -1.14494551e-01+2.94109642e-03j,
            7.55642683e-03+1.22064585e-03j,
           -2.85432498e-04-7.49670116e-05j],
          [ 1.09140969e-01-3.47260871e-02j,
            9.84006562e-01-3.22239178e-02j,
           -1.31576571e-01-1.42853028e-02j,
            7.55642683e-03+1.22064585e-03j],
          [ 7.03643334e-03-3.01299993e-03j,
            1.30346291e-01-2.29414121e-02j,
            9.84006562e-01-3.22239178e-02j,
           -1.14494551e-01+2.94109642e-03j],
          [ 2.45179621e-04-1.64251993e-04j,
            7.03643334e-03-3.01299993e-03j,
            1.09140969e-01-3.47260871e-02j,
            9.48847733e-01-2.94128629e-01j]],
         input_dims=(2, 2), output_dims=(2, 2))"
"Operator([[ 9.48847733e-01-2.94128629e-01j,
            1.14114603e-01-9.77289848e-03j,
            7.64805782e-03+3.11085786e-04j,
            2.94225243e-04+2.28750909e-05j],
          [-1.11019874e-01+2.81467561e-02j,
            9.84006562e-01-3.22239178e-02j,
            1.32194816e-01+6.40270548e-03j,
            7.64805782e-03+3.11085786e-04j],
          [ 7.34545192e-03-2.15264926e-03j,
           -1.31483631e-01+1.51168339e-02j,
            9.84006562e-01-3.22239178e-02j,
            1.14114603e-01-9.77289848e-03j],
          [-2.70536253e-04+1.17906316e-04j,
            7.34545192e-03-2.15264926e-03j,
           -1.11019874e-01+2.81467561e-02j,
            9.48847733e-01-2.94128629e-01j]],
         input_dims=(2, 2), output_dims=(2, 2))"
"Operator([[ 9.48847733e-01-2.94128629e-01j,
            1.14517985e-01+1.81197665e-03j,
            7.42920408e-03+1.84295671e-03j,
            2.73912821e-04+1.09834103e-04j],
          [-1.07606149e-01+3.92245958e-02j,
            9.84006562e-01-3.22239178e-02j,
            1.30870548e-01+1.97322987e-02j,
            7.42920408e-03+1.84295671e-03j],
          [ 6.76239446e-03-3.58602621e-03j,
           -1.29282173e-01+2.83299078e-02j,
            9.84006562e-01-3.22239178e-02j,
            1.14517985e-01+1.81197665e-03j],
          [-2.22883386e-04+1.93428952e-04j,
            6.76239446e-03-3.58602621e-03j,
           -1.07606149e-01+3.92245958e-02j,
            9.48847733e-01-2.94128629e-01j]],
         input_dims=(2, 2), output_dims=(2, 2))"
"Operator([[ 9.48847733e-01-2.94128629e-01j,
            1.14029725e-01+1.07179258e-02j,
            7.05327236e-03+2.97336707e-03j,
            2.41033795e-04+1.70277635e-04j],
          [-1.04227511e-01+4.74792390e-02j,
            9.84006562e-01-3.22239178e-02j,
            1.28938196e-01+2.98564144e-02j,
            7.05327236e-03+2.97336707e-03j],
          [ 6.12408025e-03-4.59186278e-03j,
           -1.26685598e-01+3.83043501e-02j,
            9.84006562e-01-3.22239178e-02j,
            1.14029725e-01+1.07179258e-02j],
          [-1.72033653e-04+2.39783623e-04j,
            6.12408025e-03-4.59186278e-03j,
           -1.04227511e-01+4.74792390e-02j,
            9.48847733e-01-2.94128629e-01j]],
         input_dims=(2, 2), output_dims=(2, 2))"
"Operator([[ 9.48847733e-01-2.94128629e-01j,
            1.90228649e-02+1.12941502e-01j,
           -7.59729104e-03+9.33129995e-04j,
           -4.89696385e-05-2.91021886e-04j],
          [ 1.90228649e-02+1.12941502e-01j,
            9.84006562e-01-3.22239178e-02j,
            4.37155056e-03+1.32277562e-01j,
           -7.59729104e-03+9.33129995e-04j],
          [-7.59729104e-03+9.33129995e-04j,
            4.37155056e-03+1.32277562e-01j,
            9.84006562e-01-3.22239178e-02j,
            1.90228649e-02+1.12941502e-01j],
          [-4.89696385e-05-2.91021886e-04j,
           -7.59729104e-03+9.33129995e-04j,
            1.90228649e-02+1.12941502e-01j,
            9.48847733e-01-2.94128629e-01j]],
         input_dims=(2, 2), output_dims=(2, 2))"
"Operator([[ 9.48847733e-01-2.94128629e-01j,
            1.90228649e-02+1.12941502e-01j,
           -7.59729104e-03+9.33129995e-04j,
           -4.89696385e-05-2.91021886e-04j],
          [ 1.90228649e-02+1.12941502e-01j,
            9.84006562e-01-3.22239178e-02j,
            4.37155056e-03+1.32277562e-01j,
           -7.59729104e-03+9.33129995e-04j],
          [-7.59729104e-03+9.33129995e-04j,
            4.37155056e-03+1.32277562e-01j,
            9.84006562e-01-3.22239178e-02j,
            1.90228649e-02+1.12941502e-01j],
          [-4.89696385e-05-2.91021886e-04j,
           -7.59729104e-03+9.33129995e-04j,
            1.90228649e-02+1.12941502e-01j,
            9.48847733e-01-2.94128629e-01j]],
         input_dims=(2, 2), output_dims=(2, 2))"
