unitary
"Operator([[ 0.11005582+0.71960058j, -0.09110789+0.4110869j ,
           -0.25615731+0.32074428j,  0.34399729+0.07708461j],
          [ 0.2093559 +0.36532615j, -0.0057676 +0.23127813j,
            0.48543703-0.60418665j, -0.25615731+0.32074428j],
          [ 0.29533212+0.28508315j, -0.04774071-0.77357058j,
           -0.0057676 +0.23127813j, -0.09110789+0.4110869j ],
          [-0.14509875-0.32128263j,  0.29533212+0.28508315j,
            0.2093559 +0.36532615j,  0.11005582+0.71960058j]],
         input_dims=(2, 2), output_dims=(2, 2))"
"Operator([[ 0.11005582+0.71960058j,  0.23473627-0.34955968j,
           -0.40584685+0.06149628j, -0.08057191-0.34319724j],
          [-0.3281559 -0.26383099j, -0.0057676 +0.23127813j,
           -0.67232744+0.38557286j, -0.40584685+0.06149628j],
          [ 0.41038701+0.0087159j ,  0.32653362+0.70289858j,
           -0.0057676 +0.23127813j,  0.23473627-0.34955968j],
          [ 0.35240136+0.00945818j,  0.41038701+0.0087159j ,
           -0.3281559 -0.26383099j,  0.11005582+0.71960058j]],
         input_dims=(2, 2), output_dims=(2, 2))"
"Operator([[ 0.11005582+0.71960058j, -0.06339684-0.41626185j,
            0.02648765+0.40962405j, -0.22263035+0.27333478j],
          [-0.06339684-0.41626185j, -0.0057676 +0.23127813j,
           -0.23466411+0.73866323j,  0.02648765+0.40962405j],
          [ 0.02648765+0.40962405j, -0.23466411+0.73866323j,
           -0.0057676 +0.23127813j, -0.06339684-0.41626185j],
          [-0.22263035+0.27333478j,  0.02648765+0.40962405j,
           -0.06339684-0.41626185j,  0.11005582+0.71960058j]],
         input_dims=(2, 2), output_dims=(2, 2))"
"Operator([[ 0.11005582+0.71960058j, -0.06339684-0.41626185j,
            0.02648765+0.40962405j, -0.22263035+0.27333478j],
          [-0.06339684-0.41626185j, -0.0057676 +0.23127813j,
           -0.23466411+0.73866323j,  0.02648765+0.40962405j],
          [ 0.02648765+0.40962405j, -0.23466411+0.73866323j,
           -0.0057676 +0.23127813j, -0.06339684-0.41626185j],
          [-0.22263035+0.27333478j,  0.02648765+0.40962405j,
           -0.06339684-0.41626185j,  0.11005582+0.71960058j]],
         input_dims=(2, 2), output_dims=(2, 2))"
"Operator([[ 0.11005582+0.71960058j, -0.19651825+0.37238913j,
           -0.38388619+0.14534391j,  0.18363654+0.30092158j],
          [ 0.29846689+0.2970027j , -0.0057676 +0.23127813j,
            0.62786148-0.45440134j, -0.38388619+0.14534391j],
          [ 0.39940781+0.09469353j, -0.25049748-0.73344504j,
           -0.0057676 +0.23127813j, -0.19651825+0.37238913j],
          [-0.33185568-0.11894528j,  0.39940781+0.09469353j,
            0.29846689+0.2970027j ,  0.11005582+0.71960058j]],
         input_dims=(2, 2), output_dims=(2, 2))"
"Operator([[ 0.11005582+0.71960058j,  0.07941555+0.41350485j,
            0.05800469+0.40636058j,  0.18955306-0.29723023j],
          [ 0.04728366+0.41839855j, -0.0057676 +0.23127813j,
            0.20597999-0.7471699j ,  0.05800469+0.40636058j],
          [-0.00518722+0.41044677j,  0.26299854-0.72905581j,
           -0.0057676 +0.23127813j,  0.07941555+0.41350485j],
          [ 0.25272475-0.24577709j, -0.00518722+0.41044677j,
            0.04728366+0.41839855j,  0.11005582+0.71960058j]],
         input_dims=(2, 2), output_dims=(2, 2))"
"Operator([[ 0.11005582+0.71960058j,  0.25713213+0.33343089j,
            0.36127264+0.19487313j, -0.26104495-0.23692132j],
          [-0.14621307+0.39486052j, -0.0057676 +0.23127813j,
           -0.15258714-0.75987353j,  0.36127264+0.19487313j],
          [-0.33316667+0.23977788j,  0.56315528-0.53249107j,
           -0.0057676 +0.23127813j,  0.25713213+0.33343089j],
          [ 0.28484322+0.20770294j, -0.33316667+0.23977788j,
           -0.14621307+0.39486052j,  0.11005582+0.71960058j]],
         input_dims=(2, 2), output_dims=(2, 2))"
