unitary
"Operator([[ 8.86340847e-01-0.43033515j,  4.21826807e-02+0.16473853j,
           -1.68138086e-02+0.00311693j, -2.45314235e-04-0.00096019j],
          [ 4.21826807e-02+0.16473853j,  9.64342661e-01-0.04628868j,
            9.63322217e-03+0.19646172j, -1.68138086e-02+0.00311693j],
          [-1.68138086e-02+0.00311693j,  9.63322217e-03+0.19646172j,
            9.64342661e-01-0.04628868j,  4.21826807e-02+0.16473853j],
          [-2.45314235e-04-0.00096019j, -1.68138086e-02+0.00311693j,
            4.21826807e-02+0.16473853j,  8.86340847e-01-0.43033515j]],
         input_dims=(2, 2), output_dims=(2, 2))"
"Operator([[ 8.86340847e-01-0.43033515j,  4.32454264e-02+0.16446275j,
           -1.67721591e-02+0.00333378j, -2.63865476e-04-0.00095526j],
          [ 4.11181766e-02+0.16500745j,  9.64342661e-01-0.04628868j,
            1.09014653e-02+0.19639543j, -1.67721591e-02+0.00333378j],
          [-1.68526546e-02+0.00289956j,  8.36457751e-03+0.19651983j,
            9.64342661e-01-0.04628868j,  4.32454264e-02+0.16446275j],
          [-2.26670960e-04-0.00096476j, -1.68526546e-02+0.00289956j,
            4.11181766e-02+0.16500745j,  8.86340847e-01-0.43033515j]],
         input_dims=(2, 2), output_dims=(2, 2))"
"Operator([[ 8.86340847e-01-0.43033515j,  4.21826807e-02+0.16473853j,
           -1.68138086e-02+0.00311693j, -2.45314235e-04-0.00096019j],
          [ 4.21826807e-02+0.16473853j,  9.64342661e-01-0.04628868j,
            9.63322217e-03+0.19646172j, -1.68138086e-02+0.00311693j],
          [-1.68138086e-02+0.00311693j,  9.63322217e-03+0.19646172j,
            9.64342661e-01-0.04628868j,  4.21826807e-02+0.16473853j],
          [-2.45314235e-04-0.00096019j, -1.68138086e-02+0.00311693j,
            4.21826807e-02+0.16473853j,  8.86340847e-01-0.43033515j]],
         input_dims=(2, 2), output_dims=(2, 2))"
"Operator([[ 8.86340847e-01-0.43033515j,  4.21826807e-02+0.16473853j,
           -1.68138086e-02+0.00311693j, -2.45314235e-04-0.00096019j],
          [ 4.21826807e-02+0.16473853j,  9.64342661e-01-0.04628868j,
            9.63322217e-03+0.19646172j, -1.68138086e-02+0.00311693j],
          [-1.68138086e-02+0.00311693j,  9.63322217e-03+0.19646172j,
            9.64342661e-01-0.04628868j,  4.21826807e-02+0.16473853j],
          [-2.45314235e-04-0.00096019j, -1.68138086e-02+0.00311693j,
            4.21826807e-02+0.16473853j,  8.86340847e-01-0.43033515j]],
         input_dims=(2, 2), output_dims=(2, 2))"
"Operator([[ 8.86340847e-01-0.43033515j,  1.67118659e-01+0.03145657j,
            1.31868795e-02+0.01088695j,  4.84454546e-04+0.00086455j],
          [-1.31434328e-01+0.10790357j,  9.64342661e-01-0.04628868j,
            1.82096809e-01+0.07436908j,  1.31868795e-02+0.01088695j],
          [ 8.40832072e-03-0.01489025j, -1.73947609e-01+0.09182721j,
            9.64342661e-01-0.04628868j,  1.67118659e-01+0.03145657j],
          [-1.03947366e-05+0.00099098j,  8.40832072e-03-0.01489025j,
           -1.31434328e-01+0.10790357j,  8.86340847e-01-0.43033515j]],
         input_dims=(2, 2), output_dims=(2, 2))"
"Operator([[ 8.86340847e-01-4.30335148e-01j,
            1.69978976e-01-5.03092721e-03j,
            1.65304961e-02+4.37745619e-03j,
            9.07662446e-04+3.97867319e-04j],
          [-1.51478736e-01+7.72810120e-02j,
            9.64342661e-01-4.62886825e-02j,
            1.93792359e-01+3.36827777e-02j,
            1.65304961e-02+4.37745619e-03j],
          [ 1.38630286e-02-1.00117862e-02j,
           -1.89567476e-01+5.24802838e-02j,
            9.64342661e-01-4.62886825e-02j,
            1.69978976e-01-5.03092721e-03j],
          [-6.05591269e-04+7.84479914e-04j,
            1.38630286e-02-1.00117862e-02j,
           -1.51478736e-01+7.72810120e-02j,
            8.86340847e-01-4.30335148e-01j]],
         input_dims=(2, 2), output_dims=(2, 2))"
"Operator([[ 8.86340847e-01-4.30335148e-01j,
            1.67855767e-01-2.72507571e-02j,
            1.71001496e-02-6.56264935e-05j,
            9.90854612e-04+1.88854093e-05j],
          [-1.60295787e-01+5.67751966e-02j,
            9.64342661e-01-4.62886825e-02j,
            1.96534578e-01+8.01046798e-03j,
            1.71001496e-02-6.56264935e-05j],
          [ 1.59874113e-02-6.06812203e-03j,
           -1.94808112e-01+2.71994021e-02j,
            9.64342661e-01-4.62886825e-02j,
            1.67855767e-01-2.72507571e-02j],
          [-8.60371115e-04+4.91844553e-04j,
            1.59874113e-02-6.06812203e-03j,
           -1.60295787e-01+5.67751966e-02j,
            8.86340847e-01-4.30335148e-01j]],
         input_dims=(2, 2), output_dims=(2, 2))"
"Operator([[ 8.86340847e-01-4.30335148e-01j,
            1.66295908e-01-3.55504319e-02j,
            1.70093490e-02-1.76109909e-03j,
            9.82679793e-04-1.28413184e-04j],
          [-1.62916758e-01+4.87472285e-02j,
            9.64342661e-01-4.62886825e-02j,
            1.96689915e-01-1.75646019e-03j,
            1.70093490e-02-1.76109909e-03j],
          [ 1.65103703e-02-4.45276267e-03j,
           -1.95918222e-01+1.74945233e-02j,
            9.64342661e-01-4.62886825e-02j,
            1.66295908e-01-3.55504319e-02j],
          [-9.23851350e-04+3.58675626e-04j,
            1.65103703e-02-4.45276267e-03j,
           -1.62916758e-01+4.87472285e-02j,
            8.86340847e-01-4.30335148e-01j]],
         input_dims=(2, 2), output_dims=(2, 2))"
"Operator([[ 8.86340847e-01-0.43033515j,  4.21826807e-02+0.16473853j,
           -1.68138086e-02+0.00311693j, -2.45314235e-04-0.00096019j],
          [ 4.21826807e-02+0.16473853j,  9.64342661e-01-0.04628868j,
            9.63322217e-03+0.19646172j, -1.68138086e-02+0.00311693j],
          [-1.68138086e-02+0.00311693j,  9.63322217e-03+0.19646172j,
            9.64342661e-01-0.04628868j,  4.21826807e-02+0.16473853j],
          [-2.45314235e-04-0.00096019j, -1.68138086e-02+0.00311693j,
            4.21826807e-02+0.16473853j,  8.86340847e-01-0.43033515j]],
         input_dims=(2, 2), output_dims=(2, 2))"
"Operator([[ 8.86340847e-01-4.30335148e-01j,
            1.69230584e-01-1.67084363e-02j,
            1.69747894e-02+2.06783663e-03j,
            9.69950045e-04+2.03338216e-04j],
          [-1.56434718e-01+6.66808917e-02j,
            9.64342661e-01-4.62886825e-02j,
            1.95649924e-01+2.02759745e-02j,
            1.69747894e-02+2.06783663e-03j],
          [ 1.51056611e-02-8.01488775e-03j,
           -1.92727744e-01+3.93195229e-02j,
            9.64342661e-01-4.62886825e-02j,
            1.69230584e-01-1.67084363e-02j],
          [-7.53553652e-04+6.43666384e-04j,
            1.51056611e-02-8.01488775e-03j,
           -1.56434718e-01+6.66808917e-02j,
            8.86340847e-01-4.30335148e-01j]],
         input_dims=(2, 2), output_dims=(2, 2))"
"Operator([[ 8.86340847e-01-0.43033515j,  1.65620171e-01+0.03857617j,
            1.22081133e-02+0.0119742j ,  3.69797376e-04+0.00091946j],
          [-1.26698530e-01+0.11342683j,  9.64342661e-01-0.04628868j,
            1.78749058e-01+0.08209009j,  1.22081133e-02+0.0119742j ],
          [ 7.10487690e-03-0.01555443j, -1.69860557e-01+0.09918366j,
            9.64342661e-01-0.04628868j,  1.65620171e-01+0.03857617j],
          [ 1.16546105e-04+0.00098416j,  7.10487690e-03-0.01555443j,
           -1.26698530e-01+0.11342683j,  8.86340847e-01-0.43033515j]],
         input_dims=(2, 2), output_dims=(2, 2))"
"Operator([[ 8.86340847e-01-4.30335148e-01j,
            5.76107871e-02+1.59997374e-01j,
           -1.59232193e-02+6.23462200e-03j,
           -5.05251092e-04-8.52567214e-04j],
          [ 2.63745777e-02+1.67995667e-01j,
            9.64342661e-01-4.62886825e-02j,
            2.82154675e-02+1.94663544e-01j,
           -1.59232193e-02+6.23462200e-03j],
          [-1.70999034e-02-1.12818987e-04j,
           -9.03580267e-03+1.96490107e-01j,
            9.64342661e-01-4.62886825e-02j,
            5.76107871e-02+1.59997374e-01j],
          [ 3.43922561e-05-9.90437627e-04j,
           -1.70999034e-02-1.12818987e-04j,
            2.63745777e-02+1.67995667e-01j,
            8.86340847e-01-4.30335148e-01j]],
         input_dims=(2, 2), output_dims=(2, 2))"
"Operator([[ 8.86340847e-01-0.43033515j, -1.50168384e-01+0.07979736j,
            1.35213073e-02-0.0104687j , -5.65585284e-04+0.0008138j ],
          [ 1.70039250e-01-0.00219449j,  9.64342661e-01-0.04628868j,
           -1.88665571e-01+0.05563551j,  1.35213073e-02-0.0104687j ],
          [ 1.63752577e-02+0.0049265j ,  1.93203463e-01+0.03691111j,
            9.64342661e-01-0.04628868j, -1.50168384e-01+0.07979736j],
          [ 8.86620448e-04+0.00044278j,  1.63752577e-02+0.0049265j ,
            1.70039250e-01-0.00219449j,  8.86340847e-01-0.43033515j]],
         input_dims=(2, 2), output_dims=(2, 2))"
"Operator([[ 8.86340847e-01-4.30335148e-01j,
           -1.63267420e-01+4.75595633e-02j,
            1.65734683e-02-4.21183717e-03j,
           -9.31466055e-04+3.38408790e-04j],
          [ 1.66032618e-01-3.67604691e-02j,
            9.64342661e-01-4.62886825e-02j,
           -1.96040424e-01+1.60673676e-02j,
            1.65734683e-02-4.21183717e-03j],
          [ 1.69818968e-02-2.00863257e-03j,
            1.96671910e-01-3.18872502e-03j,
            9.64342661e-01-4.62886825e-02j,
           -1.63267420e-01+4.75595633e-02j],
          [ 9.79640156e-04-1.49848878e-04j,
            1.69818968e-02-2.00863257e-03j,
            1.66032618e-01-3.67604691e-02j,
            8.86340847e-01-4.30335148e-01j]],
         input_dims=(2, 2), output_dims=(2, 2))"
"Operator([[ 8.86340847e-01-4.30335148e-01j,
           -1.63850795e-01+4.55091126e-02j,
            1.66738498e-02-3.79501741e-03j,
           -9.43531557e-04+3.03146371e-04j],
          [ 1.65558744e-01-3.88389586e-02j,
            9.64342661e-01-4.62886825e-02j,
           -1.96226439e-01+1.36085504e-02j,
            1.66738498e-02-3.79501741e-03j],
          [ 1.69262031e-02-2.43373652e-03j,
            1.96616482e-01-5.65394540e-03j,
            9.64342661e-01-4.62886825e-02j,
           -1.63850795e-01+4.55091126e-02j],
          [ 9.73313105e-04-1.86577382e-04j,
            1.69262031e-02-2.43373652e-03j,
            1.65558744e-01-3.88389586e-02j,
            8.86340847e-01-4.30335148e-01j]],
         input_dims=(2, 2), output_dims=(2, 2))"
