unitary
"Operator([[ 8.69959337e-01-4.58005189e-01j,
           -1.52117857e-01-9.93819878e-02j,
            1.41724947e-03+1.95418979e-02j,
            7.87332895e-04-9.28406139e-04j],
          [ 7.98064387e-02-1.63240787e-01j,
            9.59166425e-01-4.90174130e-02j,
           -1.47211823e-01-1.50084057e-01j,
            1.41724947e-03+1.95418979e-02j],
          [-6.17033580e-03-1.85962719e-02j,
            1.30726016e-01-1.64642807e-01j,
            9.59166425e-01-4.90174130e-02j,
           -1.52117857e-01-9.93819878e-02j],
          [-1.15107116e-03-3.96063421e-04j,
           -6.17033580e-03-1.85962719e-02j,
            7.98064387e-02-1.63240787e-01j,
            8.69959337e-01-4.58005189e-01j]],
         input_dims=(2, 2), output_dims=(2, 2))"
"Operator([[ 8.69959337e-01-0.45800519j, -1.81207448e-01-0.01343439j,
            1.72970426e-02+0.00920362j, -8.82310458e-04-0.00083867j],
          [ 1.48790841e-01-0.10429721j,  9.59166425e-01-0.04901741j,
           -2.01430031e-01-0.06018711j,  1.72970426e-02+0.00920362j],
          [ 1.24572172e-02-0.01512323j,  1.94039581e-01-0.08090233j,
            9.59166425e-01-0.04901741j, -1.81207448e-01-0.01343439j],
          [ 3.30215927e-04-0.00117166j,  1.24572172e-02-0.01512323j,
            1.48790841e-01-0.10429721j,  8.69959337e-01-0.45800519j]],
         input_dims=(2, 2), output_dims=(2, 2))"
"Operator([[ 8.69959337e-01-0.45800519j, -1.53492613e-01+0.09724526j,
            1.38119722e-02-0.0138969j , -4.90424607e-04+0.00111414j],
          [ 1.81636794e-01+0.00496962j,  9.59166425e-01-0.04901741j,
           -1.97601165e-01+0.07176576j,  1.38119722e-02-0.0138969j ],
          [ 1.80792568e-02+0.00755214j,  2.04017573e-01+0.05072844j,
            9.59166425e-01-0.04901741j, -1.53492613e-01+0.09724526j],
          [ 9.90671279e-04+0.00070739j,  1.80792568e-02+0.00755214j,
            1.81636794e-01+0.00496962j,  8.69959337e-01-0.45800519j]],
         input_dims=(2, 2), output_dims=(2, 2))"
"Operator([[ 8.69959337e-01-0.45800519j,  4.82361054e-02+0.17518533j,
           -1.92166063e-02+0.00382314j, -3.22371794e-04-0.00117384j],
          [ 4.82361054e-02+0.17518533j,  9.59166425e-01-0.04901741j,
            1.09970339e-02+0.20994192j, -1.92166063e-02+0.00382314j],
          [-1.92166063e-02+0.00382314j,  1.09970339e-02+0.20994192j,
            9.59166425e-01-0.04901741j,  4.82361054e-02+0.17518533j],
          [-3.22371794e-04-0.00117384j, -1.92166063e-02+0.00382314j,
            4.82361054e-02+0.17518533j,  8.69959337e-01-0.45800519j]],
         input_dims=(2, 2), output_dims=(2, 2))"
"Operator([[ 8.69959337e-01-0.45800519j,  4.82361054e-02+0.17518533j,
           -1.92166063e-02+0.00382314j, -3.22371794e-04-0.00117384j],
          [ 4.82361054e-02+0.17518533j,  9.59166425e-01-0.04901741j,
            1.09970339e-02+0.20994192j, -1.92166063e-02+0.00382314j],
          [-1.92166063e-02+0.00382314j,  1.09970339e-02+0.20994192j,
            9.59166425e-01-0.04901741j,  4.82361054e-02+0.17518533j],
          [-3.22371794e-04-0.00117384j, -1.92166063e-02+0.00382314j,
            4.82361054e-02+0.17518533j,  8.69959337e-01-0.45800519j]],
         input_dims=(2, 2), output_dims=(2, 2))"
"Operator([[ 8.69959337e-01-0.45800519j,  9.83945293e-02+0.15275843j,
           -1.36018205e-02+0.01410265j, -1.12490221e-03-0.00046522j],
          [-6.33272599e-03+0.18159438j,  9.59166425e-01-0.04901741j,
            7.32468017e-02+0.19705697j, -1.36018205e-02+0.01410265j],
          [-1.79638606e-02-0.00782266j, -5.22582338e-02+0.20363109j,
            9.59166425e-01-0.04901741j,  9.83945293e-02+0.15275843j],
          [ 7.29515552e-04-0.00097449j, -1.79638606e-02-0.00782266j,
           -6.33272599e-03+0.18159438j,  8.69959337e-01-0.45800519j]],
         input_dims=(2, 2), output_dims=(2, 2))"
"Operator([[ 0.86995934-4.58005189e-01j,  0.14133052+1.14202920e-01j,
           -0.00252938+1.94292718e-02j, -0.00102835+6.51411918e-04j],
          [-0.06295297+1.70451007e-01j,  0.95916643-4.90174130e-02j,
            0.13134095+1.64152670e-01j, -0.00252938+1.94292718e-02j],
          [-0.00977333-1.69816485e-02j, -0.11347217+1.76976304e-01j,
            0.95916643-4.90174130e-02j,  0.14133052+1.14202920e-01j],
          [ 0.00121681+3.48273163e-05j, -0.00977333-1.69816485e-02j,
           -0.06295297+1.70451007e-01j,  0.86995934-4.58005189e-01j]],
         input_dims=(2, 2), output_dims=(2, 2))"
"Operator([[ 8.69959337e-01-0.45800519j,  1.67919357e-01+0.06942414j,
            8.44711505e-03+0.01767882j, -1.73900337e-04+0.00120482j],
          [-1.08715629e-01+0.14559373j,  9.59166425e-01-0.04901741j,
            1.72508277e-01+0.1201559j ,  8.44711505e-03+0.01767882j],
          [ 1.03731282e-03-0.01956574j, -1.59010807e-01+0.1375213j ,
            9.59166425e-01-0.04901741j,  1.67919357e-01+0.06942414j],
          [ 7.64855744e-04+0.00094701j,  1.03731282e-03-0.01956574j,
           -1.08715629e-01+0.14559373j,  8.69959337e-01-0.45800519j]],
         input_dims=(2, 2), output_dims=(2, 2))"
"Operator([[ 8.69959337e-01-0.45800519j,  1.80322398e-01+0.02237085j,
            1.63042671e-02+0.01086578j,  7.48726057e-04+0.00095981j],
          [-1.43456149e-01+0.1115211j ,  9.59166425e-01-0.04901741j,
            1.98210387e-01+0.07006559j,  1.63042671e-02+0.01086578j],
          [ 1.09038478e-02-0.01627884j, -1.89805492e-01+0.09039038j,
            9.59166425e-01-0.04901741j,  1.80322398e-01+0.02237085j],
          [-1.53493929e-04+0.00120759j,  1.09038478e-02-0.01627884j,
           -1.43456149e-01+0.1115211j ,  8.69959337e-01-0.45800519j]],
         input_dims=(2, 2), output_dims=(2, 2))"
"Operator([[ 8.69959337e-01-0.45800519j,  4.82361054e-02+0.17518533j,
           -1.92166063e-02+0.00382314j, -3.22371794e-04-0.00117384j],
          [ 4.82361054e-02+0.17518533j,  9.59166425e-01-0.04901741j,
            1.09970339e-02+0.20994192j, -1.92166063e-02+0.00382314j],
          [-1.92166063e-02+0.00382314j,  1.09970339e-02+0.20994192j,
            9.59166425e-01-0.04901741j,  4.82361054e-02+0.17518533j],
          [-3.22371794e-04-0.00117384j, -1.92166063e-02+0.00382314j,
            4.82361054e-02+0.17518533j,  8.69959337e-01-0.45800519j]],
         input_dims=(2, 2), output_dims=(2, 2))"
"Operator([[ 8.69959337e-01-0.45800519j,  4.82361054e-02+0.17518533j,
           -1.92166063e-02+0.00382314j, -3.22371794e-04-0.00117384j],
          [ 4.82361054e-02+0.17518533j,  9.59166425e-01-0.04901741j,
            1.09970339e-02+0.20994192j, -1.92166063e-02+0.00382314j],
          [-1.92166063e-02+0.00382314j,  1.09970339e-02+0.20994192j,
            9.59166425e-01-0.04901741j,  4.82361054e-02+0.17518533j],
          [-3.22371794e-04-0.00117384j, -1.92166063e-02+0.00382314j,
            4.82361054e-02+0.17518533j,  8.69959337e-01-0.45800519j]],
         input_dims=(2, 2), output_dims=(2, 2))"
"Operator([[ 8.69959337e-01-0.45800519j,  1.80687198e-01+0.01920309j,
            1.66755148e-02+0.01028696j,  7.98196601e-04+0.00091908j],
          [-1.45391043e-01+0.10898654j,  9.59166425e-01-0.04901741j,
            1.99409385e-01+0.06657659j,  1.66755148e-02+0.01028696j],
          [ 1.14683699e-02-0.01588618j, -1.91362446e-01+0.08704573j,
            9.59166425e-01-0.04901741j,  1.80687198e-01+0.01920309j],
          [-2.16827834e-04+0.00119784j,  1.14683699e-02-0.01588618j,
           -1.45391043e-01+0.10898654j,  8.69959337e-01-0.45800519j]],
         input_dims=(2, 2), output_dims=(2, 2))"
"Operator([[ 8.69959337e-01-0.45800519j,  8.13151961e-02+0.1624945j ,
           -1.63136615e-02+0.01085167j, -9.17673044e-04-0.00079982j],
          [ 1.33230903e-02+0.18121567j,  9.59166425e-01-0.04901741j,
            5.15288167e-02+0.20381689j, -1.63136615e-02+0.01085167j],
          [-1.92248868e-02-0.00378128j, -2.99528533e-02+0.20808501j,
            9.59166425e-01-0.04901741j,  8.13151961e-02+0.1624945j ],
          [ 3.80459682e-04-0.00115632j, -1.92248868e-02-0.00378128j,
            1.33230903e-02+0.18121567j,  8.69959337e-01-0.45800519j]],
         input_dims=(2, 2), output_dims=(2, 2))"
"Operator([[ 8.69959337e-01-0.45800519j,  4.82361054e-02+0.17518533j,
           -1.92166063e-02+0.00382314j, -3.22371794e-04-0.00117384j],
          [ 4.82361054e-02+0.17518533j,  9.59166425e-01-0.04901741j,
            1.09970339e-02+0.20994192j, -1.92166063e-02+0.00382314j],
          [-1.92166063e-02+0.00382314j,  1.09970339e-02+0.20994192j,
            9.59166425e-01-0.04901741j,  4.82361054e-02+0.17518533j],
          [-3.22371794e-04-0.00117384j, -1.92166063e-02+0.00382314j,
            4.82361054e-02+0.17518533j,  8.69959337e-01-0.45800519j]],
         input_dims=(2, 2), output_dims=(2, 2))"
