unitary
"Operator([[ 0.6967498 -6.61162025e-01j,  0.01216628+2.74008274e-01j,
           -0.04189595-2.00071569e-02j,  0.00293996-3.42679415e-03j],
          [ 0.19585212+1.92016927e-01j,  0.90380399-6.66315600e-02j,
           -0.09309816+3.04380045e-01j, -0.04189595-2.00071569e-02j],
          [-0.02284682+4.04175680e-02j,  0.13961977+2.86043351e-01j,
            0.90380399-6.66315600e-02j,  0.01216628+2.74008274e-01j],
          [-0.00451346-1.22513429e-04j, -0.02284682+4.04175680e-02j,
            0.19585212+1.92016927e-01j,  0.6967498 -6.61162025e-01j]],
         input_dims=(2, 2), output_dims=(2, 2))"
"Operator([[ 0.6967498 -0.66116202j,  0.11179695+0.25045957j,
           -0.04427972+0.01395935j, -0.0018299 -0.00412768j],
          [ 0.11179695+0.25045957j,  0.90380399-0.06663156j,
            0.02500247+0.31731586j, -0.04427972+0.01395935j],
          [-0.04427972+0.01395935j,  0.02500247+0.31731586j,
            0.90380399-0.06663156j,  0.11179695+0.25045957j],
          [-0.0018299 -0.00412768j, -0.04427972+0.01395935j,
            0.11179695+0.25045957j,  0.6967498 -0.66116202j]],
         input_dims=(2, 2), output_dims=(2, 2))"
"Operator([[ 0.6967498 -0.66116202j,  0.04023548-0.271311j  ,
           -0.03137694-0.03422053j, -0.00433055+0.00127776j],
          [-0.22883381-0.15120728j,  0.90380399-0.06663156j,
            0.14935734-0.2810816j , -0.03137694-0.03422053j],
          [-0.00607815+0.04602839j, -0.19153581-0.25422138j,
            0.90380399-0.06663156j,  0.04023548-0.271311j  ],
          [ 0.00385476-0.00235098j, -0.00607815+0.04602839j,
           -0.22883381-0.15120728j,  0.6967498 -0.66116202j]],
         input_dims=(2, 2), output_dims=(2, 2))"
"Operator([[ 0.6967498 -0.66116202j,  0.09333769-0.25790818j,
           -0.01557293-0.04373832j, -0.00429558-0.00139078j],
          [-0.25431384-0.10272791j,  0.90380399-0.06663156j,
            0.20222536-0.24580355j, -0.01557293-0.04373832j],
          [ 0.01232702+0.04476161j, -0.23822635-0.21109875j,
            0.90380399-0.06663156j,  0.09333769-0.25790818j],
          [ 0.00185386-0.00411698j,  0.01232702+0.04476161j,
           -0.25431384-0.10272791j,  0.6967498 -0.66116202j]],
         input_dims=(2, 2), output_dims=(2, 2))"
"Operator([[ 6.96749798e-01-0.66116202j,  1.84951524e-01-0.20253762j,
            1.99248659e-02-0.04193515j, -3.57497711e-04-0.00450094j],
          [-2.74267363e-01+0.00244266j,  9.03803987e-01-0.06663156j,
            2.80912743e-01-0.14967468j,  1.99248659e-02-0.04193515j],
          [ 4.03726360e-02+0.02292613j, -3.00887499e-01-0.10383252j,
            9.03803987e-01-0.06663156j,  1.84951524e-01-0.20253762j],
          [-3.09519871e-03-0.00328726j,  4.03726360e-02+0.02292613j,
           -2.74267363e-01+0.00244266j,  6.96749798e-01-0.66116202j]],
         input_dims=(2, 2), output_dims=(2, 2))"
"Operator([[ 0.6967498 -6.61162025e-01j, -0.23469119+1.41945766e-01j,
            0.03949226-2.44114331e-02j, -0.00317901+3.20627655e-03j],
          [ 0.26237396-7.99278442e-02j,  0.90380399-6.66315600e-02j,
           -0.31177897+6.40964293e-02j,  0.03949226-2.44114331e-02j],
          [ 0.04635221-2.65137209e-03j,  0.31797   +1.44762138e-02j,
            0.90380399-6.66315600e-02j, -0.23469119+1.41945766e-01j],
          [ 0.00451057-2.02697448e-04j,  0.04635221-2.65137209e-03j,
            0.26237396-7.99278442e-02j,  0.6967498 -6.61162025e-01j]],
         input_dims=(2, 2), output_dims=(2, 2))"
"Operator([[ 0.6967498 -0.66116202j,  0.05449352+0.26881036j,
           -0.04601025-0.00621401j,  0.00108275-0.00438337j],
          [ 0.16372007+0.2200552j ,  0.90380399-0.06663156j,
           -0.0447906 +0.31513216j, -0.04601025-0.00621401j],
          [-0.03412775+0.03147782j,  0.09359228+0.30422847j,
            0.90380399-0.06663156j,  0.05449352+0.26881036j],
          [-0.00397519-0.00214106j, -0.03412775+0.03147782j,
            0.16372007+0.2200552j ,  0.6967498 -0.66116202j]],
         input_dims=(2, 2), output_dims=(2, 2))"
"Operator([[ 0.6967498 -0.66116202j,  0.11179695+0.25045957j,
           -0.04427972+0.01395935j, -0.0018299 -0.00412768j],
          [ 0.11179695+0.25045957j,  0.90380399-0.06663156j,
            0.02500247+0.31731586j, -0.04427972+0.01395935j],
          [-0.04427972+0.01395935j,  0.02500247+0.31731586j,
            0.90380399-0.06663156j,  0.11179695+0.25045957j],
          [-0.0018299 -0.00412768j, -0.04427972+0.01395935j,
            0.11179695+0.25045957j,  0.6967498 -0.66116202j]],
         input_dims=(2, 2), output_dims=(2, 2))"
"Operator([[ 0.6967498 -0.66116202j,  0.11179695+0.25045957j,
           -0.04427972+0.01395935j, -0.0018299 -0.00412768j],
          [ 0.11179695+0.25045957j,  0.90380399-0.06663156j,
            0.02500247+0.31731586j, -0.04427972+0.01395935j],
          [-0.04427972+0.01395935j,  0.02500247+0.31731586j,
            0.90380399-0.06663156j,  0.11179695+0.25045957j],
          [-0.0018299 -0.00412768j, -0.04427972+0.01395935j,
            0.11179695+0.25045957j,  0.6967498 -0.66116202j]],
         input_dims=(2, 2), output_dims=(2, 2))"
