unitary
"Operator([[ 0.64342104-7.03682471e-01j,  0.24208041-1.70855980e-01j,
            0.04385412-3.29914737e-02j,  0.00351977-4.65254801e-03j],
          [-0.28282648+8.83395324e-02j,  0.88650541-6.94078004e-02j,
            0.33429132-8.20592096e-02j,  0.04385412-3.29914737e-02j],
          [ 0.05486583-1.16705286e-03j, -0.34334499-2.44666188e-02j,
            0.88650541-6.94078004e-02j,  0.24208041-1.70855980e-01j],
          [-0.0058335 -7.24804626e-05j,  0.05486583-1.16705286e-03j,
           -0.28282648+8.83395324e-02j,  0.64342104-7.03682471e-01j]],
         input_dims=(2, 2), output_dims=(2, 2))"
"Operator([[ 0.64342104-0.70368247j,  0.0851944 -0.28378972j,
           -0.02153683-0.0504756j , -0.00568718-0.00130038j],
          [-0.27711803-0.10488227j,  0.88650541-0.0694078j ,
            0.21254382-0.27075732j, -0.02153683-0.0504756j ],
          [ 0.01426444+0.05299195j, -0.25518876-0.23100453j,
            0.88650541-0.0694078j ,  0.0851944 -0.28378972j],
          [ 0.00246008-0.0052899j ,  0.01426444+0.05299195j,
           -0.27711803-0.10488227j,  0.64342104-0.70368247j]],
         input_dims=(2, 2), output_dims=(2, 2))"
"Operator([[ 0.64342104-0.70368247j, -0.05555141-0.29104764j,
           -0.05370644-0.01128007j, -0.00202706+0.00547047j],
          [-0.19731651-0.22104498j,  0.88650541-0.0694078j ,
            0.06341357-0.33832399j, -0.05370644-0.01128007j],
          [-0.03524992+0.04206025j, -0.11960019-0.32276957j,
            0.88650541-0.0694078j , -0.05555141-0.29104764j],
          [ 0.0055643 +0.00175317j, -0.03524992+0.04206025j,
           -0.19731651-0.22104498j,  0.64342104-0.70368247j]],
         input_dims=(2, 2), output_dims=(2, 2))"
"Operator([[ 0.64342104-0.70368247j, -0.11237847-0.27416377j,
           -0.05385094+0.0105687j ,  0.0014228 +0.0056578j ],
          [-0.1493638 -0.25590066j,  0.88650541-0.0694078j ,
           -0.00520586-0.34417626j, -0.05385094+0.0105687j ],
          [-0.0488668 +0.02497312j, -0.05295262-0.34011824j,
            0.88650541-0.0694078j , -0.11237847-0.27416377j],
          [ 0.00359687+0.00459321j, -0.0488668 +0.02497312j,
           -0.1493638 -0.25590066j,  0.64342104-0.70368247j]],
         input_dims=(2, 2), output_dims=(2, 2))"
"Operator([[ 0.64342104-0.70368247j,  0.13118932+0.26567659j,
           -0.05186141+0.01794479j, -0.00256566-0.00523951j],
          [ 0.13118932+0.26567659j,  0.88650541-0.0694078j ,
            0.02914994+0.34297913j, -0.05186141+0.01794479j],
          [-0.05186141+0.01794479j,  0.02914994+0.34297913j,
            0.88650541-0.0694078j ,  0.13118932+0.26567659j],
          [-0.00256566-0.00523951j, -0.05186141+0.01794479j,
            0.13118932+0.26567659j,  0.64342104-0.70368247j]],
         input_dims=(2, 2), output_dims=(2, 2))"
"Operator([[ 0.64342104-7.03682471e-01j, -0.03113639-2.94661188e-01j,
           -0.05109142-2.00321807e-02j, -0.00331728+4.79902639e-03j],
          [-0.21502835-2.03856568e-01j,  0.88650541-6.94078004e-02j,
            0.09135043-3.31872715e-01j, -0.05109142-2.00321807e-02j],
          [-0.02778501+4.73245634e-02j, -0.14604762-3.11696157e-01j,
            0.88650541-6.94078004e-02j, -0.03113639-2.94661188e-01j],
          [ 0.00582505+3.22255464e-04j, -0.02778501+4.73245634e-02j,
           -0.21502835-2.03856568e-01j,  0.64342104-7.03682471e-01j]],
         input_dims=(2, 2), output_dims=(2, 2))"
"Operator([[ 0.64342104-0.70368247j,  0.03065632-0.29471152j,
           -0.03856659-0.0390415j , -0.00550155+0.00194112j],
          [-0.25263422-0.15482455j,  0.88650541-0.0694078j ,
            0.15819759-0.30570889j, -0.03856659-0.0390415j ],
          [-0.0061902 +0.054528j  , -0.20752052-0.27462635j,
            0.88650541-0.0694078j ,  0.03065632-0.29471152j],
          [ 0.00490684-0.00315562j, -0.0061902 +0.054528j  ,
           -0.25263422-0.15482455j,  0.64342104-0.70368247j]],
         input_dims=(2, 2), output_dims=(2, 2))"
"Operator([[ 6.43421039e-01-0.70368247j, -1.79468709e-01-0.23576614j,
           -4.13639780e-02+0.03606442j,  5.00523510e-03+0.0029971j ],
          [-7.80901083e-02-0.28582621j,  8.86505412e-01-0.0694078j ,
           -9.40525632e-02-0.33111707j, -4.13639780e-02+0.03606442j],
          [-5.48073875e-02-0.00278774j,  3.68236417e-02-0.34224029j,
            8.86505412e-01-0.0694078j , -1.79468709e-01-0.23576614j],
          [-7.01620313e-04+0.00579161j, -5.48073875e-02-0.00278774j,
           -7.80901083e-02-0.28582621j,  6.43421039e-01-0.70368247j]],
         input_dims=(2, 2), output_dims=(2, 2))"
"Operator([[ 6.43421039e-01-0.70368247j, -2.01333002e-01+0.21739299j,
            2.66728310e-02-0.04796021j, -1.18135780e-04+0.00583276j],
          [ 2.95004522e-01-0.02769516j,  8.86505412e-01-0.0694078j ,
           -3.09970347e-01+0.1496756j ,  2.66728310e-02-0.04796021j],
          [ 5.06099232e-02+0.02121926j,  3.30783923e-01+0.09521762j,
            8.86505412e-01-0.0694078j , -2.01333002e-01+0.21739299j],
          [ 4.67995399e-03+0.00348325j,  5.06099232e-02+0.02121926j,
            2.95004522e-01-0.02769516j,  6.43421039e-01-0.70368247j]],
         input_dims=(2, 2), output_dims=(2, 2))"
"Operator([[ 0.64342104-0.70368247j,  0.13118932+0.26567659j,
           -0.05186141+0.01794479j, -0.00256566-0.00523951j],
          [ 0.13118932+0.26567659j,  0.88650541-0.0694078j ,
            0.02914994+0.34297913j, -0.05186141+0.01794479j],
          [-0.05186141+0.01794479j,  0.02914994+0.34297913j,
            0.88650541-0.0694078j ,  0.13118932+0.26567659j],
          [-0.00256566-0.00523951j, -0.05186141+0.01794479j,
            0.13118932+0.26567659j,  0.64342104-0.70368247j]],
         input_dims=(2, 2), output_dims=(2, 2))"
"Operator([[ 0.64342104-0.70368247j,  0.13118932+0.26567659j,
           -0.05186141+0.01794479j, -0.00256566-0.00523951j],
          [ 0.13118932+0.26567659j,  0.88650541-0.0694078j ,
            0.02914994+0.34297913j, -0.05186141+0.01794479j],
          [-0.05186141+0.01794479j,  0.02914994+0.34297913j,
            0.88650541-0.0694078j ,  0.13118932+0.26567659j],
          [-0.00256566-0.00523951j, -0.05186141+0.01794479j,
            0.13118932+0.26567659j,  0.64342104-0.70368247j]],
         input_dims=(2, 2), output_dims=(2, 2))"
