unitary
"Operator([[ 0.6967498 -0.66116202j,  0.27247992-0.03135675j,
            0.04428357+0.01394713j,  0.00396569+0.00215861j],
          [-0.20528209+0.18190057j,  0.90380399-0.06663156j,
            0.3101607 +0.07151795j,  0.04428357+0.01394713j],
          [ 0.02827824-0.03682252j, -0.29513246+0.1192112j ,
            0.90380399-0.06663156j,  0.27247992-0.03135675j],
          [-0.00106337+0.00438811j,  0.02827824-0.03682252j,
           -0.20528209+0.18190057j,  0.6967498 -0.66116202j]],
         input_dims=(2, 2), output_dims=(2, 2))"
"Operator([[ 0.6967498 -0.66116202j,  0.11179695+0.25045957j,
           -0.04427972+0.01395935j, -0.0018299 -0.00412768j],
          [ 0.11179695+0.25045957j,  0.90380399-0.06663156j,
            0.02500247+0.31731586j, -0.04427972+0.01395935j],
          [-0.04427972+0.01395935j,  0.02500247+0.31731586j,
            0.90380399-0.06663156j,  0.11179695+0.25045957j],
          [-0.0018299 -0.00412768j, -0.04427972+0.01395935j,
            0.11179695+0.25045957j,  0.6967498 -0.66116202j]],
         input_dims=(2, 2), output_dims=(2, 2))"
"Operator([[ 0.6967498 -0.66116202j,  0.15824572-0.22402421j,
            0.00892588-0.04556189j, -0.00198185-0.00405692j],
          [-0.27243035-0.03178451j,  0.90380399-0.06663156j,
            0.26005095-0.18354286j,  0.00892588-0.04556189j],
          [ 0.03344225+0.03220517j, -0.28558741-0.14055003j,
            0.90380399-0.06663156j,  0.15824572-0.22402421j],
          [-0.00167543-0.00419276j,  0.03344225+0.03220517j,
           -0.27243035-0.03178451j,  0.6967498 -0.66116202j]],
         input_dims=(2, 2), output_dims=(2, 2))"
"Operator([[ 0.6967498 -0.66116202j,  0.11179695+0.25045957j,
           -0.04427972+0.01395935j, -0.0018299 -0.00412768j],
          [ 0.11179695+0.25045957j,  0.90380399-0.06663156j,
            0.02500247+0.31731586j, -0.04427972+0.01395935j],
          [-0.04427972+0.01395935j,  0.02500247+0.31731586j,
            0.90380399-0.06663156j,  0.11179695+0.25045957j],
          [-0.0018299 -0.00412768j, -0.04427972+0.01395935j,
            0.11179695+0.25045957j,  0.6967498 -0.66116202j]],
         input_dims=(2, 2), output_dims=(2, 2))"
"Operator([[ 6.96749798e-01-0.66116202j, -1.36882901e-01-0.23767967j,
           -4.05021835e-02+0.02269648j,  2.99536286e-03+0.00337848j],
          [-8.55330775e-02-0.26060055j,  9.03803987e-01-0.06663156j,
           -5.73991873e-02-0.31308116j, -4.05021835e-02+0.02269648j],
          [-4.61959897e-02+0.00463546j,  7.65767539e-03-0.31820723j,
            9.03803987e-01-0.06663156j, -1.36882901e-01-0.23767967j],
          [ 4.92132694e-04+0.00448822j, -4.61959897e-02+0.00463546j,
           -8.55330775e-02-0.26060055j,  6.96749798e-01-0.66116202j]],
         input_dims=(2, 2), output_dims=(2, 2))"
"Operator([[ 0.6967498 -0.66116202j, -0.09822582-0.25608639j,
           -0.04551857+0.00914423j,  0.00114581+0.00436731j],
          [-0.12504733-0.24411415j,  0.90380399-0.06663156j,
           -0.00797606-0.3181994j , -0.04551857+0.00914423j],
          [-0.04253306+0.01861439j, -0.04195715-0.31552191j,
            0.90380399-0.06663156j, -0.09822582-0.25608639j],
          [ 0.00246683+0.00378167j, -0.04253306+0.01861439j,
           -0.12504733-0.24411415j,  0.6967498 -0.66116202j]],
         input_dims=(2, 2), output_dims=(2, 2))"
