unitary
"Operator([[ 8.86340847e-01-4.30335148e-01j,
            1.66709002e-01-3.35599596e-02j,
            1.70465897e-02-1.35395901e-03j,
            9.86652254e-04-9.30959188e-05j],
          [-1.62322384e-01+5.06912823e-02j,
            9.64342661e-01-4.62886825e-02j,
            1.96696858e-01+5.94932924e-04j,
            1.70465897e-02-1.35395901e-03j],
          [ 1.63992009e-02-4.84619788e-03j,
           -1.95695090e-01+1.98353159e-02j,
            9.64342661e-01-4.62886825e-02j,
            1.66709002e-01-3.35599596e-02j],
          [-9.10396718e-04+3.91570346e-04j,
            1.63992009e-02-4.84619788e-03j,
           -1.62322384e-01+5.06912823e-02j,
            8.86340847e-01-4.30335148e-01j]],
         input_dims=(2, 2), output_dims=(2, 2))"
"Operator([[ 8.86340847e-01-0.43033515j,  1.50407635e-01-0.07934548j,
            1.35840157e-02-0.0103872j ,  5.72902781e-04-0.00080866j],
          [-1.70031883e-01+0.00270574j,  9.64342661e-01-0.04628868j,
            1.88831999e-01-0.055068j  ,  1.35840157e-02-0.0103872j ],
          [ 1.64045868e-02+0.00482794j, -1.93313572e-01-0.03633003j,
            9.64342661e-01-0.04628868j,  1.50407635e-01-0.07934548j],
          [-8.90578289e-04-0.00043476j,  1.64045868e-02+0.00482794j,
           -1.70031883e-01+0.00270574j,  8.86340847e-01-0.43033515j]],
         input_dims=(2, 2), output_dims=(2, 2))"
"Operator([[ 8.86340847e-01-0.43033515j,  1.34293459e-01-0.10432368j,
            9.19808716e-03-0.01441578j,  9.03718216e-05-0.00098691j],
          [-1.67905421e-01-0.02694312j,  9.64342661e-01-0.04628868j,
            1.76358227e-01-0.08710789j,  9.19808716e-03-0.01441578j],
          [ 1.37540972e-02+0.01016092j, -1.84034162e-01-0.06943656j,
            9.64342661e-01-0.04628868j,  1.34293459e-01-0.10432368j],
          [-5.52676383e-04-0.00082262j,  1.37540972e-02+0.01016092j,
           -1.67905421e-01-0.02694312j,  8.86340847e-01-0.43033515j]],
         input_dims=(2, 2), output_dims=(2, 2))"
"Operator([[ 8.86340847e-01-0.43033515j,  1.29532940e-01-0.11017885j,
            7.88403404e-03-0.01517437j, -4.14346836e-05-0.00099017j],
          [-1.66544777e-01-0.03436567j,  9.64342661e-01-0.04628868j,
            1.72320066e-01-0.09484621j,  7.88403404e-03-0.01517437j],
          [ 1.27992693e-02+0.01134011j, -1.80772427e-01-0.07753282j,
            9.64342661e-01-0.04628868j,  1.29532940e-01-0.11017885j],
          [-4.38587089e-04-0.0008887j ,  1.27992693e-02+0.01134011j,
           -1.66544777e-01-0.03436567j,  8.86340847e-01-0.43033515j]],
         input_dims=(2, 2), output_dims=(2, 2))"
"Operator([[ 8.86340847e-01-0.43033515j, -1.60386375e-01-0.05651879j,
            9.30176905e-03+0.01434909j, -5.20068875e-05-0.00098967j],
          [ 1.13485504e-01-0.12664597j,  9.64342661e-01-0.04628868j,
           -1.68660628e-01-0.10121067j,  9.30176905e-03+0.01434909j],
          [ 3.54039207e-03-0.01672977j,  1.57949917e-01-0.11722556j,
            9.64342661e-01-0.04628868j, -1.60386375e-01-0.05651879j],
          [-4.29071126e-04-0.00089334j,  3.54039207e-03-0.01672977j,
            1.13485504e-01-0.12664597j,  8.86340847e-01-0.43033515j]],
         input_dims=(2, 2), output_dims=(2, 2))"
"Operator([[ 8.86340847e-01-0.43033515j, -1.45875387e-01+0.08739871j,
            1.23770158e-02-0.01179953j, -4.34040100e-04+0.00089093j],
          [ 1.69927810e-01+0.00653465j,  9.64342661e-01-0.04628868j,
           -1.85561808e-01+0.06524434j,  1.23770158e-02-0.01179953j],
          [ 1.57840250e-02+0.00657906j,  1.91054639e-01+0.04677748j,
            9.64342661e-01-0.04628868j, -1.45875387e-01+0.08739871j],
          [ 8.08194649e-04+0.00057356j,  1.57840250e-02+0.00657906j,
            1.69927810e-01+0.00653465j,  8.86340847e-01-0.43033515j]],
         input_dims=(2, 2), output_dims=(2, 2))"
"Operator([[ 8.86340847e-01-0.43033515j,  4.21826807e-02+0.16473853j,
           -1.68138086e-02+0.00311693j, -2.45314235e-04-0.00096019j],
          [ 4.21826807e-02+0.16473853j,  9.64342661e-01-0.04628868j,
            9.63322217e-03+0.19646172j, -1.68138086e-02+0.00311693j],
          [-1.68138086e-02+0.00311693j,  9.63322217e-03+0.19646172j,
            9.64342661e-01-0.04628868j,  4.21826807e-02+0.16473853j],
          [-2.45314235e-04-0.00096019j, -1.68138086e-02+0.00311693j,
            4.21826807e-02+0.16473853j,  8.86340847e-01-0.43033515j]],
         input_dims=(2, 2), output_dims=(2, 2))"
"Operator([[ 8.86340847e-01-0.43033515j,  4.21826807e-02+0.16473853j,
           -1.68138086e-02+0.00311693j, -2.45314235e-04-0.00096019j],
          [ 4.21826807e-02+0.16473853j,  9.64342661e-01-0.04628868j,
            9.63322217e-03+0.19646172j, -1.68138086e-02+0.00311693j],
          [-1.68138086e-02+0.00311693j,  9.63322217e-03+0.19646172j,
            9.64342661e-01-0.04628868j,  4.21826807e-02+0.16473853j],
          [-2.45314235e-04-0.00096019j, -1.68138086e-02+0.00311693j,
            4.21826807e-02+0.16473853j,  8.86340847e-01-0.43033515j]],
         input_dims=(2, 2), output_dims=(2, 2))"
"Operator([[ 8.86340847e-01-0.43033515j,  4.21826807e-02+0.16473853j,
           -1.68138086e-02+0.00311693j, -2.45314235e-04-0.00096019j],
          [ 4.21826807e-02+0.16473853j,  9.64342661e-01-0.04628868j,
            9.63322217e-03+0.19646172j, -1.68138086e-02+0.00311693j],
          [-1.68138086e-02+0.00311693j,  9.63322217e-03+0.19646172j,
            9.64342661e-01-0.04628868j,  4.21826807e-02+0.16473853j],
          [-2.45314235e-04-0.00096019j, -1.68138086e-02+0.00311693j,
            4.21826807e-02+0.16473853j,  8.86340847e-01-0.43033515j]],
         input_dims=(2, 2), output_dims=(2, 2))"
"Operator([[ 8.86340847e-01-0.43033515j, -9.62211082e-02+0.14021291j,
           -8.52501758e-04-0.01707901j,  7.34913007e-04+0.00066487j],
          [ 1.51766932e-01+0.0767135j ,  9.64342661e-01-0.04628868j,
           -1.41528691e-01+0.13660028j, -8.52501758e-04-0.01707901j],
          [ 5.32595620e-03+0.01624973j,  1.54213643e-01+0.12209898j,
            9.64342661e-01-0.04628868j, -9.62211082e-02+0.14021291j],
          [-3.25940876e-04+0.0009359j ,  5.32595620e-03+0.01624973j,
            1.51766932e-01+0.0767135j ,  8.86340847e-01-0.43033515j]],
         input_dims=(2, 2), output_dims=(2, 2))"
