unitary
"Operator([[ 0.71296075-0.27085499j, -0.44853127+0.12686231j,
            0.10926079+0.1127301j ,  0.40854323+0.09745069j],
          [-0.43856376-0.15791191j, -0.33603063-0.12922871j,
           -0.08175722+0.7885295j ,  0.10926079+0.1127301j ],
          [-0.07148152+0.13977262j, -0.52544844+0.59360504j,
           -0.33603063-0.12922871j, -0.44853127+0.12686231j],
          [-0.21128254+0.36299297j, -0.07148152+0.13977262j,
           -0.43856376-0.15791191j,  0.71296075-0.27085499j]],
         input_dims=(2, 2), output_dims=(2, 2))"
"Operator([[ 0.71296075-0.27085499j, -0.4658417 -0.01630513j,
            0.02323021+0.1552622j ,  0.16539686+0.38606747j],
          [-0.4658417 -0.01630513j, -0.33603063-0.12922871j,
           -0.31886292+0.72580262j,  0.02323021+0.1552622j ],
          [ 0.02323021+0.1552622j , -0.31886292+0.72580262j,
           -0.33603063-0.12922871j, -0.4658417 -0.01630513j],
          [ 0.16539686+0.38606747j,  0.02323021+0.1552622j ,
           -0.4658417 -0.01630513j,  0.71296075-0.27085499j]],
         input_dims=(2, 2), output_dims=(2, 2))"
"Operator([[ 0.71296075-0.27085499j, -0.21247186-0.41488559j,
           -0.14424639-0.06195945j, -0.14749203-0.39325604j],
          [-0.24095954+0.39901484j, -0.33603063-0.12922871j,
           -0.78923112+0.07468097j, -0.14424639-0.06195945j],
          [ 0.11979493-0.10146511j,  0.4788629 +0.63178583j,
           -0.33603063-0.12922871j, -0.21247186-0.41488559j],
          [-0.18295266-0.37806419j,  0.11979493-0.10146511j,
           -0.24095954+0.39901484j,  0.71296075-0.27085499j]],
         input_dims=(2, 2), output_dims=(2, 2))"
"Operator([[ 0.71296075-0.27085499j,  0.19986652+0.42110298j,
           -0.1402497 -0.07054087j,  0.11136219+0.40497243j],
          [ 0.22881975-0.40609835j, -0.33603063-0.12922871j,
            0.79112395-0.05085181j, -0.1402497 -0.07054087j],
          [ 0.1134616 -0.10850096j, -0.49769346-0.61706096j,
           -0.33603063-0.12922871j,  0.19986652+0.42110298j],
          [ 0.21635887+0.35999034j,  0.1134616 -0.10850096j,
            0.22881975-0.40609835j,  0.71296075-0.27085499j]],
         input_dims=(2, 2), output_dims=(2, 2))"
"Operator([[ 0.71296075-0.27085499j, -0.15874541-0.43826275j,
           -0.12428313-0.09591505j,  0.00778232-0.4199329j ],
          [-0.18899904+0.4260912j , -0.33603063-0.12922871j,
           -0.79236485-0.02491898j, -0.12428313-0.09591505j],
          [ 0.09076756-0.12809077j,  0.55433805+0.56672069j,
           -0.33603063-0.12922871j, -0.15874541-0.43826275j],
          [-0.3093811 -0.28405553j,  0.09076756-0.12809077j,
           -0.18899904+0.4260912j ,  0.71296075-0.27085499j]],
         input_dims=(2, 2), output_dims=(2, 2))"
"Operator([[ 0.71296075-0.27085499j, -0.4658417 -0.01630513j,
            0.02323021+0.1552622j ,  0.16539686+0.38606747j],
          [-0.4658417 -0.01630513j, -0.33603063-0.12922871j,
           -0.31886292+0.72580262j,  0.02323021+0.1552622j ],
          [ 0.02323021+0.1552622j , -0.31886292+0.72580262j,
           -0.33603063-0.12922871j, -0.4658417 -0.01630513j],
          [ 0.16539686+0.38606747j,  0.02323021+0.1552622j ,
           -0.4658417 -0.01630513j,  0.71296075-0.27085499j]],
         input_dims=(2, 2), output_dims=(2, 2))"
