unitary
"Operator([[-1.54237267e-04-0.86654891j,  4.39520297e-01-0.16445491j,
            1.53724746e-01+0.06416155j,  2.62645476e-02+0.02077566j],
          [-9.67475420e-02+0.45919867j,  6.63892045e-01-0.04981138j,
            5.17039756e-01+0.20362848j,  1.53724746e-01+0.06416155j],
          [-7.32909417e-03-0.166416j  , -4.49040462e-01+0.32734894j,
            6.63892045e-01-0.04981138j,  4.39520297e-01-0.16445491j],
          [ 2.34387751e-02+0.02391816j, -7.32909417e-03-0.166416j  ,
           -9.67475420e-02+0.45919867j, -1.54237267e-04-0.86654891j]],
         input_dims=(2, 2), output_dims=(2, 2))"
"Operator([[-1.54237267e-04-0.86654891j,  4.61778893e-01-0.08356892j,
            1.21494375e-01+0.11396104j,  1.19389776e-02+0.03128762j],
          [-1.34396505e-02+0.46908729j,  6.63892045e-01-0.04981138j,
            4.72521106e-01+0.29243542j,  1.21494375e-01+0.11396104j],
          [-6.51793399e-02-0.15329597j, -3.83579523e-01+0.40207141j,
            6.63892045e-01-0.04981138j,  4.61778893e-01-0.08356892j],
          [ 3.23754965e-02+0.00856048j, -6.51793399e-02-0.15329597j,
           -1.34396505e-02+0.46908729j, -1.54237267e-04-0.86654891j]],
         input_dims=(2, 2), output_dims=(2, 2))"
"Operator([[-1.54237267e-04-0.86654891j,  3.55821921e-01+0.30596449j,
           -1.36562893e-01+0.09538647j, -2.49012830e-02-0.02239153j],
          [ 3.55821921e-01+0.30596449j,  6.63892045e-01-0.04981138j,
            7.05879882e-02+0.55119144j, -1.36562893e-01+0.09538647j],
          [-1.36562893e-01+0.09538647j,  7.05879882e-02+0.55119144j,
            6.63892045e-01-0.04981138j,  3.55821921e-01+0.30596449j],
          [-2.49012830e-02-0.02239153j, -1.36562893e-01+0.09538647j,
            3.55821921e-01+0.30596449j, -1.54237267e-04-0.86654891j]],
         input_dims=(2, 2), output_dims=(2, 2))"
"Operator([[-1.54237267e-04-0.86654891j,  3.55821921e-01+0.30596449j,
           -1.36562893e-01+0.09538647j, -2.49012830e-02-0.02239153j],
          [ 3.55821921e-01+0.30596449j,  6.63892045e-01-0.04981138j,
            7.05879882e-02+0.55119144j, -1.36562893e-01+0.09538647j],
          [-1.36562893e-01+0.09538647j,  7.05879882e-02+0.55119144j,
            6.63892045e-01-0.04981138j,  3.55821921e-01+0.30596449j],
          [-2.49012830e-02-0.02239153j, -1.36562893e-01+0.09538647j,
            3.55821921e-01+0.30596449j, -1.54237267e-04-0.86654891j]],
         input_dims=(2, 2), output_dims=(2, 2))"
"Operator([[-1.54237267e-04-0.86654891j, -4.52287105e-01-0.12513946j,
           -1.34022317e-02+0.16603729j,  2.78556455e-02-0.01858811j],
          [-1.91490835e-01-0.42843292j,  6.63892045e-01-0.04981138j,
           -2.98767076e-01-0.46854338j, -1.34022317e-02+0.16603729j],
          [-1.60504884e-01-0.04456663j,  1.71054344e-01-0.52871077j,
            6.63892045e-01-0.04981138j, -4.52287105e-01-0.12513946j],
          [-1.55355004e-02+0.02966653j, -1.60504884e-01-0.04456663j,
           -1.91490835e-01-0.42843292j, -1.54237267e-04-0.86654891j]],
         input_dims=(2, 2), output_dims=(2, 2))"
"Operator([[-1.54237267e-04-0.86654891j,  1.87918492e-01+0.4300118j ,
           -1.59740847e-01-0.04723202j,  1.62713049e-02-0.02926943j],
          [ 4.53312936e-01+0.12137089j,  6.63892045e-01-0.04981138j,
           -1.75448711e-01+0.52726883j, -1.59740847e-01-0.04723202j],
          [-1.06367197e-02+0.16623737j,  3.02656266e-01+0.46604061j,
            6.63892045e-01-0.04981138j,  1.87918492e-01+0.4300118j ],
          [-2.73828974e-02+0.01927775j, -1.06367197e-02+0.16623737j,
            4.53312936e-01+0.12137089j, -1.54237267e-04-0.86654891j]],
         input_dims=(2, 2), output_dims=(2, 2))"
