unitary
"Operator([[ 0.77344283-0.58634141j, -0.23527894+0.03794431j,
            0.03411441+0.00469085j, -0.00278019-0.00068077j],
          [ 0.20212613-0.12625758j,  0.92846514-0.0607864j ,
           -0.27382345-0.03600642j,  0.03411441+0.00469085j],
          [ 0.0271984 -0.02111976j,  0.2663433 -0.07305471j,
            0.92846514-0.0607864j , -0.23527894+0.03794431j],
          [ 0.00165282-0.00233689j,  0.0271984 -0.02111976j,
            0.20212613-0.12625758j,  0.77344283-0.58634141j]],
         input_dims=(2, 2), output_dims=(2, 2))"
"Operator([[ 0.77344283-0.58634141j, -0.2142994 -0.10426752j,
            0.00713445+0.03368823j,  0.00139113-0.00250153j],
          [ 0.09274504-0.21953202j,  0.92846514-0.0607864j ,
           -0.20330288-0.1869323j ,  0.00713445+0.03368823j],
          [-0.01066569-0.03274202j,  0.175877  -0.21293902j,
            0.92846514-0.0607864j , -0.2142994 -0.10426752j],
          [-0.00269055-0.00097665j, -0.01066569-0.03274202j,
            0.09274504-0.21953202j,  0.77344283-0.58634141j]],
         input_dims=(2, 2), output_dims=(2, 2))"
"Operator([[ 0.77344283-0.58634141j, -0.13900175-0.19358322j,
           -0.02426091+0.02443778j,  0.00261072+0.00117347j],
          [-0.02272665-0.2372329j ,  0.92846514-0.0607864j ,
           -0.09004119-0.26109065j, -0.02426091+0.02443778j],
          [-0.03322951-0.00903309j,  0.05355099-0.27093917j,
            0.92846514-0.0607864j , -0.13900175-0.19358322j],
          [-0.00120182+0.00259779j, -0.03322951-0.00903309j,
           -0.02272665-0.2372329j ,  0.77344283-0.58634141j]],
         input_dims=(2, 2), output_dims=(2, 2))"
"Operator([[ 0.77344283-0.58634141j, -0.21587139-0.10097273j,
            0.00816303+0.03345388j,  0.00127475-0.00256279j],
          [ 0.09609686-0.21808563j,  0.92846514-0.0607864j ,
           -0.20614238-0.18379625j,  0.00816303+0.03345388j],
          [-0.00965774-0.03305336j,  0.17911808-0.21022002j,
            0.92846514-0.0607864j , -0.21587139-0.10097273j],
          [-0.00264284-0.00109922j, -0.00965774-0.03305336j,
            0.09609686-0.21808563j,  0.77344283-0.58634141j]],
         input_dims=(2, 2), output_dims=(2, 2))"
"Operator([[ 0.77344283-0.58634141j,  0.08375764+0.22311568j,
           -0.03326202+0.00891263j, -0.00100171-0.00268132j],
          [ 0.08375764+0.22311568j,  0.92846514-0.0607864j ,
            0.01889794+0.27553332j, -0.03326202+0.00891263j],
          [-0.03326202+0.00891263j,  0.01889794+0.27553332j,
            0.92846514-0.0607864j ,  0.08375764+0.22311568j],
          [-0.00100171-0.00268132j, -0.03326202+0.00891263j,
            0.08375764+0.22311568j,  0.77344283-0.58634141j]],
         input_dims=(2, 2), output_dims=(2, 2))"
"Operator([[ 0.77344283-0.58634141j, -0.2211529 +0.08881072j,
            0.03282227-0.0104161j , -0.00260677+0.00118221j],
          [ 0.22496302-0.07866122j,  0.92846514-0.0607864j ,
           -0.27503221+0.02516003j,  0.03282227-0.0104161j ],
          [ 0.03363293-0.00739072j,  0.27589188-0.01262607j,
            0.92846514-0.0607864j , -0.2211529 +0.08881072j],
          [ 0.00274338-0.00081655j,  0.03363293-0.00739072j,
            0.22496302-0.07866122j,  0.77344283-0.58634141j]],
         input_dims=(2, 2), output_dims=(2, 2))"
"Operator([[ 0.77344283-0.58634141j, -0.19688782+0.13428006j,
            0.02541405-0.02323624j, -0.00135962+0.00251879j],
          [ 0.23661398-0.02845654j,  0.92846514-0.0607864j ,
           -0.2631916 +0.08370142j,  0.02541405-0.02323624j],
          [ 0.03362738+0.00741595j,  0.27215487+0.04698374j,
            0.92846514-0.0607864j , -0.19688782+0.13428006j],
          [ 0.00267807+0.00101035j,  0.03362738+0.00741595j,
            0.23661398-0.02845654j,  0.77344283-0.58634141j]],
         input_dims=(2, 2), output_dims=(2, 2))"
"Operator([[ 0.77344283-0.58634141j,  0.08375764+0.22311568j,
           -0.03326202+0.00891263j, -0.00100171-0.00268132j],
          [ 0.08375764+0.22311568j,  0.92846514-0.0607864j ,
            0.01889794+0.27553332j, -0.03326202+0.00891263j],
          [-0.03326202+0.00891263j,  0.01889794+0.27553332j,
            0.92846514-0.0607864j ,  0.08375764+0.22311568j],
          [-0.00100171-0.00268132j, -0.03326202+0.00891263j,
            0.08375764+0.22311568j,  0.77344283-0.58634141j]],
         input_dims=(2, 2), output_dims=(2, 2))"
"Operator([[ 0.77344283-0.58634141j,  0.08375764+0.22311568j,
           -0.03326202+0.00891263j, -0.00100171-0.00268132j],
          [ 0.08375764+0.22311568j,  0.92846514-0.0607864j ,
            0.01889794+0.27553332j, -0.03326202+0.00891263j],
          [-0.03326202+0.00891263j,  0.01889794+0.27553332j,
            0.92846514-0.0607864j ,  0.08375764+0.22311568j],
          [-0.00100171-0.00268132j, -0.03326202+0.00891263j,
            0.08375764+0.22311568j,  0.77344283-0.58634141j]],
         input_dims=(2, 2), output_dims=(2, 2))"
"Operator([[ 7.73442832e-01-0.58634141j, -1.25289060e-01+0.2027279j ,
           -2.49081203e-04-0.0344345j ,  1.97415105e-03+0.00207259j],
          [ 2.27745694e-01+0.07019863j,  9.28465144e-01-0.0607864j ,
           -2.06428994e-01+0.18347429j, -2.49081203e-04-0.0344345j ],
          [ 1.70017121e-02+0.0299456j ,  2.29545921e-01+0.15357218j,
            9.28465144e-01-0.0607864j , -1.25289060e-01+0.2027279j ],
          [-1.31652268e-04+0.00285929j,  1.70017121e-02+0.0299456j ,
            2.27745694e-01+0.07019863j,  7.73442832e-01-0.58634141j]],
         input_dims=(2, 2), output_dims=(2, 2))"
"Operator([[ 0.77344283-5.86341408e-01j, -0.2134563 +1.05982818e-01j,
            0.03077509-1.54496276e-02j, -0.00225643+1.76108287e-03j],
          [ 0.23046808-6.06664178e-02j,  0.92846514-6.07863960e-02j,
           -0.27218968+4.67816386e-02j,  0.03077509-1.54496276e-02j],
          [ 0.03437681-2.00797062e-03j,  0.27602799+9.18116289e-03j,
            0.92846514-6.07863960e-02j, -0.2134563 +1.05982818e-01j],
          [ 0.0028584 -1.49764741e-04j,  0.03437681-2.00797062e-03j,
            0.23046808-6.06664178e-02j,  0.77344283-5.86341408e-01j]],
         input_dims=(2, 2), output_dims=(2, 2))"
"Operator([[ 7.73442832e-01-0.58634141j,  2.38290983e-01-0.00365457j,
            3.13610474e-02+0.01422257j,  2.23673590e-03+0.00178603j],
          [-1.81829301e-01+0.1540586j ,  9.28465144e-01-0.0607864j ,
            2.65780211e-01+0.07507746j,  3.13610474e-02+0.01422257j],
          [ 2.00480161e-02-0.02799775j, -2.53040962e-01+0.11066172j,
            9.28465144e-01-0.0607864j ,  2.38290983e-01-0.00365457j],
          [-5.17803409e-04+0.0028151j ,  2.00480161e-02-0.02799775j,
           -1.81829301e-01+0.1540586j ,  7.73442832e-01-0.58634141j]],
         input_dims=(2, 2), output_dims=(2, 2))"
"Operator([[ 0.77344283-5.86341408e-01j,  0.07629062-2.25777965e-01j,
           -0.01536906-3.08153980e-02j, -0.00283941-3.61407796e-04j],
          [-0.20602005-1.19798521e-01j,  0.92846514-6.07863960e-02j,
            0.15968245-2.25338103e-01j, -0.01536906-3.08153980e-02j],
          [ 0.0020979 +3.43714373e-02j, -0.18895284-2.01426337e-01j,
            0.92846514-6.07863960e-02j,  0.07629062-2.25777965e-01j],
          [ 0.00190693-2.13459388e-03j,  0.0020979 +3.43714373e-02j,
           -0.20602005-1.19798521e-01j,  0.77344283-5.86341408e-01j]],
         input_dims=(2, 2), output_dims=(2, 2))"
"Operator([[ 0.77344283-0.58634141j,  0.08375764+0.22311568j,
           -0.03326202+0.00891263j, -0.00100171-0.00268132j],
          [ 0.08375764+0.22311568j,  0.92846514-0.0607864j ,
            0.01889794+0.27553332j, -0.03326202+0.00891263j],
          [-0.03326202+0.00891263j,  0.01889794+0.27553332j,
            0.92846514-0.0607864j ,  0.08375764+0.22311568j],
          [-0.00100171-0.00268132j, -0.03326202+0.00891263j,
            0.08375764+0.22311568j,  0.77344283-0.58634141j]],
         input_dims=(2, 2), output_dims=(2, 2))"
