unitary
"Operator([[ 0.6967498 -0.66116202j,  0.11179695+0.25045957j,
           -0.04427972+0.01395935j, -0.0018299 -0.00412768j],
          [ 0.11179695+0.25045957j,  0.90380399-0.06663156j,
            0.02500247+0.31731586j, -0.04427972+0.01395935j],
          [-0.04427972+0.01395935j,  0.02500247+0.31731586j,
            0.90380399-0.06663156j,  0.11179695+0.25045957j],
          [-0.0018299 -0.00412768j, -0.04427972+0.01395935j,
            0.11179695+0.25045957j,  0.6967498 -0.66116202j]],
         input_dims=(2, 2), output_dims=(2, 2))"
"Operator([[ 0.6967498 -0.66116202j,  0.09731563+0.25643366j,
           -0.04558238+0.00882066j, -0.00109921-0.00437927j],
          [ 0.12591359+0.24366846j,  0.90380399-0.06663156j,
            0.00684582+0.31822573j, -0.04558238+0.00882066j],
          [-0.04239976+0.01891606j,  0.04307757+0.3153709j ,
            0.90380399-0.06663156j,  0.09731563+0.25643366j],
          [-0.00250699-0.00375517j, -0.04239976+0.01891606j,
            0.12591359+0.24366846j,  0.6967498 -0.66116202j]],
         input_dims=(2, 2), output_dims=(2, 2))"
"Operator([[ 0.6967498 -0.66116202j,  0.27041701+0.04586061j,
            0.029929  +0.03549383j,  0.00100567+0.0044017j ],
          [-0.14642291+0.23192431j,  0.90380399-0.06663156j,
            0.27791956+0.15516184j,  0.029929  +0.03549383j],
          [ 0.00416175-0.04624107j, -0.2501893 +0.19677346j,
            0.90380399-0.06663156j,  0.27041701+0.04586061j],
          [ 0.00258642+0.00370091j,  0.00416175-0.04624107j,
           -0.14642291+0.23192431j,  0.6967498 -0.66116202j]],
         input_dims=(2, 2), output_dims=(2, 2))"
"Operator([[ 0.6967498 -0.66116202j, -0.1042767 +0.25368272j,
           -0.01178024-0.04490861j,  0.00408238+0.00192886j],
          [ 0.25847252+0.09176334j,  0.90380399-0.06663156j,
           -0.21254743+0.23693473j, -0.01178024-0.04490861j],
          [ 0.01610516+0.04354516j,  0.24703206+0.20072279j,
            0.90380399-0.06663156j, -0.1042767 +0.25368272j],
          [-0.00131197+0.0043203j ,  0.01610516+0.04354516j,
            0.25847252+0.09176334j,  0.6967498 -0.66116202j]],
         input_dims=(2, 2), output_dims=(2, 2))"
"Operator([[ 0.6967498 -0.66116202j,  0.11179695+0.25045957j,
           -0.04427972+0.01395935j, -0.0018299 -0.00412768j],
          [ 0.11179695+0.25045957j,  0.90380399-0.06663156j,
            0.02500247+0.31731586j, -0.04427972+0.01395935j],
          [-0.04427972+0.01395935j,  0.02500247+0.31731586j,
            0.90380399-0.06663156j,  0.11179695+0.25045957j],
          [-0.0018299 -0.00412768j, -0.04427972+0.01395935j,
            0.11179695+0.25045957j,  0.6967498 -0.66116202j]],
         input_dims=(2, 2), output_dims=(2, 2))"
"Operator([[ 0.6967498 -0.66116202j,  0.24930474-0.11434902j,
            0.04398537-0.01486084j,  0.00406969-0.00195549j],
          [-0.25158827+0.10923322j,  0.90380399-0.06663156j,
            0.31704397-0.02824186j,  0.04398537-0.01486084j],
          [ 0.04455559-0.01305205j, -0.31755466+0.02176048j,
            0.90380399-0.06663156j,  0.24930474-0.11434902j],
          [-0.0041818 +0.00170259j,  0.04455559-0.01305205j,
           -0.25158827+0.10923322j,  0.6967498 -0.66116202j]],
         input_dims=(2, 2), output_dims=(2, 2))"
