unitary
"Operator([[ 0.57532448-0.74905336j, -0.14951582-0.28491288j,
           -0.06243005+0.02081891j,  0.00324704+0.00699996j],
          [-0.16204281-0.27797924j,  0.8642233 -0.07169777j,
           -0.02602015-0.37341559j, -0.06243005+0.02081891j],
          [-0.06033241+0.0262857j , -0.04260666-0.37188832j,
            0.8642233 -0.07169777j, -0.14951582-0.28491288j],
          [ 0.00414991+0.00650546j, -0.06033241+0.0262857j ,
           -0.16204281-0.27797924j,  0.57532448-0.74905336j]],
         input_dims=(2, 2), output_dims=(2, 2))"
"Operator([[ 0.57532448-0.74905336j, -0.3046362 -0.10357181j,
            0.01759666+0.06341369j,  0.00320181-0.00702077j],
          [ 0.07398834-0.31313904j,  0.8642233 -0.07169777j,
           -0.27606345-0.25279482j,  0.01759666+0.06341369j],
          [-0.02933887-0.05890814j,  0.2252588 -0.29895605j,
            0.8642233 -0.07169777j, -0.3046362 -0.10357181j],
          [-0.00764007-0.00108264j, -0.02933887-0.05890814j,
            0.07398834-0.31313904j,  0.57532448-0.74905336j]],
         input_dims=(2, 2), output_dims=(2, 2))"
"Operator([[ 0.57532448-0.74905336j,  0.15581789+0.28151575j,
           -0.06144206+0.02357565j, -0.00370673-0.00676778j],
          [ 0.15581789+0.28151575j,  0.8642233 -0.07169777j,
            0.0343219 +0.37274422j, -0.06144206+0.02357565j],
          [-0.06144206+0.02357565j,  0.0343219 +0.37274422j,
            0.8642233 -0.07169777j,  0.15581789+0.28151575j],
          [-0.00370673-0.00676778j, -0.06144206+0.02357565j,
            0.15581789+0.28151575j,  0.57532448-0.74905336j]],
         input_dims=(2, 2), output_dims=(2, 2))"
"Operator([[ 0.57532448-0.74905336j,  0.15581789+0.28151575j,
           -0.06144206+0.02357565j, -0.00370673-0.00676778j],
          [ 0.15581789+0.28151575j,  0.8642233 -0.07169777j,
            0.0343219 +0.37274422j, -0.06144206+0.02357565j],
          [-0.06144206+0.02357565j,  0.0343219 +0.37274422j,
            0.8642233 -0.07169777j,  0.15581789+0.28151575j],
          [-0.00370673-0.00676778j, -0.06144206+0.02357565j,
            0.15581789+0.28151575j,  0.57532448-0.74905336j]],
         input_dims=(2, 2), output_dims=(2, 2))"
"Operator([[ 0.57532448-0.74905336j,  0.15581789+0.28151575j,
           -0.06144206+0.02357565j, -0.00370673-0.00676778j],
          [ 0.15581789+0.28151575j,  0.8642233 -0.07169777j,
            0.0343219 +0.37274422j, -0.06144206+0.02357565j],
          [-0.06144206+0.02357565j,  0.0343219 +0.37274422j,
            0.8642233 -0.07169777j,  0.15581789+0.28151575j],
          [-0.00370673-0.00676778j, -0.06144206+0.02357565j,
            0.15581789+0.28151575j,  0.57532448-0.74905336j]],
         input_dims=(2, 2), output_dims=(2, 2))"
