unitary
"Operator([[ 9.20523801e-01-0.36357189j,  2.95292899e-02+0.13941656j,
           -1.17829369e-02+0.00181407j, -1.18990440e-04-0.00056265j],
          [ 2.95292899e-02+0.13941656j,  9.75113011e-01-0.03950844j,
            6.76696943e-03+0.16461113j, -1.17829369e-02+0.00181407j],
          [-1.17829369e-02+0.00181407j,  6.76696943e-03+0.16461113j,
            9.75113011e-01-0.03950844j,  2.95292899e-02+0.13941656j],
          [-1.18990440e-04-0.00056265j, -1.17829369e-02+0.00181407j,
            2.95292899e-02+0.13941656j,  9.20523801e-01-0.36357189j]],
         input_dims=(2, 2), output_dims=(2, 2))"
"Operator([[ 9.20523801e-01-3.63571888e-01j,
            1.34230405e-01-4.78659923e-02j,
            1.08837237e-02-4.86549038e-03j,
            4.71422085e-04-3.29389065e-04j],
          [-1.42109892e-01+1.06645941e-02j,
            9.75113011e-01-3.95084415e-02j,
            1.62236639e-01-2.86685838e-02j,
            1.08837237e-02-4.86549038e-03j],
          [ 1.18431860e-02+1.36652243e-03j,
           -1.64042312e-01-1.52556406e-02j,
            9.75113011e-01-3.95084415e-02j,
            1.34230405e-01-4.78659923e-02j],
          [-5.64414272e-04-1.10328908e-04j,
            1.18431860e-02+1.36652243e-03j,
           -1.42109892e-01+1.06645941e-02j,
            9.20523801e-01-3.63571888e-01j]],
         input_dims=(2, 2), output_dims=(2, 2))"
"Operator([[ 9.20523801e-01-3.63571888e-01j,
            1.25665938e-01-6.72088307e-02j,
            8.98212187e-03-7.83900021e-03j,
            2.83357506e-04-5.00444264e-04j],
          [-1.42122924e-01-1.04894913e-02j,
            9.75113011e-01-3.95084415e-02j,
            1.56205423e-01-5.23686992e-02j,
            8.98212187e-03-7.83900021e-03j],
          [ 1.09240296e-02+4.77430786e-03j,
           -1.59976726e-01-3.93708237e-02j,
            9.75113011e-01-3.95084415e-02j,
            1.25665938e-01-6.72088307e-02j],
          [-4.61704402e-04-3.42877504e-04j,
            1.09240296e-02+4.77430786e-03j,
           -1.42122924e-01-1.04894913e-02j,
            9.20523801e-01-3.63571888e-01j]],
         input_dims=(2, 2), output_dims=(2, 2))"
"Operator([[ 9.20523801e-01-0.36357189j,  1.12445602e-01-0.08754965j,
            5.84464404e-03-0.01039079j,  2.23854985e-06-0.00057509j],
          [-1.38284499e-01-0.03444346j,  9.75113011e-01-0.03950844j,
            1.45059676e-01-0.07810445j,  5.84464404e-03-0.01039079j],
          [ 8.69938188e-03+0.00815164j, -1.50980950e-01-0.06593457j,
            9.75113011e-01-0.03950844j,  1.12445602e-01-0.08754965j],
          [-2.34876334e-04-0.00052495j,  8.69938188e-03+0.00815164j,
           -1.38284499e-01-0.03444346j,  9.20523801e-01-0.36357189j]],
         input_dims=(2, 2), output_dims=(2, 2))"
"Operator([[ 9.20523801e-01-0.36357189j,  2.95292899e-02+0.13941656j,
           -1.17829369e-02+0.00181407j, -1.18990440e-04-0.00056265j],
          [ 2.95292899e-02+0.13941656j,  9.75113011e-01-0.03950844j,
            6.76696943e-03+0.16461113j, -1.17829369e-02+0.00181407j],
          [-1.17829369e-02+0.00181407j,  6.76696943e-03+0.16461113j,
            9.75113011e-01-0.03950844j,  2.95292899e-02+0.13941656j],
          [-1.18990440e-04-0.00056265j, -1.17829369e-02+0.00181407j,
            2.95292899e-02+0.13941656j,  9.20523801e-01-0.36357189j]],
         input_dims=(2, 2), output_dims=(2, 2))"
"Operator([[ 9.20523801e-01-0.36357189j,  2.95292899e-02+0.13941656j,
           -1.17829369e-02+0.00181407j, -1.18990440e-04-0.00056265j],
          [ 2.95292899e-02+0.13941656j,  9.75113011e-01-0.03950844j,
            6.76696943e-03+0.16461113j, -1.17829369e-02+0.00181407j],
          [-1.17829369e-02+0.00181407j,  6.76696943e-03+0.16461113j,
            9.75113011e-01-0.03950844j,  2.95292899e-02+0.13941656j],
          [-1.18990440e-04-0.00056265j, -1.17829369e-02+0.00181407j,
            2.95292899e-02+0.13941656j,  9.20523801e-01-0.36357189j]],
         input_dims=(2, 2), output_dims=(2, 2))"
"Operator([[ 9.20523801e-01-3.63571888e-01j,
            8.35716892e-03-1.42264235e-01j,
           -1.10622830e-02-4.44458453e-03j,
           -3.21766961e-04+4.76657068e-04j],
          [-6.53169049e-02-1.26659610e-01j,
            9.75113011e-01-3.95084415e-02j,
            3.69675351e-02-1.60549108e-01j,
           -1.10622830e-02-4.44458453e-03j],
          [-9.21314883e-03+7.56613020e-03j,
           -5.00205003e-02-1.56973132e-01j,
            9.75113011e-01-3.95084415e-02j,
            8.35716892e-03-1.42264235e-01j],
          [ 4.87194871e-04+3.05576661e-04j,
           -9.21314883e-03+7.56613020e-03j,
           -6.53169049e-02-1.26659610e-01j,
            9.20523801e-01-3.63571888e-01j]],
         input_dims=(2, 2), output_dims=(2, 2))"
"Operator([[ 9.20523801e-01-0.36357189j, -6.48362057e-03-0.14236192j,
           -1.17424439e-02-0.00205996j, -1.59604479e-04+0.00055251j],
          [-5.17901201e-02-0.13276573j,  9.75113011e-01-0.03950844j,
            2.00699748e-02-0.16352312j, -1.17424439e-02-0.00205996j],
          [-1.05790703e-02+0.00549652j, -3.34240589e-02-0.16132404j,
            9.75113011e-01-0.03950844j, -6.48362057e-03-0.14236192j],
          [ 3.69624357e-04+0.00044058j, -1.05790703e-02+0.00549652j,
           -5.17901201e-02-0.13276573j,  9.20523801e-01-0.36357189j]],
         input_dims=(2, 2), output_dims=(2, 2))"
"Operator([[ 9.20523801e-01-0.36357189j, -1.11927660e-03-0.1425051j ,
           -1.15541557e-02-0.00293767j, -2.20872532e-04+0.00053099j],
          [-5.67518653e-02-0.13072177j,  9.75113011e-01-0.03950844j,
            2.62121856e-02-0.16265158j, -1.15541557e-02-0.00293767j],
          [-1.01354997e-02+0.00627695j, -3.94740096e-02-0.1599513j ,
            9.75113011e-01-0.03950844j, -1.11927660e-03-0.1425051j ],
          [ 4.16936320e-04+0.00039611j, -1.01354997e-02+0.00627695j,
           -5.67518653e-02-0.13072177j,  9.20523801e-01-0.36357189j]],
         input_dims=(2, 2), output_dims=(2, 2))"
"Operator([[ 9.20523801e-01-3.63571888e-01j,
            1.57469599e-02-1.41636818e-01j,
           -1.05405827e-02-5.56996886e-03j,
           -3.91976456e-04+4.20821097e-04j],
          [-7.18177541e-02-1.23090069e-01j,
            9.75113011e-01-3.95084415e-02j,
            4.52698297e-02-1.58408514e-01j,
           -1.05405827e-02-5.56996886e-03j],
          [-8.37710904e-03+8.48248087e-03j,
           -5.81190838e-02-1.54158317e-01j,
            9.75113011e-01-3.95084415e-02j,
            1.57469599e-02-1.41636818e-01j],
          [ 5.28787539e-04+2.26096608e-04j,
           -8.37710904e-03+8.48248087e-03j,
           -7.18177541e-02-1.23090069e-01j,
            9.20523801e-01-3.63571888e-01j]],
         input_dims=(2, 2), output_dims=(2, 2))"
"Operator([[ 9.20523801e-01-3.63571888e-01j,
            3.98625584e-02-1.36820800e-01j,
           -8.03085345e-03-8.81100621e-03j,
           -5.48977268e-04+1.71347299e-04j],
          [-9.19099823e-02-1.08910560e-01j,
            9.75113011e-01-3.95084415e-02j,
            7.18292374e-02-1.48267243e-01j,
           -8.03085345e-03-8.81100621e-03j],
          [-5.00874575e-03+1.08185444e-02j,
           -8.37564909e-02-1.41871297e-01j,
            9.75113011e-01-3.95084415e-02j,
            3.98625584e-02-1.36820800e-01j],
          [ 5.71345072e-04-6.55800751e-05j,
           -5.00874575e-03+1.08185444e-02j,
           -9.19099823e-02-1.08910560e-01j,
            9.20523801e-01-3.63571888e-01j]],
         input_dims=(2, 2), output_dims=(2, 2))"
"Operator([[ 9.20523801e-01-3.63571888e-01j,
            7.02966325e-02-1.23965069e-01j,
           -3.23049609e-03-1.14757280e-02j,
           -5.30919143e-04-2.21044796e-04j],
          [-1.14518615e-01-8.48200550e-02j,
            9.75113011e-01-3.95084415e-02j,
            1.04040024e-01-1.27743055e-01j,
           -3.23049609e-03-1.14757280e-02j],
          [ 3.70824506e-04+1.19159946e-02j,
           -1.14173989e-01-1.18772534e-01j,
            9.75113011e-01-3.95084415e-02j,
            7.02966325e-02-1.23965069e-01j],
          [ 3.95970808e-04-4.17064811e-04j,
            3.70824506e-04+1.19159946e-02j,
           -1.14518615e-01-8.48200550e-02j,
            9.20523801e-01-3.63571888e-01j]],
         input_dims=(2, 2), output_dims=(2, 2))"
