unitary
"Operator([[-0.88438474+0.0184515j , -0.02243581-0.23075291j,
            0.03533901+0.19950408j, -0.0601513 -0.34511448j],
          [-0.02243581-0.23075291j, -0.89539205-0.28408204j,
           -0.00444599-0.15083004j,  0.03533901+0.19950408j],
          [ 0.03533901+0.19950408j, -0.00444599-0.15083004j,
           -0.89539205-0.28408204j, -0.02243581-0.23075291j],
          [-0.0601513 -0.34511448j,  0.03533901+0.19950408j,
           -0.02243581-0.23075291j, -0.88438474+0.0184515j ]],
         input_dims=(2, 2), output_dims=(2, 2))"
"Operator([[-0.88438474+0.0184515j ,  0.20757805+0.10325514j,
            0.16382306-0.11921716j, -0.02374055-0.3495119j ],
          [-0.18379946+0.14130828j, -0.89539205-0.28408204j,
            0.13026664+0.0761582j ,  0.16382306-0.11921716j],
          [-0.19480542-0.05569176j, -0.12555456+0.08369899j,
           -0.89539205-0.28408204j,  0.20757805+0.10325514j],
          [-0.09590276-0.33693448j, -0.19480542-0.05569176j,
           -0.18379946+0.14130828j, -0.88438474+0.0184515j ]],
         input_dims=(2, 2), output_dims=(2, 2))"
"Operator([[-0.88438474+0.0184515j , -0.02243581-0.23075291j,
            0.03533901+0.19950408j, -0.0601513 -0.34511448j],
          [-0.02243581-0.23075291j, -0.89539205-0.28408204j,
           -0.00444599-0.15083004j,  0.03533901+0.19950408j],
          [ 0.03533901+0.19950408j, -0.00444599-0.15083004j,
           -0.89539205-0.28408204j, -0.02243581-0.23075291j],
          [-0.0601513 -0.34511448j,  0.03533901+0.19950408j,
           -0.02243581-0.23075291j, -0.88438474+0.0184515j ]],
         input_dims=(2, 2), output_dims=(2, 2))"
