unitary
"Operator([[ 7.92720502e-01-0.56435937j,  7.66830245e-02+0.21498175j,
           -3.04722668e-02+0.00777796j, -8.34503107e-04-0.00234977j],
          [ 7.66830245e-02+0.21498175j,  9.34626018e-01-0.05889908j,
            1.73387408e-02+0.26385219j, -3.04722668e-02+0.00777796j],
          [-3.04722668e-02+0.00777796j,  1.73387408e-02+0.26385219j,
            9.34626018e-01-0.05889908j,  7.66830245e-02+0.21498175j],
          [-8.34503107e-04-0.00234977j, -3.04722668e-02+0.00777796j,
            7.66830245e-02+0.21498175j,  7.92720502e-01-0.56435937j]],
         input_dims=(2, 2), output_dims=(2, 2))"
"Operator([[ 7.92720502e-01-0.56435937j,  2.48689358e-02+0.22688978j,
           -3.07117070e-02-0.00677102j,  8.76351542e-04-0.00233448j],
          [ 1.24336742e-01+0.19141006j,  9.34626018e-01-0.05889908j,
           -4.41712068e-02+0.2607058j , -3.07117070e-02-0.00677102j],
          [-2.37095367e-02+0.02066189j,  7.79079902e-02+0.25268351j,
            9.34626018e-01-0.05889908j,  2.48689358e-02+0.22688978j],
          [-2.15248554e-03-0.00125882j, -2.37095367e-02+0.02066189j,
            1.24336742e-01+0.19141006j,  7.92720502e-01-0.56435937j]],
         input_dims=(2, 2), output_dims=(2, 2))"
"Operator([[ 7.92720502e-01-0.56435937j,  7.66830245e-02+0.21498175j,
           -3.04722668e-02+0.00777796j, -8.34503107e-04-0.00234977j],
          [ 7.66830245e-02+0.21498175j,  9.34626018e-01-0.05889908j,
            1.73387408e-02+0.26385219j, -3.04722668e-02+0.00777796j],
          [-3.04722668e-02+0.00777796j,  1.73387408e-02+0.26385219j,
            9.34626018e-01-0.05889908j,  7.66830245e-02+0.21498175j],
          [-8.34503107e-04-0.00234977j, -3.04722668e-02+0.00777796j,
            7.66830245e-02+0.21498175j,  7.92720502e-01-0.56435937j]],
         input_dims=(2, 2), output_dims=(2, 2))"
"Operator([[ 0.7927205 -0.56435937j,  0.12979407+0.18775233j,
           -0.02248144+0.02199183j, -0.00225303-0.00106848j],
          [ 0.01832869+0.22751153j,  0.93462602-0.05889908j,
            0.08514801+0.25033663j, -0.02248144+0.02199183j],
          [-0.03027125-0.00852685j, -0.05165609+0.25932655j,
            0.93462602-0.05889908j,  0.12979407+0.18775233j],
          [ 0.00107442-0.00225021j, -0.03027125-0.00852685j,
            0.01832869+0.22751153j,  0.7927205 -0.56435937j]],
         input_dims=(2, 2), output_dims=(2, 2))"
"Operator([[ 7.92720502e-01-0.56435937j,  1.24844814e-01+0.19107907j,
           -2.35994194e-02+0.02078757j, -2.16244980e-03-0.00124162j],
          [ 2.42660799e-02+0.22695505j,  9.34626018e-01-0.05889908j,
            7.85790085e-02+0.25247564j, -2.35994194e-02+0.02078757j],
          [-3.06752971e-02-0.00693411j, -4.48636567e-02+0.26058754j,
            9.34626018e-01-0.05889908j,  1.24844814e-01+0.19107907j],
          [ 8.94929305e-04-0.00232743j, -3.06752971e-02-0.00693411j,
            2.42660799e-02+0.22695505j,  7.92720502e-01-0.56435937j]],
         input_dims=(2, 2), output_dims=(2, 2))"
"Operator([[ 7.92720502e-01-5.64359367e-01j,
            1.02304133e-01+2.04037500e-01j,
           -2.76864742e-02+1.49169306e-02j,
           -1.62096300e-03-1.89480610e-03j],
          [ 4.99193886e-02+2.22722903e-01j,
            9.34626018e-01-5.88990813e-02j,
            4.93560924e-02+2.59774108e-01j,
           -2.76864742e-02+1.49169306e-02j],
          [-3.14487565e-02+1.77166137e-04j,
           -1.49369467e-02+2.63999051e-01j,
            9.34626018e-01-5.88990813e-02j,
            1.02304133e-01+2.04037500e-01j],
          [ 6.27499870e-05-2.49276426e-03j,
           -3.14487565e-02+1.77166137e-04j,
            4.99193886e-02+2.22722903e-01j,
            7.92720502e-01-5.64359367e-01j]],
         input_dims=(2, 2), output_dims=(2, 2))"
"Operator([[ 7.92720502e-01-0.56435937j,  7.66830245e-02+0.21498175j,
           -3.04722668e-02+0.00777796j, -8.34503107e-04-0.00234977j],
          [ 7.66830245e-02+0.21498175j,  9.34626018e-01-0.05889908j,
            1.73387408e-02+0.26385219j, -3.04722668e-02+0.00777796j],
          [-3.04722668e-02+0.00777796j,  1.73387408e-02+0.26385219j,
            9.34626018e-01-0.05889908j,  7.66830245e-02+0.21498175j],
          [-8.34503107e-04-0.00234977j, -3.04722668e-02+0.00777796j,
            7.66830245e-02+0.21498175j,  7.92720502e-01-0.56435937j]],
         input_dims=(2, 2), output_dims=(2, 2))"
"Operator([[ 7.92720502e-01-0.56435937j,  7.66830245e-02+0.21498175j,
           -3.04722668e-02+0.00777796j, -8.34503107e-04-0.00234977j],
          [ 7.66830245e-02+0.21498175j,  9.34626018e-01-0.05889908j,
            1.73387408e-02+0.26385219j, -3.04722668e-02+0.00777796j],
          [-3.04722668e-02+0.00777796j,  1.73387408e-02+0.26385219j,
            9.34626018e-01-0.05889908j,  7.66830245e-02+0.21498175j],
          [-8.34503107e-04-0.00234977j, -3.04722668e-02+0.00777796j,
            7.66830245e-02+0.21498175j,  7.92720502e-01-0.56435937j]],
         input_dims=(2, 2), output_dims=(2, 2))"
"Operator([[ 7.92720502e-01-0.56435937j,  7.66830245e-02+0.21498175j,
           -3.04722668e-02+0.00777796j, -8.34503107e-04-0.00234977j],
          [ 7.66830245e-02+0.21498175j,  9.34626018e-01-0.05889908j,
            1.73387408e-02+0.26385219j, -3.04722668e-02+0.00777796j],
          [-3.04722668e-02+0.00777796j,  1.73387408e-02+0.26385219j,
            9.34626018e-01-0.05889908j,  7.66830245e-02+0.21498175j],
          [-8.34503107e-04-0.00234977j, -3.04722668e-02+0.00777796j,
            7.66830245e-02+0.21498175j,  7.92720502e-01-0.56435937j]],
         input_dims=(2, 2), output_dims=(2, 2))"
"Operator([[ 7.92720502e-01-0.56435937j,  7.66830245e-02+0.21498175j,
           -3.04722668e-02+0.00777796j, -8.34503107e-04-0.00234977j],
          [ 7.66830245e-02+0.21498175j,  9.34626018e-01-0.05889908j,
            1.73387408e-02+0.26385219j, -3.04722668e-02+0.00777796j],
          [-3.04722668e-02+0.00777796j,  1.73387408e-02+0.26385219j,
            9.34626018e-01-0.05889908j,  7.66830245e-02+0.21498175j],
          [-8.34503107e-04-0.00234977j, -3.04722668e-02+0.00777796j,
            7.66830245e-02+0.21498175j,  7.92720502e-01-0.56435937j]],
         input_dims=(2, 2), output_dims=(2, 2))"
"Operator([[ 7.92720502e-01-0.56435937j,  7.66830245e-02+0.21498175j,
           -3.04722668e-02+0.00777796j, -8.34503107e-04-0.00234977j],
          [ 7.66830245e-02+0.21498175j,  9.34626018e-01-0.05889908j,
            1.73387408e-02+0.26385219j, -3.04722668e-02+0.00777796j],
          [-3.04722668e-02+0.00777796j,  1.73387408e-02+0.26385219j,
            9.34626018e-01-0.05889908j,  7.66830245e-02+0.21498175j],
          [-8.34503107e-04-0.00234977j, -3.04722668e-02+0.00777796j,
            7.66830245e-02+0.21498175j,  7.92720502e-01-0.56435937j]],
         input_dims=(2, 2), output_dims=(2, 2))"
