unitary
"Operator([[ 8.24651986e-01-0.52438853j, -4.45051710e-02-0.20561533j,
           -2.65168663e-02+0.00073681j,  2.07658840e-05+0.00192571j],
          [-8.47215422e-02-0.19256332j,  9.44798788e-01-0.055316j  ,
            9.77237743e-03-0.24338823j, -2.65168663e-02+0.00073681j],
          [-2.41076105e-02+0.01106843j, -3.90933370e-02-0.24042679j,
            9.44798788e-01-0.055316j  , -4.45051710e-02-0.20561533j],
          [ 1.11071126e-03+0.00157325j, -2.41076105e-02+0.01106843j,
           -8.47215422e-02-0.19256332j,  8.24651986e-01-0.52438853j]],
         input_dims=(2, 2), output_dims=(2, 2))"
"Operator([[ 8.24651986e-01-0.52438853j, -1.05077145e-01-0.18225577j,
           -2.11588999e-02+0.01599963j,  1.55551776e-03+0.00113541j],
          [-2.19760605e-02-0.20922578j,  9.44798788e-01-0.055316j  ,
           -6.49007263e-02-0.2347791j , -2.11588999e-02+0.01599963j],
          [-2.60535320e-02-0.00499005j,  3.60729258e-02-0.24089847j,
            9.44798788e-01-0.055316j  , -1.05077145e-01-0.18225577j],
          [-5.96183159e-04+0.00183122j, -2.60535320e-02-0.00499005j,
           -2.19760605e-02-0.20922578j,  8.24651986e-01-0.52438853j]],
         input_dims=(2, 2), output_dims=(2, 2))"
"Operator([[ 0.82465199-5.24388532e-01j, -0.13948612-1.57486491e-01j,
           -0.01317202+2.30257447e-02j,  0.00192523+4.79799441e-05j],
          [ 0.02042052-2.09383322e-01j,  0.94479879-5.53159953e-02j,
           -0.11065663-2.16998711e-01j, -0.01317202+2.30257447e-02j],
          [-0.02199836-1.48242789e-02j,  0.08364118-2.28773869e-01j,
            0.94479879-5.53159953e-02j, -0.13948612-1.57486491e-01j],
          [-0.0015326 +1.16615609e-03j, -0.02199836-1.48242789e-02j,
            0.02042052-2.09383322e-01j,  0.82465199-5.24388532e-01j]],
         input_dims=(2, 2), output_dims=(2, 2))"
"Operator([[ 0.82465199-5.24388532e-01j,  0.0648417 -2.00134773e-01j,
           -0.01376615-2.26755416e-02j, -0.00192582+4.12751398e-06j],
          [-0.17001024-1.23914855e-01j,  0.94479879-5.53159953e-02j,
            0.13074966-2.05518502e-01j, -0.01376615-2.26755416e-02j],
          [-0.00231609+2.64257981e-02j, -0.15461193-1.88224546e-01j,
            0.94479879-5.53159953e-02j,  0.0648417 -2.00134773e-01j],
          [ 0.0015636 -1.12426223e-03j, -0.00231609+2.64257981e-02j,
           -0.17001024-1.23914855e-01j,  0.82465199-5.24388532e-01j]],
         input_dims=(2, 2), output_dims=(2, 2))"
"Operator([[ 8.24651986e-01-0.52438853j, -6.06276168e-02-0.2014514j ,
           -2.60689571e-02+0.00490882j,  4.73278588e-04+0.00186676j],
          [-6.92265706e-02-0.19866065j,  9.44798788e-01-0.055316j  ,
           -9.50749905e-03-0.24339872j, -2.60689571e-02+0.00490882j],
          [-2.55513153e-02+0.00712863j, -1.99558316e-02-0.24276551j,
            9.44798788e-01-0.055316j  , -6.06276168e-02-0.2014514j ],
          [ 7.09362941e-04+0.00179042j, -2.55513153e-02+0.00712863j,
           -6.92265706e-02-0.19866065j,  8.24651986e-01-0.52438853j]],
         input_dims=(2, 2), output_dims=(2, 2))"
"Operator([[ 0.82465199-0.52438853j,  0.0914086 -0.18948045j,
           -0.00715968-0.02554263j, -0.001769  -0.0007612j ],
          [-0.18525731-0.09969003j,  0.94479879-0.055316j  ,
            0.15743733-0.18586774j, -0.00715968-0.02554263j],
          [ 0.00487714+0.0260749j , -0.17873118-0.1654947j ,
            0.94479879-0.055316j  ,  0.0914086 -0.18948045j],
          [ 0.00098836-0.00165286j,  0.00487714+0.0260749j ,
           -0.18525731-0.09969003j,  0.82465199-0.52438853j]],
         input_dims=(2, 2), output_dims=(2, 2))"
"Operator([[ 8.24651986e-01-0.52438853j, -1.18148634e-01+0.17406687j,
            5.40953686e-04-0.02652158j,  1.27552646e-03+0.00144285j],
          [ 1.97849699e-01+0.07151133j,  9.44798788e-01-0.055316j  ,
           -1.82938173e-01+0.16083207j,  5.40953686e-04-0.02652158j],
          [ 1.22164849e-02+0.02354665j,  2.01021986e-01+0.13756268j,
            9.44798788e-01-0.055316j  , -1.18148634e-01+0.17406687j],
          [-1.89192389e-04+0.00191651j,  1.22164849e-02+0.02354665j,
            1.97849699e-01+0.07151133j,  8.24651986e-01-0.52438853j]],
         input_dims=(2, 2), output_dims=(2, 2))"
"Operator([[ 8.24651986e-01-0.52438853j,  1.39134963e-01-0.15779682j,
            7.15250079e-03-0.02554464j, -6.51305651e-04-0.00181235j],
          [-2.05282006e-01-0.04601817j,  9.44798788e-01-0.055316j  ,
            2.01741165e-01-0.13650579j,  7.15250079e-03-0.02554464j],
          [ 1.77139303e-02+0.01974598j, -2.16749632e-01-0.11114372j,
            9.44798788e-01-0.055316j  ,  1.39134963e-01-0.15779682j],
          [-5.33181685e-04-0.00185054j,  1.77139303e-02+0.01974598j,
           -2.05282006e-01-0.04601817j,  8.24651986e-01-0.52438853j]],
         input_dims=(2, 2), output_dims=(2, 2))"
"Operator([[ 8.24651986e-01-0.52438853j,  6.49420862e-02+0.20010222j,
           -2.58339895e-02+0.00602429j, -5.92551551e-04-0.0018324j ],
          [ 6.49420862e-02+0.20010222j,  9.44798788e-01-0.055316j  ,
            1.47350671e-02+0.24313825j, -2.58339895e-02+0.00602429j],
          [-2.58339895e-02+0.00602429j,  1.47350671e-02+0.24313825j,
            9.44798788e-01-0.055316j  ,  6.49420862e-02+0.20010222j],
          [-5.92551551e-04-0.0018324j , -2.58339895e-02+0.00602429j,
            6.49420862e-02+0.20010222j,  8.24651986e-01-0.52438853j]],
         input_dims=(2, 2), output_dims=(2, 2))"
"Operator([[ 8.24651986e-01-0.52438853j,  6.49420862e-02+0.20010222j,
           -2.58339895e-02+0.00602429j, -5.92551551e-04-0.0018324j ],
          [ 6.49420862e-02+0.20010222j,  9.44798788e-01-0.055316j  ,
            1.47350671e-02+0.24313825j, -2.58339895e-02+0.00602429j],
          [-2.58339895e-02+0.00602429j,  1.47350671e-02+0.24313825j,
            9.44798788e-01-0.055316j  ,  6.49420862e-02+0.20010222j],
          [-5.92551551e-04-0.0018324j , -2.58339895e-02+0.00602429j,
            6.49420862e-02+0.20010222j,  8.24651986e-01-0.52438853j]],
         input_dims=(2, 2), output_dims=(2, 2))"
"Operator([[ 8.24651986e-01-0.52438853j,  6.49420862e-02+0.20010222j,
           -2.58339895e-02+0.00602429j, -5.92551551e-04-0.0018324j ],
          [ 6.49420862e-02+0.20010222j,  9.44798788e-01-0.055316j  ,
            1.47350671e-02+0.24313825j, -2.58339895e-02+0.00602429j],
          [-2.58339895e-02+0.00602429j,  1.47350671e-02+0.24313825j,
            9.44798788e-01-0.055316j  ,  6.49420862e-02+0.20010222j],
          [-5.92551551e-04-0.0018324j , -2.58339895e-02+0.00602429j,
            6.49420862e-02+0.20010222j,  8.24651986e-01-0.52438853j]],
         input_dims=(2, 2), output_dims=(2, 2))"
"Operator([[ 8.24651986e-01-0.52438853j,  6.49420862e-02+0.20010222j,
           -2.58339895e-02+0.00602429j, -5.92551551e-04-0.0018324j ],
          [ 6.49420862e-02+0.20010222j,  9.44798788e-01-0.055316j  ,
            1.47350671e-02+0.24313825j, -2.58339895e-02+0.00602429j],
          [-2.58339895e-02+0.00602429j,  1.47350671e-02+0.24313825j,
            9.44798788e-01-0.055316j  ,  6.49420862e-02+0.20010222j],
          [-5.92551551e-04-0.0018324j , -2.58339895e-02+0.00602429j,
            6.49420862e-02+0.20010222j,  8.24651986e-01-0.52438853j]],
         input_dims=(2, 2), output_dims=(2, 2))"
