unitary
"Operator([[ 0.64342104-0.70368247j, -0.20473853-0.21418876j,
           -0.03230145+0.04436482j,  0.00571425+0.00117572j],
          [-0.04559555-0.2927725j ,  0.88650541-0.0694078j ,
           -0.1305358 -0.31850401j, -0.03230145+0.04436482j],
          [-0.0528128 -0.01491406j,  0.07491219-0.33596512j,
            0.88650541-0.0694078j , -0.20473853-0.21418876j],
          [-0.00257516+0.00523484j, -0.0528128 -0.01491406j,
           -0.04559555-0.2927725j ,  0.64342104-0.70368247j]],
         input_dims=(2, 2), output_dims=(2, 2))"
"Operator([[ 0.64342104-0.70368247j, -0.25062408-0.15805778j,
           -0.00758926+0.05435094j,  0.00502481-0.00296418j],
          [ 0.02686713-0.29508109j,  0.88650541-0.0694078j ,
           -0.20397481-0.27727005j, -0.00758926+0.05435094j],
          [-0.03955704-0.03803764j,  0.15425658-0.30771628j,
            0.88650541-0.0694078j , -0.25062408-0.15805778j],
          [-0.00542266+0.00215169j, -0.03955704-0.03803764j,
            0.02686713-0.29508109j,  0.64342104-0.70368247j]],
         input_dims=(2, 2), output_dims=(2, 2))"
"Operator([[ 0.64342104-0.70368247j, -0.25195044-0.15593482j,
           -0.00666987+0.05447141j,  0.00494807-0.00309056j],
          [ 0.02935908-0.29484358j,  0.88650541-0.0694078j ,
           -0.20630996-0.27553693j, -0.00666987+0.05447141j],
          [-0.03890872-0.03870056j,  0.15685072-0.30640211j,
            0.88650541-0.0694078j , -0.25195044-0.15593482j],
          [-0.00547545+0.00201358j, -0.03890872-0.03870056j,
            0.02935908-0.29484358j,  0.64342104-0.70368247j]],
         input_dims=(2, 2), output_dims=(2, 2))"
"Operator([[ 0.64342104-0.70368247j, -0.24822573-0.16179826j,
           -0.00921571+0.05409891j,  0.00515303-0.00273519j],
          [ 0.02243921-0.29545079j,  0.88650541-0.0694078j ,
           -0.19979405-0.28029758j, -0.00921571+0.05409891j],
          [-0.04067991-0.0368343j ,  0.14962486-0.30999484j,
            0.88650541-0.0694078j , -0.24822573-0.16179826j],
          [-0.0053204 +0.00239339j, -0.04067991-0.0368343j ,
            0.02243921-0.29545079j,  0.64342104-0.70368247j]],
         input_dims=(2, 2), output_dims=(2, 2))"
"Operator([[ 0.64342104-0.70368247j,  0.13118932+0.26567659j,
           -0.05186141+0.01794479j, -0.00256566-0.00523951j],
          [ 0.13118932+0.26567659j,  0.88650541-0.0694078j ,
            0.02914994+0.34297913j, -0.05186141+0.01794479j],
          [-0.05186141+0.01794479j,  0.02914994+0.34297913j,
            0.88650541-0.0694078j ,  0.13118932+0.26567659j],
          [-0.00256566-0.00523951j, -0.05186141+0.01794479j,
            0.13118932+0.26567659j,  0.64342104-0.70368247j]],
         input_dims=(2, 2), output_dims=(2, 2))"
"Operator([[ 6.43421039e-01-0.70368247j,  1.40016376e-01-0.26113235j,
           -1.21819923e-04-0.0548781j , -3.95269018e-03-0.00429083j],
          [-2.92456531e-01-0.04758012j,  8.86505412e-01-0.0694078j ,
            2.62217739e-01-0.22299385j, -1.21819923e-04-0.0548781j ],
          [ 3.38207717e-02+0.04321778j, -2.96089558e-01-0.17554308j,
            8.86505412e-01-0.0694078j ,  1.40016376e-01-0.26113235j],
          [-9.65752424e-04-0.00575346j,  3.38207717e-02+0.04321778j,
           -2.92456531e-01-0.04758012j,  6.43421039e-01-0.70368247j]],
         input_dims=(2, 2), output_dims=(2, 2))"
"Operator([[ 6.43421039e-01-0.70368247j,  2.88519573e-01+0.06746218j,
            2.76094221e-02+0.04742722j, -2.27147928e-04+0.00582953j],
          [-1.21836858e-01+0.27009345j,  8.86505412e-01-0.0694078j ,
            2.83396093e-01+0.19537414j,  2.76094221e-02+0.04742722j],
          [-7.60645589e-03-0.05434853j, -2.46359613e-01+0.2403983j ,
            8.86505412e-01-0.0694078j ,  2.88519573e-01+0.06746218j],
          [ 4.74424930e-03+0.00339516j, -7.60645589e-03-0.05434853j,
           -1.21836858e-01+0.27009345j,  6.43421039e-01-0.70368247j]],
         input_dims=(2, 2), output_dims=(2, 2))"
"Operator([[ 0.64342104-7.03682471e-01j,  0.21291566+2.06062156e-01j,
           -0.02875466+4.67417461e-02j, -0.0058123 -5.02201987e-04j],
          [ 0.03417197+2.94324594e-01j,  0.88650541-6.94078004e-02j,
            0.14282703+3.13184993e-01j, -0.02875466+4.67417461e-02j],
          [-0.05149351-1.89747239e-02j, -0.08792478+3.32796685e-01j,
            0.88650541-6.94078004e-02j,  0.21291566+2.06062156e-01j],
          [ 0.00316732-4.89929677e-03j, -0.05149351-1.89747239e-02j,
            0.03417197+2.94324594e-01j,  0.64342104-7.03682471e-01j]],
         input_dims=(2, 2), output_dims=(2, 2))"
"Operator([[ 0.64342104-0.70368247j,  0.13118932+0.26567659j,
           -0.05186141+0.01794479j, -0.00256566-0.00523951j],
          [ 0.13118932+0.26567659j,  0.88650541-0.0694078j ,
            0.02914994+0.34297913j, -0.05186141+0.01794479j],
          [-0.05186141+0.01794479j,  0.02914994+0.34297913j,
            0.88650541-0.0694078j ,  0.13118932+0.26567659j],
          [-0.00256566-0.00523951j, -0.05186141+0.01794479j,
            0.13118932+0.26567659j,  0.64342104-0.70368247j]],
         input_dims=(2, 2), output_dims=(2, 2))"
"Operator([[ 6.43421039e-01-0.70368247j, -1.28844359e-01+0.2668217j ,
           -4.76024290e-03-0.05467139j,  4.46412895e-03+0.00375587j],
          [ 2.90181951e-01+0.05990931j,  8.86505412e-01-0.0694078j ,
           -2.52549704e-01+0.23388683j, -4.76024290e-03-0.05467139j],
          [ 3.00465151e-02+0.04592198j,  2.88398511e-01+0.18791141j,
            8.86505412e-01-0.0694078j , -1.28844359e-01+0.2668217j ],
          [ 2.29557399e-04+0.00582943j,  3.00465151e-02+0.04592198j,
            2.90181951e-01+0.05990931j,  6.43421039e-01-0.70368247j]],
         input_dims=(2, 2), output_dims=(2, 2))"
"Operator([[ 0.64342104-0.70368247j,  0.13118932+0.26567659j,
           -0.05186141+0.01794479j, -0.00256566-0.00523951j],
          [ 0.13118932+0.26567659j,  0.88650541-0.0694078j ,
            0.02914994+0.34297913j, -0.05186141+0.01794479j],
          [-0.05186141+0.01794479j,  0.02914994+0.34297913j,
            0.88650541-0.0694078j ,  0.13118932+0.26567659j],
          [-0.00256566-0.00523951j, -0.05186141+0.01794479j,
            0.13118932+0.26567659j,  0.64342104-0.70368247j]],
         input_dims=(2, 2), output_dims=(2, 2))"
