unitary
"Operator([[-0.62820575+0.37233769j, -0.26325571+0.39643604j,
            0.20245316+0.3845514j ,  0.03407583-0.22411794j],
          [-0.46456541+0.1031702j ,  0.13847679+0.23244208j,
           -0.22579644-0.67858578j,  0.20245316+0.3845514j ],
          [-0.37644037+0.21716287j,  0.30775171-0.64556299j,
            0.13847679+0.23244208j, -0.26325571+0.39643604j],
          [ 0.14473407+0.17447653j, -0.37644037+0.21716287j,
           -0.46456541+0.1031702j , -0.62820575+0.37233769j]],
         input_dims=(2, 2), output_dims=(2, 2))"
"Operator([[-0.62820575+0.37233769j,  0.43809242-0.18584978j,
           -0.27400322+0.33732669j, -0.21444269-0.07351425j],
          [ 0.3308946 -0.34201443j,  0.13847679+0.23244208j,
           -0.18535308+0.69072927j, -0.27400322+0.33732669j],
          [ 0.05169418+0.43150293j,  0.09876238+0.70831397j,
            0.13847679+0.23244208j,  0.43809242-0.18584978j],
          [-0.14585507+0.17354052j,  0.05169418+0.43150293j,
            0.3308946 -0.34201443j, -0.62820575+0.37233769j]],
         input_dims=(2, 2), output_dims=(2, 2))"
"Operator([[-0.62820575+0.37233769j,  0.26536136+0.39502969j,
            0.12908694-0.41497425j,  0.05402646+0.22016166j],
          [-0.27325043-0.3896143j ,  0.13847679+0.23244208j,
           -0.71332007-0.05135329j,  0.12908694-0.41497425j],
          [ 0.11229845-0.41982868j,  0.71420841+0.03700043j,
            0.13847679+0.23244208j,  0.26536136+0.39502969j],
          [-0.06720117-0.21650408j,  0.11229845-0.41982868j,
           -0.27325043-0.3896143j , -0.62820575+0.37233769j]],
         input_dims=(2, 2), output_dims=(2, 2))"
"Operator([[-0.62820575+0.37233769j,  0.39234183-0.26931951j,
           -0.1207171 +0.41748586j, -0.21843222+0.0606414j ],
          [ 0.39234183-0.26931951j,  0.13847679+0.23244208j,
           -0.0441791 +0.71380032j, -0.1207171 +0.41748586j],
          [-0.1207171 +0.41748586j, -0.0441791 +0.71380032j,
            0.13847679+0.23244208j,  0.39234183-0.26931951j],
          [-0.21843222+0.0606414j , -0.1207171 +0.41748586j,
            0.39234183-0.26931951j, -0.62820575+0.37233769j]],
         input_dims=(2, 2), output_dims=(2, 2))"
"Operator([[-0.62820575+0.37233769j,  0.02090658-0.47542404j,
            0.43458775+0.00074206j,  0.22567266+0.02149104j],
          [ 0.45116634+0.15137385j,  0.13847679+0.23244208j,
            0.5435984 +0.4647187j ,  0.43458775+0.00074206j],
          [-0.36791987-0.23130506j, -0.5967555 +0.39413901j,
            0.13847679+0.23244208j,  0.02090658-0.47542404j],
          [ 0.18229633-0.13475185j, -0.36791987-0.23130506j,
            0.45116634+0.15137385j, -0.62820575+0.37233769j]],
         input_dims=(2, 2), output_dims=(2, 2))"
"Operator([[-0.62820575+0.37233769j,  0.45750508+0.13097407j,
           -0.38717781-0.1973839j ,  0.16255226-0.15800879j],
          [ 0.04222141-0.47400681j,  0.13847679+0.23244208j,
           -0.57846625+0.42052287j, -0.38717781-0.1973839j ],
          [ 0.43277069+0.03970629j,  0.52219526+0.48864589j,
            0.13847679+0.23244208j,  0.45750508+0.13097407j],
          [ 0.22074347+0.05159779j,  0.43277069+0.03970629j,
            0.04222141-0.47400681j, -0.62820575+0.37233769j]],
         input_dims=(2, 2), output_dims=(2, 2))"
"Operator([[-0.62820575+0.37233769j,  0.39234183-0.26931951j,
           -0.1207171 +0.41748586j, -0.21843222+0.0606414j ],
          [ 0.39234183-0.26931951j,  0.13847679+0.23244208j,
           -0.0441791 +0.71380032j, -0.1207171 +0.41748586j],
          [-0.1207171 +0.41748586j, -0.0441791 +0.71380032j,
            0.13847679+0.23244208j,  0.39234183-0.26931951j],
          [-0.21843222+0.0606414j , -0.1207171 +0.41748586j,
            0.39234183-0.26931951j, -0.62820575+0.37233769j]],
         input_dims=(2, 2), output_dims=(2, 2))"
