unitary
"Operator([[ 8.24651986e-01-0.52438853j,  6.49420862e-02+0.20010222j,
           -2.58339895e-02+0.00602429j, -5.92551551e-04-0.0018324j ],
          [ 6.49420862e-02+0.20010222j,  9.44798788e-01-0.055316j  ,
            1.47350671e-02+0.24313825j, -2.58339895e-02+0.00602429j],
          [-2.58339895e-02+0.00602429j,  1.47350671e-02+0.24313825j,
            9.44798788e-01-0.055316j  ,  6.49420862e-02+0.20010222j],
          [-5.92551551e-04-0.0018324j , -2.58339895e-02+0.00602429j,
            6.49420862e-02+0.20010222j,  8.24651986e-01-0.52438853j]],
         input_dims=(2, 2), output_dims=(2, 2))"
"Operator([[ 8.24651986e-01-0.52438853j,  6.49420862e-02+0.20010222j,
           -2.58339895e-02+0.00602429j, -5.92551551e-04-0.0018324j ],
          [ 6.49420862e-02+0.20010222j,  9.44798788e-01-0.055316j  ,
            1.47350671e-02+0.24313825j, -2.58339895e-02+0.00602429j],
          [-2.58339895e-02+0.00602429j,  1.47350671e-02+0.24313825j,
            9.44798788e-01-0.055316j  ,  6.49420862e-02+0.20010222j],
          [-5.92551551e-04-0.0018324j , -2.58339895e-02+0.00602429j,
            6.49420862e-02+0.20010222j,  8.24651986e-01-0.52438853j]],
         input_dims=(2, 2), output_dims=(2, 2))"
"Operator([[ 0.82465199-5.24388532e-01j,  0.18037908+1.08267089e-01j,
            0.00241308+2.64171179e-02j, -0.00121041+1.49789764e-03j],
          [-0.08242333+1.93558178e-01j,  0.94479879-5.53159953e-02j,
            0.17077455+1.73693362e-01j,  0.00241308+2.64171179e-02j],
          [-0.00952094-2.47596187e-02j, -0.14854883+1.93045527e-01j,
            0.94479879-5.53159953e-02j,  0.18037908+1.08267089e-01j],
          [ 0.00185828+5.05558597e-04j, -0.00952094-2.47596187e-02j,
           -0.08242333+1.93558178e-01j,  0.82465199-5.24388532e-01j]],
         input_dims=(2, 2), output_dims=(2, 2))"
"Operator([[ 8.24651986e-01-0.52438853j,  6.49420862e-02+0.20010222j,
           -2.58339895e-02+0.00602429j, -5.92551551e-04-0.0018324j ],
          [ 6.49420862e-02+0.20010222j,  9.44798788e-01-0.055316j  ,
            1.47350671e-02+0.24313825j, -2.58339895e-02+0.00602429j],
          [-2.58339895e-02+0.00602429j,  1.47350671e-02+0.24313825j,
            9.44798788e-01-0.055316j  ,  6.49420862e-02+0.20010222j],
          [-5.92551551e-04-0.0018324j , -2.58339895e-02+0.00602429j,
            6.49420862e-02+0.20010222j,  8.24651986e-01-0.52438853j]],
         input_dims=(2, 2), output_dims=(2, 2))"
"Operator([[ 8.24651986e-01-0.52438853j,  2.10109206e-01-0.01060637j,
            2.53605308e-02+0.00778014j,  1.71051491e-03+0.00088484j],
          [-1.76294144e-01+0.11479873j,  9.44798788e-01-0.055316j  ,
            2.38589842e-01+0.04907359j,  2.53605308e-02+0.00778014j],
          [ 1.93032347e-02-0.01819539j, -2.30917356e-01+0.07752744j,
            9.44798788e-01-0.055316j  ,  2.10109206e-01-0.01060637j],
          [-8.68550189e-04+0.00171884j,  1.93032347e-02-0.01819539j,
           -1.76294144e-01+0.11479873j,  8.24651986e-01-0.52438853j]],
         input_dims=(2, 2), output_dims=(2, 2))"
"Operator([[ 0.82465199-0.52438853j,  0.20957795-0.01831545j,
            0.02586319+0.00589769j,  0.00179745+0.00069135j],
          [-0.18039118+0.10824691j,  0.94479879-0.055316j  ,
            0.24023111+0.04027831j,  0.02586319+0.00589769j],
          [ 0.02058671-0.01672945j, -0.23360877+0.06899474j,
            0.94479879-0.055316j  ,  0.20957795-0.01831545j],
          [-0.00105231+0.0016129j ,  0.02058671-0.01672945j,
           -0.18039118+0.10824691j,  0.82465199-0.52438853j]],
         input_dims=(2, 2), output_dims=(2, 2))"
"Operator([[ 0.82465199-5.24388532e-01j, -0.01264489+2.09996382e-01j,
           -0.02303619-1.31537520e-02j,  0.00139369-1.32907277e-03j],
          [ 0.13355241+1.62548843e-01j,  0.94479879-5.53159953e-02j,
           -0.07510331+2.31717118e-01j, -0.02303619-1.31537520e-02j],
          [-0.01484173+2.19865932e-02j,  0.10253668+2.20951485e-01j,
            0.94479879-5.53159953e-02j, -0.01264489+2.09996382e-01j],
          [-0.001908  -2.61388908e-04j, -0.01484173+2.19865932e-02j,
            0.13355241+1.62548843e-01j,  0.82465199-5.24388532e-01j]],
         input_dims=(2, 2), output_dims=(2, 2))"
"Operator([[ 8.24651986e-01-0.52438853j,  2.10034375e-01+0.01199728j,
            2.31168702e-02+0.01301143j,  1.34190850e-03+0.00138133j],
          [-1.62959893e-01+0.13305054j,  9.44798788e-01-0.055316j  ,
            2.31947605e-01+0.07438843j,  2.31168702e-02+0.01301143j],
          [ 1.49770383e-02-0.02189464j, -2.21266617e-01+0.10185487j,
            9.44798788e-01-0.055316j  ,  2.10034375e-01+0.01199728j],
          [-2.79028104e-04+0.0019055j ,  1.49770383e-02-0.02189464j,
           -1.62959893e-01+0.13305054j,  8.24651986e-01-0.52438853j]],
         input_dims=(2, 2), output_dims=(2, 2))"
