unitary
"Operator([[ 0.62259735-0.7185402j , -0.17713303+0.24752362j,
            0.01577806-0.05602447j,  0.00205717+0.00604561j],
          [ 0.30437339+0.00094353j,  0.87971529-0.07024829j,
           -0.2990686 +0.1889244j ,  0.01577806-0.05602447j],
          [ 0.04773174+0.03330721j,  0.32726738+0.13427776j,
            0.87971529-0.07024829j, -0.17713303+0.24752362j],
          [ 0.00366509+0.00522958j,  0.04773174+0.03330721j,
            0.30437339+0.00094353j,  0.62259735-0.7185402j ]],
         input_dims=(2, 2), output_dims=(2, 2))"
"Operator([[ 0.62259735-0.7185402j ,  0.13873702+0.27091713j,
           -0.05480338+0.01960301j, -0.00289008-0.00569463j],
          [ 0.13873702+0.27091713j,  0.87971529-0.07024829j,
            0.03074665+0.35240473j, -0.05480338+0.01960301j],
          [-0.05480338+0.01960301j,  0.03074665+0.35240473j,
            0.87971529-0.07024829j,  0.13873702+0.27091713j],
          [-0.00289008-0.00569463j, -0.05480338+0.01960301j,
            0.13873702+0.27091713j,  0.62259735-0.7185402j ]],
         input_dims=(2, 2), output_dims=(2, 2))"
"Operator([[ 0.62259735-7.18540202e-01j, -0.30437481-1.64334160e-04j,
            0.04790164+3.30623838e-02j, -0.00370514-5.20127781e-03j],
          [ 0.17776611-2.47069346e-01j,  0.87971529-7.02482895e-02j,
           -0.32761006-1.33439519e-01j,  0.04790164+3.30623838e-02j],
          [ 0.01606469-5.59429566e-02j,  0.29955126-1.88158161e-01j,
            0.87971529-7.02482895e-02j, -0.30437481-1.64334160e-04j],
          [-0.00201068-6.06123191e-03j,  0.01606469-5.59429566e-02j,
            0.17776611-2.47069346e-01j,  0.62259735-7.18540202e-01j]],
         input_dims=(2, 2), output_dims=(2, 2))"
"Operator([[ 6.22597347e-01-0.7185402j , -3.03618583e-01+0.02144313j,
            5.21011013e-02+0.0259454j , -4.72154567e-03-0.00429981j],
          [ 1.94856665e-01-0.23382671j,  8.79715286e-01-0.07024829j,
           -3.36256188e-01-0.10984639j,  5.21011013e-02+0.0259454j ],
          [ 2.38253343e-02-0.05310407j,  3.12152569e-01-0.16641883j,
            8.79715286e-01-0.07024829j, -3.03618583e-01+0.02144313j],
          [-6.83026879e-04-0.0063494j ,  2.38253343e-02-0.05310407j,
            1.94856665e-01-0.23382671j,  6.22597347e-01-0.7185402j ]],
         input_dims=(2, 2), output_dims=(2, 2))"
"Operator([[ 0.62259735-0.7185402j , -0.25693408+0.16318373j,
            0.05025874-0.02935555j, -0.00468423+0.00434043j],
          [ 0.28258073-0.11310252j,  0.87971529-0.07024829j,
           -0.3480543 +0.06318746j,  0.05025874-0.02935555j],
          [ 0.05747526-0.00918059j,  0.35373807+0.00195739j,
            0.87971529-0.07024829j, -0.25693408+0.16318373j],
          [ 0.00626874-0.00121831j,  0.05747526-0.00918059j,
            0.28258073-0.11310252j,  0.62259735-0.7185402j ]],
         input_dims=(2, 2), output_dims=(2, 2))"
"Operator([[ 0.62259735-0.7185402j , -0.18980658+0.23794435j,
            0.02153046-0.05407521j,  0.00108913+0.00629247j],
          [ 0.30400803-0.01493877j,  0.87971529-0.07024829j,
           -0.30851858+0.17306283j,  0.02153046-0.05407521j],
          [ 0.0509428 +0.02815173j,  0.3338277 +0.11701933j,
            0.87971529-0.07024829j, -0.18980658+0.23794435j],
          [ 0.00443585+0.00459398j,  0.0509428 +0.02815173j,
            0.30400803-0.01493877j,  0.62259735-0.7185402j ]],
         input_dims=(2, 2), output_dims=(2, 2))"
"Operator([[ 0.62259735-0.7185402j ,  0.13873702+0.27091713j,
           -0.05480338+0.01960301j, -0.00289008-0.00569463j],
          [ 0.13873702+0.27091713j,  0.87971529-0.07024829j,
            0.03074665+0.35240473j, -0.05480338+0.01960301j],
          [-0.05480338+0.01960301j,  0.03074665+0.35240473j,
            0.87971529-0.07024829j,  0.13873702+0.27091713j],
          [-0.00289008-0.00569463j, -0.05480338+0.01960301j,
            0.13873702+0.27091713j,  0.62259735-0.7185402j ]],
         input_dims=(2, 2), output_dims=(2, 2))"
"Operator([[ 0.62259735-0.7185402j ,  0.13873702+0.27091713j,
           -0.05480338+0.01960301j, -0.00289008-0.00569463j],
          [ 0.13873702+0.27091713j,  0.87971529-0.07024829j,
            0.03074665+0.35240473j, -0.05480338+0.01960301j],
          [-0.05480338+0.01960301j,  0.03074665+0.35240473j,
            0.87971529-0.07024829j,  0.13873702+0.27091713j],
          [-0.00289008-0.00569463j, -0.05480338+0.01960301j,
            0.13873702+0.27091713j,  0.62259735-0.7185402j ]],
         input_dims=(2, 2), output_dims=(2, 2))"
