unitary
"Operator([[ 9.41366246e-01-0.31421358j,  2.17999268e-02+0.12061082j,
           -8.70437146e-03+0.00114631j, -6.44524569e-05-0.00035699j],
          [ 2.17999268e-02+0.12061082j,  9.81660078e-01-0.03435118j,
            5.00604995e-03+0.14155967j, -8.70437146e-03+0.00114631j],
          [-8.70437146e-03+0.00114631j,  5.00604995e-03+0.14155967j,
            9.81660078e-01-0.03435118j,  2.17999268e-02+0.12061082j],
          [-6.44524569e-05-0.00035699j, -8.70437146e-03+0.00114631j,
            2.17999268e-02+0.12061082j,  9.41366246e-01-0.31421358j]],
         input_dims=(2, 2), output_dims=(2, 2))"
"Operator([[ 9.41366246e-01-0.31421358j,  2.17999268e-02+0.12061082j,
           -8.70437146e-03+0.00114631j, -6.44524569e-05-0.00035699j],
          [ 2.17999268e-02+0.12061082j,  9.81660078e-01-0.03435118j,
            5.00604995e-03+0.14155967j, -8.70437146e-03+0.00114631j],
          [-8.70437146e-03+0.00114631j,  5.00604995e-03+0.14155967j,
            9.81660078e-01-0.03435118j,  2.17999268e-02+0.12061082j],
          [-6.44524569e-05-0.00035699j, -8.70437146e-03+0.00114631j,
            2.17999268e-02+0.12061082j,  9.41366246e-01-0.31421358j]],
         input_dims=(2, 2), output_dims=(2, 2))"
"Operator([[ 9.41366246e-01-0.31421358j,  2.17999268e-02+0.12061082j,
           -8.70437146e-03+0.00114631j, -6.44524569e-05-0.00035699j],
          [ 2.17999268e-02+0.12061082j,  9.81660078e-01-0.03435118j,
            5.00604995e-03+0.14155967j, -8.70437146e-03+0.00114631j],
          [-8.70437146e-03+0.00114631j,  5.00604995e-03+0.14155967j,
            9.81660078e-01-0.03435118j,  2.17999268e-02+0.12061082j],
          [-6.44524569e-05-0.00035699j, -8.70437146e-03+0.00114631j,
            2.17999268e-02+0.12061082j,  9.41366246e-01-0.31421358j]],
         input_dims=(2, 2), output_dims=(2, 2))"
"Operator([[ 9.41366246e-01-0.31421358j,  2.17999268e-02+0.12061082j,
           -8.70437146e-03+0.00114631j, -6.44524569e-05-0.00035699j],
          [ 2.17999268e-02+0.12061082j,  9.81660078e-01-0.03435118j,
            5.00604995e-03+0.14155967j, -8.70437146e-03+0.00114631j],
          [-8.70437146e-03+0.00114631j,  5.00604995e-03+0.14155967j,
            9.81660078e-01-0.03435118j,  2.17999268e-02+0.12061082j],
          [-6.44524569e-05-0.00035699j, -8.70437146e-03+0.00114631j,
            2.17999268e-02+0.12061082j,  9.41366246e-01-0.31421358j]],
         input_dims=(2, 2), output_dims=(2, 2))"
"Operator([[ 9.41366246e-01-3.14213578e-01j,
            7.40320430e-02+9.76804140e-02j,
           -4.21229475e-03+7.70303023e-03j,
           -3.62708989e-04+6.16388527e-06j],
          [-3.51543256e-02+1.17415417e-01j,
            9.81660078e-01-3.43511799e-02j,
            6.85393189e-02+1.23961941e-01j,
           -4.21229475e-03+7.70303023e-03j],
          [-6.06296368e-03-6.34984828e-03j,
           -5.96115919e-02+1.28493809e-01j,
            9.81660078e-01-3.43511799e-02j,
            7.40320430e-02+9.76804140e-02j],
          [ 3.41964979e-04-1.21060966e-04j,
           -6.06296368e-03-6.34984828e-03j,
           -3.51543256e-02+1.17415417e-01j,
            9.41366246e-01-3.14213578e-01j]],
         input_dims=(2, 2), output_dims=(2, 2))"
"Operator([[ 9.41366246e-01-3.14213578e-01j,
            8.75645615e-02+8.57592807e-02j,
           -1.79462061e-03+8.59415142e-03j,
           -3.25243403e-04+1.60662793e-04j],
          [-5.20036896e-02+1.10985688e-01j,
            9.81660078e-01-3.43511799e-02j,
            8.59879357e-02+1.12562320e-01j,
           -1.79462061e-03+8.59415142e-03j],
          [-3.95842796e-03-7.83651388e-03j,
           -7.78218761e-02+1.18355213e-01j,
            9.81660078e-01-3.43511799e-02j,
            8.75645615e-02+8.57592807e-02j],
          [ 3.60891484e-04+3.67850660e-05j,
           -3.95842796e-03-7.83651388e-03j,
           -5.20036896e-02+1.10985688e-01j,
            9.41366246e-01-3.14213578e-01j]],
         input_dims=(2, 2), output_dims=(2, 2))"
"Operator([[ 9.41366246e-01-3.14213578e-01j,
            9.65017053e-02+7.55620773e-02j,
            1.36179034e-04+8.77847122e-03j,
           -2.55102038e-04+2.57912300e-04j],
          [-6.39449618e-02+1.04562175e-01j,
            9.81660078e-01-3.43511799e-02j,
            9.78953979e-02+1.02375251e-01j,
            1.36179034e-04+8.77847122e-03j],
          [-2.14117847e-03-8.51442637e-03j,
           -9.04191946e-02+1.09034720e-01j,
            9.81660078e-01-3.43511799e-02j,
            9.65017053e-02+7.55620773e-02j],
          [ 3.29185638e-04+1.52422504e-04j,
           -2.14117847e-03-8.51442637e-03j,
           -6.39449618e-02+1.04562175e-01j,
            9.41366246e-01-3.14213578e-01j]],
         input_dims=(2, 2), output_dims=(2, 2))"
"Operator([[ 9.41366246e-01-3.14213578e-01j,
            1.02829635e-01+6.66953732e-02j,
            1.68673488e-03+8.61597511e-03j,
           -1.78104892e-04+3.16029194e-04j],
          [-7.29763589e-02+9.84716086e-02j,
            9.81660078e-01-3.43511799e-02j,
            1.06598533e-01+9.32789033e-02j,
            1.68673488e-03+8.61597511e-03j],
          [-6.01419024e-04-8.75890386e-03j,
           -9.97431430e-02+1.00575874e-01j,
            9.81660078e-01-3.43511799e-02j,
            1.02829635e-01+6.66953732e-02j],
          [ 2.77372566e-04+2.33795346e-04j,
           -6.01419024e-04-8.75890386e-03j,
           -7.29763589e-02+9.84716086e-02j,
            9.41366246e-01-3.14213578e-01j]],
         input_dims=(2, 2), output_dims=(2, 2))"
"Operator([[ 9.41366246e-01-0.31421358j,  2.17999268e-02+0.12061082j,
           -8.70437146e-03+0.00114631j, -6.44524569e-05-0.00035699j],
          [ 2.17999268e-02+0.12061082j,  9.81660078e-01-0.03435118j,
            5.00604995e-03+0.14155967j, -8.70437146e-03+0.00114631j],
          [-8.70437146e-03+0.00114631j,  5.00604995e-03+0.14155967j,
            9.81660078e-01-0.03435118j,  2.17999268e-02+0.12061082j],
          [-6.44524569e-05-0.00035699j, -8.70437146e-03+0.00114631j,
            2.17999268e-02+0.12061082j,  9.41366246e-01-0.31421358j]],
         input_dims=(2, 2), output_dims=(2, 2))"
"Operator([[ 9.41366246e-01-0.31421358j,  1.14653440e-01+0.043322j  ,
            5.11241376e-03+0.00713746j,  4.67257863e-05+0.00035974j],
          [-9.22340484e-02+0.08071609j,  9.81660078e-01-0.03435118j,
            1.23985003e-01+0.06849759j,  5.11241376e-03+0.00713746j],
          [ 3.09024405e-03-0.00821769j, -1.18836701e-01+0.07708463j,
            9.81660078e-01-0.03435118j,  1.14653440e-01+0.043322j  ],
          [ 8.20215196e-05+0.00035337j,  3.09024405e-03-0.00821769j,
           -9.22340484e-02+0.08071609j,  9.41366246e-01-0.31421358j]],
         input_dims=(2, 2), output_dims=(2, 2))"
"Operator([[ 9.41366246e-01-3.14213578e-01j,
            1.15006805e-01-4.23750109e-02j,
            7.79002133e-03-4.04915663e-03j,
            2.77165513e-04-2.34040771e-04j],
          [-1.22563810e-01+5.64934469e-04j,
            9.81660078e-01-3.43511799e-02j,
            1.38549405e-01-2.94663076e-02j,
            7.79002133e-03-4.04915663e-03j],
          [ 8.57273335e-03+1.89429264e-03j,
           -1.40284766e-01-1.96057464e-02j,
            9.81660078e-01-3.43511799e-02j,
            1.15006805e-01-4.23750109e-02j],
          [-3.41508512e-04-1.22342717e-04j,
            8.57273335e-03+1.89429264e-03j,
           -1.22563810e-01+5.64934469e-04j,
            9.41366246e-01-3.14213578e-01j]],
         input_dims=(2, 2), output_dims=(2, 2))"
"Operator([[ 9.41366246e-01-3.14213578e-01j,
            3.54899573e-02-1.17314405e-01j,
           -6.02654706e-03-6.38442106e-03j,
           -3.42990985e-04+1.18122769e-04j],
          [-7.43110791e-02-9.74683035e-02j,
            9.81660078e-01-3.43511799e-02j,
            5.99788047e-02-1.28322811e-01j,
           -6.02654706e-03-6.38442106e-03j],
          [-4.16816898e-03+7.72699612e-03j,
           -6.88935353e-02-1.23765430e-01j,
            9.81660078e-01-3.43511799e-02j,
            3.54899573e-02-1.17314405e-01j],
          [ 3.62642761e-04-9.27536525e-06j,
           -4.16816898e-03+7.72699612e-03j,
           -7.43110791e-02-9.74683035e-02j,
            9.41366246e-01-3.14213578e-01j]],
         input_dims=(2, 2), output_dims=(2, 2))"
"Operator([[ 9.41366246e-01-3.14213578e-01j,
            3.04539086e-02-1.18721380e-01j,
           -6.54874696e-03-5.84756487e-03j,
           -3.25107170e-04+1.60938287e-04j],
          [-7.00861876e-02-1.00549157e-01j,
            9.81660078e-01-3.43511799e-02j,
            5.44509344e-02-1.30764279e-01j,
           -6.54874696e-03-5.84756487e-03j],
          [-4.81155466e-03+7.34363966e-03j,
           -6.35519359e-02-1.26591281e-01j,
            9.81660078e-01-3.43511799e-02j,
            3.04539086e-02-1.18721380e-01j],
          [ 3.60860189e-04+3.70908062e-05j,
           -4.81155466e-03+7.34363966e-03j,
           -7.00861876e-02-1.00549157e-01j,
            9.41366246e-01-3.14213578e-01j]],
         input_dims=(2, 2), output_dims=(2, 2))"
"Operator([[ 9.41366246e-01-3.14213578e-01j,
            4.41752462e-02-1.14327400e-01j,
           -5.00546528e-03-7.21286483e-03j,
           -3.60694181e-04+3.86718491e-05j],
          [-8.14012197e-02-9.16299519e-02j,
            9.81660078e-01-3.43511799e-02j,
            6.94196856e-02-1.23471082e-01j,
           -5.00546528e-03-7.21286483e-03j],
          [-2.96741978e-03+8.26283980e-03j,
           -7.79681126e-02-1.18258929e-01j,
            9.81660078e-01-3.43511799e-02j,
            4.41752462e-02-1.14327400e-01j],
          [ 3.51445084e-04-8.99008191e-05j,
           -2.96741978e-03+8.26283980e-03j,
           -8.14012197e-02-9.16299519e-02j,
            9.41366246e-01-3.14213578e-01j]],
         input_dims=(2, 2), output_dims=(2, 2))"
