unitary
"Operator([[ 0.75140351-0.6097643j ,  0.09183288+0.23173789j,
           -0.03644157+0.01027726j, -0.00121275-0.00307687j],
          [ 0.09183288+0.23173789j,  0.92140335-0.0627214j ,
            0.02066853+0.28824532j, -0.03644157+0.01027726j],
          [-0.03644157+0.01027726j,  0.02066853+0.28824532j,
            0.92140335-0.0627214j ,  0.09183288+0.23173789j],
          [-0.00121275-0.00307687j, -0.03644157+0.01027726j,
            0.09183288+0.23173789j,  0.75140351-0.6097643j ]],
         input_dims=(2, 2), output_dims=(2, 2))"
"Operator([[ 0.75140351-0.6097643j ,  0.09183288+0.23173789j,
           -0.03644157+0.01027726j, -0.00121275-0.00307687j],
          [ 0.09183288+0.23173789j,  0.92140335-0.0627214j ,
            0.02066853+0.28824532j, -0.03644157+0.01027726j],
          [-0.03644157+0.01027726j,  0.02066853+0.28824532j,
            0.92140335-0.0627214j ,  0.09183288+0.23173789j],
          [-0.00121275-0.00307687j, -0.03644157+0.01027726j,
            0.09183288+0.23173789j,  0.75140351-0.6097643j ]],
         input_dims=(2, 2), output_dims=(2, 2))"
"Operator([[ 0.75140351-0.6097643j ,  0.09183288+0.23173789j,
           -0.03644157+0.01027726j, -0.00121275-0.00307687j],
          [ 0.09183288+0.23173789j,  0.92140335-0.0627214j ,
            0.02066853+0.28824532j, -0.03644157+0.01027726j],
          [-0.03644157+0.01027726j,  0.02066853+0.28824532j,
            0.92140335-0.0627214j ,  0.09183288+0.23173789j],
          [-0.00121275-0.00307687j, -0.03644157+0.01027726j,
            0.09183288+0.23173789j,  0.75140351-0.6097643j ]],
         input_dims=(2, 2), output_dims=(2, 2))"
"Operator([[ 0.75140351-0.6097643j ,  0.19831672+0.15101724j,
           -0.00791317+0.03702691j, -0.00300243+0.00138683j],
          [-0.04103905+0.24586892j,  0.92140335-0.0627214j ,
            0.16655937+0.23615785j, -0.00791317+0.03702691j],
          [-0.02609314-0.02743643j, -0.13116139+0.25750581j,
            0.92140335-0.0627214j ,  0.19831672+0.15101724j],
          [ 0.00314123-0.00103468j, -0.02609314-0.02743643j,
           -0.04103905+0.24586892j,  0.75140351-0.6097643j ]],
         input_dims=(2, 2), output_dims=(2, 2))"
"Operator([[ 7.51403505e-01-6.09764296e-01j,
            2.13223745e-01+1.29117632e-01j,
            7.97999241e-05+3.78629589e-02j,
           -2.41606030e-03+2.25843413e-03j],
          [-6.69006001e-02+2.40125047e-01j,
            9.21403351e-01-6.27213955e-02j,
            1.90681450e-01+2.17147734e-01j,
            7.97999241e-05+3.78629589e-02j],
          [-1.97147699e-02-3.23254987e-02j,
           -1.57748972e-01+2.42131814e-01j,
            9.21403351e-01-6.27213955e-02j,
            2.13223745e-01+1.29117632e-01j],
          [ 3.30724437e-03+2.59693126e-06j,
           -1.97147699e-02-3.23254987e-02j,
           -6.69006001e-02+2.40125047e-01j,
            7.51403505e-01-6.09764296e-01j]],
         input_dims=(2, 2), output_dims=(2, 2))"
"Operator([[ 0.75140351-6.09764296e-01j,  0.22526861-1.06722912e-01j,
            0.0347976 -1.49243773e-02j,  0.00278281-1.78712708e-03j],
          [-0.2372242 +7.65533089e-02j,  0.92140335-6.27213955e-02j,
            0.28628859-3.93878027e-02j,  0.0347976 -1.49243773e-02j],
          [ 0.03746789-5.45595705e-03j, -0.28897939+1.86158425e-03j,
            0.92140335-6.27213955e-02j,  0.22526861-1.06722912e-01j],
          [-0.00325379+5.92197987e-04j,  0.03746789-5.45595705e-03j,
           -0.2372242 +7.65533089e-02j,  0.75140351-6.09764296e-01j]],
         input_dims=(2, 2), output_dims=(2, 2))"
"Operator([[ 7.51403505e-01-0.6097643j , -2.44627265e-01-0.04788768j,
            2.45210168e-02+0.02885013j, -7.68222063e-04-0.00321679j],
          [ 1.45421389e-01-0.20245579j,  9.21403351e-01-0.0627214j ,
           -2.53743420e-01-0.13829978j,  2.45210168e-02+0.02885013j],
          [ 5.83406910e-03-0.03741088j,  2.31415474e-01-0.17308793j,
            9.21403351e-01-0.0627214j , -2.44627265e-01-0.04788768j],
          [-1.63318994e-03-0.00287586j,  5.83406910e-03-0.03741088j,
            1.45421389e-01-0.20245579j,  7.51403505e-01-0.6097643j ]],
         input_dims=(2, 2), output_dims=(2, 2))"
"Operator([[ 0.75140351-0.6097643j ,  0.09183288+0.23173789j,
           -0.03644157+0.01027726j, -0.00121275-0.00307687j],
          [ 0.09183288+0.23173789j,  0.92140335-0.0627214j ,
            0.02066853+0.28824532j, -0.03644157+0.01027726j],
          [-0.03644157+0.01027726j,  0.02066853+0.28824532j,
            0.92140335-0.0627214j ,  0.09183288+0.23173789j],
          [-0.00121275-0.00307687j, -0.03644157+0.01027726j,
            0.09183288+0.23173789j,  0.75140351-0.6097643j ]],
         input_dims=(2, 2), output_dims=(2, 2))"
"Operator([[ 0.75140351-6.09764296e-01j, -0.20886185-1.36060486e-01j,
           -0.00240957+3.77862936e-02j,  0.00262682-2.00940475e-03j],
          [ 0.05896695-2.42195433e-01j,  0.92140335-6.27213955e-02j,
           -0.18343653-2.23301572e-01j, -0.00240957+3.77862936e-02j],
          [-0.02179727-3.09594722e-02j,  0.14970017-2.47189021e-01j,
            0.92140335-6.27213955e-02j, -0.20886185-1.36060486e-01j],
          [-0.00329141+3.23260454e-04j, -0.02179727-3.09594722e-02j,
            0.05896695-2.42195433e-01j,  0.75140351-6.09764296e-01j]],
         input_dims=(2, 2), output_dims=(2, 2))"
"Operator([[ 0.75140351-0.6097643j ,  0.09183288+0.23173789j,
           -0.03644157+0.01027726j, -0.00121275-0.00307687j],
          [ 0.09183288+0.23173789j,  0.92140335-0.0627214j ,
            0.02066853+0.28824532j, -0.03644157+0.01027726j],
          [-0.03644157+0.01027726j,  0.02066853+0.28824532j,
            0.92140335-0.0627214j ,  0.09183288+0.23173789j],
          [-0.00121275-0.00307687j, -0.03644157+0.01027726j,
            0.09183288+0.23173789j,  0.75140351-0.6097643j ]],
         input_dims=(2, 2), output_dims=(2, 2))"
