unitary
"Operator([[-1.54237267e-04-0.86654891j,  3.55821921e-01+0.30596449j,
           -1.36562893e-01+0.09538647j, -2.49012830e-02-0.02239153j],
          [ 3.55821921e-01+0.30596449j,  6.63892045e-01-0.04981138j,
            7.05879882e-02+0.55119144j, -1.36562893e-01+0.09538647j],
          [-1.36562893e-01+0.09538647j,  7.05879882e-02+0.55119144j,
            6.63892045e-01-0.04981138j,  3.55821921e-01+0.30596449j],
          [-2.49012830e-02-0.02239153j, -1.36562893e-01+0.09538647j,
            3.55821921e-01+0.30596449j, -1.54237267e-04-0.86654891j]],
         input_dims=(2, 2), output_dims=(2, 2))"
"Operator([[-1.54237267e-04-0.86654891j,  1.59232419e-01+0.44143918j,
           -1.52160243e-01-0.06778837j,  2.16965220e-02-0.02550913j],
          [ 4.60313435e-01+0.0912965j ,  6.63892045e-01-0.04981138j,
           -2.09744175e-01+0.5145892j , -1.52160243e-01-0.06778837j],
          [ 1.12728000e-02+0.16619545j,  3.32649743e-01+0.44512787j,
            6.63892045e-01-0.04981138j,  1.59232419e-01+0.44143918j],
          [-2.30695222e-02+0.02427451j,  1.12728000e-02+0.16619545j,
            4.60313435e-01+0.0912965j , -1.54237267e-04-0.86654891j]],
         input_dims=(2, 2), output_dims=(2, 2))"
"Operator([[-1.54237267e-04-0.86654891j,  3.55821921e-01+0.30596449j,
           -1.36562893e-01+0.09538647j, -2.49012830e-02-0.02239153j],
          [ 3.55821921e-01+0.30596449j,  6.63892045e-01-0.04981138j,
            7.05879882e-02+0.55119144j, -1.36562893e-01+0.09538647j],
          [-1.36562893e-01+0.09538647j,  7.05879882e-02+0.55119144j,
            6.63892045e-01-0.04981138j,  3.55821921e-01+0.30596449j],
          [-2.49012830e-02-0.02239153j, -1.36562893e-01+0.09538647j,
            3.55821921e-01+0.30596449j, -1.54237267e-04-0.86654891j]],
         input_dims=(2, 2), output_dims=(2, 2))"
"Operator([[-1.54237267e-04-0.86654891j,  4.19740322e-01-0.20986084j,
            1.63758652e-01+0.03051403j,  3.14293158e-02+0.01156083j],
          [-1.44604484e-01+0.4464449j ,  6.63892045e-01-0.04981138j,
            5.35621010e-01+0.14800271j,  1.63758652e-01+0.03051403j],
          [ 2.77161111e-02-0.16425535j, -4.81039535e-01+0.27820071j,
            6.63892045e-01-0.04981138j,  4.19740322e-01-0.20986084j],
          [ 1.48223286e-02+0.03002921j,  2.77161111e-02-0.16425535j,
           -1.44604484e-01+0.4464449j , -1.54237267e-04-0.86654891j]],
         input_dims=(2, 2), output_dims=(2, 2))"
"Operator([[-1.54237267e-04-0.86654891j, -4.26446532e-01+0.19587462j,
            1.61385191e-01+0.04126527j, -3.01303994e-02-0.01461553j],
          [ 1.29771371e-01-0.45097993j,  6.63892045e-01-0.04981138j,
           -5.30437237e-01-0.16562308j,  1.61385191e-01+0.04126527j],
          [ 1.68048688e-02-0.16572748j,  4.71582789e-01-0.29394615j,
            6.63892045e-01-0.04981138j, -4.26446532e-01+0.19587462j],
          [-1.77223961e-02-0.02841428j,  1.68048688e-02-0.16572748j,
            1.29771371e-01-0.45097993j, -1.54237267e-04-0.86654891j]],
         input_dims=(2, 2), output_dims=(2, 2))"
"Operator([[-1.54237267e-04-0.86654891j,  3.55821921e-01+0.30596449j,
           -1.36562893e-01+0.09538647j, -2.49012830e-02-0.02239153j],
          [ 3.55821921e-01+0.30596449j,  6.63892045e-01-0.04981138j,
            7.05879882e-02+0.55119144j, -1.36562893e-01+0.09538647j],
          [-1.36562893e-01+0.09538647j,  7.05879882e-02+0.55119144j,
            6.63892045e-01-0.04981138j,  3.55821921e-01+0.30596449j],
          [-2.49012830e-02-0.02239153j, -1.36562893e-01+0.09538647j,
            3.55821921e-01+0.30596449j, -1.54237267e-04-0.86654891j]],
         input_dims=(2, 2), output_dims=(2, 2))"
