unitary
"Operator([[ 7.92720502e-01-0.56435937j, -2.21627721e-01-0.05457646j,
            1.90965753e-02+0.02498753j, -3.96818388e-04-0.00246178j],
          [ 1.37057266e-01-0.18251779j,  9.34626018e-01-0.05889908j,
           -2.29672375e-01-0.13103134j,  1.90965753e-02+0.02498753j],
          [ 4.78469667e-03-0.03108315j,  2.10550213e-01-0.15996005j,
            9.34626018e-01-0.05889908j, -2.21627721e-01-0.05457646j],
          [-1.24479338e-03-0.00216063j,  4.78469667e-03-0.03108315j,
            1.37057266e-01-0.18251779j,  7.92720502e-01-0.56435937j]],
         input_dims=(2, 2), output_dims=(2, 2))"
"Operator([[ 7.92720502e-01-0.56435937j,  7.66830245e-02+0.21498175j,
           -3.04722668e-02+0.00777796j, -8.34503107e-04-0.00234977j],
          [ 7.66830245e-02+0.21498175j,  9.34626018e-01-0.05889908j,
            1.73387408e-02+0.26385219j, -3.04722668e-02+0.00777796j],
          [-3.04722668e-02+0.00777796j,  1.73387408e-02+0.26385219j,
            9.34626018e-01-0.05889908j,  7.66830245e-02+0.21498175j],
          [-8.34503107e-04-0.00234977j, -3.04722668e-02+0.00777796j,
            7.66830245e-02+0.21498175j,  7.92720502e-01-0.56435937j]],
         input_dims=(2, 2), output_dims=(2, 2))"
"Operator([[ 7.92720502e-01-0.56435937j,  7.66830245e-02+0.21498175j,
           -3.04722668e-02+0.00777796j, -8.34503107e-04-0.00234977j],
          [ 7.66830245e-02+0.21498175j,  9.34626018e-01-0.05889908j,
            1.73387408e-02+0.26385219j, -3.04722668e-02+0.00777796j],
          [-3.04722668e-02+0.00777796j,  1.73387408e-02+0.26385219j,
            9.34626018e-01-0.05889908j,  7.66830245e-02+0.21498175j],
          [-8.34503107e-04-0.00234977j, -3.04722668e-02+0.00777796j,
            7.66830245e-02+0.21498175j,  7.92720502e-01-0.56435937j]],
         input_dims=(2, 2), output_dims=(2, 2))"
"Operator([[ 7.92720502e-01-0.56435937j,  7.66830245e-02+0.21498175j,
           -3.04722668e-02+0.00777796j, -8.34503107e-04-0.00234977j],
          [ 7.66830245e-02+0.21498175j,  9.34626018e-01-0.05889908j,
            1.73387408e-02+0.26385219j, -3.04722668e-02+0.00777796j],
          [-3.04722668e-02+0.00777796j,  1.73387408e-02+0.26385219j,
            9.34626018e-01-0.05889908j,  7.66830245e-02+0.21498175j],
          [-8.34503107e-04-0.00234977j, -3.04722668e-02+0.00777796j,
            7.66830245e-02+0.21498175j,  7.92720502e-01-0.56435937j]],
         input_dims=(2, 2), output_dims=(2, 2))"
"Operator([[ 0.7927205 -0.56435937j, -0.0869584 +0.21103477j,
           -0.01089426-0.02950205j,  0.00239057+0.00070923j],
          [ 0.2008858 +0.10836203j,  0.93462602-0.05889908j,
           -0.16375899+0.20760926j, -0.01089426-0.02950205j],
          [ 0.00457788+0.03111428j,  0.18951903+0.18439401j,
            0.93462602-0.05889908j, -0.0869584 +0.21103477j],
          [-0.00140774+0.00205817j,  0.00457788+0.03111428j,
            0.2008858 +0.10836203j,  0.7927205 -0.56435937j]],
         input_dims=(2, 2), output_dims=(2, 2))"
"Operator([[ 0.7927205 -0.56435937j, -0.04845714+0.22304561j,
           -0.02044233-0.0238991j ,  0.00242067-0.00059849j],
          [ 0.17867719+0.14202781j,  0.93462602-0.05889908j,
           -0.12466169+0.23319107j, -0.02044233-0.0238991j ],
          [-0.00648747+0.03077285j,  0.15410565+0.21487219j,
            0.93462602-0.05889908j, -0.04845714+0.22304561j],
          [-0.00225592+0.00106237j, -0.00648747+0.03077285j,
            0.17867719+0.14202781j,  0.7927205 -0.56435937j]],
         input_dims=(2, 2), output_dims=(2, 2))"
"Operator([[ 0.7927205 -0.56435937j, -0.22753141+0.01808017j,
            0.03025255+0.00859296j, -0.00224667-0.00108179j],
          [ 0.18761045-0.12999907j,  0.93462602-0.05889908j,
           -0.25926997-0.05193931j,  0.03025255+0.00859296j],
          [ 0.02243335-0.02204088j,  0.25024347-0.0854214j ,
            0.93462602-0.05889908j, -0.22753141+0.01808017j],
          [ 0.00106109-0.00225652j,  0.02243335-0.02204088j,
            0.18761045-0.12999907j,  0.7927205 -0.56435937j]],
         input_dims=(2, 2), output_dims=(2, 2))"
"Operator([[ 7.92720502e-01-0.56435937j,  7.66830245e-02+0.21498175j,
           -3.04722668e-02+0.00777796j, -8.34503107e-04-0.00234977j],
          [ 7.66830245e-02+0.21498175j,  9.34626018e-01-0.05889908j,
            1.73387408e-02+0.26385219j, -3.04722668e-02+0.00777796j],
          [-3.04722668e-02+0.00777796j,  1.73387408e-02+0.26385219j,
            9.34626018e-01-0.05889908j,  7.66830245e-02+0.21498175j],
          [-8.34503107e-04-0.00234977j, -3.04722668e-02+0.00777796j,
            7.66830245e-02+0.21498175j,  7.92720502e-01-0.56435937j]],
         input_dims=(2, 2), output_dims=(2, 2))"
"Operator([[ 0.7927205 -5.64359367e-01j,  0.07595451-2.15240212e-01j,
           -0.01387645-2.82223303e-02j, -0.00247135-3.32044231e-04j],
          [-0.19502746-1.18582158e-01j,  0.93462602-5.88990813e-02j,
            0.15282955-2.15781694e-01j, -0.01387645-2.82223303e-02j],
          [ 0.00134719+3.14203877e-02j, -0.17975304-1.93926414e-01j,
            0.93462602-5.88990813e-02j,  0.07595451-2.15240212e-01j],
          [ 0.00170833-1.81642694e-03j,  0.00134719+3.14203877e-02j,
           -0.19502746-1.18582158e-01j,  0.7927205 -5.64359367e-01j]],
         input_dims=(2, 2), output_dims=(2, 2))"
"Operator([[ 7.92720502e-01-0.56435937j,  7.66830245e-02+0.21498175j,
           -3.04722668e-02+0.00777796j, -8.34503107e-04-0.00234977j],
          [ 7.66830245e-02+0.21498175j,  9.34626018e-01-0.05889908j,
            1.73387408e-02+0.26385219j, -3.04722668e-02+0.00777796j],
          [-3.04722668e-02+0.00777796j,  1.73387408e-02+0.26385219j,
            9.34626018e-01-0.05889908j,  7.66830245e-02+0.21498175j],
          [-8.34503107e-04-0.00234977j, -3.04722668e-02+0.00777796j,
            7.66830245e-02+0.21498175j,  7.92720502e-01-0.56435937j]],
         input_dims=(2, 2), output_dims=(2, 2))"
"Operator([[ 7.92720502e-01-0.56435937j,  7.66830245e-02+0.21498175j,
           -3.04722668e-02+0.00777796j, -8.34503107e-04-0.00234977j],
          [ 7.66830245e-02+0.21498175j,  9.34626018e-01-0.05889908j,
            1.73387408e-02+0.26385219j, -3.04722668e-02+0.00777796j],
          [-3.04722668e-02+0.00777796j,  1.73387408e-02+0.26385219j,
            9.34626018e-01-0.05889908j,  7.66830245e-02+0.21498175j],
          [-8.34503107e-04-0.00234977j, -3.04722668e-02+0.00777796j,
            7.66830245e-02+0.21498175j,  7.92720502e-01-0.56435937j]],
         input_dims=(2, 2), output_dims=(2, 2))"
