unitary
"Operator([[ 8.49807622e-01-0.48915947j,  5.56732257e-02+0.18690713j,
           -2.21650333e-02+0.00475873j, -4.32099984e-04-0.00145507j],
          [ 5.56732257e-02+0.18690713j,  9.52785453e-01-0.05202104j,
            1.26658519e-02+0.2253565j , -2.21650333e-02+0.00475873j],
          [-2.21650333e-02+0.00475873j,  1.26658519e-02+0.2253565j ,
            9.52785453e-01-0.05202104j,  5.56732257e-02+0.18690713j],
          [-4.32099984e-04-0.00145507j, -2.21650333e-02+0.00475873j,
            5.56732257e-02+0.18690713j,  8.49807622e-01-0.48915947j]],
         input_dims=(2, 2), output_dims=(2, 2))"
"Operator([[ 0.84980762-4.89159468e-01j, -0.19391127+2.07894673e-02j,
            0.02240216+3.47526079e-03j, -0.00146708-3.89358678e-04j],
          [ 0.17368188-8.87039297e-02j,  0.95278545-5.20210443e-02j,
           -0.22390719-2.84876373e-02j,  0.02240216+3.47526079e-03j],
          [ 0.01900146-1.23644168e-02j,  0.21930493-5.33977650e-02j,
            0.95278545-5.20210443e-02j, -0.19391127+2.07894673e-02j],
          [ 0.00101679-1.12697494e-03j,  0.01900146-1.23644168e-02j,
            0.17368188-8.87039297e-02j,  0.84980762-4.89159468e-01j]],
         input_dims=(2, 2), output_dims=(2, 2))"
"Operator([[ 8.49807622e-01-0.48915947j, -1.55893475e-01+0.11717938j,
            1.37047956e-02-0.01805859j, -3.26692761e-04+0.0014823j ],
          [ 1.94603432e-01+0.01277837j,  9.52785453e-01-0.05202104j,
           -2.06896148e-01+0.09022172j,  1.37047956e-02-0.01805859j],
          [ 1.99095598e-02+0.01084175j,  2.15702797e-01+0.06647013j,
            9.52785453e-01-0.05202104j, -1.55893475e-01+0.11717938j],
          [ 1.08276957e-03+0.00106374j,  1.99095598e-02+0.01084175j,
            1.94603432e-01+0.01277837j,  8.49807622e-01-0.48915947j]],
         input_dims=(2, 2), output_dims=(2, 2))"
"Operator([[ 0.84980762-4.89159468e-01j, -0.06716644+1.83091374e-01j,
           -0.01087021-1.98940379e-02j,  0.00151478+9.68343937e-05j],
          [ 0.1564037 +1.16497495e-01j,  0.95278545-5.20210443e-02j,
           -0.1246299 +1.88184381e-01j, -0.01087021-1.98940379e-02j],
          [-0.00174635+2.26027525e-02j,  0.14493169+1.73034042e-01j,
            0.95278545-5.20210443e-02j, -0.06716644+1.83091374e-01j],
          [-0.00121641+9.07894943e-04j, -0.00174635+2.26027525e-02j,
            0.1564037 +1.16497495e-01j,  0.84980762-4.89159468e-01j]],
         input_dims=(2, 2), output_dims=(2, 2))"
"Operator([[ 8.49807622e-01-0.48915947j,  5.56732257e-02+0.18690713j,
           -2.21650333e-02+0.00475873j, -4.32099984e-04-0.00145507j],
          [ 5.56732257e-02+0.18690713j,  9.52785453e-01-0.05202104j,
            1.26658519e-02+0.2253565j , -2.21650333e-02+0.00475873j],
          [-2.21650333e-02+0.00475873j,  1.26658519e-02+0.2253565j ,
            9.52785453e-01-0.05202104j,  5.56732257e-02+0.18690713j],
          [-4.32099984e-04-0.00145507j, -2.21650333e-02+0.00475873j,
            5.56732257e-02+0.18690713j,  8.49807622e-01-0.48915947j]],
         input_dims=(2, 2), output_dims=(2, 2))"
"Operator([[ 8.49807622e-01-0.48915947j,  9.52721570e-02+0.17016756j,
           -1.80023211e-02+0.01377863j, -1.23585063e-03-0.00088126j],
          [ 1.33688000e-02+0.19456376j,  9.52785453e-01-0.05202104j,
            6.17340998e-02+0.21710568j, -1.80023211e-02+0.01377863j],
          [-2.20715647e-02-0.00517496j, -3.70179053e-02+0.2226559j ,
            9.52785453e-01-0.05202104j,  9.52721570e-02+0.17016756j],
          [ 5.54562507e-04-0.00141294j, -2.20715647e-02-0.00517496j,
            1.33688000e-02+0.19456376j,  8.49807622e-01-0.48915947j]],
         input_dims=(2, 2), output_dims=(2, 2))"
"Operator([[ 0.84980762-4.89159468e-01j,  0.13484298+1.40894117e-01j,
           -0.00906549+2.07786188e-02j, -0.00150308+2.11428605e-04j],
          [-0.03577043+1.91714003e-01j,  0.95278545-5.20210443e-02j,
            0.11412514+1.94734245e-01j, -0.00906549+2.07786188e-02j],
          [-0.01679559-1.52263693e-02j, -0.09158579+2.06295945e-01j,
            0.95278545-5.20210443e-02j,  0.13484298+1.40894117e-01j],
          [ 0.00137485-6.43206312e-04j, -0.01679559-1.52263693e-02j,
           -0.03577043+1.91714003e-01j,  0.84980762-4.89159468e-01j]],
         input_dims=(2, 2), output_dims=(2, 2))"
"Operator([[ 0.84980762-4.89159468e-01j,  0.15380563+1.19906671e-01j,
           -0.00273792+2.25041771e-02j, -0.00127359+8.25773571e-04j],
          [-0.06312639+1.84523282e-01j,  0.95278545-5.20210443e-02j,
            0.14109388+1.76177441e-01j, -0.00273792+2.25041771e-02j],
          [-0.01173393-1.93971426e-02j, -0.12046404+1.90877944e-01j,
            0.95278545-5.20210443e-02j,  0.15380563+1.19906671e-01j],
          [ 0.00151787-3.18358409e-06j, -0.01173393-1.93971426e-02j,
           -0.06312639+1.84523282e-01j,  0.84980762-4.89159468e-01j]],
         input_dims=(2, 2), output_dims=(2, 2))"
"Operator([[ 8.49807622e-01-0.48915947j,  5.56732257e-02+0.18690713j,
           -2.21650333e-02+0.00475873j, -4.32099984e-04-0.00145507j],
          [ 5.56732257e-02+0.18690713j,  9.52785453e-01-0.05202104j,
            1.26658519e-02+0.2253565j , -2.21650333e-02+0.00475873j],
          [-2.21650333e-02+0.00475873j,  1.26658519e-02+0.2253565j ,
            9.52785453e-01-0.05202104j,  5.56732257e-02+0.18690713j],
          [-4.32099984e-04-0.00145507j, -2.21650333e-02+0.00475873j,
            5.56732257e-02+0.18690713j,  8.49807622e-01-0.48915947j]],
         input_dims=(2, 2), output_dims=(2, 2))"
"Operator([[ 0.84980762-4.89159468e-01j,  0.15832447+1.13873365e-01j,
           -0.00099171+2.26484144e-02j, -0.00116949+9.67585441e-04j],
          [-0.07021004+1.81945962e-01j,  0.95278545-5.20210443e-02j,
            0.14779677+1.70593342e-01j, -0.00099171+2.26484144e-02j],
          [-0.01020081-2.02454328e-02j, -0.12775043+1.86080093e-01j,
            0.95278545-5.20210443e-02j,  0.15832447+1.13873365e-01j],
          [ 0.00150804+1.72459206e-04j, -0.01020081-2.02454328e-02j,
           -0.07021004+1.81945962e-01j,  0.84980762-4.89159468e-01j]],
         input_dims=(2, 2), output_dims=(2, 2))"
"Operator([[ 0.84980762-4.89159468e-01j,  0.17300617-9.00147087e-02j,
            0.0188123 -1.26503579e-02j,  0.00099097-1.14974897e-03j],
          [-0.19406293+1.93225912e-02j,  0.95278545-5.20210443e-02j,
            0.21889489-5.50545371e-02j,  0.0188123 -1.26503579e-02j],
          [ 0.02234704+3.81364655e-03j, -0.22368537-3.01799222e-02j,
            0.95278545-5.20210443e-02j,  0.17300617-9.00147087e-02j],
          [-0.00145788-4.22536538e-04j,  0.02234704+3.81364655e-03j,
           -0.19406293+1.93225912e-02j,  0.84980762-4.89159468e-01j]],
         input_dims=(2, 2), output_dims=(2, 2))"
"Operator([[ 8.49807622e-01-0.48915947j, -9.40472054e-02-0.17084761j,
           -1.81984306e-02+0.01351855j,  1.21657196e-03+0.00090768j],
          [-1.47662118e-02-0.1944627j ,  9.52785453e-01-0.05202104j,
           -6.01728076e-02-0.21754358j, -1.81984306e-02+0.01351855j],
          [-2.21436389e-02-0.00485731j,  3.54173778e-02-0.22291609j,
            9.52785453e-01-0.05202104j, -9.40472054e-02-0.17084761j],
          [-5.23983902e-04+0.00142456j, -2.21436389e-02-0.00485731j,
           -1.47662118e-02-0.1944627j ,  8.49807622e-01-0.48915947j]],
         input_dims=(2, 2), output_dims=(2, 2))"
"Operator([[ 8.49807622e-01-0.48915947j, -8.96066856e-02-0.17321785j,
           -1.88717237e-02+0.01256154j,  1.14271319e-03+0.00099907j],
          [-1.97799412e-02-0.19401685j,  9.52785453e-01-0.05202104j,
           -5.45384520e-02-0.21902404j, -1.88717237e-02+0.01256154j],
          [-2.23647707e-02-0.00370826j,  2.96526150e-02-0.22375589j,
            9.52785453e-01-0.05202104j, -8.96066856e-02-0.17321785j],
          [-4.12217474e-04+0.00146083j, -2.23647707e-02-0.00370826j,
           -1.97799412e-02-0.19401685j,  8.49807622e-01-0.48915947j]],
         input_dims=(2, 2), output_dims=(2, 2))"
