unitary
"Operator([[ 8.86340847e-01-0.43033515j,  1.70022401e-01+0.00324738j,
            1.60266228e-02+0.00596379j,  8.40092593e-04+0.00052573j],
          [-1.47538217e-01+0.08456144j,  9.64342661e-01-0.04628868j,
            1.91923492e-01+0.04307414j,  1.60266228e-02+0.00596379j],
          [ 1.28240301e-02-0.0113121j , -1.86788798e-01+0.06164376j,
            9.64342661e-01-0.04628868j,  1.70022401e-01+0.00324738j],
          [-4.84970298e-04+0.00086426j,  1.28240301e-02-0.0113121j ,
           -1.47538217e-01+0.08456144j,  8.86340847e-01-0.43033515j]],
         input_dims=(2, 2), output_dims=(2, 2))"
"Operator([[ 8.86340847e-01-4.30335148e-01j,
            1.62292382e-01-5.07872546e-02j,
            1.63934583e-02-4.86558816e-03j,
            9.09700680e-04-3.93184680e-04j],
          [-1.66728817e-01+3.34613788e-02j,
            9.64342661e-01-4.62886825e-02j,
            1.95683327e-01-1.99510268e-02j,
            1.63934583e-02-4.86558816e-03j],
          [ 1.70481789e-02-1.33379879e-03j,
           -1.96696472e-01-7.11239557e-04j,
            9.64342661e-01-4.62886825e-02j,
            1.62292382e-01-5.07872546e-02j],
          [-9.86815844e-04+9.13455525e-05j,
            1.70481789e-02-1.33379879e-03j,
           -1.66728817e-01+3.34613788e-02j,
            8.86340847e-01-4.30335148e-01j]],
         input_dims=(2, 2), output_dims=(2, 2))"
"Operator([[ 8.86340847e-01-0.43033515j,  1.46137977e-01-0.08695892j,
            1.24478730e-02-0.01172476j,  4.42072941e-04-0.00088697j],
          [-1.69946722e-01-0.00602279j,  9.64342661e-01-0.04628868j,
            1.85757487e-01-0.06468511j,  1.24478730e-02-0.01172476j],
          [ 1.58233716e-02+0.00648385j, -1.91194670e-01-0.0462018j ,
            9.64342661e-01-0.04628868j,  1.46137977e-01-0.08695892j],
          [-8.13344408e-04-0.00056623j,  1.58233716e-02+0.00648385j,
           -1.69946722e-01-0.00602279j,  8.86340847e-01-0.43033515j]],
         input_dims=(2, 2), output_dims=(2, 2))"
"Operator([[ 8.86340847e-01-0.43033515j,  1.25509683e-01-0.11474093j,
            6.77918061e-03-0.01569911j, -1.47251057e-04-0.00098003j],
          [-1.65209195e-01-0.04029993j,  9.64342661e-01-0.04628868j,
            1.68817787e-01-0.10094832j,  6.77918061e-03-0.01569911j],
          [ 1.19559205e-02+0.01222601j, -1.77883930e-01-0.08394829j,
            9.64342661e-01-0.04628868j,  1.25509683e-01-0.11474093j],
          [-3.40877172e-04-0.00093057j,  1.19559205e-02+0.01222601j,
           -1.65209195e-01-0.04029993j,  8.86340847e-01-0.43033515j]],
         input_dims=(2, 2), output_dims=(2, 2))"
"Operator([[ 8.86340847e-01-0.43033515j,  4.21826807e-02+0.16473853j,
           -1.68138086e-02+0.00311693j, -2.45314235e-04-0.00096019j],
          [ 4.21826807e-02+0.16473853j,  9.64342661e-01-0.04628868j,
            9.63322217e-03+0.19646172j, -1.68138086e-02+0.00311693j],
          [-1.68138086e-02+0.00311693j,  9.63322217e-03+0.19646172j,
            9.64342661e-01-0.04628868j,  4.21826807e-02+0.16473853j],
          [-2.45314235e-04-0.00096019j, -1.68138086e-02+0.00311693j,
            4.21826807e-02+0.16473853j,  8.86340847e-01-0.43033515j]],
         input_dims=(2, 2), output_dims=(2, 2))"
"Operator([[ 8.86340847e-01-0.43033515j, -5.22722901e-02-0.16182018j,
           -1.63015372e-02+0.0051652j ,  4.18041468e-04+0.00089855j],
          [-3.19321528e-02-0.16702844j,  9.64342661e-01-0.04628868j,
           -2.17433352e-02-0.19549229j, -1.63015372e-02+0.0051652j ],
          [-1.70697594e-02+0.00102115j,  2.51363971e-03-0.1966817j ,
            9.64342661e-01-0.04628868j, -5.22722901e-02-0.16182018j],
          [ 6.41859852e-05+0.00098895j, -1.70697594e-02+0.00102115j,
           -3.19321528e-02-0.16702844j,  8.86340847e-01-0.43033515j]],
         input_dims=(2, 2), output_dims=(2, 2))"
"Operator([[ 8.86340847e-01-0.43033515j, -1.46626944e-01-0.08613189j,
            3.23811372e-03+0.01679089j,  4.96244453e-04-0.00085784j],
          [ 8.71871340e-02-0.14600194j,  9.64342661e-01-0.04628868j,
           -1.46206577e-01-0.13158132j,  3.23811372e-03+0.01679089j],
          [-2.99558793e-03-0.01683585j,  1.32632359e-01-0.1452538j ,
            9.64342661e-01-0.04628868j, -1.46626944e-01-0.08613189j],
          [-8.46903935e-04-0.00051469j, -2.99558793e-03-0.01683585j,
            8.71871340e-02-0.14600194j,  8.86340847e-01-0.43033515j]],
         input_dims=(2, 2), output_dims=(2, 2))"
"Operator([[ 8.86340847e-01-0.43033515j, -1.57710329e-01-0.06360515j,
            7.98813664e-03+0.01511982j,  8.03250052e-05-0.00098777j],
          [ 1.07733037e-01-0.13157414j,  9.64342661e-01-0.04628868j,
           -1.63986125e-01-0.10862117j,  7.98813664e-03+0.01511982j],
          [ 2.03778628e-03-0.01697842j,  1.52572854e-01-0.12414319j,
            9.64342661e-01-0.04628868j, -1.57710329e-01-0.06360515j],
          [-5.44277333e-04-0.0008282j ,  2.03778628e-03-0.01697842j,
            1.07733037e-01-0.13157414j,  8.86340847e-01-0.43033515j]],
         input_dims=(2, 2), output_dims=(2, 2))"
"Operator([[ 8.86340847e-01-0.43033515j, -1.57604229e-01-0.06386759j,
            7.93775340e-03+0.01514634j,  8.52569383e-05-0.00098736j],
          [ 1.07513860e-01-0.1317533j ,  9.64342661e-01-0.04628868j,
           -1.63805079e-01-0.108894j  ,  7.93775340e-03+0.01514634j],
          [ 1.98124812e-03-0.01698511j,  1.52365985e-01-0.124397j  ,
            9.64342661e-01-0.04628868j, -1.57604229e-01-0.06386759j],
          [-5.48406558e-04-0.00082547j,  1.98124812e-03-0.01698511j,
            1.07513860e-01-0.1317533j ,  8.86340847e-01-0.43033515j]],
         input_dims=(2, 2), output_dims=(2, 2))"
"Operator([[ 8.86340847e-01-0.43033515j,  4.21826807e-02+0.16473853j,
           -1.68138086e-02+0.00311693j, -2.45314235e-04-0.00096019j],
          [ 4.21826807e-02+0.16473853j,  9.64342661e-01-0.04628868j,
            9.63322217e-03+0.19646172j, -1.68138086e-02+0.00311693j],
          [-1.68138086e-02+0.00311693j,  9.63322217e-03+0.19646172j,
            9.64342661e-01-0.04628868j,  4.21826807e-02+0.16473853j],
          [-2.45314235e-04-0.00096019j, -1.68138086e-02+0.00311693j,
            4.21826807e-02+0.16473853j,  8.86340847e-01-0.43033515j]],
         input_dims=(2, 2), output_dims=(2, 2))"
"Operator([[ 8.86340847e-01-0.43033515j,  4.21826807e-02+0.16473853j,
           -1.68138086e-02+0.00311693j, -2.45314235e-04-0.00096019j],
          [ 4.21826807e-02+0.16473853j,  9.64342661e-01-0.04628868j,
            9.63322217e-03+0.19646172j, -1.68138086e-02+0.00311693j],
          [-1.68138086e-02+0.00311693j,  9.63322217e-03+0.19646172j,
            9.64342661e-01-0.04628868j,  4.21826807e-02+0.16473853j],
          [-2.45314235e-04-0.00096019j, -1.68138086e-02+0.00311693j,
            4.21826807e-02+0.16473853j,  8.86340847e-01-0.43033515j]],
         input_dims=(2, 2), output_dims=(2, 2))"
"Operator([[ 8.86340847e-01-0.43033515j,  4.21826807e-02+0.16473853j,
           -1.68138086e-02+0.00311693j, -2.45314235e-04-0.00096019j],
          [ 4.21826807e-02+0.16473853j,  9.64342661e-01-0.04628868j,
            9.63322217e-03+0.19646172j, -1.68138086e-02+0.00311693j],
          [-1.68138086e-02+0.00311693j,  9.63322217e-03+0.19646172j,
            9.64342661e-01-0.04628868j,  4.21826807e-02+0.16473853j],
          [-2.45314235e-04-0.00096019j, -1.68138086e-02+0.00311693j,
            4.21826807e-02+0.16473853j,  8.86340847e-01-0.43033515j]],
         input_dims=(2, 2), output_dims=(2, 2))"
"Operator([[ 8.86340847e-01-4.30335148e-01j,
            1.16822495e-01+1.23574540e-01j,
           -6.25072247e-03+1.59169059e-02j,
           -9.71422276e-04+1.96184307e-04j],
          [-4.30553691e-02+1.64512606e-01j,
            9.64342661e-01-4.62886825e-02j,
            1.03755594e-01+1.67107106e-01j,
           -6.25072247e-03+1.59169059e-02j],
          [-1.15406430e-02-1.26187552e-02j,
           -8.69094593e-02+1.76456096e-01j,
            9.64342661e-01-4.62886825e-02j,
            1.16822495e-01+1.23574540e-01j],
          [ 9.46480499e-04-2.93809777e-04j,
           -1.15406430e-02-1.26187552e-02j,
           -4.30553691e-02+1.64512606e-01j,
            8.86340847e-01-4.30335148e-01j]],
         input_dims=(2, 2), output_dims=(2, 2))"
"Operator([[ 8.86340847e-01-0.43033515j,  4.21826807e-02+0.16473853j,
           -1.68138086e-02+0.00311693j, -2.45314235e-04-0.00096019j],
          [ 4.21826807e-02+0.16473853j,  9.64342661e-01-0.04628868j,
            9.63322217e-03+0.19646172j, -1.68138086e-02+0.00311693j],
          [-1.68138086e-02+0.00311693j,  9.63322217e-03+0.19646172j,
            9.64342661e-01-0.04628868j,  4.21826807e-02+0.16473853j],
          [-2.45314235e-04-0.00096019j, -1.68138086e-02+0.00311693j,
            4.21826807e-02+0.16473853j,  8.86340847e-01-0.43033515j]],
         input_dims=(2, 2), output_dims=(2, 2))"
"Operator([[ 8.86340847e-01-0.43033515j,  4.21826807e-02+0.16473853j,
           -1.68138086e-02+0.00311693j, -2.45314235e-04-0.00096019j],
          [ 4.21826807e-02+0.16473853j,  9.64342661e-01-0.04628868j,
            9.63322217e-03+0.19646172j, -1.68138086e-02+0.00311693j],
          [-1.68138086e-02+0.00311693j,  9.63322217e-03+0.19646172j,
            9.64342661e-01-0.04628868j,  4.21826807e-02+0.16473853j],
          [-2.45314235e-04-0.00096019j, -1.68138086e-02+0.00311693j,
            4.21826807e-02+0.16473853j,  8.86340847e-01-0.43033515j]],
         input_dims=(2, 2), output_dims=(2, 2))"
