unitary
"Operator([[ 0.37794656+0.62263254j, -0.21715476-0.37432295j,
            0.05907815+0.36311297j, -0.17124007+0.34285104j],
          [-0.21715476-0.37432295j, -0.05533329+0.17745746j,
           -0.28555364+0.74919362j,  0.05907815+0.36311297j],
          [ 0.05907815+0.36311297j, -0.28555364+0.74919362j,
           -0.05533329+0.17745746j, -0.21715476-0.37432295j],
          [-0.17124007+0.34285104j,  0.05907815+0.36311297j,
           -0.21715476-0.37432295j,  0.37794656+0.62263254j]],
         input_dims=(2, 2), output_dims=(2, 2))"
"Operator([[ 0.37794656+0.62263254j, -0.21715476-0.37432295j,
            0.05907815+0.36311297j, -0.17124007+0.34285104j],
          [-0.21715476-0.37432295j, -0.05533329+0.17745746j,
           -0.28555364+0.74919362j,  0.05907815+0.36311297j],
          [ 0.05907815+0.36311297j, -0.28555364+0.74919362j,
           -0.05533329+0.17745746j, -0.21715476-0.37432295j],
          [-0.17124007+0.34285104j,  0.05907815+0.36311297j,
           -0.21715476-0.37432295j,  0.37794656+0.62263254j]],
         input_dims=(2, 2), output_dims=(2, 2))"
"Operator([[ 0.37794656+0.62263254j,  0.41815617-0.11144181j,
            0.13274689-0.34310279j,  0.11760543+0.36474506j],
          [-0.30431229+0.30768147j, -0.05533329+0.17745746j,
           -0.64814596-0.47195209j,  0.13274689-0.34310279j],
          [-0.23466613-0.28332502j,  0.7978481 +0.07918562j,
           -0.05533329+0.17745746j,  0.41815617-0.11144181j],
          [-0.36225117+0.12507632j, -0.23466613-0.28332502j,
           -0.30431229+0.30768147j,  0.37794656+0.62263254j]],
         input_dims=(2, 2), output_dims=(2, 2))"
"Operator([[ 0.37794656+0.62263254j,  0.17274026-0.39678037j,
           -0.36426284-0.05151544j,  0.04986426-0.37997836j],
          [-0.43019125-0.04700367j, -0.05533329+0.17745746j,
           -0.77264377+0.21413445j, -0.36426284-0.05151544j],
          [ 0.32914463-0.1643322j ,  0.43410149+0.67408297j,
           -0.05533329+0.17745746j,  0.17274026-0.39678037j],
          [ 0.27383215-0.26811556j,  0.32914463-0.1643322j ,
           -0.43019125-0.04700367j,  0.37794656+0.62263254j]],
         input_dims=(2, 2), output_dims=(2, 2))"
"Operator([[ 0.37794656+0.62263254j, -0.28052815+0.32951148j,
           -0.27418344-0.24528494j, -0.32544697+0.20237161j],
          [ 0.42530046-0.07995857j, -0.05533329+0.17745746j,
            0.80153118+0.01948649j, -0.27418344-0.24528494j],
          [ 0.18228499-0.31955194j, -0.61115883-0.51895746j,
           -0.05533329+0.17745746j, -0.28052815+0.32951148j],
          [ 0.03370137+0.38175151j,  0.18228499-0.31955194j,
            0.42530046-0.07995857j,  0.37794656+0.62263254j]],
         input_dims=(2, 2), output_dims=(2, 2))"
"Operator([[ 0.37794656+0.62263254j, -0.21715476-0.37432295j,
            0.05907815+0.36311297j, -0.17124007+0.34285104j],
          [-0.21715476-0.37432295j, -0.05533329+0.17745746j,
           -0.28555364+0.74919362j,  0.05907815+0.36311297j],
          [ 0.05907815+0.36311297j, -0.28555364+0.74919362j,
           -0.05533329+0.17745746j, -0.21715476-0.37432295j],
          [-0.17124007+0.34285104j,  0.05907815+0.36311297j,
           -0.21715476-0.37432295j,  0.37794656+0.62263254j]],
         input_dims=(2, 2), output_dims=(2, 2))"
"Operator([[ 0.37794656+0.62263254j, -0.21715476-0.37432295j,
            0.05907815+0.36311297j, -0.17124007+0.34285104j],
          [-0.21715476-0.37432295j, -0.05533329+0.17745746j,
           -0.28555364+0.74919362j,  0.05907815+0.36311297j],
          [ 0.05907815+0.36311297j, -0.28555364+0.74919362j,
           -0.05533329+0.17745746j, -0.21715476-0.37432295j],
          [-0.17124007+0.34285104j,  0.05907815+0.36311297j,
           -0.21715476-0.37432295j,  0.37794656+0.62263254j]],
         input_dims=(2, 2), output_dims=(2, 2))"
