unitary
"Operator([[ 8.86340847e-01-0.43033515j, -1.44380666e-01-0.08984646j,
            2.37700297e-03+0.01693426j,  5.60421707e-04-0.00081736j],
          [ 8.34320469e-02-0.14817981j,  9.64342661e-01-0.04628868j,
           -1.42800345e-01-0.13527036j,  2.37700297e-03+0.01693426j],
          [-3.85087034e-03-0.01666104j,  1.28881561e-01-0.14859189j,
            9.64342661e-01-0.04628868j, -1.44380666e-01-0.08984646j],
          [-8.83799385e-04-0.00044838j, -3.85087034e-03-0.01666104j,
            8.34320469e-02-0.14817981j,  8.86340847e-01-0.43033515j]],
         input_dims=(2, 2), output_dims=(2, 2))"
"Operator([[ 8.86340847e-01-0.43033515j,  4.21826807e-02+0.16473853j,
           -1.68138086e-02+0.00311693j, -2.45314235e-04-0.00096019j],
          [ 4.21826807e-02+0.16473853j,  9.64342661e-01-0.04628868j,
            9.63322217e-03+0.19646172j, -1.68138086e-02+0.00311693j],
          [-1.68138086e-02+0.00311693j,  9.63322217e-03+0.19646172j,
            9.64342661e-01-0.04628868j,  4.21826807e-02+0.16473853j],
          [-2.45314235e-04-0.00096019j, -1.68138086e-02+0.00311693j,
            4.21826807e-02+0.16473853j,  8.86340847e-01-0.43033515j]],
         input_dims=(2, 2), output_dims=(2, 2))"
"Operator([[ 8.86340847e-01-0.43033515j,  4.21826807e-02+0.16473853j,
           -1.68138086e-02+0.00311693j, -2.45314235e-04-0.00096019j],
          [ 4.21826807e-02+0.16473853j,  9.64342661e-01-0.04628868j,
            9.63322217e-03+0.19646172j, -1.68138086e-02+0.00311693j],
          [-1.68138086e-02+0.00311693j,  9.63322217e-03+0.19646172j,
            9.64342661e-01-0.04628868j,  4.21826807e-02+0.16473853j],
          [-2.45314235e-04-0.00096019j, -1.68138086e-02+0.00311693j,
            4.21826807e-02+0.16473853j,  8.86340847e-01-0.43033515j]],
         input_dims=(2, 2), output_dims=(2, 2))"
"Operator([[ 8.86340847e-01-0.43033515j,  4.21826807e-02+0.16473853j,
           -1.68138086e-02+0.00311693j, -2.45314235e-04-0.00096019j],
          [ 4.21826807e-02+0.16473853j,  9.64342661e-01-0.04628868j,
            9.63322217e-03+0.19646172j, -1.68138086e-02+0.00311693j],
          [-1.68138086e-02+0.00311693j,  9.63322217e-03+0.19646172j,
            9.64342661e-01-0.04628868j,  4.21826807e-02+0.16473853j],
          [-2.45314235e-04-0.00096019j, -1.68138086e-02+0.00311693j,
            4.21826807e-02+0.16473853j,  8.86340847e-01-0.43033515j]],
         input_dims=(2, 2), output_dims=(2, 2))"
"Operator([[ 8.86340847e-01-0.43033515j, -1.11610902e-01+0.12830109j,
            3.04689110e-03-0.01682664j,  4.68051812e-04+0.00087354j],
          [ 1.59537923e-01+0.05887116j,  9.64342661e-01-0.04628868j,
           -1.56209034e-01+0.11953554j,  3.04689110e-03-0.01682664j],
          [ 8.87578447e-03+0.01461642j,  1.67154087e-01+0.10367989j,
            9.64342661e-01-0.04628868j, -1.11610902e-01+0.12830109j],
          [ 8.30956649e-06+0.000991j  ,  8.87578447e-03+0.01461642j,
            1.59537923e-01+0.05887116j,  8.86340847e-01-0.43033515j]],
         input_dims=(2, 2), output_dims=(2, 2))"
"Operator([[ 8.86340847e-01-4.30335148e-01j,
           -4.00390227e-02+1.65272620e-01j,
           -1.19944694e-02-1.21881962e-02j,
            9.28940446e-04-3.45281289e-04j],
          [ 1.14542617e-01+1.25690697e-01j,
            9.64342661e-01-4.62886825e-02j,
           -8.36673147e-02+1.78016259e-01j,
           -1.19944694e-02-1.21881962e-02j],
          [-6.82872304e-03+1.56776263e-02j,
            1.00681636e-01+1.68976969e-01j,
            9.64342661e-01-4.62886825e-02j,
           -4.00390227e-02+1.65272620e-01j],
          [-9.80720513e-04+1.42607140e-04j,
           -6.82872304e-03+1.56776263e-02j,
            1.14542617e-01+1.25690697e-01j,
            8.86340847e-01-4.30335148e-01j]],
         input_dims=(2, 2), output_dims=(2, 2))"
"Operator([[ 8.86340847e-01-4.30335148e-01j,
            1.37846437e-01+9.95817362e-02j,
            2.61991255e-05+1.71002555e-02j,
           -7.16366719e-04+6.84812562e-04j],
          [-7.30231119e-02+1.53576650e-01j,
            9.64342661e-01-4.62886825e-02j,
            1.33139848e-01+1.44788773e-01j,
            2.61991255e-05+1.71002555e-02j],
          [-6.10496750e-03-1.59733777e-02j,
           -1.18336202e-01+1.57119545e-01j,
            9.64342661e-01-4.62886825e-02j,
            1.37846437e-01+9.95817362e-02j],
          [ 9.57056391e-04+2.57279198e-04j,
           -6.10496750e-03-1.59733777e-02j,
           -7.30231119e-02+1.53576650e-01j,
            8.86340847e-01-4.30335148e-01j]],
         input_dims=(2, 2), output_dims=(2, 2))"
"Operator([[ 8.86340847e-01-0.43033515j,  4.21826807e-02+0.16473853j,
           -1.68138086e-02+0.00311693j, -2.45314235e-04-0.00096019j],
          [ 4.21826807e-02+0.16473853j,  9.64342661e-01-0.04628868j,
            9.63322217e-03+0.19646172j, -1.68138086e-02+0.00311693j],
          [-1.68138086e-02+0.00311693j,  9.63322217e-03+0.19646172j,
            9.64342661e-01-0.04628868j,  4.21826807e-02+0.16473853j],
          [-2.45314235e-04-0.00096019j, -1.68138086e-02+0.00311693j,
            4.21826807e-02+0.16473853j,  8.86340847e-01-0.43033515j]],
         input_dims=(2, 2), output_dims=(2, 2))"
"Operator([[ 8.86340847e-01-0.43033515j,  1.27171942e-01-0.11289579j,
            7.23477089e-03-0.01549443j, -1.04185547e-04-0.00098554j],
          [-1.65780105e-01-0.03788296j,  9.64342661e-01-0.04628868j,
            1.70274005e-01-0.09847218j,  7.23477089e-03-0.01549443j],
          [ 1.23078732e-02+0.01187163j, -1.79090918e-01-0.08134157j,
            9.64342661e-01-0.04628868j,  1.27171942e-01-0.11289579j],
          [-3.81307610e-04-0.00091474j,  1.23078732e-02+0.01187163j,
           -1.65780105e-01-0.03788296j,  8.86340847e-01-0.43033515j]],
         input_dims=(2, 2), output_dims=(2, 2))"
"Operator([[ 8.86340847e-01-0.43033515j,  4.21826807e-02+0.16473853j,
           -1.68138086e-02+0.00311693j, -2.45314235e-04-0.00096019j],
          [ 4.21826807e-02+0.16473853j,  9.64342661e-01-0.04628868j,
            9.63322217e-03+0.19646172j, -1.68138086e-02+0.00311693j],
          [-1.68138086e-02+0.00311693j,  9.63322217e-03+0.19646172j,
            9.64342661e-01-0.04628868j,  4.21826807e-02+0.16473853j],
          [-2.45314235e-04-0.00096019j, -1.68138086e-02+0.00311693j,
            4.21826807e-02+0.16473853j,  8.86340847e-01-0.43033515j]],
         input_dims=(2, 2), output_dims=(2, 2))"
"Operator([[ 8.86340847e-01-0.43033515j,  4.21826807e-02+0.16473853j,
           -1.68138086e-02+0.00311693j, -2.45314235e-04-0.00096019j],
          [ 4.21826807e-02+0.16473853j,  9.64342661e-01-0.04628868j,
            9.63322217e-03+0.19646172j, -1.68138086e-02+0.00311693j],
          [-1.68138086e-02+0.00311693j,  9.63322217e-03+0.19646172j,
            9.64342661e-01-0.04628868j,  4.21826807e-02+0.16473853j],
          [-2.45314235e-04-0.00096019j, -1.68138086e-02+0.00311693j,
            4.21826807e-02+0.16473853j,  8.86340847e-01-0.43033515j]],
         input_dims=(2, 2), output_dims=(2, 2))"
"Operator([[ 8.86340847e-01-0.43033515j,  1.23907763e-01-0.116469j  ,
            6.34155979e-03-0.01588093j, -1.87852001e-04-0.00097307j],
          [-1.64634931e-01-0.04258523j,  9.64342661e-01-0.04628868j,
            1.67402823e-01-0.1032778j ,  6.34155979e-03-0.01588093j],
          [ 1.16125504e-02+0.01255261j, -1.76703651e-01-0.08640502j,
            9.64342661e-01-0.04628868j,  1.23907763e-01-0.116469j  ],
          [-3.01910337e-04-0.00094393j,  1.16125504e-02+0.01255261j,
           -1.64634931e-01-0.04258523j,  8.86340847e-01-0.43033515j]],
         input_dims=(2, 2), output_dims=(2, 2))"
"Operator([[ 8.86340847e-01-4.30335148e-01j,
           -1.61327509e-01+5.37735724e-02j,
            1.62027427e-02-5.46722549e-03j,
           -8.86548991e-04+4.42922574e-04j],
          [ 1.67317926e-01-3.03788436e-02j,
            9.64342661e-01-4.62886825e-02j,
           -1.95281825e-01+2.35587970e-02j,
            1.62027427e-02-5.46722549e-03j],
          [ 1.70857871e-02-7.03778499e-04j,
            1.96649851e-01+4.34098278e-03j,
            9.64342661e-01-4.62886825e-02j,
           -1.61327509e-01+5.37735724e-02j],
          [ 9.90358579e-04-3.65978777e-05j,
            1.70857871e-02-7.03778499e-04j,
            1.67317926e-01-3.03788436e-02j,
            8.86340847e-01-4.30335148e-01j]],
         input_dims=(2, 2), output_dims=(2, 2))"
"Operator([[ 8.86340847e-01-4.30335148e-01j,
            1.00619722e-01+1.37090605e-01j,
           -9.97095358e-03+1.38924263e-02j,
           -9.76206799e-04-1.70791703e-04j],
          [-2.23506637e-02+1.68578202e-01j,
            9.64342661e-01-4.62886825e-02j,
            8.22623255e-02+1.78669857e-01j,
           -9.97095358e-03+1.38924263e-02j],
          [-1.42880186e-02-9.39531530e-03j,
           -6.43880887e-02+1.85860652e-01j,
            9.64342661e-01-4.62886825e-02j,
            1.00619722e-01+1.37090605e-01j],
          [ 7.74654933e-04-6.18109420e-04j,
           -1.42880186e-02-9.39531530e-03j,
           -2.23506637e-02+1.68578202e-01j,
            8.86340847e-01-4.30335148e-01j]],
         input_dims=(2, 2), output_dims=(2, 2))"
"Operator([[ 8.86340847e-01-0.43033515j,  2.46548565e-02+0.16825665j,
           -1.70940175e-02-0.00046259j,  6.47638613e-05-0.00098892j],
          [ 5.92443045e-02+0.15939973j,  9.64342661e-01-0.04628868j,
           -1.10451265e-02+0.19638741j, -1.70940175e-02-0.00046259j],
          [-1.57923526e-02+0.00655904j,  3.02051051e-02+0.19436476j,
            9.64342661e-01-0.04628868j,  2.46548565e-02+0.16825665j],
          [-5.31171000e-04-0.00083666j, -1.57923526e-02+0.00655904j,
            5.92443045e-02+0.15939973j,  8.86340847e-01-0.43033515j]],
         input_dims=(2, 2), output_dims=(2, 2))"
