unitary
"Operator([[ 9.85214685e-01-1.59807648e-01j,
           -1.88705284e-02+5.87586213e-02j,
           -1.63672886e-03-1.47851643e-03j,
            4.07740375e-05-2.01960294e-05j],
          [ 2.90107053e-02+5.44706471e-02j,
            9.95385996e-01-1.76857145e-02j,
           -2.65871525e-02+6.61325990e-02j,
           -1.63672886e-03-1.47851643e-03j],
          [-1.42965810e-03+1.67957432e-03j,
            2.89256354e-02+6.51437253e-02j,
            9.95385996e-01-1.76857145e-02j,
           -1.88705284e-02+5.87586213e-02j],
          [-4.37131180e-05-1.26319064e-05j,
           -1.42965810e-03+1.67957432e-03j,
            2.90107053e-02+5.44706471e-02j,
            9.85214685e-01-1.59807648e-01j]],
         input_dims=(2, 2), output_dims=(2, 2))"
"Operator([[ 9.85214685e-01-1.59807648e-01j,
           -1.07389089e-02+6.07729237e-02j,
           -1.97347354e-03-9.85035223e-04j,
            2.94296265e-05-3.47030089e-05j],
          [ 2.13663879e-02+5.78977538e-02j,
            9.95385996e-01-1.76857145e-02j,
           -1.73857699e-02+6.91240359e-02j,
           -1.97347354e-03-9.85035223e-04j],
          [-1.82795616e-03+1.23428864e-03j,
            1.98366322e-02+6.84609769e-02j,
            9.95385996e-01-1.76857145e-02j,
           -1.07389089e-02+6.07729237e-02j],
          [-3.51260850e-05-2.89233452e-05j,
           -1.82795616e-03+1.23428864e-03j,
            2.13663879e-02+5.78977538e-02j,
            9.85214685e-01-1.59807648e-01j]],
         input_dims=(2, 2), output_dims=(2, 2))"
"Operator([[ 9.85214685e-01-1.59807648e-01j,
           -2.77482114e-03+6.16520299e-02j,
           -2.16030957e-03-4.44921080e-04j,
            1.40361016e-05-4.32826708e-05j],
          [ 1.36852304e-02+6.01779602e-02j,
            9.95385996e-01-1.76857145e-02j,
           -8.28371382e-03+7.07939080e-02j,
           -2.16030957e-03-4.44921080e-04j],
          [-2.08371814e-03+7.23194917e-04j,
            1.07998243e-02+7.04539646e-02j,
            9.95385996e-01-1.76857145e-02j,
           -2.77482114e-03+6.16520299e-02j],
          [-2.15014298e-05-4.01010007e-05j,
           -2.08371814e-03+7.23194917e-04j,
            1.36852304e-02+6.01779602e-02j,
            9.85214685e-01-1.59807648e-01j]],
         input_dims=(2, 2), output_dims=(2, 2))"
"Operator([[ 9.85214685e-01-1.59807648e-01j,
            5.50476864e-03+6.14684467e-02j,
           -2.20092402e-03+1.44310927e-04j,
           -4.05752853e-06-4.53203950e-05j],
          [ 5.50476864e-03+6.14684467e-02j,
            9.95385996e-01-1.76857145e-02j,
            1.26948548e-03+7.12656000e-02j,
           -2.20092402e-03+1.44310927e-04j],
          [-2.20092402e-03+1.44310927e-04j,
            1.26948548e-03+7.12656000e-02j,
            9.95385996e-01-1.76857145e-02j,
            5.50476864e-03+6.14684467e-02j],
          [-4.05752853e-06-4.53203950e-05j,
           -2.20092402e-03+1.44310927e-04j,
            5.50476864e-03+6.14684467e-02j,
            9.85214685e-01-1.59807648e-01j]],
         input_dims=(2, 2), output_dims=(2, 2))"
"Operator([[ 9.85214685e-01-1.59807648e-01j,
            1.24996704e-02+6.04353428e-02j,
           -2.11053400e-03+6.40732734e-04j,
           -1.91004765e-05-4.12985901e-05j],
          [-1.56239346e-03+6.16946622e-02j,
            9.95385996e-01-1.76857145e-02j,
            9.41282677e-03+7.06526434e-02j,
           -2.11053400e-03+6.40732734e-04j],
          [-2.17612831e-03-3.59663417e-04j,
           -6.89052019e-03+7.09430621e-02j,
            9.95385996e-01-1.76857145e-02j,
            1.24996704e-02+6.04353428e-02j],
          [ 1.14605975e-05-4.40347187e-05j,
           -2.17612831e-03-3.59663417e-04j,
           -1.56239346e-03+6.16946622e-02j,
            9.85214685e-01-1.59807648e-01j]],
         input_dims=(2, 2), output_dims=(2, 2))"
"Operator([[ 9.85214685e-01-1.59807648e-01j,
            5.50476864e-03+6.14684467e-02j,
           -2.20092402e-03+1.44310927e-04j,
           -4.05752853e-06-4.53203950e-05j],
          [ 5.50476864e-03+6.14684467e-02j,
            9.95385996e-01-1.76857145e-02j,
            1.26948548e-03+7.12656000e-02j,
           -2.20092402e-03+1.44310927e-04j],
          [-2.20092402e-03+1.44310927e-04j,
            1.26948548e-03+7.12656000e-02j,
            9.95385996e-01-1.76857145e-02j,
            5.50476864e-03+6.14684467e-02j],
          [-4.05752853e-06-4.53203950e-05j,
           -2.20092402e-03+1.44310927e-04j,
            5.50476864e-03+6.14684467e-02j,
            9.85214685e-01-1.59807648e-01j]],
         input_dims=(2, 2), output_dims=(2, 2))"
"Operator([[ 9.85214685e-01-1.59807648e-01j,
            2.70222245e-02+5.54839779e-02j,
           -1.54729827e-03+1.57186521e-03j,
           -4.20882725e-05-1.72910110e-05j],
          [-1.67336365e-02+5.94025069e-02j,
            9.95385996e-01-1.76857145e-02j,
            2.65513006e-02+6.61470012e-02j,
           -1.54729827e-03+1.57186521e-03j],
          [-1.73929769e-03-1.35636858e-03j,
           -2.41785918e-02+6.70506751e-02j,
            9.95385996e-01-1.76857145e-02j,
            2.70222245e-02+5.54839779e-02j],
          [ 3.83474091e-05-2.44924061e-05j,
           -1.73929769e-03-1.35636858e-03j,
           -1.67336365e-02+5.94025069e-02j,
            9.85214685e-01-1.59807648e-01j]],
         input_dims=(2, 2), output_dims=(2, 2))"
"Operator([[ 9.85214685e-01-1.59807648e-01j,
            5.50476864e-03+6.14684467e-02j,
           -2.20092402e-03+1.44310927e-04j,
           -4.05752853e-06-4.53203950e-05j],
          [ 5.50476864e-03+6.14684467e-02j,
            9.95385996e-01-1.76857145e-02j,
            1.26948548e-03+7.12656000e-02j,
           -2.20092402e-03+1.44310927e-04j],
          [-2.20092402e-03+1.44310927e-04j,
            1.26948548e-03+7.12656000e-02j,
            9.95385996e-01-1.76857145e-02j,
            5.50476864e-03+6.14684467e-02j],
          [-4.05752853e-06-4.53203950e-05j,
           -2.20092402e-03+1.44310927e-04j,
            5.50476864e-03+6.14684467e-02j,
            9.85214685e-01-1.59807648e-01j]],
         input_dims=(2, 2), output_dims=(2, 2))"
"Operator([[ 9.85214685e-01-1.59807648e-01j,
            5.50476864e-03+6.14684467e-02j,
           -2.20092402e-03+1.44310927e-04j,
           -4.05752853e-06-4.53203950e-05j],
          [ 5.50476864e-03+6.14684467e-02j,
            9.95385996e-01-1.76857145e-02j,
            1.26948548e-03+7.12656000e-02j,
           -2.20092402e-03+1.44310927e-04j],
          [-2.20092402e-03+1.44310927e-04j,
            1.26948548e-03+7.12656000e-02j,
            9.95385996e-01-1.76857145e-02j,
            5.50476864e-03+6.14684467e-02j],
          [-4.05752853e-06-4.53203950e-05j,
           -2.20092402e-03+1.44310927e-04j,
            5.50476864e-03+6.14684467e-02j,
            9.85214685e-01-1.59807648e-01j]],
         input_dims=(2, 2), output_dims=(2, 2))"
"Operator([[ 9.85214685e-01-1.59807648e-01j,
            4.67684828e-02+4.02663810e-02j,
            7.93401231e-05+2.20422262e-03j,
           -3.06929724e-05+3.35908200e-05j],
          [-3.88696049e-02+4.79356468e-02j,
            9.95385996e-01-1.76857145e-02j,
            5.05545627e-02+5.02457313e-02j,
            7.93401231e-05+2.20422262e-03j],
          [-2.09156191e-04-2.19571079e-03j,
           -4.87329583e-02+5.20143836e-02j,
            9.95385996e-01-1.76857145e-02j,
            4.67684828e-02+4.02663810e-02j],
          [ 3.61717744e-05+2.76044287e-05j,
           -2.09156191e-04-2.19571079e-03j,
           -3.88696049e-02+4.79356468e-02j,
            9.85214685e-01-1.59807648e-01j]],
         input_dims=(2, 2), output_dims=(2, 2))"
"Operator([[ 9.85214685e-01-1.59807648e-01j,
            5.21995733e-02+3.29222868e-02j,
            7.19445502e-04+2.08501567e-03j,
           -1.32693686e-05+4.35238509e-05j],
          [-4.55192000e-02+4.16734310e-02j,
            9.95385996e-01-1.76857145e-02j,
            5.74171430e-02+4.22335059e-02j,
            7.19445502e-04+2.08501567e-03j],
          [ 4.41034341e-04-2.16110641e-03j,
           -5.58765447e-02+4.42516562e-02j,
            9.95385996e-01-1.76857145e-02j,
            5.21995733e-02+3.29222868e-02j],
          [ 2.07897330e-05+4.04745444e-05j,
            4.41034341e-04-2.16110641e-03j,
           -4.55192000e-02+4.16734310e-02j,
            9.85214685e-01-1.59807648e-01j]],
         input_dims=(2, 2), output_dims=(2, 2))"
"Operator([[ 9.85214685e-01-1.59807648e-01j,
            5.66089596e-02+2.45784074e-02j,
            1.31437178e-03+1.77124787e-03j,
            7.39661778e-06+4.48964563e-05j],
          [-5.13409943e-02+3.42457986e-02j,
            9.95385996e-01-1.76857145e-02j,
            6.31852204e-02+3.29852278e-02j,
            1.31437178e-03+1.77124787e-03j],
          [ 1.07183742e-03-1.92770764e-03j,
           -6.19703455e-02+3.52146789e-02j,
            9.95385996e-01-1.76857145e-02j,
            5.66089596e-02+2.45784074e-02j],
          [ 6.96236475e-07+4.54963405e-05j,
            1.07183742e-03-1.92770764e-03j,
           -5.13409943e-02+3.42457986e-02j,
            9.85214685e-01-1.59807648e-01j]],
         input_dims=(2, 2), output_dims=(2, 2))"
"Operator([[ 9.85214685e-01-1.59807648e-01j,
            5.95881040e-02+1.60602081e-02j,
            1.76955461e-03+1.31665055e-03j,
            2.57801878e-05+3.74937816e-05j],
          [-5.57862790e-02+2.63924895e-02j,
            9.95385996e-01-1.76857145e-02j,
            6.73200491e-02+2.34181195e-02j,
            1.76955461e-03+1.31665055e-03j],
          [ 1.58248234e-03-1.53643804e-03j,
           -6.64432890e-02+2.58009046e-02j,
            9.95385996e-01-1.76857145e-02j,
            5.95881040e-02+1.60602081e-02j],
          [-1.87099470e-05+4.14769771e-05j,
            1.58248234e-03-1.53643804e-03j,
           -5.57862790e-02+2.63924895e-02j,
            9.85214685e-01-1.59807648e-01j]],
         input_dims=(2, 2), output_dims=(2, 2))"
"Operator([[ 9.85214685e-01-1.59807648e-01j,
            6.11376691e-02+8.41771022e-03j,
            2.04269359e-03+8.32042729e-04j,
            3.78312141e-05+2.52824244e-05j],
          [-5.86691344e-02+1.91469342e-02j,
            9.95385996e-01-1.76857145e-02j,
            6.97357514e-02+1.47418556e-02j,
            2.04269359e-03+8.32042729e-04j],
          [ 1.91656062e-03-1.09164444e-03j,
           -6.91664688e-02+1.72161819e-02j,
            9.95385996e-01-1.76857145e-02j,
            6.11376691e-02+8.41771022e-03j],
          [-3.27384921e-05+3.16005202e-05j,
            1.91656062e-03-1.09164444e-03j,
           -5.86691344e-02+1.91469342e-02j,
            9.85214685e-01-1.59807648e-01j]],
         input_dims=(2, 2), output_dims=(2, 2))"
