unitary
"Operator([[ 9.41366246e-01-0.31421358j,  2.17999268e-02+0.12061082j,
           -8.70437146e-03+0.00114631j, -6.44524569e-05-0.00035699j],
          [ 2.17999268e-02+0.12061082j,  9.81660078e-01-0.03435118j,
            5.00604995e-03+0.14155967j, -8.70437146e-03+0.00114631j],
          [-8.70437146e-03+0.00114631j,  5.00604995e-03+0.14155967j,
            9.81660078e-01-0.03435118j,  2.17999268e-02+0.12061082j],
          [-6.44524569e-05-0.00035699j, -8.70437146e-03+0.00114631j,
            2.17999268e-02+0.12061082j,  9.41366246e-01-0.31421358j]],
         input_dims=(2, 2), output_dims=(2, 2))"
"Operator([[ 9.41366246e-01-0.31421358j,  2.17999268e-02+0.12061082j,
           -8.70437146e-03+0.00114631j, -6.44524569e-05-0.00035699j],
          [ 2.17999268e-02+0.12061082j,  9.81660078e-01-0.03435118j,
            5.00604995e-03+0.14155967j, -8.70437146e-03+0.00114631j],
          [-8.70437146e-03+0.00114631j,  5.00604995e-03+0.14155967j,
            9.81660078e-01-0.03435118j,  2.17999268e-02+0.12061082j],
          [-6.44524569e-05-0.00035699j, -8.70437146e-03+0.00114631j,
            2.17999268e-02+0.12061082j,  9.41366246e-01-0.31421358j]],
         input_dims=(2, 2), output_dims=(2, 2))"
"Operator([[ 9.41366246e-01-3.14213578e-01j,
            5.29936971e-02+1.10516400e-01j,
           -6.89491070e-03+5.43509964e-03j,
           -3.01985415e-04-2.00999039e-04j],
          [-1.09537875e-02+1.22074654e-01j,
            9.81660078e-01-3.43511799e-02j,
            4.23541906e-02+1.35167761e-01j,
           -6.89491070e-03+5.43509964e-03j],
          [-8.06695707e-03-3.46472298e-03j,
           -3.27003102e-02+1.37821953e-01j,
            9.81660078e-01-3.43511799e-02j,
            5.29936971e-02+1.10516400e-01j],
          [ 2.12632361e-04-2.93910332e-04j,
           -8.06695707e-03-3.46472298e-03j,
           -1.09537875e-02+1.22074654e-01j,
            9.41366246e-01-3.14213578e-01j]],
         input_dims=(2, 2), output_dims=(2, 2))"
"Operator([[ 9.41366246e-01-0.31421358j,  2.17999268e-02+0.12061082j,
           -8.70437146e-03+0.00114631j, -6.44524569e-05-0.00035699j],
          [ 2.17999268e-02+0.12061082j,  9.81660078e-01-0.03435118j,
            5.00604995e-03+0.14155967j, -8.70437146e-03+0.00114631j],
          [-8.70437146e-03+0.00114631j,  5.00604995e-03+0.14155967j,
            9.81660078e-01-0.03435118j,  2.17999268e-02+0.12061082j],
          [-6.44524569e-05-0.00035699j, -8.70437146e-03+0.00114631j,
            2.17999268e-02+0.12061082j,  9.41366246e-01-0.31421358j]],
         input_dims=(2, 2), output_dims=(2, 2))"
"Operator([[ 9.41366246e-01-3.14213578e-01j,
            9.07327569e-02+8.24000818e-02j,
           -1.14254715e-03+8.70486575e-03j,
           -3.05047073e-04+1.96321389e-04j],
          [-5.61473372e-02+1.08948076e-01j,
            9.81660078e-01-3.43511799e-02j,
            9.01668534e-02+1.09243487e-01j,
           -1.14254715e-03+8.70486575e-03j],
          [-3.35725042e-03-8.11227288e-03j,
           -8.22247929e-02+1.15339865e-01j,
            9.81660078e-01-3.43511799e-02j,
            9.07327569e-02+8.24000818e-02j],
          [ 3.54439693e-04+7.72548282e-05j,
           -3.35725042e-03-8.11227288e-03j,
           -5.61473372e-02+1.08948076e-01j,
            9.41366246e-01-3.14213578e-01j]],
         input_dims=(2, 2), output_dims=(2, 2))"
"Operator([[ 9.41366246e-01-3.14213578e-01j,
            1.00686990e-01+6.98880291e-02j,
            1.14316416e-03+8.70478474e-03j,
           -2.07016460e-04+2.97892581e-04j],
          [-6.98516736e-02+1.00712216e-01j,
            9.81660078e-01-3.43511799e-02j,
            1.03620183e-01+9.65766979e-02j,
            1.14316416e-03+8.70478474e-03j],
          [-1.14944924e-03-8.70395704e-03j,
           -9.65392816e-02+1.03655044e-01j,
            9.81660078e-01-3.43511799e-02j,
            1.00686990e-01+6.98880291e-02j],
          [ 2.98116623e-04+2.06693694e-04j,
           -1.14944924e-03-8.70395704e-03j,
           -6.98516736e-02+1.00712216e-01j,
            9.41366246e-01-3.14213578e-01j]],
         input_dims=(2, 2), output_dims=(2, 2))"
"Operator([[ 9.41366246e-01-0.31421358j,  2.17999268e-02+0.12061082j,
           -8.70437146e-03+0.00114631j, -6.44524569e-05-0.00035699j],
          [ 2.17999268e-02+0.12061082j,  9.81660078e-01-0.03435118j,
            5.00604995e-03+0.14155967j, -8.70437146e-03+0.00114631j],
          [-8.70437146e-03+0.00114631j,  5.00604995e-03+0.14155967j,
            9.81660078e-01-0.03435118j,  2.17999268e-02+0.12061082j],
          [-6.44524569e-05-0.00035699j, -8.70437146e-03+0.00114631j,
            2.17999268e-02+0.12061082j,  9.41366246e-01-0.31421358j]],
         input_dims=(2, 2), output_dims=(2, 2))"
"Operator([[ 9.41366246e-01-0.31421358j,  1.10392904e-01+0.05325048j,
            3.78090160e-03+0.00792369j, -4.89567091e-05+0.00035944j],
          [-8.47675570e-02+0.08852496j,  9.81660078e-01-0.03435118j,
            1.17471159e-01+0.07915003j,  3.78090160e-03+0.00792369j],
          [ 1.60057706e-03-0.0086324j , -1.11586654e-01+0.08725033j,
            9.81660078e-01-0.03435118j,  1.10392904e-01+0.05325048j],
          [ 1.71559355e-04+0.00031963j,  1.60057706e-03-0.0086324j ,
           -8.47675570e-02+0.08852496j,  9.41366246e-01-0.31421358j]],
         input_dims=(2, 2), output_dims=(2, 2))"
"Operator([[ 9.41366246e-01-0.31421358j,  1.13040658e-01+0.04737105j,
            4.59227180e-03+0.00748272j,  8.15373760e-06+0.00036267j],
          [-8.93059132e-02+0.08394439j,  9.81660078e-01-0.03435118j,
            1.21471215e-01+0.07286251j,  4.59227180e-03+0.00748272j],
          [ 2.49844882e-03-0.00841652j, -1.16020861e-01+0.08126107j,
            9.81660078e-01-0.03435118j,  1.13040658e-01+0.04737105j],
          [ 1.19183008e-04+0.00034262j,  2.49844882e-03-0.00841652j,
           -8.93059132e-02+0.08394439j,  9.41366246e-01-0.31421358j]],
         input_dims=(2, 2), output_dims=(2, 2))"
"Operator([[ 9.41366246e-01-3.14213578e-01j,
            1.22154848e-01-1.00199662e-02j,
            8.76210792e-03+5.52780650e-04j,
            3.60476493e-04+4.06509833e-05j],
          [-1.17933509e-01+3.33750512e-02j,
            9.81660078e-01-3.43511799e-02j,
            1.41379296e-01+8.72327967e-03j,
            8.76210792e-03+5.52780650e-04j],
          [ 8.32025181e-03-2.80241175e-03j,
           -1.40409924e-01+1.86883418e-02j,
            9.81660078e-01-3.43511799e-02j,
            1.22154848e-01-1.00199662e-02j],
          [-3.23502740e-04+1.64139519e-04j,
            8.32025181e-03-2.80241175e-03j,
           -1.17933509e-01+3.33750512e-02j,
            9.41366246e-01-3.14213578e-01j]],
         input_dims=(2, 2), output_dims=(2, 2))"
"Operator([[ 9.41366246e-01-3.14213578e-01j,
            2.72100853e-02-1.19506560e-01j,
           -6.85735267e-03-5.48240970e-03j,
           -3.10889877e-04+1.86931241e-04j],
          [-6.73224620e-02-1.02420178e-01j,
            9.81660078e-01-3.43511799e-02j,
            5.08703115e-02-1.32198383e-01j,
           -6.85735267e-03-5.48240970e-03j],
          [-5.20417584e-03+7.07083132e-03j,
           -6.00815608e-02-1.28274733e-01j,
            9.81660078e-01-3.43511799e-02j,
            2.72100853e-02-1.19506560e-01j],
          [ 3.56629974e-04+6.64143525e-05j,
           -5.20417584e-03+7.07083132e-03j,
           -6.73224620e-02-1.02420178e-01j,
            9.41366246e-01-3.14213578e-01j]],
         input_dims=(2, 2), output_dims=(2, 2))"
"Operator([[ 9.41366246e-01-3.14213578e-01j,
            1.97750547e-02-1.20959307e-01j,
           -7.48111469e-03-4.59489116e-03j,
           -2.71089546e-04+2.41052406e-04j],
          [-6.08663977e-02-1.06383684e-01j,
            9.81660078e-01-3.43511799e-02j,
            4.26059913e-02-1.35088602e-01j,
           -7.48111469e-03-4.59489116e-03j],
          [-6.03644610e-03+6.37506237e-03j,
           -5.20420467e-02-1.31741513e-01j,
            9.81660078e-01-3.43511799e-02j,
            1.97750547e-02-1.20959307e-01j],
          [ 3.38268046e-04+1.31036380e-04j,
           -6.03644610e-03+6.37506237e-03j,
           -6.08663977e-02-1.06383684e-01j,
            9.41366246e-01-3.14213578e-01j]],
         input_dims=(2, 2), output_dims=(2, 2))"
"Operator([[ 9.41366246e-01-3.14213578e-01j,
            3.01376316e-02-1.18802062e-01j,
           -6.57979947e-03-5.81260188e-03j,
           -3.23811014e-04+1.63530522e-04j],
          [-6.98181648e-02-1.00735448e-01j,
            9.81660078e-01-3.43511799e-02j,
            5.41025006e-02-1.30908825e-01j,
           -6.57979947e-03-5.81260188e-03j],
          [-4.85060022e-03+7.31790812e-03j,
           -6.32145831e-02-1.26760078e-01j,
            9.81660078e-01-3.43511799e-02j,
            3.01376316e-02-1.18802062e-01j],
          [ 3.60552344e-04+3.99726347e-05j,
           -4.85060022e-03+7.31790812e-03j,
           -6.98181648e-02-1.00735448e-01j,
            9.41366246e-01-3.14213578e-01j]],
         input_dims=(2, 2), output_dims=(2, 2))"
"Operator([[ 9.41366246e-01-0.31421358j,  2.17999268e-02+0.12061082j,
           -8.70437146e-03+0.00114631j, -6.44524569e-05-0.00035699j],
          [ 2.17999268e-02+0.12061082j,  9.81660078e-01-0.03435118j,
            5.00604995e-03+0.14155967j, -8.70437146e-03+0.00114631j],
          [-8.70437146e-03+0.00114631j,  5.00604995e-03+0.14155967j,
            9.81660078e-01-0.03435118j,  2.17999268e-02+0.12061082j],
          [-6.44524569e-05-0.00035699j, -8.70437146e-03+0.00114631j,
            2.17999268e-02+0.12061082j,  9.41366246e-01-0.31421358j]],
         input_dims=(2, 2), output_dims=(2, 2))"
