unitary
"Operator([[ 0.21267304-8.70215366e-01j, -0.01611884+4.24947739e-01j,
           -0.06713854-1.08065379e-01j,  0.02165928+4.00284663e-04j],
          [ 0.42418541+3.01186628e-02j,  0.74105272-6.56796953e-02j,
           -0.30246453+3.97512442e-01j, -0.06713854-1.08065379e-01j],
          [ 0.05987165+1.12254602e-01j,  0.38732552+3.15404313e-01j,
            0.74105272-6.56796953e-02j, -0.01611884+4.24947739e-01j],
          [-0.00253725+2.15138834e-02j,  0.05987165+1.12254602e-01j,
            0.42418541+3.01186628e-02j,  0.21267304-8.70215366e-01j]],
         input_dims=(2, 2), output_dims=(2, 2))"
"Operator([[ 0.21267304-0.87021537j, -0.06526755-0.42021488j,
           -0.10273406-0.07504281j, -0.01838249+0.01146162j],
          [-0.41064334-0.11050993j,  0.74105272-0.0656797j ,
            0.22105165-0.44792533j, -0.10273406-0.07504281j],
          [ 0.01345686+0.12650938j, -0.32002144-0.38351951j,
            0.74105272-0.0656797j , -0.06526755-0.42021488j],
          [ 0.01384598-0.01666055j,  0.01345686+0.12650938j,
           -0.41064334-0.11050993j,  0.21267304-0.87021537j]],
         input_dims=(2, 2), output_dims=(2, 2))"
"Operator([[ 0.21267304-0.87021537j,  0.28390506+0.31660435j,
           -0.1102199 +0.06353963j, -0.01424286-0.01632255j],
          [ 0.28390506+0.31660435j,  0.74105272-0.0656797j ,
            0.05904052+0.49599915j, -0.1102199 +0.06353963j],
          [-0.1102199 +0.06353963j,  0.05904052+0.49599915j,
            0.74105272-0.0656797j ,  0.28390506+0.31660435j],
          [-0.01424286-0.01632255j, -0.1102199 +0.06353963j,
            0.28390506+0.31660435j,  0.21267304-0.87021537j]],
         input_dims=(2, 2), output_dims=(2, 2))"
"Operator([[ 0.21267304-0.87021537j,  0.40820508+0.11920157j,
            0.00807524+0.12696653j, -0.01487821+0.0157456j ],
          [ 0.07417255+0.4187348j ,  0.74105272-0.0656797j ,
            0.31180855+0.39022604j,  0.00807524+0.12696653j],
          [-0.10582656-0.0706148j , -0.21149394+0.45251657j,
            0.74105272-0.0656797j ,  0.40820508+0.11920157j],
          [ 0.01761579-0.01260827j, -0.10582656-0.0706148j ,
            0.07417255+0.4187348j ,  0.21267304-0.87021537j]],
         input_dims=(2, 2), output_dims=(2, 2))"
"Operator([[ 0.21267304-0.87021537j, -0.12742326-0.40571383j,
           -0.12034109-0.0412763j , -0.01155453+0.01832424j],
          [-0.38947896-0.17072357j,  0.74105272-0.0656797j ,
            0.15152388-0.4759637j , -0.12034109-0.0412763j ],
          [-0.02458714+0.12482461j, -0.25901818-0.42709544j,
            0.74105272-0.0656797j , -0.12742326-0.40571383j],
          [ 0.01972047-0.00896594j, -0.02458714+0.12482461j,
           -0.38947896-0.17072357j,  0.21267304-0.87021537j]],
         input_dims=(2, 2), output_dims=(2, 2))"
"Operator([[ 0.21267304-0.87021537j,  0.28390506+0.31660435j,
           -0.1102199 +0.06353963j, -0.01424286-0.01632255j],
          [ 0.28390506+0.31660435j,  0.74105272-0.0656797j ,
            0.05904052+0.49599915j, -0.1102199 +0.06353963j],
          [-0.1102199 +0.06353963j,  0.05904052+0.49599915j,
            0.74105272-0.0656797j ,  0.28390506+0.31660435j],
          [-0.01424286-0.01632255j, -0.1102199 +0.06353963j,
            0.28390506+0.31660435j,  0.21267304-0.87021537j]],
         input_dims=(2, 2), output_dims=(2, 2))"
"Operator([[ 0.21267304-0.87021537j, -0.04726611+0.4226184j ,
           -0.05059414-0.11673021j,  0.02104786+0.00512565j],
          [ 0.42525192-0.00109737j,  0.74105272-0.0656797j ,
           -0.33082571+0.37423961j, -0.05059414-0.11673021j],
          [ 0.07566085+0.10227974j,  0.40943113+0.28612424j,
            0.74105272-0.0656797j , -0.04726611+0.4226184j ],
          [ 0.00222739+0.02154817j,  0.07566085+0.10227974j,
            0.42525192-0.00109737j,  0.21267304-0.87021537j]],
         input_dims=(2, 2), output_dims=(2, 2))"
