unitary
"Operator([[ 0.37794656+0.62263254j, -0.42290923+0.09176948j,
            0.16421428-0.32920348j, -0.06543892-0.37760793j],
          [ 0.28959418-0.32157281j, -0.05533329+0.17745746j,
            0.62537154+0.50173937j,  0.16421428-0.32920348j],
          [-0.26010436-0.26016722j, -0.80067785-0.04179647j,
           -0.05533329+0.17745746j, -0.42290923+0.09176948j],
          [ 0.34119876-0.17450905j, -0.26010436-0.26016722j,
            0.28959418-0.32157281j,  0.37794656+0.62263254j]],
         input_dims=(2, 2), output_dims=(2, 2))"
"Operator([[ 0.37794656+0.62263254j, -0.21715476-0.37432295j,
            0.05907815+0.36311297j, -0.17124007+0.34285104j],
          [-0.21715476-0.37432295j, -0.05533329+0.17745746j,
           -0.28555364+0.74919362j,  0.05907815+0.36311297j],
          [ 0.05907815+0.36311297j, -0.28555364+0.74919362j,
           -0.05533329+0.17745746j, -0.21715476-0.37432295j],
          [-0.17124007+0.34285104j,  0.05907815+0.36311297j,
           -0.21715476-0.37432295j,  0.37794656+0.62263254j]],
         input_dims=(2, 2), output_dims=(2, 2))"
"Operator([[ 0.37794656+0.62263254j, -0.16967942+0.39809893j,
           -0.36501308-0.0458989j , -0.04107266+0.38102892j],
          [ 0.42981651+0.05031531j, -0.05533329+0.17745746j,
            0.77097174-0.22007847j, -0.36501308-0.0458989j ],
          [ 0.33163665-0.15924318j, -0.4288973 -0.67740613j,
           -0.05533329+0.17745746j, -0.16967942+0.39809893j],
          [-0.27995309+0.26171791j,  0.33163665-0.15924318j,
            0.42981651+0.05031531j,  0.37794656+0.62263254j]],
         input_dims=(2, 2), output_dims=(2, 2))"
"Operator([[ 0.37794656+0.62263254j, -0.21715476-0.37432295j,
            0.05907815+0.36311297j, -0.17124007+0.34285104j],
          [-0.21715476-0.37432295j, -0.05533329+0.17745746j,
           -0.28555364+0.74919362j,  0.05907815+0.36311297j],
          [ 0.05907815+0.36311297j, -0.28555364+0.74919362j,
           -0.05533329+0.17745746j, -0.21715476-0.37432295j],
          [-0.17124007+0.34285104j,  0.05907815+0.36311297j,
           -0.21715476-0.37432295j,  0.37794656+0.62263254j]],
         input_dims=(2, 2), output_dims=(2, 2))"
"Operator([[ 0.37794656+0.62263254j, -0.21715476-0.37432295j,
            0.05907815+0.36311297j, -0.17124007+0.34285104j],
          [-0.21715476-0.37432295j, -0.05533329+0.17745746j,
           -0.28555364+0.74919362j,  0.05907815+0.36311297j],
          [ 0.05907815+0.36311297j, -0.28555364+0.74919362j,
           -0.05533329+0.17745746j, -0.21715476-0.37432295j],
          [-0.17124007+0.34285104j,  0.05907815+0.36311297j,
           -0.21715476-0.37432295j,  0.37794656+0.62263254j]],
         input_dims=(2, 2), output_dims=(2, 2))"
