unitary
"Operator([[ 9.82860397e-01-1.71944871e-01j,
            6.91791091e-03-6.60757165e-02j,
           -2.41895655e-03-8.29921018e-04j,
           -2.75080710e-05+4.97174556e-05j],
          [-1.94239025e-02-6.35340052e-02j,
            9.94650646e-01-1.90167287e-02j,
            1.38383469e-02-7.54755511e-02j,
           -2.41895655e-03-8.29921018e-04j],
          [-2.27829400e-03+1.16167814e-03j,
           -1.67217741e-02-7.48895248e-02j,
            9.94650646e-01-1.90167287e-02j,
            6.91791091e-03-6.60757165e-02j],
          [ 3.65038689e-05+4.35429319e-05j,
           -2.27829400e-03+1.16167814e-03j,
           -1.94239025e-02-6.35340052e-02j,
            9.82860397e-01-1.71944871e-01j]],
         input_dims=(2, 2), output_dims=(2, 2))"
"Operator([[ 9.82860397e-01-1.71944871e-01j,
           -2.19751398e-03-6.64005176e-02j,
           -2.55339865e-03-1.42390229e-04j,
           -5.28602992e-06+5.65736445e-05j],
          [-1.05387473e-02-6.55956752e-02j,
            9.94650646e-01-1.90167287e-02j,
            3.37022859e-03-7.66596388e-02j,
           -2.55339865e-03-1.42390229e-04j],
          [-2.50803721e-03+4.99869012e-04j,
           -6.30674753e-03-7.64740714e-02j,
            9.94650646e-01-1.90167287e-02j,
           -2.19751398e-03-6.64005176e-02j],
          [ 1.60020262e-05+5.45202212e-05j,
           -2.50803721e-03+4.99869012e-04j,
           -1.05387473e-02-6.55956752e-02j,
            9.82860397e-01-1.71944871e-01j]],
         input_dims=(2, 2), output_dims=(2, 2))"
"Operator([[ 9.82860397e-01-1.71944871e-01j,
           -1.02591501e-02-6.56399851e-02j,
           -2.51220596e-03+4.78477685e-04j,
            1.53038077e-05+5.47203146e-05j],
          [-2.48042501e-03-6.63905512e-02j,
            9.94650646e-01-1.90167287e-02j,
           -5.98083614e-03-7.65002500e-02j,
           -2.51220596e-03+4.78477685e-04j],
          [-2.55451937e-03-1.20625318e-04j,
            3.04355316e-03-7.66733033e-02j,
            9.94650646e-01-1.90167287e-02j,
           -1.02591501e-02-6.56399851e-02j],
          [-4.56243882e-06+5.66365917e-05j,
           -2.55451937e-03-1.20625318e-04j,
           -2.48042501e-03-6.63905512e-02j,
            9.82860397e-01-1.71944871e-01j]],
         input_dims=(2, 2), output_dims=(2, 2))"
"Operator([[ 9.82860397e-01-1.71944871e-01j,
           -1.74189541e-02-6.41126964e-02j,
           -2.34673157e-03+1.01635161e-03j,
            3.22447408e-05+4.67845707e-05j],
          [ 4.83930596e-03-6.62603873e-02j,
            9.94650646e-01-1.90167287e-02j,
           -1.43615240e-02-7.53777506e-02j,
           -2.34673157e-03+1.01635161e-03j],
          [-2.46628839e-03-6.76417932e-04j,
            1.14611143e-02-7.58729301e-02j,
            9.94650646e-01-1.90167287e-02j,
           -1.74189541e-02-6.41126964e-02j],
          [-2.27078638e-05+5.20852406e-05j,
           -2.46628839e-03-6.76417932e-04j,
            4.83930596e-03-6.62603873e-02j,
            9.82860397e-01-1.71944871e-01j]],
         input_dims=(2, 2), output_dims=(2, 2))"
"Operator([[ 9.82860397e-01-1.71944871e-01j,
           -2.47215295e-02-6.16660667e-02j,
           -2.05021305e-03+1.52864191e-03j,
            4.62650510e-05+3.29858215e-05j],
          [ 1.24749516e-02-6.52551407e-02j,
            9.94650646e-01-1.90167287e-02j,
           -2.29883210e-02-7.32092600e-02j,
           -2.05021305e-03+1.52864191e-03j],
          [-2.24471828e-03-1.22529976e-03j,
            2.01647052e-02-7.40367701e-02j,
            9.94650646e-01-1.90167287e-02j,
           -2.47215295e-02-6.16660667e-02j],
          [-3.91071654e-05+4.12207348e-05j,
           -2.24471828e-03-1.22529976e-03j,
            1.24749516e-02-6.52551407e-02j,
            9.82860397e-01-1.71944871e-01j]],
         input_dims=(2, 2), output_dims=(2, 2))"
"Operator([[ 9.82860397e-01-1.71944871e-01j,
           -3.51713867e-02-5.63633867e-02j,
           -1.39484495e-03+2.14348483e-03j,
            5.65924058e-05+5.08123658e-06j],
          [ 2.37458899e-02-6.20482918e-02j,
            9.94650646e-01-1.90167287e-02j,
           -3.54932180e-02-6.80315378e-02j,
           -1.39484495e-03+2.14348483e-03j],
          [-1.68227517e-03-1.92615418e-03j,
            3.28589137e-02-6.93422703e-02j,
            9.94650646e-01-1.90167287e-02j,
           -3.51713867e-02-5.63633867e-02j],
          [-5.45777807e-05+1.58045947e-05j,
           -1.68227517e-03-1.92615418e-03j,
            2.37458899e-02-6.20482918e-02j,
            9.82860397e-01-1.71944871e-01j]],
         input_dims=(2, 2), output_dims=(2, 2))"
"Operator([[ 9.82860397e-01-1.71944871e-01j,
           -5.70620150e-02-3.40262287e-02j,
            9.33195469e-04+2.38102202e-03j,
            1.32139566e-05-5.52621997e-05j],
          [ 4.95035087e-02-4.43086947e-02j,
            9.94650646e-01-1.90167287e-02j,
           -6.26866793e-02-4.42542528e-02j,
            9.33195469e-04+2.38102202e-03j],
          [ 5.89267601e-04-2.48855045e-03j,
            6.09439625e-02-4.66250158e-02j,
            9.94650646e-01-1.90167287e-02j,
           -5.70620150e-02-3.40262287e-02j],
          [-2.35331160e-05-5.17176161e-05j,
            5.89267601e-04-2.48855045e-03j,
            4.95035087e-02-4.43086947e-02j,
            9.82860397e-01-1.71944871e-01j]],
         input_dims=(2, 2), output_dims=(2, 2))"
"Operator([[ 9.82860397e-01-1.71944871e-01j,
           -5.79794768e-02+3.24382193e-02j,
            1.59307065e-03-2.00056132e-03j,
           -1.31162203e-05+5.52854785e-05j],
          [ 6.31119879e-02+2.07541510e-02j,
            9.94650646e-01-1.90167287e-02j,
           -6.96496788e-02+3.22021879e-02j,
            1.59307065e-03-2.00056132e-03j],
          [ 1.85844448e-03+1.75678792e-03j,
            7.08330493e-02+2.95082664e-02j,
            9.94650646e-01-1.90167287e-02j,
           -5.79794768e-02+3.24382193e-02j],
          [ 2.34416312e-05+5.17591469e-05j,
            1.85844448e-03+1.75678792e-03j,
            6.31119879e-02+2.07541510e-02j,
            9.82860397e-01-1.71944871e-01j]],
         input_dims=(2, 2), output_dims=(2, 2))"
"Operator([[ 9.82860397e-01-1.71944871e-01j,
            6.38083307e-03+6.61297420e-02j,
           -2.55101107e-03+1.80172654e-04j,
           -5.45548173e-06-5.65575555e-05j],
          [ 6.38083307e-03+6.61297420e-02j,
            9.94650646e-01-1.90167287e-02j,
            1.47118819e-03+7.67195820e-02j,
           -2.55101107e-03+1.80172654e-04j],
          [-2.55101107e-03+1.80172654e-04j,
            1.47118819e-03+7.67195820e-02j,
            9.94650646e-01-1.90167287e-02j,
            6.38083307e-03+6.61297420e-02j],
          [-5.45548173e-06-5.65575555e-05j,
           -2.55101107e-03+1.80172654e-04j,
            6.38083307e-03+6.61297420e-02j,
            9.82860397e-01-1.71944871e-01j]],
         input_dims=(2, 2), output_dims=(2, 2))"
"Operator([[ 9.82860397e-01-1.71944871e-01j,
           -3.45210345e-02+5.67640377e-02j,
           -8.91655207e-04-2.39688770e-03j,
            5.48987962e-05+1.46506499e-05j],
          [ 4.47373989e-02+4.91164223e-02j,
            9.94650646e-01-1.90167287e-02j,
           -4.47975724e-02+6.22995680e-02j,
           -8.91655207e-04-2.39688770e-03j],
          [-5.45909716e-04+2.49841995e-03j,
            4.71530947e-02+6.05363058e-02j,
            9.94650646e-01-1.90167287e-02j,
           -3.45210345e-02+5.67640377e-02j],
          [-5.10863039e-05+2.48738601e-05j,
           -5.45909716e-04+2.49841995e-03j,
            4.47373989e-02+4.91164223e-02j,
            9.82860397e-01-1.71944871e-01j]],
         input_dims=(2, 2), output_dims=(2, 2))"
"Operator([[ 9.82860397e-01-1.71944871e-01j,
            6.38083307e-03+6.61297420e-02j,
           -2.55101107e-03+1.80172654e-04j,
           -5.45548173e-06-5.65575555e-05j],
          [ 6.38083307e-03+6.61297420e-02j,
            9.94650646e-01-1.90167287e-02j,
            1.47118819e-03+7.67195820e-02j,
           -2.55101107e-03+1.80172654e-04j],
          [-2.55101107e-03+1.80172654e-04j,
            1.47118819e-03+7.67195820e-02j,
            9.94650646e-01-1.90167287e-02j,
            6.38083307e-03+6.61297420e-02j],
          [-5.45548173e-06-5.65575555e-05j,
           -2.55101107e-03+1.80172654e-04j,
            6.38083307e-03+6.61297420e-02j,
            9.82860397e-01-1.71944871e-01j]],
         input_dims=(2, 2), output_dims=(2, 2))"
"Operator([[ 9.82860397e-01-1.71944871e-01j,
            6.38083307e-03+6.61297420e-02j,
           -2.55101107e-03+1.80172654e-04j,
           -5.45548173e-06-5.65575555e-05j],
          [ 6.38083307e-03+6.61297420e-02j,
            9.94650646e-01-1.90167287e-02j,
            1.47118819e-03+7.67195820e-02j,
           -2.55101107e-03+1.80172654e-04j],
          [-2.55101107e-03+1.80172654e-04j,
            1.47118819e-03+7.67195820e-02j,
            9.94650646e-01-1.90167287e-02j,
            6.38083307e-03+6.61297420e-02j],
          [-5.45548173e-06-5.65575555e-05j,
           -2.55101107e-03+1.80172654e-04j,
            6.38083307e-03+6.61297420e-02j,
            9.82860397e-01-1.71944871e-01j]],
         input_dims=(2, 2), output_dims=(2, 2))"
"Operator([[ 9.82860397e-01-1.71944871e-01j,
            6.38083307e-03+6.61297420e-02j,
           -2.55101107e-03+1.80172654e-04j,
           -5.45548173e-06-5.65575555e-05j],
          [ 6.38083307e-03+6.61297420e-02j,
            9.94650646e-01-1.90167287e-02j,
            1.47118819e-03+7.67195820e-02j,
           -2.55101107e-03+1.80172654e-04j],
          [-2.55101107e-03+1.80172654e-04j,
            1.47118819e-03+7.67195820e-02j,
            9.94650646e-01-1.90167287e-02j,
            6.38083307e-03+6.61297420e-02j],
          [-5.45548173e-06-5.65575555e-05j,
           -2.55101107e-03+1.80172654e-04j,
            6.38083307e-03+6.61297420e-02j,
            9.82860397e-01-1.71944871e-01j]],
         input_dims=(2, 2), output_dims=(2, 2))"
