unitary
"Operator([[ 9.32123565e-01-3.37152602e-01j,
           -1.05860443e-02+1.31369904e-01j,
           -9.34857410e-03-4.00808345e-03j,
            2.65523131e-04-3.66712334e-04j],
          [ 5.91748423e-02+1.17764400e-01j,
            9.78758589e-01-3.67612587e-02j,
           -3.54730560e-02+1.48149654e-01j,
           -9.34857410e-03-4.00808345e-03j],
          [-7.86382786e-03+6.45141706e-03j,
            4.66206030e-02+1.45028194e-01j,
            9.78758589e-01-3.67612587e-02j,
           -1.05860443e-02+1.31369904e-01j],
          [-3.83745404e-04-2.40249733e-04j,
           -7.86382786e-03+6.45141706e-03j,
            5.91748423e-02+1.17764400e-01j,
            9.32123565e-01-3.37152602e-01j]],
         input_dims=(2, 2), output_dims=(2, 2))"
"Operator([[ 9.32123565e-01-0.3371526j ,  2.52288575e-02+0.1293585j ,
           -1.00705999e-02+0.00142954j, -8.65582110e-05-0.0004444j ],
          [ 2.52288575e-02+0.1293585j ,  9.78758589e-01-0.03676126j,
            5.78816283e-03+0.15222731j, -1.00705999e-02+0.00142954j],
          [-1.00705999e-02+0.00142954j,  5.78816283e-03+0.15222731j,
            9.78758589e-01-0.03676126j,  2.52288575e-02+0.1293585j ],
          [-8.65582110e-05-0.0004444j , -1.00705999e-02+0.00142954j,
            2.52288575e-02+0.1293585j ,  9.32123565e-01-0.3371526j ]],
         input_dims=(2, 2), output_dims=(2, 2))"
"Operator([[ 9.32123565e-01-3.37152602e-01j,
            5.16218015e-02+1.21265434e-01j,
           -8.61412611e-03+5.40901119e-03j,
           -3.31611423e-04-3.08243951e-04j],
          [-2.27096090e-03+1.31776169e-01j,
            9.78758589e-01-3.67612587e-02j,
            3.73713233e-02+1.47682233e-01j,
           -8.61412611e-03+5.40901119e-03j],
          [-9.77913459e-03-2.79805240e-03j,
           -2.60489438e-02+1.50093671e-01j,
            9.78758589e-01-3.67612587e-02j,
            5.16218015e-02+1.21265434e-01j],
          [ 1.91681018e-04-4.10169302e-04j,
           -9.77913459e-03-2.79805240e-03j,
           -2.27096090e-03+1.31776169e-01j,
            9.32123565e-01-3.37152602e-01j]],
         input_dims=(2, 2), output_dims=(2, 2))"
"Operator([[ 9.32123565e-01-0.3371526j ,  2.52288575e-02+0.1293585j ,
           -1.00705999e-02+0.00142954j, -8.65582110e-05-0.0004444j ],
          [ 2.52288575e-02+0.1293585j ,  9.78758589e-01-0.03676126j,
            5.78816283e-03+0.15222731j, -1.00705999e-02+0.00142954j],
          [-1.00705999e-02+0.00142954j,  5.78816283e-03+0.15222731j,
            9.78758589e-01-0.03676126j,  2.52288575e-02+0.1293585j ],
          [-8.65582110e-05-0.0004444j , -1.00705999e-02+0.00142954j,
            2.52288575e-02+0.1293585j ,  9.32123565e-01-0.3371526j ]],
         input_dims=(2, 2), output_dims=(2, 2))"
"Operator([[ 9.32123565e-01-0.3371526j ,  2.52288575e-02+0.1293585j ,
           -1.00705999e-02+0.00142954j, -8.65582110e-05-0.0004444j ],
          [ 2.52288575e-02+0.1293585j ,  9.78758589e-01-0.03676126j,
            5.78816283e-03+0.15222731j, -1.00705999e-02+0.00142954j],
          [-1.00705999e-02+0.00142954j,  5.78816283e-03+0.15222731j,
            9.78758589e-01-0.03676126j,  2.52288575e-02+0.1293585j ],
          [-8.65582110e-05-0.0004444j , -1.00705999e-02+0.00142954j,
            2.52288575e-02+0.1293585j ,  9.32123565e-01-0.3371526j ]],
         input_dims=(2, 2), output_dims=(2, 2))"
"Operator([[ 9.32123565e-01-0.3371526j ,  2.52288575e-02+0.1293585j ,
           -1.00705999e-02+0.00142954j, -8.65582110e-05-0.0004444j ],
          [ 2.52288575e-02+0.1293585j ,  9.78758589e-01-0.03676126j,
            5.78816283e-03+0.15222731j, -1.00705999e-02+0.00142954j],
          [-1.00705999e-02+0.00142954j,  5.78816283e-03+0.15222731j,
            9.78758589e-01-0.03676126j,  2.52288575e-02+0.1293585j ],
          [-8.65582110e-05-0.0004444j , -1.00705999e-02+0.00142954j,
            2.52288575e-02+0.1293585j ,  9.32123565e-01-0.3371526j ]],
         input_dims=(2, 2), output_dims=(2, 2))"
"Operator([[ 9.32123565e-01-0.3371526j ,  2.52288575e-02+0.1293585j ,
           -1.00705999e-02+0.00142954j, -8.65582110e-05-0.0004444j ],
          [ 2.52288575e-02+0.1293585j ,  9.78758589e-01-0.03676126j,
            5.78816283e-03+0.15222731j, -1.00705999e-02+0.00142954j],
          [-1.00705999e-02+0.00142954j,  5.78816283e-03+0.15222731j,
            9.78758589e-01-0.03676126j,  2.52288575e-02+0.1293585j ],
          [-8.65582110e-05-0.0004444j , -1.00705999e-02+0.00142954j,
            2.52288575e-02+0.1293585j ,  9.32123565e-01-0.3371526j ]],
         input_dims=(2, 2), output_dims=(2, 2))"
"Operator([[ 9.32123565e-01-3.37152602e-01j,
           -1.29889957e-01+2.23319265e-02j,
            1.01244154e-02-9.78152648e-04j,
           -4.49196819e-04+5.65922825e-05j],
          [ 1.28762434e-01-2.81131893e-02j,
            9.78758589e-01-3.67612587e-02j,
           -1.52318644e-01+2.38506194e-03j,
            1.01244154e-02-9.78152648e-04j],
          [ 9.99666985e-03-1.87807416e-03j,
            1.52059960e-01-9.18837311e-03j,
            9.78758589e-01-3.67612587e-02j,
           -1.29889957e-01+2.23319265e-02j],
          [ 4.37599222e-04-1.16135223e-04j,
            9.99666985e-03-1.87807416e-03j,
            1.28762434e-01-2.81131893e-02j,
            9.32123565e-01-3.37152602e-01j]],
         input_dims=(2, 2), output_dims=(2, 2))"
"Operator([[ 9.32123565e-01-3.37152602e-01j,
            8.21068121e-02+1.03095040e-01j,
           -4.60569851e-03+9.06907448e-03j,
           -4.51894698e-04+2.77786051e-05j],
          [-3.73496927e-02+1.26392707e-01j,
            9.78758589e-01-3.67612587e-02j,
            7.54216217e-02+1.32356476e-01j,
           -4.60569851e-03+9.06907448e-03j],
          [-6.94763988e-03-7.42905584e-03j,
           -6.51531625e-02+1.37701573e-01j,
            9.78758589e-01-3.67612587e-02j,
            8.21068121e-02+1.03095040e-01j],
          [ 4.29285663e-04-1.43855095e-04j,
           -6.94763988e-03-7.42905584e-03j,
           -3.73496927e-02+1.26392707e-01j,
            9.32123565e-01-3.37152602e-01j]],
         input_dims=(2, 2), output_dims=(2, 2))"
"Operator([[ 9.32123565e-01-0.3371526j ,  1.26934757e-01+0.03546383j,
            7.16574133e-03+0.00721891j,  1.62879423e-04+0.00042243j],
          [-1.04306011e-01+0.08056285j,  9.78758589e-01-0.03676126j,
            1.38656304e-01+0.06309586j,  7.16574133e-03+0.00721891j],
          [ 4.87366554e-03-0.00892793j, -1.33464675e-01+0.07344275j,
            9.78758589e-01-0.03676126j,  1.26934757e-01+0.03546383j],
          [ 7.57359820e-06+0.00045268j,  4.87366554e-03-0.00892793j,
           -1.04306011e-01+0.08056285j,  9.32123565e-01-0.3371526j ]],
         input_dims=(2, 2), output_dims=(2, 2))"
"Operator([[ 9.32123565e-01-0.3371526j ,  1.28474225e-01+0.0294022j ,
            7.81763883e-03+0.00650731j,  2.21171117e-04+0.00039505j],
          [-1.08010426e-01+0.07552393j,  9.78758589e-01-0.03676126j,
            1.41493421e-01+0.05644705j,  7.81763883e-03+0.00650731j],
          [ 5.69784648e-03-0.00842586j, -1.36798488e-01+0.06702859j,
            9.78758589e-01-0.03676126j,  1.28474225e-01+0.0294022j ],
          [-5.67348981e-05+0.00044918j,  5.69784648e-03-0.00842586j,
           -1.08010426e-01+0.07552393j,  9.32123565e-01-0.3371526j ]],
         input_dims=(2, 2), output_dims=(2, 2))"
"Operator([[ 9.32123565e-01-0.3371526j ,  1.29113224e-01+0.02645546j,
            8.10710810e-03+0.00614291j,  2.47743539e-04+0.00037895j],
          [-1.09709887e-01+0.07303326j,  9.78758589e-01-0.03676126j,
            1.42747706e-01+0.0531954j ,  8.10710810e-03+0.00614291j],
          [ 6.07729110e-03-0.00815641j, -1.38296071e-01+0.06388157j,
            9.78758589e-01-0.03676126j,  1.29113224e-01+0.02645546j],
          [-8.74067977e-05+0.00044423j,  6.07729110e-03-0.00815641j,
           -1.09709887e-01+0.07303326j,  9.32123565e-01-0.3371526j ]],
         input_dims=(2, 2), output_dims=(2, 2))"
"Operator([[ 9.32123565e-01-0.3371526j ,  1.29171765e-01+0.02616813j,
            8.13436216e-03+0.00610678j,  2.50267354e-04+0.00037729j],
          [-1.09872105e-01+0.07278899j,  9.78758589e-01-0.03676126j,
            1.42865706e-01+0.05287767j,  8.13436216e-03+0.00610678j],
          [ 6.11352480e-03-0.00812929j, -1.38437857e-01+0.06357372j,
            9.78758589e-01-0.03676126j,  1.29171765e-01+0.02616813j],
          [-9.03698975e-05+0.00044364j,  6.11352480e-03-0.00812929j,
           -1.09872105e-01+0.07278899j,  9.32123565e-01-0.3371526j ]],
         input_dims=(2, 2), output_dims=(2, 2))"
