unitary
"Operator([[ 9.71100551e-01-2.22516375e-01j,
           -8.61431457e-02+3.30064052e-03j,
            4.30183992e-03+3.53156588e-04j,
           -1.23578482e-04-1.68283320e-05j],
          [ 8.42787287e-02-1.81282009e-02j,
            9.90974800e-01-2.45305156e-02j,
           -9.93935117e-02-6.16149178e-03j,
            4.30183992e-03+3.53156588e-04j],
          [ 4.16537389e-03-1.13146218e-03j,
            9.89641306e-02-1.10966209e-02j,
            9.90974800e-01-2.45305156e-02j,
           -8.61431457e-02+3.30064052e-03j],
          [ 1.15571767e-04-4.68828407e-05j,
            4.16537389e-03-1.13146218e-03j,
            8.42787287e-02-1.81282009e-02j,
            9.71100551e-01-2.22516375e-01j]],
         input_dims=(2, 2), output_dims=(2, 2))"
"Operator([[ 9.71100551e-01-2.22516375e-01j,
           -8.42938511e-02+1.80577534e-02j,
            4.16725945e-03-1.12449767e-03j,
           -1.15688959e-04+4.65929048e-05j],
          [ 8.61403569e-02-3.37263883e-03j,
            9.90974800e-01-2.45305156e-02j,
           -9.89733707e-02+1.10139017e-02j,
            4.16725945e-03-1.12449767e-03j],
          [ 4.30242426e-03+3.45965039e-04j,
            9.93986268e-02+6.07841536e-03j,
            9.90974800e-01-2.45305156e-02j,
           -8.42938511e-02+1.80577534e-02j],
          [ 1.23620290e-04+1.65184143e-05j,
            4.30242426e-03+3.45965039e-04j,
            8.61403569e-02-3.37263883e-03j,
            9.71100551e-01-2.22516375e-01j]],
         input_dims=(2, 2), output_dims=(2, 2))"
"Operator([[ 9.71100551e-01-2.22516375e-01j,
           -8.08675480e-02+2.98659582e-02j,
            3.68188586e-03-2.25261245e-03j,
           -8.58932757e-05+9.04277572e-05j],
          [ 8.57440186e-02+8.91622480e-03j,
            9.90974800e-01-2.45305156e-02j,
           -9.63998388e-02+2.49820981e-02j,
            3.68188586e-03-2.25261245e-03j],
          [ 4.03083886e-03+1.54365943e-03j,
            9.75229052e-02+2.01573091e-02j,
            9.90974800e-01-2.45305156e-02j,
           -8.08675480e-02+2.98659582e-02j],
          [ 1.05597460e-04+6.63627186e-05j,
            4.03083886e-03+1.54365943e-03j,
            8.57440186e-02+8.91622480e-03j,
            9.71100551e-01-2.22516375e-01j]],
         input_dims=(2, 2), output_dims=(2, 2))"
"Operator([[ 9.71100551e-01-2.22516375e-01j,
            1.07548977e-02+8.55328473e-02j,
           -4.29819156e-03+3.95089414e-04j,
           -1.55513744e-05-1.23745662e-04j],
          [ 1.07548977e-02+8.55328473e-02j,
            9.90974800e-01-2.45305156e-02j,
            2.47688655e-03+9.95534991e-02j,
           -4.29819156e-03+3.95089414e-04j],
          [-4.29819156e-03+3.95089414e-04j,
            2.47688655e-03+9.95534991e-02j,
            9.90974800e-01-2.45305156e-02j,
            1.07548977e-02+8.55328473e-02j],
          [-1.55513744e-05-1.23745662e-04j,
           -4.29819156e-03+3.95089414e-04j,
            1.07548977e-02+8.55328473e-02j,
            9.71100551e-01-2.22516375e-01j]],
         input_dims=(2, 2), output_dims=(2, 2))"
"Operator([[ 9.71100551e-01-2.22516375e-01j,
            1.07548977e-02+8.55328473e-02j,
           -4.29819156e-03+3.95089414e-04j,
           -1.55513744e-05-1.23745662e-04j],
          [ 1.07548977e-02+8.55328473e-02j,
            9.90974800e-01-2.45305156e-02j,
            2.47688655e-03+9.95534991e-02j,
           -4.29819156e-03+3.95089414e-04j],
          [-4.29819156e-03+3.95089414e-04j,
            2.47688655e-03+9.95534991e-02j,
            9.90974800e-01-2.45305156e-02j,
            1.07548977e-02+8.55328473e-02j],
          [-1.55513744e-05-1.23745662e-04j,
           -4.29819156e-03+3.95089414e-04j,
            1.07548977e-02+8.55328473e-02j,
            9.71100551e-01-2.22516375e-01j]],
         input_dims=(2, 2), output_dims=(2, 2))"
"Operator([[ 9.71100551e-01-2.22516375e-01j,
           -6.89756739e-02+5.17096916e-02j,
            1.84905718e-03-3.90019664e-03j,
            1.35499733e-05+1.23980774e-04j],
          [ 7.96300867e-02+3.30240077e-02j,
            9.90974800e-01-2.45305156e-02j,
           -8.52558295e-02+5.14633625e-02j,
            1.84905718e-03-3.90019664e-03j],
          [ 2.52907665e-03+3.49775894e-03j,
            8.77095740e-02+4.71599911e-02j,
            9.90974800e-01-2.45305156e-02j,
           -6.89756739e-02+5.17096916e-02j],
          [ 1.75487155e-05+1.23478244e-04j,
            2.52907665e-03+3.49775894e-03j,
            7.96300867e-02+3.30240077e-02j,
            9.71100551e-01-2.22516375e-01j]],
         input_dims=(2, 2), output_dims=(2, 2))"
"Operator([[ 9.71100551e-01-2.22516375e-01j,
            1.07548977e-02+8.55328473e-02j,
           -4.29819156e-03+3.95089414e-04j,
           -1.55513744e-05-1.23745662e-04j],
          [ 1.07548977e-02+8.55328473e-02j,
            9.90974800e-01-2.45305156e-02j,
            2.47688655e-03+9.95534991e-02j,
           -4.29819156e-03+3.95089414e-04j],
          [-4.29819156e-03+3.95089414e-04j,
            2.47688655e-03+9.95534991e-02j,
            9.90974800e-01-2.45305156e-02j,
            1.07548977e-02+8.55328473e-02j],
          [-1.55513744e-05-1.23745662e-04j,
           -4.29819156e-03+3.95089414e-04j,
            1.07548977e-02+8.55328473e-02j,
            9.71100551e-01-2.22516375e-01j]],
         input_dims=(2, 2), output_dims=(2, 2))"
"Operator([[ 9.71100551e-01-2.22516375e-01j,
           -6.71780753e-02+5.40244573e-02j,
            1.57978316e-03-4.01681858e-03j,
            2.61032878e-05+1.21956765e-04j],
          [ 7.84615022e-02+3.57117411e-02j,
            9.90974800e-01-2.45305156e-02j,
           -8.34571958e-02+5.43316722e-02j,
            1.57978316e-03-4.01681858e-03j],
          [ 2.28557497e-03+3.66151518e-03j,
            8.60558043e-02+5.01141965e-02j,
            9.90974800e-01-2.45305156e-02j,
           -6.71780753e-02+5.40244573e-02j],
          [ 4.88494346e-06+1.24623318e-04j,
            2.28557497e-03+3.66151518e-03j,
            7.84615022e-02+3.57117411e-02j,
            9.71100551e-01-2.22516375e-01j]],
         input_dims=(2, 2), output_dims=(2, 2))"
"Operator([[ 9.71100551e-01-2.22516375e-01j,
           -7.03913157e-02+4.97654344e-02j,
            2.06369315e-03-3.79100473e-03j,
            3.13766532e-06+1.24679546e-04j],
          [ 8.05203296e-02+3.07898086e-02j,
            9.90974800e-01-2.45305156e-02j,
           -8.66582641e-02+4.90650528e-02j,
            2.06369315e-03-3.79100473e-03j],
          [ 2.72021034e-03+3.35126872e-03j,
            8.89910077e-02+4.46949068e-02j,
            9.90974800e-01-2.45305156e-02j,
           -7.03913157e-02+4.97654344e-02j],
          [ 2.78101456e-05+1.21578904e-04j,
            2.72021034e-03+3.35126872e-03j,
            8.05203296e-02+3.07898086e-02j,
            9.71100551e-01-2.22516375e-01j]],
         input_dims=(2, 2), output_dims=(2, 2))"
"Operator([[ 9.71100551e-01-2.22516375e-01j,
           -7.56816024e-02+4.12774859e-02j,
            2.88059269e-03-3.21445673e-03j,
           -3.95984821e-05+1.18265778e-04j],
          [ 8.35446097e-02+2.12563867e-02j,
            9.90974800e-01-2.45305156e-02j,
           -9.17579489e-02+3.86977126e-02j,
            2.88059269e-03-3.21445673e-03j],
          [ 3.41831669e-03+2.63546150e-03j,
            9.35688240e-02+3.40867909e-02j,
            9.90974800e-01-2.45305156e-02j,
           -7.56816024e-02+4.12774859e-02j],
          [ 6.76303783e-05+1.04790105e-04j,
            3.41831669e-03+2.63546150e-03j,
            8.35446097e-02+2.12563867e-02j,
            9.71100551e-01-2.22516375e-01j]],
         input_dims=(2, 2), output_dims=(2, 2))"
