unitary
"Operator([[ 9.54987403e-01-2.76408553e-01j,
           -1.06801318e-01+1.20611173e-02j,
            6.72972624e-03-1.79431420e-04j,
           -2.43211163e-04+5.93664557e-06j],
          [ 1.05329781e-01-2.13922705e-02j,
            9.85930789e-01-3.03350869e-02j,
           -1.24178748e-01-1.60870332e-03j,
            6.72972624e-03-1.79431420e-04j],
          [ 6.59456819e-03-1.35391333e-03j,
            1.23840378e-01-9.30108062e-03j,
            9.85930789e-01-3.03350869e-02j,
           -1.06801318e-01+1.20611173e-02j],
          [ 2.33252596e-04-6.91385583e-05j,
            6.59456819e-03-1.35391333e-03j,
            1.05329781e-01-2.13922705e-02j,
            9.54987403e-01-2.76408553e-01j]],
         input_dims=(2, 2), output_dims=(2, 2))"
"Operator([[ 9.54987403e-01-2.76408553e-01j,
           -1.02206492e-01+3.32539483e-02j,
            6.11683762e-03-2.81170916e-03j,
           -1.96477140e-04+1.43470022e-04j],
          [ 1.07480033e-01+1.86073530e-04j,
            9.85930789e-01-3.03350869e-02j,
           -1.21974183e-01+2.33505433e-02j,
            6.11683762e-03-2.81170916e-03j],
          [ 6.59562129e-03+1.34877375e-03j,
            1.23186798e-01+1.57468121e-02j,
            9.85930789e-01-3.03350869e-02j,
           -1.02206492e-01+3.32539483e-02j],
          [ 2.31074519e-04+7.61017758e-05j,
            6.59562129e-03+1.34877375e-03j,
            1.07480033e-01+1.86073530e-04j,
            9.54987403e-01-2.76408553e-01j]],
         input_dims=(2, 2), output_dims=(2, 2))"
"Operator([[ 9.54987403e-01-2.76408553e-01j,
           -9.61571717e-02+4.80186465e-02j,
            5.02536535e-03-4.47963324e-03j,
           -1.15419083e-04+2.14161969e-04j],
          [ 1.06268127e-01+1.60958778e-02j,
            9.85930789e-01-3.03350869e-02j,
           -1.17173183e-01+4.11508734e-02j,
            5.02536535e-03-4.47963324e-03j],
          [ 5.91154846e-03+3.22102555e-03j,
            1.19498128e-01+3.38104514e-02j,
            9.85930789e-01-3.03350869e-02j,
           -9.61571717e-02+4.80186465e-02j],
          [ 1.75681706e-04+1.68293945e-04j,
            5.91154846e-03+3.22102555e-03j,
            1.06268127e-01+1.60958778e-02j,
            9.54987403e-01-2.76408553e-01j]],
         input_dims=(2, 2), output_dims=(2, 2))"
"Operator([[ 9.54987403e-01-2.76408553e-01j,
            1.67428684e-02+1.06168114e-01j,
           -6.68797857e-03+7.69645017e-04j,
           -3.78664076e-05-2.40318640e-04j],
          [ 1.67428684e-02+1.06168114e-01j,
            9.85930789e-01-3.03350869e-02j,
            3.84990788e-03+1.24129479e-01j,
           -6.68797857e-03+7.69645017e-04j],
          [-6.68797857e-03+7.69645017e-04j,
            3.84990788e-03+1.24129479e-01j,
            9.85930789e-01-3.03350869e-02j,
            1.67428684e-02+1.06168114e-01j],
          [-3.78664076e-05-2.40318640e-04j,
           -6.68797857e-03+7.69645017e-04j,
            1.67428684e-02+1.06168114e-01j,
            9.54987403e-01-2.76408553e-01j]],
         input_dims=(2, 2), output_dims=(2, 2))"
"Operator([[ 9.54987403e-01-2.76408553e-01j,
            1.67428684e-02+1.06168114e-01j,
           -6.68797857e-03+7.69645017e-04j,
           -3.78664076e-05-2.40318640e-04j],
          [ 1.67428684e-02+1.06168114e-01j,
            9.85930789e-01-3.03350869e-02j,
            3.84990788e-03+1.24129479e-01j,
           -6.68797857e-03+7.69645017e-04j],
          [-6.68797857e-03+7.69645017e-04j,
            3.84990788e-03+1.24129479e-01j,
            9.85930789e-01-3.03350869e-02j,
            1.67428684e-02+1.06168114e-01j],
          [-3.78664076e-05-2.40318640e-04j,
           -6.68797857e-03+7.69645017e-04j,
            1.67428684e-02+1.06168114e-01j,
            9.54987403e-01-2.76408553e-01j]],
         input_dims=(2, 2), output_dims=(2, 2))"
"Operator([[ 9.54987403e-01-2.76408553e-01j,
           -8.75188848e-02+6.23893972e-02j,
            3.40579645e-03-5.80706134e-03j,
           -6.28179121e-06+2.43202493e-04j],
          [ 1.02471666e-01+3.24276066e-02j,
            9.85930789e-01-3.03350869e-02j,
           -1.09347291e-01+5.88737565e-02j,
            3.40579645e-03-5.80706134e-03j],
          [ 4.63583999e-03+4.88163891e-03j,
            1.12785581e-01+5.19842480e-02j,
            9.85930789e-01-3.03350869e-02j,
           -8.75188848e-02+6.23893972e-02j],
          [ 8.07623203e-05+2.29487170e-04j,
            4.63583999e-03+4.88163891e-03j,
            1.02471666e-01+3.24276066e-02j,
            9.54987403e-01-2.76408553e-01j]],
         input_dims=(2, 2), output_dims=(2, 2))"
"Operator([[ 9.54987403e-01-2.76408553e-01j,
            1.67428684e-02+1.06168114e-01j,
           -6.68797857e-03+7.69645017e-04j,
           -3.78664076e-05-2.40318640e-04j],
          [ 1.67428684e-02+1.06168114e-01j,
            9.85930789e-01-3.03350869e-02j,
            3.84990788e-03+1.24129479e-01j,
           -6.68797857e-03+7.69645017e-04j],
          [-6.68797857e-03+7.69645017e-04j,
            3.84990788e-03+1.24129479e-01j,
            9.85930789e-01-3.03350869e-02j,
            1.67428684e-02+1.06168114e-01j],
          [-3.78664076e-05-2.40318640e-04j,
           -6.68797857e-03+7.69645017e-04j,
            1.67428684e-02+1.06168114e-01j,
            9.54987403e-01-2.76408553e-01j]],
         input_dims=(2, 2), output_dims=(2, 2))"
"Operator([[ 9.54987403e-01-2.76408553e-01j,
           -9.84783023e-02+4.30582867e-02j,
            5.45505909e-03-3.94509077e-03j,
           -1.46686443e-04+1.94087612e-04j],
          [ 1.06950060e-01+1.06619304e-02j,
            9.85930789e-01-3.03350869e-02j,
           -1.19117203e-01+3.51289221e-02j,
            5.45505909e-03-3.94509077e-03j],
          [ 6.20858887e-03+2.60285134e-03j,
            1.21065226e-01+2.76796020e-02j,
            9.85930789e-01-3.03350869e-02j,
           -9.84783023e-02+4.30582867e-02j],
          [ 1.99261221e-04+1.39577503e-04j,
            6.20858887e-03+2.60285134e-03j,
            1.06950060e-01+1.06619304e-02j,
            9.54987403e-01-2.76408553e-01j]],
         input_dims=(2, 2), output_dims=(2, 2))"
