unitary
"Operator([[ 8.86340847e-01-0.43033515j, -3.21673723e-02-0.1669833j ,
           -1.70668152e-02+0.00106923j,  6.83640759e-05+0.00098867j],
          [-5.20443227e-02-0.16189364j,  9.64342661e-01-0.04628868j,
            2.23662097e-03-0.19668504j, -1.70668152e-02+0.00106923j],
          [-1.63160224e-02+0.00511926j, -2.14679726e-02-0.19552272j,
            9.64342661e-01-0.04628868j, -3.21673723e-02-0.1669833j ],
          [ 4.14241062e-04+0.00090031j, -1.63160224e-02+0.00511926j,
           -5.20443227e-02-0.16189364j,  8.86340847e-01-0.43033515j]],
         input_dims=(2, 2), output_dims=(2, 2))"
"Operator([[ 8.86340847e-01-0.43033515j, -8.36433621e-02-0.14806063j,
           -1.29635697e-02+0.01115192j,  8.55077742e-04+0.00050099j],
          [ 2.19121281e-03-0.17003929j,  9.64342661e-01-0.04628868j,
           -6.04823159e-02-0.1871681j , -1.29635697e-02+0.01115192j],
          [-1.60994737e-02-0.00576423j,  4.18811592e-02-0.19218735j,
            9.64342661e-01-0.04628868j, -8.36433621e-02-0.14806063j],
          [-5.09986466e-04+0.00084974j, -1.60994737e-02-0.00576423j,
            2.19121281e-03-0.17003929j,  8.86340847e-01-0.43033515j]],
         input_dims=(2, 2), output_dims=(2, 2))"
"Operator([[ 8.86340847e-01-0.43033515j, -1.50806412e-01-0.07858491j,
            4.92235475e-03+0.0163765j ,  3.60439334e-04-0.00092316j],
          [ 9.44793813e-02-0.14139239j,  9.64342661e-01-0.04628868j,
           -1.52691540e-01-0.12399718j,  4.92235475e-03+0.0163765j ],
          [-1.27472669e-03-0.0170527j ,  1.39828185e-01-0.13834047j,
            9.64342661e-01-0.04628868j, -1.50806412e-01-0.07858491j],
          [-7.59074364e-04-0.00063715j, -1.27472669e-03-0.0170527j ,
            9.44793813e-02-0.14139239j,  8.86340847e-01-0.43033515j]],
         input_dims=(2, 2), output_dims=(2, 2))"
"Operator([[ 8.86340847e-01-0.43033515j,  4.21826807e-02+0.16473853j,
           -1.68138086e-02+0.00311693j, -2.45314235e-04-0.00096019j],
          [ 4.21826807e-02+0.16473853j,  9.64342661e-01-0.04628868j,
            9.63322217e-03+0.19646172j, -1.68138086e-02+0.00311693j],
          [-1.68138086e-02+0.00311693j,  9.63322217e-03+0.19646172j,
            9.64342661e-01-0.04628868j,  4.21826807e-02+0.16473853j],
          [-2.45314235e-04-0.00096019j, -1.68138086e-02+0.00311693j,
            4.21826807e-02+0.16473853j,  8.86340847e-01-0.43033515j]],
         input_dims=(2, 2), output_dims=(2, 2))"
"Operator([[ 8.86340847e-01-0.43033515j,  4.21826807e-02+0.16473853j,
           -1.68138086e-02+0.00311693j, -2.45314235e-04-0.00096019j],
          [ 4.21826807e-02+0.16473853j,  9.64342661e-01-0.04628868j,
            9.63322217e-03+0.19646172j, -1.68138086e-02+0.00311693j],
          [-1.68138086e-02+0.00311693j,  9.63322217e-03+0.19646172j,
            9.64342661e-01-0.04628868j,  4.21826807e-02+0.16473853j],
          [-2.45314235e-04-0.00096019j, -1.68138086e-02+0.00311693j,
            4.21826807e-02+0.16473853j,  8.86340847e-01-0.43033515j]],
         input_dims=(2, 2), output_dims=(2, 2))"
