unitary
"Operator([[ 0.46606054-0.80475878j,  0.19499364+0.29999284j,
           -0.07656107+0.03384565j, -0.00604401-0.00943431j],
          [ 0.19499364+0.29999284j,  0.82797394-0.07287338j,
            0.04230502+0.41513077j, -0.07656107+0.03384565j],
          [-0.07656107+0.03384565j,  0.04230502+0.41513077j,
            0.82797394-0.07287338j,  0.19499364+0.29999284j],
          [-0.00604401-0.00943431j, -0.07656107+0.03384565j,
            0.19499364+0.29999284j,  0.46606054-0.80475878j]],
         input_dims=(2, 2), output_dims=(2, 2))"
"Operator([[ 0.46606054-0.80475878j,  0.19499364+0.29999284j,
           -0.07656107+0.03384565j, -0.00604401-0.00943431j],
          [ 0.19499364+0.29999284j,  0.82797394-0.07287338j,
            0.04230502+0.41513077j, -0.07656107+0.03384565j],
          [-0.07656107+0.03384565j,  0.04230502+0.41513077j,
            0.82797394-0.07287338j,  0.19499364+0.29999284j],
          [-0.00604401-0.00943431j, -0.07656107+0.03384565j,
            0.19499364+0.29999284j,  0.46606054-0.80475878j]],
         input_dims=(2, 2), output_dims=(2, 2))"
"Operator([[ 0.46606054-0.80475878j,  0.20571361-0.29274585j,
            0.03188538-0.07739799j, -0.00161486-0.01108731j],
          [-0.35105097+0.06914795j,  0.82797394-0.07287338j,
            0.36946014-0.19396514j,  0.03188538-0.07739799j],
          [ 0.07870419+0.02850923j, -0.40099194-0.11545015j,
            0.82797394-0.07287338j,  0.20571361-0.29274585j],
          [-0.00939712-0.00610168j,  0.07870419+0.02850923j,
           -0.35105097+0.06914795j,  0.46606054-0.80475878j]],
         input_dims=(2, 2), output_dims=(2, 2))"
"Operator([[ 0.46606054-0.80475878j,  0.19499364+0.29999284j,
           -0.07656107+0.03384565j, -0.00604401-0.00943431j],
          [ 0.19499364+0.29999284j,  0.82797394-0.07287338j,
            0.04230502+0.41513077j, -0.07656107+0.03384565j],
          [-0.07656107+0.03384565j,  0.04230502+0.41513077j,
            0.82797394-0.07287338j,  0.19499364+0.29999284j],
          [-0.00604401-0.00943431j, -0.07656107+0.03384565j,
            0.19499364+0.29999284j,  0.46606054-0.80475878j]],
         input_dims=(2, 2), output_dims=(2, 2))"
"Operator([[ 0.46606054-0.80475878j,  0.19499364+0.29999284j,
           -0.07656107+0.03384565j, -0.00604401-0.00943431j],
          [ 0.19499364+0.29999284j,  0.82797394-0.07287338j,
            0.04230502+0.41513077j, -0.07656107+0.03384565j],
          [-0.07656107+0.03384565j,  0.04230502+0.41513077j,
            0.82797394-0.07287338j,  0.19499364+0.29999284j],
          [-0.00604401-0.00943431j, -0.07656107+0.03384565j,
            0.19499364+0.29999284j,  0.46606054-0.80475878j]],
         input_dims=(2, 2), output_dims=(2, 2))"
"Operator([[ 4.66060538e-01-0.80475878j,  1.05357594e-01-0.34193275j,
           -1.96139372e-02-0.08137825j, -9.91096844e-03-0.0052258j ],
          [-3.55259118e-01-0.04253451j,  8.27973940e-01-0.07287338j,
            2.91592416e-01-0.29849143j, -1.96139372e-02-0.08137825j],
          [ 4.69869683e-02+0.06927735j, -3.45810026e-01-0.23353522j,
            8.27973940e-01-0.07287338j,  1.05357594e-01-0.34193275j],
          [-6.04380947e-04-0.01118798j,  4.69869683e-02+0.06927735j,
           -3.55259118e-01-0.04253451j,  4.66060538e-01-0.80475878j]],
         input_dims=(2, 2), output_dims=(2, 2))"
"Operator([[ 0.46606054-0.80475878j,  0.19499364+0.29999284j,
           -0.07656107+0.03384565j, -0.00604401-0.00943431j],
          [ 0.19499364+0.29999284j,  0.82797394-0.07287338j,
            0.04230502+0.41513077j, -0.07656107+0.03384565j],
          [-0.07656107+0.03384565j,  0.04230502+0.41513077j,
            0.82797394-0.07287338j,  0.19499364+0.29999284j],
          [-0.00604401-0.00943431j, -0.07656107+0.03384565j,
            0.19499364+0.29999284j,  0.46606054-0.80475878j]],
         input_dims=(2, 2), output_dims=(2, 2))"
"Operator([[ 0.46606054-0.80475878j, -0.16139411-0.31932768j,
           -0.08204917+0.01658492j,  0.00271304+0.01087086j],
          [-0.2263042 -0.27713649j,  0.82797394-0.07287338j,
            0.00285465-0.41727104j, -0.08204917+0.01658492j],
          [-0.06748863+0.04952183j, -0.08696808-0.40811742j,
            0.82797394-0.07287338j, -0.16139411-0.31932768j],
          [ 0.00874143+0.00700882j, -0.06748863+0.04952183j,
           -0.2263042 -0.27713649j,  0.46606054-0.80475878j]],
         input_dims=(2, 2), output_dims=(2, 2))"
"Operator([[ 0.46606054-0.80475878j, -0.18608975-0.30559586j,
           -0.07841795+0.02928739j,  0.00518938+0.00993008j],
          [-0.20372895-0.29413048j,  0.82797394-0.07287338j,
           -0.03008215-0.41619507j, -0.07841795+0.02928739j],
          [-0.07443951+0.03828689j, -0.05449132-0.41370759j,
            0.82797394-0.07287338j, -0.18608975-0.30559586j],
          [ 0.00685164+0.00886517j, -0.07443951+0.03828689j,
           -0.20372895-0.29413048j,  0.46606054-0.80475878j]],
         input_dims=(2, 2), output_dims=(2, 2))"
"Operator([[ 0.46606054-0.80475878j, -0.16548363-0.31722767j,
           -0.08159594+0.01868767j,  0.00312995+0.01075824j],
          [-0.22272477-0.28002126j,  0.82797394-0.07287338j,
           -0.00250684-0.41727328j, -0.08159594+0.01868767j],
          [-0.06873879+0.04777139j, -0.08171726-0.40920113j,
            0.82797394-0.07287338j, -0.16548363-0.31722767j],
          [ 0.00846484+0.00734048j, -0.06873879+0.04777139j,
           -0.22272477-0.28002126j,  0.46606054-0.80475878j]],
         input_dims=(2, 2), output_dims=(2, 2))"
"Operator([[ 0.46606054-0.80475878j, -0.05890668-0.35291391j,
           -0.07691304-0.03303802j, -0.0068976 +0.00882946j],
          [-0.29860614-0.19711063j,  0.82797394-0.07287338j,
            0.12706607-0.39746382j, -0.07691304-0.03303802j],
          [-0.02733033+0.07912129j, -0.20463058-0.36366138j,
            0.82797394-0.07287338j, -0.05890668-0.35291391j],
          [ 0.01090434-0.0025752j , -0.02733033+0.07912129j,
           -0.29860614-0.19711063j,  0.46606054-0.80475878j]],
         input_dims=(2, 2), output_dims=(2, 2))"
