unitary
"Operator([[-0.70824248+0.19306771j,  0.12583956+0.48172681j,
            0.24947311-0.33534494j, -0.05293656+0.1890127j ],
          [-0.25221512-0.42928294j,  0.18198795+0.20336148j,
           -0.70146878-0.10429128j,  0.24947311-0.33534494j],
          [ 0.03683418-0.41633677j,  0.70336965-0.09058836j,
            0.18198795+0.20336148j,  0.12583956+0.48172681j],
          [-0.10325978-0.16692962j,  0.03683418-0.41633677j,
           -0.25221512-0.42928294j, -0.70824248+0.19306771j]],
         input_dims=(2, 2), output_dims=(2, 2))"
"Operator([[-0.70824248+0.19306771j, -0.29554578-0.40068567j,
           -0.05020067-0.41493729j, -0.14963792-0.12702982j],
          [ 0.07499257+0.49221177j,  0.18198795+0.20336148j,
            0.69011274-0.16333871j, -0.05020067-0.41493729j],
          [ 0.31352303-0.27639894j, -0.68679529-0.17676919j,
            0.18198795+0.20336148j, -0.29554578-0.40068567j],
          [-0.10855798+0.16353362j,  0.31352303-0.27639894j,
            0.07499257+0.49221177j, -0.70824248+0.19306771j]],
         input_dims=(2, 2), output_dims=(2, 2))"
"Operator([[-0.70824248+0.19306771j,  0.45986671-0.19083743j,
           -0.14877125+0.39058953j, -0.19435292+0.02747767j],
          [ 0.45986671-0.19083743j,  0.18198795+0.20336148j,
           -0.00691707+0.70914545j, -0.14877125+0.39058953j],
          [-0.14877125+0.39058953j, -0.00691707+0.70914545j,
            0.18198795+0.20336148j,  0.45986671-0.19083743j],
          [-0.19435292+0.02747767j, -0.14877125+0.39058953j,
            0.45986671-0.19083743j, -0.70824248+0.19306771j]],
         input_dims=(2, 2), output_dims=(2, 2))"
"Operator([[-0.70824248+0.19306771j,  0.45986671-0.19083743j,
           -0.14877125+0.39058953j, -0.19435292+0.02747767j],
          [ 0.45986671-0.19083743j,  0.18198795+0.20336148j,
           -0.00691707+0.70914545j, -0.14877125+0.39058953j],
          [-0.14877125+0.39058953j, -0.00691707+0.70914545j,
            0.18198795+0.20336148j,  0.45986671-0.19083743j],
          [-0.19435292+0.02747767j, -0.14877125+0.39058953j,
            0.45986671-0.19083743j, -0.70824248+0.19306771j]],
         input_dims=(2, 2), output_dims=(2, 2))"
"Operator([[-0.70824248+0.19306771j,  0.40656485+0.28740448j,
           -0.28802229-0.30287988j,  0.18989246-0.04968837j],
          [ 0.08361363-0.49082082j,  0.18198795+0.20336148j,
           -0.60372443+0.3720913j , -0.28802229-0.30287988j],
          [ 0.41653488-0.03452182j,  0.59635143+0.38379695j,
            0.18198795+0.20336148j,  0.40656485+0.28740448j],
          [ 0.19622452-0.00490095j,  0.41653488-0.03452182j,
            0.08361363-0.49082082j, -0.70824248+0.19306771j]],
         input_dims=(2, 2), output_dims=(2, 2))"
"Operator([[-0.70824248+0.19306771j, -0.49538152+0.04993461j,
           -0.33990828+0.24321887j,  0.14518384+0.13209744j],
          [-0.38518213+0.31548541j,  0.18198795+0.20336148j,
            0.21137109-0.6769471j , -0.33990828+0.24321887j],
          [ 0.09197362+0.40771794j, -0.19812613-0.68094138j,
            0.18198795+0.20336148j, -0.49538152+0.04993461j],
          [ 0.10287363-0.16716787j,  0.09197362+0.40771794j,
           -0.38518213+0.31548541j, -0.70824248+0.19306771j]],
         input_dims=(2, 2), output_dims=(2, 2))"
