unitary
"Operator([[ 0.74613269-0.06537464j, -0.41344267-0.22662006j,
           -0.06789312+0.18555866j, -0.26469102+0.32805159j],
          [-0.46934913+0.04475363j, -0.26480465-0.06377087j,
           -0.53606678+0.6140938j , -0.06789312+0.18555866j],
          [ 0.14742144+0.13156143j, -0.09854777+0.80917682j,
           -0.26480465-0.06377087j, -0.41344267-0.22662006j],
          [ 0.37764947+0.18724332j,  0.14742144+0.13156143j,
           -0.46934913+0.04475363j,  0.74613269-0.06537464j]],
         input_dims=(2, 2), output_dims=(2, 2))"
"Operator([[ 0.74613269-0.06537464j, -0.14216221+0.44953465j,
           -0.00779755-0.19743528j, -0.41967636-0.03938192j],
          [ 0.04709247-0.46912023j, -0.26480465-0.06377087j,
            0.70637372+0.40683529j, -0.00779755-0.19743528j],
          [-0.08629256-0.17775007j, -0.77471672-0.25356024j,
           -0.26480465-0.06377087j, -0.14216221+0.44953465j],
          [ 0.3647175 -0.2113299j , -0.08629256-0.17775007j,
            0.04709247-0.46912023j,  0.74613269-0.06537464j]],
         input_dims=(2, 2), output_dims=(2, 2))"
"Operator([[ 0.74613269-0.06537464j, -0.46178053-0.09513271j,
            0.04806364+0.19165432j,  0.09025877+0.41174329j],
          [-0.46178053-0.09513271j, -0.26480465-0.06377087j,
           -0.33196122+0.74450019j,  0.04806364+0.19165432j],
          [ 0.04806364+0.19165432j, -0.33196122+0.74450019j,
           -0.26480465-0.06377087j, -0.46178053-0.09513271j],
          [ 0.09025877+0.41174329j,  0.04806364+0.19165432j,
           -0.46178053-0.09513271j,  0.74613269-0.06537464j]],
         input_dims=(2, 2), output_dims=(2, 2))"
"Operator([[ 0.74613269-0.06537464j, -0.46178053-0.09513271j,
            0.04806364+0.19165432j,  0.09025877+0.41174329j],
          [-0.46178053-0.09513271j, -0.26480465-0.06377087j,
           -0.33196122+0.74450019j,  0.04806364+0.19165432j],
          [ 0.04806364+0.19165432j, -0.33196122+0.74450019j,
           -0.26480465-0.06377087j, -0.46178053-0.09513271j],
          [ 0.09025877+0.41174329j,  0.04806364+0.19165432j,
           -0.46178053-0.09513271j,  0.74613269-0.06537464j]],
         input_dims=(2, 2), output_dims=(2, 2))"
"Operator([[ 0.74613269-0.06537464j, -0.43231301-0.18814077j,
           -0.03321305+0.19477778j, -0.16651875+0.38723467j],
          [-0.47147396+0.00194907j, -0.26480465-0.06377087j,
           -0.47808875+0.66023476j, -0.03321305+0.19477778j],
          [ 0.12119586+0.15605466j, -0.17161866+0.79688508j,
           -0.26480465-0.06377087j, -0.43231301-0.18814077j],
          [ 0.31323717+0.28206676j,  0.12119586+0.15605466j,
           -0.47147396+0.00194907j,  0.74613269-0.06537464j]],
         input_dims=(2, 2), output_dims=(2, 2))"
