unitary
"Operator([[ 0.21267304-0.87021537j, -0.05139237+0.4221365j ,
           -0.04830393-0.11769639j,  0.02088863+0.00574022j],
          [ 0.42522091-0.00525157j,  0.74105272-0.0656797j ,
           -0.33446584+0.37098995j, -0.04830393-0.11769639j],
          [ 0.07764463+0.10078204j,  0.41220672+0.28211089j,
            0.74105272-0.0656797j , -0.05139237+0.4221365j ],
          [ 0.00285786+0.02147365j,  0.07764463+0.10078204j,
            0.42522091-0.00525157j,  0.21267304-0.87021537j]],
         input_dims=(2, 2), output_dims=(2, 2))"
"Operator([[ 0.21267304-0.87021537j, -0.42522129+0.00522067j,
            0.07762999+0.10079333j, -0.00285318-0.02147427j],
          [ 0.0513617 -0.42214023j,  0.74105272-0.0656797j ,
           -0.41218622-0.28214084j,  0.07762999+0.10079333j],
          [-0.04832104-0.11768937j,  0.33443888-0.37101425j,
            0.74105272-0.0656797j , -0.42522129+0.00522067j],
          [-0.02088988-0.00573567j, -0.04832104-0.11768937j,
            0.0513617 -0.42214023j,  0.21267304-0.87021537j]],
         input_dims=(2, 2), output_dims=(2, 2))"
"Operator([[ 0.21267304-0.87021537j, -0.37913925-0.19259758j,
           -0.03860309+0.12122504j,  0.02095695-0.00548552j],
          [-0.15029066-0.3978104j ,  0.74105272-0.0656797j ,
           -0.23430932-0.44113499j, -0.03860309+0.12122504j],
          [-0.12424993-0.02734344j,  0.12420978-0.48381077j,
            0.74105272-0.0656797j , -0.37913925-0.19259758j],
          [-0.00827367+0.02002077j, -0.12424993-0.02734344j,
           -0.15029066-0.3978104j ,  0.21267304-0.87021537j]],
         input_dims=(2, 2), output_dims=(2, 2))"
"Operator([[ 0.21267304-0.87021537j,  0.28390506+0.31660435j,
           -0.1102199 +0.06353963j, -0.01424286-0.01632255j],
          [ 0.28390506+0.31660435j,  0.74105272-0.0656797j ,
            0.05904052+0.49599915j, -0.1102199 +0.06353963j],
          [-0.1102199 +0.06353963j,  0.05904052+0.49599915j,
            0.74105272-0.0656797j ,  0.28390506+0.31660435j],
          [-0.01424286-0.01632255j, -0.1102199 +0.06353963j,
            0.28390506+0.31660435j,  0.21267304-0.87021537j]],
         input_dims=(2, 2), output_dims=(2, 2))"
"Operator([[ 0.21267304-0.87021537j,  0.4049842 -0.12972354j,
            0.12080179+0.03990785j,  0.01851828+0.01124091j],
          [-0.17293102+0.38850387j,  0.74105272-0.0656797j ,
            0.47681591+0.14882046j,  0.12080179+0.03990785j],
          [ 0.02600224-0.12453752j, -0.42855844+0.25659034j,
            0.74105272-0.0656797j ,  0.4049842 -0.12972354j],
          [ 0.00862892+0.01987024j,  0.02600224-0.12453752j,
           -0.17293102+0.38850387j,  0.21267304-0.87021537j]],
         input_dims=(2, 2), output_dims=(2, 2))"
"Operator([[ 0.21267304-0.87021537j,  0.28390506+0.31660435j,
           -0.1102199 +0.06353963j, -0.01424286-0.01632255j],
          [ 0.28390506+0.31660435j,  0.74105272-0.0656797j ,
            0.05904052+0.49599915j, -0.1102199 +0.06353963j],
          [-0.1102199 +0.06353963j,  0.05904052+0.49599915j,
            0.74105272-0.0656797j ,  0.28390506+0.31660435j],
          [-0.01424286-0.01632255j, -0.1102199 +0.06353963j,
            0.28390506+0.31660435j,  0.21267304-0.87021537j]],
         input_dims=(2, 2), output_dims=(2, 2))"
"Operator([[ 0.21267304-0.87021537j,  0.30670111-0.29457567j,
            0.10561441-0.0709317j ,  0.01477628-0.01584129j],
          [-0.32613655+0.27290172j,  0.74105272-0.0656797j ,
            0.49368762-0.07598336j,  0.10561441-0.0709317j ],
          [ 0.11430884-0.05584978j, -0.49772939+0.04202848j,
            0.74105272-0.0656797j ,  0.30670111-0.29457567j],
          [-0.0176968 +0.01249432j,  0.11430884-0.05584978j,
           -0.32613655+0.27290172j,  0.21267304-0.87021537j]],
         input_dims=(2, 2), output_dims=(2, 2))"
