unitary
"Operator([[ 8.24651986e-01-0.52438853j,  1.75124279e-01-0.11657556j,
            1.89313201e-02-0.01858204j,  8.16014548e-04-0.0017444j ],
          [-2.10205716e-01+0.00848119j,  9.44798788e-01-0.055316j  ,
            2.30121588e-01-0.07985853j,  1.89313201e-02-0.01858204j],
          [ 2.51980059e-02+0.00829142j, -2.38081408e-01-0.05148371j,
            9.44798788e-01-0.055316j  ,  1.75124279e-01-0.11657556j],
          [-1.68288895e-03-0.00093631j,  2.51980059e-02+0.00829142j,
           -2.10205716e-01+0.00848119j,  8.24651986e-01-0.52438853j]],
         input_dims=(2, 2), output_dims=(2, 2))"
"Operator([[ 8.24651986e-01-0.52438853j,  6.49420862e-02+0.20010222j,
           -2.58339895e-02+0.00602429j, -5.92551551e-04-0.0018324j ],
          [ 6.49420862e-02+0.20010222j,  9.44798788e-01-0.055316j  ,
            1.47350671e-02+0.24313825j, -2.58339895e-02+0.00602429j],
          [-2.58339895e-02+0.00602429j,  1.47350671e-02+0.24313825j,
            9.44798788e-01-0.055316j  ,  6.49420862e-02+0.20010222j],
          [-5.92551551e-04-0.0018324j , -2.58339895e-02+0.00602429j,
            6.49420862e-02+0.20010222j,  8.24651986e-01-0.52438853j]],
         input_dims=(2, 2), output_dims=(2, 2))"
"Operator([[ 8.24651986e-01-5.24388532e-01j,
            7.38988099e-02-1.96970402e-01j,
           -1.16434265e-02-2.38352198e-02j,
           -1.90838423e-03-2.58586663e-04j],
          [-1.75482977e-01-1.16034902e-01j,
            9.44798788e-01-5.53159953e-02j,
            1.39983694e-01-1.99343660e-01j,
           -1.16434265e-02-2.38352198e-02j],
          [ 1.00639514e-04+2.65269101e-02j,
           -1.63032685e-01-1.80979759e-01j,
            9.44798788e-01-5.53159953e-02j,
            7.38988099e-02-1.96970402e-01j],
          [ 1.39563712e-03-1.32702466e-03j,
            1.00639514e-04+2.65269101e-02j,
           -1.75482977e-01-1.16034902e-01j,
            8.24651986e-01-5.24388532e-01j]],
         input_dims=(2, 2), output_dims=(2, 2))"
"Operator([[ 0.82465199-5.24388532e-01j,  0.05503667-2.03050088e-01j,
           -0.01590297-2.12316447e-02j, -0.00190476+2.84036131e-04j],
          [-0.16378588-1.32032422e-01j,  0.94479879-5.53159953e-02j,
            0.12060503-2.11631182e-01j, -0.01590297-2.12316447e-02j],
          [-0.00487118+2.60760177e-02j, -0.14527973-1.95517593e-01j,
            0.94479879-5.53159953e-02j,  0.05503667-2.03050088e-01j],
          [ 0.00171042-8.85023187e-04j, -0.00487118+2.60760177e-02j,
           -0.16378588-1.32032422e-01j,  0.82465199-5.24388532e-01j]],
         input_dims=(2, 2), output_dims=(2, 2))"
"Operator([[ 0.82465199-5.24388532e-01j, -0.19562097+7.74003162e-02j,
            0.02487318-9.22020227e-03j, -0.0016886 +9.25978882e-04j],
          [ 0.20379095-5.22266474e-02j,  0.94479879-5.53159953e-02j,
           -0.2417299 +2.99997748e-02j,  0.02487318-9.22020227e-03j],
          [ 0.02638594-2.73303349e-03j,  0.24358363+5.88000203e-04j,
            0.94479879-5.53159953e-02j, -0.19562097+7.74003162e-02j],
          [ 0.00191105-2.38058289e-04j,  0.02638594-2.73303349e-03j,
            0.20379095-5.22266474e-02j,  0.82465199-5.24388532e-01j]],
         input_dims=(2, 2), output_dims=(2, 2))"
"Operator([[ 0.82465199-5.24388532e-01j, -0.06125211+2.01262397e-01j,
           -0.01456828-2.21687264e-02j,  0.00192283-1.07401819e-04j],
          [ 0.16776695+1.26935507e-01j,  0.94479879-5.53159953e-02j,
           -0.12705325+2.07823966e-01j, -0.01456828-2.21687264e-02j],
          [-0.00325966+2.63260653e-02j,  0.15122099+1.90959529e-01j,
            0.94479879-5.53159953e-02j, -0.06125211+2.01262397e-01j],
          [-0.00162164+1.03878986e-03j, -0.00325966+2.63260653e-02j,
            0.16776695+1.26935507e-01j,  0.82465199-5.24388532e-01j]],
         input_dims=(2, 2), output_dims=(2, 2))"
"Operator([[ 8.24651986e-01-0.52438853j,  6.49420862e-02+0.20010222j,
           -2.58339895e-02+0.00602429j, -5.92551551e-04-0.0018324j ],
          [ 6.49420862e-02+0.20010222j,  9.44798788e-01-0.055316j  ,
            1.47350671e-02+0.24313825j, -2.58339895e-02+0.00602429j],
          [-2.58339895e-02+0.00602429j,  1.47350671e-02+0.24313825j,
            9.44798788e-01-0.055316j  ,  6.49420862e-02+0.20010222j],
          [-5.92551551e-04-0.0018324j , -2.58339895e-02+0.00602429j,
            6.49420862e-02+0.20010222j,  8.24651986e-01-0.52438853j]],
         input_dims=(2, 2), output_dims=(2, 2))"
"Operator([[ 0.82465199-0.52438853j, -0.04161668+0.20621936j,
           -0.01854226-0.01897029j,  0.00181254-0.00065076j],
          [ 0.15478464+0.14247838j,  0.94479879-0.055316j  ,
           -0.10648205+0.21907739j, -0.01854226-0.01897029j],
          [-0.0082385 +0.02521536j,  0.13215935+0.20461485j,
            0.94479879-0.055316j  , -0.04161668+0.20621936j],
          [-0.00185038+0.00053374j, -0.0082385 +0.02521536j,
            0.15478464+0.14247838j,  0.82465199-0.52438853j]],
         input_dims=(2, 2), output_dims=(2, 2))"
