unitary
"Operator([[ 9.20523801e-01-0.36357189j,  2.95292899e-02+0.13941656j,
           -1.17829369e-02+0.00181407j, -1.18990440e-04-0.00056265j],
          [ 2.95292899e-02+0.13941656j,  9.75113011e-01-0.03950844j,
            6.76696943e-03+0.16461113j, -1.17829369e-02+0.00181407j],
          [-1.17829369e-02+0.00181407j,  6.76696943e-03+0.16461113j,
            9.75113011e-01-0.03950844j,  2.95292899e-02+0.13941656j],
          [-1.18990440e-04-0.00056265j, -1.17829369e-02+0.00181407j,
            2.95292899e-02+0.13941656j,  9.20523801e-01-0.36357189j]],
         input_dims=(2, 2), output_dims=(2, 2))"
"Operator([[ 9.20523801e-01-3.63571888e-01j,
            1.41592072e-01-1.61443468e-02j,
            1.19133255e-02+4.48457629e-04j,
            5.73385155e-04+4.43328619e-05j],
          [-1.35978677e-01+4.26468570e-02j,
            9.75113011e-01-3.95084415e-02j,
            1.64509068e-01+8.90961358e-03j,
            1.19133255e-02+4.48457629e-04j],
          [ 1.12267549e-02-4.01103614e-03j,
           -1.63222695e-01+2.23822802e-02j,
            9.75113011e-01-3.95084415e-02j,
            1.41592072e-01-1.61443468e-02j],
          [-5.06343775e-04+2.72675483e-04j,
            1.12267549e-02-4.01103614e-03j,
           -1.35978677e-01+4.26468570e-02j,
            9.20523801e-01-3.63571888e-01j]],
         input_dims=(2, 2), output_dims=(2, 2))"
"Operator([[ 9.20523801e-01-3.63571888e-01j,
            1.38544196e-01-3.33835391e-02j,
            1.16642612e-02-2.46443660e-03j,
            5.50818458e-04-1.65332890e-04j],
          [-1.40181713e-01+2.56523347e-02j,
            9.75113011e-01-3.95084415e-02j,
            1.64360211e-01-1.13285397e-02j,
            1.16642612e-02-2.46443660e-03j],
          [ 1.18653783e-02-1.15811728e-03j,
           -1.64735466e-01+2.20019578e-03j,
            9.75113011e-01-3.95084415e-02j,
            1.38544196e-01-3.33835391e-02j],
          [-5.70593651e-04+7.18249499e-05j,
            1.18653783e-02-1.15811728e-03j,
           -1.40181713e-01+2.56523347e-02j,
            9.20523801e-01-3.63571888e-01j]],
         input_dims=(2, 2), output_dims=(2, 2))"
"Operator([[ 9.20523801e-01-3.63571888e-01j,
            1.38513319e-01-3.35114225e-02j,
            1.16596912e-02-2.48596821e-03j,
            5.50358463e-04-1.66857725e-04j],
          [-1.40205334e-01+2.55229144e-02j,
            9.75113011e-01-3.95084415e-02j,
            1.64349683e-01-1.14802647e-02j,
            1.16596912e-02-2.48596821e-03j],
          [ 1.18674963e-02-1.13620817e-03j,
           -1.64737427e-01+2.04811867e-03j,
            9.75113011e-01-3.95084415e-02j,
            1.38513319e-01-3.35114225e-02j],
          [-5.70790379e-04+7.02444392e-05j,
            1.18674963e-02-1.13620817e-03j,
           -1.40205334e-01+2.55229144e-02j,
            9.20523801e-01-3.63571888e-01j]],
         input_dims=(2, 2), output_dims=(2, 2))"
"Operator([[ 9.20523801e-01-0.36357189j,  2.95292899e-02+0.13941656j,
           -1.17829369e-02+0.00181407j, -1.18990440e-04-0.00056265j],
          [ 2.95292899e-02+0.13941656j,  9.75113011e-01-0.03950844j,
            6.76696943e-03+0.16461113j, -1.17829369e-02+0.00181407j],
          [-1.17829369e-02+0.00181407j,  6.76696943e-03+0.16461113j,
            9.75113011e-01-0.03950844j,  2.95292899e-02+0.13941656j],
          [-1.18990440e-04-0.00056265j, -1.17829369e-02+0.00181407j,
            2.95292899e-02+0.13941656j,  9.20523801e-01-0.36357189j]],
         input_dims=(2, 2), output_dims=(2, 2))"
"Operator([[ 9.20523801e-01-3.63571888e-01j,
            1.42314793e-01-7.44678655e-03j,
            1.17692461e-02+1.90086415e-03j,
            5.55631449e-04+1.48356432e-04j],
          [-1.33113134e-01+5.08905542e-02j,
            9.75113011e-01-3.95084415e-02j,
            1.63655183e-01+1.89630103e-02j,
            1.17692461e-02+1.90086415e-03j],
          [ 1.06524860e-02-5.35284786e-03j,
           -1.61546519e-01+3.23316691e-02j,
            9.75113011e-01-3.95084415e-02j,
            1.42314793e-01-7.44678655e-03j],
          [-4.47995574e-04+3.60604913e-04j,
            1.06524860e-02-5.35284786e-03j,
           -1.33113134e-01+5.08905542e-02j,
            9.20523801e-01-3.63571888e-01j]],
         input_dims=(2, 2), output_dims=(2, 2))"
