unitary
"Operator([[-0.55855245-0.71417265j,  0.02906875-0.10156429j,
            0.05264212+0.19163611j,  0.15461648+0.32158116j],
          [ 0.09940422-0.03576451j, -0.86926765-0.35736958j,
           -0.04349197-0.25320602j,  0.05264212+0.19163611j],
          [-0.19844036-0.01081721j,  0.18005382-0.18326337j,
           -0.86926765-0.35736958j,  0.02906875-0.10156429j],
          [-0.24315838-0.26114116j, -0.19844036-0.01081721j,
            0.09940422-0.03576451j, -0.55855245-0.71417265j]],
         input_dims=(2, 2), output_dims=(2, 2))"
"Operator([[-0.55855245-0.71417265j,  0.10553098+0.00484872j,
           -0.13308841-0.14759087j,  0.14682916-0.32521055j],
          [-0.01186221-0.10497422j, -0.86926765-0.35736958j,
            0.23633738-0.10074465j, -0.13308841-0.14759087j],
          [ 0.17245156+0.09877271j, -0.13677106-0.21748222j,
           -0.86926765-0.35736958j,  0.10553098+0.00484872j],
          [ 0.3563523 -0.01826854j,  0.17245156+0.09877271j,
           -0.01186221-0.10497422j, -0.55855245-0.71417265j]],
         input_dims=(2, 2), output_dims=(2, 2))"
"Operator([[-0.55855245-0.71417265j, -0.07217153+0.07714641j,
           -0.12474421+0.1547077j ,  0.29470535-0.20117022j],
          [-0.07217153+0.07714641j, -0.86926765-0.35736958j,
           -0.07671557+0.24519291j, -0.12474421+0.1547077j ],
          [-0.12474421+0.1547077j , -0.07671557+0.24519291j,
           -0.86926765-0.35736958j, -0.07217153+0.07714641j],
          [ 0.29470535-0.20117022j, -0.12474421+0.1547077j ,
           -0.07217153+0.07714641j, -0.55855245-0.71417265j]],
         input_dims=(2, 2), output_dims=(2, 2))"
"Operator([[-0.55855245-0.71417265j, -0.07217153+0.07714641j,
           -0.12474421+0.1547077j ,  0.29470535-0.20117022j],
          [-0.07217153+0.07714641j, -0.86926765-0.35736958j,
           -0.07671557+0.24519291j, -0.12474421+0.1547077j ],
          [-0.12474421+0.1547077j , -0.07671557+0.24519291j,
           -0.86926765-0.35736958j, -0.07217153+0.07714641j],
          [ 0.29470535-0.20117022j, -0.12474421+0.1547077j ,
           -0.07217153+0.07714641j, -0.55855245-0.71417265j]],
         input_dims=(2, 2), output_dims=(2, 2))"
