unitary
"Operator([[ 0.82465199-5.24388532e-01j,  0.20348817-5.33941805e-02j,
            0.02635286-3.03540501e-03j,  0.00190668-2.70891479e-04j],
          [-0.19606151+7.62774934e-02j,  0.94479879-5.53159953e-02j,
            0.243583  -8.08543759e-04j,  0.02635286-3.03540501e-03j],
          [ 0.02497726-8.93439080e-03j, -0.24189792+2.86133754e-02j,
            0.94479879-5.53159953e-02j,  0.20348817-5.33941805e-02j],
          [-0.00170427+8.96799563e-04j,  0.02497726-8.93439080e-03j,
           -0.19606151+7.62774934e-02j,  0.82465199-5.24388532e-01j]],
         input_dims=(2, 2), output_dims=(2, 2))"
"Operator([[ 8.24651986e-01-0.52438853j,  6.49420862e-02+0.20010222j,
           -2.58339895e-02+0.00602429j, -5.92551551e-04-0.0018324j ],
          [ 6.49420862e-02+0.20010222j,  9.44798788e-01-0.055316j  ,
            1.47350671e-02+0.24313825j, -2.58339895e-02+0.00602429j],
          [-2.58339895e-02+0.00602429j,  1.47350671e-02+0.24313825j,
            9.44798788e-01-0.055316j  ,  6.49420862e-02+0.20010222j],
          [-5.92551551e-04-0.0018324j , -2.58339895e-02+0.00602429j,
            6.49420862e-02+0.20010222j,  8.24651986e-01-0.52438853j]],
         input_dims=(2, 2), output_dims=(2, 2))"
"Operator([[ 8.24651986e-01-0.52438853j,  1.37641487e-01-0.15910121j,
            6.66971514e-03-0.02567493j, -7.02285397e-04-0.00179321j],
          [-2.04839148e-01-0.04795098j,  9.44798788e-01-0.055316j  ,
            2.00445584e-01-0.13840122j,  6.66971514e-03-0.02567493j],
          [ 1.73385725e-02+0.02007638j, -2.15692431e-01-0.11318173j,
            9.44798788e-01-0.055316j  ,  1.37641487e-01-0.15910121j],
          [-4.80648458e-04-0.00186488j,  1.73385725e-02+0.02007638j,
           -2.04839148e-01-0.04795098j,  8.24651986e-01-0.52438853j]],
         input_dims=(2, 2), output_dims=(2, 2))"
"Operator([[ 8.24651986e-01-0.52438853j,  6.49420862e-02+0.20010222j,
           -2.58339895e-02+0.00602429j, -5.92551551e-04-0.0018324j ],
          [ 6.49420862e-02+0.20010222j,  9.44798788e-01-0.055316j  ,
            1.47350671e-02+0.24313825j, -2.58339895e-02+0.00602429j],
          [-2.58339895e-02+0.00602429j,  1.47350671e-02+0.24313825j,
            9.44798788e-01-0.055316j  ,  6.49420862e-02+0.20010222j],
          [-5.92551551e-04-0.0018324j , -2.58339895e-02+0.00602429j,
            6.49420862e-02+0.20010222j,  8.24651986e-01-0.52438853j]],
         input_dims=(2, 2), output_dims=(2, 2))"
"Operator([[ 8.24651986e-01-0.52438853j, -1.74130487e-02-0.20965486j,
           -2.58114489e-02-0.00612015j, -7.14508978e-04+0.00178837j],
          [-1.09022490e-01-0.17992351j,  9.44798788e-01-0.055316j  ,
            4.13121238e-02-0.24005549j, -2.58114489e-02-0.00612015j],
          [-2.04419084e-02+0.01690608j, -6.99997784e-02-0.23330958j,
            9.44798788e-01-0.055316j  , -1.74130487e-02-0.20965486j],
          [ 1.62635158e-03+0.0010314j , -2.04419084e-02+0.01690608j,
           -1.09022490e-01-0.17992351j,  8.24651986e-01-0.52438853j]],
         input_dims=(2, 2), output_dims=(2, 2))"
"Operator([[ 8.24651986e-01-0.52438853j, -2.99903352e-02-0.20822813j,
           -2.63595416e-02-0.00297685j, -3.81790912e-04+0.0018876j ],
          [-9.80044089e-02-0.18615453j,  9.44798788e-01-0.055316j  ,
            2.68002216e-02-0.24210551j, -2.63595416e-02-0.00297685j],
          [-2.23238437e-02+0.01432945j, -5.58416529e-02-0.23709711j,
            9.44798788e-01-0.055316j  , -2.99903352e-02-0.20822813j],
          [ 1.41473135e-03+0.00130665j, -2.23238437e-02+0.01432945j,
           -9.80044089e-02-0.18615453j,  8.24651986e-01-0.52438853j]],
         input_dims=(2, 2), output_dims=(2, 2))"
"Operator([[ 0.82465199-5.24388532e-01j,  0.00497824-2.10317832e-01j,
           -0.02393367-1.14396950e-02j, -0.0012402 +1.47332933e-03j],
          [-0.12753567-1.67311163e-01j,  0.94479879-5.53159953e-02j,
            0.06660299-2.34301880e-01j, -0.02393367-1.14396950e-02j],
          [-0.01640481+2.08463225e-02j, -0.09441072-2.24543861e-01j,
            0.94479879-5.53159953e-02j,  0.00497824-2.10317832e-01j],
          [ 0.00186804+4.68200820e-04j, -0.01640481+2.08463225e-02j,
           -0.12753567-1.67311163e-01j,  0.82465199-5.24388532e-01j]],
         input_dims=(2, 2), output_dims=(2, 2))"
"Operator([[ 0.82465199-5.24388532e-01j,  0.06828381-1.98986671e-01j,
           -0.0129759 -2.31368341e-02j, -0.00192346-9.54831285e-05j],
          [-0.17212213-1.20964233e-01j,  0.94479879-5.53159953e-02j,
            0.13427482-2.03232875e-01j, -0.0129759 -2.31368341e-02j],
          [-0.00140331+2.64899567e-02j, -0.15783527-1.85529935e-01j,
            0.94479879-5.53159953e-02j,  0.06828381-1.98986671e-01j],
          [ 0.00150336-1.20362808e-03j, -0.00140331+2.64899567e-02j,
           -0.17212213-1.20964233e-01j,  0.82465199-5.24388532e-01j]],
         input_dims=(2, 2), output_dims=(2, 2))"
