unitary
"Operator([[-0.10369782+0.72053634j, -0.17815454+0.38259143j,
           -0.24418997+0.35617669j,  0.3211364 +0.04837094j],
          [ 0.06263489+0.41736328j,  0.02751085+0.25447648j,
            0.39167948-0.64534196j, -0.24418997+0.35617669j],
          [ 0.23250046+0.36391498j, -0.02962469-0.75432184j,
            0.02751085+0.25447648j, -0.17815454+0.38259143j],
          [-0.01102933-0.32457154j,  0.23250046+0.36391498j,
            0.06263489+0.41736328j, -0.10369782+0.72053634j]],
         input_dims=(2, 2), output_dims=(2, 2))"
"Operator([[-0.10369782+0.72053634j,  0.06031971-0.41770417j,
           -0.00700939+0.43178865j, -0.24251417+0.21599817j],
          [ 0.06031971-0.41770417j,  0.02751085+0.25447648j,
           -0.18905045+0.73084813j, -0.00700939+0.43178865j],
          [-0.00700939+0.43178865j, -0.18905045+0.73084813j,
            0.02751085+0.25447648j,  0.06031971-0.41770417j],
          [-0.24251417+0.21599817j, -0.00700939+0.43178865j,
            0.06031971-0.41770417j, -0.10369782+0.72053634j]],
         input_dims=(2, 2), output_dims=(2, 2))"
"Operator([[-0.10369782+0.72053634j,  0.06031971-0.41770417j,
           -0.00700939+0.43178865j, -0.24251417+0.21599817j],
          [ 0.06031971-0.41770417j,  0.02751085+0.25447648j,
           -0.18905045+0.73084813j, -0.00700939+0.43178865j],
          [-0.00700939+0.43178865j, -0.18905045+0.73084813j,
            0.02751085+0.25447648j,  0.06031971-0.41770417j],
          [-0.24251417+0.21599817j, -0.00700939+0.43178865j,
            0.06031971-0.41770417j, -0.10369782+0.72053634j]],
         input_dims=(2, 2), output_dims=(2, 2))"
"Operator([[-0.10369782+0.72053634j,  0.30922629-0.28721828j,
           -0.42350665+0.08445525j, -0.08406557-0.31368984j],
          [-0.21533424-0.36296887j,  0.02751085+0.25447648j,
           -0.60604166+0.45010284j, -0.42350665+0.08445525j],
          [ 0.42054224+0.09815701j,  0.31177078+0.68751585j,
            0.02751085+0.25447648j,  0.30922629-0.28721828j],
          [ 0.30190795+0.11966589j,  0.42054224+0.09815701j,
           -0.21533424-0.36296887j, -0.10369782+0.72053634j]],
         input_dims=(2, 2), output_dims=(2, 2))"
