unitary
"Operator([[ 8.01463222e-01-0.55388377j,  1.38058307e-01+0.17577828j,
           -1.85666466e-02+0.02368981j, -2.26326055e-03-0.00056494j],
          [ 9.15143097e-04+0.22351121j,  9.37415224e-01-0.05797781j,
            9.96531809e-02+0.23894871j, -1.85666466e-02+0.02368981j],
          [-2.75154371e-02-0.01219951j, -6.81998528e-02+0.24975193j,
            9.37415224e-01-0.05797781j,  1.38058307e-01+0.17577828j],
          [ 1.42815605e-03-0.00184442j, -2.75154371e-02-0.01219951j,
            9.15143097e-04+0.22351121j,  8.01463222e-01-0.55388377j]],
         input_dims=(2, 2), output_dims=(2, 2))"
"Operator([[ 0.80146322-0.55388377j,  0.19542314+0.10847993j,
            0.00395481+0.02983767j, -0.00135657+0.00189769j],
          [-0.08583787+0.20637335j,  0.93741522-0.05797781j,
            0.18452228+0.18160058j,  0.00395481+0.02983767j],
          [-0.0105169 -0.02820145j, -0.15972027+0.20375642j,
            0.93741522-0.05797781j,  0.19542314+0.10847993j],
          [ 0.00224   +0.00065109j, -0.0105169 -0.02820145j,
           -0.08583787+0.20637335j,  0.80146322-0.55388377j]],
         input_dims=(2, 2), output_dims=(2, 2))"
"Operator([[ 8.01463222e-01-0.55388377j,  7.34711723e-02+0.2110926j ,
           -2.92044575e-02+0.00728196j, -7.63947885e-04-0.00220406j],
          [ 7.34711723e-02+0.2110926j ,  9.37415224e-01-0.05797781j,
            1.66284488e-02+0.25836164j, -2.92044575e-02+0.00728196j],
          [-2.92044575e-02+0.00728196j,  1.66284488e-02+0.25836164j,
            9.37415224e-01-0.05797781j,  7.34711723e-02+0.2110926j ],
          [-7.63947885e-04-0.00220406j, -2.92044575e-02+0.00728196j,
            7.34711723e-02+0.2110926j ,  8.01463222e-01-0.55388377j]],
         input_dims=(2, 2), output_dims=(2, 2))"
"Operator([[ 8.01463222e-01-0.55388377j,  7.34711723e-02+0.2110926j ,
           -2.92044575e-02+0.00728196j, -7.63947885e-04-0.00220406j],
          [ 7.34711723e-02+0.2110926j ,  9.37415224e-01-0.05797781j,
            1.66284488e-02+0.25836164j, -2.92044575e-02+0.00728196j],
          [-2.92044575e-02+0.00728196j,  1.66284488e-02+0.25836164j,
            9.37415224e-01-0.05797781j,  7.34711723e-02+0.2110926j ],
          [-7.63947885e-04-0.00220406j, -2.92044575e-02+0.00728196j,
            7.34711723e-02+0.2110926j ,  8.01463222e-01-0.55388377j]],
         input_dims=(2, 2), output_dims=(2, 2))"
"Operator([[ 8.01463222e-01-0.55388377j,  2.22426103e-01+0.02201652j,
            2.44468666e-02+0.01755785j,  1.32415392e-03+0.00192045j],
          [-1.60689640e-01+0.15536067j,  9.37415224e-01-0.05797781j,
            2.41438879e-01+0.09345861j,  2.44468666e-02+0.01755785j],
          [ 1.33415719e-02-0.02698017j, -2.27466302e-01+0.12363788j,
            9.37415224e-01-0.05797781j,  2.22426103e-01+0.02201652j],
          [ 1.48389534e-04+0.00232798j,  1.33415719e-02-0.02698017j,
           -1.60689640e-01+0.15536067j,  8.01463222e-01-0.55388377j]],
         input_dims=(2, 2), output_dims=(2, 2))"
"Operator([[ 8.01463222e-01-0.55388377j,  7.34711723e-02+0.2110926j ,
           -2.92044575e-02+0.00728196j, -7.63947885e-04-0.00220406j],
          [ 7.34711723e-02+0.2110926j ,  9.37415224e-01-0.05797781j,
            1.66284488e-02+0.25836164j, -2.92044575e-02+0.00728196j],
          [-2.92044575e-02+0.00728196j,  1.66284488e-02+0.25836164j,
            9.37415224e-01-0.05797781j,  7.34711723e-02+0.2110926j ],
          [-7.63947885e-04-0.00220406j, -2.92044575e-02+0.00728196j,
            7.34711723e-02+0.2110926j ,  8.01463222e-01-0.55388377j]],
         input_dims=(2, 2), output_dims=(2, 2))"
"Operator([[ 8.01463222e-01-0.55388377j,  7.34711723e-02+0.2110926j ,
           -2.92044575e-02+0.00728196j, -7.63947885e-04-0.00220406j],
          [ 7.34711723e-02+0.2110926j ,  9.37415224e-01-0.05797781j,
            1.66284488e-02+0.25836164j, -2.92044575e-02+0.00728196j],
          [-2.92044575e-02+0.00728196j,  1.66284488e-02+0.25836164j,
            9.37415224e-01-0.05797781j,  7.34711723e-02+0.2110926j ],
          [-7.63947885e-04-0.00220406j, -2.92044575e-02+0.00728196j,
            7.34711723e-02+0.2110926j ,  8.01463222e-01-0.55388377j]],
         input_dims=(2, 2), output_dims=(2, 2))"
"Operator([[ 8.01463222e-01-0.55388377j,  2.06899895e-01+0.08456082j,
            1.08646684e-02+0.02806931j, -6.09446461e-04+0.00225168j],
          [-1.09685596e-01+0.19474899j,  9.37415224e-01-0.05797781j,
            2.04739619e-01+0.15845799j,  1.08646684e-02+0.02806931j],
          [-3.58571926e-03-0.02988428j, -1.82737479e-01+0.18339645j,
            9.37415224e-01-0.05797781j,  2.06899895e-01+0.08456082j],
          [ 1.87221325e-03+0.00139152j, -3.58571926e-03-0.02988428j,
           -1.09685596e-01+0.19474899j,  8.01463222e-01-0.55388377j]],
         input_dims=(2, 2), output_dims=(2, 2))"
"Operator([[ 8.01463222e-01-0.55388377j, -2.23153572e-01+0.01267209j,
            2.86449179e-02+0.00924099j, -2.04603426e-03-0.00112038j],
          [ 1.82797687e-01-0.12862j   ,  9.37415224e-01-0.05797781j,
           -2.52993873e-01-0.05496676j,  2.86449179e-02+0.00924099j],
          [ 2.09529209e-02-0.02160792j,  2.43860281e-01-0.08694486j,
            9.37415224e-01-0.05797781j, -2.23153572e-01+0.01267209j],
          [ 9.13781550e-04-0.00214628j,  2.09529209e-02-0.02160792j,
            1.82797687e-01-0.12862j   ,  8.01463222e-01-0.55388377j]],
         input_dims=(2, 2), output_dims=(2, 2))"
"Operator([[ 8.01463222e-01-0.55388377j, -2.02467501e-01-0.09468374j,
            8.04025916e-03+0.02900485j,  9.35542202e-04-0.00213688j],
          [ 9.99258400e-02-0.1999323j ,  9.37415224e-01-0.05797781j,
           -1.96657411e-01-0.16838381j,  8.04025916e-03+0.02900485j],
          [-6.51871954e-03-0.02938424j,  1.73449550e-01-0.19220431j,
            9.37415224e-01-0.05797781j, -2.02467501e-01-0.09468374j],
          [-2.05731254e-03-0.00109953j, -6.51871954e-03-0.02938424j,
            9.99258400e-02-0.1999323j ,  8.01463222e-01-0.55388377j]],
         input_dims=(2, 2), output_dims=(2, 2))"
"Operator([[ 0.80146322-5.53883774e-01j, -0.1917757 -1.14804959e-01j,
            0.0019983 +3.00322173e-02j,  0.00153574-1.75584773e-03j],
          [ 0.07905151-2.09066874e-01j,  0.93741522-5.79778138e-02j,
           -0.1784924 -1.87530551e-01j,  0.0019983 +3.00322173e-02j],
          [-0.01233571-2.74546447e-02j,  0.15297997-2.08864489e-01j,
            0.93741522-5.79778138e-02j, -0.1917757 -1.14804959e-01j],
          [-0.00229296-4.28786227e-04j, -0.01233571-2.74546447e-02j,
            0.07905151-2.09066874e-01j,  0.80146322-5.53883774e-01j]],
         input_dims=(2, 2), output_dims=(2, 2))"
"Operator([[ 0.80146322-5.53883774e-01j, -0.19229996-1.13924638e-01j,
            0.00227355+3.00126346e-02j,  0.00151145-1.77680098e-03j],
          [ 0.08000906-2.08702299e-01j,  0.93741522-5.79778138e-02j,
           -0.17935018-1.86710357e-01j,  0.00227355+3.00126346e-02j],
          [-0.01208349-2.75665854e-02j,  0.15393581-2.08161022e-01j,
            0.93741522-5.79778138e-02j, -0.19229996-1.13924638e-01j],
          [-0.00228684-4.60278052e-04j, -0.01208349-2.75665854e-02j,
            0.08000906-2.08702299e-01j,  0.80146322-5.53883774e-01j]],
         input_dims=(2, 2), output_dims=(2, 2))"
"Operator([[ 8.01463222e-01-0.55388377j, -2.14348129e-01-0.06334807j,
            1.62564794e-02+0.02533089j, -8.75890673e-05-0.00233106j],
          [ 1.28695019e-01-0.18274488j,  9.37415224e-01-0.05797781j,
           -2.19622422e-01-0.13708843j,  1.62564794e-02+0.02533089j],
          [ 2.46057338e-03-0.02999788j,  2.00236882e-01-0.16411105j,
            9.37415224e-01-0.05797781j, -2.14348129e-01-0.06334807j],
          [-1.37381817e-03-0.00188524j,  2.46057338e-03-0.02999788j,
            1.28695019e-01-0.18274488j,  8.01463222e-01-0.55388377j]],
         input_dims=(2, 2), output_dims=(2, 2))"
"Operator([[ 0.80146322-0.55388377j, -0.19040937+0.11705712j,
            0.02346249-0.01885308j, -0.00129461+0.00194049j],
          [ 0.22194109-0.02646223j,  0.93741522-0.05797781j,
           -0.24877493+0.0716818j ,  0.02346249-0.01885308j],
          [ 0.02956731+0.00563041j,  0.25591138+0.03919961j,
            0.93741522-0.05797781j, -0.19040937+0.11705712j],
          [ 0.00221782+0.00072305j,  0.02956731+0.00563041j,
            0.22194109-0.02646223j,  0.80146322-0.55388377j]],
         input_dims=(2, 2), output_dims=(2, 2))"
"Operator([[ 8.01463222e-01-0.55388377j, -1.74414329e-01+0.13977747j,
            1.80979097e-02-0.0240498j , -4.98038579e-04+0.00227892j],
          [ 2.23509423e-01+0.00127937j,  9.37415224e-01-0.05797781j,
           -2.37958788e-01+0.10199441j,  1.80979097e-02-0.0240498j ],
          [ 2.72705909e-02+0.01273743j,  2.49070293e-01+0.07064867j,
            9.37415224e-01-0.05797781j, -1.74414329e-01+0.13977747j],
          [ 1.80155674e-03+0.00148186j,  2.72705909e-02+0.01273743j,
            2.23509423e-01+0.00127937j,  8.01463222e-01-0.55388377j]],
         input_dims=(2, 2), output_dims=(2, 2))"
