unitary
"Operator([[ 0.5190507 -0.78013744j, -0.33904259-0.03622644j,
            0.04628027+0.05898069j, -0.0015121 -0.00931824j],
          [ 0.12624051-0.31674212j,  0.84563433-0.07266066j,
           -0.3381898 -0.20824947j,  0.04628027+0.05898069j],
          [-0.00895148-0.07443424j,  0.29167154-0.26956984j,
            0.84563433-0.07266066j, -0.33904259-0.03622644j],
          [-0.00747159-0.00576987j, -0.00895148-0.07443424j,
            0.12624051-0.31674212j,  0.5190507 -0.78013744j]],
         input_dims=(2, 2), output_dims=(2, 2))"
"Operator([[ 0.5190507 -0.78013744j,  0.17604954+0.2920082j ,
           -0.06926937+0.02867646j, -0.00482954-0.0081112j ],
          [ 0.17604954+0.2920082j ,  0.84563433-0.07266066j,
            0.03848421+0.39529628j, -0.06926937+0.02867646j],
          [-0.06926937+0.02867646j,  0.03848421+0.39529628j,
            0.84563433-0.07266066j,  0.17604954+0.2920082j ],
          [-0.00482954-0.0081112j , -0.06926937+0.02867646j,
            0.17604954+0.2920082j ,  0.5190507 -0.78013744j]],
         input_dims=(2, 2), output_dims=(2, 2))"
"Operator([[ 0.5190507 -0.78013744j,  0.17575193+0.29218743j,
           -0.06932766+0.02853525j, -0.00480472-0.00812593j],
          [ 0.17634697+0.29182868j,  0.84563433-0.07266066j,
            0.03808143+0.39533529j, -0.06932766+0.02853525j],
          [-0.06921079+0.02881756j,  0.03888695+0.39525687j,
            0.84563433-0.07266066j,  0.17575193+0.29218743j],
          [-0.00485431-0.0080964j , -0.06921079+0.02881756j,
            0.17634697+0.29182868j,  0.5190507 -0.78013744j]],
         input_dims=(2, 2), output_dims=(2, 2))"
"Operator([[ 0.5190507 -0.78013744j,  0.28119478+0.19285157j,
           -0.02387416+0.07106764j, -0.00915236+0.00231309j],
          [ 0.03927542+0.33870293j,  0.84563433-0.07266066j,
            0.19877229+0.34384555j, -0.02387416+0.07106764j],
          [-0.06712095-0.03339706j, -0.12871791+0.37572847j,
            0.84563433-0.07266066j,  0.28119478+0.19285157j],
          [ 0.00639501-0.00694406j, -0.06712095-0.03339706j,
            0.03927542+0.33870293j,  0.5190507 -0.78013744j]],
         input_dims=(2, 2), output_dims=(2, 2))"
"Operator([[ 0.5190507 -0.78013744j,  0.17604954+0.2920082j ,
           -0.06926937+0.02867646j, -0.00482954-0.0081112j ],
          [ 0.17604954+0.2920082j ,  0.84563433-0.07266066j,
            0.03848421+0.39529628j, -0.06926937+0.02867646j],
          [-0.06926937+0.02867646j,  0.03848421+0.39529628j,
            0.84563433-0.07266066j,  0.17604954+0.2920082j ],
          [-0.00482954-0.0081112j , -0.06926937+0.02867646j,
            0.17604954+0.2920082j ,  0.5190507 -0.78013744j]],
         input_dims=(2, 2), output_dims=(2, 2))"
"Operator([[ 0.5190507 -0.78013744j,  0.29713252-0.16725578j,
            0.07085697-0.02449236j,  0.00851062-0.00408478j],
          [-0.2866237 +0.18468645j,  0.84563433-0.07266066j,
            0.39626879-0.02666897j,  0.07085697-0.02449236j],
          [ 0.06743496-0.03275839j, -0.39397157+0.05026515j,
            0.84563433-0.07266066j,  0.29713252-0.16725578j],
          [-0.00764678+0.00553559j,  0.06743496-0.03275839j,
           -0.2866237 +0.18468645j,  0.5190507 -0.78013744j]],
         input_dims=(2, 2), output_dims=(2, 2))"
"Operator([[ 0.5190507 -0.78013744j, -0.28919946-0.18062643j,
           -0.01770218+0.07285066j,  0.00878022-0.00346754j],
          [-0.02472732-0.34007469j,  0.84563433-0.07266066j,
           -0.21332213-0.33501322j, -0.01770218+0.07285066j],
          [-0.06401529-0.03902087j,  0.14469814-0.3698684j ,
            0.84563433-0.07266066j, -0.28919946-0.18062643j],
          [-0.00723261+0.00606675j, -0.06401529-0.03902087j,
           -0.02472732-0.34007469j,  0.5190507 -0.78013744j]],
         input_dims=(2, 2), output_dims=(2, 2))"
