unitary
"Operator([[ 8.86340847e-01-0.43033515j,  4.21826807e-02+0.16473853j,
           -1.68138086e-02+0.00311693j, -2.45314235e-04-0.00096019j],
          [ 4.21826807e-02+0.16473853j,  9.64342661e-01-0.04628868j,
            9.63322217e-03+0.19646172j, -1.68138086e-02+0.00311693j],
          [-1.68138086e-02+0.00311693j,  9.63322217e-03+0.19646172j,
            9.64342661e-01-0.04628868j,  4.21826807e-02+0.16473853j],
          [-2.45314235e-04-0.00096019j, -1.68138086e-02+0.00311693j,
            4.21826807e-02+0.16473853j,  8.86340847e-01-0.43033515j]],
         input_dims=(2, 2), output_dims=(2, 2))"
"Operator([[ 8.86340847e-01-0.43033515j,  4.21826807e-02+0.16473853j,
           -1.68138086e-02+0.00311693j, -2.45314235e-04-0.00096019j],
          [ 4.21826807e-02+0.16473853j,  9.64342661e-01-0.04628868j,
            9.63322217e-03+0.19646172j, -1.68138086e-02+0.00311693j],
          [-1.68138086e-02+0.00311693j,  9.63322217e-03+0.19646172j,
            9.64342661e-01-0.04628868j,  4.21826807e-02+0.16473853j],
          [-2.45314235e-04-0.00096019j, -1.68138086e-02+0.00311693j,
            4.21826807e-02+0.16473853j,  8.86340847e-01-0.43033515j]],
         input_dims=(2, 2), output_dims=(2, 2))"
"Operator([[ 8.86340847e-01-4.30335148e-01j,
            1.15474637e-01+1.24834974e-01j,
           -6.59467751e-03+1.57775046e-02j,
           -9.77293271e-04+1.64460885e-04j],
          [-4.12676104e-02+1.64970139e-01j,
            9.64342661e-01-4.62886825e-02j,
            1.01936107e-01+1.68223180e-01j,
           -6.59467751e-03+1.57775046e-02j],
          [-1.18117761e-02-1.23653294e-02j,
           -8.49895126e-02+1.77388812e-01j,
            9.64342661e-01-4.62886825e-02j,
            1.15474637e-01+1.24834974e-01j],
          [ 9.36415568e-04-3.24461714e-04j,
           -1.18117761e-02-1.23653294e-02j,
           -4.12676104e-02+1.64970139e-01j,
            8.86340847e-01-4.30335148e-01j]],
         input_dims=(2, 2), output_dims=(2, 2))"
"Operator([[ 8.86340847e-01-0.43033515j,  4.21826807e-02+0.16473853j,
           -1.68138086e-02+0.00311693j, -2.45314235e-04-0.00096019j],
          [ 4.21826807e-02+0.16473853j,  9.64342661e-01-0.04628868j,
            9.63322217e-03+0.19646172j, -1.68138086e-02+0.00311693j],
          [-1.68138086e-02+0.00311693j,  9.63322217e-03+0.19646172j,
            9.64342661e-01-0.04628868j,  4.21826807e-02+0.16473853j],
          [-2.45314235e-04-0.00096019j, -1.68138086e-02+0.00311693j,
            4.21826807e-02+0.16473853j,  8.86340847e-01-0.43033515j]],
         input_dims=(2, 2), output_dims=(2, 2))"
"Operator([[ 8.86340847e-01-0.43033515j,  4.21826807e-02+0.16473853j,
           -1.68138086e-02+0.00311693j, -2.45314235e-04-0.00096019j],
          [ 4.21826807e-02+0.16473853j,  9.64342661e-01-0.04628868j,
            9.63322217e-03+0.19646172j, -1.68138086e-02+0.00311693j],
          [-1.68138086e-02+0.00311693j,  9.63322217e-03+0.19646172j,
            9.64342661e-01-0.04628868j,  4.21826807e-02+0.16473853j],
          [-2.45314235e-04-0.00096019j, -1.68138086e-02+0.00311693j,
            4.21826807e-02+0.16473853j,  8.86340847e-01-0.43033515j]],
         input_dims=(2, 2), output_dims=(2, 2))"
"Operator([[ 8.86340847e-01-0.43033515j,  1.70045418e-01-0.00164867j,
            1.63432937e-02+0.00503152j,  8.82315621e-04+0.0004513j ],
          [-1.49911473e-01+0.08027897j,  9.64342661e-01-0.04628868j,
            1.93083988e-01+0.03753107j,  1.63432937e-02+0.00503152j],
          [ 1.34538229e-02-0.01055529j, -1.88486017e-01+0.05624082j,
            9.64342661e-01-0.04628868j,  1.70045418e-01-0.00164867j],
          [-5.57722667e-04+0.0008192j ,  1.34538229e-02-0.01055529j,
           -1.49911473e-01+0.08027897j,  8.86340847e-01-0.43033515j]],
         input_dims=(2, 2), output_dims=(2, 2))"
"Operator([[ 8.86340847e-01-0.43033515j,  1.43987924e-01+0.09047453j,
            2.22938259e-03+0.01695433j, -5.71054862e-04+0.00080997j],
          [-8.27857829e-02+0.14854183j,  9.64342661e-01-0.04628868j,
            1.42209751e-01+0.13589111j,  2.22938259e-03+0.01695433j],
          [-3.99587407e-03-0.01662686j, -1.28233071e-01+0.14915189j,
            9.64342661e-01-0.04628868j,  1.43987924e-01+0.09047453j],
          [ 8.89583265e-04+0.0004368j , -3.99587407e-03-0.01662686j,
           -8.27857829e-02+0.14854183j,  8.86340847e-01-0.43033515j]],
         input_dims=(2, 2), output_dims=(2, 2))"
"Operator([[ 8.86340847e-01-4.30335148e-01j,
            1.53626669e-01-7.29178225e-02j,
            1.44127040e-02-9.20290104e-03j,
            6.70587735e-04-7.29699671e-04j],
          [-1.69765605e-01+9.88947765e-03j,
            9.64342661e-01-4.62886825e-02j,
            1.90990648e-01-4.70380753e-02j,
            1.44127040e-02-9.20290104e-03j],
          [ 1.67537097e-02+3.42529342e-03j,
           -1.94676282e-01-2.81274441e-02j,
            9.64342661e-01-4.62886825e-02j,
            1.53626669e-01-7.29178225e-02j],
          [-9.38417979e-04-3.18623942e-04j,
            1.67537097e-02+3.42529342e-03j,
           -1.69765605e-01+9.88947765e-03j,
            8.86340847e-01-4.30335148e-01j]],
         input_dims=(2, 2), output_dims=(2, 2))"
"Operator([[ 8.86340847e-01-0.43033515j,  4.21826807e-02+0.16473853j,
           -1.68138086e-02+0.00311693j, -2.45314235e-04-0.00096019j],
          [ 4.21826807e-02+0.16473853j,  9.64342661e-01-0.04628868j,
            9.63322217e-03+0.19646172j, -1.68138086e-02+0.00311693j],
          [-1.68138086e-02+0.00311693j,  9.63322217e-03+0.19646172j,
            9.64342661e-01-0.04628868j,  4.21826807e-02+0.16473853j],
          [-2.45314235e-04-0.00096019j, -1.68138086e-02+0.00311693j,
            4.21826807e-02+0.16473853j,  8.86340847e-01-0.43033515j]],
         input_dims=(2, 2), output_dims=(2, 2))"
"Operator([[ 8.86340847e-01-0.43033515j,  1.63428493e-01+0.04700308j,
            1.09199199e-02+0.01315959j,  2.24744826e-04+0.00096521j],
          [-1.20726548e-01+0.11976336j,  9.64342661e-01-0.04628868j,
            1.74312855e-01+0.09113197j,  1.09199199e-02+0.01315959j],
          [ 5.47738820e-03-0.01619931j, -1.64561049e-01+0.10774817j,
            9.64342661e-01-0.04628868j,  1.63428493e-01+0.04700308j],
          [ 2.65771665e-04+0.00095473j,  5.47738820e-03-0.01619931j,
           -1.20726548e-01+0.11976336j,  8.86340847e-01-0.43033515j]],
         input_dims=(2, 2), output_dims=(2, 2))"
