unitary
"Operator([[ 9.48847733e-01-2.94128629e-01j,
           -1.09026683e-01+3.50832513e-02j,
            7.01655219e-03-3.05901259e-03j,
           -2.43554430e-04+1.66652343e-04j],
          [ 1.14503567e-01-2.56620152e-03j,
            9.84006562e-01-3.22239178e-02j,
           -1.30270477e-01+2.33680702e-02j,
            7.01655219e-03-3.05901259e-03j],
          [ 7.54827155e-03+1.27010206e-03j,
            1.31529093e-01+1.47160355e-02j,
            9.84006562e-01-3.22239178e-02j,
           -1.09026683e-01+3.50832513e-02j],
          [ 2.84682365e-04+7.77670523e-05j,
            7.54827155e-03+1.27010206e-03j,
            1.14503567e-01-2.56620152e-03j,
            9.48847733e-01-2.94128629e-01j]],
         input_dims=(2, 2), output_dims=(2, 2))"
"Operator([[ 9.48847733e-01-2.94128629e-01j,
           -1.13929849e-01-1.17320834e-02j,
            6.99924651e-03+3.09840459e-03j,
           -2.36403264e-04-1.76650107e-04j],
          [ 1.03800938e-01-4.84047260e-02j,
            9.84006562e-01-3.22239178e-02j,
           -1.28667444e-01-3.10024628e-02j,
            6.99924651e-03+3.09840459e-03j],
          [ 6.04140146e-03-4.70010969e-03j,
            1.26339770e-01-3.94300216e-02j,
            9.84006562e-01-3.22239178e-02j,
           -1.13929849e-01-1.17320834e-02j],
          [ 1.65572605e-04-2.44289738e-04j,
            6.04140146e-03-4.70010969e-03j,
            1.03800938e-01-4.84047260e-02j,
            9.48847733e-01-2.94128629e-01j]],
         input_dims=(2, 2), output_dims=(2, 2))"
"Operator([[ 9.48847733e-01-2.94128629e-01j,
           -1.05452986e-01+4.46913847e-02j,
            6.35950169e-03-4.25984753e-03j,
           -1.90593779e-04+2.25312616e-04j],
          [ 1.14274372e-01+7.68245722e-03j,
            9.84006562e-01-3.22239178e-02j,
           -1.27659204e-01+3.49226514e-02j,
            6.35950169e-03-4.25984753e-03j],
          [ 7.20134953e-03+2.59424897e-03j,
            1.29686403e-01+2.64178127e-02j,
            9.84006562e-01-3.22239178e-02j,
           -1.05452986e-01+4.46913847e-02j],
          [ 2.53835916e-04+1.50529370e-04j,
            7.20134953e-03+2.59424897e-03j,
            1.14274372e-01+7.68245722e-03j,
            9.48847733e-01-2.94128629e-01j]],
         input_dims=(2, 2), output_dims=(2, 2))"
"Operator([[ 9.48847733e-01-2.94128629e-01j,
            1.90228649e-02+1.12941502e-01j,
           -7.59729104e-03+9.33129995e-04j,
           -4.89696385e-05-2.91021886e-04j],
          [ 1.90228649e-02+1.12941502e-01j,
            9.84006562e-01-3.22239178e-02j,
            4.37155056e-03+1.32277562e-01j,
           -7.59729104e-03+9.33129995e-04j],
          [-7.59729104e-03+9.33129995e-04j,
            4.37155056e-03+1.32277562e-01j,
            9.84006562e-01-3.22239178e-02j,
            1.90228649e-02+1.12941502e-01j],
          [-4.89696385e-05-2.91021886e-04j,
           -7.59729104e-03+9.33129995e-04j,
            1.90228649e-02+1.12941502e-01j,
            9.48847733e-01-2.94128629e-01j]],
         input_dims=(2, 2), output_dims=(2, 2))"
"Operator([[ 9.48847733e-01-2.94128629e-01j,
            1.90228649e-02+1.12941502e-01j,
           -7.59729104e-03+9.33129995e-04j,
           -4.89696385e-05-2.91021886e-04j],
          [ 1.90228649e-02+1.12941502e-01j,
            9.84006562e-01-3.22239178e-02j,
            4.37155056e-03+1.32277562e-01j,
           -7.59729104e-03+9.33129995e-04j],
          [-7.59729104e-03+9.33129995e-04j,
            4.37155056e-03+1.32277562e-01j,
            9.84006562e-01-3.22239178e-02j,
            1.90228649e-02+1.12941502e-01j],
          [-4.89696385e-05-2.91021886e-04j,
           -7.59729104e-03+9.33129995e-04j,
            1.90228649e-02+1.12941502e-01j,
            9.48847733e-01-2.94128629e-01j]],
         input_dims=(2, 2), output_dims=(2, 2))"
"Operator([[ 9.48847733e-01-2.94128629e-01j,
           -1.00569314e-01+5.48038811e-02j,
            5.40716680e-03-5.41775876e-03j,
           -1.17050791e-04+2.70907504e-04j],
          [ 1.12972690e-01+1.88367599e-02j,
            9.84006562e-01-3.22239178e-02j,
           -1.23625467e-01+4.72568276e-02j,
            5.40716680e-03-5.41775876e-03j],
          [ 6.55753245e-03+3.94820603e-03j,
            1.26475826e-01+3.89914012e-02j,
            9.84006562e-01-3.22239178e-02j,
           -1.00569314e-01+5.48038811e-02j],
          [ 1.99264676e-04+2.17681768e-04j,
            6.55753245e-03+3.94820603e-03j,
            1.12972690e-01+1.88367599e-02j,
            9.48847733e-01-2.94128629e-01j]],
         input_dims=(2, 2), output_dims=(2, 2))"
"Operator([[ 9.48847733e-01-2.94128629e-01j,
            1.90228649e-02+1.12941502e-01j,
           -7.59729104e-03+9.33129995e-04j,
           -4.89696385e-05-2.91021886e-04j],
          [ 1.90228649e-02+1.12941502e-01j,
            9.84006562e-01-3.22239178e-02j,
            4.37155056e-03+1.32277562e-01j,
           -7.59729104e-03+9.33129995e-04j],
          [-7.59729104e-03+9.33129995e-04j,
            4.37155056e-03+1.32277562e-01j,
            9.84006562e-01-3.22239178e-02j,
            1.90228649e-02+1.12941502e-01j],
          [-4.89696385e-05-2.91021886e-04j,
           -7.59729104e-03+9.33129995e-04j,
            1.90228649e-02+1.12941502e-01j,
            9.48847733e-01-2.94128629e-01j]],
         input_dims=(2, 2), output_dims=(2, 2))"
"Operator([[ 9.48847733e-01-2.94128629e-01j,
           -9.78450966e-02+5.95314142e-02j,
            4.86716956e-03-5.90764108e-03j,
           -7.72674412e-05+2.84818374e-04j],
          [ 1.11947371e-01+2.41958316e-02j,
            9.84006562e-01-3.22239178e-02j,
           -1.21234524e-01+5.30909992e-02j,
            4.86716956e-03-5.90764108e-03j],
          [ 6.15213584e-03+4.55420545e-03j,
            1.24475298e-01+4.49707036e-02j,
            9.84006562e-01-3.22239178e-02j,
           -9.78450966e-02+5.95314142e-02j],
          [ 1.66224756e-04+2.43846456e-04j,
            6.15213584e-03+4.55420545e-03j,
            1.11947371e-01+2.41958316e-02j,
            9.48847733e-01-2.94128629e-01j]],
         input_dims=(2, 2), output_dims=(2, 2))"
"Operator([[ 9.48847733e-01-2.94128629e-01j,
           -9.42591219e-02+6.50605114e-02j,
            4.15652636e-03-6.42750740e-03j,
           -2.71908345e-05+2.93857826e-04j],
          [ 1.10370408e-01+3.05945281e-02j,
            9.84006562e-01-3.22239178e-02j,
           -1.17980256e-01+5.99760212e-02j,
            4.15652636e-03-6.42750740e-03j],
          [ 5.58842144e-03+5.23059352e-03j,
            1.21682711e-01+5.20555639e-02j,
            9.84006562e-01-3.22239178e-02j,
           -9.42591219e-02+6.50605114e-02j],
          [ 1.21864152e-04+2.68776658e-04j,
            5.58842144e-03+5.23059352e-03j,
            1.10370408e-01+3.05945281e-02j,
            9.48847733e-01-2.94128629e-01j]],
         input_dims=(2, 2), output_dims=(2, 2))"
"Operator([[ 9.48847733e-01-2.94128629e-01j,
           -8.95605490e-02+7.13901973e-02j,
            3.23503032e-03-6.93715659e-03j,
            3.36450843e-05+2.93188969e-04j],
          [ 1.08004481e-01+3.81140958e-02j,
            9.84006562e-01-3.22239178e-02j,
           -1.13575243e-01+6.79494528e-02j,
            3.23503032e-03-6.93715659e-03j],
          [ 4.81764888e-03+5.94809398e-03j,
            1.17813752e-01+6.03024364e-02j,
            9.84006562e-01-3.22239178e-02j,
           -8.95605490e-02+7.13901973e-02j],
          [ 6.41595060e-05+2.88054372e-04j,
            4.81764888e-03+5.94809398e-03j,
            1.08004481e-01+3.81140958e-02j,
            9.48847733e-01-2.94128629e-01j]],
         input_dims=(2, 2), output_dims=(2, 2))"
"Operator([[ 9.48847733e-01-2.94128629e-01j,
            1.90228649e-02+1.12941502e-01j,
           -7.59729104e-03+9.33129995e-04j,
           -4.89696385e-05-2.91021886e-04j],
          [ 1.90228649e-02+1.12941502e-01j,
            9.84006562e-01-3.22239178e-02j,
            4.37155056e-03+1.32277562e-01j,
           -7.59729104e-03+9.33129995e-04j],
          [-7.59729104e-03+9.33129995e-04j,
            4.37155056e-03+1.32277562e-01j,
            9.84006562e-01-3.22239178e-02j,
            1.90228649e-02+1.12941502e-01j],
          [-4.89696385e-05-2.91021886e-04j,
           -7.59729104e-03+9.33129995e-04j,
            1.90228649e-02+1.12941502e-01j,
            9.48847733e-01-2.94128629e-01j]],
         input_dims=(2, 2), output_dims=(2, 2))"
"Operator([[ 9.48847733e-01-2.94128629e-01j,
            1.90228649e-02+1.12941502e-01j,
           -7.59729104e-03+9.33129995e-04j,
           -4.89696385e-05-2.91021886e-04j],
          [ 1.90228649e-02+1.12941502e-01j,
            9.84006562e-01-3.22239178e-02j,
            4.37155056e-03+1.32277562e-01j,
           -7.59729104e-03+9.33129995e-04j],
          [-7.59729104e-03+9.33129995e-04j,
            4.37155056e-03+1.32277562e-01j,
            9.84006562e-01-3.22239178e-02j,
            1.90228649e-02+1.12941502e-01j],
          [-4.89696385e-05-2.91021886e-04j,
           -7.59729104e-03+9.33129995e-04j,
            1.90228649e-02+1.12941502e-01j,
            9.48847733e-01-2.94128629e-01j]],
         input_dims=(2, 2), output_dims=(2, 2))"
"Operator([[ 9.48847733e-01-2.94128629e-01j,
            1.90228649e-02+1.12941502e-01j,
           -7.59729104e-03+9.33129995e-04j,
           -4.89696385e-05-2.91021886e-04j],
          [ 1.90228649e-02+1.12941502e-01j,
            9.84006562e-01-3.22239178e-02j,
            4.37155056e-03+1.32277562e-01j,
           -7.59729104e-03+9.33129995e-04j],
          [-7.59729104e-03+9.33129995e-04j,
            4.37155056e-03+1.32277562e-01j,
            9.84006562e-01-3.22239178e-02j,
            1.90228649e-02+1.12941502e-01j],
          [-4.89696385e-05-2.91021886e-04j,
           -7.59729104e-03+9.33129995e-04j,
            1.90228649e-02+1.12941502e-01j,
            9.48847733e-01-2.94128629e-01j]],
         input_dims=(2, 2), output_dims=(2, 2))"
"Operator([[ 9.48847733e-01-2.94128629e-01j,
            9.86558922e-02-5.81778921e-02j,
            5.02806928e-03-5.77131545e-03j,
            8.89691038e-05-2.81382768e-04j],
          [-1.12270061e-01-2.26513953e-02j,
            9.84006562e-01-3.22239178e-02j,
            1.21954380e-01-5.14158852e-02j,
            5.02806928e-03-5.77131545e-03j],
          [ 6.27526267e-03+4.38299454e-03j,
           -1.25082984e-01-4.32517166e-02j,
            9.84006562e-01-3.22239178e-02j,
            9.86558922e-02-5.81778921e-02j],
          [-1.76157652e-04-2.36770448e-04j,
            6.27526267e-03+4.38299454e-03j,
           -1.12270061e-01-2.26513953e-02j,
            9.48847733e-01-2.94128629e-01j]],
         input_dims=(2, 2), output_dims=(2, 2))"
"Operator([[ 9.48847733e-01-2.94128629e-01j,
            6.88480421e-02-9.15292265e-02j,
           -5.31295429e-04-7.63592089e-03j,
           -2.26130766e-04-1.89622362e-04j],
          [-9.50316732e-02-6.39267807e-02j,
            9.84006562e-01-3.22239178e-02j,
            9.29597409e-02-9.42069559e-02j,
           -5.31295429e-04-7.63592089e-03j],
          [ 1.33236912e-03+7.53752978e-03j,
           -9.89768717e-02-8.78637743e-02j,
            9.84006562e-01-3.22239178e-02j,
            6.88480421e-02-9.15292265e-02j],
          [ 1.51620379e-04-2.53185750e-04j,
            1.33236912e-03+7.53752978e-03j,
           -9.50316732e-02-6.39267807e-02j,
            9.48847733e-01-2.94128629e-01j]],
         input_dims=(2, 2), output_dims=(2, 2))"
