unitary
"Operator([[-0.18022564-0.82166568j, -0.39755253+0.30180493j,
            0.20263417-0.00595028j, -0.04637516-0.00182535j],
          [ 0.13090599-0.48166155j,  0.59419143-0.02890261j,
           -0.58497705-0.11693075j,  0.20263417-0.00595028j],
          [ 0.04606988-0.19741727j,  0.53485662-0.26419566j,
            0.59419143-0.02890261j, -0.39755253+0.30180493j],
          [-0.01626832-0.04346642j,  0.04606988-0.19741727j,
            0.13090599-0.48166155j, -0.18022564-0.82166568j]],
         input_dims=(2, 2), output_dims=(2, 2))"
"Operator([[-0.18022564-0.82166568j,  0.4137995 +0.27911324j,
           -0.15693415+0.12832648j, -0.03761045-0.02719267j],
          [ 0.4137995 +0.27911324j,  0.59419143-0.02890261j,
            0.07778015+0.59145684j, -0.15693415+0.12832648j],
          [-0.15693415+0.12832648j,  0.07778015+0.59145684j,
            0.59419143-0.02890261j,  0.4137995 +0.27911324j],
          [-0.03761045-0.02719267j, -0.15693415+0.12832648j,
            0.4137995 +0.27911324j, -0.18022564-0.82166568j]],
         input_dims=(2, 2), output_dims=(2, 2))"
"Operator([[-0.18022564-0.82166568j,  0.48329142-0.12475428j,
            0.1463694 +0.14025695j,  0.01553471+0.04373397j],
          [ 0.06537079+0.4948342j ,  0.59419143-0.02890261j,
            0.49436367+0.33387949j,  0.1463694 +0.14025695j],
          [-0.10839852-0.17130608j, -0.39123394+0.45034093j,
            0.59419143-0.02890261j,  0.48329142-0.12475428j],
          [ 0.04639931+0.00104484j, -0.10839852-0.17130608j,
            0.06537079+0.4948342j , -0.18022564-0.82166568j]],
         input_dims=(2, 2), output_dims=(2, 2))"
"Operator([[-0.18022564-0.82166568j,  0.4137995 +0.27911324j,
           -0.15693415+0.12832648j, -0.03761045-0.02719267j],
          [ 0.4137995 +0.27911324j,  0.59419143-0.02890261j,
            0.07778015+0.59145684j, -0.15693415+0.12832648j],
          [-0.15693415+0.12832648j,  0.07778015+0.59145684j,
            0.59419143-0.02890261j,  0.4137995 +0.27911324j],
          [-0.03761045-0.02719267j, -0.15693415+0.12832648j,
            0.4137995 +0.27911324j, -0.18022564-0.82166568j]],
         input_dims=(2, 2), output_dims=(2, 2))"
