unitary
"Operator([[ 0.6967498 -0.66116202j,  0.25184162-0.10864783j,
            0.04461582-0.01284467j,  0.00419358-0.00167338j],
          [-0.24903814+0.11492849j,  0.90380399-0.06663156j,
            0.3176044 -0.02102192j,  0.04461582-0.01284467j],
          [ 0.04391577-0.01506526j, -0.31697743+0.0289791j ,
            0.90380399-0.06663156j,  0.25184162-0.10864783j],
          [-0.00405595+0.00198384j,  0.04391577-0.01506526j,
           -0.24903814+0.11492849j,  0.6967498 -0.66116202j]],
         input_dims=(2, 2), output_dims=(2, 2))"
"Operator([[ 6.96749798e-01-0.66116202j,  1.43185930e-01-0.23393662j,
            2.87512502e-03-0.04633887j, -2.73841422e-03-0.0035899j ],
          [-2.69753612e-01-0.04961392j,  9.03803987e-01-0.06663156j,
            2.47430759e-01-0.20023111j,  2.87512502e-03-0.04633887j],
          [ 2.89310822e-02+0.03631184j, -2.75736585e-01-0.15900885j,
            9.03803987e-01-0.06663156j,  1.43185930e-01-0.23393662j],
          [-8.21339704e-04-0.00443979j,  2.89310822e-02+0.03631184j,
           -2.69753612e-01-0.04961392j,  6.96749798e-01-0.66116202j]],
         input_dims=(2, 2), output_dims=(2, 2))"
"Operator([[ 0.6967498 -0.66116202j,  0.11179695+0.25045957j,
           -0.04427972+0.01395935j, -0.0018299 -0.00412768j],
          [ 0.11179695+0.25045957j,  0.90380399-0.06663156j,
            0.02500247+0.31731586j, -0.04427972+0.01395935j],
          [-0.04427972+0.01395935j,  0.02500247+0.31731586j,
            0.90380399-0.06663156j,  0.11179695+0.25045957j],
          [-0.0018299 -0.00412768j, -0.04427972+0.01395935j,
            0.11179695+0.25045957j,  0.6967498 -0.66116202j]],
         input_dims=(2, 2), output_dims=(2, 2))"
"Operator([[ 0.6967498 -6.61162025e-01j,  0.18926307+1.98514596e-01j,
           -0.02552019+3.87850051e-02j, -0.00447797-5.77969920e-04j],
          [ 0.02140287+2.73441895e-01j,  0.90380399-6.66315600e-02j,
            0.12989079+2.90590538e-01j, -0.02552019+3.87850051e-02j],
          [-0.04314969-1.71365570e-02j, -0.08277708+3.07347415e-01j,
            0.90380399-6.66315600e-02j,  0.18926307+1.98514596e-01j],
          [ 0.00257864-3.70633617e-03j, -0.04314969-1.71365570e-02j,
            0.02140287+2.73441895e-01j,  0.6967498 -6.61162025e-01j]],
         input_dims=(2, 2), output_dims=(2, 2))"
"Operator([[ 0.6967498 -6.61162025e-01j, -0.24072119+1.31460491e-01j,
            0.04148918-2.08375845e-02j, -0.00357421+2.75886732e-03j],
          [ 0.25859491-9.14178724e-02j,  0.90380399-6.66315600e-02j,
           -0.31430174+5.02881472e-02j,  0.04148918-2.08375845e-02j],
          [ 0.04593844-6.72431516e-03j,  0.31829905+4.43226812e-04j,
            0.90380399-6.66315600e-02j, -0.24072119+1.31460491e-01j],
          [ 0.0044444 -7.95975882e-04j,  0.04593844-6.72431516e-03j,
            0.25859491-9.14178724e-02j,  0.6967498 -6.61162025e-01j]],
         input_dims=(2, 2), output_dims=(2, 2))"
"Operator([[ 0.6967498 -0.66116202j,  0.05525149+0.26865559j,
           -0.04604457-0.00595436j,  0.00104563-0.00439238j],
          [ 0.16309875+0.2205161j ,  0.90380399-0.06663156j,
           -0.04390159+0.31525724j, -0.04604457-0.00595436j],
          [-0.03430478+0.03128481j,  0.09273383+0.30449124j,
            0.90380399-0.06663156j,  0.05525149+0.26865559j],
          [-0.00395693-0.00217462j, -0.03430478+0.03128481j,
            0.16309875+0.2205161j ,  0.6967498 -0.66116202j]],
         input_dims=(2, 2), output_dims=(2, 2))"
"Operator([[ 0.6967498 -0.66116202j,  0.11179695+0.25045957j,
           -0.04427972+0.01395935j, -0.0018299 -0.00412768j],
          [ 0.11179695+0.25045957j,  0.90380399-0.06663156j,
            0.02500247+0.31731586j, -0.04427972+0.01395935j],
          [-0.04427972+0.01395935j,  0.02500247+0.31731586j,
            0.90380399-0.06663156j,  0.11179695+0.25045957j],
          [-0.0018299 -0.00412768j, -0.04427972+0.01395935j,
            0.11179695+0.25045957j,  0.6967498 -0.66116202j]],
         input_dims=(2, 2), output_dims=(2, 2))"
"Operator([[ 0.6967498 -0.66116202j,  0.11179695+0.25045957j,
           -0.04427972+0.01395935j, -0.0018299 -0.00412768j],
          [ 0.11179695+0.25045957j,  0.90380399-0.06663156j,
            0.02500247+0.31731586j, -0.04427972+0.01395935j],
          [-0.04427972+0.01395935j,  0.02500247+0.31731586j,
            0.90380399-0.06663156j,  0.11179695+0.25045957j],
          [-0.0018299 -0.00412768j, -0.04427972+0.01395935j,
            0.11179695+0.25045957j,  0.6967498 -0.66116202j]],
         input_dims=(2, 2), output_dims=(2, 2))"
"Operator([[ 0.6967498 -0.66116202j,  0.20693172-0.18002171j,
            0.02894484-0.03630087j,  0.00118296-0.0043574j ],
          [-0.27218276+0.03383931j,  0.90380399-0.06663156j,
            0.29620689-0.1165159j ,  0.02894484-0.03630087j],
          [ 0.04453048+0.01313749j, -0.31079976-0.06868763j,
            0.90380399-0.06663156j,  0.20693172-0.18002171j],
          [-0.00402323-0.00204936j,  0.04453048+0.01313749j,
           -0.27218276+0.03383931j,  0.6967498 -0.66116202j]],
         input_dims=(2, 2), output_dims=(2, 2))"
