unitary
"Operator([[ 0.14873993-0.87453732j,  0.30581933+0.31570441j,
           -0.11834605+0.07239479j, -0.01703118-0.01814716j],
          [ 0.30581933+0.31570441j,  0.71834518-0.06185492j,
            0.06279007+0.51358549j, -0.11834605+0.07239479j],
          [-0.11834605+0.07239479j,  0.06279007+0.51358549j,
            0.71834518-0.06185492j,  0.30581933+0.31570441j],
          [-0.01703118-0.01814716j, -0.11834605+0.07239479j,
            0.30581933+0.31570441j,  0.14873993-0.87453732j]],
         input_dims=(2, 2), output_dims=(2, 2))"
"Operator([[ 0.14873993-0.87453732j,  0.30581933+0.31570441j,
           -0.11834605+0.07239479j, -0.01703118-0.01814716j],
          [ 0.30581933+0.31570441j,  0.71834518-0.06185492j,
            0.06279007+0.51358549j, -0.11834605+0.07239479j],
          [-0.11834605+0.07239479j,  0.06279007+0.51358549j,
            0.71834518-0.06185492j,  0.30581933+0.31570441j],
          [-0.01703118-0.01814716j, -0.11834605+0.07239479j,
            0.30581933+0.31570441j,  0.14873993-0.87453732j]],
         input_dims=(2, 2), output_dims=(2, 2))"
"Operator([[ 0.14873993-0.87453732j,  0.07077621+0.43380349j,
           -0.10903914-0.08577446j,  0.02182662-0.0119574j ],
          [ 0.43133331+0.08453585j,  0.71834518-0.06185492j,
           -0.24172981+0.4574706j , -0.10903914-0.08577446j],
          [ 0.02670911+0.13613749j,  0.3448217 +0.38575983j,
            0.71834518-0.06185492j,  0.07077621+0.43380349j],
          [-0.0133168 +0.02102483j,  0.02670911+0.13613749j,
            0.43133331+0.08453585j,  0.14873993-0.87453732j]],
         input_dims=(2, 2), output_dims=(2, 2))"
"Operator([[ 0.14873993-0.87453732j,  0.06787376-0.43426707j,
           -0.03710049-0.13368002j, -0.02241921-0.01080553j],
          [-0.43620589+0.05402925j,  0.71834518-0.06185492j,
            0.37220391-0.35941187j, -0.03710049-0.13368002j],
          [ 0.10211915+0.09390672j, -0.44782896-0.25915607j,
            0.71834518-0.06185492j,  0.06787376-0.43426707j],
          [-0.0093628 -0.02305903j,  0.10211915+0.09390672j,
           -0.43620589+0.05402925j,  0.14873993-0.87453732j]],
         input_dims=(2, 2), output_dims=(2, 2))"
"Operator([[ 0.14873993-0.87453732j,  0.30581933+0.31570441j,
           -0.11834605+0.07239479j, -0.01703118-0.01814716j],
          [ 0.30581933+0.31570441j,  0.71834518-0.06185492j,
            0.06279007+0.51358549j, -0.11834605+0.07239479j],
          [-0.11834605+0.07239479j,  0.06279007+0.51358549j,
            0.71834518-0.06185492j,  0.30581933+0.31570441j],
          [-0.01703118-0.01814716j, -0.11834605+0.07239479j,
            0.30581933+0.31570441j,  0.14873993-0.87453732j]],
         input_dims=(2, 2), output_dims=(2, 2))"
