unitary
"Operator([[ 9.41366246e-01-0.31421358j,  9.59445736e-02-0.07626825j,
            3.85208976e-03-0.00788933j, -3.12617495e-05-0.00036141j],
          [-1.16572202e-01-0.03785668j,  9.81660078e-01-0.03435118j,
            1.22345946e-01-0.07138397j,  3.85208976e-03-0.00788933j],
          [ 5.76327183e-03+0.00662305j, -1.27082794e-01-0.06256328j,
            9.81660078e-01-0.03435118j,  9.59445736e-02-0.07626825j],
          [-9.70940384e-05-0.00034953j,  5.76327183e-03+0.00662305j,
           -1.16572202e-01-0.03785668j,  9.41366246e-01-0.31421358j]],
         input_dims=(2, 2), output_dims=(2, 2))"
"Operator([[ 9.41366246e-01-0.31421358j,  2.17999268e-02+0.12061082j,
           -8.70437146e-03+0.00114631j, -6.44524569e-05-0.00035699j],
          [ 2.17999268e-02+0.12061082j,  9.81660078e-01-0.03435118j,
            5.00604995e-03+0.14155967j, -8.70437146e-03+0.00114631j],
          [-8.70437146e-03+0.00114631j,  5.00604995e-03+0.14155967j,
            9.81660078e-01-0.03435118j,  2.17999268e-02+0.12061082j],
          [-6.44524569e-05-0.00035699j, -8.70437146e-03+0.00114631j,
            2.17999268e-02+0.12061082j,  9.41366246e-01-0.31421358j]],
         input_dims=(2, 2), output_dims=(2, 2))"
"Operator([[ 9.41366246e-01-3.14213578e-01j,
            7.74912494e-02-9.49595331e-02j,
            2.17632898e-04-8.77682959e-03j,
           -2.42028541e-04-2.70218411e-04j],
          [-1.05829440e-01-6.18250463e-02j,
            9.81660078e-01-3.43511799e-02j,
            1.04327062e-01-9.58126561e-02j,
            2.17632898e-04-8.77682959e-03j],
          [ 2.48250221e-03+8.42124008e-03j,
           -1.10834533e-01-8.82037821e-02j,
            9.81660078e-01-3.43511799e-02j,
            7.74912494e-02-9.49595331e-02j],
          [ 1.32255515e-04-3.37793255e-04j,
            2.48250221e-03+8.42124008e-03j,
           -1.05829440e-01-6.18250463e-02j,
            9.41366246e-01-3.14213578e-01j]],
         input_dims=(2, 2), output_dims=(2, 2))"
"Operator([[ 9.41366246e-01-0.31421358j,  2.17999268e-02+0.12061082j,
           -8.70437146e-03+0.00114631j, -6.44524569e-05-0.00035699j],
          [ 2.17999268e-02+0.12061082j,  9.81660078e-01-0.03435118j,
            5.00604995e-03+0.14155967j, -8.70437146e-03+0.00114631j],
          [-8.70437146e-03+0.00114631j,  5.00604995e-03+0.14155967j,
            9.81660078e-01-0.03435118j,  2.17999268e-02+0.12061082j],
          [-6.44524569e-05-0.00035699j, -8.70437146e-03+0.00114631j,
            2.17999268e-02+0.12061082j,  9.41366246e-01-0.31421358j]],
         input_dims=(2, 2), output_dims=(2, 2))"
"Operator([[ 9.41366246e-01-0.31421358j,  2.17999268e-02+0.12061082j,
           -8.70437146e-03+0.00114631j, -6.44524569e-05-0.00035699j],
          [ 2.17999268e-02+0.12061082j,  9.81660078e-01-0.03435118j,
            5.00604995e-03+0.14155967j, -8.70437146e-03+0.00114631j],
          [-8.70437146e-03+0.00114631j,  5.00604995e-03+0.14155967j,
            9.81660078e-01-0.03435118j,  2.17999268e-02+0.12061082j],
          [-6.44524569e-05-0.00035699j, -8.70437146e-03+0.00114631j,
            2.17999268e-02+0.12061082j,  9.41366246e-01-0.31421358j]],
         input_dims=(2, 2), output_dims=(2, 2))"
"Operator([[ 9.41366246e-01-3.14213578e-01j,
            4.81057643e-02-1.12729952e-01j,
           -4.49448323e-03-7.54186464e-03j,
           -3.62759778e-04+1.07135050e-06j],
          [-8.45238530e-02-8.87576754e-02j,
            9.81660078e-01-3.43511799e-02j,
            7.36515508e-02-1.20994421e-01j,
           -4.49448323e-03-7.54186464e-03j],
          [-2.38868275e-03+8.44833099e-03j,
           -8.20144583e-02-1.15489522e-01j,
            9.81660078e-01-3.43511799e-02j,
            4.81057643e-02-1.12729952e-01j],
          [ 3.40231753e-04-1.25849747e-04j,
           -2.38868275e-03+8.44833099e-03j,
           -8.45238530e-02-8.87576754e-02j,
            9.41366246e-01-3.14213578e-01j]],
         input_dims=(2, 2), output_dims=(2, 2))"
"Operator([[ 9.41366246e-01-3.14213578e-01j,
            3.89670499e-02-1.16205747e-01j,
           -5.63586183e-03-6.73180237e-03j,
           -3.52161511e-04+8.70521364e-05j],
          [-7.71800794e-02-9.52126147e-02j,
            9.81660078e-01-3.43511799e-02j,
            6.37727964e-02-1.26480162e-01j,
           -5.63586183e-03-6.73180237e-03j],
          [-3.70086836e-03+7.96138651e-03j,
           -7.25478871e-02-1.21659381e-01j,
            9.81660078e-01-3.43511799e-02j,
            3.89670499e-02-1.16205747e-01j],
          [ 3.60369221e-04-4.15912089e-05j,
           -3.70086836e-03+7.96138651e-03j,
           -7.71800794e-02-9.52126147e-02j,
            9.41366246e-01-3.14213578e-01j]],
         input_dims=(2, 2), output_dims=(2, 2))"
