unitary
"Operator([[ 0.82465199-0.52438853j, -0.12205789-0.17134831j,
           -0.01771819+0.01974216j,  0.00181389+0.00064699j],
          [-0.00182632-0.21036881j,  0.94479879-0.055316j  ,
           -0.08709928-0.22747977j, -0.01771819+0.01974216j],
          [-0.02462316-0.00986848j,  0.05899051-0.23633334j,
            0.94479879-0.055316j  , -0.12205789-0.17134831j],
          [-0.00109162+0.00158656j, -0.02462316-0.00986848j,
           -0.00182632-0.21036881j,  0.82465199-0.52438853j]],
         input_dims=(2, 2), output_dims=(2, 2))"
"Operator([[ 0.82465199-0.52438853j, -0.18002307+0.10885802j,
            0.02047277-0.01686869j, -0.00103585+0.00162352j],
          [ 0.20963886-0.01760463j,  0.94479879-0.055316j  ,
           -0.23337345+0.06978654j,  0.02047277-0.01686869j],
          [ 0.02582259+0.00607296j,  0.24009314+0.04109273j,
            0.94479879-0.055316j  , -0.18002307+0.10885802j],
          [ 0.00179032+0.0007096j ,  0.02582259+0.00607296j,
            0.20963886-0.01760463j,  0.82465199-0.52438853j]],
         input_dims=(2, 2), output_dims=(2, 2))"
"Operator([[ 8.24651986e-01-0.52438853j,  2.03860654e-02+0.20938668j,
           -2.59747146e-02-0.00538528j,  6.37757112e-04-0.00181716j],
          [ 1.06458600e-01+0.18145231j,  9.44798788e-01-0.055316j  ,
           -3.79018442e-02+0.2406175j , -2.59747146e-02-0.00538528j],
          [-2.09133861e-02+0.01631923j,  6.66823278e-02+0.23427931j,
            9.44798788e-01-0.055316j  ,  2.03860654e-02+0.20938668j],
          [-1.58098698e-03-0.00109967j, -2.09133861e-02+0.01631923j,
            1.06458600e-01+0.18145231j,  8.24651986e-01-0.52438853j]],
         input_dims=(2, 2), output_dims=(2, 2))"
"Operator([[ 8.24651986e-01-0.52438853j,  6.49420862e-02+0.20010222j,
           -2.58339895e-02+0.00602429j, -5.92551551e-04-0.0018324j ],
          [ 6.49420862e-02+0.20010222j,  9.44798788e-01-0.055316j  ,
            1.47350671e-02+0.24313825j, -2.58339895e-02+0.00602429j],
          [-2.58339895e-02+0.00602429j,  1.47350671e-02+0.24313825j,
            9.44798788e-01-0.055316j  ,  6.49420862e-02+0.20010222j],
          [-5.92551551e-04-0.0018324j , -2.58339895e-02+0.00602429j,
            6.49420862e-02+0.20010222j,  8.24651986e-01-0.52438853j]],
         input_dims=(2, 2), output_dims=(2, 2))"
"Operator([[ 0.82465199-5.24388532e-01j, -0.03965085+2.06606350e-01j,
           -0.01890021-1.86136855e-02j,  0.00179321-7.02274265e-04j],
          [ 0.15342071+1.43946027e-01j,  0.94479879-5.53159953e-02j,
           -0.10439081+2.20081547e-01j, -0.01890021-1.86136855e-02j],
          [-0.00871726+2.50538698e-02j,  0.13020468+2.05864202e-01j,
            0.94479879-5.53159953e-02j, -0.03965085+2.06606350e-01j],
          [-0.00186488+4.80660035e-04j, -0.00871726+2.50538698e-02j,
            0.15342071+1.43946027e-01j,  0.82465199-5.24388532e-01j]],
         input_dims=(2, 2), output_dims=(2, 2))"
"Operator([[ 8.24651986e-01-0.52438853j,  6.49420862e-02+0.20010222j,
           -2.58339895e-02+0.00602429j, -5.92551551e-04-0.0018324j ],
          [ 6.49420862e-02+0.20010222j,  9.44798788e-01-0.055316j  ,
            1.47350671e-02+0.24313825j, -2.58339895e-02+0.00602429j],
          [-2.58339895e-02+0.00602429j,  1.47350671e-02+0.24313825j,
            9.44798788e-01-0.055316j  ,  6.49420862e-02+0.20010222j],
          [-5.92551551e-04-0.0018324j , -2.58339895e-02+0.00602429j,
            6.49420862e-02+0.20010222j,  8.24651986e-01-0.52438853j]],
         input_dims=(2, 2), output_dims=(2, 2))"
"Operator([[ 0.82465199-5.24388532e-01j,  0.01833906-2.09575887e-01j,
           -0.02228859-1.43842181e-02j, -0.00149717+1.21131630e-03j],
          [-0.13791444-1.58864663e-01j,  0.94479879-5.53159953e-02j,
            0.08136393-2.29593642e-01j, -0.02228859-1.43842181e-02j],
          [-0.01362697+2.27594545e-02j, -0.10849504-2.18087493e-01j,
            0.94479879-5.53159953e-02j,  0.01833906-2.09575887e-01j],
          [ 0.00192294+1.05338718e-04j, -0.01362697+2.27594545e-02j,
           -0.13791444-1.58864663e-01j,  0.82465199-5.24388532e-01j]],
         input_dims=(2, 2), output_dims=(2, 2))"
"Operator([[ 8.24651986e-01-0.52438853j,  6.49420862e-02+0.20010222j,
           -2.58339895e-02+0.00602429j, -5.92551551e-04-0.0018324j ],
          [ 6.49420862e-02+0.20010222j,  9.44798788e-01-0.055316j  ,
            1.47350671e-02+0.24313825j, -2.58339895e-02+0.00602429j],
          [-2.58339895e-02+0.00602429j,  1.47350671e-02+0.24313825j,
            9.44798788e-01-0.055316j  ,  6.49420862e-02+0.20010222j],
          [-5.92551551e-04-0.0018324j , -2.58339895e-02+0.00602429j,
            6.49420862e-02+0.20010222j,  8.24651986e-01-0.52438853j]],
         input_dims=(2, 2), output_dims=(2, 2))"
