unitary
"Operator([[ 9.85214685e-01-1.59807648e-01j,
           -3.83917118e-02-4.83192393e-02j,
           -7.37935658e-04+2.07854352e-03j,
            4.39161656e-05-1.19068107e-05j],
          [ 2.91952660e-02-5.43719492e-02j,
            9.95385996e-01-1.76857145e-02j,
           -4.02400887e-02-5.88313912e-02j,
           -7.37935658e-04+2.07854352e-03j],
          [-1.00302419e-03-1.96439168e-03j,
            3.81192449e-02-6.02272405e-02j,
            9.95385996e-01-1.76857145e-02j,
           -3.83917118e-02-4.83192393e-02j],
          [-4.53328120e-05-3.91636244e-06j,
           -1.00302419e-03-1.96439168e-03j,
            2.91952660e-02-5.43719492e-02j,
            9.85214685e-01-1.59807648e-01j]],
         input_dims=(2, 2), output_dims=(2, 2))"
"Operator([[ 9.85214685e-01-1.59807648e-01j,
           -4.61440598e-02-4.09804608e-02j,
            1.15523859e-05+2.20561981e-03j,
            3.22087417e-05-3.21402971e-05j],
          [ 3.81282376e-02-4.85274141e-02j,
            9.95385996e-01-1.76857145e-02j,
           -4.97763088e-02-5.10168248e-02j,
            1.15523859e-05+2.20561981e-03j],
          [-2.76545995e-04-2.18824462e-03j,
            4.79277353e-02-5.27572699e-02j,
            9.95385996e-01-1.76857145e-02j,
           -4.61440598e-02-4.09804608e-02j],
          [-3.74057724e-05-2.59077196e-05j,
           -2.76545995e-04-2.18824462e-03j,
            3.81282376e-02-4.85274141e-02j,
            9.85214685e-01-1.59807648e-01j]],
         input_dims=(2, 2), output_dims=(2, 2))"
"Operator([[ 9.85214685e-01-1.59807648e-01j,
            5.50476864e-03+6.14684467e-02j,
           -2.20092402e-03+1.44310927e-04j,
           -4.05752853e-06-4.53203950e-05j],
          [ 5.50476864e-03+6.14684467e-02j,
            9.95385996e-01-1.76857145e-02j,
            1.26948548e-03+7.12656000e-02j,
           -2.20092402e-03+1.44310927e-04j],
          [-2.20092402e-03+1.44310927e-04j,
            1.26948548e-03+7.12656000e-02j,
            9.95385996e-01-1.76857145e-02j,
            5.50476864e-03+6.14684467e-02j],
          [-4.05752853e-06-4.53203950e-05j,
           -2.20092402e-03+1.44310927e-04j,
            5.50476864e-03+6.14684467e-02j,
            9.85214685e-01-1.59807648e-01j]],
         input_dims=(2, 2), output_dims=(2, 2))"
"Operator([[ 9.85214685e-01-1.59807648e-01j,
            5.50476864e-03+6.14684467e-02j,
           -2.20092402e-03+1.44310927e-04j,
           -4.05752853e-06-4.53203950e-05j],
          [ 5.50476864e-03+6.14684467e-02j,
            9.95385996e-01-1.76857145e-02j,
            1.26948548e-03+7.12656000e-02j,
           -2.20092402e-03+1.44310927e-04j],
          [-2.20092402e-03+1.44310927e-04j,
            1.26948548e-03+7.12656000e-02j,
            9.95385996e-01-1.76857145e-02j,
            5.50476864e-03+6.14684467e-02j],
          [-4.05752853e-06-4.53203950e-05j,
           -2.20092402e-03+1.44310927e-04j,
            5.50476864e-03+6.14684467e-02j,
            9.85214685e-01-1.59807648e-01j]],
         input_dims=(2, 2), output_dims=(2, 2))"
"Operator([[ 9.85214685e-01-1.59807648e-01j,
           -5.97715792e-02-1.53632922e-02j,
            1.79981946e-03+1.27496749e-03j,
           -2.70775958e-05-3.65678212e-05j],
          [ 5.60906653e-02-2.57392637e-02j,
            9.95385996e-01-1.76857145e-02j,
           -6.75889167e-02-2.26304146e-02j,
            1.79981946e-03+1.27496749e-03j],
          [ 1.61793085e-03-1.49906369e-03j,
            6.67400406e-02-2.50232754e-02j,
            9.95385996e-01-1.76857145e-02j,
           -5.97715792e-02-1.53632922e-02j],
          [ 2.01512052e-05-4.07962090e-05j,
            1.61793085e-03-1.49906369e-03j,
            5.60906653e-02-2.57392637e-02j,
            9.85214685e-01-1.59807648e-01j]],
         input_dims=(2, 2), output_dims=(2, 2))"
"Operator([[ 9.85214685e-01-1.59807648e-01j,
           -6.13019871e-02-7.12311751e-03j,
            2.07604508e-03+7.44935571e-04j,
           -3.93578957e-05-2.28332605e-05j],
          [ 5.90608658e-02-1.79021382e-02j,
            9.95385996e-01-1.76857145e-02j,
           -7.00318666e-02-1.32640489e-02j,
            2.07604508e-03+7.44935571e-04j],
          [ 1.96100062e-03-1.00963794e-03j,
            6.95150291e-02-1.57498591e-02j,
            9.95385996e-01-1.76857145e-02j,
           -6.13019871e-02-7.12311751e-03j],
          [ 3.46759532e-05-2.94615005e-05j,
            1.96100062e-03-1.00963794e-03j,
            5.90608658e-02-1.79021382e-02j,
            9.85214685e-01-1.59807648e-01j]],
         input_dims=(2, 2), output_dims=(2, 2))"
"Operator([[ 9.85214685e-01-1.59807648e-01j,
           -6.17024399e-02+1.21710224e-03j,
            2.19966061e-03+1.62435763e-04j,
           -4.51772304e-05-5.42398332e-06j],
          [ 6.09368679e-02-9.76578493e-03j,
            9.95385996e-01-1.76857145e-02j,
           -7.11813681e-02-3.68919507e-03j,
            2.19966061e-03+1.62435763e-04j],
          [ 2.15961789e-03-4.48266403e-04j,
            7.10048153e-02-6.22202009e-03j,
            9.95385996e-01-1.76857145e-02j,
           -6.17024399e-02+1.21710224e-03j],
          [ 4.34952508e-05-1.33628180e-05j,
            2.15961789e-03-4.48266403e-04j,
            6.09368679e-02-9.76578493e-03j,
            9.85214685e-01-1.59807648e-01j]],
         input_dims=(2, 2), output_dims=(2, 2))"
"Operator([[ 9.85214685e-01-1.59807648e-01j,
           -6.10278692e-02+9.17995692e-03j,
            2.16783127e-03-4.06693741e-04j,
           -4.38622435e-05+1.21039390e-05j],
          [ 6.16879010e-02-1.80977779e-03j,
            9.95385996e-01-1.76857145e-02j,
           -7.10613096e-02+5.53963994e-03j,
            2.16783127e-03-4.06693741e-04j],
          [ 2.20237531e-03+1.20146566e-04j,
            7.12135232e-02+3.00523577e-03j,
            9.95385996e-01-1.76857145e-02j,
           -6.10278692e-02+9.17995692e-03j],
          [ 4.53147645e-05+4.11993409e-06j,
            2.20237531e-03+1.20146566e-04j,
            6.16879010e-02-1.80977779e-03j,
            9.85214685e-01-1.59807648e-01j]],
         input_dims=(2, 2), output_dims=(2, 2))"
"Operator([[ 9.85214685e-01-1.59807648e-01j,
           -5.94834818e-02+1.64434732e-02j,
            2.00829707e-03-9.11940288e-04j,
           -3.67545247e-05+2.68236213e-05j],
          [ 6.14586972e-02+5.61257132e-03j,
            9.95385996e-01-1.76857145e-02j,
           -6.98815212e-02+1.40346119e-02j,
            2.00829707e-03-9.11940288e-04j],
          [ 2.11017970e-03+6.41898618e-04j,
            7.03370366e-02+1.15368370e-02j,
            9.95385996e-01-1.76857145e-02j,
           -5.94834818e-02+1.64434732e-02j],
          [ 4.09348283e-05+1.98681045e-05j,
            2.11017970e-03+6.41898618e-04j,
            6.14586972e-02+5.61257132e-03j,
            9.85214685e-01-1.59807648e-01j]],
         input_dims=(2, 2), output_dims=(2, 2))"
"Operator([[ 9.85214685e-01-1.59807648e-01j,
           -5.73060463e-02+2.29061013e-02j,
            1.75939457e-03-1.33019658e-03j,
           -2.60168070e-05+3.73299812e-05j],
          [ 6.04642138e-02+1.23592587e-02j,
            9.95385996e-01-1.76857145e-02j,
           -6.79063798e-02+2.16591993e-02j,
            1.75939457e-03-1.33019658e-03j],
          [ 1.91802215e-03+1.08907448e-03j,
            6.86347024e-02+1.92269330e-02j,
            9.95385996e-01-1.76857145e-02j,
           -5.73060463e-02+2.29061013e-02j],
          [ 3.22341864e-05+3.21147780e-05j,
            1.91802215e-03+1.08907448e-03j,
            6.04642138e-02+1.23592587e-02j,
            9.85214685e-01-1.59807648e-01j]],
         input_dims=(2, 2), output_dims=(2, 2))"
"Operator([[ 9.85214685e-01-1.59807648e-01j,
           -5.46954491e-02+2.85846159e-02j,
            1.45570505e-03-1.65705009e-03j,
           -1.36520516e-05+4.34053364e-05j],
          [ 5.89041370e-02+1.84112754e-02j,
            9.95385996e-01-1.76857145e-02j,
           -6.53675380e-02+2.84162331e-02j,
            1.45570505e-03-1.65705009e-03j],
          [ 1.65961170e-03+1.45278395e-03j,
            6.63381271e-02+2.60701021e-02j,
            9.95385996e-01-1.76857145e-02j,
           -5.46954491e-02+2.85846159e-02j],
          [ 2.11452775e-05+4.02899365e-05j,
            1.65961170e-03+1.45278395e-03j,
            5.89041370e-02+1.84112754e-02j,
            9.85214685e-01-1.59807648e-01j]],
         input_dims=(2, 2), output_dims=(2, 2))"
"Operator([[ 9.85214685e-01-1.59807648e-01j,
            5.50476864e-03+6.14684467e-02j,
           -2.20092402e-03+1.44310927e-04j,
           -4.05752853e-06-4.53203950e-05j],
          [ 5.50476864e-03+6.14684467e-02j,
            9.95385996e-01-1.76857145e-02j,
            1.26948548e-03+7.12656000e-02j,
           -2.20092402e-03+1.44310927e-04j],
          [-2.20092402e-03+1.44310927e-04j,
            1.26948548e-03+7.12656000e-02j,
            9.95385996e-01-1.76857145e-02j,
            5.50476864e-03+6.14684467e-02j],
          [-4.05752853e-06-4.53203950e-05j,
           -2.20092402e-03+1.44310927e-04j,
            5.50476864e-03+6.14684467e-02j,
            9.85214685e-01-1.59807648e-01j]],
         input_dims=(2, 2), output_dims=(2, 2))"
"Operator([[ 9.85214685e-01-1.59807648e-01j,
           -4.90105122e-02+3.75052278e-02j,
            8.13153048e-04-2.05028640e-03j,
            9.49035442e-06+4.45009541e-05j],
          [ 5.48947085e-02+2.82000602e-02j,
            9.95385996e-01-1.76857145e-02j,
           -5.95545876e-02+3.91618236e-02j,
            8.13153048e-04-2.05028640e-03j],
          [ 1.07390792e-03+1.92655495e-03j,
            6.09115750e-02+3.70159069e-02j,
            9.95385996e-01-1.76857145e-02j,
           -4.90105122e-02+3.75052278e-02j],
          [-1.43445735e-06+4.54790509e-05j,
            1.07390792e-03+1.92655495e-03j,
            5.48947085e-02+2.82000602e-02j,
            9.85214685e-01-1.59807648e-01j]],
         input_dims=(2, 2), output_dims=(2, 2))"
"Operator([[ 9.85214685e-01-1.59807648e-01j,
            5.50476864e-03+6.14684467e-02j,
           -2.20092402e-03+1.44310927e-04j,
           -4.05752853e-06-4.53203950e-05j],
          [ 5.50476864e-03+6.14684467e-02j,
            9.95385996e-01-1.76857145e-02j,
            1.26948548e-03+7.12656000e-02j,
           -2.20092402e-03+1.44310927e-04j],
          [-2.20092402e-03+1.44310927e-04j,
            1.26948548e-03+7.12656000e-02j,
            9.95385996e-01-1.76857145e-02j,
            5.50476864e-03+6.14684467e-02j],
          [-4.05752853e-06-4.53203950e-05j,
           -2.20092402e-03+1.44310927e-04j,
            5.50476864e-03+6.14684467e-02j,
            9.85214685e-01-1.59807648e-01j]],
         input_dims=(2, 2), output_dims=(2, 2))"
