unitary
"Operator([[-1.54237267e-04-0.86654891j,  3.55821921e-01+0.30596449j,
           -1.36562893e-01+0.09538647j, -2.49012830e-02-0.02239153j],
          [ 3.55821921e-01+0.30596449j,  6.63892045e-01-0.04981138j,
            7.05879882e-02+0.55119144j, -1.36562893e-01+0.09538647j],
          [-1.36562893e-01+0.09538647j,  7.05879882e-02+0.55119144j,
            6.63892045e-01-0.04981138j,  3.55821921e-01+0.30596449j],
          [-2.49012830e-02-0.02239153j, -1.36562893e-01+0.09538647j,
            3.55821921e-01+0.30596449j, -1.54237267e-04-0.86654891j]],
         input_dims=(2, 2), output_dims=(2, 2))"
"Operator([[-1.54237267e-04-0.86654891j,  1.07068300e-01-0.45690249j,
            1.74833893e-04-0.16657722j, -2.17697850e-02-0.02544663j],
          [-4.35703727e-01+0.17431515j,  6.63892045e-01-0.04981138j,
            4.56301354e-01-0.3171494j ,  1.74833893e-04-0.16657722j],
          [ 1.56458962e-01+0.05717163j, -5.21496083e-01-0.19192838j,
            6.63892045e-01-0.04981138j,  1.07068300e-01-0.45690249j],
          [-2.76077898e-02-0.01895428j,  1.56458962e-01+0.05717163j,
           -4.35703727e-01+0.17431515j, -1.54237267e-04-0.86654891j]],
         input_dims=(2, 2), output_dims=(2, 2))"
"Operator([[-1.54237267e-04-0.86654891j,  2.85748838e-01+0.37225141j,
           -1.63326406e-01+0.03274885j, -7.33065635e-03-0.03267593j],
          [ 4.10861934e-01+0.22675092j,  6.63892045e-01-0.04981138j,
           -4.35980305e-02+0.55398004j, -1.63326406e-01+0.03274885j],
          [-8.69646341e-02+0.14207447j,  1.81791745e-01+0.52511563j,
            6.63892045e-01-0.04981138j,  2.85748838e-01+0.37225141j],
          [-3.32682618e-02-0.00383111j, -8.69646341e-02+0.14207447j,
            4.10861934e-01+0.22675092j, -1.54237267e-04-0.86654891j]],
         input_dims=(2, 2), output_dims=(2, 2))"
"Operator([[-1.54237267e-04-0.86654891j, -2.18399558e-01-0.41536146j,
           -1.64869322e-01-0.02379304j, -9.61221354e-03+0.03207897j],
          [-4.43394782e-01-0.15370288j,  6.63892045e-01-0.04981138j,
            1.37019714e-01-0.5385353j , -1.64869322e-01-0.02379304j],
          [-3.44087174e-02+0.16298479j, -2.68306541e-01-0.48662744j,
            6.63892045e-01-0.04981138j, -2.18399558e-01-0.41536146j],
          [ 3.08814450e-02-0.01295342j, -3.44087174e-02+0.16298479j,
           -4.43394782e-01-0.15370288j, -1.54237267e-04-0.86654891j]],
         input_dims=(2, 2), output_dims=(2, 2))"
"Operator([[-1.54237267e-04-0.86654891j,  3.55821921e-01+0.30596449j,
           -1.36562893e-01+0.09538647j, -2.49012830e-02-0.02239153j],
          [ 3.55821921e-01+0.30596449j,  6.63892045e-01-0.04981138j,
            7.05879882e-02+0.55119144j, -1.36562893e-01+0.09538647j],
          [-1.36562893e-01+0.09538647j,  7.05879882e-02+0.55119144j,
            6.63892045e-01-0.04981138j,  3.55821921e-01+0.30596449j],
          [-2.49012830e-02-0.02239153j, -1.36562893e-01+0.09538647j,
            3.55821921e-01+0.30596449j, -1.54237267e-04-0.86654891j]],
         input_dims=(2, 2), output_dims=(2, 2))"
"Operator([[-1.54237267e-04-0.86654891j, -1.30524264e-02-0.46909822j,
           -8.20376891e-02-0.14497524j, -3.33552386e-02-0.00298039j],
          [-4.65758877e-01+0.05737751j,  6.63892045e-01-0.04981138j,
            3.60279362e-01-0.42307617j, -8.20376891e-02-0.14497524j],
          [ 1.07879430e-01+0.1269253j , -4.55265996e-01-0.31863387j,
            6.63892045e-01-0.04981138j, -1.30524264e-02-0.46909822j],
          [-6.49391739e-03-0.03285245j,  1.07879430e-01+0.1269253j ,
           -4.65758877e-01+0.05737751j, -1.54237267e-04-0.86654891j]],
         input_dims=(2, 2), output_dims=(2, 2))"
