unitary
"Operator([[ 9.20523801e-01-3.63571888e-01j,
           -7.32977176e-02+1.22214563e-01j,
           -2.66732047e-03-1.16195456e-02j,
            5.13346862e-04+2.59250723e-04j],
          [ 1.16552295e-01+8.20031548e-02j,
            9.75113011e-01-3.95084415e-02j,
           -1.07123179e-01+1.25168843e-01j,
           -2.66732047e-03-1.16195456e-02j],
          [ 9.51178753e-04+1.18837577e-02j,
            1.17035453e-01+1.15953945e-01j,
            9.75113011e-01-3.95084415e-02j,
           -7.32977176e-02+1.22214563e-01j],
          [-3.64435162e-04+4.44885323e-04j,
            9.51178753e-04+1.18837577e-02j,
            1.16552295e-01+8.20031548e-02j,
            9.20523801e-01-3.63571888e-01j]],
         input_dims=(2, 2), output_dims=(2, 2))"
"Operator([[ 9.20523801e-01-3.63571888e-01j,
           -6.73347824e-02+1.25598495e-01j,
           -3.77140800e-03-1.13095057e-02j,
            5.45300056e-04+1.82712305e-04j],
          [ 1.12473334e-01+8.75140225e-02j,
            9.75113011e-01-3.95084415e-02j,
           -1.00979007e-01+1.30176246e-01j,
           -3.77140800e-03-1.13095057e-02j],
          [-1.95036018e-04+1.19201677e-02j,
            1.11323014e-01+1.21448760e-01j,
            9.75113011e-01-3.95084415e-02j,
           -6.73347824e-02+1.25598495e-01j],
          [-4.24639572e-04+3.87836528e-04j,
           -1.95036018e-04+1.19201677e-02j,
            1.12473334e-01+8.75140225e-02j,
            9.20523801e-01-3.63571888e-01j]],
         input_dims=(2, 2), output_dims=(2, 2))"
"Operator([[ 9.20523801e-01-0.36357189j, -9.16120712e-02+0.10916127j,
            1.07522018e-03-0.01187318j,  3.38444915e-04+0.00046496j],
          [ 1.28001849e-01+0.06264568j,  9.75113011e-01-0.03950844j,
           -1.25481088e-01+0.10675725j,  1.07522018e-03-0.01187318j],
          [ 4.59669867e-03+0.01099995j,  1.33820216e-01+0.09609768j,
            9.75113011e-01-0.03950844j, -9.16120712e-02+0.10916127j],
          [-1.21224232e-04+0.00056217j,  4.59669867e-03+0.01099995j,
            1.28001849e-01+0.06264568j,  9.20523801e-01-0.36357189j]],
         input_dims=(2, 2), output_dims=(2, 2))"
"Operator([[ 9.20523801e-01-0.36357189j, -1.13450443e-01+0.08624356j,
            6.08336774e-03-0.01025286j, -2.21834521e-05+0.00057467j],
          [ 1.38673532e-01+0.03284214j,  9.75113011e-01-0.03950844j,
           -1.45953119e-01+0.07642187j,  6.08336774e-03-0.01025286j],
          [ 8.88556179e-03+0.00794828j,  1.51733274e-01+0.06418433j,
            9.75113011e-01-0.03950844j, -1.13450443e-01+0.08624356j],
          [ 2.52942047e-04+0.00051648j,  8.88556179e-03+0.00794828j,
            1.38673532e-01+0.03284214j,  9.20523801e-01-0.36357189j]],
         input_dims=(2, 2), output_dims=(2, 2))"
"Operator([[ 9.20523801e-01-0.36357189j, -1.19930086e-01+0.07697876j,
            7.62731763e-03-0.00916256j, -1.57077409e-04+0.00055323j],
          [ 1.40840584e-01+0.02174592j,  9.75113011e-01-0.03950844j,
           -1.51551897e-01+0.06461143j,  7.62731763e-03-0.00916256j],
          [ 1.00300693e-02+0.00644408j,  1.56343773e-01+0.05195421j,
            9.75113011e-01-0.03950844j, -1.19930086e-01+0.07697876j],
          [ 3.67606668e-04+0.00044227j,  1.00300693e-02+0.00644408j,
            1.40840584e-01+0.02174592j,  9.20523801e-01-0.36357189j]],
         input_dims=(2, 2), output_dims=(2, 2))"
"Operator([[ 9.20523801e-01-0.36357189j, -1.19887689e-01+0.07704477j,
            7.61722451e-03-0.00917095j, -1.56163490e-04+0.00055349j],
          [ 1.40828591e-01+0.02182345j,  9.75113011e-01-0.03950844j,
           -1.51516303e-01+0.06469486j,  7.61722451e-03-0.00917095j],
          [ 1.00229679e-02+0.00645512j,  1.56315147e-01+0.05204027j,
            9.75113011e-01-0.03950844j, -1.19887689e-01+0.07704477j],
          [ 3.66875723e-04+0.00044287j,  1.00229679e-02+0.00645512j,
            1.40828591e-01+0.02182345j,  9.20523801e-01-0.36357189j]],
         input_dims=(2, 2), output_dims=(2, 2))"
"Operator([[ 9.20523801e-01-0.36357189j, -1.18770905e-01+0.07875549j,
            7.35118306e-03-0.00938555j, -1.32222263e-04+0.00055969j],
          [ 1.40501273e-01+0.02384004j,  9.75113011e-01-0.03950844j,
           -1.50573310e-01+0.06686025j,  7.35118306e-03-0.00938555j],
          [ 9.83379455e-03+0.0067398j ,  1.55553068e-01+0.05427576j,
            9.75113011e-01-0.03950844j, -1.18770905e-01+0.07875549j],
          [ 3.47495387e-04+0.00045824j,  9.83379455e-03+0.0067398j ,
            1.40501273e-01+0.02384004j,  9.20523801e-01-0.36357189j]],
         input_dims=(2, 2), output_dims=(2, 2))"
"Operator([[ 9.20523801e-01-0.36357189j,  2.95292899e-02+0.13941656j,
           -1.17829369e-02+0.00181407j, -1.18990440e-04-0.00056265j],
          [ 2.95292899e-02+0.13941656j,  9.75113011e-01-0.03950844j,
            6.76696943e-03+0.16461113j, -1.17829369e-02+0.00181407j],
          [-1.17829369e-02+0.00181407j,  6.76696943e-03+0.16461113j,
            9.75113011e-01-0.03950844j,  2.95292899e-02+0.13941656j],
          [-1.18990440e-04-0.00056265j, -1.17829369e-02+0.00181407j,
            2.95292899e-02+0.13941656j,  9.20523801e-01-0.36357189j]],
         input_dims=(2, 2), output_dims=(2, 2))"
"Operator([[ 9.20523801e-01-0.36357189j,  2.95292899e-02+0.13941656j,
           -1.17829369e-02+0.00181407j, -1.18990440e-04-0.00056265j],
          [ 2.95292899e-02+0.13941656j,  9.75113011e-01-0.03950844j,
            6.76696943e-03+0.16461113j, -1.17829369e-02+0.00181407j],
          [-1.17829369e-02+0.00181407j,  6.76696943e-03+0.16461113j,
            9.75113011e-01-0.03950844j,  2.95292899e-02+0.13941656j],
          [-1.18990440e-04-0.00056265j, -1.17829369e-02+0.00181407j,
            2.95292899e-02+0.13941656j,  9.20523801e-01-0.36357189j]],
         input_dims=(2, 2), output_dims=(2, 2))"
"Operator([[ 9.20523801e-01-3.63571888e-01j,
            1.42172628e-01+9.79278816e-03j,
            1.09703041e-02+4.66699741e-03j,
            4.66695896e-04+3.36051899e-04j],
          [-1.25993835e-01+6.65921059e-02j,
            9.75113011e-01-3.95084415e-02j,
            1.60167770e-01+3.85862681e-02j,
            1.09703041e-02+4.66699741e-03j],
          [ 9.05853089e-03-7.75057776e-03j,
           -1.56460217e-01+5.16024716e-02j,
            9.75113011e-01-3.95084415e-02j,
            1.42172628e-01+9.79278816e-03j],
          [-2.90685017e-04+4.96223900e-04j,
            9.05853089e-03-7.75057776e-03j,
           -1.25993835e-01+6.65921059e-02j,
            9.20523801e-01-3.63571888e-01j]],
         input_dims=(2, 2), output_dims=(2, 2))"
"Operator([[ 9.20523801e-01-0.36357189j,  2.95292899e-02+0.13941656j,
           -1.17829369e-02+0.00181407j, -1.18990440e-04-0.00056265j],
          [ 2.95292899e-02+0.13941656j,  9.75113011e-01-0.03950844j,
            6.76696943e-03+0.16461113j, -1.17829369e-02+0.00181407j],
          [-1.17829369e-02+0.00181407j,  6.76696943e-03+0.16461113j,
            9.75113011e-01-0.03950844j,  2.95292899e-02+0.13941656j],
          [-1.18990440e-04-0.00056265j, -1.17829369e-02+0.00181407j,
            2.95292899e-02+0.13941656j,  9.20523801e-01-0.36357189j]],
         input_dims=(2, 2), output_dims=(2, 2))"
"Operator([[ 9.20523801e-01-3.63571888e-01j,
            8.56977280e-03-1.42251587e-01j,
           -1.10489488e-02-4.47762969e-03j,
           -3.23900806e-04+4.75209644e-04j],
          [-6.55061242e-02-1.26561853e-01j,
            9.75113011e-01-3.95084415e-02j,
            3.72074337e-02-1.60493681e-01j,
           -1.10489488e-02-4.47762969e-03j],
          [-9.19049261e-03+7.59363438e-03j,
           -5.02550400e-02-1.56898202e-01j,
            9.75113011e-01-3.95084415e-02j,
            8.56977280e-03-1.42251587e-01j],
          [ 4.88560019e-04+3.03389265e-04j,
           -9.19049261e-03+7.59363438e-03j,
           -6.55061242e-02-1.26561853e-01j,
            9.20523801e-01-3.63571888e-01j]],
         input_dims=(2, 2), output_dims=(2, 2))"
