unitary
"Operator([[ 8.24651986e-01-0.52438853j,  2.10374792e-01+0.00090572j,
            2.43585725e-02+0.01050462j,  1.54283692e-03+0.00115258j],
          [-1.69748799e-01+0.12427276j,  9.44798788e-01-0.055316j  ,
            2.35547353e-01+0.06205461j,  2.43585725e-02+0.01050462j],
          [ 1.71995036e-02-0.02019565j, -2.26329498e-01+0.09004603j,
            9.44798788e-01-0.055316j  ,  2.10374792e-01+0.00090572j],
          [-5.75848701e-04+0.00183771j,  1.71995036e-02-0.02019565j,
           -1.69748799e-01+0.12427276j,  8.24651986e-01-0.52438853j]],
         input_dims=(2, 2), output_dims=(2, 2))"
"Operator([[ 8.24651986e-01-0.52438853j,  6.49420862e-02+0.20010222j,
           -2.58339895e-02+0.00602429j, -5.92551551e-04-0.0018324j ],
          [ 6.49420862e-02+0.20010222j,  9.44798788e-01-0.055316j  ,
            1.47350671e-02+0.24313825j, -2.58339895e-02+0.00602429j],
          [-2.58339895e-02+0.00602429j,  1.47350671e-02+0.24313825j,
            9.44798788e-01-0.055316j  ,  6.49420862e-02+0.20010222j],
          [-5.92551551e-04-0.0018324j , -2.58339895e-02+0.00602429j,
            6.49420862e-02+0.20010222j,  8.24651986e-01-0.52438853j]],
         input_dims=(2, 2), output_dims=(2, 2))"
"Operator([[ 0.82465199-0.52438853j,  0.17990802-0.10904806j,
            0.0204371 -0.01691189j,  0.0010307 -0.00162679j],
          [-0.20965733+0.01738325j,  0.94479879-0.055316j  ,
            0.23329963-0.07003294j,  0.0204371 -0.01691189j],
          [ 0.02580971+0.00612748j, -0.24004962-0.04134624j,
            0.94479879-0.055316j  ,  0.17990802-0.10904806j],
          [-0.00178807-0.00071527j,  0.02580971+0.00612748j,
           -0.20965733+0.01738325j,  0.82465199-0.52438853j]],
         input_dims=(2, 2), output_dims=(2, 2))"
"Operator([[ 8.24651986e-01-0.52438853j,  6.49420862e-02+0.20010222j,
           -2.58339895e-02+0.00602429j, -5.92551551e-04-0.0018324j ],
          [ 6.49420862e-02+0.20010222j,  9.44798788e-01-0.055316j  ,
            1.47350671e-02+0.24313825j, -2.58339895e-02+0.00602429j],
          [-2.58339895e-02+0.00602429j,  1.47350671e-02+0.24313825j,
            9.44798788e-01-0.055316j  ,  6.49420862e-02+0.20010222j],
          [-5.92551551e-04-0.0018324j , -2.58339895e-02+0.00602429j,
            6.49420862e-02+0.20010222j,  8.24651986e-01-0.52438853j]],
         input_dims=(2, 2), output_dims=(2, 2))"
"Operator([[ 0.82465199-0.52438853j, -0.12441226-0.16964658j,
           -0.01716628+0.0202239j ,  0.00183913+0.00057131j],
          [ 0.00107866-0.21037398j,  0.94479879-0.055316j  ,
           -0.09023206-0.2262554j , -0.01716628+0.0202239j ],
          [-0.02434127-0.01054465j,  0.06224822-0.23549626j,
            0.94479879-0.055316j  , -0.12441226-0.16964658j],
          [-0.00115639+0.00153999j, -0.02434127-0.01054465j,
            0.00107866-0.21037398j,  0.82465199-0.52438853j]],
         input_dims=(2, 2), output_dims=(2, 2))"
"Operator([[ 8.24651986e-01-0.52438853j, -1.15817628e-01+0.17562645j,
           -1.66300540e-04-0.02652658j,  1.33219738e-03+0.0013907j ],
          [ 1.96878792e-01+0.07414253j,  9.44798788e-01-0.055316j  ,
           -1.80777845e-01+0.16325655j, -1.66300540e-04-0.02652658j],
          [ 1.15843922e-02+0.02386397j,  1.99170258e-01+0.1402303j ,
            9.44798788e-01-0.055316j  , -1.15817628e-01+0.17562645j],
          [-2.65670529e-04+0.00190741j,  1.15843922e-02+0.02386397j,
            1.96878792e-01+0.07414253j,  8.24651986e-01-0.52438853j]],
         input_dims=(2, 2), output_dims=(2, 2))"
"Operator([[ 8.24651986e-01-0.52438853j, -1.49468968e-01+0.14804527j,
            1.05280016e-02-0.02434848j,  2.73204763e-04+0.00190635j],
          [ 2.07920051e-01+0.03205661j,  9.44798788e-01-0.055316j  ,
           -2.10495231e-01+0.12257686j,  1.05280016e-02-0.02434848j],
          [ 2.02121512e-02+0.01718011j,  2.23757518e-01+0.09625956j,
            9.44798788e-01-0.055316j  , -1.49468968e-01+0.14804527j],
          [ 8.94731006e-04+0.00170536j,  2.02121512e-02+0.01718011j,
            2.07920051e-01+0.03205661j,  8.24651986e-01-0.52438853j]],
         input_dims=(2, 2), output_dims=(2, 2))"
"Operator([[ 8.24651986e-01-0.52438853j,  6.49420862e-02+0.20010222j,
           -2.58339895e-02+0.00602429j, -5.92551551e-04-0.0018324j ],
          [ 6.49420862e-02+0.20010222j,  9.44798788e-01-0.055316j  ,
            1.47350671e-02+0.24313825j, -2.58339895e-02+0.00602429j],
          [-2.58339895e-02+0.00602429j,  1.47350671e-02+0.24313825j,
            9.44798788e-01-0.055316j  ,  6.49420862e-02+0.20010222j],
          [-5.92551551e-04-0.0018324j , -2.58339895e-02+0.00602429j,
            6.49420862e-02+0.20010222j,  8.24651986e-01-0.52438853j]],
         input_dims=(2, 2), output_dims=(2, 2))"
