unitary
"Operator([[ 0.21267304-0.87021537j,  0.28390506+0.31660435j,
           -0.1102199 +0.06353963j, -0.01424286-0.01632255j],
          [ 0.28390506+0.31660435j,  0.74105272-0.0656797j ,
            0.05904052+0.49599915j, -0.1102199 +0.06353963j],
          [-0.1102199 +0.06353963j,  0.05904052+0.49599915j,
            0.74105272-0.0656797j ,  0.28390506+0.31660435j],
          [-0.01424286-0.01632255j, -0.1102199 +0.06353963j,
            0.28390506+0.31660435j,  0.21267304-0.87021537j]],
         input_dims=(2, 2), output_dims=(2, 2))"
"Operator([[ 0.21267304-0.87021537j,  0.42328741+0.04084323j,
            0.05411547+0.11514002j, -0.0041618 +0.02125945j],
          [-0.00536017+0.42521955j,  0.74105272-0.0656797j ,
            0.37922002+0.32510477j,  0.05411547+0.11514002j],
          [-0.07252009-0.10453012j, -0.29230843+0.40503915j,
            0.74105272-0.0656797j ,  0.42328741+0.04084323j],
          [ 0.02162725-0.00124376j, -0.07252009-0.10453012j,
           -0.00536017+0.42521955j,  0.21267304-0.87021537j]],
         input_dims=(2, 2), output_dims=(2, 2))"
"Operator([[ 0.21267304-0.87021537j,  0.28390506+0.31660435j,
           -0.1102199 +0.06353963j, -0.01424286-0.01632255j],
          [ 0.28390506+0.31660435j,  0.74105272-0.0656797j ,
            0.05904052+0.49599915j, -0.1102199 +0.06353963j],
          [-0.1102199 +0.06353963j,  0.05904052+0.49599915j,
            0.74105272-0.0656797j ,  0.28390506+0.31660435j],
          [-0.01424286-0.01632255j, -0.1102199 +0.06353963j,
            0.28390506+0.31660435j,  0.21267304-0.87021537j]],
         input_dims=(2, 2), output_dims=(2, 2))"
"Operator([[ 0.21267304-0.87021537j, -0.08450305+0.41677288j,
           -0.02920914-0.12382462j,  0.01896024+0.01047826j],
          [ 0.42348426-0.03874888j,  0.74105272-0.0656797j ,
           -0.36266486+0.34347509j, -0.02920914-0.12382462j],
          [ 0.09251681+0.08732898j,  0.43315894+0.24874539j,
            0.74105272-0.0656797j , -0.08450305+0.41677288j],
          [ 0.00781344+0.02020482j,  0.09251681+0.08732898j,
            0.42348426-0.03874888j,  0.21267304-0.87021537j]],
         input_dims=(2, 2), output_dims=(2, 2))"
"Operator([[ 0.21267304-0.87021537j,  0.40422965-0.13205599j,
            0.12125387+0.03851245j,  0.01870991+0.01091898j],
          [-0.17516775+0.38750053j,  0.74105272-0.0656797j ,
            0.47766588+0.1460693j ,  0.12125387+0.03851245j],
          [ 0.02743632-0.12422946j, -0.43003048+0.25411558j,
            0.74105272-0.0656797j ,  0.40422965-0.13205599j],
          [ 0.00828401+0.02001649j,  0.02743632-0.12422946j,
           -0.17516775+0.38750053j,  0.21267304-0.87021537j]],
         input_dims=(2, 2), output_dims=(2, 2))"
"Operator([[ 0.21267304-0.87021537j, -0.24514483-0.34748296j,
           -0.12191996+0.03634877j,  0.00778643+0.02021525j],
          [-0.31880981-0.28142619j,  0.74105272-0.0656797j ,
           -0.00093706-0.49949981j, -0.12191996+0.03634877j],
          [-0.09255294+0.08729068j, -0.11634219-0.48576273j,
            0.74105272-0.0656797j , -0.24514483-0.34748296j],
          [ 0.01897423+0.01045291j, -0.09255294+0.08729068j,
           -0.31880981-0.28142619j,  0.21267304-0.87021537j]],
         input_dims=(2, 2), output_dims=(2, 2))"
"Operator([[ 0.21267304-0.87021537j, -0.05571997-0.4215871j ,
           -0.09922518-0.07962458j, -0.01911929+0.01018517j],
          [-0.41304415-0.1011678j ,  0.74105272-0.0656797j ,
            0.23115407-0.44279649j, -0.09922518-0.07962458j],
          [ 0.0191802 +0.12576895j, -0.32863763-0.37616252j,
            0.74105272-0.0656797j , -0.05571997-0.4215871j ],
          [ 0.01268109-0.01756345j,  0.0191802 +0.12576895j,
           -0.41304415-0.1011678j ,  0.21267304-0.87021537j]],
         input_dims=(2, 2), output_dims=(2, 2))"
