unitary
"Operator([[ 9.05698036e-01-0.39428106j,  1.50990402e-01+0.03541526j,
            1.03665682e-02+0.00965147j,  3.06583792e-04+0.00067981j],
          [-1.20010676e-01+0.09823329j,  9.70446769e-01-0.04265846j,
            1.64221390e-01+0.07205345j,  1.03665682e-02+0.00965147j],
          [ 6.63870509e-03-0.01251176j, -1.57132616e-01+0.08642746j,
            9.70446769e-01-0.04265846j,  1.50990402e-01+0.03541526j],
          [ 2.31692031e-05+0.00074538j,  6.63870509e-03-0.01251176j,
           -1.20010676e-01+0.09823329j,  9.05698036e-01-0.39428106j]],
         input_dims=(2, 2), output_dims=(2, 2))"
"Operator([[ 9.05698036e-01-0.39428106j,  3.50208811e-02+0.15108236j,
           -1.39677146e-02+0.00234937j, -1.68104948e-04-0.00072655j],
          [ 3.50208811e-02+0.15108236j,  9.70446769e-01-0.04265846j,
            8.01347011e-03+0.17915398j, -1.39677146e-02+0.00234937j],
          [-1.39677146e-02+0.00234937j,  8.01347011e-03+0.17915398j,
            9.70446769e-01-0.04265846j,  3.50208811e-02+0.15108236j],
          [-1.68104948e-04-0.00072655j, -1.39677146e-02+0.00234937j,
            3.50208811e-02+0.15108236j,  9.05698036e-01-0.39428106j]],
         input_dims=(2, 2), output_dims=(2, 2))"
"Operator([[ 9.05698036e-01-3.94281058e-01j,
            1.47409035e-01-4.81966693e-02j,
            1.33384368e-02-4.76473660e-03j,
            6.57274186e-04-3.52313979e-04j],
          [-1.53580474e-01+2.15726779e-02j,
            9.70446769e-01-4.26584628e-02j,
            1.77751121e-01-2.37677132e-02j,
            1.33384368e-02-4.76473660e-03j],
          [ 1.41632378e-02+1.38945866e-04j,
           -1.79163268e-01-7.80310692e-03j,
            9.70446769e-01-4.26584628e-02j,
            1.47409035e-01-4.81966693e-02j],
          [-7.45225468e-04-2.78117975e-05j,
            1.41632378e-02+1.38945866e-04j,
           -1.53580474e-01+2.15726779e-02j,
            9.05698036e-01-3.94281058e-01j]],
         input_dims=(2, 2), output_dims=(2, 2))"
"Operator([[ 9.05698036e-01-0.39428106j,  3.50208811e-02+0.15108236j,
           -1.39677146e-02+0.00234937j, -1.68104948e-04-0.00072655j],
          [ 3.50208811e-02+0.15108236j,  9.70446769e-01-0.04265846j,
            8.01347011e-03+0.17915398j, -1.39677146e-02+0.00234937j],
          [-1.39677146e-02+0.00234937j,  8.01347011e-03+0.17915398j,
            9.70446769e-01-0.04265846j,  3.50208811e-02+0.15108236j],
          [-1.68104948e-04-0.00072655j, -1.39677146e-02+0.00234937j,
            3.50208811e-02+0.15108236j,  9.05698036e-01-0.39428106j]],
         input_dims=(2, 2), output_dims=(2, 2))"
"Operator([[ 9.05698036e-01-0.39428106j,  1.25584362e-01-0.09099951j,
            8.06297072e-03-0.01164496j,  1.08197182e-04-0.00073785j],
          [-1.52813090e-01-0.026467j  ,  9.70446769e-01-0.04265846j,
            1.61947090e-01-0.07702925j,  8.06297072e-03-0.01164496j],
          [ 1.14288921e-02+0.00836642j, -1.68177561e-01-0.06226294j,
            9.70446769e-01-0.04265846j,  1.25584362e-01-0.09099951j],
          [-4.21292000e-04-0.00061534j,  1.14288921e-02+0.00836642j,
           -1.52813090e-01-0.026467j  ,  9.05698036e-01-0.39428106j]],
         input_dims=(2, 2), output_dims=(2, 2))"
"Operator([[ 9.05698036e-01-0.39428106j,  3.50208811e-02+0.15108236j,
           -1.39677146e-02+0.00234937j, -1.68104948e-04-0.00072655j],
          [ 3.50208811e-02+0.15108236j,  9.70446769e-01-0.04265846j,
            8.01347011e-03+0.17915398j, -1.39677146e-02+0.00234937j],
          [-1.39677146e-02+0.00234937j,  8.01347011e-03+0.17915398j,
            9.70446769e-01-0.04265846j,  3.50208811e-02+0.15108236j],
          [-1.68104948e-04-0.00072655j, -1.39677146e-02+0.00234937j,
            3.50208811e-02+0.15108236j,  9.05698036e-01-0.39428106j]],
         input_dims=(2, 2), output_dims=(2, 2))"
"Operator([[ 9.05698036e-01-3.94281058e-01j,
           -1.54935931e-01+6.87020349e-03j,
            1.38807743e-02+2.81792747e-03j,
           -7.07175434e-04-2.36722200e-04j],
          [ 1.42157754e-01-6.19960920e-02j,
            9.70446769e-01-4.26584628e-02j,
           -1.77609304e-01-2.48052485e-02j,
            1.38807743e-02+2.81792747e-03j],
          [ 1.21951000e-02-7.20389812e-03j,
            1.74685404e-01-4.05632187e-02j,
            9.70446769e-01-4.26584628e-02j,
           -1.54935931e-01+6.87020349e-03j],
          [ 5.31330456e-04-5.23280461e-04j,
            1.21951000e-02-7.20389812e-03j,
            1.42157754e-01-6.19960920e-02j,
            9.05698036e-01-3.94281058e-01j]],
         input_dims=(2, 2), output_dims=(2, 2))"
"Operator([[ 9.05698036e-01-0.39428106j, -1.22672037e-01+0.09488896j,
            7.31791365e-03-0.01212703j, -3.84673599e-05+0.00074475j],
          [ 1.51908974e-01+0.0312411j ,  9.70446769e-01-0.04265846j,
           -1.59454556e-01+0.08206467j,  7.31791365e-03-0.01212703j],
          [ 1.08825377e-02+0.0090657j ,  1.66144546e-01+0.06750078j,
            9.70446769e-01-0.04265846j, -1.22672037e-01+0.09488896j],
          [ 3.61678448e-04+0.00065217j,  1.08825377e-02+0.0090657j ,
            1.51908974e-01+0.0312411j ,  9.05698036e-01-0.39428106j]],
         input_dims=(2, 2), output_dims=(2, 2))"
"Operator([[ 9.05698036e-01-0.39428106j, -1.25662938e-01+0.09089097j,
            8.08308099e-03-0.01163101j, -1.10109317e-04+0.00073757j],
          [ 1.52835900e-01+0.02633496j,  9.70446769e-01-0.04265846j,
           -1.62013582e-01+0.0768893j ,  8.08308099e-03-0.01163101j],
          [ 1.14433321e-02+0.00834666j,  1.68231293e-01+0.06211761j,
            9.70446769e-01-0.04265846j, -1.25662938e-01+0.09089097j],
          [ 4.22885540e-04+0.00061425j,  1.14433321e-02+0.00834666j,
            1.52835900e-01+0.02633496j,  9.05698036e-01-0.39428106j]],
         input_dims=(2, 2), output_dims=(2, 2))"
"Operator([[ 9.05698036e-01-0.39428106j,  3.50208811e-02+0.15108236j,
           -1.39677146e-02+0.00234937j, -1.68104948e-04-0.00072655j],
          [ 3.50208811e-02+0.15108236j,  9.70446769e-01-0.04265846j,
            8.01347011e-03+0.17915398j, -1.39677146e-02+0.00234937j],
          [-1.39677146e-02+0.00234937j,  8.01347011e-03+0.17915398j,
            9.70446769e-01-0.04265846j,  3.50208811e-02+0.15108236j],
          [-1.68104948e-04-0.00072655j, -1.39677146e-02+0.00234937j,
            3.50208811e-02+0.15108236j,  9.05698036e-01-0.39428106j]],
         input_dims=(2, 2), output_dims=(2, 2))"
"Operator([[ 9.05698036e-01-0.39428106j, -1.25472880e-01+0.09115316j,
            8.03443853e-03-0.01166466j, -1.05486947e-04+0.00073825j],
          [ 1.52780579e-01+0.02665403j,  9.70446769e-01-0.04265846j,
           -1.61852681e-01+0.07722742j,  8.03443853e-03-0.01166466j],
          [ 1.14083760e-02+0.00839438j,  1.68101222e-01+0.06246875j,
            9.70446769e-01-0.04265846j, -1.25472880e-01+0.09115316j],
          [ 4.19029529e-04+0.00061689j,  1.14083760e-02+0.00839438j,
            1.52780579e-01+0.02665403j,  9.05698036e-01-0.39428106j]],
         input_dims=(2, 2), output_dims=(2, 2))"
