unitary
"Operator([[ 8.60421815e-01-0.47311191j,  5.17573063e-02+0.18087494j,
           -2.06130761e-02+0.00425699j, -3.72237781e-04-0.0013045j ],
          [ 5.17573063e-02+0.18087494j,  9.56148263e-01-0.05048357j,
            1.17880916e-02+0.21738299j, -2.06130761e-02+0.00425699j],
          [-2.06130761e-02+0.00425699j,  1.17880916e-02+0.21738299j,
            9.56148263e-01-0.05048357j,  5.17573063e-02+0.18087494j],
          [-3.72237781e-04-0.0013045j , -2.06130761e-02+0.00425699j,
            5.17573063e-02+0.18087494j,  8.60421815e-01-0.47311191j]],
         input_dims=(2, 2), output_dims=(2, 2))"
"Operator([[ 8.60421815e-01-0.47311191j,  5.17573063e-02+0.18087494j,
           -2.06130761e-02+0.00425699j, -3.72237781e-04-0.0013045j ],
          [ 5.17573063e-02+0.18087494j,  9.56148263e-01-0.05048357j,
            1.17880916e-02+0.21738299j, -2.06130761e-02+0.00425699j],
          [-2.06130761e-02+0.00425699j,  1.17880916e-02+0.21738299j,
            9.56148263e-01-0.05048357j,  5.17573063e-02+0.18087494j],
          [-3.72237781e-04-0.0013045j , -2.06130761e-02+0.00425699j,
            5.17573063e-02+0.18087494j,  8.60421815e-01-0.47311191j]],
         input_dims=(2, 2), output_dims=(2, 2))"
"Operator([[ 8.60421815e-01-0.47311191j,  5.17573063e-02+0.18087494j,
           -2.06130761e-02+0.00425699j, -3.72237781e-04-0.0013045j ],
          [ 5.17573063e-02+0.18087494j,  9.56148263e-01-0.05048357j,
            1.17880916e-02+0.21738299j, -2.06130761e-02+0.00425699j],
          [-2.06130761e-02+0.00425699j,  1.17880916e-02+0.21738299j,
            9.56148263e-01-0.05048357j,  5.17573063e-02+0.18087494j],
          [-3.72237781e-04-0.0013045j , -2.06130761e-02+0.00425699j,
            5.17573063e-02+0.18087494j,  8.60421815e-01-0.47311191j]],
         input_dims=(2, 2), output_dims=(2, 2))"
"Operator([[ 8.60421815e-01-0.47311191j,  5.17573063e-02+0.18087494j,
           -2.06130761e-02+0.00425699j, -3.72237781e-04-0.0013045j ],
          [ 5.17573063e-02+0.18087494j,  9.56148263e-01-0.05048357j,
            1.17880916e-02+0.21738299j, -2.06130761e-02+0.00425699j],
          [-2.06130761e-02+0.00425699j,  1.17880916e-02+0.21738299j,
            9.56148263e-01-0.05048357j,  5.17573063e-02+0.18087494j],
          [-3.72237781e-04-0.0013045j , -2.06130761e-02+0.00425699j,
            5.17573063e-02+0.18087494j,  8.60421815e-01-0.47311191j]],
         input_dims=(2, 2), output_dims=(2, 2))"
"Operator([[ 8.60421815e-01-4.73111906e-01j,
            7.15241085e-02-1.74008235e-01j,
           -8.90947308e-03-1.90694037e-02j,
           -1.33982281e-03-2.12519470e-04j],
          [-1.52745357e-01-1.09833601e-01j,
            9.56148263e-01-5.04835675e-02j,
            1.25518804e-01-1.77874542e-01j,
           -8.90947308e-03-1.90694037e-02j],
          [-6.26383848e-04+2.10387383e-02j,
           -1.44017516e-01-1.63258316e-01j,
            9.56148263e-01-5.04835675e-02j,
            7.15241085e-02-1.74008235e-01j],
          [ 1.02591192e-03-8.87577847e-04j,
           -6.26383848e-04+2.10387383e-02j,
           -1.52745357e-01-1.09833601e-01j,
            8.60421815e-01-4.73111906e-01j]],
         input_dims=(2, 2), output_dims=(2, 2))"
"Operator([[ 8.60421815e-01-0.47311191j, -1.76458316e-01-0.0652459j ,
            1.02517274e-02+0.01838268j,  6.75772890e-05-0.00135489j],
          [ 1.15233896e-01-0.14871353j,  9.56148263e-01-0.05048357j,
           -1.82256029e-01-0.11906747j,  1.02517274e-02+0.01838268j],
          [ 2.13086718e-03-0.02093992j,  1.68311736e-01-0.13807781j,
            9.56148263e-01-0.05048357j, -1.76458316e-01-0.0652459j ],
          [-7.72412537e-04-0.0011152j ,  2.13086718e-03-0.02093992j,
            1.15233896e-01-0.14871353j,  8.60421815e-01-0.47311191j]],
         input_dims=(2, 2), output_dims=(2, 2))"
"Operator([[ 8.60421815e-01-0.47311191j, -1.81635060e-01-0.04902315j,
            1.33948244e-02+0.01623575j, -2.98423793e-04-0.00132334j],
          [ 1.28208637e-01-0.13768482j,  9.56148263e-01-0.05048357j,
           -1.92275607e-01-0.10210002j,  1.33948244e-02+0.01623575j],
          [ 5.86731510e-03-0.02021374j,  1.80107363e-01-0.12229334j,
            9.56148263e-01-0.05048357j, -1.81635060e-01-0.04902315j],
          [-4.44877911e-04-0.00128155j,  5.86731510e-03-0.02021374j,
            1.28208637e-01-0.13768482j,  8.60421815e-01-0.47311191j]],
         input_dims=(2, 2), output_dims=(2, 2))"
"Operator([[ 8.60421815e-01-0.47311191j,  5.17573063e-02+0.18087494j,
           -2.06130761e-02+0.00425699j, -3.72237781e-04-0.0013045j ],
          [ 5.17573063e-02+0.18087494j,  9.56148263e-01-0.05048357j,
            1.17880916e-02+0.21738299j, -2.06130761e-02+0.00425699j],
          [-2.06130761e-02+0.00425699j,  1.17880916e-02+0.21738299j,
            9.56148263e-01-0.05048357j,  5.17573063e-02+0.18087494j],
          [-3.72237781e-04-0.0013045j , -2.06130761e-02+0.00425699j,
            5.17573063e-02+0.18087494j,  8.60421815e-01-0.47311191j]],
         input_dims=(2, 2), output_dims=(2, 2))"
"Operator([[ 0.86042181-4.73111906e-01j, -0.18449631+3.68194984e-02j,
            0.02103105-8.46138851e-04j, -0.00135584+4.44798776e-05j],
          [ 0.17604627-6.63496434e-02j,  0.95614826-5.04835675e-02j,
           -0.21761977-5.99652490e-03j,  0.02103105-8.46138851e-04j],
          [ 0.01964567-7.55437168e-03j,  0.21569521-2.94940247e-02j,
            0.95614826-5.04835675e-02j, -0.18449631+3.68194984e-02j],
          [ 0.00117515-6.77733493e-04j,  0.01964567-7.55437168e-03j,
            0.17604627-6.63496434e-02j,  0.86042181-4.73111906e-01j]],
         input_dims=(2, 2), output_dims=(2, 2))"
