unitary
"Operator([[ 9.48847733e-01-2.94128629e-01j,
           -1.22827776e-02+1.13871794e-01j,
           -6.96895913e-03-3.16593926e-03j,
            1.80060326e-04-2.33816258e-04j],
          [ 4.89060200e-02+1.03565696e-01j,
            9.84006562e-01-3.22239178e-02j,
           -3.16241855e-02+1.28516049e-01j,
           -6.96895913e-03-3.16593926e-03j],
          [-5.99567110e-03+4.75830755e-03j,
            4.00403919e-02+1.26147655e-01j,
            9.84006562e-01-3.22239178e-02j,
           -1.22827776e-02+1.13871794e-01j],
          [-2.46665512e-04-1.62012002e-04j,
           -5.99567110e-03+4.75830755e-03j,
            4.89060200e-02+1.03565696e-01j,
            9.48847733e-01-2.94128629e-01j]],
         input_dims=(2, 2), output_dims=(2, 2))"
"Operator([[ 9.48847733e-01-2.94128629e-01j,
            1.90228649e-02+1.12941502e-01j,
           -7.59729104e-03+9.33129995e-04j,
           -4.89696385e-05-2.91021886e-04j],
          [ 1.90228649e-02+1.12941502e-01j,
            9.84006562e-01-3.22239178e-02j,
            4.37155056e-03+1.32277562e-01j,
           -7.59729104e-03+9.33129995e-04j],
          [-7.59729104e-03+9.33129995e-04j,
            4.37155056e-03+1.32277562e-01j,
            9.84006562e-01-3.22239178e-02j,
            1.90228649e-02+1.12941502e-01j],
          [-4.89696385e-05-2.91021886e-04j,
           -7.59729104e-03+9.33129995e-04j,
            1.90228649e-02+1.12941502e-01j,
            9.48847733e-01-2.94128629e-01j]],
         input_dims=(2, 2), output_dims=(2, 2))"
"Operator([[ 9.48847733e-01-2.94128629e-01j,
            1.90228649e-02+1.12941502e-01j,
           -7.59729104e-03+9.33129995e-04j,
           -4.89696385e-05-2.91021886e-04j],
          [ 1.90228649e-02+1.12941502e-01j,
            9.84006562e-01-3.22239178e-02j,
            4.37155056e-03+1.32277562e-01j,
           -7.59729104e-03+9.33129995e-04j],
          [-7.59729104e-03+9.33129995e-04j,
            4.37155056e-03+1.32277562e-01j,
            9.84006562e-01-3.22239178e-02j,
            1.90228649e-02+1.12941502e-01j],
          [-4.89696385e-05-2.91021886e-04j,
           -7.59729104e-03+9.33129995e-04j,
            1.90228649e-02+1.12941502e-01j,
            9.48847733e-01-2.94128629e-01j]],
         input_dims=(2, 2), output_dims=(2, 2))"
"Operator([[ 9.48847733e-01-2.94128629e-01j,
            6.46112709e-02+9.45676259e-02j,
           -4.21750421e-03+6.38766162e-03j,
           -2.93439761e-04-3.13826423e-05j],
          [-3.00690171e-02+1.10514734e-01j,
            9.84006562e-01-3.22239178e-02j,
            5.94139683e-02+1.18264299e-01j,
           -4.21750421e-03+6.38766162e-03j],
          [-5.63794426e-03-5.17717560e-03j,
           -5.14759837e-02+1.21929025e-01j,
            9.84006562e-01-3.22239178e-02j,
            6.46112709e-02+9.45676259e-02j],
          [ 2.67009765e-04-1.25688301e-04j,
           -5.63794426e-03-5.17717560e-03j,
           -3.00690171e-02+1.10514734e-01j,
            9.48847733e-01-2.94128629e-01j]],
         input_dims=(2, 2), output_dims=(2, 2))"
"Operator([[ 9.48847733e-01-2.94128629e-01j,
            8.22822567e-02+7.96698339e-02j,
           -1.36478087e-03+7.53172861e-03j,
           -2.59000599e-04+1.41458309e-04j],
          [-5.16451047e-02+1.02227371e-01j,
            9.84006562e-01-3.22239178e-02j,
            8.19484310e-02+1.03927468e-01j,
           -1.36478087e-03+7.53172861e-03j],
          [-3.14687390e-03-6.97758894e-03j,
           -7.49078586e-02+1.09111304e-01j,
            9.84006562e-01-3.22239178e-02j,
            8.22822567e-02+7.96698339e-02j],
          [ 2.91032693e-04+4.89053677e-05j,
           -3.14687390e-03-6.97758894e-03j,
           -5.16451047e-02+1.02227371e-01j,
            9.48847733e-01-2.94128629e-01j]],
         input_dims=(2, 2), output_dims=(2, 2))"
"Operator([[ 9.48847733e-01-2.94128629e-01j,
            9.61778482e-02+6.21890161e-02j,
            1.60543353e-03+7.48412626e-03j,
           -1.37596118e-04+2.61072924e-04j],
          [-7.05002178e-02+9.02627913e-02j,
            9.84006562e-01-3.22239178e-02j,
            1.00557451e-01+8.60503516e-02j,
            1.60543353e-03+7.48412626e-03j],
          [-2.53423818e-04-7.65018556e-03j,
           -9.46566017e-02+9.25018471e-02j,
            9.84006562e-01-3.22239178e-02j,
            9.61778482e-02+6.21890161e-02j],
          [ 2.15460037e-04+2.01664910e-04j,
           -2.53423818e-04-7.65018556e-03j,
           -7.05002178e-02+9.02627913e-02j,
            9.48847733e-01-2.94128629e-01j]],
         input_dims=(2, 2), output_dims=(2, 2))"
"Operator([[ 9.48847733e-01-2.94128629e-01j,
            1.90228649e-02+1.12941502e-01j,
           -7.59729104e-03+9.33129995e-04j,
           -4.89696385e-05-2.91021886e-04j],
          [ 1.90228649e-02+1.12941502e-01j,
            9.84006562e-01-3.22239178e-02j,
            4.37155056e-03+1.32277562e-01j,
           -7.59729104e-03+9.33129995e-04j],
          [-7.59729104e-03+9.33129995e-04j,
            4.37155056e-03+1.32277562e-01j,
            9.84006562e-01-3.22239178e-02j,
            1.90228649e-02+1.12941502e-01j],
          [-4.89696385e-05-2.91021886e-04j,
           -7.59729104e-03+9.33129995e-04j,
            1.90228649e-02+1.12941502e-01j,
            9.48847733e-01-2.94128629e-01j]],
         input_dims=(2, 2), output_dims=(2, 2))"
"Operator([[ 9.48847733e-01-2.94128629e-01j,
            1.12153813e-01+2.32201320e-02j,
            6.23051146e-03+4.44637939e-03j,
            1.72537282e-04+2.39421490e-04j],
          [-9.83597573e-02+5.86771706e-02j,
            9.84006562e-01-3.22239178e-02j,
            1.24862162e-01+4.38851294e-02j,
            6.23051146e-03+4.44637939e-03j],
          [ 4.96930923e-03-5.82198664e-03j,
           -1.21692218e-01+5.20333362e-02j,
            9.84006562e-01-3.22239178e-02j,
            1.12153813e-01+2.32201320e-02j],
          [-8.46804995e-05+2.82702983e-04j,
            4.96930923e-03-5.82198664e-03j,
           -9.83597573e-02+5.86771706e-02j,
            9.48847733e-01-2.94128629e-01j]],
         input_dims=(2, 2), output_dims=(2, 2))"
"Operator([[ 9.48847733e-01-2.94128629e-01j,
            1.90228649e-02+1.12941502e-01j,
           -7.59729104e-03+9.33129995e-04j,
           -4.89696385e-05-2.91021886e-04j],
          [ 1.90228649e-02+1.12941502e-01j,
            9.84006562e-01-3.22239178e-02j,
            4.37155056e-03+1.32277562e-01j,
           -7.59729104e-03+9.33129995e-04j],
          [-7.59729104e-03+9.33129995e-04j,
            4.37155056e-03+1.32277562e-01j,
            9.84006562e-01-3.22239178e-02j,
            1.90228649e-02+1.12941502e-01j],
          [-4.89696385e-05-2.91021886e-04j,
           -7.59729104e-03+9.33129995e-04j,
            1.90228649e-02+1.12941502e-01j,
            9.48847733e-01-2.94128629e-01j]],
         input_dims=(2, 2), output_dims=(2, 2))"
"Operator([[ 9.48847733e-01-2.94128629e-01j,
            1.10162666e-01-3.13343149e-02j,
            7.20923858e-03-2.57224450e-03j,
            2.59343851e-04-1.40828017e-04j],
          [-1.14348837e-01+6.48041136e-03j,
            9.84006562e-01-3.22239178e-02j,
            1.30993407e-01-1.88995059e-02j,
            7.20923858e-03-2.57224450e-03j],
          [ 7.61743411e-03+7.51172624e-04j,
           -1.31955410e-01-1.02094906e-02j,
            9.84006562e-01-3.22239178e-02j,
            1.10162666e-01-3.13343149e-02j],
          [-2.91150767e-04-4.81974498e-05j,
            7.61743411e-03+7.51172624e-04j,
           -1.14348837e-01+6.48041136e-03j,
            9.48847733e-01-2.94128629e-01j]],
         input_dims=(2, 2), output_dims=(2, 2))"
"Operator([[ 9.48847733e-01-2.94128629e-01j,
            1.90228649e-02+1.12941502e-01j,
           -7.59729104e-03+9.33129995e-04j,
           -4.89696385e-05-2.91021886e-04j],
          [ 1.90228649e-02+1.12941502e-01j,
            9.84006562e-01-3.22239178e-02j,
            4.37155056e-03+1.32277562e-01j,
           -7.59729104e-03+9.33129995e-04j],
          [-7.59729104e-03+9.33129995e-04j,
            4.37155056e-03+1.32277562e-01j,
            9.84006562e-01-3.22239178e-02j,
            1.90228649e-02+1.12941502e-01j],
          [-4.89696385e-05-2.91021886e-04j,
           -7.59729104e-03+9.33129995e-04j,
            1.90228649e-02+1.12941502e-01j,
            9.48847733e-01-2.94128629e-01j]],
         input_dims=(2, 2), output_dims=(2, 2))"
"Operator([[ 9.48847733e-01-2.94128629e-01j,
            9.80455901e-02-5.92006289e-02j,
            4.90696129e-03-5.87463136e-03j,
            8.01491270e-05-2.84020916e-04j],
          [-1.12028448e-01-2.38176211e-02j,
            9.84006562e-01-3.22239178e-02j,
            1.21413133e-01-5.26812590e-02j,
            4.90696129e-03-5.87463136e-03j],
          [ 6.18275657e-03+4.51254739e-03j,
           -1.24626465e-01-4.45500649e-02j,
            9.84006562e-01-3.22239178e-02j,
            9.80455901e-02-5.92006289e-02j],
          [-1.68686767e-04-2.42149826e-04j,
            6.18275657e-03+4.51254739e-03j,
           -1.12028448e-01-2.38176211e-02j,
            9.48847733e-01-2.94128629e-01j]],
         input_dims=(2, 2), output_dims=(2, 2))"
"Operator([[ 9.48847733e-01-2.94128629e-01j,
            1.11588656e-01+2.57996898e-02j,
            6.01891795e-03+4.72886767e-03j,
            1.55576672e-04+2.50774127e-04j],
          [-9.69807980e-02+6.09292788e-02j,
            9.84006562e-01-3.22239178e-02j,
            1.23817191e-01+4.67521880e-02j,
            6.01891795e-03+4.72886767e-03j],
          [ 4.69564352e-03-6.04487342e-03j,
           -1.20460232e-01+5.48251452e-02j,
            9.84006562e-01-3.22239178e-02j,
            1.11588656e-01+2.57996898e-02j],
          [-6.49385202e-05+2.87879753e-04j,
            4.69564352e-03-6.04487342e-03j,
           -9.69807980e-02+6.09292788e-02j,
            9.48847733e-01-2.94128629e-01j]],
         input_dims=(2, 2), output_dims=(2, 2))"
"Operator([[ 9.48847733e-01-2.94128629e-01j,
            1.90228649e-02+1.12941502e-01j,
           -7.59729104e-03+9.33129995e-04j,
           -4.89696385e-05-2.91021886e-04j],
          [ 1.90228649e-02+1.12941502e-01j,
            9.84006562e-01-3.22239178e-02j,
            4.37155056e-03+1.32277562e-01j,
           -7.59729104e-03+9.33129995e-04j],
          [-7.59729104e-03+9.33129995e-04j,
            4.37155056e-03+1.32277562e-01j,
            9.84006562e-01-3.22239178e-02j,
            1.90228649e-02+1.12941502e-01j],
          [-4.89696385e-05-2.91021886e-04j,
           -7.59729104e-03+9.33129995e-04j,
            1.90228649e-02+1.12941502e-01j,
            9.48847733e-01-2.94128629e-01j]],
         input_dims=(2, 2), output_dims=(2, 2))"
"Operator([[ 9.48847733e-01-2.94128629e-01j,
            1.90228649e-02+1.12941502e-01j,
           -7.59729104e-03+9.33129995e-04j,
           -4.89696385e-05-2.91021886e-04j],
          [ 1.90228649e-02+1.12941502e-01j,
            9.84006562e-01-3.22239178e-02j,
            4.37155056e-03+1.32277562e-01j,
           -7.59729104e-03+9.33129995e-04j],
          [-7.59729104e-03+9.33129995e-04j,
            4.37155056e-03+1.32277562e-01j,
            9.84006562e-01-3.22239178e-02j,
            1.90228649e-02+1.12941502e-01j],
          [-4.89696385e-05-2.91021886e-04j,
           -7.59729104e-03+9.33129995e-04j,
            1.90228649e-02+1.12941502e-01j,
            9.48847733e-01-2.94128629e-01j]],
         input_dims=(2, 2), output_dims=(2, 2))"
