unitary
"Operator([[ 9.05698036e-01-0.39428106j,  3.50208811e-02+0.15108236j,
           -1.39677146e-02+0.00234937j, -1.68104948e-04-0.00072655j],
          [ 3.50208811e-02+0.15108236j,  9.70446769e-01-0.04265846j,
            8.01347011e-03+0.17915398j, -1.39677146e-02+0.00234937j],
          [-1.39677146e-02+0.00234937j,  8.01347011e-03+0.17915398j,
            9.70446769e-01-0.04265846j,  3.50208811e-02+0.15108236j],
          [-1.68104948e-04-0.00072655j, -1.39677146e-02+0.00234937j,
            3.50208811e-02+0.15108236j,  9.05698036e-01-0.39428106j]],
         input_dims=(2, 2), output_dims=(2, 2))"
"Operator([[ 9.05698036e-01-3.94281058e-01j,
           -1.54064162e-01+1.77925987e-02j,
            1.41393108e-02+8.34566823e-04j,
           -7.41153002e-04-8.26239801e-05j],
          [ 1.46180310e-01-5.18040488e-02j,
            9.70446769e-01-4.26584628e-02j,
           -1.78917451e-01-1.22029023e-02j,
            1.41393108e-02+8.34566823e-04j],
          [ 1.30882573e-02-5.41425274e-03j,
            1.77113470e-01-2.81279915e-02j,
            9.70446769e-01-4.26584628e-02j,
           -1.54064162e-01+1.77925987e-02j],
          [ 6.29540201e-04-3.99766970e-04j,
            1.30882573e-02-5.41425274e-03j,
            1.46180310e-01-5.18040488e-02j,
            9.05698036e-01-3.94281058e-01j]],
         input_dims=(2, 2), output_dims=(2, 2))"
"Operator([[ 9.05698036e-01-3.94281058e-01j,
           -1.45295376e-01+5.42364833e-02j,
            1.29002711e-02-5.84804397e-03j,
           -6.08743146e-04+4.30774044e-04j],
          [ 1.54339650e-01-1.52188949e-02j,
            9.70446769e-01-4.26584628e-02j,
           -1.76619366e-01+3.10799769e-02j,
            1.29002711e-02-5.84804397e-03j],
          [ 1.41035814e-02+1.30598709e-03j,
            1.78688874e-01+1.51872130e-02j,
            9.70446769e-01-4.26584628e-02j,
           -1.45295376e-01+5.42364833e-02j],
          [ 7.36088872e-04+1.19614664e-04j,
            1.41035814e-02+1.30598709e-03j,
            1.54339650e-01-1.52188949e-02j,
            9.05698036e-01-3.94281058e-01j]],
         input_dims=(2, 2), output_dims=(2, 2))"
"Operator([[ 9.05698036e-01-0.39428106j, -1.30173701e-01+0.08430392j,
            9.23575093e-03-0.0107386j , -2.22262993e-04+0.00071185j],
          [ 1.53988600e-01+0.01843511j,  9.70446769e-01-0.04265846j,
           -1.65755654e-01+0.06845019j,  9.23575093e-03-0.0107386j ],
          [ 1.22406271e-02+0.00712627j,  1.71204974e-01+0.0533781j ,
            9.70446769e-01-0.04265846j, -1.30173701e-01+0.08430392j],
          [ 5.12344935e-04+0.00054188j,  1.22406271e-02+0.00712627j,
            1.53988600e-01+0.01843511j,  9.05698036e-01-0.39428106j]],
         input_dims=(2, 2), output_dims=(2, 2))"
"Operator([[ 9.05698036e-01-0.39428106j,  3.50208811e-02+0.15108236j,
           -1.39677146e-02+0.00234937j, -1.68104948e-04-0.00072655j],
          [ 3.50208811e-02+0.15108236j,  9.70446769e-01-0.04265846j,
            8.01347011e-03+0.17915398j, -1.39677146e-02+0.00234937j],
          [-1.39677146e-02+0.00234937j,  8.01347011e-03+0.17915398j,
            9.70446769e-01-0.04265846j,  3.50208811e-02+0.15108236j],
          [-1.68104948e-04-0.00072655j, -1.39677146e-02+0.00234937j,
            3.50208811e-02+0.15108236j,  9.05698036e-01-0.39428106j]],
         input_dims=(2, 2), output_dims=(2, 2))"
"Operator([[ 9.05698036e-01-0.39428106j, -1.13595215e-01+0.10558631j,
            5.01557547e-03-0.01324615j,  1.62647632e-04+0.00072779j],
          [ 1.48464244e-01+0.04484095j,  9.70446769e-01-0.04265846j,
           -1.51386139e-01+0.09613845j,  5.01557547e-03-0.01324615j],
          [ 9.07300564e-03+0.01087645j,  1.59364863e-01+0.08223871j,
            9.70446769e-01-0.04265846j, -1.13595215e-01+0.10558631j],
          [ 1.73552795e-04+0.00072527j,  9.07300564e-03+0.01087645j,
            1.48464244e-01+0.04484095j,  9.05698036e-01-0.39428106j]],
         input_dims=(2, 2), output_dims=(2, 2))"
"Operator([[ 9.05698036e-01-0.39428106j,  3.50208811e-02+0.15108236j,
           -1.39677146e-02+0.00234937j, -1.68104948e-04-0.00072655j],
          [ 3.50208811e-02+0.15108236j,  9.70446769e-01-0.04265846j,
            8.01347011e-03+0.17915398j, -1.39677146e-02+0.00234937j],
          [-1.39677146e-02+0.00234937j,  8.01347011e-03+0.17915398j,
            9.70446769e-01-0.04265846j,  3.50208811e-02+0.15108236j],
          [-1.68104948e-04-0.00072655j, -1.39677146e-02+0.00234937j,
            3.50208811e-02+0.15108236j,  9.05698036e-01-0.39428106j]],
         input_dims=(2, 2), output_dims=(2, 2))"
"Operator([[ 9.05698036e-01-0.39428106j,  3.50208811e-02+0.15108236j,
           -1.39677146e-02+0.00234937j, -1.68104948e-04-0.00072655j],
          [ 3.50208811e-02+0.15108236j,  9.70446769e-01-0.04265846j,
            8.01347011e-03+0.17915398j, -1.39677146e-02+0.00234937j],
          [-1.39677146e-02+0.00234937j,  8.01347011e-03+0.17915398j,
            9.70446769e-01-0.04265846j,  3.50208811e-02+0.15108236j],
          [-1.68104948e-04-0.00072655j, -1.39677146e-02+0.00234937j,
            3.50208811e-02+0.15108236j,  9.05698036e-01-0.39428106j]],
         input_dims=(2, 2), output_dims=(2, 2))"
"Operator([[ 9.05698036e-01-0.39428106j, -1.28550746e-01+0.08675856j,
            8.82168188e-03-0.01108127j, -1.81403924e-04+0.00072334j],
          [ 1.53611106e-01+0.02135346j,  9.70446769e-01-0.04265846j,
           -1.64427092e-01+0.0715828j ,  8.82168188e-03-0.01108127j],
          [ 1.19614456e-02+0.00758554j,  1.70161398e-01+0.05661682j,
            9.70446769e-01-0.04265846j, -1.28550746e-01+0.08675856j],
          [ 4.80686005e-04+0.00057015j,  1.19614456e-02+0.00758554j,
            1.53611106e-01+0.02135346j,  9.05698036e-01-0.39428106j]],
         input_dims=(2, 2), output_dims=(2, 2))"
"Operator([[ 9.05698036e-01-3.94281058e-01j,
            1.23793677e-01+9.34209182e-02j,
           -1.56631720e-04+1.41630533e-02j,
           -5.47569127e-04+5.06263317e-04j],
          [-7.00673648e-02+1.38357894e-01j,
            9.70446769e-01-4.26584628e-02j,
            1.21087365e-01+1.32280820e-01j,
           -1.56631720e-04+1.41630533e-02j],
          [-4.78138890e-03-1.33324766e-02j,
           -1.08793722e-01+1.42563289e-01j,
            9.70446769e-01-4.26584628e-02j,
            1.23793677e-01+9.34209182e-02j],
          [ 7.14289296e-04+2.14301883e-04j,
           -4.78138890e-03-1.33324766e-02j,
           -7.00673648e-02+1.38357894e-01j,
            9.05698036e-01-3.94281058e-01j]],
         input_dims=(2, 2), output_dims=(2, 2))"
"Operator([[ 9.05698036e-01-0.39428106j,  1.03451137e-01-0.11554309j,
            2.51616875e-03-0.01393863j, -3.54199049e-04-0.00065626j],
          [-1.43735271e-01-0.05824529j,  9.70446769e-01-0.04265846j,
            1.41948341e-01-0.10959486j,  2.51616875e-03-0.01393863j],
          [ 6.93767234e-03+0.01234849j, -1.51166147e-01-0.09648399j,
            9.70446769e-01-0.04265846j,  1.03451137e-01-0.11554309j],
          [ 2.99506444e-05-0.00074514j,  6.93767234e-03+0.01234849j,
           -1.43735271e-01-0.05824529j,  9.05698036e-01-0.39428106j]],
         input_dims=(2, 2), output_dims=(2, 2))"
