unitary
"Operator([[ 9.71100551e-01-2.22516375e-01j,
            9.55694570e-03-8.56749705e-02j,
           -4.00731009e-03-1.60374941e-03j,
           -6.87140013e-05+1.04082756e-04j],
          [-3.04696403e-02-8.06420288e-02j,
            9.90974800e-01-2.45305156e-02j,
            2.08857676e-02-9.73694965e-02j,
           -4.00731009e-03-1.60374941e-03j],
          [-3.64779698e-03+2.30740622e-03j,
           -2.57020266e-02-9.62103943e-02j,
            9.90974800e-01-2.45305156e-02j,
            9.55694570e-03-8.56749705e-02j],
          [ 9.23311320e-05+8.38438796e-05j,
           -3.64779698e-03+2.30740622e-03j,
           -3.04696403e-02-8.06420288e-02j,
            9.71100551e-01-2.22516375e-01j]],
         input_dims=(2, 2), output_dims=(2, 2))"
"Operator([[ 9.71100551e-01-2.22516375e-01j,
           -9.04145184e-03-8.57309042e-02j,
           -4.31055674e-03+2.22815942e-04j,
            8.09982948e-06+1.24455722e-04j],
          [-1.24640379e-02-8.53005483e-02j,
            9.90974800e-01-2.45305156e-02j,
           -4.84580405e-04-9.95831277e-02j,
           -4.31055674e-03+2.22815942e-04j],
          [-4.27894416e-03+5.66730273e-04j,
           -4.46820111e-03-9.94840154e-02j,
            9.90974800e-01-2.45305156e-02j,
           -9.04145184e-03-8.57309042e-02j],
          [ 2.29469020e-05+1.22589860e-04j,
           -4.27894416e-03+5.66730273e-04j,
           -1.24640379e-02-8.53005483e-02j,
            9.71100551e-01-2.22516375e-01j]],
         input_dims=(2, 2), output_dims=(2, 2))"
"Operator([[ 9.71100551e-01-2.22516375e-01j,
           -2.99538348e-02-8.08350392e-02j,
           -3.67698047e-03+2.26061074e-03j,
            9.07073458e-05+8.55979643e-05j],
          [ 9.00941392e-03-8.57342770e-02j,
            9.90974800e-01-2.45305156e-02j,
           -2.50868595e-02-9.63726290e-02j,
           -3.67698047e-03+2.26061074e-03j],
          [-4.02747376e-03-1.55241794e-03j,
            2.02632939e-02-9.75009388e-02j,
            9.90974800e-01-2.45305156e-02j,
           -2.99538348e-02-8.08350392e-02j],
          [-6.67066840e-05+1.05380512e-04j,
           -4.02747376e-03-1.55241794e-03j,
            9.00941392e-03-8.57342770e-02j,
            9.71100551e-01-2.22516375e-01j]],
         input_dims=(2, 2), output_dims=(2, 2))"
"Operator([[ 9.71100551e-01-2.22516375e-01j,
           -5.61291111e-02-6.54297996e-02j,
           -1.32178600e-03+4.10894489e-03j,
            1.18922517e-04-3.75801694e-05j],
          [ 3.81836926e-02-7.72886888e-02j,
            9.90974800e-01-2.45305156e-02j,
           -5.69527814e-02-8.16909715e-02j,
           -1.32178600e-03+4.10894489e-03j],
          [-2.04869563e-03-3.79913049e-03j,
            5.28198955e-02-8.44221108e-02j,
            9.90974800e-01-2.45305156e-02j,
           -5.61291111e-02-6.54297996e-02j],
          [-1.24523219e-04-6.98583806e-06j,
           -2.04869563e-03-3.79913049e-03j,
            3.81836926e-02-7.72886888e-02j,
            9.71100551e-01-2.22516375e-01j]],
         input_dims=(2, 2), output_dims=(2, 2))"
"Operator([[ 9.71100551e-01-2.22516375e-01j,
            1.07548977e-02+8.55328473e-02j,
           -4.29819156e-03+3.95089414e-04j,
           -1.55513744e-05-1.23745662e-04j],
          [ 1.07548977e-02+8.55328473e-02j,
            9.90974800e-01-2.45305156e-02j,
            2.47688655e-03+9.95534991e-02j,
           -4.29819156e-03+3.95089414e-04j],
          [-4.29819156e-03+3.95089414e-04j,
            2.47688655e-03+9.95534991e-02j,
            9.90974800e-01-2.45305156e-02j,
            1.07548977e-02+8.55328473e-02j],
          [-1.55513744e-05-1.23745662e-04j,
           -4.29819156e-03+3.95089414e-04j,
            1.07548977e-02+8.55328473e-02j,
            9.71100551e-01-2.22516375e-01j]],
         input_dims=(2, 2), output_dims=(2, 2))"
"Operator([[ 9.71100551e-01-2.22516375e-01j,
           -8.48056717e-02+1.54768806e-02j,
            4.22809961e-03-8.68170479e-04j,
           -1.19464734e-04+3.58191481e-05j],
          [ 8.59973093e-02-5.99988118e-03j,
            9.90974800e-01-2.45305156e-02j,
           -9.92633912e-02+7.98832320e-03j,
            4.22809961e-03-8.68170479e-04j],
          [ 4.31551660e-03+8.28419810e-05j,
            9.95378291e-02+3.04215784e-03j,
            9.90974800e-01-2.45305156e-02j,
           -8.48056717e-02+1.54768806e-02j],
          [ 1.24612836e-04+5.14541285e-06j,
            4.31551660e-03+8.28419810e-05j,
            8.59973093e-02-5.99988118e-03j,
            9.71100551e-01-2.22516375e-01j]],
         input_dims=(2, 2), output_dims=(2, 2))"
"Operator([[ 9.71100551e-01-2.22516375e-01j,
           -7.70502752e-02+3.86625255e-02j,
            3.09378992e-03-3.00981897e-03j,
           -5.15163750e-05+1.13582116e-04j],
          [ 8.42233024e-02+1.83839907e-02j,
            9.90974800e-01-2.45305156e-02j,
           -9.30288872e-02+3.55339314e-02j,
            3.09378992e-03-3.00981897e-03j],
          [ 3.59063601e-03+2.39538709e-03j,
            9.46808578e-02+3.08637214e-02j,
            9.90974800e-01-2.45305156e-02j,
           -7.70502752e-02+3.86625255e-02j],
          [ 7.80187666e-05+9.73031661e-05j,
            3.59063601e-03+2.39538709e-03j,
            8.42233024e-02+1.83839907e-02j,
            9.71100551e-01-2.22516375e-01j]],
         input_dims=(2, 2), output_dims=(2, 2))"
"Operator([[ 9.71100551e-01-2.22516375e-01j,
            1.07548977e-02+8.55328473e-02j,
           -4.29819156e-03+3.95089414e-04j,
           -1.55513744e-05-1.23745662e-04j],
          [ 1.07548977e-02+8.55328473e-02j,
            9.90974800e-01-2.45305156e-02j,
            2.47688655e-03+9.95534991e-02j,
           -4.29819156e-03+3.95089414e-04j],
          [-4.29819156e-03+3.95089414e-04j,
            2.47688655e-03+9.95534991e-02j,
            9.90974800e-01-2.45305156e-02j,
            1.07548977e-02+8.55328473e-02j],
          [-1.55513744e-05-1.23745662e-04j,
           -4.29819156e-03+3.95089414e-04j,
            1.07548977e-02+8.55328473e-02j,
            9.71100551e-01-2.22516375e-01j]],
         input_dims=(2, 2), output_dims=(2, 2))"
"Operator([[ 9.71100551e-01-2.22516375e-01j,
            1.07548977e-02+8.55328473e-02j,
           -4.29819156e-03+3.95089414e-04j,
           -1.55513744e-05-1.23745662e-04j],
          [ 1.07548977e-02+8.55328473e-02j,
            9.90974800e-01-2.45305156e-02j,
            2.47688655e-03+9.95534991e-02j,
           -4.29819156e-03+3.95089414e-04j],
          [-4.29819156e-03+3.95089414e-04j,
            2.47688655e-03+9.95534991e-02j,
            9.90974800e-01-2.45305156e-02j,
            1.07548977e-02+8.55328473e-02j],
          [-1.55513744e-05-1.23745662e-04j,
           -4.29819156e-03+3.95089414e-04j,
            1.07548977e-02+8.55328473e-02j,
            9.71100551e-01-2.22516375e-01j]],
         input_dims=(2, 2), output_dims=(2, 2))"
"Operator([[ 9.71100551e-01-2.22516375e-01j,
           -7.22448479e-02+4.70342188e-02j,
            2.34768774e-03-3.62200340e-03j,
           -1.11740640e-05+1.24217448e-04j],
          [ 8.16400078e-02+2.76847417e-02j,
            9.90974800e-01-2.45305156e-02j,
           -8.84730599e-02+4.57116157e-02j,
            2.34768774e-03-3.62200340e-03j],
          [ 2.96863717e-03+3.13332725e-03j,
            9.06367946e-02+4.12553707e-02j,
            9.90974800e-01-2.45305156e-02j,
           -7.22448479e-02+4.70342188e-02j],
          [ 4.15625001e-05+1.17589934e-04j,
            2.96863717e-03+3.13332725e-03j,
            8.16400078e-02+2.76847417e-02j,
            9.71100551e-01-2.22516375e-01j]],
         input_dims=(2, 2), output_dims=(2, 2))"
