unitary
"Operator([[ 9.76092816e-01-2.02678355e-01j,
            7.50783661e-02-2.26889898e-02j,
            3.22481807e-03-1.52957155e-03j,
            7.44551278e-05-5.69525621e-05j],
          [-7.82606519e-02-5.17896511e-03j,
            9.92535817e-01-2.23742987e-02j,
            8.87470780e-02-1.82128715e-02j,
            3.22481807e-03-1.52957155e-03j],
          [ 3.43387619e-03+9.73414122e-04j,
           -8.94803210e-02-1.41783176e-02j,
            9.92535817e-01-2.23742987e-02j,
            7.50783661e-02-2.26889898e-02j],
          [-8.53740702e-05-3.87095403e-05j,
            3.43387619e-03+9.73414122e-04j,
           -7.82606519e-02-5.17896511e-03j,
            9.76092816e-01-2.02678355e-01j]],
         input_dims=(2, 2), output_dims=(2, 2))"
"Operator([[ 9.76092816e-01-2.02678355e-01j,
            8.89842555e-03+7.79254088e-02j,
           -3.55679443e-03+2.97075910e-04j,
           -1.06305121e-05-9.31351308e-05j],
          [ 8.89842555e-03+7.79254088e-02j,
            9.92535817e-01-2.23742987e-02j,
            2.05032137e-03+9.05734438e-02j,
           -3.55679443e-03+2.97075910e-04j],
          [-3.55679443e-03+2.97075910e-04j,
            2.05032137e-03+9.05734438e-02j,
            9.92535817e-01-2.23742987e-02j,
            8.89842555e-03+7.79254088e-02j],
          [-1.06305121e-05-9.31351308e-05j,
           -3.55679443e-03+2.97075910e-04j,
            8.89842555e-03+7.79254088e-02j,
            9.76092816e-01-2.02678355e-01j]],
         input_dims=(2, 2), output_dims=(2, 2))"
"Operator([[ 9.76092816e-01-2.02678355e-01j,
            6.66975559e-02-4.12672674e-02j,
            2.03505963e-03-2.93216184e-03j,
            1.27119390e-05-9.28739306e-05j],
          [-7.42839459e-02-2.51683669e-02j,
            9.92535817e-01-2.23742987e-02j,
            8.10580652e-02-4.04640904e-02j,
            2.03505963e-03-2.93216184e-03j],
          [ 2.49327798e-03+2.55393924e-03j,
           -8.28060753e-02-3.67546792e-02j,
            9.92535817e-01-2.23742987e-02j,
            6.66975559e-02-4.12672674e-02j],
          [-3.33137089e-05-8.76205294e-05j,
            2.49327798e-03+2.55393924e-03j,
           -7.42839459e-02-2.51683669e-02j,
            9.76092816e-01-2.02678355e-01j]],
         input_dims=(2, 2), output_dims=(2, 2))"
"Operator([[ 9.76092816e-01-2.02678355e-01j,
            8.89842555e-03+7.79254088e-02j,
           -3.55679443e-03+2.97075910e-04j,
           -1.06305121e-05-9.31351308e-05j],
          [ 8.89842555e-03+7.79254088e-02j,
            9.92535817e-01-2.23742987e-02j,
            2.05032137e-03+9.05734438e-02j,
           -3.55679443e-03+2.97075910e-04j],
          [-3.55679443e-03+2.97075910e-04j,
            2.05032137e-03+9.05734438e-02j,
            9.92535817e-01-2.23742987e-02j,
            8.89842555e-03+7.79254088e-02j],
          [-1.06305121e-05-9.31351308e-05j,
           -3.55679443e-03+2.97075910e-04j,
            8.89842555e-03+7.79254088e-02j,
            9.76092816e-01-2.02678355e-01j]],
         input_dims=(2, 2), output_dims=(2, 2))"
"Operator([[ 9.76092816e-01-2.02678355e-01j,
            8.89842555e-03+7.79254088e-02j,
           -3.55679443e-03+2.97075910e-04j,
           -1.06305121e-05-9.31351308e-05j],
          [ 8.89842555e-03+7.79254088e-02j,
            9.92535817e-01-2.23742987e-02j,
            2.05032137e-03+9.05734438e-02j,
           -3.55679443e-03+2.97075910e-04j],
          [-3.55679443e-03+2.97075910e-04j,
            2.05032137e-03+9.05734438e-02j,
            9.92535817e-01-2.23742987e-02j,
            8.89842555e-03+7.79254088e-02j],
          [-1.06305121e-05-9.31351308e-05j,
           -3.55679443e-03+2.97075910e-04j,
            8.89842555e-03+7.79254088e-02j,
            9.76092816e-01-2.02678355e-01j]],
         input_dims=(2, 2), output_dims=(2, 2))"
"Operator([[ 9.76092816e-01-2.02678355e-01j,
            4.95928441e-02-6.07626623e-02j,
           -2.05749699e-04-3.56324400e-03j,
           -7.10748540e-05-6.11189456e-05j],
          [-6.20146823e-02-4.80180226e-02j,
            9.92535817e-01-2.23742987e-02j,
            6.34301623e-02-6.46866837e-02j,
           -2.05749699e-04-3.56324400e-03j],
          [ 3.88206650e-04+3.54800456e-03j,
           -6.62923271e-02-6.17501409e-02j,
            9.92535817e-01-2.23742987e-02j,
            4.95928441e-02-6.07626623e-02j],
          [ 5.54738416e-05-7.55633064e-05j,
            3.88206650e-04+3.54800456e-03j,
           -6.20146823e-02-4.80180226e-02j,
            9.76092816e-01-2.02678355e-01j]],
         input_dims=(2, 2), output_dims=(2, 2))"
"Operator([[ 9.76092816e-01-2.02678355e-01j,
            4.48543256e-02-6.43400403e-02j,
           -7.40937337e-04-3.49142558e-03j,
           -8.30133388e-05-4.35424617e-05j],
          [-5.82046475e-02-5.25715734e-02j,
            9.92535817e-01-2.23742987e-02j,
            5.83551621e-02-6.92995497e-02j,
           -7.40937337e-04-3.49142558e-03j],
          [-1.51479531e-04+3.56596336e-03j,
           -6.14312625e-02-6.65879308e-02j,
            9.92535817e-01-2.23742987e-02j,
            4.48543256e-02-6.43400403e-02j],
          [ 7.10660392e-05-6.11291947e-05j,
           -1.51479531e-04+3.56596336e-03j,
           -5.82046475e-02-5.25715734e-02j,
            9.76092816e-01-2.02678355e-01j]],
         input_dims=(2, 2), output_dims=(2, 2))"
"Operator([[ 9.76092816e-01-2.02678355e-01j,
            4.12957569e-02-6.66799204e-02j,
           -1.11504826e-03-3.39053213e-03j,
           -8.89767506e-05-2.95008175e-05j],
          [-5.52652002e-02-5.56534721e-02j,
            9.92535817e-01-2.23742987e-02j,
            5.45074821e-02-7.23649566e-02j,
           -1.11504826e-03-3.39053213e-03j],
          [-5.37144075e-04+3.52852901e-03j,
           -5.77262367e-02-6.98243091e-02j,
            9.92535817e-01-2.23742987e-02j,
            4.12957569e-02-6.66799204e-02j],
          [ 8.00402887e-05-4.87925462e-05j,
           -5.37144075e-04+3.52852901e-03j,
           -5.52652002e-02-5.56534721e-02j,
            9.76092816e-01-2.02678355e-01j]],
         input_dims=(2, 2), output_dims=(2, 2))"
"Operator([[ 9.76092816e-01-2.02678355e-01j,
            3.84055692e-02-6.83854047e-02j,
           -1.40077750e-03-3.28281329e-03j,
           -9.20212859e-05-1.78673818e-05j],
          [-5.28339070e-02-5.79666248e-02j,
            9.92535817e-01-2.23742987e-02j,
            5.13620103e-02-7.46303989e-02j,
           -1.40077750e-03-3.28281329e-03j],
          [-8.36783786e-04+3.46970224e-03j,
           -5.46865006e-02-7.22297667e-02j,
            9.92535817e-01-2.23742987e-02j,
            3.84055692e-02-6.83854047e-02j],
          [ 8.56280591e-05-3.81444081e-05j,
           -8.36783786e-04+3.46970224e-03j,
           -5.28339070e-02-5.79666248e-02j,
            9.76092816e-01-2.02678355e-01j]],
         input_dims=(2, 2), output_dims=(2, 2))"
"Operator([[ 9.76092816e-01-2.02678355e-01j,
            3.59448951e-02-6.97102276e-02j,
           -1.63097985e-03-3.17473549e-03j,
           -9.34023854e-05-7.94699781e-06j],
          [-5.07352526e-02-5.98120846e-02j,
            9.92535817e-01-2.23742987e-02j,
            4.86706277e-02-7.64128428e-02j,
           -1.63097985e-03-3.17473549e-03j],
          [-1.08172552e-03+3.40131013e-03j,
           -5.20785324e-02-7.41321726e-02j,
            9.92535817e-01-2.23742987e-02j,
            3.59448951e-02-6.97102276e-02j],
          [ 8.92091505e-05-2.87904123e-05j,
           -1.08172552e-03+3.40131013e-03j,
           -5.07352526e-02-5.98120846e-02j,
            9.76092816e-01-2.02678355e-01j]],
         input_dims=(2, 2), output_dims=(2, 2))"
"Operator([[ 9.76092816e-01-2.02678355e-01j,
            3.38172785e-02-7.07668213e-02j,
           -1.82018962e-03-3.07017108e-03j,
           -9.37381743e-05+5.61304933e-07j],
          [-4.89006109e-02-6.13211348e-02j,
            9.92535817e-01-2.23742987e-02j,
            4.63341897e-02-7.78517528e-02j,
           -1.82018962e-03-3.07017108e-03j],
          [-1.28565982e-03+3.32958249e-03j,
           -4.98095999e-02-7.56753348e-02j,
            9.92535817e-01-2.23742987e-02j,
            3.38172785e-02-7.07668213e-02j],
          [ 9.14536114e-05-2.05766211e-05j,
           -1.28565982e-03+3.32958249e-03j,
           -4.89006109e-02-6.13211348e-02j,
            9.76092816e-01-2.02678355e-01j]],
         input_dims=(2, 2), output_dims=(2, 2))"
