unitary
"Operator([[ 0.14873993-0.87453732j,  0.20434203-0.38915174j,
            0.05226236-0.12851241j, -0.00337984-0.02465679j],
          [-0.39545321+0.19186321j,  0.71834518-0.06185492j,
            0.46825189-0.22012j   ,  0.05226236-0.12851241j],
          [ 0.13821334+0.01199438j, -0.50749037-0.10082744j,
            0.71834518-0.06185492j,  0.20434203-0.38915174j],
          [-0.02439299-0.00493587j,  0.13821334+0.01199438j,
           -0.39545321+0.19186321j,  0.14873993-0.87453732j]],
         input_dims=(2, 2), output_dims=(2, 2))"
"Operator([[ 0.14873993-0.87453732j,  0.30581933+0.31570441j,
           -0.11834605+0.07239479j, -0.01703118-0.01814716j],
          [ 0.30581933+0.31570441j,  0.71834518-0.06185492j,
            0.06279007+0.51358549j, -0.11834605+0.07239479j],
          [-0.11834605+0.07239479j,  0.06279007+0.51358549j,
            0.71834518-0.06185492j,  0.30581933+0.31570441j],
          [-0.01703118-0.01814716j, -0.11834605+0.07239479j,
            0.30581933+0.31570441j,  0.14873993-0.87453732j]],
         input_dims=(2, 2), output_dims=(2, 2))"
"Operator([[ 0.14873993-0.87453732j,  0.39367579-0.1954843j ,
            0.1384102 +0.00945564j,  0.02451962+0.0042625j ],
          [-0.20790476+0.38726005j,  0.71834518-0.06185492j,
            0.50839431+0.09616584j,  0.1384102 +0.00945564j],
          [ 0.05461223-0.12753155j, -0.47025226+0.21581347j,
            0.71834518-0.06185492j,  0.39367579-0.1954843j ],
          [ 0.00269979+0.02474049j,  0.05461223-0.12753155j,
           -0.20790476+0.38726005j,  0.14873993-0.87453732j]],
         input_dims=(2, 2), output_dims=(2, 2))"
"Operator([[ 0.14873993-0.87453732j,  0.30581933+0.31570441j,
           -0.11834605+0.07239479j, -0.01703118-0.01814716j],
          [ 0.30581933+0.31570441j,  0.71834518-0.06185492j,
            0.06279007+0.51358549j, -0.11834605+0.07239479j],
          [-0.11834605+0.07239479j,  0.06279007+0.51358549j,
            0.71834518-0.06185492j,  0.30581933+0.31570441j],
          [-0.01703118-0.01814716j, -0.11834605+0.07239479j,
            0.30581933+0.31570441j,  0.14873993-0.87453732j]],
         input_dims=(2, 2), output_dims=(2, 2))"
"Operator([[ 0.14873993-0.87453732j, -0.1294478 +0.42004524j,
            0.00236961-0.13871257j,  0.01584118+0.01919473j],
          [ 0.42394937-0.11602441j,  0.71834518-0.06185492j,
           -0.41989795+0.30232162j,  0.00236961-0.13871257j],
          [ 0.12457385+0.06105857j,  0.48036429+0.19225712j,
            0.71834518-0.06185492j, -0.1294478 +0.42004524j],
          [ 0.01815207+0.01702595j,  0.12457385+0.06105857j,
            0.42394937-0.11602441j,  0.14873993-0.87453732j]],
         input_dims=(2, 2), output_dims=(2, 2))"
