unitary
"Operator([[ 9.20523801e-01-0.36357189j,  2.95292899e-02+0.13941656j,
           -1.17829369e-02+0.00181407j, -1.18990440e-04-0.00056265j],
          [ 2.95292899e-02+0.13941656j,  9.75113011e-01-0.03950844j,
            6.76696943e-03+0.16461113j, -1.17829369e-02+0.00181407j],
          [-1.17829369e-02+0.00181407j,  6.76696943e-03+0.16461113j,
            9.75113011e-01-0.03950844j,  2.95292899e-02+0.13941656j],
          [-1.18990440e-04-0.00056265j, -1.17829369e-02+0.00181407j,
            2.95292899e-02+0.13941656j,  9.20523801e-01-0.36357189j]],
         input_dims=(2, 2), output_dims=(2, 2))"
"Operator([[ 9.20523801e-01-0.36357189j,  9.87371768e-03+0.14216703j,
           -1.18272460e-02-0.00149823j,  1.19734494e-04-0.00056249j],
          [ 4.86121206e-02+0.133962j  ,  9.75113011e-01-0.03950844j,
           -1.61681495e-02+0.16395489j, -1.18272460e-02-0.00149823j],
          [-1.08289066e-02+0.0049863j ,  2.95708382e-02+0.16207461j,
            9.75113011e-01-0.03950844j,  9.87371768e-03+0.14216703j],
          [-3.37211948e-04-0.00046586j, -1.08289066e-02+0.0049863j ,
            4.86121206e-02+0.133962j  ,  9.20523801e-01-0.36357189j]],
         input_dims=(2, 2), output_dims=(2, 2))"
"Operator([[ 9.20523801e-01-0.36357189j,  3.55624135e-02+0.13800098j,
           -1.15808154e-02+0.00283075j, -1.91177048e-04-0.00054239j],
          [ 2.34403290e-02+0.14056851j,  9.75113011e-01-0.03950844j,
            1.39169311e-02+0.1641613j , -1.15808154e-02+0.00283075j],
          [-1.18959785e-02+0.00078367j, -3.95787947e-04+0.16474968j,
            9.75113011e-01-0.03950844j,  3.55624135e-02+0.13800098j],
          [-4.47813799e-05-0.00057335j, -1.18959785e-02+0.00078367j,
            2.34403290e-02+0.14056851j,  9.20523801e-01-0.36357189j]],
         input_dims=(2, 2), output_dims=(2, 2))"
"Operator([[ 9.20523801e-01-0.36357189j,  2.95292899e-02+0.13941656j,
           -1.17829369e-02+0.00181407j, -1.18990440e-04-0.00056265j],
          [ 2.95292899e-02+0.13941656j,  9.75113011e-01-0.03950844j,
            6.76696943e-03+0.16461113j, -1.17829369e-02+0.00181407j],
          [-1.17829369e-02+0.00181407j,  6.76696943e-03+0.16461113j,
            9.75113011e-01-0.03950844j,  2.95292899e-02+0.13941656j],
          [-1.18990440e-04-0.00056265j, -1.17829369e-02+0.00181407j,
            2.95292899e-02+0.13941656j,  9.20523801e-01-0.36357189j]],
         input_dims=(2, 2), output_dims=(2, 2))"
"Operator([[ 9.20523801e-01-3.63571888e-01j,
            3.89140619e-02+1.37093584e-01j,
           -1.14291732e-02+3.39152435e-03j,
           -2.30278929e-04-5.26979651e-04j],
          [ 2.00086120e-02+1.41097875e-01j,
            9.75113011e-01-3.95084415e-02j,
            1.79123651e-02+1.63773508e-01j,
           -1.14291732e-02+3.39152435e-03j],
          [-1.19200305e-02+2.03250166e-04j,
           -4.40957064e-03+1.64691136e-01j,
            9.75113011e-01-3.95084415e-02j,
            3.89140619e-02+1.37093584e-01j],
          [-2.78827706e-06-5.75089700e-04j,
           -1.19200305e-02+2.03250166e-04j,
            2.00086120e-02+1.41097875e-01j,
            9.20523801e-01-3.63571888e-01j]],
         input_dims=(2, 2), output_dims=(2, 2))"
"Operator([[ 9.20523801e-01-0.36357189j,  2.95292899e-02+0.13941656j,
           -1.17829369e-02+0.00181407j, -1.18990440e-04-0.00056265j],
          [ 2.95292899e-02+0.13941656j,  9.75113011e-01-0.03950844j,
            6.76696943e-03+0.16461113j, -1.17829369e-02+0.00181407j],
          [-1.17829369e-02+0.00181407j,  6.76696943e-03+0.16461113j,
            9.75113011e-01-0.03950844j,  2.95292899e-02+0.13941656j],
          [-1.18990440e-04-0.00056265j, -1.17829369e-02+0.00181407j,
            2.95292899e-02+0.13941656j,  9.20523801e-01-0.36357189j]],
         input_dims=(2, 2), output_dims=(2, 2))"
"Operator([[ 9.20523801e-01-3.63571888e-01j,
           -3.89471822e-02+1.37084178e-01j,
           -8.14791567e-03-8.70286779e-03j,
            5.45431350e-04-1.82319996e-04j],
          [ 9.11799906e-02+1.09522437e-01j,
            9.75113011e-01-3.95084415e-02j,
           -7.08366412e-02+1.48744025e-01j,
           -8.14791567e-03-8.70286779e-03j],
          [-5.15291344e-03+1.07506242e-02j,
            8.28063776e-02+1.42427942e-01j,
            9.75113011e-01-3.95084415e-02j,
           -3.89471822e-02+1.37084178e-01j],
          [-5.72545115e-04+5.41112691e-05j,
           -5.15291344e-03+1.07506242e-02j,
            9.11799906e-02+1.09522437e-01j,
            9.20523801e-01-3.63571888e-01j]],
         input_dims=(2, 2), output_dims=(2, 2))"
"Operator([[ 9.20523801e-01-3.63571888e-01j,
            2.45455289e-02-1.40379742e-01j,
           -9.76558561e-03-6.83825820e-03j,
           -4.63423523e-04+3.40550402e-04j],
          [-7.93511287e-02-1.18373786e-01j,
            9.75113011e-01-3.95084415e-02j,
            5.50564764e-02-1.55278457e-01j,
           -9.76558561e-03-6.83825820e-03j],
          [-7.25651843e-03+9.45893112e-03j,
           -6.76157970e-02-1.50235544e-01j,
            9.75113011e-01-3.95084415e-02j,
            2.45455289e-02-1.40379742e-01j],
          [ 5.61619277e-04+1.23772882e-04j,
           -7.25651843e-03+9.45893112e-03j,
           -7.93511287e-02-1.18373786e-01j,
            9.20523801e-01-3.63571888e-01j]],
         input_dims=(2, 2), output_dims=(2, 2))"
"Operator([[ 9.20523801e-01-3.63571888e-01j,
            1.01507370e-01+1.00026040e-01j,
           -2.94931765e-03+1.15511888e-02j,
           -5.31978616e-04+2.18482700e-04j],
          [-5.22378053e-02+1.32590221e-01j,
            9.75113011e-01-3.95084415e-02j,
            9.64099044e-02+1.33595453e-01j,
           -2.94931765e-03+1.15511888e-02j],
          [-6.28716138e-03-1.01291678e-02j,
           -8.51192286e-02+1.41057902e-01j,
            9.75113011e-01-3.95084415e-02j,
            1.01507370e-01+1.00026040e-01j],
          [ 5.74884883e-04-1.55983784e-05j,
           -6.28716138e-03-1.01291678e-02j,
           -5.22378053e-02+1.32590221e-01j,
            9.20523801e-01-3.63571888e-01j]],
         input_dims=(2, 2), output_dims=(2, 2))"
"Operator([[ 9.20523801e-01-0.36357189j,  1.38338459e-01+0.0342261j ,
            8.72496076e-03+0.00812425j,  2.37348701e-04+0.00052383j],
          [-1.12583054e-01+0.08737283j,  9.75113011e-01-0.03950844j,
            1.51084385e-01+0.06569721j,  8.72496076e-03+0.00812425j],
          [ 5.87727504e-03-0.01037237j, -1.45182244e-01+0.07787638j,
            9.75113011e-01-0.03950844j,  1.38338459e-01+0.0342261j ],
          [-4.94992438e-06+0.00057508j,  5.87727504e-03-0.01037237j,
           -1.12583054e-01+0.08737283j,  9.20523801e-01-0.36357189j]],
         input_dims=(2, 2), output_dims=(2, 2))"
"Operator([[ 9.20523801e-01-0.36357189j,  2.95292899e-02+0.13941656j,
           -1.17829369e-02+0.00181407j, -1.18990440e-04-0.00056265j],
          [ 2.95292899e-02+0.13941656j,  9.75113011e-01-0.03950844j,
            6.76696943e-03+0.16461113j, -1.17829369e-02+0.00181407j],
          [-1.17829369e-02+0.00181407j,  6.76696943e-03+0.16461113j,
            9.75113011e-01-0.03950844j,  2.95292899e-02+0.13941656j],
          [-1.18990440e-04-0.00056265j, -1.17829369e-02+0.00181407j,
            2.95292899e-02+0.13941656j,  9.20523801e-01-0.36357189j]],
         input_dims=(2, 2), output_dims=(2, 2))"
"Operator([[ 9.20523801e-01-0.36357189j,  1.41076586e-01+0.02015817j,
            1.01726815e-02+0.00621651j,  3.82338818e-04+0.0004296j ],
          [-1.20789533e-01+0.07562304j,  9.75113011e-01-0.03950844j,
            1.56919044e-01+0.05018992j,  1.01726815e-02+0.00621651j],
          [ 7.83177507e-03-0.00898842j, -1.52270037e-01+0.06290032j,
            9.75113011e-01-0.03950844j,  1.41076586e-01+0.02015817j],
          [-1.75678552e-04+0.00054761j,  7.83177507e-03-0.00898842j,
           -1.20789533e-01+0.07562304j,  9.20523801e-01-0.36357189j]],
         input_dims=(2, 2), output_dims=(2, 2))"
