unitary
"Operator([[ 9.64368752e-01-2.46595857e-01j,
           -2.63114772e-02-9.19930271e-02j,
           -4.94296990e-03+1.97999620e-03j,
            9.04860127e-05+1.45088097e-04j],
          [ 5.46880588e-05-9.56818054e-02j,
            9.88868548e-01-2.71343666e-02j,
           -1.83944310e-02-1.09000008e-01j,
           -4.94296990e-03+1.97999620e-03j],
          [-5.24130706e-03-9.39168067e-04j,
            1.23513480e-02-1.09848992e-01j,
            9.88868548e-01-2.71343666e-02j,
           -2.63114772e-02-9.19930271e-02j],
          [-4.72239542e-05+1.64341634e-04j,
           -5.24130706e-03-9.39168067e-04j,
            5.46880588e-05-9.56818054e-02j,
            9.64368752e-01-2.46595857e-01j]],
         input_dims=(2, 2), output_dims=(2, 2))"
"Operator([[ 9.64368752e-01-2.46595857e-01j,
           -4.50181416e-02-8.44297210e-02j,
           -3.69623045e-03+3.83291231e-03j,
            1.58836798e-04+6.33178163e-05j],
          [ 2.01187687e-02-9.35427497e-02j,
            9.88868548e-01-2.71343666e-02j,
           -4.08436494e-02-1.02718807e-01j,
           -3.69623045e-03+3.83291231e-03j],
          [-4.39516150e-03-3.00597600e-03j,
            3.51129801e-02-1.04816199e-01j,
            9.88868548e-01-2.71343666e-02j,
           -4.50181416e-02-8.44297210e-02j],
          [-1.35380391e-04+1.04452976e-04j,
           -4.39516150e-03-3.00597600e-03j,
            2.01187687e-02-9.35427497e-02j,
            9.64368752e-01-2.46595857e-01j]],
         input_dims=(2, 2), output_dims=(2, 2))"
"Operator([[ 9.64368752e-01-2.46595857e-01j,
           -6.05981199e-02-7.40464634e-02j,
           -1.95161766e-03+4.95424312e-03j,
            1.67283497e-04-3.54190064e-05j],
          [ 3.79501212e-02-8.78339295e-02j,
            9.88868548e-01-2.71343666e-02j,
           -6.00651681e-02-9.27983432e-02j,
           -1.95161766e-03+4.95424312e-03j],
          [-2.91344579e-03-4.45703601e-03j,
            5.48526597e-02-9.59715720e-02j,
            9.88868548e-01-2.71343666e-02j,
           -6.05981199e-02-7.40464634e-02j],
          [-1.70583084e-04+1.18188714e-05j,
           -2.91344579e-03-4.45703601e-03j,
            3.79501212e-02-8.78339295e-02j,
            9.64368752e-01-2.46595857e-01j]],
         input_dims=(2, 2), output_dims=(2, 2))"
"Operator([[ 9.64368752e-01-2.46595857e-01j,
            1.32573193e-02+9.47589276e-02j,
           -5.29719306e-03+5.41370545e-04j,
           -2.36764882e-05-1.69344909e-04j],
          [ 1.32573193e-02+9.47589276e-02j,
            9.88868548e-01-2.71343666e-02j,
            3.05121392e-03+1.10499081e-01j,
           -5.29719306e-03+5.41370545e-04j],
          [-5.29719306e-03+5.41370545e-04j,
            3.05121392e-03+1.10499081e-01j,
            9.88868548e-01-2.71343666e-02j,
            1.32573193e-02+9.47589276e-02j],
          [-2.36764882e-05-1.69344909e-04j,
           -5.29719306e-03+5.41370545e-04j,
            1.32573193e-02+9.47589276e-02j,
            9.64368752e-01-2.46595857e-01j]],
         input_dims=(2, 2), output_dims=(2, 2))"
"Operator([[ 9.64368752e-01-2.46595857e-01j,
           -8.42010586e-02-4.54443902e-02j,
            2.09715219e-03+4.89441406e-03j,
            3.26350202e-05-1.67848830e-04j],
          [ 6.84963539e-02-6.68076370e-02j,
            9.88868548e-01-2.71343666e-02j,
           -9.08380309e-02-6.29905474e-02j,
            2.09715219e-03+4.89441406e-03j],
          [ 1.06372420e-03-5.21745409e-03j,
            8.72235435e-02-6.79073661e-02j,
            9.88868548e-01-2.71343666e-02j,
           -8.42010586e-02-4.54443902e-02j],
          [-7.74183920e-05-1.52462018e-04j,
            1.06372420e-03-5.21745409e-03j,
            6.84963539e-02-6.68076370e-02j,
            9.64368752e-01-2.46595857e-01j]],
         input_dims=(2, 2), output_dims=(2, 2))"
"Operator([[ 9.64368752e-01-2.46595857e-01j,
           -9.23202822e-02-2.51391401e-02j,
            4.04547589e-03+3.46229132e-03j,
           -8.12453940e-05-1.50457503e-04j],
          [ 8.18764017e-02-4.95102587e-02j,
            9.88868548e-01-2.71343666e-02j,
           -1.02767862e-01-4.07200612e-02j,
            4.04547589e-03+3.46229132e-03j],
          [ 3.26146779e-03-4.20905740e-03j,
            1.00364170e-01-4.63291511e-02j,
            9.88868548e-01-2.71343666e-02j,
           -9.23202822e-02-2.51391401e-02j],
          [ 3.68650393e-05-1.66970786e-04j,
            3.26146779e-03-4.20905740e-03j,
            8.18764017e-02-4.95102587e-02j,
            9.64368752e-01-2.46595857e-01j]],
         input_dims=(2, 2), output_dims=(2, 2))"
"Operator([[ 9.64368752e-01-2.46595857e-01j,
            1.32573193e-02+9.47589276e-02j,
           -5.29719306e-03+5.41370545e-04j,
           -2.36764882e-05-1.69344909e-04j],
          [ 1.32573193e-02+9.47589276e-02j,
            9.88868548e-01-2.71343666e-02j,
            3.05121392e-03+1.10499081e-01j,
           -5.29719306e-03+5.41370545e-04j],
          [-5.29719306e-03+5.41370545e-04j,
            3.05121392e-03+1.10499081e-01j,
            9.88868548e-01-2.71343666e-02j,
            1.32573193e-02+9.47589276e-02j],
          [-2.36764882e-05-1.69344909e-04j,
           -5.29719306e-03+5.41370545e-04j,
            1.32573193e-02+9.47589276e-02j,
            9.64368752e-01-2.46595857e-01j]],
         input_dims=(2, 2), output_dims=(2, 2))"
"Operator([[ 9.64368752e-01-2.46595857e-01j,
            1.32573193e-02+9.47589276e-02j,
           -5.29719306e-03+5.41370545e-04j,
           -2.36764882e-05-1.69344909e-04j],
          [ 1.32573193e-02+9.47589276e-02j,
            9.88868548e-01-2.71343666e-02j,
            3.05121392e-03+1.10499081e-01j,
           -5.29719306e-03+5.41370545e-04j],
          [-5.29719306e-03+5.41370545e-04j,
            3.05121392e-03+1.10499081e-01j,
            9.88868548e-01-2.71343666e-02j,
            1.32573193e-02+9.47589276e-02j],
          [-2.36764882e-05-1.69344909e-04j,
           -5.29719306e-03+5.41370545e-04j,
            1.32573193e-02+9.47589276e-02j,
            9.64368752e-01-2.46595857e-01j]],
         input_dims=(2, 2), output_dims=(2, 2))"
"Operator([[ 9.64368752e-01-2.46595857e-01j,
            1.32573193e-02+9.47589276e-02j,
           -5.29719306e-03+5.41370545e-04j,
           -2.36764882e-05-1.69344909e-04j],
          [ 1.32573193e-02+9.47589276e-02j,
            9.88868548e-01-2.71343666e-02j,
            3.05121392e-03+1.10499081e-01j,
           -5.29719306e-03+5.41370545e-04j],
          [-5.29719306e-03+5.41370545e-04j,
            3.05121392e-03+1.10499081e-01j,
            9.88868548e-01-2.71343666e-02j,
            1.32573193e-02+9.47589276e-02j],
          [-2.36764882e-05-1.69344909e-04j,
           -5.29719306e-03+5.41370545e-04j,
            1.32573193e-02+9.47589276e-02j,
            9.64368752e-01-2.46595857e-01j]],
         input_dims=(2, 2), output_dims=(2, 2))"
