unitary
"Operator([[ 0.62259735-7.18540202e-01j,  0.02519454+3.03330326e-01j,
           -0.05272656-2.46495233e-02j,  0.0041218 -4.87771774e-03j],
          [ 0.23140021+1.97732125e-01j,  0.87971529-7.02482895e-02j,
           -0.10568151+3.37588316e-01j, -0.05272656-2.46495233e-02j],
          [-0.0251308 +5.24988732e-02j,  0.16254758+3.14185834e-01j,
            0.87971529-7.02482895e-02j,  0.02519454+3.03330326e-01j],
          [-0.00637036+4.47149258e-04j, -0.0251308 +5.24988732e-02j,
            0.23140021+1.97732125e-01j,  0.62259735-7.18540202e-01j]],
         input_dims=(2, 2), output_dims=(2, 2))"
"Operator([[ 0.62259735-0.7185402j ,  0.13873702+0.27091713j,
           -0.05480338+0.01960301j, -0.00289008-0.00569463j],
          [ 0.13873702+0.27091713j,  0.87971529-0.07024829j,
            0.03074665+0.35240473j, -0.05480338+0.01960301j],
          [-0.05480338+0.01960301j,  0.03074665+0.35240473j,
            0.87971529-0.07024829j,  0.13873702+0.27091713j],
          [-0.00289008-0.00569463j, -0.05480338+0.01960301j,
            0.13873702+0.27091713j,  0.62259735-0.7185402j ]],
         input_dims=(2, 2), output_dims=(2, 2))"
"Operator([[ 0.62259735-0.7185402j ,  0.13873702+0.27091713j,
           -0.05480338+0.01960301j, -0.00289008-0.00569463j],
          [ 0.13873702+0.27091713j,  0.87971529-0.07024829j,
            0.03074665+0.35240473j, -0.05480338+0.01960301j],
          [-0.05480338+0.01960301j,  0.03074665+0.35240473j,
            0.87971529-0.07024829j,  0.13873702+0.27091713j],
          [-0.00289008-0.00569463j, -0.05480338+0.01960301j,
            0.13873702+0.27091713j,  0.62259735-0.7185402j ]],
         input_dims=(2, 2), output_dims=(2, 2))"
"Operator([[ 6.22597347e-01-0.7185402j ,  2.97421246e-01+0.0646889j ,
            2.98957716e-02+0.04993928j, -1.39863924e-04+0.0063845j ],
          [-1.21345935e-01+0.27914014j,  8.79715286e-01-0.07024829j,
            2.91873625e-01+0.19986055j,  2.98957716e-02+0.04993928j],
          [-8.56031122e-03-0.05757091j, -2.52852133e-01+0.24738685j,
            8.79715286e-01-0.07024829j,  2.97421246e-01+0.0646889j ],
          [ 5.23568974e-03+0.00365636j, -8.56031122e-03-0.05757091j,
           -1.21345935e-01+0.27914014j,  6.22597347e-01-0.7185402j ]],
         input_dims=(2, 2), output_dims=(2, 2))"
"Operator([[ 6.22597347e-01-7.18540202e-01j,
            1.83241623e-01+2.43036127e-01j,
           -4.49256174e-02+3.70051030e-02j,
           -5.33151820e-03-3.51515219e-03j],
          [ 9.01022302e-02+2.90732936e-01j,
            8.79715286e-01-7.02482895e-02j,
            9.08661136e-02+3.41873958e-01j,
           -4.49256174e-02+3.70051030e-02j],
          [-5.82037394e-02-1.16031605e-04j,
           -3.02881429e-02+3.52444438e-01j,
            8.79715286e-01-7.02482895e-02j,
            1.83241623e-01+2.43036127e-01j],
          [ 3.10407809e-04-6.37848166e-03j,
           -5.82037394e-02-1.16031605e-04j,
            9.01022302e-02+2.90732936e-01j,
            6.22597347e-01-7.18540202e-01j]],
         input_dims=(2, 2), output_dims=(2, 2))"
"Operator([[ 0.62259735-0.7185402j ,  0.00444982-0.30434233j,
           -0.04695173-0.03439802j, -0.0053531 +0.0034822j ],
          [-0.24954775-0.17426983j,  0.87971529-0.07024829j,
            0.13803894-0.32569879j, -0.04695173-0.03439802j],
          [-0.01448316+0.0563731j , -0.1923571 -0.29687236j,
            0.87971529-0.07024829j,  0.00444982-0.30434233j],
          [ 0.00597092-0.00226484j, -0.01448316+0.0563731j ,
           -0.24954775-0.17426983j,  0.62259735-0.7185402j ]],
         input_dims=(2, 2), output_dims=(2, 2))"
"Operator([[ 0.62259735-0.7185402j , -0.30434867-0.00399216j,
            0.04705497+0.03425666j, -0.00350631-0.00533734j],
          [ 0.17464489-0.24928541j,  0.87971529-0.07024829j,
           -0.325906  -0.13754902j,  0.04705497+0.03425666j],
          [ 0.01465264-0.05632929j,  0.29716128-0.19191046j,
            0.87971529-0.07024829j, -0.30434867-0.00399216j],
          [-0.00223788-0.00598107j,  0.01465264-0.05632929j,
            0.17464489-0.24928541j,  0.62259735-0.7185402j ]],
         input_dims=(2, 2), output_dims=(2, 2))"
"Operator([[ 0.62259735-0.7185402j ,  0.13873702+0.27091713j,
           -0.05480338+0.01960301j, -0.00289008-0.00569463j],
          [ 0.13873702+0.27091713j,  0.87971529-0.07024829j,
            0.03074665+0.35240473j, -0.05480338+0.01960301j],
          [-0.05480338+0.01960301j,  0.03074665+0.35240473j,
            0.87971529-0.07024829j,  0.13873702+0.27091713j],
          [-0.00289008-0.00569463j, -0.05480338+0.01960301j,
            0.13873702+0.27091713j,  0.62259735-0.7185402j ]],
         input_dims=(2, 2), output_dims=(2, 2))"
