unitary
"Operator([[-1.54237267e-04-0.86654891j,  3.55821921e-01+0.30596449j,
           -1.36562893e-01+0.09538647j, -2.49012830e-02-0.02239153j],
          [ 3.55821921e-01+0.30596449j,  6.63892045e-01-0.04981138j,
            7.05879882e-02+0.55119144j, -1.36562893e-01+0.09538647j],
          [-1.36562893e-01+0.09538647j,  7.05879882e-02+0.55119144j,
            6.63892045e-01-0.04981138j,  3.55821921e-01+0.30596449j],
          [-2.49012830e-02-0.02239153j, -1.36562893e-01+0.09538647j,
            3.55821921e-01+0.30596449j, -1.54237267e-04-0.86654891j]],
         input_dims=(2, 2), output_dims=(2, 2))"
"Operator([[-1.54237267e-04-8.66548908e-01j,
            3.92271783e-01-2.57577868e-01j,
            1.66364423e-01-8.41907684e-03j,
            3.34881255e-02+9.92551283e-06j],
          [-1.95898380e-01+4.26435616e-01j,
            6.63892045e-01-4.98113770e-02j,
            5.49269111e-01+8.42502938e-02j,
            1.66364423e-01-8.41907684e-03j],
          [ 6.51671771e-02-1.53301145e-01j,
           -5.10312536e-01+2.19944957e-01j,
            6.63892045e-01-4.98113770e-02j,
            3.92271783e-01-2.57577868e-01j],
          [ 3.55420482e-03+3.32989831e-02j,
            6.51671771e-02-1.53301145e-01j,
           -1.95898380e-01+4.26435616e-01j,
           -1.54237267e-04-8.66548908e-01j]],
         input_dims=(2, 2), output_dims=(2, 2))"
"Operator([[-1.54237267e-04-0.86654891j,  3.55821921e-01+0.30596449j,
           -1.36562893e-01+0.09538647j, -2.49012830e-02-0.02239153j],
          [ 3.55821921e-01+0.30596449j,  6.63892045e-01-0.04981138j,
            7.05879882e-02+0.55119144j, -1.36562893e-01+0.09538647j],
          [-1.36562893e-01+0.09538647j,  7.05879882e-02+0.55119144j,
            6.63892045e-01-0.04981138j,  3.55821921e-01+0.30596449j],
          [-2.49012830e-02-0.02239153j, -1.36562893e-01+0.09538647j,
            3.55821921e-01+0.30596449j, -1.54237267e-04-0.86654891j]],
         input_dims=(2, 2), output_dims=(2, 2))"
"Operator([[-1.54237267e-04-0.86654891j,  4.59509490e-01+0.09526037j,
            8.40648340e-03+0.16636506j, -2.36893868e-02+0.02366997j],
          [ 1.63031098e-01+0.44005042j,  6.63892045e-01-0.04981138j,
            3.28801004e-01+0.44797831j,  8.40648340e-03+0.16636506j],
          [-1.53306077e-01-0.06515557j, -2.05301340e-01+0.5163778j ,
            6.63892045e-01-0.04981138j,  4.59509490e-01+0.09526037j],
          [ 2.10297753e-02-0.02606153j, -1.53306077e-01-0.06515557j,
            1.63031098e-01+0.44005042j, -1.54237267e-04-0.86654891j]],
         input_dims=(2, 2), output_dims=(2, 2))"
"Operator([[-1.54237267e-04-0.86654891j, -4.56720211e-01-0.10784321j,
           -7.39977910e-04+0.16657567j,  2.55570899e-02-0.02164j   ],
          [-1.75054005e-01-0.4354074j ,  6.63892045e-01-0.04981138j,
           -3.16374899e-01-0.45683869j, -7.39977910e-04+0.16657567j],
          [-1.56652027e-01-0.05664048j,  1.91043467e-01-0.52182091j,
            6.63892045e-01-0.04981138j, -4.56720211e-01-0.10784321j],
          [-1.88135341e-02+0.02770389j, -1.56652027e-01-0.05664048j,
           -1.75054005e-01-0.4354074j , -1.54237267e-04-0.86654891j]],
         input_dims=(2, 2), output_dims=(2, 2))"
"Operator([[-1.54237267e-04-0.86654891j, -3.10376816e-01-0.35197975j,
           -1.57379782e-01+0.05458577j,  1.37970417e-02+0.03051387j],
          [-3.94508972e-01-0.25413811j,  6.63892045e-01-0.04981138j,
            5.86389014e-03-0.55566202j, -1.57379782e-01+0.05458577j],
          [-1.05420419e-01+0.12897495j, -1.45699203e-01-0.53625219j,
            6.63892045e-01-0.04981138j, -3.10376816e-01-0.35197975j],
          [ 3.18027430e-02+0.01049j   , -1.05420419e-01+0.12897495j,
           -3.94508972e-01-0.25413811j, -1.54237267e-04-0.86654891j]],
         input_dims=(2, 2), output_dims=(2, 2))"
