unitary
"Operator([[ 9.87115582e-01-1.49262703e-01j,
            5.42428253e-02+1.94292077e-02j,
            1.34782901e-03+1.36987488e-03j,
            1.34558066e-05+3.44665409e-05j],
          [-5.02665727e-02+2.81611414e-02j,
            9.95979600e-01-1.65272526e-02j,
            6.10102227e-02+2.65663051e-02j,
            1.34782901e-03+1.36987488e-03j],
          [ 1.17076571e-03-1.52397765e-03j,
           -6.00930703e-02+2.85803909e-02j,
            9.95979600e-01-1.65272526e-02j,
            5.42428253e-02+1.94292077e-02j],
          [-7.55112897e-06+3.62212869e-05j,
            1.17076571e-03-1.52397765e-03j,
           -5.02665727e-02+2.81611414e-02j,
            9.87115582e-01-1.49262703e-01j]],
         input_dims=(2, 2), output_dims=(2, 2))"
"Operator([[ 9.87115582e-01-1.49262703e-01j,
            4.79732348e-03+5.74174529e-02j,
           -1.91818285e-03+1.17365961e-04j,
           -3.07994935e-06-3.68716027e-05j],
          [ 4.79732348e-03+5.74174529e-02j,
            9.95979600e-01-1.65272526e-02j,
            1.10653851e-03+6.65341372e-02j,
           -1.91818285e-03+1.17365961e-04j],
          [-1.91818285e-03+1.17365961e-04j,
            1.10653851e-03+6.65341372e-02j,
            9.95979600e-01-1.65272526e-02j,
            4.79732348e-03+5.74174529e-02j],
          [-3.07994935e-06-3.68716027e-05j,
           -1.91818285e-03+1.17365961e-04j,
            4.79732348e-03+5.74174529e-02j,
            9.87115582e-01-1.49262703e-01j]],
         input_dims=(2, 2), output_dims=(2, 2))"
"Operator([[ 9.87115582e-01-1.49262703e-01j,
            5.71740657e-02+7.13473352e-03j,
            1.80267327e-03+6.66009977e-04j,
            3.17508307e-05+1.89969977e-05j],
          [-5.51973765e-02+1.65235540e-02j,
            9.95979600e-01-1.65272526e-02j,
            6.53348014e-02+1.26245623e-02j,
            1.80267327e-03+6.66009977e-04j],
          [ 1.70802917e-03-8.80815863e-04j,
           -6.48788633e-02+1.47901639e-02j,
            9.95979600e-01-1.65272526e-02j,
            5.71740657e-02+7.13473352e-03j],
          [-2.81591012e-05+2.40013789e-05j,
            1.70802917e-03-8.80815863e-04j,
           -5.51973765e-02+1.65235540e-02j,
            9.87115582e-01-1.49262703e-01j]],
         input_dims=(2, 2), output_dims=(2, 2))"
"Operator([[ 9.87115582e-01-1.49262703e-01j,
            4.79732348e-03+5.74174529e-02j,
           -1.91818285e-03+1.17365961e-04j,
           -3.07994935e-06-3.68716027e-05j],
          [ 4.79732348e-03+5.74174529e-02j,
            9.95979600e-01-1.65272526e-02j,
            1.10653851e-03+6.65341372e-02j,
           -1.91818285e-03+1.17365961e-04j],
          [-1.91818285e-03+1.17365961e-04j,
            1.10653851e-03+6.65341372e-02j,
            9.95979600e-01-1.65272526e-02j,
            4.79732348e-03+5.74174529e-02j],
          [-3.07994935e-06-3.68716027e-05j,
           -1.91818285e-03+1.17365961e-04j,
            4.79732348e-03+5.74174529e-02j,
            9.87115582e-01-1.49262703e-01j]],
         input_dims=(2, 2), output_dims=(2, 2))"
"Operator([[ 9.87115582e-01-1.49262703e-01j,
            5.75794000e-02-2.09544756e-03j,
            1.92073302e-03+6.31259909e-05j,
            3.69386391e-05+2.13028462e-06j],
          [-5.71287922e-02+7.48861226e-03j,
            9.95979600e-01-1.65272526e-02j,
            6.65126888e-02+2.01942542e-03j,
            1.92073302e-03+6.31259909e-05j],
          [ 1.89870921e-03-2.96822433e-04j,
           -6.64087527e-02+4.23006044e-03j,
            9.95979600e-01-1.65272526e-02j,
            5.75794000e-02-2.09544756e-03j],
          [-3.60733017e-05+8.22909952e-06j,
            1.89870921e-03-2.96822433e-04j,
           -5.71287922e-02+7.48861226e-03j,
            9.87115582e-01-1.49262703e-01j]],
         input_dims=(2, 2), output_dims=(2, 2))"
"Operator([[ 9.87115582e-01-1.49262703e-01j,
            5.73873768e-02-5.14462728e-03j,
            1.91662225e-03-1.40568027e-04j,
            3.68096281e-05-3.74865980e-06j],
          [-5.74454271e-02+4.44984406e-03j,
            9.95979600e-01-1.65272526e-02j,
            6.65262246e-02-1.50906835e-03j,
            1.91662225e-03-1.40568027e-04j],
          [ 1.91946258e-03-9.41467105e-05j,
           -6.65396143e-02+7.03968165e-04j,
            9.95979600e-01-1.65272526e-02j,
            5.73873768e-02-5.14462728e-03j],
          [-3.69214300e-05+2.41022422e-06j,
            1.91946258e-03-9.41467105e-05j,
           -5.74454271e-02+4.44984406e-03j,
            9.87115582e-01-1.49262703e-01j]],
         input_dims=(2, 2), output_dims=(2, 2))"
"Operator([[ 9.87115582e-01-1.49262703e-01j,
            4.79732348e-03+5.74174529e-02j,
           -1.91818285e-03+1.17365961e-04j,
           -3.07994935e-06-3.68716027e-05j],
          [ 4.79732348e-03+5.74174529e-02j,
            9.95979600e-01-1.65272526e-02j,
            1.10653851e-03+6.65341372e-02j,
           -1.91818285e-03+1.17365961e-04j],
          [-1.91818285e-03+1.17365961e-04j,
            1.10653851e-03+6.65341372e-02j,
            9.95979600e-01-1.65272526e-02j,
            4.79732348e-03+5.74174529e-02j],
          [-3.07994935e-06-3.68716027e-05j,
           -1.91818285e-03+1.17365961e-04j,
            4.79732348e-03+5.74174529e-02j,
            9.87115582e-01-1.49262703e-01j]],
         input_dims=(2, 2), output_dims=(2, 2))"
"Operator([[ 9.87115582e-01-1.49262703e-01j,
            5.69107532e-02-8.99690962e-03j,
            1.88035805e-03-3.96804495e-04j,
            3.53074796e-05-1.10626874e-05j],
          [-5.76146784e-02+5.71880246e-04j,
            9.95979600e-01-1.65272526e-02j,
            6.62736483e-02-5.98492990e-03j,
            1.88035805e-03-3.96804495e-04j],
          [ 1.91470813e-03+1.64599526e-04j,
           -6.64360139e-02-3.77781701e-03j,
            9.95979600e-01-1.65272526e-02j,
            5.69107532e-02-8.99690962e-03j],
          [-3.66535390e-05-5.05165791e-06j,
            1.91470813e-03+1.64599526e-04j,
           -5.76146784e-02+5.71880246e-04j,
            9.87115582e-01-1.49262703e-01j]],
         input_dims=(2, 2), output_dims=(2, 2))"
"Operator([[ 9.87115582e-01-1.49262703e-01j,
            5.69096632e-02-9.00380166e-03j,
            1.88026189e-03-3.97259921e-04j,
            3.53034581e-05-1.10755143e-05j],
          [-5.76147472e-02+5.64902882e-04j,
            9.95979600e-01-1.65272526e-02j,
            6.62729230e-02-5.99295585e-03j,
            1.88026189e-03-3.97259921e-04j],
          [ 1.91466820e-03+1.65063278e-04j,
           -6.64355559e-02-3.78586264e-03j,
            9.95979600e-01-1.65272526e-02j,
            5.69096632e-02-9.00380166e-03j],
          [-3.66517013e-05-5.06497423e-06j,
            1.91466820e-03+1.65063278e-04j,
           -5.76147472e-02+5.64902882e-04j,
            9.87115582e-01-1.49262703e-01j]],
         input_dims=(2, 2), output_dims=(2, 2))"
"Operator([[ 9.87115582e-01-1.49262703e-01j,
            5.71052212e-02-7.66628480e-03j,
            1.89682584e-03-3.08629144e-04j,
            3.59949379e-05-8.56537318e-06j],
          [-5.75856397e-02+1.91632696e-03j,
            9.95979600e-01-1.65272526e-02j,
            6.63952731e-02-4.43661564e-03j,
            1.89682584e-03-3.08629144e-04j],
          [ 1.92030312e-03+7.50742415e-05j,
           -6.65060852e-02-2.22631462e-03j,
            9.95979600e-01-1.65272526e-02j,
            5.71052212e-02-7.66628480e-03j],
          [-3.69171511e-05-2.47489908e-06j,
            1.92030312e-03+7.50742415e-05j,
           -5.75856397e-02+1.91632696e-03j,
            9.87115582e-01-1.49262703e-01j]],
         input_dims=(2, 2), output_dims=(2, 2))"
"Operator([[ 9.87115582e-01-1.49262703e-01j,
            4.79732348e-03+5.74174529e-02j,
           -1.91818285e-03+1.17365961e-04j,
           -3.07994935e-06-3.68716027e-05j],
          [ 4.79732348e-03+5.74174529e-02j,
            9.95979600e-01-1.65272526e-02j,
            1.10653851e-03+6.65341372e-02j,
           -1.91818285e-03+1.17365961e-04j],
          [-1.91818285e-03+1.17365961e-04j,
            1.10653851e-03+6.65341372e-02j,
            9.95979600e-01-1.65272526e-02j,
            4.79732348e-03+5.74174529e-02j],
          [-3.07994935e-06-3.68716027e-05j,
           -1.91818285e-03+1.17365961e-04j,
            4.79732348e-03+5.74174529e-02j,
            9.87115582e-01-1.49262703e-01j]],
         input_dims=(2, 2), output_dims=(2, 2))"
"Operator([[ 9.87115582e-01-1.49262703e-01j,
            5.75172321e-02-3.39797334e-03j,
            1.92162205e-03-2.38514904e-05j,
            3.69980567e-05-3.80753794e-07j],
          [-5.72836337e-02+6.19382951e-03j,
            9.95979600e-01-1.65272526e-02j,
            6.65413554e-02+5.13679164e-04j,
            1.92162205e-03-2.38514904e-05j],
          [ 1.91019553e-03-2.10602151e-04j,
           -6.64874742e-02+2.72610018e-03j,
            9.95979600e-01-1.65272526e-02j,
            5.75172321e-02-3.39797334e-03j],
          [-3.65484918e-05+5.76271782e-06j,
            1.91019553e-03-2.10602151e-04j,
           -5.72836337e-02+6.19382951e-03j,
            9.87115582e-01-1.49262703e-01j]],
         input_dims=(2, 2), output_dims=(2, 2))"
"Operator([[ 9.87115582e-01-1.49262703e-01j,
            5.76168505e-02-2.77042280e-04j,
            1.91292327e-03+1.84186846e-04j,
            3.65716703e-05+5.61374232e-06j],
          [-5.68639683e-02+9.28802011e-03j,
            9.95979600e-01-1.65272526e-02j,
            6.64158119e-02+4.11773927e-03j,
            1.91292327e-03+1.84186846e-04j],
          [ 1.87619851e-03-4.16028101e-04j,
           -6.62421540e-02+6.32399239e-03j,
            9.95979600e-01-1.65272526e-02j,
            5.76168505e-02-2.77042280e-04j],
          [-3.51334924e-05+1.16033998e-05j,
            1.87619851e-03-4.16028101e-04j,
           -5.68639683e-02+9.28802011e-03j,
            9.87115582e-01-1.49262703e-01j]],
         input_dims=(2, 2), output_dims=(2, 2))"
"Operator([[ 9.87115582e-01-1.49262703e-01j,
            4.79732348e-03+5.74174529e-02j,
           -1.91818285e-03+1.17365961e-04j,
           -3.07994935e-06-3.68716027e-05j],
          [ 4.79732348e-03+5.74174529e-02j,
            9.95979600e-01-1.65272526e-02j,
            1.10653851e-03+6.65341372e-02j,
           -1.91818285e-03+1.17365961e-04j],
          [-1.91818285e-03+1.17365961e-04j,
            1.10653851e-03+6.65341372e-02j,
            9.95979600e-01-1.65272526e-02j,
            4.79732348e-03+5.74174529e-02j],
          [-3.07994935e-06-3.68716027e-05j,
           -1.91818285e-03+1.17365961e-04j,
            4.79732348e-03+5.74174529e-02j,
            9.87115582e-01-1.49262703e-01j]],
         input_dims=(2, 2), output_dims=(2, 2))"
"Operator([[ 9.87115582e-01-1.49262703e-01j,
            5.74515619e-02+4.36992445e-03j,
            1.85843830e-03+4.89292655e-04j,
            3.41582068e-05+1.42203404e-05j],
          [-5.59298312e-02+1.38431280e-02j,
            9.95979600e-01-1.65272526e-02j,
            6.58674866e-02+9.45991853e-03j,
            1.85843830e-03+4.89292655e-04j],
          [ 1.78492281e-03-7.12215396e-04j,
           -6.55164880e-02+1.16449837e-02j,
            9.95979600e-01-1.65272526e-02j,
            5.74515619e-02+4.36992445e-03j],
          [-3.13255904e-05+1.96903164e-05j,
            1.78492281e-03-7.12215396e-04j,
           -5.59298312e-02+1.38431280e-02j,
            9.87115582e-01-1.49262703e-01j]],
         input_dims=(2, 2), output_dims=(2, 2))"
