unitary
"Operator([[ 0.77344283-0.58634141j,  0.08375764+0.22311568j,
           -0.03326202+0.00891263j, -0.00100171-0.00268132j],
          [ 0.08375764+0.22311568j,  0.92846514-0.0607864j ,
            0.01889794+0.27553332j, -0.03326202+0.00891263j],
          [-0.03326202+0.00891263j,  0.01889794+0.27553332j,
            0.92846514-0.0607864j ,  0.08375764+0.22311568j],
          [-0.00100171-0.00268132j, -0.03326202+0.00891263j,
            0.08375764+0.22311568j,  0.77344283-0.58634141j]],
         input_dims=(2, 2), output_dims=(2, 2))"
"Operator([[ 0.77344283-0.58634141j,  0.08375764+0.22311568j,
           -0.03326202+0.00891263j, -0.00100171-0.00268132j],
          [ 0.08375764+0.22311568j,  0.92846514-0.0607864j ,
            0.01889794+0.27553332j, -0.03326202+0.00891263j],
          [-0.03326202+0.00891263j,  0.01889794+0.27553332j,
            0.92846514-0.0607864j ,  0.08375764+0.22311568j],
          [-0.00100171-0.00268132j, -0.03326202+0.00891263j,
            0.08375764+0.22311568j,  0.77344283-0.58634141j]],
         input_dims=(2, 2), output_dims=(2, 2))"
"Operator([[ 7.73442832e-01-0.58634141j,  2.21394440e-01+0.08820686j,
            1.20041945e-02+0.03227532j, -8.08750138e-04+0.00274569j],
          [-1.08656257e-01+0.21210791j,  9.28465144e-01-0.0607864j ,
            2.16513909e-01+0.17145691j,  1.20041945e-02+0.03227532j],
          [-5.74191738e-03-0.03395331j, -1.91077193e-01+0.19941226j,
            9.28465144e-01-0.0607864j ,  2.21394440e-01+0.08820686j],
          [ 2.41090713e-03+0.00154286j, -5.74191738e-03-0.03395331j,
           -1.08656257e-01+0.21210791j,  7.73442832e-01-0.58634141j]],
         input_dims=(2, 2), output_dims=(2, 2))"
"Operator([[ 0.77344283-0.58634141j,  0.08375764+0.22311568j,
           -0.03326202+0.00891263j, -0.00100171-0.00268132j],
          [ 0.08375764+0.22311568j,  0.92846514-0.0607864j ,
            0.01889794+0.27553332j, -0.03326202+0.00891263j],
          [-0.03326202+0.00891263j,  0.01889794+0.27553332j,
            0.92846514-0.0607864j ,  0.08375764+0.22311568j],
          [-0.00100171-0.00268132j, -0.03326202+0.00891263j,
            0.08375764+0.22311568j,  0.77344283-0.58634141j]],
         input_dims=(2, 2), output_dims=(2, 2))"
"Operator([[ 0.77344283-0.58634141j,  0.08375764+0.22311568j,
           -0.03326202+0.00891263j, -0.00100171-0.00268132j],
          [ 0.08375764+0.22311568j,  0.92846514-0.0607864j ,
            0.01889794+0.27553332j, -0.03326202+0.00891263j],
          [-0.03326202+0.00891263j,  0.01889794+0.27553332j,
            0.92846514-0.0607864j ,  0.08375764+0.22311568j],
          [-0.00100171-0.00268132j, -0.03326202+0.00891263j,
            0.08375764+0.22311568j,  0.77344283-0.58634141j]],
         input_dims=(2, 2), output_dims=(2, 2))"
"Operator([[ 7.73442832e-01-0.58634141j,  2.38318131e-01+0.00064583j,
            3.08274339e-02+0.01534491j,  2.13681777e-03+0.00190444j],
          [-1.79019806e-01+0.15731452j,  9.28465144e-01-0.0607864j ,
            2.64382213e-01+0.07986107j,  3.08274339e-02+0.01534491j],
          [ 1.90247218e-02-0.02870291j, -2.51002942e-01+0.11520967j,
            9.28465144e-01-0.0607864j ,  2.38318131e-01+0.00064583j],
          [-3.64721069e-04+0.00283899j,  1.90247218e-02-0.02870291j,
           -1.79019806e-01+0.15731452j,  7.73442832e-01-0.58634141j]],
         input_dims=(2, 2), output_dims=(2, 2))"
"Operator([[ 7.73442832e-01-0.58634141j,  2.30151135e-01+0.06185793j,
            1.91363074e-02+0.02862863j,  1.80973116e-04+0.00285659j],
          [-1.32588972e-01+0.19803059j,  9.28465144e-01-0.0607864j ,
            2.34986499e-01+0.14511061j,  1.91363074e-02+0.02862863j],
          [ 2.25801411e-03-0.03436129j, -2.12973894e-01+0.17583477j,
            9.28465144e-01-0.0607864j ,  2.30151135e-01+0.06185793j],
          [ 1.73633482e-03+0.00227553j,  2.25801411e-03-0.03436129j,
           -1.32588972e-01+0.19803059j,  7.73442832e-01-0.58634141j]],
         input_dims=(2, 2), output_dims=(2, 2))"
