unitary
"Operator([[ 0.77344283-0.58634141j,  0.08375764+0.22311568j,
           -0.03326202+0.00891263j, -0.00100171-0.00268132j],
          [ 0.08375764+0.22311568j,  0.92846514-0.0607864j ,
            0.01889794+0.27553332j, -0.03326202+0.00891263j],
          [-0.03326202+0.00891263j,  0.01889794+0.27553332j,
            0.92846514-0.0607864j ,  0.08375764+0.22311568j],
          [-0.00100171-0.00268132j, -0.03326202+0.00891263j,
            0.08375764+0.22311568j,  0.77344283-0.58634141j]],
         input_dims=(2, 2), output_dims=(2, 2))"
"Operator([[ 0.77344283-0.58634141j,  0.08375764+0.22311568j,
           -0.03326202+0.00891263j, -0.00100171-0.00268132j],
          [ 0.08375764+0.22311568j,  0.92846514-0.0607864j ,
            0.01889794+0.27553332j, -0.03326202+0.00891263j],
          [-0.03326202+0.00891263j,  0.01889794+0.27553332j,
            0.92846514-0.0607864j ,  0.08375764+0.22311568j],
          [-0.00100171-0.00268132j, -0.03326202+0.00891263j,
            0.08375764+0.22311568j,  0.77344283-0.58634141j]],
         input_dims=(2, 2), output_dims=(2, 2))"
"Operator([[ 0.77344283-0.58634141j,  0.23539148+0.03723974j,
            0.02471563+0.02397779j,  0.00106238+0.00265786j],
          [-0.15273507+0.18294247j,  0.92846514-0.0607864j ,
            0.24898023+0.11951815j,  0.02471563+0.02397779j],
          [ 0.00941528-0.03312325j, -0.23033076+0.15239254j,
            0.92846514-0.0607864j ,  0.23539148+0.03723974j],
          [ 0.00094053+0.00270338j,  0.00941528-0.03312325j,
           -0.15273507+0.18294247j,  0.77344283-0.58634141j]],
         input_dims=(2, 2), output_dims=(2, 2))"
"Operator([[ 0.77344283-0.58634141j,  0.08375764+0.22311568j,
           -0.03326202+0.00891263j, -0.00100171-0.00268132j],
          [ 0.08375764+0.22311568j,  0.92846514-0.0607864j ,
            0.01889794+0.27553332j, -0.03326202+0.00891263j],
          [-0.03326202+0.00891263j,  0.01889794+0.27553332j,
            0.92846514-0.0607864j ,  0.08375764+0.22311568j],
          [-0.00100171-0.00268132j, -0.03326202+0.00891263j,
            0.08375764+0.22311568j,  0.77344283-0.58634141j]],
         input_dims=(2, 2), output_dims=(2, 2))"
"Operator([[ 0.77344283-0.58634141j,  0.08375764+0.22311568j,
           -0.03326202+0.00891263j, -0.00100171-0.00268132j],
          [ 0.08375764+0.22311568j,  0.92846514-0.0607864j ,
            0.01889794+0.27553332j, -0.03326202+0.00891263j],
          [-0.03326202+0.00891263j,  0.01889794+0.27553332j,
            0.92846514-0.0607864j ,  0.08375764+0.22311568j],
          [-0.00100171-0.00268132j, -0.03326202+0.00891263j,
            0.08375764+0.22311568j,  0.77344283-0.58634141j]],
         input_dims=(2, 2), output_dims=(2, 2))"
"Operator([[ 7.73442832e-01-0.58634141j,  1.83634863e-01-0.15190189j,
            2.07032537e-02-0.02751676j,  6.17133103e-04-0.002795j  ],
          [-2.38231254e-01+0.00646667j,  9.28465144e-01-0.0607864j ,
            2.54329387e-01-0.10766758j,  2.07032537e-02-0.02751676j],
          [ 3.16880020e-02+0.01347841j, -2.66647777e-01-0.07193544j,
            9.28465144e-01-0.0607864j ,  1.83634863e-01-0.15190189j],
          [-2.29855928e-03-0.00170573j,  3.16880020e-02+0.01347841j,
           -2.38231254e-01+0.00646667j,  7.73442832e-01-0.58634141j]],
         input_dims=(2, 2), output_dims=(2, 2))"
"Operator([[ 0.77344283-0.58634141j,  0.21691664+0.09870723j,
            0.00886166+0.03327564j, -0.00119364+0.00260156j],
          [-0.09837474+0.21706764j,  0.92846514-0.0607864j ,
            0.20805525+0.18162808j,  0.00886166+0.03327564j],
          [-0.00896359-0.03324832j, -0.18130906+0.20833331j,
            0.92846514-0.0607864j ,  0.21691664+0.09870723j],
          [ 0.00260702+0.00118167j, -0.00896359-0.03324832j,
           -0.09837474+0.21706764j,  0.77344283-0.58634141j]],
         input_dims=(2, 2), output_dims=(2, 2))"
