unitary
"Operator([[ 9.32123565e-01-3.37152602e-01j,
           -3.06993992e-02+1.28170444e-01j,
           -7.68448752e-03-6.66402447e-03j,
            4.01573785e-04-2.09090804e-04j],
          [ 7.66119105e-02+1.07241462e-01j,
            9.78758589e-01-3.67612587e-02j,
           -5.78744739e-02+1.40915588e-01j,
           -7.68448752e-03-6.66402447e-03j],
          [-5.52634247e-03+8.53932723e-03j,
            6.84080104e-02+1.36113929e-01j,
            9.78758589e-01-3.67612587e-02j,
           -3.06993992e-02+1.28170444e-01j],
          [-4.50692597e-04-4.30888832e-05j,
           -5.52634247e-03+8.53932723e-03j,
            7.66119105e-02+1.07241462e-01j,
            9.32123565e-01-3.37152602e-01j]],
         input_dims=(2, 2), output_dims=(2, 2))"
"Operator([[ 9.32123565e-01-0.3371526j ,  2.52288575e-02+0.1293585j ,
           -1.00705999e-02+0.00142954j, -8.65582110e-05-0.0004444j ],
          [ 2.52288575e-02+0.1293585j ,  9.78758589e-01-0.03676126j,
            5.78816283e-03+0.15222731j, -1.00705999e-02+0.00142954j],
          [-1.00705999e-02+0.00142954j,  5.78816283e-03+0.15222731j,
            9.78758589e-01-0.03676126j,  2.52288575e-02+0.1293585j ],
          [-8.65582110e-05-0.0004444j , -1.00705999e-02+0.00142954j,
            2.52288575e-02+0.1293585j ,  9.32123565e-01-0.3371526j ]],
         input_dims=(2, 2), output_dims=(2, 2))"
"Operator([[ 9.32123565e-01-0.3371526j ,  2.60838522e-02+0.12918881j,
           -1.00508100e-02+0.00156262j, -9.53580565e-05-0.00044259j],
          [ 2.43727593e-02+0.12952253j,  9.78758589e-01-0.03676126j,
            6.79483166e-03+0.1521857j , -1.00508100e-02+0.00156262j],
          [-1.00886278e-02+0.00129621j,  4.78124082e-03+0.15226227j,
            9.78758589e-01-0.03676126j,  2.60838522e-02+0.12918881j],
          [-7.77242901e-05-0.00044603j, -1.00886278e-02+0.00129621j,
            2.43727593e-02+0.12952253j,  9.32123565e-01-0.3371526j ]],
         input_dims=(2, 2), output_dims=(2, 2))"
"Operator([[ 9.32123565e-01-0.3371526j ,  4.39844011e-02+0.12423964j,
           -9.21868660e-03+0.00429842j, -2.68672168e-04-0.00036441j],
          [ 5.92433488e-03+0.13166252j,  9.78758589e-01-0.03676126j,
            2.81194709e-02+0.14971958j, -9.21868660e-03+0.00429842j],
          [-1.00507381e-02-0.00156308j, -1.66690955e-02+0.15142258j,
            9.78758589e-01-0.03676126j,  4.39844011e-02+0.12423964j],
          [ 1.12262260e-04-0.00043861j, -1.00507381e-02-0.00156308j,
            5.92433488e-03+0.13166252j,  9.32123565e-01-0.3371526j ]],
         input_dims=(2, 2), output_dims=(2, 2))"
"Operator([[ 9.32123565e-01-0.3371526j ,  2.52288575e-02+0.1293585j ,
           -1.00705999e-02+0.00142954j, -8.65582110e-05-0.0004444j ],
          [ 2.52288575e-02+0.1293585j ,  9.78758589e-01-0.03676126j,
            5.78816283e-03+0.15222731j, -1.00705999e-02+0.00142954j],
          [-1.00705999e-02+0.00142954j,  5.78816283e-03+0.15222731j,
            9.78758589e-01-0.03676126j,  2.52288575e-02+0.1293585j ],
          [-8.65582110e-05-0.0004444j , -1.00705999e-02+0.00142954j,
            2.52288575e-02+0.1293585j ,  9.32123565e-01-0.3371526j ]],
         input_dims=(2, 2), output_dims=(2, 2))"
"Operator([[ 9.32123565e-01-0.3371526j ,  2.52288575e-02+0.1293585j ,
           -1.00705999e-02+0.00142954j, -8.65582110e-05-0.0004444j ],
          [ 2.52288575e-02+0.1293585j ,  9.78758589e-01-0.03676126j,
            5.78816283e-03+0.15222731j, -1.00705999e-02+0.00142954j],
          [-1.00705999e-02+0.00142954j,  5.78816283e-03+0.15222731j,
            9.78758589e-01-0.03676126j,  2.52288575e-02+0.1293585j ],
          [-8.65582110e-05-0.0004444j , -1.00705999e-02+0.00142954j,
            2.52288575e-02+0.1293585j ,  9.32123565e-01-0.3371526j ]],
         input_dims=(2, 2), output_dims=(2, 2))"
"Operator([[ 9.32123565e-01-3.37152602e-01j,
            6.94869059e-02+1.11989668e-01j,
           -6.58634341e-03+7.75117095e-03j,
           -4.33810655e-04-1.29571542e-04j],
          [-2.23123351e-02+1.29893324e-01j,
            9.78758589e-01-3.67612587e-02j,
            5.94255899e-02+1.40268517e-01j,
           -6.58634341e-03+7.75117095e-03j],
          [-8.48327267e-03-5.61200992e-03j,
           -4.86025038e-02+1.44376086e-01j,
            9.78758589e-01-3.67612587e-02j,
            6.94869059e-02+1.11989668e-01j],
          [ 3.53467693e-04-2.82915286e-04j,
           -8.48327267e-03-5.61200992e-03j,
           -2.23123351e-02+1.29893324e-01j,
            9.32123565e-01-3.37152602e-01j]],
         input_dims=(2, 2), output_dims=(2, 2))"
"Operator([[ 9.32123565e-01-0.3371526j , -9.71356883e-02+0.08907735j,
            3.30286581e-03-0.00962038j,  1.20842746e-04+0.00043632j],
          [ 1.23489398e-01+0.04604872j,  9.78758589e-01-0.03676126j,
           -1.26791178e-01+0.0844432j ,  3.30286581e-03-0.00962038j],
          [ 5.84970041e-03+0.00832115j,  1.32837412e-01+0.07457131j,
            9.78758589e-01-0.03676126j, -9.71356883e-02+0.08907735j],
          [ 5.17497957e-05+0.00044978j,  5.84970041e-03+0.00832115j,
            1.23489398e-01+0.04604872j,  9.32123565e-01-0.3371526j ]],
         input_dims=(2, 2), output_dims=(2, 2))"
"Operator([[ 9.32123565e-01-0.3371526j ,  1.09258448e-01-0.0737069j ,
            5.97646260e-03-0.00823058j,  7.91924857e-05-0.00044577j],
          [-1.28948004e-01-0.02724937j,  9.78758589e-01-0.03676126j,
            1.37900400e-01-0.06473127j,  5.97646260e-03-0.00823058j],
          [ 8.03090297e-03+0.00624221j, -1.42417701e-01-0.05407269j,
            9.78758589e-01-0.03676126j,  1.09258448e-01-0.0737069j ],
          [-2.40706817e-04-0.00038346j,  8.03090297e-03+0.00624221j,
           -1.28948004e-01-0.02724937j,  9.32123565e-01-0.3371526j ]],
         input_dims=(2, 2), output_dims=(2, 2))"
"Operator([[ 9.32123565e-01-0.3371526j ,  2.52288575e-02+0.1293585j ,
           -1.00705999e-02+0.00142954j, -8.65582110e-05-0.0004444j ],
          [ 2.52288575e-02+0.1293585j ,  9.78758589e-01-0.03676126j,
            5.78816283e-03+0.15222731j, -1.00705999e-02+0.00142954j],
          [-1.00705999e-02+0.00142954j,  5.78816283e-03+0.15222731j,
            9.78758589e-01-0.03676126j,  2.52288575e-02+0.1293585j ],
          [-8.65582110e-05-0.0004444j , -1.00705999e-02+0.00142954j,
            2.52288575e-02+0.1293585j ,  9.32123565e-01-0.3371526j ]],
         input_dims=(2, 2), output_dims=(2, 2))"
"Operator([[ 9.32123565e-01-0.3371526j ,  2.52288575e-02+0.1293585j ,
           -1.00705999e-02+0.00142954j, -8.65582110e-05-0.0004444j ],
          [ 2.52288575e-02+0.1293585j ,  9.78758589e-01-0.03676126j,
            5.78816283e-03+0.15222731j, -1.00705999e-02+0.00142954j],
          [-1.00705999e-02+0.00142954j,  5.78816283e-03+0.15222731j,
            9.78758589e-01-0.03676126j,  2.52288575e-02+0.1293585j ],
          [-8.65582110e-05-0.0004444j , -1.00705999e-02+0.00142954j,
            2.52288575e-02+0.1293585j ,  9.32123565e-01-0.3371526j ]],
         input_dims=(2, 2), output_dims=(2, 2))"
"Operator([[ 9.32123565e-01-3.37152602e-01j,
            1.31623210e-01+6.74140423e-03j,
            9.56682099e-03+3.45492500e-03j,
            3.88561035e-04+2.32380702e-04j],
          [-1.19443836e-01+5.57071458e-02j,
            9.78758589e-01-3.67612587e-02j,
            1.49123270e-01+3.11272867e-02j,
            9.56682099e-03+3.45492500e-03j],
          [ 8.22739481e-03-5.98084821e-03j,
           -1.46329002e-01+4.23613145e-02j,
            9.78758589e-01-3.67612587e-02j,
            1.31623210e-01+6.74140423e-03j],
          [-2.72940094e-04+3.61225933e-04j,
            8.22739481e-03-5.98084821e-03j,
           -1.19443836e-01+5.57071458e-02j,
            9.32123565e-01-3.37152602e-01j]],
         input_dims=(2, 2), output_dims=(2, 2))"
"Operator([[ 9.32123565e-01-3.37152602e-01j,
            1.30856744e-01+1.57044125e-02j,
            9.00752675e-03+4.72493731e-03j,
            3.33179706e-04+3.06548124e-04j],
          [-1.15365529e-01+6.37252754e-02j,
            9.78758589e-01-3.67612587e-02j,
            1.46652550e-01+4.12272623e-02j,
            9.00752675e-03+4.72493731e-03j],
          [ 7.33675584e-03-7.04503970e-03j,
           -1.43098459e-01+5.22445101e-02j,
            9.78758589e-01-3.67612587e-02j,
            1.30856744e-01+1.57044125e-02j],
          [-1.93771125e-04+4.09186046e-04j,
            7.33675584e-03-7.04503970e-03j,
           -1.15365529e-01+6.37252754e-02j,
            9.32123565e-01-3.37152602e-01j]],
         input_dims=(2, 2), output_dims=(2, 2))"
