unitary
"Operator([[ 8.24651986e-01-0.52438853j,  1.68887610e-01-0.12544062j,
            1.69192814e-02-0.02043098j,  5.37701826e-04-0.00184924j],
          [-2.10363541e-01-0.00235672j,  9.44798788e-01-0.055316j  ,
            2.25703036e-01-0.09160496j,  1.69192814e-02-0.02043098j],
          [ 2.42113505e-02+0.01083963j, -2.35113738e-01-0.06367778j,
            9.44798788e-01-0.055316j  ,  1.68887610e-01-0.12544062j],
          [-1.51865885e-03-0.00118426j,  2.42113505e-02+0.01083963j,
           -2.10363541e-01-0.00235672j,  8.24651986e-01-0.52438853j]],
         input_dims=(2, 2), output_dims=(2, 2))"
"Operator([[ 8.24651986e-01-0.52438853j,  1.09561679e-01-0.17959569j,
           -2.03282827e-03-0.0264491j , -1.47143276e-03-0.00124245j],
          [-1.94146008e-01-0.08102901j,  9.44798788e-01-0.055316j  ,
            1.74917179e-01-0.16952082j, -2.03282827e-03-0.0264491j ],
          [ 9.87612033e-03+0.0246201j , -1.94108982e-01-0.14715649j,
            9.44798788e-01-0.055316j  ,  1.09561679e-01-0.17959569j],
          [ 4.65346174e-04-0.00186876j,  9.87612033e-03+0.0246201j ,
           -1.94146008e-01-0.08102901j,  8.24651986e-01-0.52438853j]],
         input_dims=(2, 2), output_dims=(2, 2))"
"Operator([[ 8.24651986e-01-0.52438853j,  6.49420862e-02+0.20010222j,
           -2.58339895e-02+0.00602429j, -5.92551551e-04-0.0018324j ],
          [ 6.49420862e-02+0.20010222j,  9.44798788e-01-0.055316j  ,
            1.47350671e-02+0.24313825j, -2.58339895e-02+0.00602429j],
          [-2.58339895e-02+0.00602429j,  1.47350671e-02+0.24313825j,
            9.44798788e-01-0.055316j  ,  6.49420862e-02+0.20010222j],
          [-5.92551551e-04-0.0018324j , -2.58339895e-02+0.00602429j,
            6.49420862e-02+0.20010222j,  8.24651986e-01-0.52438853j]],
         input_dims=(2, 2), output_dims=(2, 2))"
"Operator([[ 8.24651986e-01-0.52438853j,  6.64428380e-02+0.19960892j,
           -2.57406050e-02+0.00641158j, -6.33676931e-04-0.00181858j],
          [ 6.34376724e-02+0.20058423j,  9.44798788e-01-0.055316j  ,
            1.65603952e-02+0.24302075j, -2.57406050e-02+0.00641158j],
          [-2.59215473e-02+0.00563564j,  1.29089081e-02+0.24324204j,
            9.44798788e-01-0.055316j  ,  6.64428380e-02+0.19960892j],
          [-5.51125472e-04-0.00184528j, -2.59215473e-02+0.00563564j,
            6.34376724e-02+0.20058423j,  8.24651986e-01-0.52438853j]],
         input_dims=(2, 2), output_dims=(2, 2))"
"Operator([[ 0.82465199-0.52438853j, -0.08727571+0.19141924j,
           -0.00826113-0.02520795j,  0.00181478+0.00064451j],
          [ 0.1830506 +0.10368631j,  0.94479879-0.055316j  ,
           -0.15336728+0.18924008j, -0.00826113-0.02520795j],
          [ 0.00374126+0.02626195j,  0.17509817+0.16933387j,
            0.94479879-0.055316j  , -0.08727571+0.19141924j],
          [-0.00109379+0.00158506j,  0.00374126+0.02626195j,
            0.1830506 +0.10368631j,  0.82465199-0.52438853j]],
         input_dims=(2, 2), output_dims=(2, 2))"
"Operator([[ 8.24651986e-01-0.52438853j, -1.53760892e-01+0.14358259j,
            1.19421943e-02-0.02368694j,  1.04035620e-04+0.00192301j],
          [ 2.08773360e-01+0.02592408j,  9.44798788e-01-0.055316j  ,
           -2.14011243e-01+0.11632935j,  1.19421943e-02-0.02368694j],
          [ 2.11878539e-02+0.01596126j,  2.26493325e-01+0.08963316j,
            9.44798788e-01-0.055316j  , -1.53760892e-01+0.14358259j],
          [ 1.04162706e-03+0.00161982j,  2.11878539e-02+0.01596126j,
            2.08773360e-01+0.02592408j,  8.24651986e-01-0.52438853j]],
         input_dims=(2, 2), output_dims=(2, 2))"
"Operator([[ 8.24651986e-01-0.52438853j, -1.41236708e-01+0.15591846j,
            7.83438909e-03-0.02534382j,  5.77949041e-04+0.00183706j],
          [ 2.05880151e-01+0.04326357j,  9.44798788e-01-0.055316j  ,
           -2.03552024e-01+0.13379052j,  7.83438909e-03-0.02534382j],
          [ 1.82366543e-02+0.01926426j,  2.18219330e-01+0.10822963j,
            9.44798788e-01-0.055316j  , -1.41236708e-01+0.15591846j],
          [ 6.07116526e-04+0.00182762j,  1.82366543e-02+0.01926426j,
            2.05880151e-01+0.04326357j,  8.24651986e-01-0.52438853j]],
         input_dims=(2, 2), output_dims=(2, 2))"
"Operator([[ 0.82465199-5.24388532e-01j, -0.03054355+2.08147700e-01j,
           -0.02045991-1.68842883e-02j,  0.00168543-9.31724862e-04j],
          [ 0.14695426+1.50541754e-01j,  0.94479879-5.53159953e-02j,
           -0.09462961+2.24451700e-01j, -0.02045991-1.68842883e-02j],
          [-0.01088105+2.41927627e-02j,  0.12104268+2.11381170e-01j,
            0.94479879-5.53159953e-02j, -0.03054355+2.08147700e-01j],
          [-0.00191185+2.31547872e-04j, -0.01088105+2.41927627e-02j,
            0.14695426+1.50541754e-01j,  0.82465199-5.24388532e-01j]],
         input_dims=(2, 2), output_dims=(2, 2))"
"Operator([[ 0.82465199-5.24388532e-01j, -0.1881695 +9.40776962e-02j,
            0.02290527-1.33804242e-02j, -0.00139304+1.32974588e-03j],
          [ 0.20755317-3.43519406e-02j,  0.94479879-5.53159953e-02j,
           -0.23821638+5.08555464e-02j,  0.02290527-1.33804242e-02j],
          [ 0.02646121+1.86853637e-03j,  0.24261445+2.17154399e-02j,
            0.94479879-5.53159953e-02j, -0.1881695 +9.40776962e-02j],
          [ 0.00190788+2.62310597e-04j,  0.02646121+1.86853637e-03j,
            0.20755317-3.43519406e-02j,  0.82465199-5.24388532e-01j]],
         input_dims=(2, 2), output_dims=(2, 2))"
"Operator([[ 8.24651986e-01-0.52438853j,  6.49420862e-02+0.20010222j,
           -2.58339895e-02+0.00602429j, -5.92551551e-04-0.0018324j ],
          [ 6.49420862e-02+0.20010222j,  9.44798788e-01-0.055316j  ,
            1.47350671e-02+0.24313825j, -2.58339895e-02+0.00602429j],
          [-2.58339895e-02+0.00602429j,  1.47350671e-02+0.24313825j,
            9.44798788e-01-0.055316j  ,  6.49420862e-02+0.20010222j],
          [-5.92551551e-04-0.0018324j , -2.58339895e-02+0.00602429j,
            6.49420862e-02+0.20010222j,  8.24651986e-01-0.52438853j]],
         input_dims=(2, 2), output_dims=(2, 2))"
"Operator([[ 8.24651986e-01-0.52438853j,  6.49420862e-02+0.20010222j,
           -2.58339895e-02+0.00602429j, -5.92551551e-04-0.0018324j ],
          [ 6.49420862e-02+0.20010222j,  9.44798788e-01-0.055316j  ,
            1.47350671e-02+0.24313825j, -2.58339895e-02+0.00602429j],
          [-2.58339895e-02+0.00602429j,  1.47350671e-02+0.24313825j,
            9.44798788e-01-0.055316j  ,  6.49420862e-02+0.20010222j],
          [-5.92551551e-04-0.0018324j , -2.58339895e-02+0.00602429j,
            6.49420862e-02+0.20010222j,  8.24651986e-01-0.52438853j]],
         input_dims=(2, 2), output_dims=(2, 2))"
"Operator([[ 8.24651986e-01-0.52438853j,  1.21481293e-01-0.17175759j,
            1.56260552e-03-0.02648104j, -1.19001655e-03-0.00151415j],
          [-1.99191115e-01-0.0676851j ,  9.44798788e-01-0.055316j  ,
            1.86003740e-01-0.15727663j,  1.56260552e-03-0.02648104j],
          [ 1.31148198e-02+0.02305837j, -2.03635749e-01-0.13366305j,
            9.44798788e-01-0.055316j  ,  1.21481293e-01-0.17175759j],
          [ 7.81267498e-05-0.00192424j,  1.31148198e-02+0.02305837j,
           -1.99191115e-01-0.0676851j ,  8.24651986e-01-0.52438853j]],
         input_dims=(2, 2), output_dims=(2, 2))"
