unitary
"Operator([[ 0.57532448-0.74905336j,  0.15581789+0.28151575j,
           -0.06144206+0.02357565j, -0.00370673-0.00676778j],
          [ 0.15581789+0.28151575j,  0.8642233 -0.07169777j,
            0.0343219 +0.37274422j, -0.06144206+0.02357565j],
          [-0.06144206+0.02357565j,  0.0343219 +0.37274422j,
            0.8642233 -0.07169777j,  0.15581789+0.28151575j],
          [-0.00370673-0.00676778j, -0.06144206+0.02357565j,
            0.15581789+0.28151575j,  0.57532448-0.74905336j]],
         input_dims=(2, 2), output_dims=(2, 2))"
"Operator([[ 0.57532448-0.74905336j,  0.22362342-0.23135016j,
            0.03773828-0.05391438j,  0.00137502-0.0075929j ],
          [-0.31478159+0.06665496j,  0.8642233 -0.07169777j,
            0.34640106-0.141854j  ,  0.03773828-0.05391438j],
          [ 0.06411667+0.0148321j , -0.3664804 -0.07621261j,
            0.8642233 -0.07169777j,  0.22362342-0.23135016j],
          [-0.00713846-0.00293004j,  0.06411667+0.0148321j ,
           -0.31478159+0.06665496j,  0.57532448-0.74905336j]],
         input_dims=(2, 2), output_dims=(2, 2))"
"Operator([[ 5.75324479e-01-0.74905336j, -3.14713171e-01-0.06697725j,
            3.19398808e-02+0.0575394j ,  5.68729035e-04-0.00769541j],
          [ 1.10348744e-01-0.30224739j,  8.64223300e-01-0.07169777j,
           -3.03911709e-01-0.21852671j,  3.19398808e-02+0.0575394j ],
          [-1.47476673e-02-0.06413614j,  2.58896493e-01-0.2703495j ,
            8.64223300e-01-0.07169777j, -3.14713171e-01-0.06697725j],
          [-6.79066495e-03-0.00366465j, -1.47476673e-02-0.06413614j,
            1.10348744e-01-0.30224739j,  5.75324479e-01-0.74905336j]],
         input_dims=(2, 2), output_dims=(2, 2))"
"Operator([[ 0.57532448-0.74905336j,  0.15581789+0.28151575j,
           -0.06144206+0.02357565j, -0.00370673-0.00676778j],
          [ 0.15581789+0.28151575j,  0.8642233 -0.07169777j,
            0.0343219 +0.37274422j, -0.06144206+0.02357565j],
          [-0.06144206+0.02357565j,  0.0343219 +0.37274422j,
            0.8642233 -0.07169777j,  0.15581789+0.28151575j],
          [-0.00370673-0.00676778j, -0.06144206+0.02357565j,
            0.15581789+0.28151575j,  0.57532448-0.74905336j]],
         input_dims=(2, 2), output_dims=(2, 2))"
"Operator([[ 0.57532448-0.74905336j, -0.15655009+0.28110923j,
            0.00592291-0.06554279j,  0.00436796+0.00636111j],
          [ 0.32133265+0.01660296j,  0.8642233 -0.07169777j,
           -0.29822485+0.22622596j,  0.00592291-0.06554279j],
          [ 0.04824588+0.04475793j,  0.33452139+0.16796334j,
            0.8642233 -0.07169777j, -0.15655009+0.28110923j],
          [ 0.00300799+0.00710597j,  0.04824588+0.04475793j,
            0.32133265+0.01660296j,  0.57532448-0.74905336j]],
         input_dims=(2, 2), output_dims=(2, 2))"
