unitary
"Operator([[-0.10434541-0.84554544j,  0.38976391+0.29256656j,
           -0.14860844+0.11367974j, -0.03176137-0.02524899j],
          [ 0.38976391+0.29256656j,  0.62417754-0.03862586j,
            0.07510273+0.57510988j, -0.14860844+0.11367974j],
          [-0.14860844+0.11367974j,  0.07510273+0.57510988j,
            0.62417754-0.03862586j,  0.38976391+0.29256656j],
          [-0.03176137-0.02524899j, -0.14860844+0.11367974j,
            0.38976391+0.29256656j, -0.10434541-0.84554544j]],
         input_dims=(2, 2), output_dims=(2, 2))"
"Operator([[-0.10434541-0.84554544j,  0.47110295-0.12479225j,
            0.14514565+0.11806902j,  0.01823396+0.03624664j],
          [ 0.01171859+0.48721019j,  0.62417754-0.03862586j,
            0.49803208+0.29724711j,  0.14514565+0.11806902j],
          [-0.07597006-0.17098568j, -0.40499829+0.41517247j,
            0.62417754-0.03862586j,  0.47110295-0.12479225j],
          [ 0.039425  +0.00958987j, -0.07597006-0.17098568j,
            0.01171859+0.48721019j, -0.10434541-0.84554544j]],
         input_dims=(2, 2), output_dims=(2, 2))"
"Operator([[-0.10434541-0.84554544j, -0.44319384-0.20270748j,
           -0.08771408+0.16526885j,  0.04055992+0.00109035j],
          [-0.31839844-0.36896277j,  0.62417754-0.03862586j,
           -0.19603241-0.54585995j, -0.08771408+0.16526885j],
          [-0.18246377+0.0414068j ,  0.04928292-0.57789531j,
            0.62417754-0.03862586j, -0.44319384-0.20270748j],
          [ 0.01020936+0.03926914j, -0.18246377+0.0414068j ,
           -0.31839844-0.36896277j, -0.10434541-0.84554544j]],
         input_dims=(2, 2), output_dims=(2, 2))"
"Operator([[-1.04345410e-01-0.84554544j,  2.86970679e-01+0.39390218j,
           -1.86783453e-01+0.0109313j , -2.96631643e-04-0.04057349j],
          [ 4.58365605e-01+0.16556591j,  6.24177538e-01-0.03862586j,
           -9.66503780e-02+0.57188329j, -1.86783453e-01+0.0109313j ],
          [-5.94311011e-02+0.17741335j,  2.40267538e-01+0.52788569j,
            6.24177538e-01-0.03862586j,  2.86970679e-01+0.39390218j],
          [-3.95951511e-02+0.00886116j, -5.94311011e-02+0.17741335j,
            4.58365605e-01+0.16556591j, -1.04345410e-01-0.84554544j]],
         input_dims=(2, 2), output_dims=(2, 2))"
"Operator([[-0.10434541-0.84554544j, -0.38571378+0.29788585j,
            0.18587884-0.02136842j, -0.04040555+0.0036997j ],
          [ 0.17833338-0.45355077j,  0.62417754-0.03862586j,
           -0.57436495-0.0806021j ,  0.18587884-0.02136842j],
          [ 0.06926774-0.17380889j,  0.53440529-0.22539472j,
            0.62417754-0.03862586j, -0.38571378+0.29788585j],
          [-0.00550789-0.040199j  ,  0.06926774-0.17380889j,
            0.17833338-0.45355077j, -0.10434541-0.84554544j]],
         input_dims=(2, 2), output_dims=(2, 2))"
"Operator([[-0.10434541-0.84554544j,  0.38976391+0.29256656j,
           -0.14860844+0.11367974j, -0.03176137-0.02524899j],
          [ 0.38976391+0.29256656j,  0.62417754-0.03862586j,
            0.07510273+0.57510988j, -0.14860844+0.11367974j],
          [-0.14860844+0.11367974j,  0.07510273+0.57510988j,
            0.62417754-0.03862586j,  0.38976391+0.29256656j],
          [-0.03176137-0.02524899j, -0.14860844+0.11367974j,
            0.38976391+0.29256656j, -0.10434541-0.84554544j]],
         input_dims=(2, 2), output_dims=(2, 2))"
"Operator([[-0.10434541-0.84554544j,  0.22895313+0.43022269j,
           -0.18248352-0.04131969j,  0.01633651-0.03714047j],
          [ 0.47704106+0.09971424j,  0.62417754-0.03862586j,
           -0.17582001+0.55270165j, -0.18248352-0.04131969j],
          [-0.00787578+0.18693722j,  0.31185643+0.48901673j,
            0.62417754-0.03862586j,  0.22895313+0.43022269j],
          [-0.03249946+0.02429159j, -0.00787578+0.18693722j,
            0.47704106+0.09971424j, -0.10434541-0.84554544j]],
         input_dims=(2, 2), output_dims=(2, 2))"
