unitary
"Operator([[ 8.86340847e-01-0.43033515j, -3.21639134e-02-0.16698397j,
           -1.70668595e-02+0.00106852j,  6.83026389e-05+0.00098868j],
          [-5.20476760e-02-0.16189256j,  9.64342661e-01-0.04628868j,
            2.24069502e-03-0.196685j  , -1.70668595e-02+0.00106852j],
          [-1.63158103e-02+0.00511994j, -2.14720226e-02-0.19552228j,
            9.64342661e-01-0.04628868j, -3.21639134e-02-0.16698397j],
          [ 4.14297007e-04+0.00090028j, -1.63158103e-02+0.00511994j,
           -5.20476760e-02-0.16189256j,  8.86340847e-01-0.43033515j]],
         input_dims=(2, 2), output_dims=(2, 2))"
"Operator([[ 8.86340847e-01-0.43033515j, -8.36412665e-02-0.14806181j,
           -1.29638853e-02+0.01115155j,  8.55056470e-04+0.00050103j],
          [ 2.18880618e-03-0.17003932j,  9.64342661e-01-0.04628868j,
           -6.04796668e-02-0.18716896j, -1.29638853e-02+0.01115155j],
          [-1.60996368e-02-0.00576378j,  4.18784391e-02-0.19218794j,
            9.64342661e-01-0.04628868j, -8.36412665e-02-0.14806181j],
          [-5.09950386e-04+0.00084976j, -1.60996368e-02-0.00576378j,
            2.18880618e-03-0.17003932j,  8.86340847e-01-0.43033515j]],
         input_dims=(2, 2), output_dims=(2, 2))"
"Operator([[ 8.86340847e-01-0.43033515j, -1.50809539e-01-0.07857891j,
            4.92365786e-03+0.01637611j,  3.60329144e-04-0.00092321j],
          [ 9.44850067e-02-0.14138863j,  9.64342661e-01-0.04628868j,
           -1.52696473e-01-0.12399111j,  4.92365786e-03+0.01637611j],
          [-1.27336976e-03-0.0170528j ,  1.39833689e-01-0.13833491j,
            9.64342661e-01-0.04628868j, -1.50809539e-01-0.07857891j],
          [-7.58998309e-04-0.00063724j, -1.27336976e-03-0.0170528j ,
            9.44850067e-02-0.14138863j,  8.86340847e-01-0.43033515j]],
         input_dims=(2, 2), output_dims=(2, 2))"
"Operator([[ 8.86340847e-01-0.43033515j,  4.21826807e-02+0.16473853j,
           -1.68138086e-02+0.00311693j, -2.45314235e-04-0.00096019j],
          [ 4.21826807e-02+0.16473853j,  9.64342661e-01-0.04628868j,
            9.63322217e-03+0.19646172j, -1.68138086e-02+0.00311693j],
          [-1.68138086e-02+0.00311693j,  9.63322217e-03+0.19646172j,
            9.64342661e-01-0.04628868j,  4.21826807e-02+0.16473853j],
          [-2.45314235e-04-0.00096019j, -1.68138086e-02+0.00311693j,
            4.21826807e-02+0.16473853j,  8.86340847e-01-0.43033515j]],
         input_dims=(2, 2), output_dims=(2, 2))"
"Operator([[ 8.86340847e-01-0.43033515j,  4.21826807e-02+0.16473853j,
           -1.68138086e-02+0.00311693j, -2.45314235e-04-0.00096019j],
          [ 4.21826807e-02+0.16473853j,  9.64342661e-01-0.04628868j,
            9.63322217e-03+0.19646172j, -1.68138086e-02+0.00311693j],
          [-1.68138086e-02+0.00311693j,  9.63322217e-03+0.19646172j,
            9.64342661e-01-0.04628868j,  4.21826807e-02+0.16473853j],
          [-2.45314235e-04-0.00096019j, -1.68138086e-02+0.00311693j,
            4.21826807e-02+0.16473853j,  8.86340847e-01-0.43033515j]],
         input_dims=(2, 2), output_dims=(2, 2))"
