unitary
"Operator([[-0.0710086 -0.86497666j,  0.1653014 -0.22839771j,
           -0.03931694+0.15617553j, -0.25375641+0.27740611j],
          [ 0.26456376-0.09744787j, -0.72812456-0.34725482j,
            0.01751533-0.49347263j, -0.03931694+0.15617553j],
          [-0.15944172+0.02269267j,  0.28966258-0.39989701j,
           -0.72812456-0.34725482j,  0.1653014 -0.22839771j],
          [-0.2204291 -0.30456113j, -0.15944172+0.02269267j,
            0.26456376-0.09744787j, -0.0710086 -0.86497666j]],
         input_dims=(2, 2), output_dims=(2, 2))"
"Operator([[-0.0710086 -0.86497666j, -0.22468417+0.17031468j,
           -0.11971077+0.10773091j,  0.37534576+0.0214948j ],
          [-0.22468417+0.17031468j, -0.72812456-0.34725482j,
           -0.16055736+0.46695113j, -0.11971077+0.10773091j],
          [-0.11971077+0.10773091j, -0.16055736+0.46695113j,
           -0.72812456-0.34725482j, -0.22468417+0.17031468j],
          [ 0.37534576+0.0214948j , -0.11971077+0.10773091j,
           -0.22468417+0.17031468j, -0.0710086 -0.86497666j]],
         input_dims=(2, 2), output_dims=(2, 2))"
"Operator([[-0.0710086 -0.86497666j, -0.22468417+0.17031468j,
           -0.11971077+0.10773091j,  0.37534576+0.0214948j ],
          [-0.22468417+0.17031468j, -0.72812456-0.34725482j,
           -0.16055736+0.46695113j, -0.11971077+0.10773091j],
          [-0.11971077+0.10773091j, -0.16055736+0.46695113j,
           -0.72812456-0.34725482j, -0.22468417+0.17031468j],
          [ 0.37534576+0.0214948j , -0.11971077+0.10773091j,
           -0.22468417+0.17031468j, -0.0710086 -0.86497666j]],
         input_dims=(2, 2), output_dims=(2, 2))"
"Operator([[-0.0710086 -0.86497666j, -0.22468417+0.17031468j,
           -0.11971077+0.10773091j,  0.37534576+0.0214948j ],
          [-0.22468417+0.17031468j, -0.72812456-0.34725482j,
           -0.16055736+0.46695113j, -0.11971077+0.10773091j],
          [-0.11971077+0.10773091j, -0.16055736+0.46695113j,
           -0.72812456-0.34725482j, -0.22468417+0.17031468j],
          [ 0.37534576+0.0214948j , -0.11971077+0.10773091j,
           -0.22468417+0.17031468j, -0.0710086 -0.86497666j]],
         input_dims=(2, 2), output_dims=(2, 2))"
