unitary
"Operator([[-0.34591771-0.74033543j, -0.49510599+0.1611439j ,
            0.16581417+0.17273674j, -0.01661186-0.05948794j],
          [-0.1591797 -0.49574099j,  0.52443395-0.00218088j,
           -0.49974541-0.38313076j,  0.16581417+0.17273674j],
          [-0.16443928-0.1740461j ,  0.38510907-0.49822249j,
            0.52443395-0.00218088j, -0.49510599+0.1611439j ],
          [-0.05968131+0.01590314j, -0.16443928-0.1740461j ,
           -0.1591797 -0.49574099j, -0.34591771-0.74033543j]],
         input_dims=(2, 2), output_dims=(2, 2))"
"Operator([[-0.34591771-0.74033543j,  0.46356971+0.23706628j,
           -0.17339278+0.16512803j, -0.05362943-0.03063744j],
          [ 0.46356971+0.23706628j,  0.52443395-0.00218088j,
            0.0812213 +0.62444996j, -0.17339278+0.16512803j],
          [-0.17339278+0.16512803j,  0.0812213 +0.62444996j,
            0.52443395-0.00218088j,  0.46356971+0.23706628j],
          [-0.05362943-0.03063744j, -0.17339278+0.16512803j,
            0.46356971+0.23706628j, -0.34591771-0.74033543j]],
         input_dims=(2, 2), output_dims=(2, 2))"
"Operator([[-0.34591771-0.74033543j,  0.09519981+0.51189286j,
           -0.11550484-0.2097402j ,  0.06131932+0.00739656j],
          [ 0.4707483 -0.22247098j,  0.52443395-0.00218088j,
           -0.44503169+0.44551256j, -0.11550484-0.2097402j ],
          [ 0.20385373+0.12560245j,  0.54419055+0.31684586j,
            0.52443395-0.00218088j,  0.09519981+0.51189286j],
          [ 0.03751473+0.0490654j ,  0.20385373+0.12560245j,
            0.4707483 -0.22247098j, -0.34591771-0.74033543j]],
         input_dims=(2, 2), output_dims=(2, 2))"
"Operator([[-0.34591771-0.74033543j,  0.24974279-0.45686523j,
            0.18222137-0.15533092j,  0.0349592 -0.05091781j],
          [-0.22420995+0.46992255j,  0.52443395-0.00218088j,
            0.6264499 -0.06399353j,  0.18222137-0.15533092j],
          [ 0.16403818-0.17442419j, -0.62197633+0.09838746j,
            0.52443395-0.00218088j,  0.24974279-0.45686523j],
          [-0.02610663+0.0559751j ,  0.16403818-0.17442419j,
           -0.22420995+0.46992255j, -0.34591771-0.74033543j]],
         input_dims=(2, 2), output_dims=(2, 2))"
"Operator([[-0.34591771-0.74033543j,  0.49960972-0.14658592j,
            0.15542443+0.18214161j,  0.01133119+0.06071551j],
          [ 0.17361907+0.49087037j,  0.52443395-0.00218088j,
            0.48831929+0.3975914j ,  0.15542443+0.18214161j],
          [-0.17433997-0.16412769j, -0.37036397+0.50927908j,
            0.52443395-0.00218088j,  0.49960972-0.14658592j],
          [ 0.0580568 -0.0210755j , -0.17433997-0.16412769j,
            0.17361907+0.49087037j, -0.34591771-0.74033543j]],
         input_dims=(2, 2), output_dims=(2, 2))"
"Operator([[-0.34591771-0.74033543j,  0.46356971+0.23706628j,
           -0.17339278+0.16512803j, -0.05362943-0.03063744j],
          [ 0.46356971+0.23706628j,  0.52443395-0.00218088j,
            0.0812213 +0.62444996j, -0.17339278+0.16512803j],
          [-0.17339278+0.16512803j,  0.0812213 +0.62444996j,
            0.52443395-0.00218088j,  0.46356971+0.23706628j],
          [-0.05362943-0.03063744j, -0.17339278+0.16512803j,
            0.46356971+0.23706628j, -0.34591771-0.74033543j]],
         input_dims=(2, 2), output_dims=(2, 2))"
