unitary
"Operator([[ 0.6967498 -6.61162025e-01j, -0.07691292+2.63273537e-01j,
           -0.0209466 -4.14342459e-02j,  0.0044804 +5.58865226e-04j],
          [ 0.24734078+1.18537296e-01j,  0.90380399-6.66315600e-02j,
           -0.1863467 +2.58049192e-01j, -0.0209466 -4.14342459e-02j],
          [ 0.0066035 +4.59559651e-02j,  0.2244615 +2.25680117e-01j,
            0.90380399-6.66315600e-02j, -0.07691292+2.63273537e-01j],
          [-0.00259442+3.69530406e-03j,  0.0066035 +4.59559651e-02j,
            0.24734078+1.18537296e-01j,  0.6967498 -6.61162025e-01j]],
         input_dims=(2, 2), output_dims=(2, 2))"
"Operator([[ 6.96749798e-01-0.66116202j, -1.40736101e-01+0.23541857j,
            1.90710330e-03-0.04638879j,  2.84947832e-03+0.0035024j ],
          [ 2.69221003e-01+0.05242714j,  9.03803987e-01-0.06663156j,
           -2.45327098e-01+0.20280309j,  1.90710330e-03-0.04638879j],
          [ 2.81667116e-02+0.0369079j ,  2.74061693e-01+0.16187856j,
            9.03803987e-01-0.06663156j, -1.40736101e-01+0.23541857j],
          [ 6.81918540e-04+0.00446333j,  2.81667116e-02+0.0369079j ,
            2.69221003e-01+0.05242714j,  6.96749798e-01-0.66116202j]],
         input_dims=(2, 2), output_dims=(2, 2))"
"Operator([[ 0.6967498 -0.66116202j, -0.20638724+0.18064567j,
            0.02872511-0.03647499j, -0.00114345+0.00436793j],
          [ 0.27228369-0.03301737j,  0.90380399-0.06663156j,
           -0.29585375+0.11740969j,  0.02872511-0.03647499j],
          [ 0.04445034+0.01340614j,  0.31059095+0.0696257j ,
            0.90380399-0.06663156j, -0.20638724+0.18064567j],
          [ 0.00400451+0.00208572j,  0.04445034+0.01340614j,
            0.27228369-0.03301737j,  0.6967498 -0.66116202j]],
         input_dims=(2, 2), output_dims=(2, 2))"
"Operator([[ 0.6967498 -0.66116202j,  0.11179695+0.25045957j,
           -0.04427972+0.01395935j, -0.0018299 -0.00412768j],
          [ 0.11179695+0.25045957j,  0.90380399-0.06663156j,
            0.02500247+0.31731586j, -0.04427972+0.01395935j],
          [-0.04427972+0.01395935j,  0.02500247+0.31731586j,
            0.90380399-0.06663156j,  0.11179695+0.25045957j],
          [-0.0018299 -0.00412768j, -0.04427972+0.01395935j,
            0.11179695+0.25045957j,  0.6967498 -0.66116202j]],
         input_dims=(2, 2), output_dims=(2, 2))"
"Operator([[ 0.6967498 -0.66116202j,  0.11179695+0.25045957j,
           -0.04427972+0.01395935j, -0.0018299 -0.00412768j],
          [ 0.11179695+0.25045957j,  0.90380399-0.06663156j,
            0.02500247+0.31731586j, -0.04427972+0.01395935j],
          [-0.04427972+0.01395935j,  0.02500247+0.31731586j,
            0.90380399-0.06663156j,  0.11179695+0.25045957j],
          [-0.0018299 -0.00412768j, -0.04427972+0.01395935j,
            0.11179695+0.25045957j,  0.6967498 -0.66116202j]],
         input_dims=(2, 2), output_dims=(2, 2))"
"Operator([[ 0.6967498 -0.66116202j,  0.02505899-0.2731311j ,
           -0.03498894-0.03051772j, -0.00405749+0.00198068j],
          [-0.22005511-0.16372019j,  0.90380399-0.06663156j,
            0.13346711-0.28896541j, -0.03498894-0.03051772j],
          [-0.0111607 +0.04506657j, -0.1770764 -0.26449655j,
            0.90380399-0.06663156j,  0.02505899-0.2731311j ],
          [ 0.00419227-0.00167664j, -0.0111607 +0.04506657j,
           -0.22005511-0.16372019j,  0.6967498 -0.66116202j]],
         input_dims=(2, 2), output_dims=(2, 2))"
