unitary
"Operator([[ 8.60421815e-01-0.47311191j, -1.86606562e-02-0.18720669j,
           -2.07955774e-02-0.00325036j, -3.48868329e-04+0.00131095j],
          [-8.31935504e-02-0.16874062j,  9.56148263e-01-0.05048357j,
            2.71801436e-02-0.21599899j, -2.07955774e-02-0.00325036j],
          [-1.78066688e-02+0.01122245j, -5.03781576e-02-0.21179321j,
            9.56148263e-01-0.05048357j, -1.86606562e-02-0.18720669j],
          [ 9.88155630e-04+0.00092943j, -1.78066688e-02+0.01122245j,
           -8.31935504e-02-0.16874062j,  8.60421815e-01-0.47311191j]],
         input_dims=(2, 2), output_dims=(2, 2))"
"Operator([[ 8.60421815e-01-0.47311191j, -9.82753523e-02-0.16042606j,
           -1.54650091e-02+0.01427776j,  1.20323199e-03+0.00062652j],
          [-1.46348844e-03-0.18812874j,  9.56148263e-01-0.05048357j,
           -6.95343633e-02-0.20629904j, -1.54650091e-02+0.01427776j],
          [-1.98558270e-02-0.00698334j,  4.68181388e-02-0.21260852j,
            9.56148263e-01-0.05048357j, -9.82753523e-02-0.16042606j],
          [-6.91412487e-04+0.00116715j, -1.98558270e-02-0.00698334j,
           -1.46348844e-03-0.18812874j,  8.60421815e-01-0.47311191j]],
         input_dims=(2, 2), output_dims=(2, 2))"
"Operator([[ 8.60421815e-01-0.47311191j,  5.17573063e-02+0.18087494j,
           -2.06130761e-02+0.00425699j, -3.72237781e-04-0.0013045j ],
          [ 5.17573063e-02+0.18087494j,  9.56148263e-01-0.05048357j,
            1.17880916e-02+0.21738299j, -2.06130761e-02+0.00425699j],
          [-2.06130761e-02+0.00425699j,  1.17880916e-02+0.21738299j,
            9.56148263e-01-0.05048357j,  5.17573063e-02+0.18087494j],
          [-3.72237781e-04-0.0013045j , -2.06130761e-02+0.00425699j,
            5.17573063e-02+0.18087494j,  8.60421815e-01-0.47311191j]],
         input_dims=(2, 2), output_dims=(2, 2))"
"Operator([[ 8.60421815e-01-0.47311191j, -1.80014467e-01-0.054675j  ,
            1.23544803e-02+0.01704077j, -1.73217838e-04-0.00134547j],
          [ 1.23843603e-01-0.14162389j,  9.56148263e-01-0.05048357j,
           -1.88991253e-01-0.10805845j,  1.23544803e-02+0.01704077j],
          [ 4.59318143e-03-0.02054078j,  1.76197943e-01-0.12786167j,
            9.56148263e-01-0.05048357j, -1.80014467e-01-0.054675j  ],
          [-5.62906532e-04-0.00123427j,  4.59318143e-03-0.02054078j,
            1.23843603e-01-0.14162389j,  8.60421815e-01-0.47311191j]],
         input_dims=(2, 2), output_dims=(2, 2))"
"Operator([[ 8.60421815e-01-0.47311191j,  5.17573063e-02+0.18087494j,
           -2.06130761e-02+0.00425699j, -3.72237781e-04-0.0013045j ],
          [ 5.17573063e-02+0.18087494j,  9.56148263e-01-0.05048357j,
            1.17880916e-02+0.21738299j, -2.06130761e-02+0.00425699j],
          [-2.06130761e-02+0.00425699j,  1.17880916e-02+0.21738299j,
            9.56148263e-01-0.05048357j,  5.17573063e-02+0.18087494j],
          [-3.72237781e-04-0.0013045j , -2.06130761e-02+0.00425699j,
            5.17573063e-02+0.18087494j,  8.60421815e-01-0.47311191j]],
         input_dims=(2, 2), output_dims=(2, 2))"
"Operator([[ 0.86042181-4.73111906e-01j, -0.17677552+6.43815203e-02j,
            0.01980932-7.11417947e-03j, -0.00119717+6.38030255e-04j],
          [ 0.18407407-3.88754709e-02j,  0.95614826-5.04835675e-02j,
           -0.21601083+2.70858666e-02j,  0.01980932-7.11417947e-03j],
          [ 0.02100693-1.31514897e-03j,  0.21767313+3.56835850e-03j,
            0.95614826-5.04835675e-02j, -0.17677552+6.43815203e-02j],
          [ 0.0013536 -8.98253088e-05j,  0.02100693-1.31514897e-03j,
            0.18407407-3.88754709e-02j,  0.86042181-4.73111906e-01j]],
         input_dims=(2, 2), output_dims=(2, 2))"
"Operator([[ 8.60421815e-01-0.47311191j, -1.50149881e-01+0.11335598j,
            1.24210758e-02-0.01699228j, -2.54805418e-04+0.00133243j],
          [ 1.87385484e-01+0.01677034j,  9.56148263e-01-0.05048357j,
           -1.98591646e-01+0.08919462j,  1.24210758e-02-0.01699228j],
          [ 1.81362596e-02+0.01068162j,  2.07072317e-01+0.06719656j,
            9.56148263e-01-0.05048357j, -1.50149881e-01+0.11335598j],
          [ 9.19593583e-04+0.00099732j,  1.81362596e-02+0.01068162j,
            1.87385484e-01+0.01677034j,  8.60421815e-01-0.47311191j]],
         input_dims=(2, 2), output_dims=(2, 2))"
"Operator([[ 8.60421815e-01-0.47311191j, -1.36076352e-01+0.12991455j,
            8.19787952e-03-0.01938596j,  2.13138428e-04+0.00133972j],
          [ 1.84201491e-01+0.03826715j,  9.56148263e-01-0.05048357j,
           -1.86981159e-01+0.11150053j,  8.19787952e-03-0.01938596j],
          [ 1.52068047e-02+0.01455246j,  1.97941999e-01+0.09062719j,
            9.56148263e-01-0.05048357j, -1.36076352e-01+0.12991455j],
          [ 5.25966196e-04+0.00125046j,  1.52068047e-02+0.01455246j,
            1.84201491e-01+0.03826715j,  8.60421815e-01-0.47311191j]],
         input_dims=(2, 2), output_dims=(2, 2))"
"Operator([[ 8.60421815e-01-0.47311191j, -1.54172523e-01+0.10782113j,
            1.36231857e-02-0.01604462j, -3.98386369e-04+0.00129676j],
          [ 1.87871375e-01+0.00994538j,  9.56148263e-01-0.05048357j,
           -2.01703676e-01+0.08191428j,  1.36231857e-02-0.01604462j],
          [ 1.88646118e-02+0.00933527j,  2.09378827e-01+0.05962239j,
            9.56148263e-01-0.05048357j, -1.54172523e-01+0.10782113j],
          [ 1.02272864e-03+0.00089124j,  1.88646118e-02+0.00933527j,
            1.87871375e-01+0.00994538j,  8.60421815e-01-0.47311191j]],
         input_dims=(2, 2), output_dims=(2, 2))"
