unitary
"Operator([[ 9.48847733e-01-2.94128629e-01j,
            1.14045152e-01-1.05525127e-02j,
            7.65159519e-03+2.06527767e-04j,
            2.94632357e-04+1.68385831e-05j],
          [-1.11209632e-01+2.73874053e-02j,
            9.84006562e-01-3.22239178e-02j,
            1.32235484e-01+5.49915605e-03j,
            7.65159519e-03+2.06527767e-04j],
          [ 7.37418692e-03-2.05205506e-03j,
           -1.31583867e-01+1.42179411e-02j,
            9.84006562e-01-3.22239178e-02j,
            1.14045152e-01-1.05525127e-02j],
          [-2.72896512e-04+1.12335468e-04j,
            7.37418692e-03-2.05205506e-03j,
           -1.11209632e-01+2.73874053e-02j,
            9.48847733e-01-2.94128629e-01j]],
         input_dims=(2, 2), output_dims=(2, 2))"
"Operator([[ 9.48847733e-01-2.94128629e-01j,
            1.08947603e-01-3.53280627e-02j,
            7.00273888e-03-3.09050333e-03j,
            2.42425885e-04-1.68289791e-04j],
          [-1.14509042e-01+2.30899280e-03j,
            9.84006562e-01-3.22239178e-02j,
            1.30217658e-01-2.36606297e-02j,
            7.00273888e-03-3.09050333e-03j],
          [ 7.54248950e-03+1.30399959e-03j,
           -1.31495705e-01-1.50114440e-02j,
            9.84006562e-01-3.22239178e-02j,
            1.08947603e-01-3.53280627e-02j],
          [-2.84151855e-04-7.96836666e-05j,
            7.54248950e-03+1.30399959e-03j,
           -1.14509042e-01+2.30899280e-03j,
            9.48847733e-01-2.94128629e-01j]],
         input_dims=(2, 2), output_dims=(2, 2))"
"Operator([[ 9.48847733e-01-2.94128629e-01j,
            1.00782866e-01-5.44101653e-02j,
            5.44937557e-03-5.37530172e-03j,
            1.20220986e-04-2.69515636e-04j],
          [-1.13045491e-01-1.83948133e-02j,
            9.84006562e-01-3.22239178e-02j,
            1.23809330e-01-4.67730038e-02j,
            5.44937557e-03-5.37530172e-03j],
          [ 6.58821216e-03+3.89679654e-03j,
           -1.26627343e-01-3.84964937e-02j,
            9.84006562e-01-3.22239178e-02j,
            1.00782866e-01-5.44101653e-02j],
          [-2.01804777e-04-2.15329040e-04j,
            6.58821216e-03+3.89679654e-03j,
           -1.13045491e-01-1.83948133e-02j,
            9.48847733e-01-2.94128629e-01j]],
         input_dims=(2, 2), output_dims=(2, 2))"
"Operator([[ 9.48847733e-01-2.94128629e-01j,
            9.14257402e-02-6.89854059e-02j,
            3.59896767e-03-6.75551585e-03j,
           -1.01904873e-05-2.94937142e-04j],
          [-1.08979028e-01-3.52310041e-02j,
            9.84006562e-01-3.22239178e-02j,
            1.15340537e-01-6.49078152e-02j,
            3.59896767e-03-6.75551585e-03j],
          [ 5.12681231e-03+5.68378028e-03j,
           -1.19374371e-01-5.71508830e-02j,
            9.84006562e-01-3.22239178e-02j,
            9.14257402e-02-6.89854059e-02j],
          [-8.68946065e-05-2.82030301e-04j,
            5.12681231e-03+5.68378028e-03j,
           -1.08979028e-01-3.52310041e-02j,
            9.48847733e-01-2.94128629e-01j]],
         input_dims=(2, 2), output_dims=(2, 2))"
"Operator([[ 9.48847733e-01-2.94128629e-01j,
            1.90228649e-02+1.12941502e-01j,
           -7.59729104e-03+9.33129995e-04j,
           -4.89696385e-05-2.91021886e-04j],
          [ 1.90228649e-02+1.12941502e-01j,
            9.84006562e-01-3.22239178e-02j,
            4.37155056e-03+1.32277562e-01j,
           -7.59729104e-03+9.33129995e-04j],
          [-7.59729104e-03+9.33129995e-04j,
            4.37155056e-03+1.32277562e-01j,
            9.84006562e-01-3.22239178e-02j,
            1.90228649e-02+1.12941502e-01j],
          [-4.89696385e-05-2.91021886e-04j,
           -7.59729104e-03+9.33129995e-04j,
            1.90228649e-02+1.12941502e-01j,
            9.48847733e-01-2.94128629e-01j]],
         input_dims=(2, 2), output_dims=(2, 2))"
"Operator([[ 9.48847733e-01-2.94128629e-01j,
            7.18352277e-02-8.92039924e-02j,
           -2.57179372e-05-7.65433872e-03j,
           -2.06247812e-04-2.11077246e-04j],
          [-9.70923715e-02-6.07513258e-02j,
            9.84006562e-01-3.22239178e-02j,
            9.60222480e-02-9.10834334e-02j,
           -2.57179372e-05-7.65433872e-03j],
          [ 1.82737635e-03+7.43305176e-03j,
           -1.01826467e-01-8.45448667e-02j,
            9.84006562e-01-3.22239178e-02j,
            7.18352277e-02-8.92039924e-02j],
          [ 1.25810830e-04-2.66952053e-04j,
            1.82737635e-03+7.43305176e-03j,
           -9.70923715e-02-6.07513258e-02j,
            9.48847733e-01-2.94128629e-01j]],
         input_dims=(2, 2), output_dims=(2, 2))"
"Operator([[ 9.48847733e-01-2.94128629e-01j,
            6.18637683e-02-9.63873766e-02j,
           -1.65596002e-03-7.47310907e-03j,
           -2.62453914e-04-1.34943346e-04j],
          [-9.00241234e-02-7.08047272e-02j,
            9.84006562e-01-3.22239178e-02j,
            8.57101731e-02-1.00847559e-01j,
           -1.65596002e-03-7.47310907e-03j],
          [ 2.01733006e-04+7.65172311e-03j,
           -9.21815652e-02-9.49685369e-02j,
            9.84006562e-01-3.22239178e-02j,
            6.18637683e-02-9.63873766e-02j],
          [ 2.03838022e-04-2.13405306e-04j,
            2.01733006e-04+7.65172311e-03j,
           -9.00241234e-02-7.08047272e-02j,
            9.48847733e-01-2.94128629e-01j]],
         input_dims=(2, 2), output_dims=(2, 2))"
"Operator([[ 9.48847733e-01-2.94128629e-01j,
           -1.10689083e-01-2.94207267e-02j,
            5.69824708e-03+5.11072822e-03j,
           -1.30363828e-04-2.64758448e-04j],
          [ 9.49447155e-02-6.40558599e-02j,
            9.84006562e-01-3.22239178e-02j,
           -1.22228653e-01-5.07604216e-02j,
            5.69824708e-03+5.11072822e-03j],
          [ 4.29209473e-03-6.33778238e-03j,
            1.18610518e-01-5.87197504e-02j,
            9.84006562e-01-3.22239178e-02j,
           -1.10689083e-01-2.94207267e-02j],
          [ 3.65374796e-05-2.92842579e-04j,
            4.29209473e-03-6.33778238e-03j,
            9.49447155e-02-6.40558599e-02j,
            9.48847733e-01-2.94128629e-01j]],
         input_dims=(2, 2), output_dims=(2, 2))"
"Operator([[ 9.48847733e-01-2.94128629e-01j,
           -9.92449163e-02+5.71672877e-02j,
            5.14489883e-03-5.66741376e-03j,
           -9.75474130e-05+2.78525162e-04j],
          [ 1.12495543e-01+2.15036026e-02j,
            9.84006562e-01-3.22239178e-02j,
           -1.22473128e-01+5.01676866e-02j,
            5.14489883e-03-5.66741376e-03j],
          [ 6.36347576e-03+4.25390868e-03j,
            1.25518190e-01+4.19719914e-02j,
            9.84006562e-01-3.22239178e-02j,
           -9.92449163e-02+5.71672877e-02j],
          [ 1.83328355e-04+2.31262789e-04j,
            6.36347576e-03+4.25390868e-03j,
            1.12495543e-01+2.15036026e-02j,
            9.48847733e-01-2.94128629e-01j]],
         input_dims=(2, 2), output_dims=(2, 2))"
"Operator([[ 9.48847733e-01-2.94128629e-01j,
            1.90228649e-02+1.12941502e-01j,
           -7.59729104e-03+9.33129995e-04j,
           -4.89696385e-05-2.91021886e-04j],
          [ 1.90228649e-02+1.12941502e-01j,
            9.84006562e-01-3.22239178e-02j,
            4.37155056e-03+1.32277562e-01j,
           -7.59729104e-03+9.33129995e-04j],
          [-7.59729104e-03+9.33129995e-04j,
            4.37155056e-03+1.32277562e-01j,
            9.84006562e-01-3.22239178e-02j,
            1.90228649e-02+1.12941502e-01j],
          [-4.89696385e-05-2.91021886e-04j,
           -7.59729104e-03+9.33129995e-04j,
            1.90228649e-02+1.12941502e-01j,
            9.48847733e-01-2.94128629e-01j]],
         input_dims=(2, 2), output_dims=(2, 2))"
"Operator([[ 9.48847733e-01-2.94128629e-01j,
            1.90228649e-02+1.12941502e-01j,
           -7.59729104e-03+9.33129995e-04j,
           -4.89696385e-05-2.91021886e-04j],
          [ 1.90228649e-02+1.12941502e-01j,
            9.84006562e-01-3.22239178e-02j,
            4.37155056e-03+1.32277562e-01j,
           -7.59729104e-03+9.33129995e-04j],
          [-7.59729104e-03+9.33129995e-04j,
            4.37155056e-03+1.32277562e-01j,
            9.84006562e-01-3.22239178e-02j,
            1.90228649e-02+1.12941502e-01j],
          [-4.89696385e-05-2.91021886e-04j,
           -7.59729104e-03+9.33129995e-04j,
            1.90228649e-02+1.12941502e-01j,
            9.48847733e-01-2.94128629e-01j]],
         input_dims=(2, 2), output_dims=(2, 2))"
"Operator([[ 9.48847733e-01-2.94128629e-01j,
           -6.58187642e-02+9.37312247e-02j,
           -1.02919286e-03-7.58487474e-03j,
            2.43615670e-04+1.66562807e-04j],
          [ 9.28908366e-02+6.69995871e-02j,
            9.84006562e-01-3.22239178e-02j,
           -8.98300268e-02+9.71958345e-02j,
           -1.02919286e-03-7.58487474e-03j],
          [ 8.36917706e-04+7.60849075e-03j,
            9.60513260e-02+9.10527690e-02j,
            9.84006562e-01-3.22239178e-02j,
           -6.58187642e-02+9.37312247e-02j],
          [-1.75689097e-04+2.37118335e-04j,
            8.36917706e-04+7.60849075e-03j,
            9.28908366e-02+6.69995871e-02j,
            9.48847733e-01-2.94128629e-01j]],
         input_dims=(2, 2), output_dims=(2, 2))"
"Operator([[ 9.48847733e-01-2.94128629e-01j,
            1.90228649e-02+1.12941502e-01j,
           -7.59729104e-03+9.33129995e-04j,
           -4.89696385e-05-2.91021886e-04j],
          [ 1.90228649e-02+1.12941502e-01j,
            9.84006562e-01-3.22239178e-02j,
            4.37155056e-03+1.32277562e-01j,
           -7.59729104e-03+9.33129995e-04j],
          [-7.59729104e-03+9.33129995e-04j,
            4.37155056e-03+1.32277562e-01j,
            9.84006562e-01-3.22239178e-02j,
            1.90228649e-02+1.12941502e-01j],
          [-4.89696385e-05-2.91021886e-04j,
           -7.59729104e-03+9.33129995e-04j,
            1.90228649e-02+1.12941502e-01j,
            9.48847733e-01-2.94128629e-01j]],
         input_dims=(2, 2), output_dims=(2, 2))"
"Operator([[ 9.48847733e-01-2.94128629e-01j,
           -5.67530115e-02+9.94823999e-02j,
           -2.42533382e-03-7.25998062e-03j,
            2.80280827e-04+9.23819333e-05j],
          [ 8.62091769e-02+7.54031168e-02j,
            9.84006562e-01-3.22239178e-02j,
           -8.03343706e-02+1.05180097e-01j,
           -2.42533382e-03-7.25998062e-03j],
          [-5.96349145e-04+7.63111594e-03j,
            8.71035464e-02+9.96465562e-02j,
            9.84006562e-01-3.22239178e-02j,
           -5.67530115e-02+9.94823999e-02j],
          [-2.34612275e-04+1.79021909e-04j,
           -5.96349145e-04+7.63111594e-03j,
            8.62091769e-02+7.54031168e-02j,
            9.48847733e-01-2.94128629e-01j]],
         input_dims=(2, 2), output_dims=(2, 2))"
"Operator([[ 9.48847733e-01-2.94128629e-01j,
           -5.84328406e-02+9.85051031e-02j,
           -2.17760065e-03-7.33809363e-03j,
            2.75216989e-04+1.06524046e-04j],
          [ 8.74761924e-02+7.39294797e-02j,
            9.84006562e-01-3.22239178e-02j,
           -8.21074823e-02+1.03801856e-01j,
           -2.17760065e-03-7.33809363e-03j],
          [-3.37076237e-04+7.64695641e-03j,
            8.87817915e-02+9.81542534e-02j,
            9.84006562e-01-3.22239178e-02j,
           -5.84328406e-02+9.85051031e-02j],
          [-2.25199016e-04+1.90727991e-04j,
           -3.37076237e-04+7.64695641e-03j,
            8.74761924e-02+7.39294797e-02j,
            9.48847733e-01-2.94128629e-01j]],
         input_dims=(2, 2), output_dims=(2, 2))"
