unitary
"Operator([[ 0.6967498 -0.66116202j,  0.11179695+0.25045957j,
           -0.04427972+0.01395935j, -0.0018299 -0.00412768j],
          [ 0.11179695+0.25045957j,  0.90380399-0.06663156j,
            0.02500247+0.31731586j, -0.04427972+0.01395935j],
          [-0.04427972+0.01395935j,  0.02500247+0.31731586j,
            0.90380399-0.06663156j,  0.11179695+0.25045957j],
          [-0.0018299 -0.00412768j, -0.04427972+0.01395935j,
            0.11179695+0.25045957j,  0.6967498 -0.66116202j]],
         input_dims=(2, 2), output_dims=(2, 2))"
"Operator([[ 0.6967498 -0.66116202j,  0.11179695+0.25045957j,
           -0.04427972+0.01395935j, -0.0018299 -0.00412768j],
          [ 0.11179695+0.25045957j,  0.90380399-0.06663156j,
            0.02500247+0.31731586j, -0.04427972+0.01395935j],
          [-0.04427972+0.01395935j,  0.02500247+0.31731586j,
            0.90380399-0.06663156j,  0.11179695+0.25045957j],
          [-0.0018299 -0.00412768j, -0.04427972+0.01395935j,
            0.11179695+0.25045957j,  0.6967498 -0.66116202j]],
         input_dims=(2, 2), output_dims=(2, 2))"
"Operator([[ 0.6967498 -0.66116202j,  0.27113779+0.04138664j,
            0.03108533+0.03448564j,  0.00122252+0.00434646j],
          [-0.15023468+0.22947351j,  0.90380399-0.06663156j,
            0.28044515+0.15054899j,  0.03108533+0.03448564j],
          [ 0.00568722-0.04607833j, -0.25340616+0.19261308j,
            0.90380399-0.06663156j,  0.27113779+0.04138664j],
          [ 0.00239987+0.00382452j,  0.00568722-0.04607833j,
           -0.15023468+0.22947351j,  0.6967498 -0.66116202j]],
         input_dims=(2, 2), output_dims=(2, 2))"
"Operator([[ 0.6967498 -0.66116202j,  0.11179695+0.25045957j,
           -0.04427972+0.01395935j, -0.0018299 -0.00412768j],
          [ 0.11179695+0.25045957j,  0.90380399-0.06663156j,
            0.02500247+0.31731586j, -0.04427972+0.01395935j],
          [-0.04427972+0.01395935j,  0.02500247+0.31731586j,
            0.90380399-0.06663156j,  0.11179695+0.25045957j],
          [-0.0018299 -0.00412768j, -0.04427972+0.01395935j,
            0.11179695+0.25045957j,  0.6967498 -0.66116202j]],
         input_dims=(2, 2), output_dims=(2, 2))"
"Operator([[ 0.6967498 -6.61162025e-01j,  0.22572823-1.55805382e-01j,
            0.03627513-2.89770938e-02j,  0.00255155-3.72503681e-03j],
          [-0.26670654+6.40013815e-02j,  0.90380399-6.66315600e-02j,
            0.30735906-8.27338181e-02j,  0.03627513-2.89770938e-02j],
          [ 0.04633518+2.93386937e-03j, -0.31652353-3.35758358e-02j,
            0.90380399-6.66315600e-02j,  0.22572823-1.55805382e-01j],
          [-0.00447364-6.10600497e-04j,  0.04633518+2.93386937e-03j,
           -0.26670654+6.40013815e-02j,  0.6967498 -6.61162025e-01j]],
         input_dims=(2, 2), output_dims=(2, 2))"
"Operator([[ 0.6967498 -0.66116202j,  0.20916013+0.17742771j,
           -0.01680926+0.04327824j, -0.0044348 +0.00084784j],
          [-0.00758014+0.27417347j,  0.90380399-0.06663156j,
            0.15983872+0.27525636j, -0.01680926+0.04327824j],
          [-0.03859061-0.02581321j, -0.11475701+0.29689275j,
            0.90380399-0.06663156j,  0.20916013+0.17742771j],
          [ 0.00360619-0.00271693j, -0.03859061-0.02581321j,
           -0.00758014+0.27417347j,  0.6967498 -0.66116202j]],
         input_dims=(2, 2), output_dims=(2, 2))"
