unitary
"Operator([[ 0.6967498 -0.66116202j,  0.11179695+0.25045957j,
           -0.04427972+0.01395935j, -0.0018299 -0.00412768j],
          [ 0.11179695+0.25045957j,  0.90380399-0.06663156j,
            0.02500247+0.31731586j, -0.04427972+0.01395935j],
          [-0.04427972+0.01395935j,  0.02500247+0.31731586j,
            0.90380399-0.06663156j,  0.11179695+0.25045957j],
          [-0.0018299 -0.00412768j, -0.04427972+0.01395935j,
            0.11179695+0.25045957j,  0.6967498 -0.66116202j]],
         input_dims=(2, 2), output_dims=(2, 2))"
"Operator([[ 0.6967498 -0.66116202j,  0.17747443+0.20912049j,
           -0.02982507+0.0355812j , -0.00431101-0.0013422j ],
          [ 0.03716953+0.27174801j,  0.90380399-0.06663156j,
            0.11288024+0.29761137j, -0.02982507+0.0355812j ],
          [-0.04483883-0.01204312j, -0.06487688+0.31161751j,
            0.90380399-0.06663156j,  0.17747443+0.20912049j],
          [ 0.00190022-0.00409579j, -0.04483883-0.01204312j,
            0.03716953+0.27174801j,  0.6967498 -0.66116202j]],
         input_dims=(2, 2), output_dims=(2, 2))"
"Operator([[ 0.6967498 -0.66116202j,  0.11179695+0.25045957j,
           -0.04427972+0.01395935j, -0.0018299 -0.00412768j],
          [ 0.11179695+0.25045957j,  0.90380399-0.06663156j,
            0.02500247+0.31731586j, -0.04427972+0.01395935j],
          [-0.04427972+0.01395935j,  0.02500247+0.31731586j,
            0.90380399-0.06663156j,  0.11179695+0.25045957j],
          [-0.0018299 -0.00412768j, -0.04427972+0.01395935j,
            0.11179695+0.25045957j,  0.6967498 -0.66116202j]],
         input_dims=(2, 2), output_dims=(2, 2))"
"Operator([[ 0.6967498 -0.66116202j,  0.25866492+0.09121959j,
            0.01628816+0.04347704j, -0.00128469+0.0043285j ],
          [-0.10480995+0.25346287j,  0.90380399-0.06663156j,
            0.24745362+0.20020285j,  0.01628816+0.04347704j],
          [-0.01159125-0.04495776j, -0.21304522+0.23648724j,
            0.90380399-0.06663156j,  0.25866492+0.09121959j],
          [ 0.00407013+0.00195457j, -0.01159125-0.04495776j,
           -0.10480995+0.25346287j,  0.6967498 -0.66116202j]],
         input_dims=(2, 2), output_dims=(2, 2))"
"Operator([[ 0.6967498 -6.61162025e-01j,  0.23615426-1.39498100e-01j,
            0.03999129-2.35850285e-02j,  0.00327745-3.10557860e-03j],
          [-0.2615288 +8.26513253e-02j,  0.90380399-6.66315600e-02j,
            0.31242851-6.08515193e-02j,  0.03999129-2.35850285e-02j],
          [ 0.04628706-3.61455891e-03j, -0.31810331-1.11696199e-02j,
            0.90380399-6.66315600e-02j,  0.23615426-1.39498100e-01j],
          [-0.00450205+3.43262470e-04j,  0.04628706-3.61455891e-03j,
           -0.2615288 +8.26513253e-02j,  0.6967498 -6.61162025e-01j]],
         input_dims=(2, 2), output_dims=(2, 2))"
"Operator([[ 0.6967498 -6.61162025e-01j, -0.00987819-2.74100299e-01j,
           -0.04155605-2.07039111e-02j, -0.00302486+3.35209004e-03j],
          [-0.19744842-1.90375090e-01j,  0.90380399-6.66315600e-02j,
            0.09563614-3.03592172e-01j, -0.04155605-2.07039111e-02j],
          [-0.02216878+4.07934105e-02j, -0.14200304-2.84867715e-01j,
            0.90380399-6.66315600e-02j, -0.00987819-2.74100299e-01j],
          [ 0.00451511+9.43870821e-06j, -0.02216878+4.07934105e-02j,
           -0.19744842-1.90375090e-01j,  0.6967498 -6.61162025e-01j]],
         input_dims=(2, 2), output_dims=(2, 2))"
