unitary
"Operator([[ 9.20523801e-01-3.63571888e-01j,
            1.40201049e-01-2.55464422e-02j,
            1.18671143e-02-1.14019112e-03j,
            5.70754943e-04-7.05317866e-05j],
          [-1.38518940e-01+3.34881778e-02j,
            9.75113011e-01-3.95084415e-02j,
            1.64737081e-01-2.07576355e-03j,
            1.18671143e-02-1.14019112e-03j],
          [ 1.16605249e-02-2.48205480e-03j,
           -1.64351607e-01+1.14526847e-02j,
            9.75113011e-01-3.95084415e-02j,
            1.40201049e-01-2.55464422e-02j],
          [-5.50442395e-04+1.66580633e-04j,
            1.16605249e-02-2.48205480e-03j,
           -1.38518940e-01+3.34881778e-02j,
            9.20523801e-01-3.63571888e-01j]],
         input_dims=(2, 2), output_dims=(2, 2))"
"Operator([[ 9.20523801e-01-3.63571888e-01j,
            1.28967387e-01-6.06330596e-02j,
            9.74239795e-03-6.87125314e-03j,
            3.57179636e-04-4.50731234e-04j],
          [-1.42474896e-01-3.13990284e-03j,
            9.75113011e-01-3.95084415e-02j,
            1.58700199e-01-4.42364278e-02j,
            9.74239795e-03-6.87125314e-03j],
          [ 1.13580154e-02+3.62269576e-03j,
           -1.61795597e-01-3.10612233e-02j,
            9.75113011e-01-3.95084415e-02j,
            1.28967387e-01-6.06330596e-02j],
          [-5.09079303e-04-2.67533552e-04j,
            1.13580154e-02+3.62269576e-03j,
           -1.42474896e-01-3.13990284e-03j,
            9.20523801e-01-3.63571888e-01j]],
         input_dims=(2, 2), output_dims=(2, 2))"
"Operator([[ 9.20523801e-01-0.36357189j,  1.14799573e-01-0.0844394j ,
            6.40443366e-03-0.01005543j,  4.94018632e-05-0.00057297j],
          [-1.39175362e-01-0.03064594j,  9.75113011e-01-0.03950844j,
            1.47142931e-01-0.07410515j,  6.40443366e-03-0.01005543j],
          [ 9.13237676e-03+0.00766343j, -1.52728917e-01-0.06177777j,
            9.75113011e-01-0.03950844j,  1.14799573e-01-0.0844394j ],
          [-2.77142674e-04-0.00050391j,  9.13237676e-03+0.00766343j,
           -1.39175362e-01-0.03064594j,  9.20523801e-01-0.36357189j]],
         input_dims=(2, 2), output_dims=(2, 2))"
"Operator([[ 9.20523801e-01-0.36357189j,  1.12493640e-01-0.08748792j,
            5.85604743e-03-0.01038437j,  3.18554200e-06-0.00057509j],
          [-1.38303384e-01-0.03436755j,  9.75113011e-01-0.03950844j,
            1.45102525e-01-0.07802482j,  5.85604743e-03-0.01038437j],
          [ 8.70832542e-03+0.00814208j, -1.51017118e-01-0.06585169j,
            9.75113011e-01-0.03950844j,  1.12493640e-01-0.08748792j],
          [-2.35740437e-04-0.00052456j,  8.70832542e-03+0.00814208j,
           -1.38303384e-01-0.03436755j,  9.20523801e-01-0.36357189j]],
         input_dims=(2, 2), output_dims=(2, 2))"
"Operator([[ 9.20523801e-01-0.36357189j,  2.95292899e-02+0.13941656j,
           -1.17829369e-02+0.00181407j, -1.18990440e-04-0.00056265j],
          [ 2.95292899e-02+0.13941656j,  9.75113011e-01-0.03950844j,
            6.76696943e-03+0.16461113j, -1.17829369e-02+0.00181407j],
          [-1.17829369e-02+0.00181407j,  6.76696943e-03+0.16461113j,
            9.75113011e-01-0.03950844j,  2.95292899e-02+0.13941656j],
          [-1.18990440e-04-0.00056265j, -1.17829369e-02+0.00181407j,
            2.95292899e-02+0.13941656j,  9.20523801e-01-0.36357189j]],
         input_dims=(2, 2), output_dims=(2, 2))"
"Operator([[ 9.20523801e-01-0.36357189j,  2.95292899e-02+0.13941656j,
           -1.17829369e-02+0.00181407j, -1.18990440e-04-0.00056265j],
          [ 2.95292899e-02+0.13941656j,  9.75113011e-01-0.03950844j,
            6.76696943e-03+0.16461113j, -1.17829369e-02+0.00181407j],
          [-1.17829369e-02+0.00181407j,  6.76696943e-03+0.16461113j,
            9.75113011e-01-0.03950844j,  2.95292899e-02+0.13941656j],
          [-1.18990440e-04-0.00056265j, -1.17829369e-02+0.00181407j,
            2.95292899e-02+0.13941656j,  9.20523801e-01-0.36357189j]],
         input_dims=(2, 2), output_dims=(2, 2))"
