unitary
"Operator([[ 8.60421815e-01-0.47311191j,  4.15074198e-03+0.18808864j,
           -2.00472158e-02-0.00641327j,  6.40773350e-04-0.0011957j ],
          [ 9.59736524e-02+0.16181354j,  9.56148263e-01-0.05048357j,
           -4.37762672e-02+0.21325562j, -2.00472158e-02-0.00641327j],
          [-1.58665690e-02+0.01383014j,  6.65803043e-02+0.20727129j,
            9.56148263e-01-0.05048357j,  4.15074198e-03+0.18808864j],
          [-1.17528531e-03-0.00067749j, -1.58665690e-02+0.01383014j,
            9.59736524e-02+0.16181354j,  8.60421815e-01-0.47311191j]],
         input_dims=(2, 2), output_dims=(2, 2))"
"Operator([[ 8.60421815e-01-0.47311191j,  5.17573063e-02+0.18087494j,
           -2.06130761e-02+0.00425699j, -3.72237781e-04-0.0013045j ],
          [ 5.17573063e-02+0.18087494j,  9.56148263e-01-0.05048357j,
            1.17880916e-02+0.21738299j, -2.06130761e-02+0.00425699j],
          [-2.06130761e-02+0.00425699j,  1.17880916e-02+0.21738299j,
            9.56148263e-01-0.05048357j,  5.17573063e-02+0.18087494j],
          [-3.72237781e-04-0.0013045j , -2.06130761e-02+0.00425699j,
            5.17573063e-02+0.18087494j,  8.60421815e-01-0.47311191j]],
         input_dims=(2, 2), output_dims=(2, 2))"
"Operator([[ 8.60421815e-01-0.47311191j,  9.64497631e-02+0.16153021j,
           -1.57848370e-02+0.01392335j, -1.18122483e-03-0.00066708j],
          [ 3.59681924e-03+0.18810005j,  9.56148263e-01-0.05048357j,
            6.71904116e-02+0.20707431j, -1.57848370e-02+0.01392335j],
          [-2.00090953e-02-0.00653123j, -4.44040967e-02+0.21312578j,
            9.56148263e-01-0.05048357j,  9.64497631e-02+0.16153021j],
          [ 6.51311922e-04-0.00118999j, -2.00090953e-02-0.00653123j,
            3.59681924e-03+0.18810005j,  8.60421815e-01-0.47311191j]],
         input_dims=(2, 2), output_dims=(2, 2))"
"Operator([[ 8.60421815e-01-0.47311191j,  9.43555647e-02+0.16276238j,
           -1.61391801e-02+0.01351102j, -1.15449807e-03-0.00071234j],
          [ 6.02582177e-03+0.1880379j ,  9.56148263e-01-0.05048357j,
            6.45104536e-02+0.2079248j , -1.61391801e-02+0.01351102j],
          [-2.01711073e-02-0.00601226j, -4.16478847e-02+0.21368148j,
            9.56148263e-01-0.05048357j,  9.43555647e-02+0.16276238j],
          [ 6.04727264e-04-0.00121433j, -2.01711073e-02-0.00601226j,
            6.02582177e-03+0.1880379j ,  8.60421815e-01-0.47311191j]],
         input_dims=(2, 2), output_dims=(2, 2))"
"Operator([[ 0.86042181-4.73111906e-01j,  0.06222553-1.77545903e-01j,
           -0.01087299-1.80221819e-02j, -0.00135657+1.83881636e-06j],
          [-0.14672567-1.17754587e-01j,  0.95614826-5.04835675e-02j,
            0.11594034-1.84261118e-01j, -0.01087299-1.80221819e-02j],
          [-0.00284411+2.08550212e-02j, -0.13518585-1.70643224e-01j,
            0.95614826-5.04835675e-02j,  0.06222553-1.77545903e-01j],
          [ 0.00115326-7.14337677e-04j, -0.00284411+2.08550212e-02j,
           -0.14672567-1.17754587e-01j,  0.86042181-4.73111906e-01j]],
         input_dims=(2, 2), output_dims=(2, 2))"
"Operator([[ 8.60421815e-01-4.73111906e-01j,
           -1.57501200e-01-1.02897697e-01j,
            1.25467646e-03+2.10106319e-02j,
            8.98019045e-04-1.01678488e-03j],
          [ 7.92290551e-02-1.70637982e-01j,
            9.56148263e-01-5.04835675e-02j,
           -1.51169623e-01-1.56659082e-01j,
            1.25467646e-03+2.10106319e-02j],
          [-7.17116983e-03-1.97887642e-02j,
            1.33342589e-01-1.72087410e-01j,
            9.56148263e-01-5.04835675e-02j,
           -1.57501200e-01-1.02897697e-01j],
          [-1.29937488e-03-3.89762268e-04j,
           -7.17116983e-03-1.97887642e-02j,
            7.92290551e-02-1.70637982e-01j,
            8.60421815e-01-4.73111906e-01j]],
         input_dims=(2, 2), output_dims=(2, 2))"
"Operator([[ 8.60421815e-01-4.73111906e-01j,
           -1.55339783e-01-1.06132540e-01j,
            3.84864374e-04+2.10445420e-02j,
            9.59331371e-04-9.59152241e-04j],
          [ 7.56836249e-02-1.72239813e-01j,
            9.56148263e-01-5.04835675e-02j,
           -1.47897869e-01-1.59751504e-01j,
            3.84864374e-04+2.10445420e-02j],
          [-7.98325502e-03-1.94753307e-02j,
            1.29755617e-01-1.74807902e-01j,
            9.56148263e-01-5.04835675e-02j,
           -1.55339783e-01-1.06132540e-01j],
          [-1.32104012e-03-3.08452121e-04j,
           -7.98325502e-03-1.94753307e-02j,
            7.56836249e-02-1.72239813e-01j,
            8.60421815e-01-4.73111906e-01j]],
         input_dims=(2, 2), output_dims=(2, 2))"
"Operator([[ 8.60421815e-01-0.47311191j,  5.17573063e-02+0.18087494j,
           -2.06130761e-02+0.00425699j, -3.72237781e-04-0.0013045j ],
          [ 5.17573063e-02+0.18087494j,  9.56148263e-01-0.05048357j,
            1.17880916e-02+0.21738299j, -2.06130761e-02+0.00425699j],
          [-2.06130761e-02+0.00425699j,  1.17880916e-02+0.21738299j,
            9.56148263e-01-0.05048357j,  5.17573063e-02+0.18087494j],
          [-3.72237781e-04-0.0013045j , -2.06130761e-02+0.00425699j,
            5.17573063e-02+0.18087494j,  8.60421815e-01-0.47311191j]],
         input_dims=(2, 2), output_dims=(2, 2))"
"Operator([[ 8.60421815e-01-0.47311191j,  5.17573063e-02+0.18087494j,
           -2.06130761e-02+0.00425699j, -3.72237781e-04-0.0013045j ],
          [ 5.17573063e-02+0.18087494j,  9.56148263e-01-0.05048357j,
            1.17880916e-02+0.21738299j, -2.06130761e-02+0.00425699j],
          [-2.06130761e-02+0.00425699j,  1.17880916e-02+0.21738299j,
            9.56148263e-01-0.05048357j,  5.17573063e-02+0.18087494j],
          [-3.72237781e-04-0.0013045j , -2.06130761e-02+0.00425699j,
            5.17573063e-02+0.18087494j,  8.60421815e-01-0.47311191j]],
         input_dims=(2, 2), output_dims=(2, 2))"
