unitary
"Operator([[ 0.59104213+0.42996398j, -0.34289648-0.29384034j,
            0.07328189+0.30364421j, -0.09346142+0.39442992j],
          [-0.34289648-0.29384034j, -0.11622474+0.10198692j,
           -0.32016691+0.75636859j,  0.07328189+0.30364421j],
          [ 0.07328189+0.30364421j, -0.32016691+0.75636859j,
           -0.11622474+0.10198692j, -0.34289648-0.29384034j],
          [-0.09346142+0.39442992j,  0.07328189+0.30364421j,
           -0.34289648-0.29384034j,  0.59104213+0.42996398j]],
         input_dims=(2, 2), output_dims=(2, 2))"
"Operator([[ 0.59104213+0.42996398j,  0.4213878 +0.16233443j,
            0.24821176+0.18963376j, -0.28786062-0.28538792j],
          [ 0.22496556+0.39154902j, -0.11622474+0.10198692j,
            0.04895097-0.81988054j,  0.24821176+0.18963376j],
          [-0.13439375+0.28197227j,  0.55455757-0.60585988j,
           -0.11622474+0.10198692j,  0.4213878 +0.16233443j],
          [ 0.38531131-0.12587769j, -0.13439375+0.28197227j,
            0.22496556+0.39154902j,  0.59104213+0.42996398j]],
         input_dims=(2, 2), output_dims=(2, 2))"
"Operator([[ 0.59104213+0.42996398j, -0.34289648-0.29384034j,
            0.07328189+0.30364421j, -0.09346142+0.39442992j],
          [-0.34289648-0.29384034j, -0.11622474+0.10198692j,
           -0.32016691+0.75636859j,  0.07328189+0.30364421j],
          [ 0.07328189+0.30364421j, -0.32016691+0.75636859j,
           -0.11622474+0.10198692j, -0.34289648-0.29384034j],
          [-0.09346142+0.39442992j,  0.07328189+0.30364421j,
           -0.34289648-0.29384034j,  0.59104213+0.42996398j]],
         input_dims=(2, 2), output_dims=(2, 2))"
"Operator([[ 0.59104213+0.42996398j, -0.4485301 +0.05235356j,
            0.29695164-0.09690081j,  0.31755908-0.25192506j],
          [-0.01696873-0.45125625j, -0.11622474+0.10198692j,
            0.33811563+0.74851728j,  0.29695164-0.09690081j],
          [-0.30846132+0.04921034j, -0.77275794+0.27829025j,
           -0.11622474+0.10198692j, -0.4485301 +0.05235356j],
          [-0.17075302-0.36763216j, -0.30846132+0.04921034j,
           -0.01696873-0.45125625j,  0.59104213+0.42996398j]],
         input_dims=(2, 2), output_dims=(2, 2))"
"Operator([[ 0.59104213+0.42996398j,  0.35665183+0.27698305j,
            0.10215904+0.29518396j,  0.03566765-0.40377942j],
          [ 0.32834514+0.3100155j , -0.11622474+0.10198692j,
            0.28336345-0.77091209j,  0.10215904+0.29518396j],
          [ 0.04372467+0.30928659j,  0.35622714-0.74006927j,
           -0.11622474+0.10198692j,  0.35665183+0.27698305j],
          [ 0.14930558-0.37685255j,  0.04372467+0.30928659j,
            0.32834514+0.3100155j ,  0.59104213+0.42996398j]],
         input_dims=(2, 2), output_dims=(2, 2))"
"Operator([[ 0.59104213+0.42996398j,  0.26946708+0.36236395j,
           -0.06478917+0.30556898j,  0.31784564-0.25156341j],
          [ 0.39936375+0.21078126j, -0.11622474+0.10198692j,
            0.47943025-0.6668935j , -0.06478917+0.30556898j],
          [ 0.19703206+0.24238071j,  0.1450658 -0.80842823j,
           -0.11622474+0.10198692j,  0.26946708+0.36236395j],
          [-0.1711714 -0.36743755j,  0.19703206+0.24238071j,
            0.39936375+0.21078126j,  0.59104213+0.42996398j]],
         input_dims=(2, 2), output_dims=(2, 2))"
"Operator([[ 0.59104213+0.42996398j,  0.16932331-0.41862842j,
           -0.24176467-0.19778747j,  0.29939602-0.27326183j],
          [-0.38775168+0.23144929j, -0.11622474+0.10198692j,
           -0.81895256-0.06258596j, -0.24176467-0.19778747j],
          [ 0.12493732-0.2862878j ,  0.61500314+0.54440006j,
           -0.11622474+0.10198692j,  0.16932331-0.41862842j],
          [-0.14494706-0.37855033j,  0.12493732-0.2862878j ,
           -0.38775168+0.23144929j,  0.59104213+0.42996398j]],
         input_dims=(2, 2), output_dims=(2, 2))"
