unitary
"Operator([[ 9.20523801e-01-0.36357189j,  2.95292899e-02+0.13941656j,
           -1.17829369e-02+0.00181407j, -1.18990440e-04-0.00056265j],
          [ 2.95292899e-02+0.13941656j,  9.75113011e-01-0.03950844j,
            6.76696943e-03+0.16461113j, -1.17829369e-02+0.00181407j],
          [-1.17829369e-02+0.00181407j,  6.76696943e-03+0.16461113j,
            9.75113011e-01-0.03950844j,  2.95292899e-02+0.13941656j],
          [-1.18990440e-04-0.00056265j, -1.17829369e-02+0.00181407j,
            2.95292899e-02+0.13941656j,  9.20523801e-01-0.36357189j]],
         input_dims=(2, 2), output_dims=(2, 2))"
"Operator([[ 9.20523801e-01-0.36357189j,  2.95292899e-02+0.13941656j,
           -1.17829369e-02+0.00181407j, -1.18990440e-04-0.00056265j],
          [ 2.95292899e-02+0.13941656j,  9.75113011e-01-0.03950844j,
            6.76696943e-03+0.16461113j, -1.17829369e-02+0.00181407j],
          [-1.17829369e-02+0.00181407j,  6.76696943e-03+0.16461113j,
            9.75113011e-01-0.03950844j,  2.95292899e-02+0.13941656j],
          [-1.18990440e-04-0.00056265j, -1.17829369e-02+0.00181407j,
            2.95292899e-02+0.13941656j,  9.20523801e-01-0.36357189j]],
         input_dims=(2, 2), output_dims=(2, 2))"
"Operator([[ 9.20523801e-01-0.36357189j,  2.95292899e-02+0.13941656j,
           -1.17829369e-02+0.00181407j, -1.18990440e-04-0.00056265j],
          [ 2.95292899e-02+0.13941656j,  9.75113011e-01-0.03950844j,
            6.76696943e-03+0.16461113j, -1.17829369e-02+0.00181407j],
          [-1.17829369e-02+0.00181407j,  6.76696943e-03+0.16461113j,
            9.75113011e-01-0.03950844j,  2.95292899e-02+0.13941656j],
          [-1.18990440e-04-0.00056265j, -1.17829369e-02+0.00181407j,
            2.95292899e-02+0.13941656j,  9.20523801e-01-0.36357189j]],
         input_dims=(2, 2), output_dims=(2, 2))"
"Operator([[ 9.20523801e-01-3.63571888e-01j,
            6.23006021e-02+1.28170160e-01j,
           -9.56090205e-03+7.12162829e-03j,
           -4.64284288e-04-3.39375954e-04j],
          [-4.98746654e-03+1.42422190e-01j,
            9.75113011e-01-3.95084415e-02j,
            4.62909690e-02+1.58113127e-01j,
           -9.56090205e-03+7.12162829e-03j],
          [-1.12602332e-02-3.91606775e-03j,
           -3.31570184e-02+1.61379140e-01j,
            9.75113011e-01-3.95084415e-02j,
            6.23006021e-02+1.28170160e-01j],
          [ 2.87134127e-04-4.98286997e-04j,
           -1.12602332e-02-3.91606775e-03j,
           -4.98746654e-03+1.42422190e-01j,
            9.20523801e-01-3.63571888e-01j]],
         input_dims=(2, 2), output_dims=(2, 2))"
"Operator([[ 9.20523801e-01-0.36357189j,  2.95292899e-02+0.13941656j,
           -1.17829369e-02+0.00181407j, -1.18990440e-04-0.00056265j],
          [ 2.95292899e-02+0.13941656j,  9.75113011e-01-0.03950844j,
            6.76696943e-03+0.16461113j, -1.17829369e-02+0.00181407j],
          [-1.17829369e-02+0.00181407j,  6.76696943e-03+0.16461113j,
            9.75113011e-01-0.03950844j,  2.95292899e-02+0.13941656j],
          [-1.18990440e-04-0.00056265j, -1.17829369e-02+0.00181407j,
            2.95292899e-02+0.13941656j,  9.20523801e-01-0.36357189j]],
         input_dims=(2, 2), output_dims=(2, 2))"
"Operator([[ 9.20523801e-01-0.36357189j,  2.95292899e-02+0.13941656j,
           -1.17829369e-02+0.00181407j, -1.18990440e-04-0.00056265j],
          [ 2.95292899e-02+0.13941656j,  9.75113011e-01-0.03950844j,
            6.76696943e-03+0.16461113j, -1.17829369e-02+0.00181407j],
          [-1.17829369e-02+0.00181407j,  6.76696943e-03+0.16461113j,
            9.75113011e-01-0.03950844j,  2.95292899e-02+0.13941656j],
          [-1.18990440e-04-0.00056265j, -1.17829369e-02+0.00181407j,
            2.95292899e-02+0.13941656j,  9.20523801e-01-0.36357189j]],
         input_dims=(2, 2), output_dims=(2, 2))"
"Operator([[ 9.20523801e-01-0.36357189j,  3.71619311e-02+0.13757887j,
           -1.15119803e-02+0.00309883j, -2.09945920e-04-0.00053541j],
          [ 2.18070323e-02+0.14083113j,  9.75113011e-01-0.03950844j,
            1.58215757e-02+0.1639887j , -1.15119803e-02+0.00309883j],
          [-1.19109650e-02+0.0005073j , -2.30817349e-03+0.16473399j,
            9.75113011e-01-0.03950844j,  3.71619311e-02+0.13757887j],
          [-2.47914864e-05-0.00057456j, -1.19109650e-02+0.0005073j ,
            2.18070323e-02+0.14083113j,  9.20523801e-01-0.36357189j]],
         input_dims=(2, 2), output_dims=(2, 2))"
"Operator([[ 9.20523801e-01-3.63571888e-01j,
           -1.30557558e-01+5.71286178e-02j,
            1.00991270e-02-6.33530350e-03j,
           -3.92484109e-04+4.20347669e-04j],
          [ 1.42507730e-01-7.08301489e-04j,
            9.75113011e-01-3.95084415e-02j,
           -1.59836792e-01+3.99351290e-02j,
            1.00991270e-02-6.33530350e-03j],
          [ 1.15370196e-02+3.00426619e-03j,
            1.62575309e-01+2.66811474e-02j,
            9.75113011e-01-3.95084415e-02j,
           -1.30557558e-01+5.71286178e-02j],
          [ 5.29060057e-04+2.25458188e-04j,
            1.15370196e-02+3.00426619e-03j,
            1.42507730e-01-7.08301489e-04j,
            9.20523801e-01-3.63571888e-01j]],
         input_dims=(2, 2), output_dims=(2, 2))"
"Operator([[ 9.20523801e-01-0.36357189j,  1.38953072e-01+0.03163856j,
            9.02204924e-03+0.00779301j,  2.66289416e-04+0.00050973j],
          [-1.14193939e-01+0.08525667j,  9.75113011e-01-0.03950844j,
            1.52284070e-01+0.06286634j,  9.02204924e-03+0.00779301j],
          [ 6.26023782e-03-0.01014583j, -1.46610236e-01+0.07515353j,
            9.75113011e-01-0.03950844j,  1.38953072e-01+0.03163856j],
          [-3.71221525e-05+0.0005739j ,  6.26023782e-03-0.01014583j,
           -1.14193939e-01+0.08525667j,  9.20523801e-01-0.36357189j]],
         input_dims=(2, 2), output_dims=(2, 2))"
"Operator([[ 9.20523801e-01-0.36357189j,  1.39888385e-01+0.02720652j,
            9.49891269e-03+0.0072041j ,  3.13613376e-04+0.00048206j],
          [-1.16845792e-01+0.08158441j,  9.75113011e-01-0.03950844j,
            1.54205097e-01+0.05799485j,  9.49891269e-03+0.0072041j ],
          [ 6.89215416e-03-0.00972762j, -1.48924627e-01+0.07045616j,
            9.75113011e-01-0.03950844j,  1.39888385e-01+0.02720652j],
          [-9.15967904e-05+0.00056776j,  6.89215416e-03-0.00972762j,
           -1.16845792e-01+0.08158441j,  9.20523801e-01-0.36357189j]],
         input_dims=(2, 2), output_dims=(2, 2))"
"Operator([[ 9.20523801e-01-0.36357189j,  1.40320771e-01+0.02488044j,
            9.73283900e-03+0.00688479j,  3.37224178e-04+0.00046585j],
          [-1.18184098e-01+0.07963337j,  9.75113011e-01-0.03950844j,
            1.55146637e-01+0.05542685j,  9.73283900e-03+0.00688479j],
          [ 7.21129330e-03-0.00949345j, -1.50073769e-01+0.0679741j ,
            9.75113011e-01-0.03950844j,  1.40320771e-01+0.02488044j],
          [-1.19749261e-04+0.00056249j,  7.21129330e-03-0.00949345j,
           -1.18184098e-01+0.07963337j,  9.20523801e-01-0.36357189j]],
         input_dims=(2, 2), output_dims=(2, 2))"
"Operator([[ 9.20523801e-01-0.36357189j,  1.40298263e-01+0.02500705j,
            9.72039831e-03+0.00690234j,  3.35961878e-04+0.00046676j],
          [-1.18112194e-01+0.07973998j,  9.75113011e-01-0.03950844j,
            1.55096559e-01+0.05556682j,  9.72039831e-03+0.00690234j],
          [ 7.19414890e-03-0.00950645j, -1.50012372e-01+0.06810949j,
            9.75113011e-01-0.03950844j,  1.40298263e-01+0.02500705j],
          [-1.18226148e-04+0.00056281j,  7.19414890e-03-0.00950645j,
           -1.18112194e-01+0.07973998j,  9.20523801e-01-0.36357189j]],
         input_dims=(2, 2), output_dims=(2, 2))"
