unitary
"Operator([[ 0.62259735-0.7185402j ,  0.30437321+0.00099983j,
            0.04771941+0.03332486j,  0.00366219+0.00523161j],
          [-0.17708725+0.24755637j,  0.87971529-0.07024829j,
            0.32724254+0.13433829j,  0.04771941+0.03332486j],
          [ 0.01575733-0.05603031j, -0.29903365+0.1889797j ,
            0.87971529-0.07024829j,  0.30437321+0.00099983j],
          [ 0.00206053+0.00604447j,  0.01575733-0.05603031j,
           -0.17708725+0.24755637j,  0.62259735-0.7185402j ]],
         input_dims=(2, 2), output_dims=(2, 2))"
"Operator([[ 0.62259735-0.7185402j ,  0.13873702+0.27091713j,
           -0.05480338+0.01960301j, -0.00289008-0.00569463j],
          [ 0.13873702+0.27091713j,  0.87971529-0.07024829j,
            0.03074665+0.35240473j, -0.05480338+0.01960301j],
          [-0.05480338+0.01960301j,  0.03074665+0.35240473j,
            0.87971529-0.07024829j,  0.13873702+0.27091713j],
          [-0.00289008-0.00569463j, -0.05480338+0.01960301j,
            0.13873702+0.27091713j,  0.62259735-0.7185402j ]],
         input_dims=(2, 2), output_dims=(2, 2))"
"Operator([[ 0.62259735-0.7185402j ,  0.27620575-0.12788447j,
            0.05618454-0.01519824j,  0.00599746-0.00219359j],
          [-0.2652023 +0.14937132j,  0.87971529-0.07024829j,
            0.35334682-0.01674758j,  0.05618454-0.01519824j],
          [ 0.0530775 -0.02388448j, -0.35090825+0.04469734j,
            0.87971529-0.07024829j,  0.27620575-0.12788447j],
          [-0.00531126+0.00354569j,  0.0530775 -0.02388448j,
           -0.2652023 +0.14937132j,  0.62259735-0.7185402j ]],
         input_dims=(2, 2), output_dims=(2, 2))"
"Operator([[ 0.62259735-0.7185402j ,  0.18072648-0.24491221j,
            0.01740638-0.05554014j, -0.00179059-0.00612986j],
          [-0.30435475+0.00349853j,  0.87971529-0.07024829j,
            0.30179387-0.18453973j,  0.01740638-0.05554014j],
          [ 0.04868346+0.03189999j, -0.32919215-0.12948739j,
            0.87971529-0.07024829j,  0.18072648-0.24491221j],
          [-0.00389047-0.00506415j,  0.04868346+0.03189999j,
           -0.30435475+0.00349853j,  0.62259735-0.7185402j ]],
         input_dims=(2, 2), output_dims=(2, 2))"
"Operator([[ 6.22597347e-01-0.7185402j ,  8.76946842e-02+0.29146817j,
           -5.81938581e-02-0.00107871j,  4.68554755e-04-0.00636882j],
          [ 1.85245351e-01+0.24151234j,  8.79715286e-01-0.07024829j,
           -3.32019476e-02+0.35218189j, -5.81938581e-02-0.00107871j],
          [-4.43074019e-02+0.03774312j,  9.36904249e-02+0.34111077j,
            8.79715286e-01-0.07024829j,  8.76946842e-02+0.29146817j],
          [-5.41708395e-03-0.0033818j , -4.43074019e-02+0.03774312j,
            1.85245351e-01+0.24151234j,  6.22597347e-01-0.7185402j ]],
         input_dims=(2, 2), output_dims=(2, 2))"
"Operator([[ 0.62259735-0.7185402j ,  0.13873702+0.27091713j,
           -0.05480338+0.01960301j, -0.00289008-0.00569463j],
          [ 0.13873702+0.27091713j,  0.87971529-0.07024829j,
            0.03074665+0.35240473j, -0.05480338+0.01960301j],
          [-0.05480338+0.01960301j,  0.03074665+0.35240473j,
            0.87971529-0.07024829j,  0.13873702+0.27091713j],
          [-0.00289008-0.00569463j, -0.05480338+0.01960301j,
            0.13873702+0.27091713j,  0.62259735-0.7185402j ]],
         input_dims=(2, 2), output_dims=(2, 2))"
"Operator([[ 0.62259735-7.18540202e-01j, -0.29136163+8.80479993e-02j,
            0.0581963 +9.37601027e-04j, -0.00637048-4.45386810e-04j],
          [ 0.24173676-1.84952403e-01j,  0.87971529-7.02482895e-02j,
           -0.35222189-3.27749337e-02j,  0.0581963 +9.37601027e-04j],
          [ 0.04439879-3.76355684e-02j,  0.34122411-9.32767893e-02j,
            0.87971529-7.02482895e-02j, -0.29136163+8.80479993e-02j],
          [ 0.00340148-5.40474773e-03j,  0.04439879-3.76355684e-02j,
            0.24173676-1.84952403e-01j,  0.62259735-7.18540202e-01j]],
         input_dims=(2, 2), output_dims=(2, 2))"
"Operator([[ 0.62259735-0.7185402j ,  0.13873702+0.27091713j,
           -0.05480338+0.01960301j, -0.00289008-0.00569463j],
          [ 0.13873702+0.27091713j,  0.87971529-0.07024829j,
            0.03074665+0.35240473j, -0.05480338+0.01960301j],
          [-0.05480338+0.01960301j,  0.03074665+0.35240473j,
            0.87971529-0.07024829j,  0.13873702+0.27091713j],
          [-0.00289008-0.00569463j, -0.05480338+0.01960301j,
            0.13873702+0.27091713j,  0.62259735-0.7185402j ]],
         input_dims=(2, 2), output_dims=(2, 2))"
