unitary
"Operator([[ 0.37794656+0.62263254j, -0.21715476-0.37432295j,
            0.05907815+0.36311297j, -0.17124007+0.34285104j],
          [-0.21715476-0.37432295j, -0.05533329+0.17745746j,
           -0.28555364+0.74919362j,  0.05907815+0.36311297j],
          [ 0.05907815+0.36311297j, -0.28555364+0.74919362j,
           -0.05533329+0.17745746j, -0.21715476-0.37432295j],
          [-0.17124007+0.34285104j,  0.05907815+0.36311297j,
           -0.21715476-0.37432295j,  0.37794656+0.62263254j]],
         input_dims=(2, 2), output_dims=(2, 2))"
"Operator([[ 0.37794656+0.62263254j,  0.08446979+0.42442751j,
           -0.17545845+0.32335057j,  0.38048452-0.04584244j],
          [ 0.32651434+0.28401099j, -0.05533329+0.17745746j,
            0.51243909-0.61663452j, -0.17545845+0.32335057j],
          [ 0.26891318+0.25105171j,  0.02799582-0.8012791j ,
           -0.05533329+0.17745746j,  0.08446979+0.42442751j],
          [-0.19190399-0.33172708j,  0.26891318+0.25105171j,
            0.32651434+0.28401099j,  0.37794656+0.62263254j]],
         input_dims=(2, 2), output_dims=(2, 2))"
"Operator([[ 0.37794656+0.62263254j, -0.04393461-0.43051552j,
           -0.2332289 +0.28450929j, -0.37807163-0.06270439j],
          [-0.35192071-0.25184454j, -0.05533329+0.17745746j,
           -0.56848187+0.56538511j, -0.2332289 +0.28450929j],
          [ 0.31139108+0.19590011j,  0.047941  +0.80033344j,
           -0.05533329+0.17745746j, -0.04393461-0.43051552j],
          [ 0.27723564+0.26459478j,  0.31139108+0.19590011j,
           -0.35192071-0.25184454j,  0.37794656+0.62263254j]],
         input_dims=(2, 2), output_dims=(2, 2))"
"Operator([[ 0.37794656+0.62263254j, -0.21715476-0.37432295j,
            0.05907815+0.36311297j, -0.17124007+0.34285104j],
          [-0.21715476-0.37432295j, -0.05533329+0.17745746j,
           -0.28555364+0.74919362j,  0.05907815+0.36311297j],
          [ 0.05907815+0.36311297j, -0.28555364+0.74919362j,
           -0.05533329+0.17745746j, -0.21715476-0.37432295j],
          [-0.17124007+0.34285104j,  0.05907815+0.36311297j,
           -0.21715476-0.37432295j,  0.37794656+0.62263254j]],
         input_dims=(2, 2), output_dims=(2, 2))"
"Operator([[ 0.37794656+0.62263254j,  0.38372533+0.20007181j,
            0.35350887+0.10184664j, -0.36123325-0.12798649j],
          [-0.01679678+0.4324254j , -0.05533329+0.17745746j,
           -0.15956373-0.78572984j,  0.35350887+0.10184664j],
          [-0.30298998+0.20865841j,  0.64206655-0.48019007j,
           -0.05533329+0.17745746j,  0.38372533+0.20007181j],
          [ 0.3193127 +0.21191837j, -0.30298998+0.20865841j,
           -0.01679678+0.4324254j ,  0.37794656+0.62263254j]],
         input_dims=(2, 2), output_dims=(2, 2))"
