unitary
"Operator([[ 9.05698036e-01-3.94281058e-01j,
           -7.33848133e-03+1.54914458e-01j,
           -1.31346094e-02-5.30081576e-03j,
            4.19826053e-04-6.16344531e-04j],
          [ 7.47462884e-02+1.35887214e-01j,
            9.70446769e-01-4.26584628e-02j,
           -4.09560808e-02+1.74593713e-01j,
           -1.31346094e-02-5.30081576e-03j],
          [-1.06777283e-02+9.30605880e-03j,
            5.63803200e-02+1.70239904e-01j,
            9.70446769e-01-4.26584628e-02j,
           -7.33848133e-03+1.54914458e-01j],
          [-6.47879878e-04-3.69304967e-04j,
           -1.06777283e-02+9.30605880e-03j,
            7.47462884e-02+1.35887214e-01j,
            9.05698036e-01-3.94281058e-01j]],
         input_dims=(2, 2), output_dims=(2, 2))"
"Operator([[ 9.05698036e-01-0.39428106j,  3.50208811e-02+0.15108236j,
           -1.39677146e-02+0.00234937j, -1.68104948e-04-0.00072655j],
          [ 3.50208811e-02+0.15108236j,  9.70446769e-01-0.04265846j,
            8.01347011e-03+0.17915398j, -1.39677146e-02+0.00234937j],
          [-1.39677146e-02+0.00234937j,  8.01347011e-03+0.17915398j,
            9.70446769e-01-0.04265846j,  3.50208811e-02+0.15108236j],
          [-1.68104948e-04-0.00072655j, -1.39677146e-02+0.00234937j,
            3.50208811e-02+0.15108236j,  9.05698036e-01-0.39428106j]],
         input_dims=(2, 2), output_dims=(2, 2))"
"Operator([[ 9.05698036e-01-0.39428106j,  6.79057600e-02+0.13943153j,
           -1.15482178e-02+0.00820093j, -5.85857819e-04-0.00046142j],
          [ 3.63787294e-04+0.15508775j,  9.70446769e-01-0.04265846j,
            4.78564624e-02+0.17282976j, -1.15482178e-02+0.00820093j],
          [-1.35956622e-02-0.00397172j, -3.22350400e-02+0.17641221j,
            9.70446769e-01-0.04265846j,  6.79057600e-02+0.13943153j],
          [ 3.23648625e-04-0.00067185j, -1.35956622e-02-0.00397172j,
            3.63787294e-04+0.15508775j,  9.05698036e-01-0.39428106j]],
         input_dims=(2, 2), output_dims=(2, 2))"
"Operator([[ 9.05698036e-01-0.39428106j,  3.50208811e-02+0.15108236j,
           -1.39677146e-02+0.00234937j, -1.68104948e-04-0.00072655j],
          [ 3.50208811e-02+0.15108236j,  9.70446769e-01-0.04265846j,
            8.01347011e-03+0.17915398j, -1.39677146e-02+0.00234937j],
          [-1.39677146e-02+0.00234937j,  8.01347011e-03+0.17915398j,
            9.70446769e-01-0.04265846j,  3.50208811e-02+0.15108236j],
          [-1.68104948e-04-0.00072655j, -1.39677146e-02+0.00234937j,
            3.50208811e-02+0.15108236j,  9.05698036e-01-0.39428106j]],
         input_dims=(2, 2), output_dims=(2, 2))"
"Operator([[ 9.05698036e-01-3.94281058e-01j,
            1.01917643e-01+1.16897975e-01j,
           -5.84811063e-03+1.29002408e-02j,
           -7.39983522e-04+9.25142231e-05j],
          [-4.00933362e-02+1.49816110e-01j,
            9.70446769e-01-4.26584628e-02j,
            9.12718642e-02+1.54369077e-01j,
           -5.84811063e-03+1.29002408e-02j],
          [-9.74656569e-03-1.02772111e-02j,
           -7.71252404e-02+1.61901398e-01j,
            9.70446769e-01-4.26584628e-02j,
            1.01917643e-01+1.16897975e-01j],
          [ 7.05416287e-04-2.41913945e-04j,
           -9.74656569e-03-1.02772111e-02j,
           -4.00933362e-02+1.49816110e-01j,
            9.05698036e-01-3.94281058e-01j]],
         input_dims=(2, 2), output_dims=(2, 2))"
"Operator([[ 9.05698036e-01-3.94281058e-01j,
            5.20790431e-02-1.46082565e-01j,
           -7.96206560e-03-1.17141847e-02j,
           -7.42893513e-04+6.51438703e-05j],
          [-1.11038402e-01-1.08271952e-01j,
            9.70446769e-01-4.26584628e-02j,
            8.99670788e-02-1.55133136e-01j,
           -7.96206560e-03-1.17141847e-02j],
          [-3.69170523e-03+1.36743528e-02j,
           -1.03458146e-01-1.46481321e-01j,
            9.70446769e-01-4.26584628e-02j,
            5.20790431e-02-1.46082565e-01j],
          [ 6.96008543e-04-2.67780886e-04j,
           -3.69170523e-03+1.36743528e-02j,
           -1.11038402e-01-1.08271952e-01j,
            9.05698036e-01-3.94281058e-01j]],
         input_dims=(2, 2), output_dims=(2, 2))"
"Operator([[ 9.05698036e-01-0.39428106j, -1.50612668e-01-0.03698874j,
            1.01629191e-02+0.00986568j, -2.85157721e-04-0.00068907j],
          [ 1.18979198e-01-0.09948011j,  9.70446769e-01-0.04265846j,
           -1.63460660e-01-0.07376298j,  1.01629191e-02+0.00986568j],
          [ 6.37618356e-03-0.01264756j,  1.56222297e-01-0.08806225j,
            9.70446769e-01-0.04265846j, -1.50612668e-01-0.03698874j],
          [-4.64860234e-05-0.00074429j,  6.37618356e-03-0.01264756j,
            1.18979198e-01-0.09948011j,  9.05698036e-01-0.39428106j]],
         input_dims=(2, 2), output_dims=(2, 2))"
"Operator([[ 9.05698036e-01-0.39428106j, -1.52694461e-01-0.02714303j,
            1.13543919e-02+0.00846725j, -4.13085253e-04-0.00062088j],
          [ 1.25180403e-01-0.09155441j,  9.70446769e-01-0.04265846j,
           -1.67900362e-01-0.06300662j,  1.13543919e-02+0.00846725j],
          [ 7.95958352e-03-0.01171587j,  1.61604602e-01-0.07774521j,
            9.70446769e-01-0.04265846j, -1.52694461e-01-0.02714303j],
          [ 9.83915222e-05-0.00073923j,  7.95958352e-03-0.01171587j,
            1.25180403e-01-0.09155441j,  9.05698036e-01-0.39428106j]],
         input_dims=(2, 2), output_dims=(2, 2))"
"Operator([[ 9.05698036e-01-0.39428106j, -1.51789028e-01-0.03181876j,
            1.08132480e-02+0.00914824j, -3.54212131e-04-0.00065625j],
          [ 1.22310174e-01-0.09535494j,  9.70446769e-01-0.04265846j,
           -1.65886558e-01-0.06813234j,  1.08132480e-02+0.00914824j],
          [ 7.22543558e-03-0.01218235j,  1.59141213e-01-0.08267067j,
            9.70446769e-01-0.04265846j, -1.51789028e-01-0.03181876j],
          [ 2.99654986e-05-0.00074514j,  7.22543558e-03-0.01218235j,
            1.22310174e-01-0.09535494j,  9.05698036e-01-0.39428106j]],
         input_dims=(2, 2), output_dims=(2, 2))"
"Operator([[ 9.05698036e-01-0.39428106j,  3.50208811e-02+0.15108236j,
           -1.39677146e-02+0.00234937j, -1.68104948e-04-0.00072655j],
          [ 3.50208811e-02+0.15108236j,  9.70446769e-01-0.04265846j,
            8.01347011e-03+0.17915398j, -1.39677146e-02+0.00234937j],
          [-1.39677146e-02+0.00234937j,  8.01347011e-03+0.17915398j,
            9.70446769e-01-0.04265846j,  3.50208811e-02+0.15108236j],
          [-1.68104948e-04-0.00072655j, -1.39677146e-02+0.00234937j,
            3.50208811e-02+0.15108236j,  9.05698036e-01-0.39428106j]],
         input_dims=(2, 2), output_dims=(2, 2))"
"Operator([[ 9.05698036e-01-3.94281058e-01j,
           -1.53739832e-01+2.04060400e-02j,
            1.41594953e-02+3.53984369e-04j,
           -7.44398760e-04-4.47770171e-05j],
          [ 1.47038867e-01-4.93144414e-02j,
            9.70446769e-01-4.26584628e-02j,
           -1.79098862e-01-9.16312825e-03j,
            1.41594953e-02+3.53984369e-04j],
          [ 1.32645514e-02-4.96671805e-03j,
            1.77565549e-01-2.51165530e-02j,
            9.70446769e-01-4.26584628e-02j,
           -1.53739832e-01+2.04060400e-02j],
          [ 6.49079786e-04-3.67191947e-04j,
            1.32645514e-02-4.96671805e-03j,
            1.47038867e-01-4.93144414e-02j,
            9.05698036e-01-3.94281058e-01j]],
         input_dims=(2, 2), output_dims=(2, 2))"
