unitary
"Operator([[ 0.21267304-0.87021537j,  0.28390506+0.31660435j,
           -0.1102199 +0.06353963j, -0.01424286-0.01632255j],
          [ 0.28390506+0.31660435j,  0.74105272-0.0656797j ,
            0.05904052+0.49599915j, -0.1102199 +0.06353963j],
          [-0.1102199 +0.06353963j,  0.05904052+0.49599915j,
            0.74105272-0.0656797j ,  0.28390506+0.31660435j],
          [-0.01424286-0.01632255j, -0.1102199 +0.06353963j,
            0.28390506+0.31660435j,  0.21267304-0.87021537j]],
         input_dims=(2, 2), output_dims=(2, 2))"
"Operator([[ 0.21267304-0.87021537j,  0.42328941+0.04082242j,
            0.05412679+0.1151347j , -0.00415867+0.02126006j],
          [-0.00538107+0.42521929j,  0.74105272-0.0656797j ,
            0.37923601+0.32508612j,  0.05412679+0.1151347j ],
          [-0.07250982-0.10453725j, -0.29232834+0.40502478j,
            0.74105272-0.0656797j ,  0.42328941+0.04082242j],
          [ 0.02162743-0.00124057j, -0.07250982-0.10453725j,
           -0.00538107+0.42521929j,  0.21267304-0.87021537j]],
         input_dims=(2, 2), output_dims=(2, 2))"
"Operator([[ 0.21267304-0.87021537j,  0.28390506+0.31660435j,
           -0.1102199 +0.06353963j, -0.01424286-0.01632255j],
          [ 0.28390506+0.31660435j,  0.74105272-0.0656797j ,
            0.05904052+0.49599915j, -0.1102199 +0.06353963j],
          [-0.1102199 +0.06353963j,  0.05904052+0.49599915j,
            0.74105272-0.0656797j ,  0.28390506+0.31660435j],
          [-0.01424286-0.01632255j, -0.1102199 +0.06353963j,
            0.28390506+0.31660435j,  0.21267304-0.87021537j]],
         input_dims=(2, 2), output_dims=(2, 2))"
"Operator([[ 0.21267304-0.87021537j, -0.08451286+0.41677089j,
           -0.02920331-0.12382599j,  0.0189595 +0.0104796j ],
          [ 0.42348335-0.03875884j,  0.74105272-0.0656797j ,
           -0.36267294+0.34346656j, -0.02920331-0.12382599j],
          [ 0.09252091+0.08732463j,  0.43316479+0.2487352j ,
            0.74105272-0.0656797j , -0.08451286+0.41677089j],
          [ 0.00781487+0.02020427j,  0.09252091+0.08732463j,
            0.42348335-0.03875884j,  0.21267304-0.87021537j]],
         input_dims=(2, 2), output_dims=(2, 2))"
"Operator([[ 0.21267304-0.87021537j,  0.40422926-0.1320572j ,
            0.1212541 +0.03851173j,  0.01871   +0.01091882j],
          [-0.1751689 +0.3875j    ,  0.74105272-0.0656797j ,
            0.47766632+0.14606787j,  0.1212541 +0.03851173j],
          [ 0.02743706-0.12422929j, -0.43003123+0.25411429j,
            0.74105272-0.0656797j ,  0.40422926-0.1320572j ],
          [ 0.00828383+0.02001657j,  0.02743706-0.12422929j,
           -0.1751689 +0.3875j    ,  0.21267304-0.87021537j]],
         input_dims=(2, 2), output_dims=(2, 2))"
"Operator([[ 0.21267304-0.87021537j, -0.24514225-0.34748478j,
           -0.1219205 +0.03634696j,  0.00778598+0.02021542j],
          [-0.3188119 -0.28142383j,  0.74105272-0.0656797j ,
           -0.00093335-0.49949981j, -0.1219205 +0.03634696j],
          [-0.09255164+0.08729206j, -0.1163458 -0.48576187j,
            0.74105272-0.0656797j , -0.24514225-0.34748478j],
          [ 0.01897447+0.01045248j, -0.09255164+0.08729206j,
           -0.3188119 -0.28142383j,  0.21267304-0.87021537j]],
         input_dims=(2, 2), output_dims=(2, 2))"
"Operator([[ 0.21267304-0.87021537j, -0.05573985-0.42158447j,
           -0.09923269-0.07961522j, -0.01911785+0.01018787j],
          [-0.41303938-0.10118728j,  0.74105272-0.0656797j ,
            0.23113319-0.44280739j, -0.09923269-0.07961522j],
          [ 0.01916834+0.12577076j, -0.3286199 -0.37617802j,
            0.74105272-0.0656797j , -0.05573985-0.42158447j],
          [ 0.01268357-0.01756166j,  0.01916834+0.12577076j,
           -0.41303938-0.10118728j,  0.21267304-0.87021537j]],
         input_dims=(2, 2), output_dims=(2, 2))"
