unitary
"Operator([[ 0.86042181-4.73111906e-01j,  0.18065847-5.25079174e-02j,
            0.02057701-4.42802715e-03j,  0.00129977-3.88458815e-04j],
          [-0.1810883 +5.10058028e-02j,  0.95614826-5.04835675e-02j,
            0.21733217-1.26906417e-02j,  0.02057701-4.42802715e-03j],
          [ 0.02064772-4.08565871e-03j, -0.21743006+1.08853382e-02j,
            0.95614826-5.04835675e-02j,  0.18065847-5.25079174e-02j],
          [-0.00130904+3.55958984e-04j,  0.02064772-4.08565871e-03j,
           -0.1810883 +5.10058028e-02j,  0.86042181-4.73111906e-01j]],
         input_dims=(2, 2), output_dims=(2, 2))"
"Operator([[ 8.60421815e-01-0.47311191j,  5.17573063e-02+0.18087494j,
           -2.06130761e-02+0.00425699j, -3.72237781e-04-0.0013045j ],
          [ 5.17573063e-02+0.18087494j,  9.56148263e-01-0.05048357j,
            1.17880916e-02+0.21738299j, -2.06130761e-02+0.00425699j],
          [-2.06130761e-02+0.00425699j,  1.17880916e-02+0.21738299j,
            9.56148263e-01-0.05048357j,  5.17573063e-02+0.18087494j],
          [-3.72237781e-04-0.0013045j , -2.06130761e-02+0.00425699j,
            5.17573063e-02+0.18087494j,  8.60421815e-01-0.47311191j]],
         input_dims=(2, 2), output_dims=(2, 2))"
"Operator([[ 8.60421815e-01-0.47311191j,  1.30334778e-01-0.13567391j,
            6.49323915e-03-0.02002146j, -3.84610273e-04-0.00130091j],
          [-1.82375628e-01-0.04619193j,  9.56148263e-01-0.05048357j,
            1.81987815e-01-0.11947702j,  6.49323915e-03-0.02002146j],
          [ 1.38933674e-02+0.01581124j, -1.93840485e-01-0.09909687j,
            9.56148263e-01-0.05048357j,  1.30334778e-01-0.13567391j],
          [-3.59831713e-04-0.00130798j,  1.38933674e-02+0.01581124j,
           -1.82375628e-01-0.04619193j,  8.60421815e-01-0.47311191j]],
         input_dims=(2, 2), output_dims=(2, 2))"
"Operator([[ 8.60421815e-01-0.47311191j,  5.17573063e-02+0.18087494j,
           -2.06130761e-02+0.00425699j, -3.72237781e-04-0.0013045j ],
          [ 5.17573063e-02+0.18087494j,  9.56148263e-01-0.05048357j,
            1.17880916e-02+0.21738299j, -2.06130761e-02+0.00425699j],
          [-2.06130761e-02+0.00425699j,  1.17880916e-02+0.21738299j,
            9.56148263e-01-0.05048357j,  5.17573063e-02+0.18087494j],
          [-3.72237781e-04-0.0013045j , -2.06130761e-02+0.00425699j,
            5.17573063e-02+0.18087494j,  8.60421815e-01-0.47311191j]],
         input_dims=(2, 2), output_dims=(2, 2))"
"Operator([[ 8.60421815e-01-4.73111906e-01j,
            9.09396976e-03-1.87914512e-01j,
           -1.89484392e-02-9.16392485e-03j,
           -8.77258950e-04+1.03474945e-03j],
          [-1.07121417e-01-1.54659517e-01j,
            9.56148263e-01-5.04835675e-02j,
            5.86730077e-02-2.09646848e-01j,
           -1.89484392e-02-9.16392485e-03j],
          [-1.37680326e-02+1.59204945e-02j,
           -8.09994502e-02-2.02072789e-01j,
            9.56148263e-01-5.04835675e-02j,
            9.09396976e-03-1.87914512e-01j],
          [ 1.29122136e-03+4.15977293e-04j,
           -1.37680326e-02+1.59204945e-02j,
           -1.07121417e-01-1.54659517e-01j,
            8.60421815e-01-4.73111906e-01j]],
         input_dims=(2, 2), output_dims=(2, 2))"
"Operator([[ 8.60421815e-01-0.47311191j, -1.15790563e-02-0.18777777j,
           -2.04910164e-02-0.00481031j, -4.94840185e-04+0.0012631j ],
          [-8.95053081e-02-0.16547919j,  9.56148263e-01-0.05048357j,
            3.53161577e-02-0.21481874j, -2.04910164e-02-0.00481031j],
          [-1.69090600e-02+0.01253414j, -5.83388347e-02-0.20974008j,
            9.56148263e-01-0.05048357j, -1.15790563e-02-0.18777777j],
          [ 1.08689656e-03+0.00081175j, -1.69090600e-02+0.01253414j,
           -8.95053081e-02-0.16547919j,  8.60421815e-01-0.47311191j]],
         input_dims=(2, 2), output_dims=(2, 2))"
"Operator([[ 8.60421815e-01-0.47311191j,  4.47474536e-03-0.18808121j,
           -1.93756900e-02-0.00822214j, -7.98676567e-04+0.00109654j],
          [-1.03289579e-01-0.15724448j,  9.56148263e-01-0.05048357j,
            5.35049233e-02-0.21102499j, -1.93756900e-02-0.00822214j],
          [-1.45334124e-02+0.01522501j, -7.60106987e-02-0.20400171j,
            9.56148263e-01-0.05048357j,  4.47474536e-03-0.18808121j],
          [ 1.25708225e-03+0.00050994j, -1.45334124e-02+0.01522501j,
           -1.03289579e-01-0.15724448j,  8.60421815e-01-0.47311191j]],
         input_dims=(2, 2), output_dims=(2, 2))"
"Operator([[ 0.86042181-4.73111906e-01j,  0.04172735-1.83448609e-01j,
           -0.01464832-1.51144781e-02j, -0.00127815+4.54554016e-04j],
          [-0.13245272-1.33607039e-01j,  0.95614826-5.04835675e-02j,
            0.09433674-1.96201180e-01j, -0.01464832-1.51144781e-02j],
          [-0.00746245+1.96807706e-02j, -0.11500008-1.84849411e-01j,
            0.95614826-5.04835675e-02j,  0.04172735-1.83448609e-01j],
          [ 0.00132556-2.88410500e-04j, -0.00746245+1.96807706e-02j,
           -0.13245272-1.33607039e-01j,  0.86042181-4.73111906e-01j]],
         input_dims=(2, 2), output_dims=(2, 2))"
"Operator([[ 8.60421815e-01-0.47311191j,  9.47952701e-02-0.16250668j,
           -3.37207325e-03-0.02077619j, -1.14095058e-03-0.00073384j],
          [-1.66409835e-01-0.08776292j,  9.56148263e-01-0.05048357j,
            1.48808188e-01-0.15890389j, -3.37207325e-03-0.02077619j],
          [ 5.13412597e-03+0.02041229j, -1.65118911e-01-0.14188047j,
            9.56148263e-01-0.05048357j,  9.47952701e-02-0.16250668j],
          [ 5.81871957e-04-0.00122544j,  5.13412597e-03+0.02041229j,
           -1.66409835e-01-0.08776292j,  8.60421815e-01-0.47311191j]],
         input_dims=(2, 2), output_dims=(2, 2))"
