unitary
"Operator([[ 0.77344283-5.86341408e-01j, -0.00807189+2.38182269e-01j,
           -0.02981169-1.72354371e-02j,  0.00209562-1.94967859e-03j],
          [ 0.16281666+1.74030697e-01j,  0.92846514-6.07863960e-02j,
           -0.08806085+2.61765220e-01j, -0.02981169-1.72354371e-02j],
          [-0.01719979+2.98322681e-02j,  0.12297537+2.47290929e-01j,
            0.92846514-6.07863960e-02j, -0.00807189+2.38182269e-01j],
          [-0.00286064-9.80693079e-05j, -0.01719979+2.98322681e-02j,
            0.16281666+1.74030697e-01j,  0.77344283-5.86341408e-01j]],
         input_dims=(2, 2), output_dims=(2, 2))"
"Operator([[ 0.77344283-0.58634141j,  0.08375764+0.22311568j,
           -0.03326202+0.00891263j, -0.00100171-0.00268132j],
          [ 0.08375764+0.22311568j,  0.92846514-0.0607864j ,
            0.01889794+0.27553332j, -0.03326202+0.00891263j],
          [-0.03326202+0.00891263j,  0.01889794+0.27553332j,
            0.92846514-0.0607864j ,  0.08375764+0.22311568j],
          [-0.00100171-0.00268132j, -0.03326202+0.00891263j,
            0.08375764+0.22311568j,  0.77344283-0.58634141j]],
         input_dims=(2, 2), output_dims=(2, 2))"
"Operator([[ 0.77344283-0.58634141j,  0.08375764+0.22311568j,
           -0.03326202+0.00891263j, -0.00100171-0.00268132j],
          [ 0.08375764+0.22311568j,  0.92846514-0.0607864j ,
            0.01889794+0.27553332j, -0.03326202+0.00891263j],
          [-0.03326202+0.00891263j,  0.01889794+0.27553332j,
            0.92846514-0.0607864j ,  0.08375764+0.22311568j],
          [-0.00100171-0.00268132j, -0.03326202+0.00891263j,
            0.08375764+0.22311568j,  0.77344283-0.58634141j]],
         input_dims=(2, 2), output_dims=(2, 2))"
"Operator([[ 0.77344283-5.86341408e-01j,  0.16999103+1.67029936e-01j,
           -0.01463214+3.11720590e-02j, -0.00285024+2.62749189e-04j],
          [-0.01808086+2.37632134e-01j,  0.92846514-6.07863960e-02j,
            0.13326574+2.41900781e-01j, -0.01463214+3.11720590e-02j],
          [-0.02825795-1.96795607e-02j, -0.09899079+2.57830504e-01j,
            0.92846514-6.07863960e-02j,  0.16999103+1.67029936e-01j],
          [ 0.00232434-1.67042091e-03j, -0.02825795-1.96795607e-02j,
           -0.01808086+2.37632134e-01j,  0.77344283-5.86341408e-01j]],
         input_dims=(2, 2), output_dims=(2, 2))"
"Operator([[ 7.73442832e-01-0.58634141j, -1.32039621e-01+0.1983973j ,
            2.06751568e-03-0.03437328j,  1.75519447e-03+0.00226101j],
          [ 2.29978812e-01+0.06249555j,  9.28465144e-01-0.0607864j ,
           -2.12485751e-01+0.17642435j,  2.06751568e-03-0.03437328j],
          [ 1.89773256e-02+0.02873427j,  2.34583423e-01+0.14576132j,
            9.28465144e-01-0.0607864j , -1.32039621e-01+0.1983973j ],
          [ 1.57215966e-04+0.002858j  ,  1.89773256e-02+0.02873427j,
            2.29978812e-01+0.06249555j,  7.73442832e-01-0.58634141j]],
         input_dims=(2, 2), output_dims=(2, 2))"
"Operator([[ 0.77344283-5.86341408e-01j,  0.21808237-9.61042562e-02j,
            0.03205864-1.25714043e-02j,  0.00247627-1.43561257e-03j],
          [-0.22745063+7.11488582e-02j,  0.92846514-6.07863960e-02j,
            0.27404525-3.42775084e-02j,  0.03205864-1.25714043e-02j],
          [ 0.03404927-5.14236269e-03j, -0.27615897+3.45921820e-03j,
            0.92846514-6.07863960e-02j,  0.21808237-9.61042562e-02j],
          [-0.00281099+5.39651991e-04j,  0.03404927-5.14236269e-03j,
           -0.22745063+7.11488582e-02j,  0.77344283-5.86341408e-01j]],
         input_dims=(2, 2), output_dims=(2, 2))"
"Operator([[ 0.77344283-0.58634141j,  0.08375764+0.22311568j,
           -0.03326202+0.00891263j, -0.00100171-0.00268132j],
          [ 0.08375764+0.22311568j,  0.92846514-0.0607864j ,
            0.01889794+0.27553332j, -0.03326202+0.00891263j],
          [-0.03326202+0.00891263j,  0.01889794+0.27553332j,
            0.92846514-0.0607864j ,  0.08375764+0.22311568j],
          [-0.00100171-0.00268132j, -0.03326202+0.00891263j,
            0.08375764+0.22311568j,  0.77344283-0.58634141j]],
         input_dims=(2, 2), output_dims=(2, 2))"
