unitary
"Operator([[ 8.69959337e-01-0.45800519j,  4.82361054e-02+0.17518533j,
           -1.92166063e-02+0.00382314j, -3.22371794e-04-0.00117384j],
          [ 4.82361054e-02+0.17518533j,  9.59166425e-01-0.04901741j,
            1.09970339e-02+0.20994192j, -1.92166063e-02+0.00382314j],
          [-1.92166063e-02+0.00382314j,  1.09970339e-02+0.20994192j,
            9.59166425e-01-0.04901741j,  4.82361054e-02+0.17518533j],
          [-3.22371794e-04-0.00117384j, -1.92166063e-02+0.00382314j,
            4.82361054e-02+0.17518533j,  8.69959337e-01-0.45800519j]],
         input_dims=(2, 2), output_dims=(2, 2))"
"Operator([[ 8.69959337e-01-0.45800519j,  4.82361054e-02+0.17518533j,
           -1.92166063e-02+0.00382314j, -3.22371794e-04-0.00117384j],
          [ 4.82361054e-02+0.17518533j,  9.59166425e-01-0.04901741j,
            1.09970339e-02+0.20994192j, -1.92166063e-02+0.00382314j],
          [-1.92166063e-02+0.00382314j,  1.09970339e-02+0.20994192j,
            9.59166425e-01-0.04901741j,  4.82361054e-02+0.17518533j],
          [-3.22371794e-04-0.00117384j, -1.92166063e-02+0.00382314j,
            4.82361054e-02+0.17518533j,  8.69959337e-01-0.45800519j]],
         input_dims=(2, 2), output_dims=(2, 2))"
"Operator([[ 8.69959337e-01-0.45800519j,  4.82361054e-02+0.17518533j,
           -1.92166063e-02+0.00382314j, -3.22371794e-04-0.00117384j],
          [ 4.82361054e-02+0.17518533j,  9.59166425e-01-0.04901741j,
            1.09970339e-02+0.20994192j, -1.92166063e-02+0.00382314j],
          [-1.92166063e-02+0.00382314j,  1.09970339e-02+0.20994192j,
            9.59166425e-01-0.04901741j,  4.82361054e-02+0.17518533j],
          [-3.22371794e-04-0.00117384j, -1.92166063e-02+0.00382314j,
            4.82361054e-02+0.17518533j,  8.69959337e-01-0.45800519j]],
         input_dims=(2, 2), output_dims=(2, 2))"
"Operator([[ 8.69959337e-01-0.45800519j,  8.49019242e-02-0.16064957j,
           -4.98875719e-03-0.01894747j, -1.10862082e-03-0.00050278j],
          [-1.55168785e-01-0.09454771j,  9.59166425e-01-0.04901741j,
            1.35840405e-01-0.16044915j, -4.98875719e-03-0.01894747j],
          [ 2.64327479e-03+0.0194141j , -1.51860087e-01-0.14537902j,
            9.59166425e-01-0.04901741j,  8.49019242e-02-0.16064957j],
          [ 6.96330944e-04-0.00099848j,  2.64327479e-03+0.0194141j ,
           -1.55168785e-01-0.09454771j,  8.69959337e-01-0.45800519j]],
         input_dims=(2, 2), output_dims=(2, 2))"
"Operator([[ 8.69959337e-01-0.45800519j,  1.04795789e-01-0.1484401j ,
           -6.94911294e-06-0.01959322j, -8.38074284e-04-0.00088287j],
          [-1.66008989e-01-0.07387583j,  9.59166425e-01-0.04901741j,
            1.55288285e-01-0.1417113j , -6.94911294e-06-0.01959322j],
          [ 7.49288850e-03+0.01810389j, -1.69243882e-01-0.12471188j,
            9.59166425e-01-0.04901741j,  1.04795789e-01-0.1484401j ],
          [ 2.69606499e-04-0.00118707j,  7.49288850e-03+0.01810389j,
           -1.66008989e-01-0.07387583j,  8.69959337e-01-0.45800519j]],
         input_dims=(2, 2), output_dims=(2, 2))"
"Operator([[ 8.69959337e-01-0.45800519j,  4.82361054e-02+0.17518533j,
           -1.92166063e-02+0.00382314j, -3.22371794e-04-0.00117384j],
          [ 4.82361054e-02+0.17518533j,  9.59166425e-01-0.04901741j,
            1.09970339e-02+0.20994192j, -1.92166063e-02+0.00382314j],
          [-1.92166063e-02+0.00382314j,  1.09970339e-02+0.20994192j,
            9.59166425e-01-0.04901741j,  4.82361054e-02+0.17518533j],
          [-3.22371794e-04-0.00117384j, -1.92166063e-02+0.00382314j,
            4.82361054e-02+0.17518533j,  8.69959337e-01-0.45800519j]],
         input_dims=(2, 2), output_dims=(2, 2))"
"Operator([[ 8.69959337e-01-0.45800519j,  1.36634766e-01-0.11978131j,
            8.91278691e-03-0.01744868j, -6.14064927e-05-0.00121576j],
          [-1.78690668e-01-0.03295857j,  9.59166425e-01-0.04901741j,
            1.84148814e-01-0.10141873j,  8.91278691e-03-0.01744868j],
          [ 1.49125818e-02+0.01270863j, -1.93736863e-01-0.08162458j,
            9.59166425e-01-0.04901741j,  1.36634766e-01-0.11978131j],
          [-5.68139186e-04-0.00107659j,  1.49125818e-02+0.01270863j,
           -1.78690668e-01-0.03295857j,  8.69959337e-01-0.45800519j]],
         input_dims=(2, 2), output_dims=(2, 2))"
"Operator([[ 8.69959337e-01-0.45800519j,  1.45188691e-01-0.10925597j,
            1.14093731e-02-0.01592861j,  2.10160772e-04-0.00119903j],
          [-1.80651277e-01-0.01953812j,  9.59166425e-01-0.04901741j,
            1.91200701e-01-0.08740044j,  1.14093731e-02-0.01592861j],
          [ 1.66372484e-02+0.01034874j, -1.99285584e-01-0.06694626j,
            9.59166425e-01-0.04901741j,  1.45188691e-01-0.10925597j],
          [-7.93071290e-04-0.00092351j,  1.66372484e-02+0.01034874j,
           -1.80651277e-01-0.01953812j,  8.69959337e-01-0.45800519j]],
         input_dims=(2, 2), output_dims=(2, 2))"
"Operator([[ 0.86995934-4.58005189e-01j, -0.02334616+1.80198721e-01j,
           -0.01618574-1.10415736e-02j,  0.00097184-7.33048783e-04j],
          [ 0.11229564+1.42850662e-01j,  0.95916643-4.90174130e-02j,
           -0.07113699+1.97828395e-01j, -0.01618574-1.10415736e-02j],
          [-0.01072706+1.63958713e-02j,  0.091416  +1.89313655e-01j,
            0.95916643-4.90174130e-02j, -0.02334616+1.80198721e-01j],
          [-0.00120992-1.33873430e-04j, -0.01072706+1.63958713e-02j,
            0.11229564+1.42850662e-01j,  0.86995934-4.58005189e-01j]],
         input_dims=(2, 2), output_dims=(2, 2))"
"Operator([[ 8.69959337e-01-4.58005189e-01j,
           -1.81704467e-01-3.29504942e-04j,
            1.84412715e-02+6.61920516e-03j,
           -1.04191200e-03-6.29484263e-04j],
          [ 1.55925927e-01-9.32937687e-02j,
            9.59166425e-01-4.90174130e-02j,
           -2.05246500e-01-4.55018606e-02j,
            1.84412715e-02+6.61920516e-03j],
          [ 1.45035018e-02-1.31735647e-02j,
            1.99369419e-01-6.66961746e-02j,
            9.59166425e-01-4.90174130e-02j,
           -1.81704467e-01-3.29504942e-04j],
          [ 5.74267856e-04-1.07333475e-03j,
            1.45035018e-02-1.31735647e-02j,
            1.55925927e-01-9.32937687e-02j,
            8.69959337e-01-4.58005189e-01j]],
         input_dims=(2, 2), output_dims=(2, 2))"
"Operator([[ 8.69959337e-01-0.45800519j,  4.82361054e-02+0.17518533j,
           -1.92166063e-02+0.00382314j, -3.22371794e-04-0.00117384j],
          [ 4.82361054e-02+0.17518533j,  9.59166425e-01-0.04901741j,
            1.09970339e-02+0.20994192j, -1.92166063e-02+0.00382314j],
          [-1.92166063e-02+0.00382314j,  1.09970339e-02+0.20994192j,
            9.59166425e-01-0.04901741j,  4.82361054e-02+0.17518533j],
          [-3.22371794e-04-0.00117384j, -1.92166063e-02+0.00382314j,
            4.82361054e-02+0.17518533j,  8.69959337e-01-0.45800519j]],
         input_dims=(2, 2), output_dims=(2, 2))"
"Operator([[ 8.69959337e-01-0.45800519j,  4.82361054e-02+0.17518533j,
           -1.92166063e-02+0.00382314j, -3.22371794e-04-0.00117384j],
          [ 4.82361054e-02+0.17518533j,  9.59166425e-01-0.04901741j,
            1.09970339e-02+0.20994192j, -1.92166063e-02+0.00382314j],
          [-1.92166063e-02+0.00382314j,  1.09970339e-02+0.20994192j,
            9.59166425e-01-0.04901741j,  4.82361054e-02+0.17518533j],
          [-3.22371794e-04-0.00117384j, -1.92166063e-02+0.00382314j,
            4.82361054e-02+0.17518533j,  8.69959337e-01-0.45800519j]],
         input_dims=(2, 2), output_dims=(2, 2))"
"Operator([[ 8.69959337e-01-0.45800519j,  4.82361054e-02+0.17518533j,
           -1.92166063e-02+0.00382314j, -3.22371794e-04-0.00117384j],
          [ 4.82361054e-02+0.17518533j,  9.59166425e-01-0.04901741j,
            1.09970339e-02+0.20994192j, -1.92166063e-02+0.00382314j],
          [-1.92166063e-02+0.00382314j,  1.09970339e-02+0.20994192j,
            9.59166425e-01-0.04901741j,  4.82361054e-02+0.17518533j],
          [-3.22371794e-04-0.00117384j, -1.92166063e-02+0.00382314j,
            4.82361054e-02+0.17518533j,  8.69959337e-01-0.45800519j]],
         input_dims=(2, 2), output_dims=(2, 2))"
"Operator([[ 8.69959337e-01-4.58005189e-01j,
           -1.80334342e-01+2.22743631e-02j,
            1.95045102e-02+1.86237797e-03j,
           -1.19989057e-03-2.05167390e-04j],
          [ 1.66319356e-01-7.31744067e-02j,
            9.59166425e-01-4.90174130e-02j,
           -2.09312311e-01-1.96189100e-02j,
            1.95045102e-02+1.86237797e-03j],
          [ 1.73064533e-02-9.18591567e-03j,
            2.06117126e-01-4.13796502e-02j,
            9.59166425e-01-4.90174130e-02j,
           -1.80334342e-01+2.22743631e-02j],
          [ 9.26802618e-04-7.89219838e-04j,
            1.73064533e-02-9.18591567e-03j,
            1.66319356e-01-7.31744067e-02j,
            8.69959337e-01-4.58005189e-01j]],
         input_dims=(2, 2), output_dims=(2, 2))"
