unitary
"Operator([[ 8.86340847e-01-0.43033515j,  4.21826807e-02+0.16473853j,
           -1.68138086e-02+0.00311693j, -2.45314235e-04-0.00096019j],
          [ 4.21826807e-02+0.16473853j,  9.64342661e-01-0.04628868j,
            9.63322217e-03+0.19646172j, -1.68138086e-02+0.00311693j],
          [-1.68138086e-02+0.00311693j,  9.63322217e-03+0.19646172j,
            9.64342661e-01-0.04628868j,  4.21826807e-02+0.16473853j],
          [-2.45314235e-04-0.00096019j, -1.68138086e-02+0.00311693j,
            4.21826807e-02+0.16473853j,  8.86340847e-01-0.43033515j]],
         input_dims=(2, 2), output_dims=(2, 2))"
"Operator([[ 8.86340847e-01-0.43033515j,  1.11207059e-01-0.12865128j,
            2.94104834e-03-0.01684546j, -4.76268369e-04-0.00086909j],
          [-1.59352084e-01-0.05937235j,  9.64342661e-01-0.04628868j,
            1.55832524e-01-0.12002597j,  2.94104834e-03-0.01684546j],
          [ 8.78372130e-03+0.01467193j, -1.66827362e-01-0.1042048j ,
            9.64342661e-01-0.04628868j,  1.11207059e-01-0.12865128j],
          [ 1.03577042e-06-0.00099103j,  8.78372130e-03+0.01467193j,
           -1.59352084e-01-0.05937235j,  8.86340847e-01-0.43033515j]],
         input_dims=(2, 2), output_dims=(2, 2))"
"Operator([[ 8.86340847e-01-0.43033515j,  9.38012615e-02-0.14184317j,
           -1.43797502e-03-0.01703971j, -7.68148412e-04-0.00062618j],
          [-1.50428391e-01-0.07930612j,  9.64342661e-01-0.04628868j,
            1.39164159e-01-0.13900843j, -1.43797502e-03-0.01703971j],
          [ 4.76529788e-03+0.01642289j, -1.52096047e-01-0.1247269j ,
            9.64342661e-01-0.04628868j,  9.38012615e-02-0.14184317j],
          [ 3.73663054e-04-0.00091789j,  4.76529788e-03+0.01642289j,
           -1.50428391e-01-0.07930612j,  8.86340847e-01-0.43033515j]],
         input_dims=(2, 2), output_dims=(2, 2))"
"Operator([[ 8.86340847e-01-0.43033515j,  8.61988661e-02-0.14658758j,
           -3.22276986e-03-0.01679384j, -8.57159910e-04-0.00049742j],
          [-1.46041756e-01-0.08712042j,  9.64342661e-01-0.04628868j,
            1.31648108e-01-0.14614645j, -3.22276986e-03-0.01679384j],
          [ 3.01097027e-03+0.01683311j, -1.45314377e-01-0.13256598j,
            9.64342661e-01-0.04628868j,  8.61988661e-02-0.14658758j],
          [ 5.13526264e-04-0.00084761j,  3.01097027e-03+0.01683311j,
           -1.46041756e-01-0.08712042j,  8.86340847e-01-0.43033515j]],
         input_dims=(2, 2), output_dims=(2, 2))"
"Operator([[ 8.86340847e-01-0.43033515j, -1.28424571e-02-0.16956778j,
           -1.68627658e-02-0.00284017j, -2.69214886e-04+0.00095377j],
          [-7.02331723e-02-0.15487241j,  9.64342661e-01-0.04628868j,
            2.47351796e-02-0.19513631j, -1.68627658e-02-0.00284017j],
          [-1.47242462e-02+0.00869575j, -4.37070890e-02-0.19178034j,
            9.64342661e-01-0.04628868j, -1.28424571e-02-0.16956778j],
          [ 6.93708139e-04+0.00070776j, -1.47242462e-02+0.00869575j,
           -7.02331723e-02-0.15487241j,  8.86340847e-01-0.43033515j]],
         input_dims=(2, 2), output_dims=(2, 2))"
"Operator([[ 8.86340847e-01-0.43033515j, -1.06436659e-01+0.13262504j,
            1.70417755e-03-0.01701515j,  5.68420665e-04+0.00081182j],
          [ 1.57078551e-01+0.06514976j,  9.64342661e-01-0.04628868j,
           -1.51347240e-01+0.12563447j,  1.70417755e-03-0.01701515j],
          [ 7.68985844e-03+0.01527369j,  1.62912285e-01+0.1102252j ,
            9.64342661e-01-0.04628868j, -1.06436659e-01+0.13262504j],
          [-1.09366741e-04+0.00098498j,  7.68985844e-03+0.01527369j,
            1.57078551e-01+0.06514976j,  8.86340847e-01-0.43033515j]],
         input_dims=(2, 2), output_dims=(2, 2))"
"Operator([[ 8.86340847e-01-0.43033515j, -1.05439887e-01+0.13341886j,
            1.44899809e-03-0.01703877j,  5.86524973e-04+0.00079884j],
          [ 1.56585962e-01+0.06632495j,  9.64342661e-01-0.04628868j,
           -1.50401588e-01+0.12676502j,  1.44899809e-03-0.01703877j],
          [ 7.46010423e-03+0.01538721j,  1.62081773e-01+0.11144284j,
            9.64342661e-01-0.04628868j, -1.05439887e-01+0.13341886j],
          [-1.31479393e-04+0.00098227j,  7.46010423e-03+0.01538721j,
            1.56585962e-01+0.06632495j,  8.86340847e-01-0.43033515j]],
         input_dims=(2, 2), output_dims=(2, 2))"
"Operator([[ 8.86340847e-01-0.43033515j,  4.21826807e-02+0.16473853j,
           -1.68138086e-02+0.00311693j, -2.45314235e-04-0.00096019j],
          [ 4.21826807e-02+0.16473853j,  9.64342661e-01-0.04628868j,
            9.63322217e-03+0.19646172j, -1.68138086e-02+0.00311693j],
          [-1.68138086e-02+0.00311693j,  9.63322217e-03+0.19646172j,
            9.64342661e-01-0.04628868j,  4.21826807e-02+0.16473853j],
          [-2.45314235e-04-0.00096019j, -1.68138086e-02+0.00311693j,
            4.21826807e-02+0.16473853j,  8.86340847e-01-0.43033515j]],
         input_dims=(2, 2), output_dims=(2, 2))"
"Operator([[ 8.86340847e-01-0.43033515j,  4.21826807e-02+0.16473853j,
           -1.68138086e-02+0.00311693j, -2.45314235e-04-0.00096019j],
          [ 4.21826807e-02+0.16473853j,  9.64342661e-01-0.04628868j,
            9.63322217e-03+0.19646172j, -1.68138086e-02+0.00311693j],
          [-1.68138086e-02+0.00311693j,  9.63322217e-03+0.19646172j,
            9.64342661e-01-0.04628868j,  4.21826807e-02+0.16473853j],
          [-2.45314235e-04-0.00096019j, -1.68138086e-02+0.00311693j,
            4.21826807e-02+0.16473853j,  8.86340847e-01-0.43033515j]],
         input_dims=(2, 2), output_dims=(2, 2))"
"Operator([[ 8.86340847e-01-4.30335148e-01j,
           -5.62548399e-02+1.60479143e-01j,
           -9.34893318e-03-1.43184103e-02j,
            9.89400297e-04-5.68908770e-05j],
          [ 1.26459095e-01+1.13693710e-01j,
            9.64342661e-01-4.62886825e-02j,
           -1.00933055e-01+1.68826912e-01j,
           -9.34893318e-03-1.43184103e-02j],
          [-3.59542079e-03+1.67180254e-02j,
            1.16965540e-01+1.58142564e-01j,
            9.64342661e-01-4.62886825e-02j,
           -5.62548399e-02+1.60479143e-01j],
          [-8.95441885e-04+4.24656744e-04j,
           -3.59542079e-03+1.67180254e-02j,
            1.26459095e-01+1.13693710e-01j,
            8.86340847e-01-4.30335148e-01j]],
         input_dims=(2, 2), output_dims=(2, 2))"
