unitary
"Operator([[-0.73960546+0.02193011j,  0.17341572+0.48515001j,
            0.07932232-0.38960572j,  0.06345755+0.15794868j],
          [-0.05512313-0.5122548j ,  0.22588634+0.17215947j,
           -0.69642703+0.10391188j,  0.07932232-0.38960572j],
          [ 0.24785159-0.31089264j,  0.70141292+0.06187246j,
            0.22588634+0.17215947j,  0.17341572+0.48515001j],
          [ 0.05455745-0.16123936j,  0.24785159-0.31089264j,
           -0.05512313-0.5122548j , -0.73960546+0.02193011j]],
         input_dims=(2, 2), output_dims=(2, 2))"
"Operator([[-0.73960546+0.02193011j,  0.50219754-0.11507028j,
           -0.16825465+0.360243j  , -0.17015327+0.00474448j],
          [ 0.50219754-0.11507028j,  0.22588634+0.17215947j,
            0.02116703+0.70381833j, -0.16825465+0.360243j  ],
          [-0.16825465+0.360243j  ,  0.02116703+0.70381833j,
            0.22588634+0.17215947j,  0.50219754-0.11507028j],
          [-0.17015327+0.00474448j, -0.16825465+0.360243j  ,
            0.50219754-0.11507028j, -0.73960546+0.02193011j]],
         input_dims=(2, 2), output_dims=(2, 2))"
"Operator([[-0.73960546+0.02193011j,  0.42716173-0.28805625j,
            0.1171814 +0.37993837j, -0.0723103 +0.15409694j],
          [ 0.50996711+0.07332864j,  0.22588634+0.17215947j,
            0.27298574+0.64906631j,  0.1171814 +0.37993837j],
          [-0.36656268+0.15400145j, -0.23348689+0.66429825j,
            0.22588634+0.17215947j,  0.42716173-0.28805625j],
          [-0.08078482-0.1498281j , -0.36656268+0.15400145j,
            0.50996711+0.07332864j, -0.73960546+0.02193011j]],
         input_dims=(2, 2), output_dims=(2, 2))"
"Operator([[-0.73960546+0.02193011j,  0.50219754-0.11507028j,
           -0.16825465+0.360243j  , -0.17015327+0.00474448j],
          [ 0.50219754-0.11507028j,  0.22588634+0.17215947j,
            0.02116703+0.70381833j, -0.16825465+0.360243j  ],
          [-0.16825465+0.360243j  ,  0.02116703+0.70381833j,
            0.22588634+0.17215947j,  0.50219754-0.11507028j],
          [-0.17015327+0.00474448j, -0.16825465+0.360243j  ,
            0.50219754-0.11507028j, -0.73960546+0.02193011j]],
         input_dims=(2, 2), output_dims=(2, 2))"
