unitary
"Operator([[ 9.87115582e-01-1.49262703e-01j,
            4.79732348e-03+5.74174529e-02j,
           -1.91818285e-03+1.17365961e-04j,
           -3.07994935e-06-3.68716027e-05j],
          [ 4.79732348e-03+5.74174529e-02j,
            9.95979600e-01-1.65272526e-02j,
            1.10653851e-03+6.65341372e-02j,
           -1.91818285e-03+1.17365961e-04j],
          [-1.91818285e-03+1.17365961e-04j,
            1.10653851e-03+6.65341372e-02j,
            9.95979600e-01-1.65272526e-02j,
            4.79732348e-03+5.74174529e-02j],
          [-3.07994935e-06-3.68716027e-05j,
           -1.91818285e-03+1.17365961e-04j,
            4.79732348e-03+5.74174529e-02j,
            9.87115582e-01-1.49262703e-01j]],
         input_dims=(2, 2), output_dims=(2, 2))"
"Operator([[ 9.87115582e-01-1.49262703e-01j,
            4.79732348e-03+5.74174529e-02j,
           -1.91818285e-03+1.17365961e-04j,
           -3.07994935e-06-3.68716027e-05j],
          [ 4.79732348e-03+5.74174529e-02j,
            9.95979600e-01-1.65272526e-02j,
            1.10653851e-03+6.65341372e-02j,
           -1.91818285e-03+1.17365961e-04j],
          [-1.91818285e-03+1.17365961e-04j,
            1.10653851e-03+6.65341372e-02j,
            9.95979600e-01-1.65272526e-02j,
            4.79732348e-03+5.74174529e-02j],
          [-3.07994935e-06-3.68716027e-05j,
           -1.91818285e-03+1.17365961e-04j,
            4.79732348e-03+5.74174529e-02j,
            9.87115582e-01-1.49262703e-01j]],
         input_dims=(2, 2), output_dims=(2, 2))"
"Operator([[ 9.87115582e-01-1.49262703e-01j,
            4.79732348e-03+5.74174529e-02j,
           -1.91818285e-03+1.17365961e-04j,
           -3.07994935e-06-3.68716027e-05j],
          [ 4.79732348e-03+5.74174529e-02j,
            9.95979600e-01-1.65272526e-02j,
            1.10653851e-03+6.65341372e-02j,
           -1.91818285e-03+1.17365961e-04j],
          [-1.91818285e-03+1.17365961e-04j,
            1.10653851e-03+6.65341372e-02j,
            9.95979600e-01-1.65272526e-02j,
            4.79732348e-03+5.74174529e-02j],
          [-3.07994935e-06-3.68716027e-05j,
           -1.91818285e-03+1.17365961e-04j,
            4.79732348e-03+5.74174529e-02j,
            9.87115582e-01-1.49262703e-01j]],
         input_dims=(2, 2), output_dims=(2, 2))"
"Operator([[ 9.87115582e-01-1.49262703e-01j,
            5.58977377e-02-1.39721554e-02j,
            1.78161678e-03-7.20445599e-04j,
            3.11885280e-05-1.99067047e-05j],
          [-5.74413249e-02-4.50248858e-03j,
            9.95979600e-01-1.65272526e-02j,
            6.54894415e-02-1.17961392e-02j,
            1.78161678e-03-7.20445599e-04j],
          [ 1.85616032e-03+4.97864521e-04j,
           -6.58454814e-02-9.61188978e-03j,
            9.95979600e-01-1.65272526e-02j,
            5.58977377e-02-1.39721554e-02j],
          [-3.40589440e-05-1.44564694e-05j,
            1.85616032e-03+4.97864521e-04j,
           -5.74413249e-02-4.50248858e-03j,
            9.87115582e-01-1.49262703e-01j]],
         input_dims=(2, 2), output_dims=(2, 2))"
"Operator([[ 9.87115582e-01-1.49262703e-01j,
            5.52095460e-02-1.64828468e-02j,
            1.70932634e-03-8.78295897e-04j,
            2.82121283e-05-2.39390265e-05j],
          [-5.71793113e-02-7.09257131e-03j,
            9.95979600e-01-1.65272526e-02j,
            6.48897519e-02-1.47423181e-02j,
            1.70932634e-03-8.78295897e-04j],
          [ 1.80365355e-03+6.63350663e-04j,
           -6.53440930e-02-1.25763808e-02j,
            9.95979600e-01-1.65272526e-02j,
            5.52095460e-02-1.64828468e-02j],
          [-3.17927783e-05-1.89267119e-05j,
            1.80365355e-03+6.63350663e-04j,
           -5.71793113e-02-7.09257131e-03j,
            9.87115582e-01-1.49262703e-01j]],
         input_dims=(2, 2), output_dims=(2, 2))"
"Operator([[ 9.87115582e-01-1.49262703e-01j,
            4.79732348e-03+5.74174529e-02j,
           -1.91818285e-03+1.17365961e-04j,
           -3.07994935e-06-3.68716027e-05j],
          [ 4.79732348e-03+5.74174529e-02j,
            9.95979600e-01-1.65272526e-02j,
            1.10653851e-03+6.65341372e-02j,
           -1.91818285e-03+1.17365961e-04j],
          [-1.91818285e-03+1.17365961e-04j,
            1.10653851e-03+6.65341372e-02j,
            9.95979600e-01-1.65272526e-02j,
            4.79732348e-03+5.74174529e-02j],
          [-3.07994935e-06-3.68716027e-05j,
           -1.91818285e-03+1.17365961e-04j,
            4.79732348e-03+5.74174529e-02j,
            9.87115582e-01-1.49262703e-01j]],
         input_dims=(2, 2), output_dims=(2, 2))"
"Operator([[ 9.87115582e-01-1.49262703e-01j,
            5.40757196e-02-1.98895641e-02j,
            1.58686731e-03-1.08399833e-03j,
            2.32704356e-05-2.87660911e-05j],
          [-5.66265326e-02-1.06402072e-02j,
            9.95979600e-01-1.65272526e-02j,
            6.38455392e-02-1.87553452e-02j,
            1.58686731e-03-1.08399833e-03j],
          [ 1.70718634e-03+8.82448316e-04j,
           -6.44339033e-02-1.66219119e-02j,
            9.95979600e-01-1.65272526e-02j,
            5.40757196e-02-1.98895641e-02j],
          [-2.77204079e-05-2.45067370e-05j,
            1.70718634e-03+8.82448316e-04j,
           -5.66265326e-02-1.06402072e-02j,
            9.87115582e-01-1.49262703e-01j]],
         input_dims=(2, 2), output_dims=(2, 2))"
"Operator([[ 9.87115582e-01-1.49262703e-01j,
            4.79732348e-03+5.74174529e-02j,
           -1.91818285e-03+1.17365961e-04j,
           -3.07994935e-06-3.68716027e-05j],
          [ 4.79732348e-03+5.74174529e-02j,
            9.95979600e-01-1.65272526e-02j,
            1.10653851e-03+6.65341372e-02j,
           -1.91818285e-03+1.17365961e-04j],
          [-1.91818285e-03+1.17365961e-04j,
            1.10653851e-03+6.65341372e-02j,
            9.95979600e-01-1.65272526e-02j,
            4.79732348e-03+5.74174529e-02j],
          [-3.07994935e-06-3.68716027e-05j,
           -1.91818285e-03+1.17365961e-04j,
            4.79732348e-03+5.74174529e-02j,
            9.87115582e-01-1.49262703e-01j]],
         input_dims=(2, 2), output_dims=(2, 2))"
"Operator([[ 9.87115582e-01-1.49262703e-01j,
            4.79732348e-03+5.74174529e-02j,
           -1.91818285e-03+1.17365961e-04j,
           -3.07994935e-06-3.68716027e-05j],
          [ 4.79732348e-03+5.74174529e-02j,
            9.95979600e-01-1.65272526e-02j,
            1.10653851e-03+6.65341372e-02j,
           -1.91818285e-03+1.17365961e-04j],
          [-1.91818285e-03+1.17365961e-04j,
            1.10653851e-03+6.65341372e-02j,
            9.95979600e-01-1.65272526e-02j,
            4.79732348e-03+5.74174529e-02j],
          [-3.07994935e-06-3.68716027e-05j,
           -1.91818285e-03+1.17365961e-04j,
            4.79732348e-03+5.74174529e-02j,
            9.87115582e-01-1.49262703e-01j]],
         input_dims=(2, 2), output_dims=(2, 2))"
"Operator([[ 9.87115582e-01-1.49262703e-01j,
            5.40965002e-02-1.98329744e-02j,
            1.58913218e-03-1.08067531e-03j,
            2.33606137e-05-2.86929068e-05j],
          [-5.66376344e-02-1.05809537e-02j,
            9.95979600e-01-1.65272526e-02j,
            6.38651277e-02-1.86885341e-02j,
            1.58913218e-03-1.08067531e-03j],
          [ 1.70902919e-03+8.78873966e-04j,
           -6.44512593e-02-1.65544864e-02j,
            9.95979600e-01-1.65272526e-02j,
            5.40965002e-02-1.98329744e-02j],
          [-2.77971946e-05-2.44196057e-05j,
            1.70902919e-03+8.78873966e-04j,
           -5.66376344e-02-1.05809537e-02j,
            9.87115582e-01-1.49262703e-01j]],
         input_dims=(2, 2), output_dims=(2, 2))"
"Operator([[ 9.87115582e-01-1.49262703e-01j,
            5.49435965e-02-1.73487583e-02j,
            1.68086948e-03-9.31599701e-04j,
            2.70520916e-05-2.52425338e-05j],
          [-5.70607427e-02-7.99060986e-03j,
            9.95979600e-01-1.65272526e-02j,
            6.46499689e-02-1.57606270e-02j,
            1.68086948e-03-9.31599701e-04j],
          [ 1.78190753e-03+7.19726181e-04j,
           -6.51383045e-02-1.36021001e-02j,
            9.95979600e-01-1.65272526e-02j,
            5.49435965e-02-1.73487583e-02j],
          [-3.08650774e-05-2.04046115e-05j,
            1.78190753e-03+7.19726181e-04j,
           -5.70607427e-02-7.99060986e-03j,
            9.87115582e-01-1.49262703e-01j]],
         input_dims=(2, 2), output_dims=(2, 2))"
"Operator([[ 9.87115582e-01-1.49262703e-01j,
            5.58977428e-02-1.39721352e-02j,
            1.78161730e-03-7.20444316e-04j,
            3.11885495e-05-1.99066710e-05j],
          [-5.74413265e-02-4.50246790e-03j,
            9.95979600e-01-1.65272526e-02j,
            6.54894457e-02-1.17961156e-02j,
            1.78161730e-03-7.20444316e-04j],
          [ 1.85616068e-03+4.97863185e-04j,
           -6.58454849e-02-9.61186608e-03j,
            9.95979600e-01-1.65272526e-02j,
            5.58977428e-02-1.39721352e-02j],
          [-3.40589596e-05-1.44564326e-05j,
            1.85616068e-03+4.97863185e-04j,
           -5.74413265e-02-4.50246790e-03j,
            9.87115582e-01-1.49262703e-01j]],
         input_dims=(2, 2), output_dims=(2, 2))"
"Operator([[ 9.87115582e-01-1.49262703e-01j,
            5.67662184e-02-9.86785989e-03j,
            1.86731661e-03-4.54234418e-04j,
            3.47618216e-05-1.26734736e-05j],
          [-5.76166773e-02-3.10979131e-04j,
            9.95979600e-01-1.65272526e-02j,
            6.61741650e-02-6.99969531e-03j,
            1.86731661e-03-4.54234418e-04j],
          [ 1.90876557e-03+2.23191004e-04j,
           -6.63703297e-02-4.79532934e-03j,
            9.95979600e-01-1.65272526e-02j,
            5.67662184e-02-9.86785989e-03j],
          [-3.63826818e-05-6.73064903e-06j,
            1.90876557e-03+2.23191004e-04j,
           -5.76166773e-02-3.10979131e-04j,
            9.87115582e-01-1.49262703e-01j]],
         input_dims=(2, 2), output_dims=(2, 2))"
"Operator([[ 9.87115582e-01-1.49262703e-01j,
            5.73623637e-02-5.41640467e-03j,
            1.91520456e-03-1.58718999e-04j,
            3.67526426e-05-4.27135015e-06j],
          [-5.74658609e-02+4.17768406e-03j,
            9.95979600e-01-1.65272526e-02j,
            6.65183300e-02-1.82417583e-03j,
            1.91520456e-03-1.58718999e-04j],
          [ 1.92026835e-03-7.59582966e-05j,
           -6.65422024e-02+3.88772436e-04j,
            9.95979600e-01-1.65272526e-02j,
            5.73623637e-02-5.41640467e-03j],
          [-3.69519516e-05+1.88532330e-06j,
            1.92026835e-03-7.59582966e-05j,
           -5.74658609e-02+4.17768406e-03j,
            9.87115582e-01-1.49262703e-01j]],
         input_dims=(2, 2), output_dims=(2, 2))"
"Operator([[ 9.87115582e-01-1.49262703e-01j,
            5.76067362e-02-1.11451676e-03j,
            1.91746893e-03+1.28503365e-04j,
            3.67816320e-05+4.01406531e-06j],
          [-5.69929689e-02+8.46047879e-03j,
            9.95979600e-01-1.65272526e-02j,
            6.64686495e-02+3.15190104e-03j,
            1.91746893e-03+1.28503365e-04j],
          [ 1.88749895e-03-3.61314180e-04j,
           -6.63270795e-02+5.36044532e-03j,
            9.95979600e-01-1.65272526e-02j,
            5.76067362e-02-1.11451676e-03j],
          [-3.56059401e-05+1.00607256e-05j,
            1.88749895e-03-3.61314180e-04j,
           -5.69929689e-02+8.46047879e-03j,
            9.87115582e-01-1.49262703e-01j]],
         input_dims=(2, 2), output_dims=(2, 2))"
