unitary
"Operator([[ 8.24651986e-01-0.52438853j,  2.10374792e-01+0.00090568j,
            2.43585762e-02+0.01050461j,  1.54283752e-03+0.00115258j],
          [-1.69748821e-01+0.12427273j,  9.44798788e-01-0.055316j  ,
            2.35547363e-01+0.06205456j,  2.43585762e-02+0.01050461j],
          [ 1.71995106e-02-0.02019564j, -2.26329513e-01+0.09004599j,
            9.44798788e-01-0.055316j  ,  2.10374792e-01+0.00090568j],
          [-5.75849659e-04+0.00183771j,  1.71995106e-02-0.02019564j,
           -1.69748821e-01+0.12427273j,  8.24651986e-01-0.52438853j]],
         input_dims=(2, 2), output_dims=(2, 2))"
"Operator([[ 8.24651986e-01-0.52438853j,  6.49420862e-02+0.20010222j,
           -2.58339895e-02+0.00602429j, -5.92551551e-04-0.0018324j ],
          [ 6.49420862e-02+0.20010222j,  9.44798788e-01-0.055316j  ,
            1.47350671e-02+0.24313825j, -2.58339895e-02+0.00602429j],
          [-2.58339895e-02+0.00602429j,  1.47350671e-02+0.24313825j,
            9.44798788e-01-0.055316j  ,  6.49420862e-02+0.20010222j],
          [-5.92551551e-04-0.0018324j , -2.58339895e-02+0.00602429j,
            6.49420862e-02+0.20010222j,  8.24651986e-01-0.52438853j]],
         input_dims=(2, 2), output_dims=(2, 2))"
"Operator([[ 0.82465199-0.52438853j,  0.17990807-0.10904797j,
            0.02043712-0.01691187j,  0.00103071-0.00162679j],
          [-0.20965732+0.01738336j,  0.94479879-0.055316j  ,
            0.23329967-0.07003282j,  0.02043712-0.01691187j],
          [ 0.02580971+0.00612746j, -0.24004964-0.04134612j,
            0.94479879-0.055316j  ,  0.17990807-0.10904797j],
          [-0.00178807-0.00071527j,  0.02580971+0.00612746j,
           -0.20965732+0.01738336j,  0.82465199-0.52438853j]],
         input_dims=(2, 2), output_dims=(2, 2))"
"Operator([[ 8.24651986e-01-0.52438853j,  6.49420862e-02+0.20010222j,
           -2.58339895e-02+0.00602429j, -5.92551551e-04-0.0018324j ],
          [ 6.49420862e-02+0.20010222j,  9.44798788e-01-0.055316j  ,
            1.47350671e-02+0.24313825j, -2.58339895e-02+0.00602429j],
          [-2.58339895e-02+0.00602429j,  1.47350671e-02+0.24313825j,
            9.44798788e-01-0.055316j  ,  6.49420862e-02+0.20010222j],
          [-5.92551551e-04-0.0018324j , -2.58339895e-02+0.00602429j,
            6.49420862e-02+0.20010222j,  8.24651986e-01-0.52438853j]],
         input_dims=(2, 2), output_dims=(2, 2))"
"Operator([[ 0.82465199-0.52438853j, -0.12441201-0.16964677j,
           -0.01716634+0.02022385j,  0.00183913+0.00057132j],
          [ 0.00107835-0.21037398j,  0.94479879-0.055316j  ,
           -0.09023172-0.22625553j, -0.01716634+0.02022385j],
          [-0.0243413 -0.01054458j,  0.06224787-0.23549635j,
            0.94479879-0.055316j  , -0.12441201-0.16964677j],
          [-0.00115638+0.00153999j, -0.0243413 -0.01054458j,
            0.00107835-0.21037398j,  0.82465199-0.52438853j]],
         input_dims=(2, 2), output_dims=(2, 2))"
"Operator([[ 8.24651986e-01-0.52438853j, -1.15817495e-01+0.17562654j,
           -1.66340811e-04-0.02652658j,  1.33220055e-03+0.0013907j ],
          [ 1.96878735e-01+0.07414268j,  9.44798788e-01-0.055316j  ,
           -1.80777721e-01+0.16325668j, -1.66340811e-04-0.02652658j],
          [ 1.15843560e-02+0.02386399j,  1.99170152e-01+0.14023045j,
            9.44798788e-01-0.055316j  , -1.15817495e-01+0.17562654j],
          [-2.65674872e-04+0.00190741j,  1.15843560e-02+0.02386399j,
            1.96878735e-01+0.07414268j,  8.24651986e-01-0.52438853j]],
         input_dims=(2, 2), output_dims=(2, 2))"
"Operator([[ 8.24651986e-01-0.52438853j, -1.49469055e-01+0.14804518j,
            1.05280300e-02-0.02434846j,  2.73201429e-04+0.00190635j],
          [ 2.07920069e-01+0.03205649j,  9.44798788e-01-0.055316j  ,
           -2.10495302e-01+0.12257674j,  1.05280300e-02-0.02434846j],
          [ 2.02121712e-02+0.01718008j,  2.23757574e-01+0.09625943j,
            9.44798788e-01-0.055316j  , -1.49469055e-01+0.14804518j],
          [ 8.94733989e-04+0.00170536j,  2.02121712e-02+0.01718008j,
            2.07920069e-01+0.03205649j,  8.24651986e-01-0.52438853j]],
         input_dims=(2, 2), output_dims=(2, 2))"
"Operator([[ 8.24651986e-01-0.52438853j,  6.49420862e-02+0.20010222j,
           -2.58339895e-02+0.00602429j, -5.92551551e-04-0.0018324j ],
          [ 6.49420862e-02+0.20010222j,  9.44798788e-01-0.055316j  ,
            1.47350671e-02+0.24313825j, -2.58339895e-02+0.00602429j],
          [-2.58339895e-02+0.00602429j,  1.47350671e-02+0.24313825j,
            9.44798788e-01-0.055316j  ,  6.49420862e-02+0.20010222j],
          [-5.92551551e-04-0.0018324j , -2.58339895e-02+0.00602429j,
            6.49420862e-02+0.20010222j,  8.24651986e-01-0.52438853j]],
         input_dims=(2, 2), output_dims=(2, 2))"
