unitary
"Operator([[-0.72363362-0.20391325j, -0.52742248+0.06839292j,
           -0.11660849+0.34529035j,  0.13560365-0.02665327j],
          [-0.53025651-0.04098888j,  0.29079085+0.12698835j,
           -0.12093111-0.6848469j , -0.11660849+0.34529035j],
          [-0.24517438+0.26965253j,  0.02177871-0.69510093j,
            0.29079085+0.12698835j, -0.52742248+0.06839292j],
          [ 0.1259481 +0.05688431j, -0.24517438+0.26965253j,
           -0.53025651-0.04098888j, -0.72363362-0.20391325j]],
         input_dims=(2, 2), output_dims=(2, 2))"
"Operator([[-0.72363362-0.20391325j,  0.53165995-0.01377509j,
           -0.18480255+0.31411938j, -0.13728423-0.01586778j],
          [ 0.53165995-0.01377509j,  0.29079085+0.12698835j,
            0.0498406 +0.69365375j, -0.18480255+0.31411938j],
          [-0.18480255+0.31411938j,  0.0498406 +0.69365375j,
            0.29079085+0.12698835j,  0.53165995-0.01377509j],
          [-0.13728423-0.01586778j, -0.18480255+0.31411938j,
            0.53165995-0.01377509j, -0.72363362-0.20391325j]],
         input_dims=(2, 2), output_dims=(2, 2))"
"Operator([[-0.72363362-0.20391325j, -0.00189044+0.53183502j,
            0.20297806-0.3026927j , -0.02792256+0.13534799j],
          [-0.02942867-0.53102355j,  0.29079085+0.12698835j,
           -0.69482081+0.02938804j,  0.20297806-0.3026927j ],
          [ 0.16598573-0.32445601j,  0.69188479-0.07024991j,
            0.29079085+0.12698835j, -0.00189044+0.53183502j],
          [ 0.00368914-0.13814897j,  0.16598573-0.32445601j,
           -0.02942867-0.53102355j, -0.72363362-0.20391325j]],
         input_dims=(2, 2), output_dims=(2, 2))"
"Operator([[-0.72363362-0.20391325j,  0.05156365-0.52933283j,
            0.25574045-0.25965321j,  0.06431942-0.12231827j],
          [ 0.07890567+0.52595243j,  0.29079085+0.12698835j,
            0.69452781+0.0356473j ,  0.25574045-0.25965321j],
          [ 0.10273563-0.34966893j, -0.68229693+0.13457529j,
            0.29079085+0.12698835j,  0.05156365-0.52933283j],
          [ 0.03472038+0.13376562j,  0.10273563-0.34966893j,
            0.07890567+0.52595243j, -0.72363362-0.20391325j]],
         input_dims=(2, 2), output_dims=(2, 2))"
"Operator([[-0.72363362-0.20391325j,  0.03034264-0.53097211j,
            0.23415967-0.27927086j,  0.04920506-0.12914182j],
          [ 0.05779801+0.52868842j,  0.29079085+0.12698835j,
            0.69539796+0.00782923j,  0.23415967-0.27927086j],
          [ 0.13036625-0.34033455j, -0.68713519+0.10716738j,
            0.29079085+0.12698835j,  0.03034264-0.53097211j],
          [ 0.01844795+0.13696138j,  0.13036625-0.34033455j,
            0.05779801+0.52868842j, -0.72363362-0.20391325j]],
         input_dims=(2, 2), output_dims=(2, 2))"
"Operator([[-0.72363362-0.20391325j,  0.53165995-0.01377509j,
           -0.18480255+0.31411938j, -0.13728423-0.01586778j],
          [ 0.53165995-0.01377509j,  0.29079085+0.12698835j,
            0.0498406 +0.69365375j, -0.18480255+0.31411938j],
          [-0.18480255+0.31411938j,  0.0498406 +0.69365375j,
            0.29079085+0.12698835j,  0.53165995-0.01377509j],
          [-0.13728423-0.01586778j, -0.18480255+0.31411938j,
            0.53165995-0.01377509j, -0.72363362-0.20391325j]],
         input_dims=(2, 2), output_dims=(2, 2))"
"Operator([[-0.72363362-0.20391325j,  0.53165995-0.01377509j,
           -0.18480255+0.31411938j, -0.13728423-0.01586778j],
          [ 0.53165995-0.01377509j,  0.29079085+0.12698835j,
            0.0498406 +0.69365375j, -0.18480255+0.31411938j],
          [-0.18480255+0.31411938j,  0.0498406 +0.69365375j,
            0.29079085+0.12698835j,  0.53165995-0.01377509j],
          [-0.13728423-0.01586778j, -0.18480255+0.31411938j,
            0.53165995-0.01377509j, -0.72363362-0.20391325j]],
         input_dims=(2, 2), output_dims=(2, 2))"
