unitary
"Operator([[ 0.5427715 -0.76768682j,  0.16753525+0.28785056j,
           -0.06598022+0.02647739j, -0.00433579-0.0075367j ],
          [ 0.16753525+0.28785056j,  0.8534902 -0.07235098j,
            0.03674247+0.3859914j , -0.06598022+0.02647739j],
          [-0.06598022+0.02647739j,  0.03674247+0.3859914j ,
            0.8534902 -0.07235098j,  0.16753525+0.28785056j],
          [-0.00433579-0.0075367j , -0.06598022+0.02647739j,
            0.16753525+0.28785056j,  0.5427715 -0.76768682j]],
         input_dims=(2, 2), output_dims=(2, 2))"
"Operator([[ 0.5427715 -0.76768682j,  0.16753525+0.28785056j,
           -0.06598022+0.02647739j, -0.00433579-0.0075367j ],
          [ 0.16753525+0.28785056j,  0.8534902 -0.07235098j,
            0.03674247+0.3859914j , -0.06598022+0.02647739j],
          [-0.06598022+0.02647739j,  0.03674247+0.3859914j ,
            0.8534902 -0.07235098j,  0.16753525+0.28785056j],
          [-0.00433579-0.0075367j , -0.06598022+0.02647739j,
            0.16753525+0.28785056j,  0.5427715 -0.76768682j]],
         input_dims=(2, 2), output_dims=(2, 2))"
"Operator([[ 0.5427715 -0.76768682j,  0.26334454-0.20390109j,
            0.05680552-0.04275013j,  0.00528593-0.00690361j],
          [-0.30736638+0.12826501j,  0.8534902 -0.07235098j,
            0.37781837-0.08713585j,  0.05680552-0.04275013j],
          [ 0.0705994 -0.00837655j, -0.38747288-0.01428788j,
            0.8534902 -0.07235098j,  0.26334454-0.20390109j],
          [-0.00862511+0.00109928j,  0.0705994 -0.00837655j,
           -0.30736638+0.12826501j,  0.5427715 -0.76768682j]],
         input_dims=(2, 2), output_dims=(2, 2))"
"Operator([[ 0.5427715 -0.76768682j,  0.16753525+0.28785056j,
           -0.06598022+0.02647739j, -0.00433579-0.0075367j ],
          [ 0.16753525+0.28785056j,  0.8534902 -0.07235098j,
            0.03674247+0.3859914j , -0.06598022+0.02647739j],
          [-0.06598022+0.02647739j,  0.03674247+0.3859914j ,
            0.8534902 -0.07235098j,  0.16753525+0.28785056j],
          [-0.00433579-0.0075367j , -0.06598022+0.02647739j,
            0.16753525+0.28785056j,  0.5427715 -0.76768682j]],
         input_dims=(2, 2), output_dims=(2, 2))"
"Operator([[ 0.5427715 -0.76768682j,  0.16753525+0.28785056j,
           -0.06598022+0.02647739j, -0.00433579-0.0075367j ],
          [ 0.16753525+0.28785056j,  0.8534902 -0.07235098j,
            0.03674247+0.3859914j , -0.06598022+0.02647739j],
          [-0.06598022+0.02647739j,  0.03674247+0.3859914j ,
            0.8534902 -0.07235098j,  0.16753525+0.28785056j],
          [-0.00433579-0.0075367j , -0.06598022+0.02647739j,
            0.16753525+0.28785056j,  0.5427715 -0.76768682j]],
         input_dims=(2, 2), output_dims=(2, 2))"
"Operator([[ 0.5427715 -0.76768682j,  0.19395962-0.2707502j ,
            0.02404673-0.06690438j, -0.0018759 -0.00849011j],
          [-0.3312203 +0.03491588j,  0.8534902 -0.07235098j,
            0.33706691-0.19163838j,  0.02404673-0.06690438j],
          [ 0.06362494+0.03172237j, -0.36716981-0.12460218j,
            0.8534902 -0.07235098j,  0.19395962-0.2707502j ],
          [-0.00639651-0.00588944j,  0.06362494+0.03172237j,
           -0.3312203 +0.03491588j,  0.5427715 -0.76768682j]],
         input_dims=(2, 2), output_dims=(2, 2))"
"Operator([[ 0.5427715 -0.76768682j,  0.16753525+0.28785056j,
           -0.06598022+0.02647739j, -0.00433579-0.0075367j ],
          [ 0.16753525+0.28785056j,  0.8534902 -0.07235098j,
            0.03674247+0.3859914j , -0.06598022+0.02647739j],
          [-0.06598022+0.02647739j,  0.03674247+0.3859914j ,
            0.8534902 -0.07235098j,  0.16753525+0.28785056j],
          [-0.00433579-0.0075367j , -0.06598022+0.02647739j,
            0.16753525+0.28785056j,  0.5427715 -0.76768682j]],
         input_dims=(2, 2), output_dims=(2, 2))"
"Operator([[ 0.5427715 -0.76768682j, -0.32008319-0.09204759j,
            0.02358778+0.06706756j,  0.0028051 -0.00822997j],
          [ 0.07806383-0.32377777j,  0.8534902 -0.07235098j,
           -0.29348524-0.25338861j,  0.02358778+0.06706756j],
          [-0.02931707-0.06476844j,  0.24040752-0.30420979j,
            0.8534902 -0.07235098j, -0.32008319-0.09204759j],
          [-0.00852466-0.00171207j, -0.02931707-0.06476844j,
            0.07806383-0.32377777j,  0.5427715 -0.76768682j]],
         input_dims=(2, 2), output_dims=(2, 2))"
"Operator([[ 0.5427715 -0.76768682j, -0.00632848-0.33299543j,
           -0.05725458-0.04214683j, -0.00732693+0.00468157j],
          [-0.2864139 -0.16997965j,  0.8534902 -0.07235098j,
            0.15568846-0.35510629j, -0.05725458-0.04214683j],
          [-0.01223743+0.07003347j, -0.21989034-0.31935499j,
            0.8534902 -0.07235098j, -0.00632848-0.33299543j],
          [ 0.00773017-0.00398064j, -0.01223743+0.07003347j,
           -0.2864139 -0.16997965j,  0.5427715 -0.76768682j]],
         input_dims=(2, 2), output_dims=(2, 2))"
"Operator([[ 0.5427715 -7.67686822e-01j,  0.04894059-3.29440167e-01j,
           -0.04033468-5.85453262e-02j, -0.00867411+6.00585824e-04j],
          [-0.31062175-1.20167107e-01j,  0.8534902 -7.23509793e-02j,
            0.21238154-3.24397064e-01j, -0.04033468-5.85453262e-02j],
          [ 0.01132463+7.01868515e-02j, -0.26977132-2.78500998e-01j,
            0.8534902 -7.23509793e-02j,  0.04894059-3.29440167e-01j],
          [ 0.00487946-7.19665493e-03j,  0.01132463+7.01868515e-02j,
           -0.31062175-1.20167107e-01j,  0.5427715 -7.67686822e-01j]],
         input_dims=(2, 2), output_dims=(2, 2))"
"Operator([[ 0.5427715 -7.67686822e-01j, -0.05745423-3.28062519e-01j,
           -0.06735415-2.27565447e-02j, -0.00446373+7.46164135e-03j],
          [-0.2568721 -2.11997003e-01j,  0.8534902 -7.23509793e-02j,
            0.09923633-3.74821991e-01j, -0.06735415-2.27565447e-02j],
          [-0.03293923+6.30035587e-02j, -0.16817182-3.49367446e-01j,
            0.8534902 -7.23509793e-02j, -0.05745423-3.28062519e-01j],
          [ 0.00869421-1.07994700e-04j, -0.03293923+6.30035587e-02j,
           -0.2568721 -2.11997003e-01j,  0.5427715 -7.67686822e-01j]],
         input_dims=(2, 2), output_dims=(2, 2))"
"Operator([[ 0.5427715 -0.76768682j, -0.23266433-0.23831348j,
           -0.04561296+0.05453347j,  0.00828091+0.00265093j],
          [-0.09229341-0.32001239j,  0.8534902 -0.07235098j,
           -0.12974829-0.36538302j, -0.04561296+0.05453347j],
          [-0.07065708-0.00787513j,  0.0584812 -0.38330056j,
            0.8534902 -0.07235098j, -0.23266433-0.23831348j],
          [-0.00187095+0.0084912j , -0.07065708-0.00787513j,
           -0.09229341-0.32001239j,  0.5427715 -0.76768682j]],
         input_dims=(2, 2), output_dims=(2, 2))"
