unitary
"Operator([[ 8.60421815e-01-0.47311191j,  5.17573063e-02+0.18087494j,
           -2.06130761e-02+0.00425699j, -3.72237781e-04-0.0013045j ],
          [ 5.17573063e-02+0.18087494j,  9.56148263e-01-0.05048357j,
            1.17880916e-02+0.21738299j, -2.06130761e-02+0.00425699j],
          [-2.06130761e-02+0.00425699j,  1.17880916e-02+0.21738299j,
            9.56148263e-01-0.05048357j,  5.17573063e-02+0.18087494j],
          [-3.72237781e-04-0.0013045j , -2.06130761e-02+0.00425699j,
            5.17573063e-02+0.18087494j,  8.60421815e-01-0.47311191j]],
         input_dims=(2, 2), output_dims=(2, 2))"
"Operator([[ 8.60421815e-01-0.47311191j,  5.17573063e-02+0.18087494j,
           -2.06130761e-02+0.00425699j, -3.72237781e-04-0.0013045j ],
          [ 5.17573063e-02+0.18087494j,  9.56148263e-01-0.05048357j,
            1.17880916e-02+0.21738299j, -2.06130761e-02+0.00425699j],
          [-2.06130761e-02+0.00425699j,  1.17880916e-02+0.21738299j,
            9.56148263e-01-0.05048357j,  5.17573063e-02+0.18087494j],
          [-3.72237781e-04-0.0013045j , -2.06130761e-02+0.00425699j,
            5.17573063e-02+0.18087494j,  8.60421815e-01-0.47311191j]],
         input_dims=(2, 2), output_dims=(2, 2))"
"Operator([[ 0.86042181-4.73111906e-01j,  0.04630484-1.82346993e-01j,
           -0.01387378-1.58284294e-02j, -0.00130865+3.57401508e-04j],
          [-0.13575458-1.30250748e-01j,  0.95614826-5.04835675e-02j,
            0.09921687-1.93779090e-01j, -0.01387378-1.58284294e-02j],
          [-0.00646844+2.00294818e-02j, -0.11958968-1.81913803e-01j,
            0.95614826-5.04835675e-02j,  0.04630484-1.82346993e-01j],
          [ 0.00130019-3.87026060e-04j, -0.00646844+2.00294818e-02j,
           -0.13575458-1.30250748e-01j,  0.86042181-4.73111906e-01j]],
         input_dims=(2, 2), output_dims=(2, 2))"
"Operator([[ 8.60421815e-01-0.47311191j, -6.22700747e-03-0.18803135j,
           -2.01839267e-02-0.00596908j, -6.00826380e-04+0.00121626j],
          [-9.41813648e-02-0.16286324j,  9.56148263e-01-0.05048357j,
            4.14192347e-02-0.21372592j, -2.01839267e-02-0.00596908j],
          [-1.61680551e-02+0.01347646j, -6.42879497e-02-0.20799371j,
            9.56148263e-01-0.05048357j, -6.22700747e-03-0.18803135j],
          [ 1.15220566e-03+0.00071604j, -1.61680551e-02+0.01347646j,
           -9.41813648e-02-0.16286324j,  8.60421815e-01-0.47311191j]],
         input_dims=(2, 2), output_dims=(2, 2))"
"Operator([[ 8.60421815e-01-0.47311191j, -1.84359275e-02-0.18722895j,
           -2.07877143e-02-0.00330027j, -3.53586878e-04+0.00130968j],
          [-8.33960398e-02-0.16864064j,  9.56148263e-01-0.05048357j,
            2.74394004e-02-0.21596621j, -2.07877143e-02-0.00330027j],
          [-1.77796755e-02+0.01126517j, -5.06323492e-02-0.21173259j,
            9.56148263e-01-0.05048357j, -1.84359275e-02-0.18722895j],
          [ 9.91496162e-04+0.00092586j, -1.77796755e-02+0.01126517j,
           -8.33960398e-02-0.16864064j,  8.60421815e-01-0.47311191j]],
         input_dims=(2, 2), output_dims=(2, 2))"
"Operator([[ 8.60421815e-01-0.47311191j, -2.29455860e-03-0.18812044j,
           -1.99167511e-02-0.00680763j, -6.75884039e-04+0.00117621j],
          [-9.75656893e-02-0.16085863j,  9.56148263e-01-0.05048357j,
            4.58784547e-02-0.21281328j, -1.99167511e-02-0.00680763j],
          [-1.55905521e-02+0.01414056j, -6.86223306e-02-0.20660421j,
            9.56148263e-01-0.05048357j, -2.29455860e-03-0.18812044j],
          [ 1.19482337e-03+0.00064241j, -1.55905521e-02+0.01414056j,
           -9.75656893e-02-0.16085863j,  8.60421815e-01-0.47311191j]],
         input_dims=(2, 2), output_dims=(2, 2))"
"Operator([[ 0.86042181-4.73111906e-01j,  0.03382688-1.85068383e-01j,
           -0.01588886-1.38045297e-02j, -0.00120929+6.14732137e-04j],
          [-0.12660497-1.39160862e-01j,  0.95614826-5.04835675e-02j,
            0.08584138-2.00063939e-01j, -0.01588886-1.38045297e-02j],
          [-0.00912042+1.89694181e-02j, -0.10697225-1.89608178e-01j,
            0.95614826-5.04835675e-02j,  0.03382688-1.85068383e-01j],
          [ 0.0013516 -1.16015647e-04j, -0.00912042+1.89694181e-02j,
           -0.12660497-1.39160862e-01j,  0.86042181-4.73111906e-01j]],
         input_dims=(2, 2), output_dims=(2, 2))"
"Operator([[ 8.60421815e-01-4.73111906e-01j,
            8.11740848e-02-1.69721336e-01j,
           -6.71699837e-03-1.99475011e-02j,
           -1.28524983e-03-4.34076699e-04j],
          [-1.58666921e-01-1.01090911e-01j,
            9.56148263e-01-5.04835675e-02j,
            1.35300650e-01-1.70552211e-01j,
           -6.71699837e-03-1.99475011e-02j],
          [ 1.73457413e-03+2.09764658e-02j,
           -1.52950190e-01-1.54921148e-01j,
            9.56148263e-01-5.04835675e-02j,
            8.11740848e-02-1.69721336e-01j],
          [ 8.62635102e-04-1.04697201e-03j,
            1.73457413e-03+2.09764658e-02j,
           -1.58666921e-01-1.01090911e-01j,
            8.60421815e-01-4.73111906e-01j]],
         input_dims=(2, 2), output_dims=(2, 2))"
"Operator([[ 8.60421815e-01-0.47311191j,  1.35449316e-01-0.13056817j,
            8.01083855e-03-0.019464j  , -2.32465459e-04-0.00133651j],
          [-1.84015123e-01-0.03915352j,  9.56148263e-01-0.05048357j,
            1.86442185e-01-0.11239944j,  8.01083855e-03-0.019464j  ],
          [ 1.50659790e-02+0.0146982j , -1.97503390e-01-0.09157911j,
            9.56148263e-01-0.05048357j,  1.35449316e-01-0.13056817j],
          [-5.07851303e-04-0.00125793j,  1.50659790e-02+0.0146982j ,
           -1.84015123e-01-0.03915352j,  8.60421815e-01-0.47311191j]],
         input_dims=(2, 2), output_dims=(2, 2))"
