unitary
"Operator([[ 0.64342104-0.70368247j,  0.21708789-0.20166194j,
            0.03355405-0.04342519j,  0.00141915-0.00565871j],
          [-0.29209221+0.04976779j,  0.88650541-0.0694078j ,
            0.32033391-0.12597852j,  0.03355405-0.04342519j],
          [ 0.05321681+0.01340122j, -0.33699968-0.07011147j,
            0.88650541-0.0694078j ,  0.21708789-0.20166194j],
          [-0.00534023-0.00234881j,  0.05321681+0.01340122j,
           -0.29209221+0.04976779j,  0.64342104-0.70368247j]],
         input_dims=(2, 2), output_dims=(2, 2))"
"Operator([[ 0.64342104-0.70368247j,  0.10677339-0.27639489j,
           -0.01353893-0.05318194j, -0.00523836-0.002568j  ],
          [-0.28436524-0.08325325j,  0.88650541-0.0694078j ,
            0.23274287-0.25360433j, -0.01353893-0.05318194j],
          [ 0.02222461+0.05017657j, -0.27220333-0.21068874j,
            0.88650541-0.0694078j ,  0.10677339-0.27639489j],
          [ 0.00118354-0.00571264j,  0.02222461+0.05017657j,
           -0.28436524-0.08325325j,  0.64342104-0.70368247j]],
         input_dims=(2, 2), output_dims=(2, 2))"
"Operator([[ 0.64342104-0.70368247j, -0.10600324+0.27669117j,
           -0.01383493-0.0531057j ,  0.00525963+0.00252414j],
          [ 0.28413228+0.08404486j,  0.88650541-0.0694078j ,
           -0.23203569+0.25425152j, -0.01383493-0.0531057j ],
          [ 0.02194479+0.05029958j,  0.27161552+0.211446j  ,
            0.88650541-0.0694078j , -0.10600324+0.27669117j],
          [-0.00123122+0.00570255j,  0.02194479+0.05029958j,
            0.28413228+0.08404486j,  0.64342104-0.70368247j]],
         input_dims=(2, 2), output_dims=(2, 2))"
"Operator([[ 0.64342104-0.70368247j, -0.05169109+0.29175798j,
           -0.03259111-0.04415247j,  0.0057891 -0.00072205j],
          [ 0.26307691+0.13632765j,  0.88650541-0.0694078j ,
           -0.1796925 +0.29358986j, -0.03259111-0.04415247j],
          [ 0.00166619+0.05485294j,  0.2266619 +0.25905363j,
            0.88650541-0.0694078j , -0.05169109+0.29175798j],
          [-0.00412018+0.00413027j,  0.00166619+0.05485294j,
            0.26307691+0.13632765j,  0.64342104-0.70368247j]],
         input_dims=(2, 2), output_dims=(2, 2))"
"Operator([[ 0.64342104-0.70368247j,  0.13118932+0.26567659j,
           -0.05186141+0.01794479j, -0.00256566-0.00523951j],
          [ 0.13118932+0.26567659j,  0.88650541-0.0694078j ,
            0.02914994+0.34297913j, -0.05186141+0.01794479j],
          [-0.05186141+0.01794479j,  0.02914994+0.34297913j,
            0.88650541-0.0694078j ,  0.13118932+0.26567659j],
          [-0.00256566-0.00523951j, -0.05186141+0.01794479j,
            0.13118932+0.26567659j,  0.64342104-0.70368247j]],
         input_dims=(2, 2), output_dims=(2, 2))"
"Operator([[ 0.64342104-0.70368247j, -0.1580291 +0.25064216j,
            0.00757682-0.05435267j,  0.0029659 +0.00502379j],
          [ 0.29507801+0.0269009j ,  0.88650541-0.0694078j ,
           -0.2772467 +0.20400654j,  0.00757682-0.05435267j],
          [ 0.03954833+0.03804669j,  0.30769862+0.15429179j,
            0.88650541-0.0694078j , -0.1580291 +0.25064216j],
          [ 0.00214983+0.0054234j ,  0.03954833+0.03804669j,
            0.29507801+0.0269009j ,  0.64342104-0.70368247j]],
         input_dims=(2, 2), output_dims=(2, 2))"
"Operator([[ 0.64342104-0.70368247j,  0.13118932+0.26567659j,
           -0.05186141+0.01794479j, -0.00256566-0.00523951j],
          [ 0.13118932+0.26567659j,  0.88650541-0.0694078j ,
            0.02914994+0.34297913j, -0.05186141+0.01794479j],
          [-0.05186141+0.01794479j,  0.02914994+0.34297913j,
            0.88650541-0.0694078j ,  0.13118932+0.26567659j],
          [-0.00256566-0.00523951j, -0.05186141+0.01794479j,
            0.13118932+0.26567659j,  0.64342104-0.70368247j]],
         input_dims=(2, 2), output_dims=(2, 2))"
"Operator([[ 0.64342104-0.70368247j,  0.13118932+0.26567659j,
           -0.05186141+0.01794479j, -0.00256566-0.00523951j],
          [ 0.13118932+0.26567659j,  0.88650541-0.0694078j ,
            0.02914994+0.34297913j, -0.05186141+0.01794479j],
          [-0.05186141+0.01794479j,  0.02914994+0.34297913j,
            0.88650541-0.0694078j ,  0.13118932+0.26567659j],
          [-0.00256566-0.00523951j, -0.05186141+0.01794479j,
            0.13118932+0.26567659j,  0.64342104-0.70368247j]],
         input_dims=(2, 2), output_dims=(2, 2))"
"Operator([[ 0.64342104-0.70368247j, -0.23024843-0.18649491j,
           -0.02010082+0.05106445j,  0.0057412 -0.00103618j],
          [-0.00809865-0.29619099j,  0.88650541-0.0694078j ,
           -0.16987383-0.29937816j, -0.02010082+0.05106445j],
          [-0.04736186-0.0277214j ,  0.11691371-0.32375235j,
            0.88650541-0.0694078j , -0.23024843-0.18649491j],
          [-0.00433895+0.00389981j, -0.04736186-0.0277214j ,
           -0.00809865-0.29619099j,  0.64342104-0.70368247j]],
         input_dims=(2, 2), output_dims=(2, 2))"
"Operator([[ 0.64342104-0.70368247j, -0.1657572 +0.24559976j,
            0.01094546-0.05377563j,  0.00248426+0.00527858j],
          [ 0.29577258+0.01769944j,  0.88650541-0.0694078j ,
           -0.2834648 +0.19527444j,  0.01094546-0.05377563j],
          [ 0.04183996+0.03551111j,  0.31235389+0.14463556j,
            0.88650541-0.0694078j , -0.1657572 +0.24559976j],
          [ 0.00264643+0.00519917j,  0.04183996+0.03551111j,
            0.29577258+0.01769944j,  0.64342104-0.70368247j]],
         input_dims=(2, 2), output_dims=(2, 2))"
"Operator([[ 0.64342104-0.70368247j,  0.13118932+0.26567659j,
           -0.05186141+0.01794479j, -0.00256566-0.00523951j],
          [ 0.13118932+0.26567659j,  0.88650541-0.0694078j ,
            0.02914994+0.34297913j, -0.05186141+0.01794479j],
          [-0.05186141+0.01794479j,  0.02914994+0.34297913j,
            0.88650541-0.0694078j ,  0.13118932+0.26567659j],
          [-0.00256566-0.00523951j, -0.05186141+0.01794479j,
            0.13118932+0.26567659j,  0.64342104-0.70368247j]],
         input_dims=(2, 2), output_dims=(2, 2))"
