unitary
"Operator([[ 9.85214685e-01-1.59807648e-01j,
           -6.16881810e-02-1.80020826e-03j,
            2.17329073e-03+3.76430093e-04j,
           -4.38992385e-05-1.19690686e-05j],
          [ 6.03867089e-02-1.27325493e-02j,
            9.95385996e-01-1.76857145e-02j,
           -7.09159728e-02-7.16394700e-03j,
            2.17329073e-03+3.76430093e-04j],
          [ 2.10553140e-03-6.56985341e-04j,
            7.06158330e-02-9.68511531e-03j,
            9.95385996e-01-1.76857145e-02j,
           -6.16881810e-02-1.80020826e-03j],
          [ 4.10749418e-05-1.95767949e-05j,
            2.10553140e-03-6.56985341e-04j,
            6.03867089e-02-1.27325493e-02j,
            9.85214685e-01-1.59807648e-01j]],
         input_dims=(2, 2), output_dims=(2, 2))"
"Operator([[ 9.85214685e-01-1.59807648e-01j,
            5.50476864e-03+6.14684467e-02j,
           -2.20092402e-03+1.44310927e-04j,
           -4.05752853e-06-4.53203950e-05j],
          [ 5.50476864e-03+6.14684467e-02j,
            9.95385996e-01-1.76857145e-02j,
            1.26948548e-03+7.12656000e-02j,
           -2.20092402e-03+1.44310927e-04j],
          [-2.20092402e-03+1.44310927e-04j,
            1.26948548e-03+7.12656000e-02j,
            9.95385996e-01-1.76857145e-02j,
            5.50476864e-03+6.14684467e-02j],
          [-4.05752853e-06-4.53203950e-05j,
           -2.20092402e-03+1.44310927e-04j,
            5.50476864e-03+6.14684467e-02j,
            9.85214685e-01-1.59807648e-01j]],
         input_dims=(2, 2), output_dims=(2, 2))"
"Operator([[ 9.85214685e-01-1.59807648e-01j,
           -6.01391239e-02+1.38548982e-02j,
            2.07960570e-03-7.34936950e-04j,
           -3.99176433e-05+2.18399519e-05j],
          [ 6.16439588e-02+2.94868975e-03j,
            9.95385996e-01-1.76857145e-02j,
           -7.04232252e-02+1.09984854e-02j,
            2.07960570e-03-7.34936950e-04j],
          [ 2.15776555e-03+4.57099566e-04j,
            7.07702636e-02+8.48334372e-03j,
            9.95385996e-01-1.76857145e-02j,
           -6.01391239e-02+1.38548982e-02j],
          [ 4.31623631e-05+1.44018107e-05j,
            2.15776555e-03+4.57099566e-04j,
            6.16439588e-02+2.94868975e-03j,
            9.85214685e-01-1.59807648e-01j]],
         input_dims=(2, 2), output_dims=(2, 2))"
"Operator([[ 9.85214685e-01-1.59807648e-01j,
           -5.81641946e-02+2.06300482e-02j,
            1.85868694e-03-1.18750792e-03j,
           -3.02391687e-05+3.39999179e-05j],
          [ 6.09042893e-02+9.96694399e-03j,
            9.95385996e-01-1.76857145e-02j,
           -6.87071575e-02+1.89663872e-02j,
            1.85868694e-03-1.18750792e-03j],
          [ 1.99783280e-03+9.34642341e-04j,
            6.93390660e-02+1.65073091e-02j,
            9.95385996e-01-1.76857145e-02j,
           -5.81641946e-02+2.06300482e-02j],
          [ 3.57978583e-05+2.80876322e-05j,
            1.99783280e-03+9.34642341e-04j,
            6.09042893e-02+9.96694399e-03j,
            9.85214685e-01-1.59807648e-01j]],
         input_dims=(2, 2), output_dims=(2, 2))"
"Operator([[ 9.85214685e-01-1.59807648e-01j,
           -5.58457597e-02+2.62663957e-02j,
            1.58940809e-03-1.52927242e-03j,
           -1.89906165e-05+4.13492228e-05j],
          [ 5.96242335e-02+1.59255520e-02j,
            9.95385996e-01-1.76857145e-02j,
           -6.65014061e-02+2.56507372e-02j,
            1.58940809e-03-1.52927242e-03j],
          [ 1.77548541e-03+1.30864195e-03j,
            6.73727810e-02+2.32659774e-02j,
            9.95385996e-01-1.76857145e-02j,
           -5.58457597e-02+2.62663957e-02j],
          [ 2.60336999e-05+3.73182021e-05j,
            1.77548541e-03+1.30864195e-03j,
            5.96242335e-02+1.59255520e-02j,
            9.85214685e-01-1.59807648e-01j]],
         input_dims=(2, 2), output_dims=(2, 2))"
"Operator([[ 9.85214685e-01-1.59807648e-01j,
           -5.35112754e-02+3.07443626e-02j,
            1.31893214e-03-1.76785469e-03j,
           -8.36931924e-06+4.47253422e-05j],
          [ 5.81225581e-02+2.07470638e-02j,
            9.95385996e-01-1.76857145e-02j,
           -6.41815836e-02+3.10019622e-02j,
            1.31893214e-03-1.76785469e-03j],
          [ 1.53847812e-03+1.58049905e-03j,
            6.52450173e-02+2.86964292e-02j,
            9.95385996e-01-1.76857145e-02j,
           -5.35112754e-02+3.07443626e-02j],
          [ 1.61810406e-05+4.25273520e-05j,
            1.53847812e-03+1.58049905e-03j,
            5.81225581e-02+2.07470638e-02j,
            9.85214685e-01-1.59807648e-01j]],
         input_dims=(2, 2), output_dims=(2, 2))"
"Operator([[ 9.85214685e-01-1.59807648e-01j,
           -5.14771009e-02+3.40408652e-02j,
            1.08717213e-03-1.91910108e-03j,
            1.52110066e-07+4.55014132e-05j],
          [ 5.67064871e-02+2.43525510e-02j,
            9.95385996e-01-1.76857145e-02j,
           -6.21102299e-02+3.49673659e-02j,
            1.08717213e-03-1.91910108e-03j],
          [ 1.32845139e-03+1.76071267e-03j,
            6.33162079e-02+3.27330896e-02j,
            9.95385996e-01-1.76857145e-02j,
           -5.14771009e-02+3.40408652e-02j],
          [ 7.93299166e-06+4.48047920e-05j,
            1.32845139e-03+1.76071267e-03j,
            5.67064871e-02+2.43525510e-02j,
            9.85214685e-01-1.59807648e-01j]],
         input_dims=(2, 2), output_dims=(2, 2))"
"Operator([[ 9.85214685e-01-1.59807648e-01j,
           -4.99948449e-02+3.61827018e-02j,
            9.21485985e-04-2.00393507e-03j,
            5.89722482e-06+4.51178954e-05j],
          [ 5.56283868e-02+2.67236787e-02j,
            9.95385996e-01-1.76857145e-02j,
           -6.05794081e-02+3.75570586e-02j,
            9.21485985e-04-2.00393507e-03j],
          [ 1.17526101e-03+1.86645486e-03j,
            6.18785907e-02+3.53756604e-02j,
            9.95385996e-01-1.76857145e-02j,
           -4.99948449e-02+3.61827018e-02j],
          [ 2.21111904e-06+4.54479119e-05j,
            1.17526101e-03+1.86645486e-03j,
            5.56283868e-02+2.67236787e-02j,
            9.85214685e-01-1.59807648e-01j]],
         input_dims=(2, 2), output_dims=(2, 2))"
"Operator([[ 9.85214685e-01-1.59807648e-01j,
            5.50476864e-03+6.14684467e-02j,
           -2.20092402e-03+1.44310927e-04j,
           -4.05752853e-06-4.53203950e-05j],
          [ 5.50476864e-03+6.14684467e-02j,
            9.95385996e-01-1.76857145e-02j,
            1.26948548e-03+7.12656000e-02j,
           -2.20092402e-03+1.44310927e-04j],
          [-2.20092402e-03+1.44310927e-04j,
            1.26948548e-03+7.12656000e-02j,
            9.95385996e-01-1.76857145e-02j,
            5.50476864e-03+6.14684467e-02j],
          [-4.05752853e-06-4.53203950e-05j,
           -2.20092402e-03+1.44310927e-04j,
            5.50476864e-03+6.14684467e-02j,
            9.85214685e-01-1.59807648e-01j]],
         input_dims=(2, 2), output_dims=(2, 2))"
"Operator([[ 9.85214685e-01-1.59807648e-01j,
           -4.92714667e-02+3.71617410e-02j,
            8.41734820e-04-2.03871888e-03j,
            8.55517880e-06+4.46901629e-05j],
          [ 5.50904786e-02+2.78156717e-02j,
            9.95385996e-01-1.76857145e-02j,
           -5.98268636e-02+3.87445961e-02j,
            8.41734820e-04-2.03871888e-03j],
          [ 1.10073455e-03+1.91135440e-03j,
            6.11688185e-02+3.65892467e-02j,
            9.95385996e-01-1.76857145e-02j,
           -4.92714667e-02+3.71617410e-02j],
          [-4.80544233e-07+4.54991299e-05j,
            1.10073455e-03+1.91135440e-03j,
            5.50904786e-02+2.78156717e-02j,
            9.85214685e-01-1.59807648e-01j]],
         input_dims=(2, 2), output_dims=(2, 2))"
"Operator([[ 9.85214685e-01-1.59807648e-01j,
           -5.00496227e-02+3.61068925e-02j,
            9.27555713e-04-2.00113283e-03j,
            5.69203459e-06+4.51442409e-05j],
          [ 5.56688229e-02+2.66393427e-02j,
            9.95385996e-01-1.76857145e-02j,
           -6.06362566e-02+3.74652067e-02j,
            9.27555713e-04-2.00113283e-03j],
          [ 1.18091287e-03+1.86288405e-03j,
            6.19321318e-02+3.52818421e-02j,
            9.95385996e-01-1.76857145e-02j,
           -5.00496227e-02+3.61068925e-02j],
          [ 2.41772589e-06+4.54373893e-05j,
            1.18091287e-03+1.86288405e-03j,
            5.56688229e-02+2.66393427e-02j,
            9.85214685e-01-1.59807648e-01j]],
         input_dims=(2, 2), output_dims=(2, 2))"
"Operator([[ 9.85214685e-01-1.59807648e-01j,
            5.50476864e-03+6.14684467e-02j,
           -2.20092402e-03+1.44310927e-04j,
           -4.05752853e-06-4.53203950e-05j],
          [ 5.50476864e-03+6.14684467e-02j,
            9.95385996e-01-1.76857145e-02j,
            1.26948548e-03+7.12656000e-02j,
           -2.20092402e-03+1.44310927e-04j],
          [-2.20092402e-03+1.44310927e-04j,
            1.26948548e-03+7.12656000e-02j,
            9.95385996e-01-1.76857145e-02j,
            5.50476864e-03+6.14684467e-02j],
          [-4.05752853e-06-4.53203950e-05j,
           -2.20092402e-03+1.44310927e-04j,
            5.50476864e-03+6.14684467e-02j,
            9.85214685e-01-1.59807648e-01j]],
         input_dims=(2, 2), output_dims=(2, 2))"
"Operator([[ 9.85214685e-01-1.59807648e-01j,
            5.50476864e-03+6.14684467e-02j,
           -2.20092402e-03+1.44310927e-04j,
           -4.05752853e-06-4.53203950e-05j],
          [ 5.50476864e-03+6.14684467e-02j,
            9.95385996e-01-1.76857145e-02j,
            1.26948548e-03+7.12656000e-02j,
           -2.20092402e-03+1.44310927e-04j],
          [-2.20092402e-03+1.44310927e-04j,
            1.26948548e-03+7.12656000e-02j,
            9.95385996e-01-1.76857145e-02j,
            5.50476864e-03+6.14684467e-02j],
          [-4.05752853e-06-4.53203950e-05j,
           -2.20092402e-03+1.44310927e-04j,
            5.50476864e-03+6.14684467e-02j,
            9.85214685e-01-1.59807648e-01j]],
         input_dims=(2, 2), output_dims=(2, 2))"
"Operator([[ 9.85214685e-01-1.59807648e-01j,
           -5.62344934e-02+2.54234965e-02j,
            1.63468476e-03-1.48077612e-03j,
           -2.08364191e-05+4.04505300e-05j],
          [ 5.98570120e-02+1.50269938e-02j,
            9.95385996e-01-1.76857145e-02j,
           -6.68796749e-02+2.46476453e-02j,
            1.63468476e-03-1.48077612e-03j],
          [ 1.81404203e-03+1.25464884e-03j,
            6.77150842e-02+2.22500496e-02j,
            9.95385996e-01-1.76857145e-02j,
           -5.62344934e-02+2.54234965e-02j],
          [ 2.76905073e-05+3.61059212e-05j,
            1.81404203e-03+1.25464884e-03j,
            5.98570120e-02+1.50269938e-02j,
            9.85214685e-01-1.59807648e-01j]],
         input_dims=(2, 2), output_dims=(2, 2))"
