unitary
"Operator([[ 9.82860397e-01-1.71944871e-01j,
            6.38083307e-03+6.61297420e-02j,
           -2.55101107e-03+1.80172654e-04j,
           -5.45548173e-06-5.65575555e-05j],
          [ 6.38083307e-03+6.61297420e-02j,
            9.94650646e-01-1.90167287e-02j,
            1.47118819e-03+7.67195820e-02j,
           -2.55101107e-03+1.80172654e-04j],
          [-2.55101107e-03+1.80172654e-04j,
            1.47118819e-03+7.67195820e-02j,
            9.94650646e-01-1.90167287e-02j,
            6.38083307e-03+6.61297420e-02j],
          [-5.45548173e-06-5.65575555e-05j,
           -2.55101107e-03+1.80172654e-04j,
            6.38083307e-03+6.61297420e-02j,
            9.82860397e-01-1.71944871e-01j]],
         input_dims=(2, 2), output_dims=(2, 2))"
"Operator([[ 9.82860397e-01-1.71944871e-01j,
            6.38083307e-03+6.61297420e-02j,
           -2.55101107e-03+1.80172654e-04j,
           -5.45548173e-06-5.65575555e-05j],
          [ 6.38083307e-03+6.61297420e-02j,
            9.94650646e-01-1.90167287e-02j,
            1.47118819e-03+7.67195820e-02j,
           -2.55101107e-03+1.80172654e-04j],
          [-2.55101107e-03+1.80172654e-04j,
            1.47118819e-03+7.67195820e-02j,
            9.94650646e-01-1.90167287e-02j,
            6.38083307e-03+6.61297420e-02j],
          [-5.45548173e-06-5.65575555e-05j,
           -2.55101107e-03+1.80172654e-04j,
            6.38083307e-03+6.61297420e-02j,
            9.82860397e-01-1.71944871e-01j]],
         input_dims=(2, 2), output_dims=(2, 2))"
"Operator([[ 9.82860397e-01-1.71944871e-01j,
            6.61373599e-02-6.30138287e-03j,
            2.55143661e-03-1.74042776e-04j,
            5.65768501e-05-5.25160882e-06j],
          [-6.61220286e-02+6.46027406e-03j,
            9.94650646e-01-1.90167287e-02j,
            7.67212941e-02-1.37901933e-03j,
            2.55143661e-03-1.74042776e-04j],
          [ 2.55057080e-03-1.86301493e-04j,
           -7.67177592e-02+1.56335493e-03j,
            9.94650646e-01-1.90167287e-02j,
            6.61373599e-02-6.30138287e-03j],
          [-5.65375262e-05+5.65928378e-06j,
            2.55057080e-03-1.86301493e-04j,
           -6.61220286e-02+6.46027406e-03j,
            9.82860397e-01-1.71944871e-01j]],
         input_dims=(2, 2), output_dims=(2, 2))"
"Operator([[ 9.82860397e-01-1.71944871e-01j,
            6.38083307e-03+6.61297420e-02j,
           -2.55101107e-03+1.80172654e-04j,
           -5.45548173e-06-5.65575555e-05j],
          [ 6.38083307e-03+6.61297420e-02j,
            9.94650646e-01-1.90167287e-02j,
            1.47118819e-03+7.67195820e-02j,
           -2.55101107e-03+1.80172654e-04j],
          [-2.55101107e-03+1.80172654e-04j,
            1.47118819e-03+7.67195820e-02j,
            9.94650646e-01-1.90167287e-02j,
            6.38083307e-03+6.61297420e-02j],
          [-5.45548173e-06-5.65575555e-05j,
           -2.55101107e-03+1.80172654e-04j,
            6.38083307e-03+6.61297420e-02j,
            9.82860397e-01-1.71944871e-01j]],
         input_dims=(2, 2), output_dims=(2, 2))"
"Operator([[ 9.82860397e-01-1.71944871e-01j,
            6.46496332e-02-1.53062969e-02j,
            2.40832928e-03-8.60273069e-04j,
            4.97270014e-05-2.74908110e-05j],
          [-6.63834801e-02-2.66296279e-03j,
            9.94650646e-01-1.90167287e-02j,
            7.58083218e-02-1.18809511e-02j,
            2.40832928e-03-8.60273069e-04j],
          [ 2.50533704e-03+5.13230944e-04j,
           -7.62080839e-02-8.96585779e-03j,
            9.94650646e-01-1.90167287e-02j,
            6.46496332e-02-1.53062969e-02j],
          [-5.40647579e-05-1.74791682e-05j,
            2.50533704e-03+5.13230944e-04j,
           -6.63834801e-02-2.66296279e-03j,
            9.82860397e-01-1.71944871e-01j]],
         input_dims=(2, 2), output_dims=(2, 2))"
"Operator([[ 9.82860397e-01-1.71944871e-01j,
            6.41683900e-02-1.72126559e-02j,
            2.35322084e-03-1.00123490e-03j,
            4.70935185e-05-3.17918209e-05j],
          [-6.62756094e-02-4.62616512e-03j,
            9.94650646e-01-1.90167287e-02j,
            7.54235522e-02-1.41190093e-02j,
            2.35322084e-03-1.00123490e-03j],
          [ 2.47058852e-03+6.60539184e-04j,
           -7.59094004e-02-1.12170220e-02j,
            9.94650646e-01-1.90167287e-02j,
            6.41683900e-02-1.72126559e-02j],
          [-5.23019214e-05-2.22042424e-05j,
            2.47058852e-03+6.60539184e-04j,
           -6.62756094e-02-4.62616512e-03j,
            9.82860397e-01-1.71944871e-01j]],
         input_dims=(2, 2), output_dims=(2, 2))"
"Operator([[ 9.82860397e-01-1.71944871e-01j,
            6.38083307e-03+6.61297420e-02j,
           -2.55101107e-03+1.80172654e-04j,
           -5.45548173e-06-5.65575555e-05j],
          [ 6.38083307e-03+6.61297420e-02j,
            9.94650646e-01-1.90167287e-02j,
            1.47118819e-03+7.67195820e-02j,
           -2.55101107e-03+1.80172654e-04j],
          [-2.55101107e-03+1.80172654e-04j,
            1.47118819e-03+7.67195820e-02j,
            9.94650646e-01-1.90167287e-02j,
            6.38083307e-03+6.61297420e-02j],
          [-5.45548173e-06-5.65575555e-05j,
           -2.55101107e-03+1.80172654e-04j,
            6.38083307e-03+6.61297420e-02j,
            9.82860397e-01-1.71944871e-01j]],
         input_dims=(2, 2), output_dims=(2, 2))"
"Operator([[ 9.82860397e-01-1.71944871e-01j,
            6.38577022e-02-1.83317122e-02j,
            2.31678419e-03-1.08288072e-03j,
            4.53622538e-05-3.42167399e-05j],
          [-6.61846159e-02-5.78397952e-03j,
            9.94650646e-01-1.90167287e-02j,
            7.51652227e-02-1.54352826e-02j,
            2.31678419e-03-1.08288072e-03j],
          [ 2.44598929e-03+7.46495848e-04j,
           -7.57017245e-02-1.25422315e-02j,
            9.94650646e-01-1.90167287e-02j,
            6.38577022e-02-1.83317122e-02j],
          [-5.10660739e-05-2.49153659e-05j,
            2.44598929e-03+7.46495848e-04j,
           -6.61846159e-02-5.78397952e-03j,
            9.82860397e-01-1.71944871e-01j]],
         input_dims=(2, 2), output_dims=(2, 2))"
"Operator([[ 9.82860397e-01-1.71944871e-01j,
            6.45170655e-02-1.58557895e-02j,
            2.39334253e-03-9.01127732e-04j,
            4.90091862e-05-2.87509832e-05j],
          [-6.63584206e-02-3.22766481e-03j,
            9.94650646e-01-1.90167287e-02j,
            7.57044934e-02-1.25255071e-02j,
            2.39334253e-03-9.01127732e-04j],
          [ 2.49624138e-03+5.55786498e-04j,
           -7.61290430e-02-9.61392056e-03j,
            9.94650646e-01-1.90167287e-02j,
            6.45170655e-02-1.58557895e-02j],
          [-5.36010456e-05-1.88533092e-05j,
            2.49624138e-03+5.55786498e-04j,
           -6.63584206e-02-3.22766481e-03j,
            9.82860397e-01-1.71944871e-01j]],
         input_dims=(2, 2), output_dims=(2, 2))"
"Operator([[ 9.82860397e-01-1.71944871e-01j,
            6.54171695e-02-1.15953326e-02j,
            2.49061027e-03-5.80499900e-04j,
            5.36824136e-05-1.86203606e-05j],
          [-6.64273232e-02+1.12629120e-03j,
            9.94650646e-01-1.90167287e-02j,
            7.63624062e-02-7.53933489e-03j,
            2.49061027e-03-5.80499900e-04j],
          [ 2.54747777e-03+2.24670125e-04j,
           -7.65953110e-02-4.60619082e-03j,
            9.94650646e-01-1.90167287e-02j,
            6.54171695e-02-1.15953326e-02j],
          [-5.62517507e-05-8.01622789e-06j,
            2.54747777e-03+2.24670125e-04j,
           -6.64273232e-02+1.12629120e-03j,
            9.82860397e-01-1.71944871e-01j]],
         input_dims=(2, 2), output_dims=(2, 2))"
"Operator([[ 9.82860397e-01-1.71944871e-01j,
            6.38083307e-03+6.61297420e-02j,
           -2.55101107e-03+1.80172654e-04j,
           -5.45548173e-06-5.65575555e-05j],
          [ 6.38083307e-03+6.61297420e-02j,
            9.94650646e-01-1.90167287e-02j,
            1.47118819e-03+7.67195820e-02j,
           -2.55101107e-03+1.80172654e-04j],
          [-2.55101107e-03+1.80172654e-04j,
            1.47118819e-03+7.67195820e-02j,
            9.94650646e-01-1.90167287e-02j,
            6.38083307e-03+6.61297420e-02j],
          [-5.45548173e-06-5.65575555e-05j,
           -2.55101107e-03+1.80172654e-04j,
            6.38083307e-03+6.61297420e-02j,
            9.82860397e-01-1.71944871e-01j]],
         input_dims=(2, 2), output_dims=(2, 2))"
"Operator([[ 9.82860397e-01-1.71944871e-01j,
            6.63676202e-02-3.03262034e-03j,
            2.55617264e-03+7.81096812e-05j,
            5.67328052e-05+3.14772500e-06j],
          [-6.57230564e-02+9.71275766e-03j,
            9.94650646e-01-1.90167287e-02j,
            7.66959687e-02+2.40562786e-03j,
            2.55617264e-03+7.81096812e-05j],
          [ 2.51981859e-03-4.36616480e-04j,
           -7.65473557e-02+5.34424879e-03j,
            9.94650646e-01-1.90167287e-02j,
            6.63676202e-02-3.03262034e-03j],
          [-5.50851619e-05+1.39335674e-05j,
            2.51981859e-03-4.36616480e-04j,
           -6.57230564e-02+9.71275766e-03j,
            9.82860397e-01-1.71944871e-01j]],
         input_dims=(2, 2), output_dims=(2, 2))"
"Operator([[ 9.82860397e-01-1.71944871e-01j,
            6.64238717e-02+1.31417862e-03j,
            2.52411312e-03+4.11062767e-04j,
            5.50288296e-05+1.41544082e-05j],
          [-6.49471660e-02+1.39901189e-02j,
            9.94650646e-01-1.90167287e-02j,
            7.63744596e-02+7.41623786e-03j,
            2.52411312e-03+4.11062767e-04j],
          [ 2.44127920e-03-7.61758193e-04j,
           -7.60339849e-02+1.03388490e-02j,
            9.94650646e-01-1.90167287e-02j,
            6.64238717e-02+1.31417862e-03j],
          [-5.13087913e-05+2.44116222e-05j,
            2.44127920e-03-7.61758193e-04j,
           -6.49471660e-02+1.39901189e-02j,
            9.82860397e-01-1.71944871e-01j]],
         input_dims=(2, 2), output_dims=(2, 2))"
