unitary
"Operator([[-0.10434541-0.84554544j, -0.48731252+0.0061323j ,
            0.07202989+0.1726825j ,  0.0109399 -0.03907192j],
          [-0.1301849 -0.46964134j,  0.62417754-0.03862586j,
           -0.41050217-0.40973133j,  0.07202989+0.1726825j ],
          [-0.14781447-0.11471022j,  0.29151799-0.50140708j,
            0.62417754-0.03862586j, -0.48731252+0.0061323j ],
          [-0.03559819+0.01946959j, -0.14781447-0.11471022j,
           -0.1301849 -0.46964134j, -0.10434541-0.84554544j]],
         input_dims=(2, 2), output_dims=(2, 2))"
"Operator([[-0.10434541-0.84554544j,  0.15499304+0.46204789j,
           -0.15916888-0.0983505j ,  0.0320485 -0.02488352j],
          [ 0.48694834+0.01980939j,  0.62417754-0.03862586j,
           -0.26442184+0.51621012j, -0.15916888-0.0983505j ],
          [ 0.05326889+0.17935991j,  0.38811607+0.43099618j,
            0.62417754-0.03862586j,  0.15499304+0.46204789j],
          [-0.01701489+0.03683463j,  0.05326889+0.17935991j,
            0.48694834+0.01980939j, -0.10434541-0.84554544j]],
         input_dims=(2, 2), output_dims=(2, 2))"
"Operator([[-0.10434541-0.84554544j,  0.38976391+0.29256656j,
           -0.14860844+0.11367974j, -0.03176137-0.02524899j],
          [ 0.38976391+0.29256656j,  0.62417754-0.03862586j,
            0.07510273+0.57510988j, -0.14860844+0.11367974j],
          [-0.14860844+0.11367974j,  0.07510273+0.57510988j,
            0.62417754-0.03862586j,  0.38976391+0.29256656j],
          [-0.03176137-0.02524899j, -0.14860844+0.11367974j,
            0.38976391+0.29256656j, -0.10434541-0.84554544j]],
         input_dims=(2, 2), output_dims=(2, 2))"
"Operator([[-0.10434541-0.84554544j,  0.38976391+0.29256656j,
           -0.14860844+0.11367974j, -0.03176137-0.02524899j],
          [ 0.38976391+0.29256656j,  0.62417754-0.03862586j,
            0.07510273+0.57510988j, -0.14860844+0.11367974j],
          [-0.14860844+0.11367974j,  0.07510273+0.57510988j,
            0.62417754-0.03862586j,  0.38976391+0.29256656j],
          [-0.03176137-0.02524899j, -0.14860844+0.11367974j,
            0.38976391+0.29256656j, -0.10434541-0.84554544j]],
         input_dims=(2, 2), output_dims=(2, 2))"
"Operator([[-0.10434541-0.84554544j,  0.41905528-0.24880468j,
            0.18554376+0.02410529j,  0.03905918+0.0109853j ],
          [-0.12189446+0.47186104j,  0.62417754-0.03862586j,
            0.56031298+0.14980372j,  0.18554376+0.02410529j],
          [ 0.02529111-0.18538585j, -0.50305374+0.28866716j,
            0.62417754-0.03862586j,  0.41905528-0.24880468j],
          [ 0.01951094+0.03557554j,  0.02529111-0.18538585j,
           -0.12189446+0.47186104j, -0.10434541-0.84554544j]],
         input_dims=(2, 2), output_dims=(2, 2))"
"Operator([[-0.10434541-0.84554544j, -0.20740582-0.44101465j,
           -0.17751151-0.05913727j, -0.02164705+0.03431766j],
          [-0.48138706-0.07601053j,  0.62417754-0.03862586j,
            0.20292701-0.54333454j, -0.17751151-0.05913727j],
          [ 0.01062203+0.1868013j , -0.33564895-0.47300272j,
            0.62417754-0.03862586j, -0.20740582-0.44101465j],
          [ 0.02855173-0.02882872j,  0.01062203+0.1868013j ,
           -0.48138706-0.07601053j, -0.10434541-0.84554544j]],
         input_dims=(2, 2), output_dims=(2, 2))"
"Operator([[-0.10434541-0.84554544j, -0.46739114+0.13804572j,
            0.15157969+0.1096866j , -0.02123594-0.03457356j],
          [ 0.00204417-0.48734682j,  0.62417754-0.03862586j,
           -0.50622729-0.28306488j,  0.15157969+0.1096866j ],
          [-0.06619599-0.17500184j,  0.41656063-0.40357036j,
            0.62417754-0.03862586j, -0.46739114+0.13804572j],
          [-0.03847203-0.01289183j, -0.06619599-0.17500184j,
            0.00204417-0.48734682j, -0.10434541-0.84554544j]],
         input_dims=(2, 2), output_dims=(2, 2))"
