unitary
"Operator([[ 0.54598147-0.57589477j, -0.35804466+0.24622009j,
            0.0575424 +0.10093953j,  0.38891408-0.12913193j],
          [-0.42871753-0.07086316j, -0.46644454-0.22752828j,
           -0.00754812+0.72683091j,  0.0575424 +0.10093953j],
          [-0.09865863+0.06137092j, -0.50943497+0.51847484j,
           -0.46644454-0.22752828j, -0.35804466+0.24622009j],
          [-0.16232501+0.37627092j, -0.09865863+0.06137092j,
           -0.42871753-0.07086316j,  0.54598147-0.57589477j]],
         input_dims=(2, 2), output_dims=(2, 2))"
"Operator([[ 0.54598147-0.57589477j, -0.4241275 +0.09453135j,
           -0.02853165+0.11263153j,  0.2769362 +0.30205224j],
          [-0.4241275 +0.09453135j, -0.46644454-0.22752828j,
           -0.27869507+0.67131901j, -0.02853165+0.11263153j],
          [-0.02853165+0.11263153j, -0.27869507+0.67131901j,
           -0.46644454-0.22752828j, -0.4241275 +0.09453135j],
          [ 0.2769362 +0.30205224j, -0.02853165+0.11263153j,
           -0.4241275 +0.09453135j,  0.54598147-0.57589477j]],
         input_dims=(2, 2), output_dims=(2, 2))"
"Operator([[ 0.54598147-0.57589477j, -0.4241275 +0.09453135j,
           -0.02853165+0.11263153j,  0.2769362 +0.30205224j],
          [-0.4241275 +0.09453135j, -0.46644454-0.22752828j,
           -0.27869507+0.67131901j, -0.02853165+0.11263153j],
          [-0.02853165+0.11263153j, -0.27869507+0.67131901j,
           -0.46644454-0.22752828j, -0.4241275 +0.09453135j],
          [ 0.2769362 +0.30205224j, -0.02853165+0.11263153j,
           -0.4241275 +0.09453135j,  0.54598147-0.57589477j]],
         input_dims=(2, 2), output_dims=(2, 2))"
