unitary
"Operator([[ 9.48847733e-01-2.94128629e-01j,
           -2.54909322e-02+1.11659592e-01j,
           -6.04498624e-03-4.69549828e-03j,
            2.49474512e-04-1.57652249e-04j],
          [ 6.06607929e-02+9.71489599e-02j,
            9.84006562e-01-3.22239178e-02j,
           -4.64095257e-02+1.23946036e-01j,
           -6.04498624e-03-4.69549828e-03j],
          [-4.72901228e-03+6.01880433e-03j,
            5.44917375e-02+1.20611419e-01j,
            9.84006562e-01-3.22239178e-02j,
           -2.54909322e-02+1.11659592e-01j],
          [-2.87330979e-04-6.73251220e-05j,
           -4.72901228e-03+6.01880433e-03j,
            6.06607929e-02+9.71489599e-02j,
            9.48847733e-01-2.94128629e-01j]],
         input_dims=(2, 2), output_dims=(2, 2))"
"Operator([[ 9.48847733e-01-2.94128629e-01j,
           -1.26053469e-03+1.14525383e-01j,
           -7.44660759e-03-1.77132666e-03j,
            1.05865974e-04-2.75470795e-04j],
          [ 3.87060016e-02+1.07793774e-01j,
            9.84006562e-01-3.22239178e-02j,
           -1.91019090e-02+1.30964045e-01j,
           -7.44660759e-03-1.77132666e-03j],
          [-6.79661496e-03+3.52073682e-03j,
            2.77070667e-02+1.29417087e-01j,
            9.84006562e-01-3.22239178e-02j,
           -1.26053469e-03+1.14525383e-01j],
          [-1.90189222e-04-2.25654212e-04j,
           -6.79661496e-03+3.52073682e-03j,
            3.87060016e-02+1.07793774e-01j,
            9.48847733e-01-2.94128629e-01j]],
         input_dims=(2, 2), output_dims=(2, 2))"
"Operator([[ 9.48847733e-01-2.94128629e-01j,
            1.71778768e-02+1.13236799e-01j,
           -7.62368831e-03+6.84791454e-04j,
           -3.46734097e-05-2.93069135e-04j],
          [ 2.08627902e-02+1.12616145e-01j,
            9.84006562e-01-3.22239178e-02j,
            2.21307579e-03+1.32331275e-01j,
           -7.62368831e-03+6.84791454e-04j],
          [-7.56280642e-03+1.18047521e-03j,
            6.52886187e-03+1.32188645e-01j,
            9.84006562e-01-3.22239178e-02j,
            1.71778768e-02+1.13236799e-01j],
          [-6.31485913e-05-2.88277677e-04j,
           -7.56280642e-03+1.18047521e-03j,
            2.08627902e-02+1.12616145e-01j,
            9.48847733e-01-2.94128629e-01j]],
         input_dims=(2, 2), output_dims=(2, 2))"
"Operator([[ 9.48847733e-01-2.94128629e-01j,
            2.96293226e-02+1.10633428e-01j,
           -7.28523742e-03+2.34837782e-03j,
           -1.28665478e-04-2.65587948e-04j],
          [ 8.24554173e-03+1.14235123e-01j,
            9.84006562e-01-3.22239178e-02j,
            1.68743048e-02+1.31269653e-01j,
           -7.28523742e-03+2.34837782e-03j],
          [-7.63699888e-03-5.15568439e-04j,
           -8.17046941e-03+1.32097341e-01j,
            9.84006562e-01-3.22239178e-02j,
            2.96293226e-02+1.10633428e-01j],
          [ 3.46611869e-05-2.93070581e-04j,
           -7.63699888e-03-5.15568439e-04j,
            8.24554173e-03+1.14235123e-01j,
            9.48847733e-01-2.94128629e-01j]],
         input_dims=(2, 2), output_dims=(2, 2))"
"Operator([[ 9.48847733e-01-2.94128629e-01j,
            1.90228649e-02+1.12941502e-01j,
           -7.59729104e-03+9.33129995e-04j,
           -4.89696385e-05-2.91021886e-04j],
          [ 1.90228649e-02+1.12941502e-01j,
            9.84006562e-01-3.22239178e-02j,
            4.37155056e-03+1.32277562e-01j,
           -7.59729104e-03+9.33129995e-04j],
          [-7.59729104e-03+9.33129995e-04j,
            4.37155056e-03+1.32277562e-01j,
            9.84006562e-01-3.22239178e-02j,
            1.90228649e-02+1.12941502e-01j],
          [-4.89696385e-05-2.91021886e-04j,
           -7.59729104e-03+9.33129995e-04j,
            1.90228649e-02+1.12941502e-01j,
            9.48847733e-01-2.94128629e-01j]],
         input_dims=(2, 2), output_dims=(2, 2))"
"Operator([[ 9.48847733e-01-2.94128629e-01j,
            3.20976036e-02+1.09942694e-01j,
           -7.17286585e-03+2.67199517e-03j,
           -1.46193290e-04-2.56357729e-04j],
          [ 5.68717966e-03+1.14391032e-01j,
            9.84006562e-01-3.22239178e-02j,
            1.98075670e-02+1.30859177e-01j,
           -7.17286585e-03+2.67199517e-03j],
          [-7.60628189e-03-8.56760507e-04j,
           -1.11244327e-02+1.31881428e-01j,
            9.84006562e-01-3.22239178e-02j,
            3.20976036e-02+1.09942694e-01j],
          [ 5.42445295e-05-2.90084978e-04j,
           -7.60628189e-03-8.56760507e-04j,
            5.68717966e-03+1.14391032e-01j,
            9.48847733e-01-2.94128629e-01j]],
         input_dims=(2, 2), output_dims=(2, 2))"
"Operator([[ 9.48847733e-01-2.94128629e-01j,
            1.10801274e-02+1.13995101e-01j,
           -7.65317885e-03-1.35706348e-04j,
            1.27469697e-05-2.94837715e-04j],
          [ 2.68725054e-02+1.11335173e-01j,
            9.84006562e-01-3.22239178e-02j,
           -4.88719632e-03+1.32259515e-01j,
           -7.65317885e-03-1.35706348e-04j],
          [-7.39286210e-03+1.98372192e-03j,
            1.36089033e-02+1.31648250e-01j,
            9.84006562e-01-3.22239178e-02j,
            1.10801274e-02+1.13995101e-01j],
          [-1.08536383e-04-2.74429621e-04j,
           -7.39286210e-03+1.98372192e-03j,
            2.68725054e-02+1.11335173e-01j,
            9.48847733e-01-2.94128629e-01j]],
         input_dims=(2, 2), output_dims=(2, 2))"
"Operator([[ 9.48847733e-01-2.94128629e-01j,
            1.90228649e-02+1.12941502e-01j,
           -7.59729104e-03+9.33129995e-04j,
           -4.89696385e-05-2.91021886e-04j],
          [ 1.90228649e-02+1.12941502e-01j,
            9.84006562e-01-3.22239178e-02j,
            4.37155056e-03+1.32277562e-01j,
           -7.59729104e-03+9.33129995e-04j],
          [-7.59729104e-03+9.33129995e-04j,
            4.37155056e-03+1.32277562e-01j,
            9.84006562e-01-3.22239178e-02j,
            1.90228649e-02+1.12941502e-01j],
          [-4.89696385e-05-2.91021886e-04j,
           -7.59729104e-03+9.33129995e-04j,
            1.90228649e-02+1.12941502e-01j,
            9.48847733e-01-2.94128629e-01j]],
         input_dims=(2, 2), output_dims=(2, 2))"
"Operator([[ 9.48847733e-01-2.94128629e-01j,
           -7.23291936e-02+8.88039411e-02j,
            5.92437893e-05-7.65415266e-03j,
            2.02705004e-04+2.14481806e-04j],
          [ 9.74280393e-02+6.02115384e-02j,
            9.84006562e-01-3.22239178e-02j,
           -9.65262721e-02+9.05491179e-02j,
            5.92437893e-05-7.65415266e-03j],
          [ 1.90976772e-03+7.41231070e-03j,
            1.02294114e-01+8.39784392e-02j,
            9.84006562e-01-3.22239178e-02j,
           -7.23291936e-02+8.88039411e-02j],
          [-1.21348913e-04+2.69009674e-04j,
            1.90976772e-03+7.41231070e-03j,
            9.74280393e-02+6.02115384e-02j,
            9.48847733e-01-2.94128629e-01j]],
         input_dims=(2, 2), output_dims=(2, 2))"
"Operator([[ 9.48847733e-01-2.94128629e-01j,
            5.62800924e-02-9.97507063e-02j,
           -2.49415532e-03-7.23662573e-03j,
           -2.81568075e-04-8.83808952e-05j],
          [-8.58502391e-02-7.58115338e-02j,
            9.84006562e-01-3.22239178e-02j,
            7.98341367e-02-1.05560289e-01j,
           -2.49415532e-03-7.23662573e-03j],
          [-6.68776882e-04+7.62510985e-03j,
           -8.66295060e-02-1.00058946e-01j,
            9.84006562e-01-3.22239178e-02j,
            5.62800924e-02-9.97507063e-02j],
          [ 2.37138054e-04-1.75662481e-04j,
           -6.68776882e-04+7.62510985e-03j,
           -8.58502391e-02-7.58115338e-02j,
            9.48847733e-01-2.94128629e-01j]],
         input_dims=(2, 2), output_dims=(2, 2))"
"Operator([[ 9.48847733e-01-2.94128629e-01j,
            1.90228649e-02+1.12941502e-01j,
           -7.59729104e-03+9.33129995e-04j,
           -4.89696385e-05-2.91021886e-04j],
          [ 1.90228649e-02+1.12941502e-01j,
            9.84006562e-01-3.22239178e-02j,
            4.37155056e-03+1.32277562e-01j,
           -7.59729104e-03+9.33129995e-04j],
          [-7.59729104e-03+9.33129995e-04j,
            4.37155056e-03+1.32277562e-01j,
            9.84006562e-01-3.22239178e-02j,
            1.90228649e-02+1.12941502e-01j],
          [-4.89696385e-05-2.91021886e-04j,
           -7.59729104e-03+9.33129995e-04j,
            1.90228649e-02+1.12941502e-01j,
            9.48847733e-01-2.94128629e-01j]],
         input_dims=(2, 2), output_dims=(2, 2))"
"Operator([[ 9.48847733e-01-2.94128629e-01j,
            1.14439474e-01-4.61073831e-03j,
            7.58881534e-03+9.99722153e-04j,
            2.88438627e-04+6.24093082e-05j],
          [-1.09635855e-01+3.31305228e-02j,
            9.84006562e-01-3.22239178e-02j,
            1.31770933e-01+1.23646795e-02j,
            7.58881534e-03+9.99722153e-04j],
          [ 7.12132213e-03-2.80648070e-03j,
           -1.30667036e-01+2.10378122e-02j,
            9.84006562e-01-3.22239178e-02j,
            1.14439474e-01-4.61073831e-03j],
          [-2.52129959e-04+1.53369643e-04j,
            7.12132213e-03-2.80648070e-03j,
           -1.09635855e-01+3.31305228e-02j,
            9.48847733e-01-2.94128629e-01j]],
         input_dims=(2, 2), output_dims=(2, 2))"
"Operator([[ 9.48847733e-01-2.94128629e-01j,
            1.14405477e-01+5.38879781e-03j,
            7.29960488e-03+2.30333049e-03j,
            2.62429525e-04+1.34990770e-04j],
          [-1.06328190e-01+4.25672190e-02j,
            9.84006562e-01-3.22239178e-02j,
            1.30190201e-01+2.38112498e-02j,
            7.29960488e-03+2.30333049e-03j],
          [ 6.52523810e-03-4.00135359e-03j,
           -1.28333999e-01+3.23550390e-02j,
            9.84006562e-01-3.22239178e-02j,
            1.14405477e-01+5.38879781e-03j],
          [-2.03799455e-04+2.13442137e-04j,
            6.52523810e-03-4.00135359e-03j,
           -1.06328190e-01+4.25672190e-02j,
            9.48847733e-01-2.94128629e-01j]],
         input_dims=(2, 2), output_dims=(2, 2))"
"Operator([[ 9.48847733e-01-2.94128629e-01j,
            1.90228649e-02+1.12941502e-01j,
           -7.59729104e-03+9.33129995e-04j,
           -4.89696385e-05-2.91021886e-04j],
          [ 1.90228649e-02+1.12941502e-01j,
            9.84006562e-01-3.22239178e-02j,
            4.37155056e-03+1.32277562e-01j,
           -7.59729104e-03+9.33129995e-04j],
          [-7.59729104e-03+9.33129995e-04j,
            4.37155056e-03+1.32277562e-01j,
            9.84006562e-01-3.22239178e-02j,
            1.90228649e-02+1.12941502e-01j],
          [-4.89696385e-05-2.91021886e-04j,
           -7.59729104e-03+9.33129995e-04j,
            1.90228649e-02+1.12941502e-01j,
            9.48847733e-01-2.94128629e-01j]],
         input_dims=(2, 2), output_dims=(2, 2))"
"Operator([[ 9.48847733e-01-2.94128629e-01j,
            1.90228649e-02+1.12941502e-01j,
           -7.59729104e-03+9.33129995e-04j,
           -4.89696385e-05-2.91021886e-04j],
          [ 1.90228649e-02+1.12941502e-01j,
            9.84006562e-01-3.22239178e-02j,
            4.37155056e-03+1.32277562e-01j,
           -7.59729104e-03+9.33129995e-04j],
          [-7.59729104e-03+9.33129995e-04j,
            4.37155056e-03+1.32277562e-01j,
            9.84006562e-01-3.22239178e-02j,
            1.90228649e-02+1.12941502e-01j],
          [-4.89696385e-05-2.91021886e-04j,
           -7.59729104e-03+9.33129995e-04j,
            1.90228649e-02+1.12941502e-01j,
            9.48847733e-01-2.94128629e-01j]],
         input_dims=(2, 2), output_dims=(2, 2))"
