unitary
"Operator([[ 9.82860397e-01-1.71944871e-01j,
            7.07337566e-03-6.60592549e-02j,
           -2.41502396e-03-8.41295972e-04j,
           -2.78583560e-05+4.95220291e-05j],
          [-1.95733517e-02-6.34881225e-02j,
            9.94650646e-01-1.90167287e-02j,
            1.40159114e-02-7.54427789e-02j,
           -2.41502396e-03-8.41295972e-04j],
          [-2.27280166e-03+1.17238743e-03j,
           -1.68979516e-02-7.48499692e-02j,
            9.94650646e-01-1.90167287e-02j,
            7.07337566e-03-6.60592549e-02j],
          [ 3.68103419e-05+4.32841552e-05j,
           -2.27280166e-03+1.17238743e-03j,
           -1.95733517e-02-6.34881225e-02j,
            9.82860397e-01-1.71944871e-01j]],
         input_dims=(2, 2), output_dims=(2, 2))"
"Operator([[ 9.82860397e-01-1.71944871e-01j,
           -4.48144603e-03-6.62855523e-02j,
           -2.55714506e-03+3.35980108e-05j,
            5.74005676e-07+5.68171618e-05j],
          [-8.27496964e-03-6.59195167e-02j,
            9.94650646e-01-1.90167287e-02j,
            7.29921261e-04-7.67302149e-02j,
           -2.55714506e-03+3.35980108e-05j],
          [-2.53648240e-03+3.26154399e-04j,
           -3.67108707e-03-7.66458203e-02j,
            9.94650646e-01-1.90167287e-02j,
           -4.48144603e-03-6.62855523e-02j],
          [ 1.02965785e-05+5.58793328e-05j,
           -2.53648240e-03+3.26154399e-04j,
           -8.27496964e-03-6.59195167e-02j,
            9.82860397e-01-1.71944871e-01j]],
         input_dims=(2, 2), output_dims=(2, 2))"
"Operator([[ 9.82860397e-01-1.71944871e-01j,
           -1.78260068e-02-6.40007131e-02j,
           -2.33362549e-03+1.04609356e-03j,
            3.31307119e-05+4.61614048e-05j],
          [ 5.26026016e-03-6.62282981e-02j,
            9.94650646e-01-1.90167287e-02j,
           -1.48402222e-02-7.52849684e-02j,
           -2.33362549e-03+1.04609356e-03j],
          [-2.45749279e-03-7.07706752e-04j,
            1.19430178e-02-7.57985685e-02j,
            9.94650646e-01-1.90167287e-02j,
           -1.78260068e-02-6.40007131e-02j],
          [-2.36966118e-05+5.16429081e-05j,
           -2.45749279e-03-7.07706752e-04j,
            5.26026016e-03-6.62282981e-02j,
            9.82860397e-01-1.71944871e-01j]],
         input_dims=(2, 2), output_dims=(2, 2))"
"Operator([[ 9.82860397e-01-1.71944871e-01j,
           -3.33570350e-02-5.74557744e-02j,
           -1.52858094e-03+2.05025851e-03j,
            5.58485923e-05+1.04620315e-05j],
          [ 2.17561471e-02-6.27736239e-02j,
            9.94650646e-01-1.90167287e-02j,
           -3.33068014e-02-6.91282550e-02j,
           -1.52858094e-03+2.05025851e-03j],
          [-1.80158015e-03-1.81505610e-03j,
            3.06320583e-02-7.03543578e-02j,
            9.94650646e-01-1.90167287e-02j,
           -3.33570350e-02-5.74557744e-02j],
          [-5.28191987e-05+2.09440112e-05j,
           -1.80158015e-03-1.81505610e-03j,
            2.17561471e-02-6.27736239e-02j,
            9.82860397e-01-1.71944871e-01j]],
         input_dims=(2, 2), output_dims=(2, 2))"
"Operator([[ 9.82860397e-01-1.71944871e-01j,
            6.38083307e-03+6.61297420e-02j,
           -2.55101107e-03+1.80172654e-04j,
           -5.45548173e-06-5.65575555e-05j],
          [ 6.38083307e-03+6.61297420e-02j,
            9.94650646e-01-1.90167287e-02j,
            1.47118819e-03+7.67195820e-02j,
           -2.55101107e-03+1.80172654e-04j],
          [-2.55101107e-03+1.80172654e-04j,
            1.47118819e-03+7.67195820e-02j,
            9.94650646e-01-1.90167287e-02j,
            6.38083307e-03+6.61297420e-02j],
          [-5.45548173e-06-5.65575555e-05j,
           -2.55101107e-03+1.80172654e-04j,
            6.38083307e-03+6.61297420e-02j,
            9.82860397e-01-1.71944871e-01j]],
         input_dims=(2, 2), output_dims=(2, 2))"
"Operator([[ 9.82860397e-01-1.71944871e-01j,
           -6.13352755e-02-2.55311924e-02j,
            1.56804644e-03+2.02023514e-03j,
           -1.10130687e-05-5.57425482e-05j],
          [ 5.53221764e-02-3.67874245e-02j,
            9.94650646e-01-1.90167287e-02j,
           -6.83625332e-02-3.48514378e-02j,
            1.56804644e-03+2.02023514e-03j],
          [ 1.26852665e-03-2.22057646e-03j,
            6.69761311e-02-3.74467158e-02j,
            9.94650646e-01-1.90167287e-02j,
           -6.13352755e-02-2.55311924e-02j],
          [ 1.55419458e-07-5.68198487e-05j,
            1.26852665e-03-2.22057646e-03j,
            5.53221764e-02-3.67874245e-02j,
            9.82860397e-01-1.71944871e-01j]],
         input_dims=(2, 2), output_dims=(2, 2))"
"Operator([[ 9.82860397e-01-1.71944871e-01j,
           -6.62668859e-02-4.74948797e-03j,
            2.46811305e-03+6.69729524e-04j,
           -5.21771488e-05-2.24958776e-05j],
          [ 6.41362483e-02-1.73320357e-02j,
            9.94650646e-01-1.90167287e-02j,
           -7.58883955e-02-1.13582608e-02j,
            2.46811305e-03+6.69729524e-04j],
          [ 2.34947820e-03-1.00998607e-03j,
            7.53971479e-02-1.42593390e-02j,
            9.94650646e-01-1.90167287e-02j,
           -6.62668859e-02-4.74948797e-03j],
          [ 4.69153033e-05-3.20542303e-05j,
            2.34947820e-03-1.00998607e-03j,
            6.41362483e-02-1.73320357e-02j,
            9.82860397e-01-1.71944871e-01j]],
         input_dims=(2, 2), output_dims=(2, 2))"
"Operator([[ 9.82860397e-01-1.71944871e-01j,
            6.38083307e-03+6.61297420e-02j,
           -2.55101107e-03+1.80172654e-04j,
           -5.45548173e-06-5.65575555e-05j],
          [ 6.38083307e-03+6.61297420e-02j,
            9.94650646e-01-1.90167287e-02j,
            1.47118819e-03+7.67195820e-02j,
           -2.55101107e-03+1.80172654e-04j],
          [-2.55101107e-03+1.80172654e-04j,
            1.47118819e-03+7.67195820e-02j,
            9.94650646e-01-1.90167287e-02j,
            6.38083307e-03+6.61297420e-02j],
          [-5.45548173e-06-5.65575555e-05j,
           -2.55101107e-03+1.80172654e-04j,
            6.38083307e-03+6.61297420e-02j,
            9.82860397e-01-1.71944871e-01j]],
         input_dims=(2, 2), output_dims=(2, 2))"
"Operator([[ 9.82860397e-01-1.71944871e-01j,
            6.38083307e-03+6.61297420e-02j,
           -2.55101107e-03+1.80172654e-04j,
           -5.45548173e-06-5.65575555e-05j],
          [ 6.38083307e-03+6.61297420e-02j,
            9.94650646e-01-1.90167287e-02j,
            1.47118819e-03+7.67195820e-02j,
           -2.55101107e-03+1.80172654e-04j],
          [-2.55101107e-03+1.80172654e-04j,
            1.47118819e-03+7.67195820e-02j,
            9.94650646e-01-1.90167287e-02j,
            6.38083307e-03+6.61297420e-02j],
          [-5.45548173e-06-5.65575555e-05j,
           -2.55101107e-03+1.80172654e-04j,
            6.38083307e-03+6.61297420e-02j,
            9.82860397e-01-1.71944871e-01j]],
         input_dims=(2, 2), output_dims=(2, 2))"
"Operator([[ 9.82860397e-01-1.71944871e-01j,
           -6.16093717e-02+2.48624841e-02j,
            2.04320017e-03-1.53800284e-03j,
           -3.26676479e-05+4.64902586e-05j],
          [ 6.52264421e-02+1.26241458e-02j,
            9.94650646e-01-1.90167287e-02j,
           -7.31564985e-02+2.31556773e-02j,
            2.04320017e-03-1.53800284e-03j],
          [ 2.23909074e-03+1.23555346e-03j,
            7.39904634e-02+2.03339613e-02j,
            9.94650646e-01-1.90167287e-02j,
           -6.16093717e-02+2.48624841e-02j],
          [ 4.09514734e-05+3.93890364e-05j,
            2.23909074e-03+1.23555346e-03j,
            6.52264421e-02+1.26241458e-02j,
            9.82860397e-01-1.71944871e-01j]],
         input_dims=(2, 2), output_dims=(2, 2))"
"Operator([[ 9.82860397e-01-1.71944871e-01j,
           -6.05752932e-02+2.72853743e-02j,
            1.91492885e-03-1.69504193e-03j,
           -2.69191835e-05+5.00387542e-05j],
          [ 6.46746955e-02+1.52000516e-02j,
            9.94650646e-01-1.90167287e-02j,
           -7.21810069e-02+2.60376823e-02j,
            1.91492885e-03-1.69504193e-03j],
          [ 2.13416537e-03+1.40906275e-03j,
            7.31261801e-02+2.32512461e-02j,
            9.94650646e-01-1.90167287e-02j,
           -6.05752932e-02+2.72853743e-02j],
          [ 3.59872516e-05+4.39708663e-05j,
            2.13416537e-03+1.40906275e-03j,
            6.46746955e-02+1.52000516e-02j,
            9.82860397e-01-1.71944871e-01j]],
         input_dims=(2, 2), output_dims=(2, 2))"
"Operator([[ 9.82860397e-01-1.71944871e-01j,
            6.38083307e-03+6.61297420e-02j,
           -2.55101107e-03+1.80172654e-04j,
           -5.45548173e-06-5.65575555e-05j],
          [ 6.38083307e-03+6.61297420e-02j,
            9.94650646e-01-1.90167287e-02j,
            1.47118819e-03+7.67195820e-02j,
           -2.55101107e-03+1.80172654e-04j],
          [-2.55101107e-03+1.80172654e-04j,
            1.47118819e-03+7.67195820e-02j,
            9.94650646e-01-1.90167287e-02j,
            6.38083307e-03+6.61297420e-02j],
          [-5.45548173e-06-5.65575555e-05j,
           -2.55101107e-03+1.80172654e-04j,
            6.38083307e-03+6.61297420e-02j,
            9.82860397e-01-1.71944871e-01j]],
         input_dims=(2, 2), output_dims=(2, 2))"
"Operator([[ 9.82860397e-01-1.71944871e-01j,
           -6.05789598e-02+2.72772328e-02j,
            1.91538441e-03-1.69452714e-03j,
           -2.69393568e-05+5.00278964e-05j],
          [ 6.46767377e-02+1.51913593e-02j,
            9.94650646e-01-1.90167287e-02j,
           -7.21845057e-02+2.60279810e-02j,
            1.91538441e-03-1.69452714e-03j],
          [ 2.13454405e-03+1.40848904e-03j,
            7.31293044e-02+2.32414178e-02j,
            9.94650646e-01-1.90167287e-02j,
           -6.05789598e-02+2.72772328e-02j],
          [ 3.60049777e-05+4.39563527e-05j,
            2.13454405e-03+1.40848904e-03j,
            6.46767377e-02+1.51913593e-02j,
            9.82860397e-01-1.71944871e-01j]],
         input_dims=(2, 2), output_dims=(2, 2))"
