unitary
"Operator([[ 0.59104213+0.42996398j,  0.21202036-0.3987073j ,
           -0.19552296-0.24359969j,  0.36901617-0.16774107j],
          [-0.36152544+0.27059101j, -0.11622474+0.10198692j,
           -0.80797387-0.14757547j, -0.19552296-0.24359969j],
          [ 0.0628902 -0.30596546j,  0.66837903+0.47735707j,
           -0.11622474+0.10198692j,  0.21202036-0.3987073j ],
          [-0.25451342-0.31548839j,  0.0628902 -0.30596546j,
           -0.36152544+0.27059101j,  0.59104213+0.42996398j]],
         input_dims=(2, 2), output_dims=(2, 2))"
"Operator([[ 0.59104213+0.42996398j,  0.24772208-0.37756312j,
           -0.14769781-0.27523698j,  0.40074608-0.06093098j],
          [-0.33516212+0.30263261j, -0.11622474+0.10198692j,
           -0.79101729-0.22111522j, -0.14769781-0.27523698j],
          [ 0.00589935-0.31230632j,  0.70937339+0.41399238j,
           -0.11622474+0.10198692j,  0.24772208-0.37756312j],
          [-0.33079671-0.23427236j,  0.00589935-0.31230632j,
           -0.33516212+0.30263261j,  0.59104213+0.42996398j]],
         input_dims=(2, 2), output_dims=(2, 2))"
"Operator([[ 0.59104213+0.42996398j,  0.44409017-0.08187834j,
            0.28157969-0.13521434j, -0.26167897+0.30957086j],
          [-0.01288772+0.45139124j, -0.11622474+0.10198692j,
           -0.3868392 -0.72453829j,  0.28157969-0.13521434j],
          [-0.31225692+0.00810295j,  0.78945854-0.22661754j,
           -0.11622474+0.10198692j,  0.44409017-0.08187834j],
          [ 0.09494791+0.39407473j, -0.31225692+0.00810295j,
           -0.01288772+0.45139124j,  0.59104213+0.42996398j]],
         input_dims=(2, 2), output_dims=(2, 2))"
"Operator([[ 0.59104213+0.42996398j, -0.05968808+0.44761309j,
           -0.30719728-0.05656739j, -0.03062904+0.40419285j],
          [ 0.43318787-0.12754767j, -0.11622474+0.10198692j,
            0.80872192-0.14341948j, -0.30719728-0.05656739j],
          [ 0.24757985-0.19045802j, -0.45998031-0.68045456j,
           -0.11622474+0.10198692j, -0.05968808+0.44761309j],
          [-0.15399397+0.37496114j,  0.24757985-0.19045802j,
            0.43318787-0.12754767j,  0.59104213+0.42996398j]],
         input_dims=(2, 2), output_dims=(2, 2))"
"Operator([[ 0.59104213+0.42996398j, -0.42291061+0.15832485j,
            0.21774431-0.22395861j,  0.07020787-0.39922532j],
          [ 0.09167629-0.44217146j, -0.11622474+0.10198692j,
            0.50765508+0.64566757j,  0.21774431-0.22395861j],
          [-0.29592617-0.09998871j, -0.81693287+0.08497635j,
           -0.11622474+0.10198692j, -0.42291061+0.15832485j],
          [ 0.11639432-0.38828129j, -0.29592617-0.09998871j,
            0.09167629-0.44217146j,  0.59104213+0.42996398j]],
         input_dims=(2, 2), output_dims=(2, 2))"
"Operator([[ 0.59104213+0.42996398j, -0.34289648-0.29384034j,
            0.07328189+0.30364421j, -0.09346142+0.39442992j],
          [-0.34289648-0.29384034j, -0.11622474+0.10198692j,
           -0.32016691+0.75636859j,  0.07328189+0.30364421j],
          [ 0.07328189+0.30364421j, -0.32016691+0.75636859j,
           -0.11622474+0.10198692j, -0.34289648-0.29384034j],
          [-0.09346142+0.39442992j,  0.07328189+0.30364421j,
           -0.34289648-0.29384034j,  0.59104213+0.42996398j]],
         input_dims=(2, 2), output_dims=(2, 2))"
"Operator([[ 0.59104213+0.42996398j, -0.34289648-0.29384034j,
            0.07328189+0.30364421j, -0.09346142+0.39442992j],
          [-0.34289648-0.29384034j, -0.11622474+0.10198692j,
           -0.32016691+0.75636859j,  0.07328189+0.30364421j],
          [ 0.07328189+0.30364421j, -0.32016691+0.75636859j,
           -0.11622474+0.10198692j, -0.34289648-0.29384034j],
          [-0.09346142+0.39442992j,  0.07328189+0.30364421j,
           -0.34289648-0.29384034j,  0.59104213+0.42996398j]],
         input_dims=(2, 2), output_dims=(2, 2))"
