unitary
"Operator([[ 8.86340847e-01-4.30335148e-01j,
           -9.04814330e-02-1.43983585e-01j,
           -1.18640245e-02+1.23152079e-02j,
            9.16795178e-04+3.76345748e-04j],
          [ 1.01472203e-02-1.69750394e-01j,
            9.64342661e-01-4.62886825e-02j,
           -6.91761291e-02-1.84132211e-01j,
           -1.18640245e-02+1.23152079e-02j],
          [-1.54899607e-02-7.24434556e-03j,
            5.08302746e-02-1.90016555e-01j,
            9.64342661e-01-4.62886825e-02j,
           -9.04814330e-02-1.43983585e-01j],
          [-6.23927864e-04+7.69976325e-04j,
           -1.54899607e-02-7.24434556e-03j,
            1.01472203e-02-1.69750394e-01j,
            8.86340847e-01-4.30335148e-01j]],
         input_dims=(2, 2), output_dims=(2, 2))"
"Operator([[ 8.86340847e-01-4.30335148e-01j,
           -1.68691353e-01+2.14799873e-02j,
            1.70644483e-02+1.10635808e-03j,
           -9.83676964e-04-1.20536932e-04j],
          [ 1.58255080e-01-6.22373849e-02j,
            9.64342661e-01-4.62886825e-02j,
           -1.96144412e-01-1.47437304e-02j,
            1.70644483e-02+1.10635808e-03j],
          [ 1.55339954e-02-7.14943440e-03j,
            1.93761090e-01-3.38621940e-02j,
            9.64342661e-01-4.62886825e-02j,
           -1.68691353e-01+2.14799873e-02j],
          [ 8.05314872e-04-5.77596293e-04j,
            1.55339954e-02-7.14943440e-03j,
            1.58255080e-01-6.22373849e-02j,
            8.86340847e-01-4.30335148e-01j]],
         input_dims=(2, 2), output_dims=(2, 2))"
"Operator([[ 8.86340847e-01-4.30335148e-01j,
           -4.75313567e-02+1.63275633e-01j,
           -1.08345773e-02-1.32299418e-02j,
            9.67349610e-04-2.15370034e-04j],
          [ 1.20153159e-01+1.20338609e-01j,
            9.64342661e-01-4.62886825e-02j,
           -9.16952145e-02+1.74017228e-01j,
           -1.08345773e-02-1.32299418e-02j],
          [-5.37249891e-03+1.62343980e-02j,
            1.08279792e-01+1.64211737e-01j,
            9.64342661e-01-4.62886825e-02j,
           -4.75313567e-02+1.63275633e-01j],
          [-9.52109550e-04+2.75021682e-04j,
           -5.37249891e-03+1.62343980e-02j,
            1.20153159e-01+1.20338609e-01j,
            8.86340847e-01-4.30335148e-01j]],
         input_dims=(2, 2), output_dims=(2, 2))"
"Operator([[ 8.86340847e-01-0.43033515j,  4.21826807e-02+0.16473853j,
           -1.68138086e-02+0.00311693j, -2.45314235e-04-0.00096019j],
          [ 4.21826807e-02+0.16473853j,  9.64342661e-01-0.04628868j,
            9.63322217e-03+0.19646172j, -1.68138086e-02+0.00311693j],
          [-1.68138086e-02+0.00311693j,  9.63322217e-03+0.19646172j,
            9.64342661e-01-0.04628868j,  4.21826807e-02+0.16473853j],
          [-2.45314235e-04-0.00096019j, -1.68138086e-02+0.00311693j,
            4.21826807e-02+0.16473853j,  8.86340847e-01-0.43033515j]],
         input_dims=(2, 2), output_dims=(2, 2))"
"Operator([[ 8.86340847e-01-0.43033515j,  4.21826807e-02+0.16473853j,
           -1.68138086e-02+0.00311693j, -2.45314235e-04-0.00096019j],
          [ 4.21826807e-02+0.16473853j,  9.64342661e-01-0.04628868j,
            9.63322217e-03+0.19646172j, -1.68138086e-02+0.00311693j],
          [-1.68138086e-02+0.00311693j,  9.63322217e-03+0.19646172j,
            9.64342661e-01-0.04628868j,  4.21826807e-02+0.16473853j],
          [-2.45314235e-04-0.00096019j, -1.68138086e-02+0.00311693j,
            4.21826807e-02+0.16473853j,  8.86340847e-01-0.43033515j]],
         input_dims=(2, 2), output_dims=(2, 2))"
"Operator([[ 8.86340847e-01-4.30335148e-01j,
           -7.36549691e-02+1.53274616e-01j,
           -5.97319486e-03-1.60231198e-02j,
            9.53804751e-04+2.69083662e-04j],
          [ 1.38255376e-01+9.90131972e-02j,
            9.64342661e-01-4.62886825e-02j,
           -1.18982265e-01+1.56630867e-01j,
           -5.97319486e-03-1.60231198e-02j],
          [ 1.67045377e-04+1.70994596e-02j,
            1.33735004e-01+1.44239234e-01j,
            9.64342661e-01-4.62886825e-02j,
           -7.36549691e-02+1.53274616e-01j],
          [-7.07851423e-04+6.93610758e-04j,
            1.67045377e-04+1.70994596e-02j,
            1.38255376e-01+9.90131972e-02j,
            8.86340847e-01-4.30335148e-01j]],
         input_dims=(2, 2), output_dims=(2, 2))"
"Operator([[ 8.86340847e-01-0.43033515j,  4.21826807e-02+0.16473853j,
           -1.68138086e-02+0.00311693j, -2.45314235e-04-0.00096019j],
          [ 4.21826807e-02+0.16473853j,  9.64342661e-01-0.04628868j,
            9.63322217e-03+0.19646172j, -1.68138086e-02+0.00311693j],
          [-1.68138086e-02+0.00311693j,  9.63322217e-03+0.19646172j,
            9.64342661e-01-0.04628868j,  4.21826807e-02+0.16473853j],
          [-2.45314235e-04-0.00096019j, -1.68138086e-02+0.00311693j,
            4.21826807e-02+0.16473853j,  8.86340847e-01-0.43033515j]],
         input_dims=(2, 2), output_dims=(2, 2))"
"Operator([[ 8.86340847e-01-4.30335148e-01j,
           -1.68658893e-01+2.17333920e-02j,
            1.70676955e-02+1.05508049e-03j,
           -9.84210228e-04-1.16102317e-04j],
          [ 1.58348402e-01-6.19995643e-02j,
            9.64342661e-01-4.62886825e-02j,
           -1.96166341e-01-1.44490414e-02j,
            1.70676955e-02+1.05508049e-03j],
          [ 1.55554067e-02-7.10272800e-03j,
            1.93811743e-01-3.35710639e-02j,
            9.64342661e-01-4.62886825e-02j,
           -1.68658893e-01+2.17333920e-02j],
          [ 8.07909895e-04-5.73960906e-04j,
            1.55554067e-02-7.10272800e-03j,
            1.58348402e-01-6.19995643e-02j,
            8.86340847e-01-4.30335148e-01j]],
         input_dims=(2, 2), output_dims=(2, 2))"
"Operator([[ 8.86340847e-01-0.43033515j,  4.21826807e-02+0.16473853j,
           -1.68138086e-02+0.00311693j, -2.45314235e-04-0.00096019j],
          [ 4.21826807e-02+0.16473853j,  9.64342661e-01-0.04628868j,
            9.63322217e-03+0.19646172j, -1.68138086e-02+0.00311693j],
          [-1.68138086e-02+0.00311693j,  9.63322217e-03+0.19646172j,
            9.64342661e-01-0.04628868j,  4.21826807e-02+0.16473853j],
          [-2.45314235e-04-0.00096019j, -1.68138086e-02+0.00311693j,
            4.21826807e-02+0.16473853j,  8.86340847e-01-0.43033515j]],
         input_dims=(2, 2), output_dims=(2, 2))"
"Operator([[ 8.86340847e-01-0.43033515j,  1.44043562e-01-0.09038592j,
            1.18803494e-02-0.01229946j,  3.78169105e-04-0.00091604j],
          [-1.69757087e-01-0.01003464j,  9.64342661e-01-0.04628868j,
            1.84178049e-01-0.06905399j,  1.18803494e-02-0.01229946j],
          [ 1.54995562e-02+0.00722379j, -1.90050225e-01-0.05070424j,
            9.64342661e-01-0.04628868j,  1.44043562e-01-0.09038592j],
          [-7.71216199e-04-0.00062239j,  1.54995562e-02+0.00722379j,
           -1.69757087e-01-0.01003464j,  8.86340847e-01-0.43033515j]],
         input_dims=(2, 2), output_dims=(2, 2))"
