unitary
"Operator([[-0.26500577+0.67800589j,  0.34912113-0.25033522j,
           -0.41714438+0.14472369j, -0.12964339-0.27159691j],
          [-0.08777341-0.42053431j,  0.05317961+0.2616793j ,
           -0.52256436+0.52546617j, -0.41714438+0.14472369j],
          [ 0.38776537+0.21116913j,  0.2692666 +0.69042285j,
            0.05317961+0.2616793j ,  0.34912113-0.25033522j],
          [ 0.20890289+0.21663766j,  0.38776537+0.21116913j,
           -0.08777341-0.42053431j, -0.26500577+0.67800589j]],
         input_dims=(2, 2), output_dims=(2, 2))"
"Operator([[-0.26500577+0.67800589j,  0.15594098-0.4002945j ,
           -0.03632534+0.4400396j , -0.24731309+0.17148914j],
          [ 0.15594098-0.4002945j ,  0.05317961+0.2616793j ,
           -0.15113774+0.72549679j, -0.03632534+0.4400396j ],
          [-0.03632534+0.4400396j , -0.15113774+0.72549679j,
            0.05317961+0.2616793j ,  0.15594098-0.4002945j ],
          [-0.24731309+0.17148914j, -0.03632534+0.4400396j ,
            0.15594098-0.4002945j , -0.26500577+0.67800589j]],
         input_dims=(2, 2), output_dims=(2, 2))"
"Operator([[-0.26500577+0.67800589j,  0.15594098-0.4002945j ,
           -0.03632534+0.4400396j , -0.24731309+0.17148914j],
          [ 0.15594098-0.4002945j ,  0.05317961+0.2616793j ,
           -0.15113774+0.72549679j, -0.03632534+0.4400396j ],
          [-0.03632534+0.4400396j , -0.15113774+0.72549679j,
            0.05317961+0.2616793j ,  0.15594098-0.4002945j ],
          [-0.24731309+0.17148914j, -0.03632534+0.4400396j ,
            0.15594098-0.4002945j , -0.26500577+0.67800589j]],
         input_dims=(2, 2), output_dims=(2, 2))"
"Operator([[-0.26500577+0.67800589j, -0.3904859 +0.17909228j,
           -0.4409808 -0.02214309j, -0.03925865+0.29838071j],
          [ 0.16643102+0.39604797j,  0.05317961+0.2616793j ,
            0.61325703-0.41605773j, -0.4409808 -0.02214309j],
          [ 0.43864241+0.05046995j, -0.39610342-0.62633082j,
            0.05317961+0.2616793j , -0.3904859 +0.17909228j],
          [-0.29320469-0.06784761j,  0.43864241+0.05046995j,
            0.16643102+0.39604797j, -0.26500577+0.67800589j]],
         input_dims=(2, 2), output_dims=(2, 2))"
"Operator([[-0.26500577+0.67800589j, -0.19973449+0.38034118j,
           -0.13323358+0.4209551j ,  0.29004566-0.08028577j],
          [-0.11019054+0.41522443j,  0.05317961+0.2616793j ,
            0.23133447-0.70404018j, -0.13323358+0.4209551j ],
          [ 0.0624006 +0.43710473j,  0.06904434-0.73784896j,
            0.05317961+0.2616793j , -0.19973449+0.38034118j],
          [ 0.17688137-0.24348567j,  0.0624006 +0.43710473j,
           -0.11019054+0.41522443j, -0.26500577+0.67800589j]],
         input_dims=(2, 2), output_dims=(2, 2))"
"Operator([[-0.26500577+0.67800589j,  0.2314819 -0.36189696j,
           -0.2029179 +0.39214629j, -0.30092462+0.00408186j],
          [ 0.07433255-0.42311695j,  0.05317961+0.2616793j ,
           -0.29060676+0.68171543j, -0.2029179 +0.39214629j],
          [ 0.13586576+0.42011293j, -0.00578808+0.74104974j,
            0.05317961+0.2616793j ,  0.2314819 -0.36189696j],
          [-0.1093289 +0.28039166j,  0.13586576+0.42011293j,
            0.07433255-0.42311695j, -0.26500577+0.67800589j]],
         input_dims=(2, 2), output_dims=(2, 2))"
