unitary
"Operator([[ 8.24651986e-01-0.52438853j,  6.49420862e-02+0.20010222j,
           -2.58339895e-02+0.00602429j, -5.92551551e-04-0.0018324j ],
          [ 6.49420862e-02+0.20010222j,  9.44798788e-01-0.055316j  ,
            1.47350671e-02+0.24313825j, -2.58339895e-02+0.00602429j],
          [-2.58339895e-02+0.00602429j,  1.47350671e-02+0.24313825j,
            9.44798788e-01-0.055316j  ,  6.49420862e-02+0.20010222j],
          [-5.92551551e-04-0.0018324j , -2.58339895e-02+0.00602429j,
            6.49420862e-02+0.20010222j,  8.24651986e-01-0.52438853j]],
         input_dims=(2, 2), output_dims=(2, 2))"
"Operator([[ 8.24651986e-01-0.52438853j,  6.49420862e-02+0.20010222j,
           -2.58339895e-02+0.00602429j, -5.92551551e-04-0.0018324j ],
          [ 6.49420862e-02+0.20010222j,  9.44798788e-01-0.055316j  ,
            1.47350671e-02+0.24313825j, -2.58339895e-02+0.00602429j],
          [-2.58339895e-02+0.00602429j,  1.47350671e-02+0.24313825j,
            9.44798788e-01-0.055316j  ,  6.49420862e-02+0.20010222j],
          [-5.92551551e-04-0.0018324j , -2.58339895e-02+0.00602429j,
            6.49420862e-02+0.20010222j,  8.24651986e-01-0.52438853j]],
         input_dims=(2, 2), output_dims=(2, 2))"
"Operator([[ 8.24651986e-01-0.52438853j,  6.49420862e-02+0.20010222j,
           -2.58339895e-02+0.00602429j, -5.92551551e-04-0.0018324j ],
          [ 6.49420862e-02+0.20010222j,  9.44798788e-01-0.055316j  ,
            1.47350671e-02+0.24313825j, -2.58339895e-02+0.00602429j],
          [-2.58339895e-02+0.00602429j,  1.47350671e-02+0.24313825j,
            9.44798788e-01-0.055316j  ,  6.49420862e-02+0.20010222j],
          [-5.92551551e-04-0.0018324j , -2.58339895e-02+0.00602429j,
            6.49420862e-02+0.20010222j,  8.24651986e-01-0.52438853j]],
         input_dims=(2, 2), output_dims=(2, 2))"
"Operator([[ 8.24651986e-01-0.52438853j,  1.97188157e-01+0.07331579j,
            1.17842464e-02+0.02376591j, -2.41639855e-04+0.0019106j ],
          [-1.16553528e-01+0.17513894j,  9.44798788e-01-0.055316j  ,
            1.99756904e-01+0.13939336j,  1.17842464e-02+0.02376591j],
          [ 5.63116329e-05-0.02652704j, -1.81461270e-01+0.16249658j,
            9.44798788e-01-0.055316j  ,  1.97188157e-01+0.07331579j],
          [ 1.31458633e-03+0.00140736j,  5.63116329e-05-0.02652704j,
           -1.16553528e-01+0.17513894j,  8.24651986e-01-0.52438853j]],
         input_dims=(2, 2), output_dims=(2, 2))"
"Operator([[ 8.24651986e-01-0.52438853j,  6.49420862e-02+0.20010222j,
           -2.58339895e-02+0.00602429j, -5.92551551e-04-0.0018324j ],
          [ 6.49420862e-02+0.20010222j,  9.44798788e-01-0.055316j  ,
            1.47350671e-02+0.24313825j, -2.58339895e-02+0.00602429j],
          [-2.58339895e-02+0.00602429j,  1.47350671e-02+0.24313825j,
            9.44798788e-01-0.055316j  ,  6.49420862e-02+0.20010222j],
          [-5.92551551e-04-0.0018324j , -2.58339895e-02+0.00602429j,
            6.49420862e-02+0.20010222j,  8.24651986e-01-0.52438853j]],
         input_dims=(2, 2), output_dims=(2, 2))"
"Operator([[ 8.24651986e-01-0.52438853j,  6.49420862e-02+0.20010222j,
           -2.58339895e-02+0.00602429j, -5.92551551e-04-0.0018324j ],
          [ 6.49420862e-02+0.20010222j,  9.44798788e-01-0.055316j  ,
            1.47350671e-02+0.24313825j, -2.58339895e-02+0.00602429j],
          [-2.58339895e-02+0.00602429j,  1.47350671e-02+0.24313825j,
            9.44798788e-01-0.055316j  ,  6.49420862e-02+0.20010222j],
          [-5.92551551e-04-0.0018324j , -2.58339895e-02+0.00602429j,
            6.49420862e-02+0.20010222j,  8.24651986e-01-0.52438853j]],
         input_dims=(2, 2), output_dims=(2, 2))"
"Operator([[ 8.24651986e-01-0.52438853j,  2.05760136e-01+0.04383081j,
            1.81301938e-02+0.01936448j,  5.91985238e-04+0.00183258j],
          [-1.40806463e-01+0.15630711j,  9.44798788e-01-0.055316j  ,
            2.17920222e-01+0.10883063j,  1.81301938e-02+0.01936448j],
          [ 7.69457637e-03-0.02538662j, -2.03182526e-01+0.134351j  ,
            9.44798788e-01-0.055316j  ,  2.05760136e-01+0.04383081j],
          [ 5.93117806e-04+0.00183221j,  7.69457637e-03-0.02538662j,
           -1.40806463e-01+0.15630711j,  8.24651986e-01-0.52438853j]],
         input_dims=(2, 2), output_dims=(2, 2))"
"Operator([[ 8.24651986e-01-0.52438853j,  6.49420862e-02+0.20010222j,
           -2.58339895e-02+0.00602429j, -5.92551551e-04-0.0018324j ],
          [ 6.49420862e-02+0.20010222j,  9.44798788e-01-0.055316j  ,
            1.47350671e-02+0.24313825j, -2.58339895e-02+0.00602429j],
          [-2.58339895e-02+0.00602429j,  1.47350671e-02+0.24313825j,
            9.44798788e-01-0.055316j  ,  6.49420862e-02+0.20010222j],
          [-5.92551551e-04-0.0018324j , -2.58339895e-02+0.00602429j,
            6.49420862e-02+0.20010222j,  8.24651986e-01-0.52438853j]],
         input_dims=(2, 2), output_dims=(2, 2))"
"Operator([[ 0.82465199-0.52438853j, -0.18143327+0.10649105j,
            0.02090755-0.01632671j, -0.00109882+0.00158158j],
          [ 0.20939032-0.02034862j,  0.94479879-0.055316j  ,
           -0.23426739+0.06672422j,  0.02090755-0.01632671j],
          [ 0.02597279+0.00539457j,  0.24061071+0.03794487j,
            0.94479879-0.055316j  , -0.18143327+0.10649105j],
          [ 0.00181682+0.00063873j,  0.02597279+0.00539457j,
            0.20939032-0.02034862j,  0.82465199-0.52438853j]],
         input_dims=(2, 2), output_dims=(2, 2))"
"Operator([[ 0.82465199-5.24388532e-01j, -0.18758048+9.52467072e-02j,
            0.02273699-1.36644259e-02j, -0.00136798+1.35551636e-03j],
          [ 0.2077629 -3.30598339e-02j,  0.94479879-5.53159953e-02j,
           -0.23789533+5.23367968e-02j,  0.02273699-1.36644259e-02j],
          [ 0.02643591+2.19768029e-03j,  0.24247463+2.32246201e-02j,
            0.94479879-5.53159953e-02j, -0.18758048+9.52467072e-02j],
          [ 0.00190265+2.97876735e-04j,  0.02643591+2.19768029e-03j,
            0.2077629 -3.30598339e-02j,  0.82465199-5.24388532e-01j]],
         input_dims=(2, 2), output_dims=(2, 2))"
"Operator([[ 0.82465199-5.24388532e-01j, -0.18543554+9.93581029e-02j,
            0.02211267-1.46532151e-02j, -0.00127542+1.44295157e-03j],
          [ 0.20844111-2.84724189e-02j,  0.94479879-5.53159953e-02j,
           -0.23668396+5.75676264e-02j,  0.02211267-1.46532151e-02j],
          [ 0.02631337+3.36063029e-03j,  0.24190382+2.85634563e-02j,
            0.94479879-5.53159953e-02j, -0.18543554+9.93581029e-02j],
          [ 0.0018788 +4.22955140e-04j,  0.02631337+3.36063029e-03j,
            0.20844111-2.84724189e-02j,  0.82465199-5.24388532e-01j]],
         input_dims=(2, 2), output_dims=(2, 2))"
"Operator([[ 8.24651986e-01-0.52438853j,  6.49420862e-02+0.20010222j,
           -2.58339895e-02+0.00602429j, -5.92551551e-04-0.0018324j ],
          [ 6.49420862e-02+0.20010222j,  9.44798788e-01-0.055316j  ,
            1.47350671e-02+0.24313825j, -2.58339895e-02+0.00602429j],
          [-2.58339895e-02+0.00602429j,  1.47350671e-02+0.24313825j,
            9.44798788e-01-0.055316j  ,  6.49420862e-02+0.20010222j],
          [-5.92551551e-04-0.0018324j , -2.58339895e-02+0.00602429j,
            6.49420862e-02+0.20010222j,  8.24651986e-01-0.52438853j]],
         input_dims=(2, 2), output_dims=(2, 2))"
