unitary
"Operator([[ 8.86340847e-01-0.43033515j, -1.49576639e-04+0.17005334j,
           -1.62332323e-02-0.00537602j,  4.79055727e-04-0.00086756j],
          [ 8.18597295e-02+0.14905417j,  9.64342661e-01-0.04628868j,
           -3.95707547e-02+0.19267632j, -1.62332323e-02-0.00537602j],
          [-1.32275913e-02+0.01083745j,  5.82308313e-02+0.18788076j,
            9.64342661e-01-0.04628868j, -1.49576639e-04+0.17005334j],
          [-8.36482047e-04-0.00053146j, -1.32275913e-02+0.01083745j,
            8.18597295e-02+0.14905417j,  8.86340847e-01-0.43033515j]],
         input_dims=(2, 2), output_dims=(2, 2))"
"Operator([[ 8.86340847e-01-0.43033515j,  4.21826807e-02+0.16473853j,
           -1.68138086e-02+0.00311693j, -2.45314235e-04-0.00096019j],
          [ 4.21826807e-02+0.16473853j,  9.64342661e-01-0.04628868j,
            9.63322217e-03+0.19646172j, -1.68138086e-02+0.00311693j],
          [-1.68138086e-02+0.00311693j,  9.63322217e-03+0.19646172j,
            9.64342661e-01-0.04628868j,  4.21826807e-02+0.16473853j],
          [-2.45314235e-04-0.00096019j, -1.68138086e-02+0.00311693j,
            4.21826807e-02+0.16473853j,  8.86340847e-01-0.43033515j]],
         input_dims=(2, 2), output_dims=(2, 2))"
"Operator([[ 8.86340847e-01-4.30335148e-01j,
            1.15602629e-01+1.24716457e-01j,
           -6.56229527e-03+1.57910008e-02j,
           -9.76782544e-04+1.67467555e-04j],
          [-4.14368111e-02+1.64927721e-01j,
            9.64342661e-01-4.62886825e-02j,
            1.02108612e-01+1.68118527e-01j,
           -6.56229527e-03+1.57910008e-02j],
          [-1.17863831e-02-1.23895358e-02j,
           -8.51714292e-02+1.77301539e-01j,
            9.64342661e-01-4.62886825e-02j,
            1.15602629e-01+1.24716457e-01j],
          [ 9.37409608e-04-3.21578523e-04j,
           -1.17863831e-02-1.23895358e-02j,
           -4.14368111e-02+1.64927721e-01j,
            8.86340847e-01-4.30335148e-01j]],
         input_dims=(2, 2), output_dims=(2, 2))"
"Operator([[ 8.86340847e-01-0.43033515j,  4.21826807e-02+0.16473853j,
           -1.68138086e-02+0.00311693j, -2.45314235e-04-0.00096019j],
          [ 4.21826807e-02+0.16473853j,  9.64342661e-01-0.04628868j,
            9.63322217e-03+0.19646172j, -1.68138086e-02+0.00311693j],
          [-1.68138086e-02+0.00311693j,  9.63322217e-03+0.19646172j,
            9.64342661e-01-0.04628868j,  4.21826807e-02+0.16473853j],
          [-2.45314235e-04-0.00096019j, -1.68138086e-02+0.00311693j,
            4.21826807e-02+0.16473853j,  8.86340847e-01-0.43033515j]],
         input_dims=(2, 2), output_dims=(2, 2))"
"Operator([[ 8.86340847e-01-0.43033515j,  1.62970796e-01+0.04856626j,
            1.06658400e-02+0.01336635j,  1.96920655e-04+0.00097127j],
          [-1.19573904e-01+0.1209142j ,  9.64342661e-01-0.04628868j,
            1.73431987e-01+0.09279738j,  1.06658400e-02+0.01336635j],
          [ 5.16608001e-03-0.01630126j, -1.63521477e-01+0.10931942j,
            9.64342661e-01-0.04628868j,  1.62970796e-01+0.04856626j],
          [ 2.93092196e-04+0.0009467j ,  5.16608001e-03-0.01630126j,
           -1.19573904e-01+0.1209142j ,  8.86340847e-01-0.43033515j]],
         input_dims=(2, 2), output_dims=(2, 2))"
"Operator([[ 8.86340847e-01-0.43033515j,  1.68207597e-01+0.02498733j,
            1.39868472e-02+0.00983807j,  5.81053531e-04+0.00080282j],
          [-1.35498412e-01+0.1027538j ,  9.64342661e-01-0.04628868j,
            1.84829754e-01+0.06729019j,  1.39868472e-02+0.00983807j],
          [ 9.53109470e-03-0.0141978j , -1.77359986e-01+0.08504965j,
            9.64342661e-01-0.04628868j,  1.68207597e-01+0.02498733j],
          [-1.24765291e-04+0.00098315j,  9.53109470e-03-0.0141978j ,
           -1.35498412e-01+0.1027538j ,  8.86340847e-01-0.43033515j]],
         input_dims=(2, 2), output_dims=(2, 2))"
"Operator([[ 8.86340847e-01-0.43033515j,  4.21826807e-02+0.16473853j,
           -1.68138086e-02+0.00311693j, -2.45314235e-04-0.00096019j],
          [ 4.21826807e-02+0.16473853j,  9.64342661e-01-0.04628868j,
            9.63322217e-03+0.19646172j, -1.68138086e-02+0.00311693j],
          [-1.68138086e-02+0.00311693j,  9.63322217e-03+0.19646172j,
            9.64342661e-01-0.04628868j,  4.21826807e-02+0.16473853j],
          [-2.45314235e-04-0.00096019j, -1.68138086e-02+0.00311693j,
            4.21826807e-02+0.16473853j,  8.86340847e-01-0.43033515j]],
         input_dims=(2, 2), output_dims=(2, 2))"
"Operator([[ 8.86340847e-01-4.30335148e-01j,
            1.51280660e-01-7.76680398e-02j,
            1.38116540e-02-1.00825413e-02j,
            5.99556553e-04-7.89101680e-04j],
          [-1.69991282e-01+4.59633156e-03j,
            9.64342661e-01-4.62886825e-02j,
            1.89432682e-01-5.29647727e-02j,
            1.38116540e-02-1.00825413e-02j],
          [ 1.65078967e-02+4.46192455e-03j,
           -1.93705610e-01-3.41781296e-02j,
            9.64342661e-01-4.62886825e-02j,
            1.51280660e-01-7.76680398e-02j],
          [-9.04584135e-04-4.04817321e-04j,
            1.65078967e-02+4.46192455e-03j,
           -1.69991282e-01+4.59633156e-03j,
            8.86340847e-01-4.30335148e-01j]],
         input_dims=(2, 2), output_dims=(2, 2))"
"Operator([[ 8.86340847e-01-0.43033515j,  4.21826807e-02+0.16473853j,
           -1.68138086e-02+0.00311693j, -2.45314235e-04-0.00096019j],
          [ 4.21826807e-02+0.16473853j,  9.64342661e-01-0.04628868j,
            9.63322217e-03+0.19646172j, -1.68138086e-02+0.00311693j],
          [-1.68138086e-02+0.00311693j,  9.63322217e-03+0.19646172j,
            9.64342661e-01-0.04628868j,  4.21826807e-02+0.16473853j],
          [-2.45314235e-04-0.00096019j, -1.68138086e-02+0.00311693j,
            4.21826807e-02+0.16473853j,  8.86340847e-01-0.43033515j]],
         input_dims=(2, 2), output_dims=(2, 2))"
"Operator([[ 8.86340847e-01-0.43033515j,  1.66830920e-01+0.03294854j,
            1.29902296e-02+0.01112085j,  4.61108330e-04+0.00087723j],
          [-1.30464951e-01+0.10907364j,  9.64342661e-01-0.04628868j,
            1.81425044e-01+0.07599317j,  1.29902296e-02+0.01112085j],
          [ 8.14089681e-03-0.01503813j, -1.73120179e-01+0.09337779j,
            9.64342661e-01-0.04628868j,  1.66830920e-01+0.03294854j],
          [ 1.61697077e-05+0.0009909j ,  8.14089681e-03-0.01503813j,
           -1.30464951e-01+0.10907364j,  8.86340847e-01-0.43033515j]],
         input_dims=(2, 2), output_dims=(2, 2))"
