unitary
"Operator([[ 0.48685911-0.79560294j,  0.18757092+0.29706667j,
           -0.07370849+0.03177452j, -0.00554864-0.00890874j],
          [ 0.18757092+0.29706667j,  0.83492436-0.07286679j,
            0.04081714+0.40749441j, -0.07370849+0.03177452j],
          [-0.07370849+0.03177452j,  0.04081714+0.40749441j,
            0.83492436-0.07286679j,  0.18757092+0.29706667j],
          [-0.00554864-0.00890874j, -0.07370849+0.03177452j,
            0.18757092+0.29706667j,  0.48685911-0.79560294j]],
         input_dims=(2, 2), output_dims=(2, 2))"
"Operator([[ 0.48685911-0.79560294j,  0.18757092+0.29706667j,
           -0.07370849+0.03177452j, -0.00554864-0.00890874j],
          [ 0.18757092+0.29706667j,  0.83492436-0.07286679j,
            0.04081714+0.40749441j, -0.07370849+0.03177452j],
          [-0.07370849+0.03177452j,  0.04081714+0.40749441j,
            0.83492436-0.07286679j,  0.18757092+0.29706667j],
          [-0.00554864-0.00890874j, -0.07370849+0.03177452j,
            0.18757092+0.29706667j,  0.48685911-0.79560294j]],
         input_dims=(2, 2), output_dims=(2, 2))"
"Operator([[ 0.48685911-0.79560294j, -0.17023985-0.30732694j,
           -0.07686   +0.02313227j,  0.00394197+0.00972697j],
          [-0.20428555-0.28583014j,  0.83492436-0.07286679j,
           -0.01739937-0.40916377j, -0.07686   +0.02313227j],
          [-0.06958885+0.03999942j, -0.06410078-0.40448587j,
            0.83492436-0.07286679j, -0.17023985-0.30732694j],
          [ 0.00699155+0.0078276j , -0.06958885+0.03999942j,
           -0.20428555-0.28583014j,  0.48685911-0.79560294j]],
         input_dims=(2, 2), output_dims=(2, 2))"
"Operator([[ 0.48685911-0.79560294j,  0.26457696-0.23115036j,
            0.06051515-0.05273023j,  0.00547805-0.00895232j],
          [-0.32244509+0.13950132j,  0.83492436-0.07286679j,
            0.39632071-0.10318733j,  0.06051515-0.05273023j],
          [ 0.07988621-0.00779449j, -0.40891334-0.02253014j,
            0.83492436-0.07286679j,  0.26457696-0.23115036j],
          [-0.0104506 +0.00096852j,  0.07988621-0.00779449j,
           -0.32244509+0.13950132j,  0.48685911-0.79560294j]],
         input_dims=(2, 2), output_dims=(2, 2))"
"Operator([[ 0.48685911-0.79560294j,  0.18757092+0.29706667j,
           -0.07370849+0.03177452j, -0.00554864-0.00890874j],
          [ 0.18757092+0.29706667j,  0.83492436-0.07286679j,
            0.04081714+0.40749441j, -0.07370849+0.03177452j],
          [-0.07370849+0.03177452j,  0.04081714+0.40749441j,
            0.83492436-0.07286679j,  0.18757092+0.29706667j],
          [-0.00554864-0.00890874j, -0.07370849+0.03177452j,
            0.18757092+0.29706667j,  0.48685911-0.79560294j]],
         input_dims=(2, 2), output_dims=(2, 2))"
"Operator([[ 0.48685911-0.79560294j, -0.34251555-0.07819563j,
            0.03144269+0.07385065j,  0.00244487-0.01020665j],
          [ 0.07665436-0.34286377j,  0.83492436-0.07286679j,
           -0.31642027-0.2599922j ,  0.03144269+0.07385065j],
          [-0.0321057 -0.07356483j,  0.25856645-0.3175864j ,
            0.83492436-0.07286679j, -0.34251555-0.07819563j],
          [-0.01023871-0.00230693j, -0.0321057 -0.07356483j,
            0.07665436-0.34286377j,  0.48685911-0.79560294j]],
         input_dims=(2, 2), output_dims=(2, 2))"
"Operator([[ 0.48685911-0.79560294j, -0.23155487-0.26422301j,
           -0.06035352+0.05291515j,  0.00897737+0.0054369j ],
          [-0.13900785-0.32265814j,  0.83492436-0.07286679j,
           -0.10379355-0.39616238j, -0.06035352+0.05291515j],
          [-0.07990969+0.00755001j,  0.02315572-0.4088784j ,
            0.83492436-0.07286679j, -0.23155487-0.26422301j],
          [ 0.00092055+0.01045493j, -0.07990969+0.00755001j,
           -0.13900785-0.32265814j,  0.48685911-0.79560294j]],
         input_dims=(2, 2), output_dims=(2, 2))"
"Operator([[ 0.48685911-0.79560294j,  0.18757092+0.29706667j,
           -0.07370849+0.03177452j, -0.00554864-0.00890874j],
          [ 0.18757092+0.29706667j,  0.83492436-0.07286679j,
            0.04081714+0.40749441j, -0.07370849+0.03177452j],
          [-0.07370849+0.03177452j,  0.04081714+0.40749441j,
            0.83492436-0.07286679j,  0.18757092+0.29706667j],
          [-0.00554864-0.00890874j, -0.07370849+0.03177452j,
            0.18757092+0.29706667j,  0.48685911-0.79560294j]],
         input_dims=(2, 2), output_dims=(2, 2))"
"Operator([[ 0.48685911-0.79560294j,  0.18757092+0.29706667j,
           -0.07370849+0.03177452j, -0.00554864-0.00890874j],
          [ 0.18757092+0.29706667j,  0.83492436-0.07286679j,
            0.04081714+0.40749441j, -0.07370849+0.03177452j],
          [-0.07370849+0.03177452j,  0.04081714+0.40749441j,
            0.83492436-0.07286679j,  0.18757092+0.29706667j],
          [-0.00554864-0.00890874j, -0.07370849+0.03177452j,
            0.18757092+0.29706667j,  0.48685911-0.79560294j]],
         input_dims=(2, 2), output_dims=(2, 2))"
