unitary
"Operator([[-0.1739374 +0.70686762j,  0.10162579-0.41221507j,
           -0.01933174+0.43633255j, -0.24566899+0.19677861j],
          [ 0.10162579-0.41221507j,  0.03843495+0.25873113j,
           -0.17296637+0.72846051j, -0.01933174+0.43633255j],
          [-0.01933174+0.43633255j, -0.17296637+0.72846051j,
            0.03843495+0.25873113j,  0.10162579-0.41221507j],
          [-0.24566899+0.19677861j, -0.01933174+0.43633255j,
            0.10162579-0.41221507j, -0.1739374 +0.70686762j]],
         input_dims=(2, 2), output_dims=(2, 2))"
"Operator([[-0.1739374 +0.70686762j,  0.14365475-0.39951518j,
           -0.10856375+0.42305286j, -0.2940311 +0.11234229j],
          [ 0.05850997-0.42050642j,  0.03843495+0.25873113j,
           -0.24727476+0.70670169j, -0.10856375+0.42305286j],
          [ 0.07072505+0.43099626j, -0.09680815+0.74242863j,
            0.03843495+0.25873113j,  0.14365475-0.39951518j],
          [-0.17382885+0.26240924j,  0.07072505+0.43099626j,
            0.05850997-0.42050642j, -0.1739374 +0.70686762j]],
         input_dims=(2, 2), output_dims=(2, 2))"
"Operator([[-0.1739374 +0.70686762j,  0.41305007+0.09817691j,
            0.01203549-0.43659473j,  0.20287615+0.24065815j],
          [-0.41135127-0.10506757j,  0.03843495+0.25873113j,
           -0.72988074-0.1668718j ,  0.01203549-0.43659473j],
          [ 0.02662259-0.43594845j,  0.7269894 +0.17904886j,
            0.03843495+0.25873113j,  0.41305007+0.09817691j],
          [-0.19055737-0.25052538j,  0.02662259-0.43594845j,
           -0.41135127-0.10506757j, -0.1739374 +0.70686762j]],
         input_dims=(2, 2), output_dims=(2, 2))"
"Operator([[-0.1739374 +0.70686762j, -0.02572339-0.4237775j ,
            0.23215173+0.36995322j,  0.00364264+0.31474086j],
          [ 0.21975587-0.36325806j,  0.03843495+0.25873113j,
            0.05178275+0.74692077j,  0.23215173+0.36995322j],
          [-0.26395949+0.34797298j, -0.38202465+0.64391712j,
            0.03843495+0.25873113j, -0.02572339-0.4237775j ],
          [-0.30635216-0.0722733j , -0.26395949+0.34797298j,
            0.21975587-0.36325806j, -0.1739374 +0.70686762j]],
         input_dims=(2, 2), output_dims=(2, 2))"
"Operator([[-0.1739374 +0.70686762j,  0.10162579-0.41221507j,
           -0.01933174+0.43633255j, -0.24566899+0.19677861j],
          [ 0.10162579-0.41221507j,  0.03843495+0.25873113j,
           -0.17296637+0.72846051j, -0.01933174+0.43633255j],
          [-0.01933174+0.43633255j, -0.17296637+0.72846051j,
            0.03843495+0.25873113j,  0.10162579-0.41221507j],
          [-0.24566899+0.19677861j, -0.01933174+0.43633255j,
            0.10162579-0.41221507j, -0.1739374 +0.70686762j]],
         input_dims=(2, 2), output_dims=(2, 2))"
"Operator([[-1.73937396e-01+0.70686762j, -2.40814814e-02-0.42387398j,
            2.29278384e-01+0.37174081j, -1.54581206e-05+0.31476194j],
          [ 2.18346959e-01-0.36410667j,  3.84349476e-02+0.25873113j,
            4.88887897e-02+0.74711577j,  2.29278384e-01+0.37174081j],
          [-2.61255491e-01+0.35000768j, -3.79527246e-01+0.64539225j,
            3.84349476e-02+0.25873113j, -2.40814814e-02-0.42387398j],
          [-3.07171416e-01-0.06870806j, -2.61255491e-01+0.35000768j,
            2.18346959e-01-0.36410667j, -1.73937396e-01+0.70686762j]],
         input_dims=(2, 2), output_dims=(2, 2))"
"Operator([[-0.1739374 +0.70686762j, -0.16809707-0.38986208j,
            0.41493489+0.13634092j,  0.27318081+0.15635639j],
          [ 0.3300497 -0.26705104j,  0.03843495+0.25873113j,
            0.30233778+0.68495544j,  0.41493489+0.13634092j],
          [-0.42536661+0.09911132j, -0.57798   +0.47593193j,
            0.03843495+0.25873113j, -0.16809707-0.38986208j],
          [-0.09293957-0.30072797j, -0.42536661+0.09911132j,
            0.3300497 -0.26705104j, -0.1739374 +0.70686762j]],
         input_dims=(2, 2), output_dims=(2, 2))"
