unitary
"Operator([[ 0.75140351-0.6097643j ,  0.09183288+0.23173789j,
           -0.03644157+0.01027726j, -0.00121275-0.00307687j],
          [ 0.09183288+0.23173789j,  0.92140335-0.0627214j ,
            0.02066853+0.28824532j, -0.03644157+0.01027726j],
          [-0.03644157+0.01027726j,  0.02066853+0.28824532j,
            0.92140335-0.0627214j ,  0.09183288+0.23173789j],
          [-0.00121275-0.00307687j, -0.03644157+0.01027726j,
            0.09183288+0.23173789j,  0.75140351-0.6097643j ]],
         input_dims=(2, 2), output_dims=(2, 2))"
"Operator([[ 0.75140351-0.6097643j ,  0.09183288+0.23173789j,
           -0.03644157+0.01027726j, -0.00121275-0.00307687j],
          [ 0.09183288+0.23173789j,  0.92140335-0.0627214j ,
            0.02066853+0.28824532j, -0.03644157+0.01027726j],
          [-0.03644157+0.01027726j,  0.02066853+0.28824532j,
            0.92140335-0.0627214j ,  0.09183288+0.23173789j],
          [-0.00121275-0.00307687j, -0.03644157+0.01027726j,
            0.09183288+0.23173789j,  0.75140351-0.6097643j ]],
         input_dims=(2, 2), output_dims=(2, 2))"
"Operator([[ 0.75140351-0.6097643j ,  0.02397839-0.24811442j,
           -0.02962149-0.02358342j, -0.00286128+0.00165859j],
          [-0.18742527-0.16433957j,  0.92140335-0.0627214j ,
            0.11308314-0.26594126j, -0.02962149-0.02358342j],
          [-0.01293475+0.03558514j, -0.14986961-0.24708633j,
            0.92140335-0.0627214j ,  0.02397839-0.24811442j],
          [ 0.00322346-0.0007397j , -0.01293475+0.03558514j,
           -0.18742527-0.16433957j,  0.75140351-0.6097643j ]],
         input_dims=(2, 2), output_dims=(2, 2))"
"Operator([[ 0.75140351-0.6097643j ,  0.23159751-0.09218635j,
            0.03641004-0.01038842j,  0.00307129-0.00122682j],
          [-0.23187774+0.09147919j,  0.92140335-0.0627214j ,
            0.28821345-0.02110831j,  0.03641004-0.01038842j],
          [ 0.03647276-0.01016601j, -0.28827652+0.0202287j ,
            0.92140335-0.0627214j ,  0.23159751-0.09218635j],
          [-0.00308239+0.00119865j,  0.03647276-0.01016601j,
           -0.23187774+0.09147919j,  0.75140351-0.6097643j ]],
         input_dims=(2, 2), output_dims=(2, 2))"
"Operator([[ 7.51403505e-01-0.6097643j ,  2.48991289e-01+0.01179264j,
            3.17875346e-02+0.02057092j,  2.05993341e-03+0.00258738j],
          [-1.73325529e-01+0.17914795j,  9.21403351e-01-0.0627214j ,
            2.71162620e-01+0.0999169j ,  3.17875346e-02+0.02057092j],
          [ 1.63556146e-02-0.03414826j, -2.54132771e-01+0.13758302j,
            9.21403351e-01-0.0627214j ,  2.48991289e-01+0.01179264j],
          [ 2.59414337e-04+0.00329706j,  1.63556146e-02-0.03414826j,
           -1.73325529e-01+0.17914795j,  7.51403505e-01-0.6097643j ]],
         input_dims=(2, 2), output_dims=(2, 2))"
"Operator([[ 0.75140351-0.6097643j ,  0.24690358+0.03426879j,
            0.02756071+0.02596184j,  0.00128981+0.00304537j],
          [-0.1564086 +0.19409296j,  0.92140335-0.0627214j ,
            0.26101202+0.12403741j,  0.02756071+0.02596184j],
          [ 0.00993494-0.03653638j, -0.24064461+0.16000852j,
            0.92140335-0.0627214j ,  0.24690358+0.03426879j],
          [ 0.00113492+0.00310642j,  0.00993494-0.03653638j,
           -0.1564086 +0.19409296j,  0.75140351-0.6097643j ]],
         input_dims=(2, 2), output_dims=(2, 2))"
"Operator([[ 7.51403505e-01-0.6097643j , -1.79736204e-01+0.17271545j,
            1.87983520e-02-0.03286688j, -1.01795309e-04+0.00330568j],
          [ 2.49255606e-01+0.00271497j,  9.21403351e-01-0.0627214j ,
           -2.58975759e-01+0.12823459j,  1.87983520e-02-0.03286688j],
          [ 3.32008300e-02+0.01820206j,  2.74622267e-01+0.08997313j,
            9.21403351e-01-0.0627214j , -1.79736204e-01+0.17271545j],
          [ 2.32988679e-03+0.00234723j,  3.32008300e-02+0.01820206j,
            2.49255606e-01+0.00271497j,  7.51403505e-01-0.6097643j ]],
         input_dims=(2, 2), output_dims=(2, 2))"
"Operator([[ 0.75140351-0.6097643j ,  0.09183288+0.23173789j,
           -0.03644157+0.01027726j, -0.00121275-0.00307687j],
          [ 0.09183288+0.23173789j,  0.92140335-0.0627214j ,
            0.02066853+0.28824532j, -0.03644157+0.01027726j],
          [-0.03644157+0.01027726j,  0.02066853+0.28824532j,
            0.92140335-0.0627214j ,  0.09183288+0.23173789j],
          [-0.00121275-0.00307687j, -0.03644157+0.01027726j,
            0.09183288+0.23173789j,  0.75140351-0.6097643j ]],
         input_dims=(2, 2), output_dims=(2, 2))"
"Operator([[ 0.75140351-0.6097643j , -0.23288488+0.08888398j,
            0.03669071-0.0093489j , -0.00312081+0.00109473j],
          [ 0.23055357-0.09476698j,  0.92140335-0.0627214j ,
           -0.28848445+0.0170081j ,  0.03669071-0.0093489j ],
          [ 0.03616894-0.011199j  ,  0.28795975-0.02432562j,
            0.92140335-0.0627214j , -0.23288488+0.08888398j],
          [ 0.00302847-0.00132901j,  0.03616894-0.011199j  ,
            0.23055357-0.09476698j,  0.75140351-0.6097643j ]],
         input_dims=(2, 2), output_dims=(2, 2))"
"Operator([[ 0.75140351-0.6097643j ,  0.09183288+0.23173789j,
           -0.03644157+0.01027726j, -0.00121275-0.00307687j],
          [ 0.09183288+0.23173789j,  0.92140335-0.0627214j ,
            0.02066853+0.28824532j, -0.03644157+0.01027726j],
          [-0.03644157+0.01027726j,  0.02066853+0.28824532j,
            0.92140335-0.0627214j ,  0.09183288+0.23173789j],
          [-0.00121275-0.00307687j, -0.03644157+0.01027726j,
            0.09183288+0.23173789j,  0.75140351-0.6097643j ]],
         input_dims=(2, 2), output_dims=(2, 2))"
