unitary
"Operator([[ 9.05698036e-01-0.39428106j,  3.50208811e-02+0.15108236j,
           -1.39677146e-02+0.00234937j, -1.68104948e-04-0.00072655j],
          [ 3.50208811e-02+0.15108236j,  9.70446769e-01-0.04265846j,
            8.01347011e-03+0.17915398j, -1.39677146e-02+0.00234937j],
          [-1.39677146e-02+0.00234937j,  8.01347011e-03+0.17915398j,
            9.70446769e-01-0.04265846j,  3.50208811e-02+0.15108236j],
          [-1.68104948e-04-0.00072655j, -1.39677146e-02+0.00234937j,
            3.50208811e-02+0.15108236j,  9.05698036e-01-0.39428106j]],
         input_dims=(2, 2), output_dims=(2, 2))"
"Operator([[ 9.05698036e-01-0.39428106j,  1.49291314e-02+0.15436795j,
           -1.40985787e-02-0.00135893j,  1.23758252e-04-0.0007354j ],
          [ 5.45091459e-02+0.1451933j ,  9.70446769e-01-0.04265846j,
           -1.55226328e-02+0.17866005j, -1.40985787e-02-0.00135893j],
          [-1.28782235e-02+0.00589644j,  3.14114837e-02+0.17656071j,
            9.70446769e-01-0.04265846j,  1.49291314e-02+0.15436795j],
          [-4.34195516e-04-0.00060631j, -1.28782235e-02+0.00589644j,
            5.45091459e-02+0.1451933j ,  9.05698036e-01-0.39428106j]],
         input_dims=(2, 2), output_dims=(2, 2))"
"Operator([[ 9.05698036e-01-0.39428106j,  3.50208811e-02+0.15108236j,
           -1.39677146e-02+0.00234937j, -1.68104948e-04-0.00072655j],
          [ 3.50208811e-02+0.15108236j,  9.70446769e-01-0.04265846j,
            8.01347011e-03+0.17915398j, -1.39677146e-02+0.00234937j],
          [-1.39677146e-02+0.00234937j,  8.01347011e-03+0.17915398j,
            9.70446769e-01-0.04265846j,  3.50208811e-02+0.15108236j],
          [-1.68104948e-04-0.00072655j, -1.39677146e-02+0.00234937j,
            3.50208811e-02+0.15108236j,  9.05698036e-01-0.39428106j]],
         input_dims=(2, 2), output_dims=(2, 2))"
"Operator([[ 9.05698036e-01-0.39428106j,  5.61644700e-02+0.14456104j,
           -1.27401326e-02+0.00618915j, -4.54718652e-04-0.00059107j],
          [ 1.31644516e-02+0.15452844j,  9.70446769e-01-0.04265846j,
            3.34266985e-02+0.1761903j , -1.27401326e-02+0.00618915j],
          [-1.40638474e-02-0.00168072j, -1.75628703e-02+0.17847104j,
            9.70446769e-01-0.04265846j,  5.61644700e-02+0.14456104j],
          [ 1.48887864e-04-0.00073073j, -1.40638474e-02-0.00168072j,
            1.31644516e-02+0.15452844j,  9.05698036e-01-0.39428106j]],
         input_dims=(2, 2), output_dims=(2, 2))"
"Operator([[ 9.05698036e-01-0.39428106j,  4.23488886e-02+0.14919422j,
           -1.36723155e-02+0.00369924j, -2.72291360e-04-0.00069426j],
          [ 2.76094945e-02+0.15261081j,  9.70446769e-01-0.04265846j,
            1.67429427e-02+0.17854982j, -1.36723155e-02+0.00369924j],
          [-1.41301734e-02+0.00097714j, -7.35081284e-04+0.17933161j,
            9.70446769e-01-0.04265846j,  4.23488886e-02+0.14919422j],
          [-6.03221706e-05-0.0007433j , -1.41301734e-02+0.00097714j,
            2.76094945e-02+0.15261081j,  9.05698036e-01-0.39428106j]],
         input_dims=(2, 2), output_dims=(2, 2))"
"Operator([[ 9.05698036e-01-3.94281058e-01j,
           -2.38391366e-02+1.53245026e-01j,
           -1.17094306e-02-7.96905550e-03j,
            5.92833564e-04-4.52418899e-04j],
          [ 8.88296778e-02+1.27128403e-01j,
            9.70446769e-01-4.26584628e-02j,
           -5.93659724e-02+1.69221886e-01j,
           -1.17094306e-02-7.96905550e-03j],
          [-8.45806931e-03+1.13612356e-02j,
            7.42370933e-02+1.63245886e-01j,
            9.70446769e-01-4.26584628e-02j,
           -2.38391366e-02+1.53245026e-01j],
          [-7.31303304e-04-1.46047842e-04j,
           -8.45806931e-03+1.13612356e-02j,
            8.88296778e-02+1.27128403e-01j,
            9.05698036e-01-3.94281058e-01j]],
         input_dims=(2, 2), output_dims=(2, 2))"
"Operator([[ 9.05698036e-01-0.39428106j,  9.22730378e-02-0.12465163j,
           -1.05125869e-04-0.01416353j, -5.21246203e-04-0.00053333j],
          [-1.37704543e-01-0.07134284j,  9.70446769e-01-0.04265846j,
            1.31156288e-01-0.12230451j, -1.05125869e-04-0.01416353j],
          [ 4.53419047e-03+0.01341856j, -1.41551915e-01-0.11010641j,
            9.70446769e-01-0.04265846j,  9.22730378e-02-0.12465163j],
          [ 2.34018056e-04-0.00070807j,  4.53419047e-03+0.01341856j,
           -1.37704543e-01-0.07134284j,  9.05698036e-01-0.39428106j]],
         input_dims=(2, 2), output_dims=(2, 2))"
"Operator([[ 9.05698036e-01-0.39428106j,  3.50208811e-02+0.15108236j,
           -1.39677146e-02+0.00234937j, -1.68104948e-04-0.00072655j],
          [ 3.50208811e-02+0.15108236j,  9.70446769e-01-0.04265846j,
            8.01347011e-03+0.17915398j, -1.39677146e-02+0.00234937j],
          [-1.39677146e-02+0.00234937j,  8.01347011e-03+0.17915398j,
            9.70446769e-01-0.04265846j,  3.50208811e-02+0.15108236j],
          [-1.68104948e-04-0.00072655j, -1.39677146e-02+0.00234937j,
            3.50208811e-02+0.15108236j,  9.05698036e-01-0.39428106j]],
         input_dims=(2, 2), output_dims=(2, 2))"
"Operator([[ 9.05698036e-01-0.39428106j,  3.50208811e-02+0.15108236j,
           -1.39677146e-02+0.00234937j, -1.68104948e-04-0.00072655j],
          [ 3.50208811e-02+0.15108236j,  9.70446769e-01-0.04265846j,
            8.01347011e-03+0.17915398j, -1.39677146e-02+0.00234937j],
          [-1.39677146e-02+0.00234937j,  8.01347011e-03+0.17915398j,
            9.70446769e-01-0.04265846j,  3.50208811e-02+0.15108236j],
          [-1.68104948e-04-0.00072655j, -1.39677146e-02+0.00234937j,
            3.50208811e-02+0.15108236j,  9.05698036e-01-0.39428106j]],
         input_dims=(2, 2), output_dims=(2, 2))"
"Operator([[ 9.05698036e-01-0.39428106j,  1.54964672e-01+0.00618813j,
            1.32118702e-02+0.0051052j ,  6.25541859e-04+0.00040599j],
          [-1.36438416e-01+0.07373534j,  9.70446769e-01-0.04265846j,
            1.74892976e-01+0.03965869j,  1.32118702e-02+0.0051052j ],
          [ 1.08147315e-02-0.00914649j, -1.70653803e-01+0.05511483j,
            9.70446769e-01-0.04265846j,  1.54964672e-01+0.00618813j],
          [-3.83642700e-04+0.00063949j,  1.08147315e-02-0.00914649j,
           -1.36438416e-01+0.07373534j,  9.05698036e-01-0.39428106j]],
         input_dims=(2, 2), output_dims=(2, 2))"
"Operator([[ 9.05698036e-01-0.39428106j,  1.54656647e-01+0.01156132j,
            1.28259938e-02+0.0060092j ,  5.79961163e-04+0.00046881j],
          [-1.33797815e-01+0.07842504j,  9.70446769e-01-0.04265846j,
            1.73411600e-01+0.0457032j ,  1.28259938e-02+0.0060092j ],
          [ 1.01543497e-02-0.0098745j , -1.68638687e-01+0.06100294j,
            9.70446769e-01-0.04265846j,  1.54656647e-01+0.01156132j],
          [-3.15105249e-04+0.0006759j ,  1.01543497e-02-0.0098745j ,
           -1.33797815e-01+0.07842504j,  9.05698036e-01-0.39428106j]],
         input_dims=(2, 2), output_dims=(2, 2))"
