unitary
"Operator([[ 9.41366246e-01-3.14213578e-01j,
           -2.57101007e-02+1.19838213e-01j,
           -6.99261606e-03-5.30880611e-03j,
            3.03642829e-04-1.98486364e-04j],
          [ 6.60334805e-02+1.03255925e-01j,
            9.81660078e-01-3.43511799e-02j,
           -4.92093943e-02+1.32825587e-01j,
           -6.99261606e-03-5.30880611e-03j],
          [-5.37977278e-03+6.93816594e-03j,
            5.84690975e-02+1.29017695e-01j,
            9.81660078e-01-3.43511799e-02j,
           -2.57101007e-02+1.19838213e-01j],
          [-3.53881175e-04-7.97741684e-05j,
           -5.37977278e-03+6.93816594e-03j,
            6.60334805e-02+1.03255925e-01j,
            9.41366246e-01-3.14213578e-01j]],
         input_dims=(2, 2), output_dims=(2, 2))"
"Operator([[ 9.41366246e-01-3.14213578e-01j,
            1.26522541e-03+1.22558581e-01j,
           -8.59382031e-03-1.79620548e-03j,
            1.16471106e-04-3.43555360e-04j],
          [ 4.17171979e-02+1.15247048e-01j,
            9.81660078e-01-3.43511799e-02j,
           -1.88038729e-02+1.40394499e-01j,
           -8.59382031e-03-1.79620548e-03j],
          [-7.83578375e-03+3.95987307e-03j,
            2.86741885e-02+1.38715507e-01j,
            9.81660078e-01-3.43511799e-02j,
            1.26522541e-03+1.22558581e-01j],
          [-2.29255624e-04-2.81136378e-04j,
           -7.83578375e-03+3.95987307e-03j,
            4.17171979e-02+1.15247048e-01j,
            9.41366246e-01-3.14213578e-01j]],
         input_dims=(2, 2), output_dims=(2, 2))"
"Operator([[ 9.41366246e-01-0.31421358j,  2.07139117e-02+0.12080207j,
           -8.72358806e-03+0.0009895j , -5.47945342e-05-0.0003586j ],
          [ 2.28841773e-02+0.1204098j ,  9.81660078e-01-0.03435118j,
            3.73223817e-03+0.14159898j, -8.72358806e-03+0.0009895j ],
          [-8.68233654e-03+0.00130274j,  6.27945650e-03+0.1415089j ,
            9.81660078e-01-0.03435118j,  2.07139117e-02+0.12080207j],
          [-7.40634269e-05-0.00035512j, -8.68233654e-03+0.00130274j,
            2.28841773e-02+0.1204098j ,  9.41366246e-01-0.31421358j]],
         input_dims=(2, 2), output_dims=(2, 2))"
"Operator([[ 9.41366246e-01-3.14213578e-01j,
            3.16063138e-02+1.18419794e-01j,
           -8.40039732e-03+2.55214155e-03j,
           -1.49453752e-04-3.30544067e-04j],
          [ 1.18470203e-02+1.21991208e-01j,
            9.81660078e-01-3.43511799e-02j,
            1.65848660e-02+1.40673889e-01j,
           -8.40039732e-03+2.55214155e-03j],
          [-8.77472684e-03-2.90294010e-04j,
           -6.60641230e-03+1.41494015e-01j,
            9.81660078e-01-3.43511799e-02j,
            3.16063138e-02+1.18419794e-01j],
          [ 2.44301140e-05-3.61937804e-04j,
           -8.77472684e-03-2.90294010e-04j,
            1.18470203e-02+1.21991208e-01j,
            9.41366246e-01-3.14213578e-01j]],
         input_dims=(2, 2), output_dims=(2, 2))"
"Operator([[ 9.41366246e-01-3.14213578e-01j,
            2.99862137e-02+1.18840370e-01j,
           -8.46696227e-03+2.32177768e-03j,
           -1.35789876e-04-3.36388040e-04j],
          [ 1.35118400e-02+1.21818048e-01j,
            9.81660078e-01-3.43511799e-02j,
            1.46622624e-02+1.40887256e-01j,
           -8.46696227e-03+2.32177768e-03j],
          [-8.77938189e-03-5.05509434e-05j,
           -4.67353946e-03+1.41571039e-01j,
            9.81660078e-01-3.43511799e-02j,
            2.99862137e-02+1.18840370e-01j],
          [ 9.58532140e-06-3.62634700e-04j,
           -8.77938189e-03-5.05509434e-05j,
            1.35118400e-02+1.21818048e-01j,
            9.41366246e-01-3.14213578e-01j]],
         input_dims=(2, 2), output_dims=(2, 2))"
"Operator([[ 9.41366246e-01-0.31421358j,  2.17999268e-02+0.12061082j,
           -8.70437146e-03+0.00114631j, -6.44524569e-05-0.00035699j],
          [ 2.17999268e-02+0.12061082j,  9.81660078e-01-0.03435118j,
            5.00604995e-03+0.14155967j, -8.70437146e-03+0.00114631j],
          [-8.70437146e-03+0.00114631j,  5.00604995e-03+0.14155967j,
            9.81660078e-01-0.03435118j,  2.17999268e-02+0.12061082j],
          [-6.44524569e-05-0.00035699j, -8.70437146e-03+0.00114631j,
            2.17999268e-02+0.12061082j,  9.41366246e-01-0.31421358j]],
         input_dims=(2, 2), output_dims=(2, 2))"
"Operator([[ 9.41366246e-01-0.31421358j,  2.17999268e-02+0.12061082j,
           -8.70437146e-03+0.00114631j, -6.44524569e-05-0.00035699j],
          [ 2.17999268e-02+0.12061082j,  9.81660078e-01-0.03435118j,
            5.00604995e-03+0.14155967j, -8.70437146e-03+0.00114631j],
          [-8.70437146e-03+0.00114631j,  5.00604995e-03+0.14155967j,
            9.81660078e-01-0.03435118j,  2.17999268e-02+0.12061082j],
          [-6.44524569e-05-0.00035699j, -8.70437146e-03+0.00114631j,
            2.17999268e-02+0.12061082j,  9.41366246e-01-0.31421358j]],
         input_dims=(2, 2), output_dims=(2, 2))"
"Operator([[ 9.41366246e-01-0.31421358j,  2.17999268e-02+0.12061082j,
           -8.70437146e-03+0.00114631j, -6.44524569e-05-0.00035699j],
          [ 2.17999268e-02+0.12061082j,  9.81660078e-01-0.03435118j,
            5.00604995e-03+0.14155967j, -8.70437146e-03+0.00114631j],
          [-8.70437146e-03+0.00114631j,  5.00604995e-03+0.14155967j,
            9.81660078e-01-0.03435118j,  2.17999268e-02+0.12061082j],
          [-6.44524569e-05-0.00035699j, -8.70437146e-03+0.00114631j,
            2.17999268e-02+0.12061082j,  9.41366246e-01-0.31421358j]],
         input_dims=(2, 2), output_dims=(2, 2))"
"Operator([[ 9.41366246e-01-0.31421358j,  2.17999268e-02+0.12061082j,
           -8.70437146e-03+0.00114631j, -6.44524569e-05-0.00035699j],
          [ 2.17999268e-02+0.12061082j,  9.81660078e-01-0.03435118j,
            5.00604995e-03+0.14155967j, -8.70437146e-03+0.00114631j],
          [-8.70437146e-03+0.00114631j,  5.00604995e-03+0.14155967j,
            9.81660078e-01-0.03435118j,  2.17999268e-02+0.12061082j],
          [-6.44524569e-05-0.00035699j, -8.70437146e-03+0.00114631j,
            2.17999268e-02+0.12061082j,  9.41366246e-01-0.31421358j]],
         input_dims=(2, 2), output_dims=(2, 2))"
"Operator([[ 9.41366246e-01-3.14213578e-01j,
            2.58462922e-02-1.19808914e-01j,
           -6.98053003e-03-5.32468799e-03j,
           -3.04317861e-04+1.97449851e-04j],
          [-6.61507985e-02-1.03180805e-01j,
            9.81660078e-01-3.43511799e-02j,
            4.93603320e-02-1.32769570e-01j,
           -6.98053003e-03-5.32468799e-03j],
          [-5.36398706e-03+6.95037730e-03j,
           -5.86157012e-02-1.28951156e-01j,
            9.81660078e-01-3.43511799e-02j,
            2.58462922e-02-1.19808914e-01j],
          [ 3.54151131e-04+7.85670435e-05j,
           -5.36398706e-03+6.95037730e-03j,
           -6.61507985e-02-1.03180805e-01j,
            9.41366246e-01-3.14213578e-01j]],
         input_dims=(2, 2), output_dims=(2, 2))"
"Operator([[ 9.41366246e-01-0.31421358j,  2.17999268e-02+0.12061082j,
           -8.70437146e-03+0.00114631j, -6.44524569e-05-0.00035699j],
          [ 2.17999268e-02+0.12061082j,  9.81660078e-01-0.03435118j,
            5.00604995e-03+0.14155967j, -8.70437146e-03+0.00114631j],
          [-8.70437146e-03+0.00114631j,  5.00604995e-03+0.14155967j,
            9.81660078e-01-0.03435118j,  2.17999268e-02+0.12061082j],
          [-6.44524569e-05-0.00035699j, -8.70437146e-03+0.00114631j,
            2.17999268e-02+0.12061082j,  9.41366246e-01-0.31421358j]],
         input_dims=(2, 2), output_dims=(2, 2))"
"Operator([[ 9.41366246e-01-3.14213578e-01j,
            1.21621362e-01+1.51806124e-02j,
            7.80739306e-03+4.01555915e-03j,
            2.70234450e-04+2.42010632e-04j],
          [-1.08612163e-01+5.67944079e-02j,
            9.81660078e-01-3.43511799e-02j,
            1.36605043e-01+3.74601535e-02j,
            7.80739306e-03+4.01555915e-03j],
          [ 6.50158700e-03-5.89995493e-03j,
           -1.33617662e-01+4.70161828e-02j,
            9.81660078e-01-3.43511799e-02j,
            1.21621362e-01+1.51806124e-02j],
          [-1.68544635e-04+3.21229685e-04j,
            6.50158700e-03-5.89995493e-03j,
           -1.08612163e-01+5.67944079e-02j,
            9.41366246e-01-3.14213578e-01j]],
         input_dims=(2, 2), output_dims=(2, 2))"
"Operator([[ 9.41366246e-01-3.14213578e-01j,
            1.21052553e-01+1.91959923e-02j,
            7.52474813e-03+4.52308161e-03j,
            2.44919245e-04+2.67601136e-04j],
          [-1.06673735e-01+6.03566146e-02j,
            9.81660078e-01-3.43511799e-02j,
            1.35290941e-01+4.19590535e-02j,
            7.52474813e-03+4.52308161e-03j],
          [ 6.09718310e-03-6.31699771e-03j,
           -1.31989046e-01+5.14110179e-02j,
            9.81660078e-01-3.43511799e-02j,
            1.21052553e-01+1.91959923e-02j],
          [-1.35878950e-04+3.36352070e-04j,
            6.09718310e-03-6.31699771e-03j,
           -1.06673735e-01+6.03566146e-02j,
            9.41366246e-01-3.14213578e-01j]],
         input_dims=(2, 2), output_dims=(2, 2))"
"Operator([[ 9.41366246e-01-0.31421358j,  2.17999268e-02+0.12061082j,
           -8.70437146e-03+0.00114631j, -6.44524569e-05-0.00035699j],
          [ 2.17999268e-02+0.12061082j,  9.81660078e-01-0.03435118j,
            5.00604995e-03+0.14155967j, -8.70437146e-03+0.00114631j],
          [-8.70437146e-03+0.00114631j,  5.00604995e-03+0.14155967j,
            9.81660078e-01-0.03435118j,  2.17999268e-02+0.12061082j],
          [-6.44524569e-05-0.00035699j, -8.70437146e-03+0.00114631j,
            2.17999268e-02+0.12061082j,  9.41366246e-01-0.31421358j]],
         input_dims=(2, 2), output_dims=(2, 2))"
