unitary
"Operator([[-0.70824248+0.19306771j,  0.45986671-0.19083743j,
           -0.14877125+0.39058953j, -0.19435292+0.02747767j],
          [ 0.45986671-0.19083743j,  0.18198795+0.20336148j,
           -0.00691707+0.70914545j, -0.14877125+0.39058953j],
          [-0.14877125+0.39058953j, -0.00691707+0.70914545j,
            0.18198795+0.20336148j,  0.45986671-0.19083743j],
          [-0.19435292+0.02747767j, -0.14877125+0.39058953j,
            0.45986671-0.19083743j, -0.70824248+0.19306771j]],
         input_dims=(2, 2), output_dims=(2, 2))"
"Operator([[-0.70824248+0.19306771j,  0.45986671-0.19083743j,
           -0.14877125+0.39058953j, -0.19435292+0.02747767j],
          [ 0.45986671-0.19083743j,  0.18198795+0.20336148j,
           -0.00691707+0.70914545j, -0.14877125+0.39058953j],
          [-0.14877125+0.39058953j, -0.00691707+0.70914545j,
            0.18198795+0.20336148j,  0.45986671-0.19083743j],
          [-0.19435292+0.02747767j, -0.14877125+0.39058953j,
            0.45986671-0.19083743j, -0.70824248+0.19306771j]],
         input_dims=(2, 2), output_dims=(2, 2))"
"Operator([[-0.70824248+0.19306771j, -0.47651564-0.1443231j ,
           -0.41207721-0.06989589j, -0.0675073 +0.18431181j],
          [-0.234318  +0.43930785j,  0.18198795+0.20336148j,
            0.45534512-0.54368736j, -0.41207721-0.06989589j],
          [ 0.35415948+0.22195523j, -0.44465314-0.55246602j,
            0.18198795+0.20336148j, -0.47651564-0.1443231j ],
          [-0.11595626-0.15837369j,  0.35415948+0.22195523j,
           -0.234318  +0.43930785j, -0.70824248+0.19306771j]],
         input_dims=(2, 2), output_dims=(2, 2))"
