unitary
"Operator([[ 8.86340847e-01-0.43033515j,  4.21826807e-02+0.16473853j,
           -1.68138086e-02+0.00311693j, -2.45314235e-04-0.00096019j],
          [ 4.21826807e-02+0.16473853j,  9.64342661e-01-0.04628868j,
            9.63322217e-03+0.19646172j, -1.68138086e-02+0.00311693j],
          [-1.68138086e-02+0.00311693j,  9.63322217e-03+0.19646172j,
            9.64342661e-01-0.04628868j,  4.21826807e-02+0.16473853j],
          [-2.45314235e-04-0.00096019j, -1.68138086e-02+0.00311693j,
            4.21826807e-02+0.16473853j,  8.86340847e-01-0.43033515j]],
         input_dims=(2, 2), output_dims=(2, 2))"
"Operator([[ 8.86340847e-01-0.43033515j,  1.66764945e-01+0.03328086j,
            1.29458137e-02+0.01117253j,  4.55856938e-04+0.00087997j],
          [-1.30247382e-01+0.10933335j,  9.64342661e-01-0.04628868j,
            1.81273281e-01+0.07635447j,  1.29458137e-02+0.01117253j],
          [ 8.08091046e-03-0.01507044j, -1.72933796e-01+0.09372252j,
            9.64342661e-01-0.04628868j,  1.66764945e-01+0.03328086j],
          [ 2.20920045e-05+0.00099079j,  8.08091046e-03-0.01507044j,
           -1.30247382e-01+0.10933335j,  8.86340847e-01-0.43033515j]],
         input_dims=(2, 2), output_dims=(2, 2))"
"Operator([[ 8.86340847e-01-0.43033515j,  4.21826807e-02+0.16473853j,
           -1.68138086e-02+0.00311693j, -2.45314235e-04-0.00096019j],
          [ 4.21826807e-02+0.16473853j,  9.64342661e-01-0.04628868j,
            9.63322217e-03+0.19646172j, -1.68138086e-02+0.00311693j],
          [-1.68138086e-02+0.00311693j,  9.63322217e-03+0.19646172j,
            9.64342661e-01-0.04628868j,  4.21826807e-02+0.16473853j],
          [-2.45314235e-04-0.00096019j, -1.68138086e-02+0.00311693j,
            4.21826807e-02+0.16473853j,  8.86340847e-01-0.43033515j]],
         input_dims=(2, 2), output_dims=(2, 2))"
"Operator([[ 8.86340847e-01-4.30335148e-01j,
            1.67208721e-01-3.09742802e-02j,
            1.70803433e-02-8.25406049e-04j,
            9.89911259e-04-4.71722377e-05j],
          [-1.61517914e-01+5.31989276e-02j,
            9.64342661e-01-4.62886825e-02j,
            1.96664058e-01+3.64090854e-03j,
            1.70803433e-02-8.25406049e-04j],
          [ 1.62412569e-02-5.35172853e-03j,
           -1.95364454e-01+2.28634709e-02j,
            9.64342661e-01-4.62886825e-02j,
            1.67208721e-01-3.09742802e-02j],
          [-8.91228587e-04+4.33429494e-04j,
            1.62412569e-02-5.35172853e-03j,
           -1.61517914e-01+5.31989276e-02j,
            8.86340847e-01-4.30335148e-01j]],
         input_dims=(2, 2), output_dims=(2, 2))"
"Operator([[ 8.86340847e-01-4.30335148e-01j,
            1.68395345e-01-2.36890329e-02j,
            1.70875836e-02+6.58718715e-04j,
            9.87654900e-04+8.17760358e-05j],
          [-1.59057179e-01+6.01579280e-02j,
            9.64342661e-01-4.62886825e-02j,
            1.96320799e-01+1.21717702e-02j,
            1.70875836e-02+6.58718715e-04j],
          [ 1.57160455e-02-6.73983217e-03j,
           -1.94188250e-01+3.13198279e-02j,
            9.64342661e-01-4.62886825e-02j,
            1.68395345e-01-2.36890329e-02j],
          [-8.27397387e-04+5.45493433e-04j,
            1.57160455e-02-6.73983217e-03j,
           -1.59057179e-01+6.01579280e-02j,
            8.86340847e-01-4.30335148e-01j]],
         input_dims=(2, 2), output_dims=(2, 2))"
"Operator([[ 8.86340847e-01-0.43033515j, -8.82095870e-04+0.17005112j,
           -1.61863149e-02-0.00551567j,  4.90226697e-04-0.00086129j],
          [ 8.25010347e-02+0.14870017j,  9.64342661e-01-0.04628868j,
           -4.04003587e-02+0.19250408j, -1.61863149e-02-0.00551567j],
          [-1.31337346e-02+0.010951j  ,  5.90396049e-02+0.18762818j,
            9.64342661e-01-0.04628868j, -8.82095870e-04+0.17005112j],
          [-8.43279943e-04-0.0005206j , -1.31337346e-02+0.010951j  ,
            8.25010347e-02+0.14870017j,  8.86340847e-01-0.43033515j]],
         input_dims=(2, 2), output_dims=(2, 2))"
"Operator([[ 8.86340847e-01-0.43033515j, -1.42869151e-01+0.09223106j,
            1.15600666e-02-0.01260096j, -3.42550349e-04+0.00092995j],
          [ 1.69613985e-01+0.01221713j,  9.64342661e-01-0.04628868j,
           -1.83274679e-01+0.07141709j,  1.15600666e-02-0.01260096j],
          [ 1.53086264e-02+0.00762006j,  1.89382374e-01+0.05314437j,
            9.64342661e-01-0.04628868j, -1.42869151e-01+0.09223106j],
          [ 7.46632707e-04+0.00065168j,  1.53086264e-02+0.00762006j,
            1.69613985e-01+0.01221713j,  8.86340847e-01-0.43033515j]],
         input_dims=(2, 2), output_dims=(2, 2))"
"Operator([[ 8.86340847e-01-0.43033515j,  4.21826807e-02+0.16473853j,
           -1.68138086e-02+0.00311693j, -2.45314235e-04-0.00096019j],
          [ 4.21826807e-02+0.16473853j,  9.64342661e-01-0.04628868j,
            9.63322217e-03+0.19646172j, -1.68138086e-02+0.00311693j],
          [-1.68138086e-02+0.00311693j,  9.63322217e-03+0.19646172j,
            9.64342661e-01-0.04628868j,  4.21826807e-02+0.16473853j],
          [-2.45314235e-04-0.00096019j, -1.68138086e-02+0.00311693j,
            4.21826807e-02+0.16473853j,  8.86340847e-01-0.43033515j]],
         input_dims=(2, 2), output_dims=(2, 2))"
"Operator([[ 8.86340847e-01-0.43033515j, -1.19626604e-01+0.12086206j,
            5.18029071e-03-0.01629675j,  2.91853835e-04+0.00094709j],
          [ 1.62991953e-01+0.04849521j,  9.64342661e-01-0.04628868j,
           -1.63569118e-01+0.10924812j,  5.18029071e-03-0.01629675j],
          [ 1.06774898e-02+0.01335704j,  1.73472425e-01+0.09272177j,
            9.64342661e-01-0.04628868j, -1.19626604e-01+0.12086206j],
          [ 1.98190730e-04+0.00097101j,  1.06774898e-02+0.01335704j,
            1.62991953e-01+0.04849521j,  8.86340847e-01-0.43033515j]],
         input_dims=(2, 2), output_dims=(2, 2))"
"Operator([[ 8.86340847e-01-0.43033515j, -1.07334035e-01+0.13189984j,
            1.93490178e-03-0.01699046j,  5.51780043e-04+0.00082322j],
          [ 1.57516960e-01+0.06408252j,  9.64342661e-01-0.04628868j,
           -1.52196153e-01+0.12460473j,  1.93490178e-03-0.01699046j],
          [ 7.89640147e-03+0.01516794j,  1.63656384e-01+0.10911735j,
            9.64342661e-01-0.04628868j, -1.07334035e-01+0.13189984j],
          [-8.92968090e-05+0.000987j  ,  7.89640147e-03+0.01516794j,
            1.57516960e-01+0.06408252j,  8.86340847e-01-0.43033515j]],
         input_dims=(2, 2), output_dims=(2, 2))"
