unitary
"Operator([[ 9.20523801e-01-0.36357189j,  5.78006649e-03+0.14239222j,
           -1.17215123e-02-0.00217591j,  1.67777218e-04-0.00055008j],
          [ 5.24455436e-02+0.13250819j,  9.75113011e-01-0.03950844j,
           -2.08777717e-02+0.16342195j, -1.17215123e-02-0.00217591j],
          [-1.05242328e-02+0.0056008j ,  3.42208262e-02+0.16115691j,
            9.75113011e-01-0.03950844j,  5.78006649e-03+0.14239222j],
          [-3.76114899e-04-0.00043506j, -1.05242328e-02+0.0056008j ,
            5.24455436e-02+0.13250819j,  9.20523801e-01-0.36357189j]],
         input_dims=(2, 2), output_dims=(2, 2))"
"Operator([[ 9.20523801e-01-0.36357189j,  4.87920580e-02+0.13389656j,
           -1.08154691e-02+0.00501538j, -3.39086881e-04-0.0004645j ],
          [ 9.68270379e-03+0.14218017j,  9.75113011e-01-0.03950844j,
            2.97885628e-02+0.16203474j, -1.08154691e-02+0.00501538j],
          [-1.18231775e-02-0.00153j   , -1.63884125e-02+0.16393302j,
            9.75113011e-01-0.03950844j,  4.87920580e-02+0.13389656j],
          [ 1.22000690e-04-0.00056201j, -1.18231775e-02-0.00153j   ,
            9.68270379e-03+0.14218017j,  9.20523801e-01-0.36357189j]],
         input_dims=(2, 2), output_dims=(2, 2))"
"Operator([[ 9.20523801e-01-0.36357189j,  2.95292899e-02+0.13941656j,
           -1.17829369e-02+0.00181407j, -1.18990440e-04-0.00056265j],
          [ 2.95292899e-02+0.13941656j,  9.75113011e-01-0.03950844j,
            6.76696943e-03+0.16461113j, -1.17829369e-02+0.00181407j],
          [-1.17829369e-02+0.00181407j,  6.76696943e-03+0.16461113j,
            9.75113011e-01-0.03950844j,  2.95292899e-02+0.13941656j],
          [-1.18990440e-04-0.00056265j, -1.17829369e-02+0.00181407j,
            2.95292899e-02+0.13941656j,  9.20523801e-01-0.36357189j]],
         input_dims=(2, 2), output_dims=(2, 2))"
"Operator([[ 9.20523801e-01-0.36357189j,  2.95292899e-02+0.13941656j,
           -1.17829369e-02+0.00181407j, -1.18990440e-04-0.00056265j],
          [ 2.95292899e-02+0.13941656j,  9.75113011e-01-0.03950844j,
            6.76696943e-03+0.16461113j, -1.17829369e-02+0.00181407j],
          [-1.17829369e-02+0.00181407j,  6.76696943e-03+0.16461113j,
            9.75113011e-01-0.03950844j,  2.95292899e-02+0.13941656j],
          [-1.18990440e-04-0.00056265j, -1.17829369e-02+0.00181407j,
            2.95292899e-02+0.13941656j,  9.20523801e-01-0.36357189j]],
         input_dims=(2, 2), output_dims=(2, 2))"
"Operator([[ 9.20523801e-01-0.36357189j,  2.95292899e-02+0.13941656j,
           -1.17829369e-02+0.00181407j, -1.18990440e-04-0.00056265j],
          [ 2.95292899e-02+0.13941656j,  9.75113011e-01-0.03950844j,
            6.76696943e-03+0.16461113j, -1.17829369e-02+0.00181407j],
          [-1.17829369e-02+0.00181407j,  6.76696943e-03+0.16461113j,
            9.75113011e-01-0.03950844j,  2.95292899e-02+0.13941656j],
          [-1.18990440e-04-0.00056265j, -1.17829369e-02+0.00181407j,
            2.95292899e-02+0.13941656j,  9.20523801e-01-0.36357189j]],
         input_dims=(2, 2), output_dims=(2, 2))"
"Operator([[ 9.20523801e-01-0.36357189j,  2.95292899e-02+0.13941656j,
           -1.17829369e-02+0.00181407j, -1.18990440e-04-0.00056265j],
          [ 2.95292899e-02+0.13941656j,  9.75113011e-01-0.03950844j,
            6.76696943e-03+0.16461113j, -1.17829369e-02+0.00181407j],
          [-1.17829369e-02+0.00181407j,  6.76696943e-03+0.16461113j,
            9.75113011e-01-0.03950844j,  2.95292899e-02+0.13941656j],
          [-1.18990440e-04-0.00056265j, -1.17829369e-02+0.00181407j,
            2.95292899e-02+0.13941656j,  9.20523801e-01-0.36357189j]],
         input_dims=(2, 2), output_dims=(2, 2))"
"Operator([[ 9.20523801e-01-0.36357189j, -4.52297630e-03-0.1424377j ,
           -1.16812747e-02-0.00238249j, -1.82283160e-04+0.00054544j],
          [-5.36131212e-02-0.1320401j ,  9.75113011e-01-0.03950844j,
            2.23194482e-02-0.1632313j , -1.16812747e-02-0.00238249j],
          [-1.04237226e-02+0.00578571j, -3.56419898e-02-0.16084857j,
            9.75113011e-01-0.03950844j, -4.52297630e-03-0.1424377j ],
          [ 3.87502265e-04+0.00042494j, -1.04237226e-02+0.00578571j,
           -5.36131212e-02-0.1320401j ,  9.20523801e-01-0.36357189j]],
         input_dims=(2, 2), output_dims=(2, 2))"
"Operator([[ 9.20523801e-01-0.36357189j, -1.21201179e-02-0.14199316j,
           -1.18687011e-02-0.00112355j, -9.29299444e-05+0.00056754j],
          [-4.64881307e-02-0.1347138j ,  9.75113011e-01-0.03950844j,
            1.35740326e-02-0.16419001j, -1.18687011e-02-0.00112355j],
          [-1.09811386e-02+0.00464145j, -2.70047729e-02-0.16252187j,
            9.75113011e-01-0.03950844j, -1.21201179e-02-0.14199316j],
          [ 3.14744660e-04+0.00048132j, -1.09811386e-02+0.00464145j,
           -4.64881307e-02-0.1347138j ,  9.20523801e-01-0.36357189j]],
         input_dims=(2, 2), output_dims=(2, 2))"
"Operator([[ 9.20523801e-01-3.63571888e-01j,
           -1.42105702e-01+1.07202750e-02j,
            1.18442532e-02+1.35724118e-03j,
           -5.64543569e-04-1.09665383e-04j],
          [ 1.34249150e-01-4.78133943e-02j,
            9.75113011e-01-3.95084415e-02j,
           -1.64048277e-01-1.51913641e-02j,
            1.18442532e-02+1.35724118e-03j],
          [ 1.08875331e-02-4.85695993e-03j,
            1.62247859e-01-2.86050138e-02j,
            9.75113011e-01-3.95084415e-02j,
           -1.42105702e-01+1.07202750e-02j],
          [ 4.71808944e-04-3.28834698e-04j,
            1.08875331e-02-4.85695993e-03j,
            1.34249150e-01-4.78133943e-02j,
            9.20523801e-01-3.63571888e-01j]],
         input_dims=(2, 2), output_dims=(2, 2))"
"Operator([[ 9.20523801e-01-3.63571888e-01j,
           -1.41398245e-01+1.77620720e-02j,
            1.19204646e-02+1.75955142e-04j,
           -5.74568188e-04-2.46441859e-05j],
          [ 1.36457359e-01-4.10894657e-02j,
            9.75113011e-01-3.95084415e-02j,
           -1.64600178e-01-7.02824773e-03j,
            1.19204646e-02+1.75955142e-04j],
          [ 1.13155281e-02-3.75330003e-03j,
            1.63467918e-01-2.05147406e-02j,
            9.75113011e-01-3.95084415e-02j,
           -1.41398245e-01+1.77620720e-02j],
          [ 5.15396595e-04-2.55151500e-04j,
            1.13155281e-02-3.75330003e-03j,
            1.36457359e-01-4.10894657e-02j,
            9.20523801e-01-3.63571888e-01j]],
         input_dims=(2, 2), output_dims=(2, 2))"
"Operator([[ 9.20523801e-01-3.63571888e-01j,
           -1.41304663e-01+1.84918127e-02j,
            1.19216460e-02+5.28670992e-05j,
           -5.74880946e-04-1.57428128e-05j],
          [ 1.36667667e-01-4.03844484e-02j,
            9.75113011e-01-3.95084415e-02j,
           -1.64634268e-01-6.17839526e-03j,
            1.19216460e-02+5.28670992e-05j],
          [ 1.13536777e-02-3.63626727e-03j,
            1.63571648e-01-1.96705537e-02j,
            9.75113011e-01-3.95084415e-02j,
           -1.41304663e-01+1.84918127e-02j],
          [ 5.19286349e-04-2.47138880e-04j,
            1.13536777e-02-3.63626727e-03j,
            1.36667667e-01-4.03844484e-02j,
            9.20523801e-01-3.63571888e-01j]],
         input_dims=(2, 2), output_dims=(2, 2))"
"Operator([[ 9.20523801e-01-0.36357189j,  2.95292899e-02+0.13941656j,
           -1.17829369e-02+0.00181407j, -1.18990440e-04-0.00056265j],
          [ 2.95292899e-02+0.13941656j,  9.75113011e-01-0.03950844j,
            6.76696943e-03+0.16461113j, -1.17829369e-02+0.00181407j],
          [-1.17829369e-02+0.00181407j,  6.76696943e-03+0.16461113j,
            9.75113011e-01-0.03950844j,  2.95292899e-02+0.13941656j],
          [-1.18990440e-04-0.00056265j, -1.17829369e-02+0.00181407j,
            2.95292899e-02+0.13941656j,  9.20523801e-01-0.36357189j]],
         input_dims=(2, 2), output_dims=(2, 2))"
