unitary
"Operator([[ 0.5190507 -0.78013744j, -0.12801597+0.31602871j,
           -0.00811553-0.07453002j,  0.0073734 +0.00589483j],
          [ 0.33924054+0.03432328j,  0.84563433-0.07266066j,
           -0.29317968+0.26792884j, -0.00811553-0.07453002j],
          [ 0.04693931+0.05845756j,  0.3393531 +0.20634839j,
            0.84563433-0.07266066j, -0.12801597+0.31602871j],
          [ 0.00166876+0.00929146j,  0.04693931+0.05845756j,
            0.33924054+0.03432328j,  0.5190507 -0.78013744j]],
         input_dims=(2, 2), output_dims=(2, 2))"
"Operator([[ 0.5190507 -0.78013744j, -0.33345052-0.07122486j,
            0.03310414+0.0672659j ,  0.00142102-0.00933257j],
          [ 0.09267929-0.32813531j,  0.84563433-0.07266066j,
           -0.31474559-0.24223005j,  0.03310414+0.0672659j ],
          [-0.02412829-0.07098177j,  0.26211331-0.29839035j,
            0.84563433-0.07266066j, -0.33345052-0.07122486j],
          [-0.00888193-0.00319803j, -0.02412829-0.07098177j,
            0.09267929-0.32813531j,  0.5190507 -0.78013744j]],
         input_dims=(2, 2), output_dims=(2, 2))"
"Operator([[ 0.5190507 -0.78013744j,  0.17604954+0.2920082j ,
           -0.06926937+0.02867646j, -0.00482954-0.0081112j ],
          [ 0.17604954+0.2920082j ,  0.84563433-0.07266066j,
            0.03848421+0.39529628j, -0.06926937+0.02867646j],
          [-0.06926937+0.02867646j,  0.03848421+0.39529628j,
            0.84563433-0.07266066j,  0.17604954+0.2920082j ],
          [-0.00482954-0.0081112j , -0.06926937+0.02867646j,
            0.17604954+0.2920082j ,  0.5190507 -0.78013744j]],
         input_dims=(2, 2), output_dims=(2, 2))"
"Operator([[ 0.5190507 -0.78013744j,  0.17604954+0.2920082j ,
           -0.06926937+0.02867646j, -0.00482954-0.0081112j ],
          [ 0.17604954+0.2920082j ,  0.84563433-0.07266066j,
            0.03848421+0.39529628j, -0.06926937+0.02867646j],
          [-0.06926937+0.02867646j,  0.03848421+0.39529628j,
            0.84563433-0.07266066j,  0.17604954+0.2920082j ],
          [-0.00482954-0.0081112j , -0.06926937+0.02867646j,
            0.17604954+0.2920082j ,  0.5190507 -0.78013744j]],
         input_dims=(2, 2), output_dims=(2, 2))"
"Operator([[ 0.5190507 -0.78013744j, -0.23648868-0.24563253j,
           -0.05002411+0.05584061j,  0.00882805+0.0033439j ],
          [-0.10682235-0.32380738j,  0.84563433-0.07266066j,
           -0.12528939-0.3768856j , -0.05002411+0.05584061j],
          [-0.07485605-0.00414212j,  0.05024204-0.39397452j,
            0.84563433-0.07266066j, -0.23648868-0.24563253j],
          [-0.0012671 +0.00935471j, -0.07485605-0.00414212j,
           -0.10682235-0.32380738j,  0.5190507 -0.78013744j]],
         input_dims=(2, 2), output_dims=(2, 2))"
"Operator([[ 0.5190507 -0.78013744j, -0.18678152+0.28526286j,
            0.02080709-0.07202535j,  0.00289634+0.00898484j],
          [ 0.33946679-0.03200828j,  0.84563433-0.07266066j,
           -0.33950707+0.20609496j,  0.02080709-0.07202535j],
          [ 0.06562829+0.03624241j,  0.37288388+0.1367399j ,
            0.84563433-0.07266066j, -0.18678152+0.28526286j],
          [ 0.00651884+0.00682794j,  0.06562829+0.03624241j,
            0.33946679-0.03200828j,  0.5190507 -0.78013744j]],
         input_dims=(2, 2), output_dims=(2, 2))"
"Operator([[ 0.5190507 -0.78013744j, -0.33975069+0.02883928j,
            0.06494053+0.03746082j, -0.00632517-0.00700773j],
          [ 0.18411156-0.28699332j,  0.84563433-0.07266066j,
           -0.37159171-0.14021337j,  0.06494053+0.03746082j],
          [ 0.01945937-0.07240109j,  0.33756919-0.20925397j,
            0.84563433-0.07266066j, -0.33975069+0.02883928j],
          [-0.00314669-0.00890025j,  0.01945937-0.07240109j,
            0.18411156-0.28699332j,  0.5190507 -0.78013744j]],
         input_dims=(2, 2), output_dims=(2, 2))"
