unitary
"Operator([[ 0.57532448-0.74905336j,  0.15581789+0.28151575j,
           -0.06144206+0.02357565j, -0.00370673-0.00676778j],
          [ 0.15581789+0.28151575j,  0.8642233 -0.07169777j,
            0.0343219 +0.37274422j, -0.06144206+0.02357565j],
          [-0.06144206+0.02357565j,  0.0343219 +0.37274422j,
            0.8642233 -0.07169777j,  0.15581789+0.28151575j],
          [-0.00370673-0.00676778j, -0.06144206+0.02357565j,
            0.15581789+0.28151575j,  0.57532448-0.74905336j]],
         input_dims=(2, 2), output_dims=(2, 2))"
"Operator([[ 0.57532448-0.74905336j,  0.256726  +0.19396415j,
           -0.02367089+0.06140543j, -0.00758472+0.00141946j],
          [ 0.02804813+0.32053648j,  0.8642233 -0.07169777j,
            0.18275531+0.32667529j, -0.02367089+0.06140543j],
          [-0.05867091-0.02981045j, -0.1200283 +0.35455529j,
            0.8642233 -0.07169777j,  0.256726  +0.19396415j],
          [ 0.00528036-0.00562677j, -0.05867091-0.02981045j,
            0.02804813+0.32053648j,  0.57532448-0.74905336j]],
         input_dims=(2, 2), output_dims=(2, 2))"
"Operator([[ 0.57532448-0.74905336j, -0.31431388+0.06882672j,
            0.06431536+0.01394534j, -0.00719762-0.00278157j],
          [ 0.22521541-0.22980067j,  0.8642233 -0.07169777j,
           -0.36699787-0.07368049j,  0.06431536+0.01394534j],
          [ 0.03847915-0.05338814j,  0.34737221-0.13945895j,
            0.8642233 -0.07169777j, -0.31431388+0.06882672j],
          [ 0.00153198-0.00756279j,  0.03847915-0.05338814j,
            0.22521541-0.22980067j,  0.57532448-0.74905336j]],
         input_dims=(2, 2), output_dims=(2, 2))"
"Operator([[ 5.75324479e-01-0.74905336j, -1.11461307e-01-0.30183888j,
           -6.56800653e-02+0.00413123j,  3.52759159e-04+0.00770833j],
          [-1.96591657e-01-0.25471956j,  8.64223300e-01-0.07169777j,
            2.24316084e-02-0.37364833j, -6.56800653e-02+0.00413123j],
          [-5.15854448e-02+0.04086416j, -9.02862286e-02-0.36326938j,
            8.64223300e-01-0.07169777j, -1.11461307e-01-0.30183888j],
          [ 6.30534198e-03+0.00444808j, -5.15854448e-02+0.04086416j,
           -1.96591657e-01-0.25471956j,  5.75324479e-01-0.74905336j]],
         input_dims=(2, 2), output_dims=(2, 2))"
"Operator([[ 0.57532448-0.74905336j,  0.15581789+0.28151575j,
           -0.06144206+0.02357565j, -0.00370673-0.00676778j],
          [ 0.15581789+0.28151575j,  0.8642233 -0.07169777j,
            0.0343219 +0.37274422j, -0.06144206+0.02357565j],
          [-0.06144206+0.02357565j,  0.0343219 +0.37274422j,
            0.8642233 -0.07169777j,  0.15581789+0.28151575j],
          [-0.00370673-0.00676778j, -0.06144206+0.02357565j,
            0.15581789+0.28151575j,  0.57532448-0.74905336j]],
         input_dims=(2, 2), output_dims=(2, 2))"
