unitary
"Operator([[ 0.71296075-0.27085499j, -0.29139676+0.36381626j,
            0.14212719-0.06667725j, -0.02290681-0.41937988j],
          [-0.26524664-0.38329958j, -0.33603063-0.12922871j,
            0.3915125 +0.68933372j,  0.14212719-0.06667725j],
          [-0.15541875-0.02215866j, -0.77252807+0.1779421j ,
           -0.33603063-0.12922871j, -0.29139676+0.36381626j],
          [-0.28780992-0.30589158j, -0.15541875-0.02215866j,
           -0.26524664-0.38329958j,  0.71296075-0.27085499j]],
         input_dims=(2, 2), output_dims=(2, 2))"
"Operator([[ 0.71296075-0.27085499j, -0.4658417 -0.01630513j,
            0.02323021+0.1552622j ,  0.16539686+0.38606747j],
          [-0.4658417 -0.01630513j, -0.33603063-0.12922871j,
           -0.31886292+0.72580262j,  0.02323021+0.1552622j ],
          [ 0.02323021+0.1552622j , -0.31886292+0.72580262j,
           -0.33603063-0.12922871j, -0.4658417 -0.01630513j],
          [ 0.16539686+0.38606747j,  0.02323021+0.1552622j ,
           -0.4658417 -0.01630513j,  0.71296075-0.27085499j]],
         input_dims=(2, 2), output_dims=(2, 2))"
"Operator([[ 0.71296075-0.27085499j, -0.4658417 -0.01630513j,
            0.02323021+0.1552622j ,  0.16539686+0.38606747j],
          [-0.4658417 -0.01630513j, -0.33603063-0.12922871j,
           -0.31886292+0.72580262j,  0.02323021+0.1552622j ],
          [ 0.02323021+0.1552622j , -0.31886292+0.72580262j,
           -0.33603063-0.12922871j, -0.4658417 -0.01630513j],
          [ 0.16539686+0.38606747j,  0.02323021+0.1552622j ,
           -0.4658417 -0.01630513j,  0.71296075-0.27085499j]],
         input_dims=(2, 2), output_dims=(2, 2))"
"Operator([[ 0.71296075-0.27085499j, -0.27862969-0.37368415j,
           -0.15659591-0.01112272j, -0.3185763 -0.27370303j],
          [-0.30407478+0.35328865j, -0.33603063-0.12922871j,
           -0.76575543+0.2051381j , -0.15659591-0.01112272j],
          [ 0.14648287-0.05646913j,  0.36690137+0.70274206j,
           -0.33603063-0.12922871j, -0.27862969-0.37368415j],
          [ 0.02162034-0.41944817j,  0.14648287-0.05646913j,
           -0.30407478+0.35328865j,  0.71296075-0.27085499j]],
         input_dims=(2, 2), output_dims=(2, 2))"
"Operator([[ 0.71296075-0.27085499j, -0.4658417 -0.01630513j,
            0.02323021+0.1552622j ,  0.16539686+0.38606747j],
          [-0.4658417 -0.01630513j, -0.33603063-0.12922871j,
           -0.31886292+0.72580262j,  0.02323021+0.1552622j ],
          [ 0.02323021+0.1552622j , -0.31886292+0.72580262j,
           -0.33603063-0.12922871j, -0.4658417 -0.01630513j],
          [ 0.16539686+0.38606747j,  0.02323021+0.1552622j ,
           -0.4658417 -0.01630513j,  0.71296075-0.27085499j]],
         input_dims=(2, 2), output_dims=(2, 2))"
"Operator([[ 0.71296075-0.27085499j, -0.45580577-0.09754716j,
           -0.0316765 +0.15376148j, -0.05143443+0.41684375j],
          [-0.46151054+0.06543978j, -0.33603063-0.12922871j,
           -0.44091642+0.65882905j, -0.0316765 +0.15376148j],
          [ 0.07529324+0.13775675j, -0.18697533+0.77039161j,
           -0.33603063-0.12922871j, -0.45580577-0.09754716j],
          [ 0.33725798+0.25032232j,  0.07529324+0.13775675j,
           -0.46151054+0.06543978j,  0.71296075-0.27085499j]],
         input_dims=(2, 2), output_dims=(2, 2))"
