unitary
"Operator([[ 0.36987224-0.83919507j,  0.22909293+0.31027511j,
           -0.08958706+0.04413662j, -0.00866545-0.01195714j],
          [ 0.22909293+0.31027511j,  0.79549348-0.07168081j,
            0.04897584+0.44824686j, -0.08958706+0.04413662j],
          [-0.08958706+0.04413662j,  0.04897584+0.44824686j,
            0.79549348-0.07168081j,  0.22909293+0.31027511j],
          [-0.00866545-0.01195714j, -0.08958706+0.04413662j,
            0.22909293+0.31027511j,  0.36987224-0.83919507j]],
         input_dims=(2, 2), output_dims=(2, 2))"
"Operator([[ 0.36987224-0.83919507j,  0.300176  +0.24217471j,
           -0.05648679+0.08235973j, -0.01453914-0.00258391j],
          [ 0.1430858 +0.35816291j,  0.79549348-0.07168081j,
            0.16085277+0.42124846j, -0.05648679+0.08235973j],
          [-0.09972322-0.00540015j, -0.06609158+0.44604459j,
            0.79549348-0.07168081j,  0.300176  +0.24217471j],
          [ 0.00207053-0.01462109j, -0.09972322-0.00540015j,
            0.1430858 +0.35816291j,  0.36987224-0.83919507j]],
         input_dims=(2, 2), output_dims=(2, 2))"
"Operator([[ 0.36987224-0.83919507j,  0.22909293+0.31027511j,
           -0.08958706+0.04413662j, -0.00866545-0.01195714j],
          [ 0.22909293+0.31027511j,  0.79549348-0.07168081j,
            0.04897584+0.44824686j, -0.08958706+0.04413662j],
          [-0.08958706+0.04413662j,  0.04897584+0.44824686j,
            0.79549348-0.07168081j,  0.22909293+0.31027511j],
          [-0.00866545-0.01195714j, -0.08958706+0.04413662j,
            0.22909293+0.31027511j,  0.36987224-0.83919507j]],
         input_dims=(2, 2), output_dims=(2, 2))"
"Operator([[ 0.36987224-8.39195068e-01j,  0.28361858-2.61370846e-01j,
            0.07797184-6.24041132e-02j,  0.00855489-1.20364927e-02j],
          [-0.33327638+1.94116139e-01j,  0.79549348-7.16808055e-02j,
            0.44029856-9.72679691e-02j,  0.07797184-6.24041132e-02j],
          [ 0.0969931 -2.37954037e-02j, -0.45091448+1.06742039e-04j,
            0.79549348-7.16808055e-02j,  0.28361858-2.61370846e-01j],
          [-0.01410156+4.38283659e-03j,  0.0969931 -2.37954037e-02j,
           -0.33327638+1.94116139e-01j,  0.36987224-8.39195068e-01j]],
         input_dims=(2, 2), output_dims=(2, 2))"
"Operator([[ 0.36987224-0.83919507j,  0.3743032 +0.09301256j,
            0.02658291+0.09626646j, -0.00630039+0.01335546j],
          [-0.02128769+0.38509876j,  0.79549348-0.07168081j,
            0.32348433+0.31413654j,  0.02658291+0.09626646j],
          [-0.06012934-0.07973922j, -0.24801613+0.37657917j,
            0.79549348-0.07168081j,  0.3743032 +0.09301256j],
          [ 0.01465316-0.00182976j, -0.06012934-0.07973922j,
           -0.02128769+0.38509876j,  0.36987224-0.83919507j]],
         input_dims=(2, 2), output_dims=(2, 2))"
"Operator([[ 0.36987224-0.83919507j, -0.2508736 -0.2929448j ,
           -0.08230536+0.05656598j,  0.01103219+0.00981601j],
          [-0.20611912-0.32598946j,  0.79549348-0.07168081j,
           -0.08117616-0.44354741j, -0.08230536+0.05656598j],
          [-0.09500485+0.03078897j, -0.01652045-0.45061175j,
            0.79549348-0.07168081j, -0.2508736 -0.2929448j ],
          [ 0.00589393+0.01353975j, -0.09500485+0.03078897j,
           -0.20611912-0.32598946j,  0.36987224-0.83919507j]],
         input_dims=(2, 2), output_dims=(2, 2))"
"Operator([[ 0.36987224-0.83919507j, -0.06621731-0.37995985j,
           -0.08907808-0.04515504j, -0.01020829+0.01067024j],
          [-0.34363412-0.17512799j,  0.79549348-0.07168081j,
            0.15657929-0.42285553j, -0.08907808-0.04515504j],
          [-0.0184789 +0.09814485j, -0.24419797-0.37906626j,
            0.79549348-0.07168081j, -0.06621731-0.37995985j],
          [ 0.0133179 -0.0063794j , -0.0184789 +0.09814485j,
           -0.34363412-0.17512799j,  0.36987224-0.83919507j]],
         input_dims=(2, 2), output_dims=(2, 2))"
"Operator([[ 0.36987224-0.83919507j, -0.01413866-0.38542745j,
           -0.07368874-0.0674081j , -0.01360188+0.0057491j ],
          [-0.36418927-0.12696611j,  0.79549348-0.07168081j,
            0.21241501-0.39774834j, -0.07368874-0.0674081j ],
          [ 0.00854304+0.09950326j, -0.29329454-0.34249408j,
            0.79549348-0.07168081j, -0.01413866-0.38542745j],
          [ 0.00969772-0.01113632j,  0.00854304+0.09950326j,
           -0.36418927-0.12696611j,  0.36987224-0.83919507j]],
         input_dims=(2, 2), output_dims=(2, 2))"
"Operator([[ 0.36987224-0.83919507j,  0.22909293+0.31027511j,
           -0.08958706+0.04413662j, -0.00866545-0.01195714j],
          [ 0.22909293+0.31027511j,  0.79549348-0.07168081j,
            0.04897584+0.44824686j, -0.08958706+0.04413662j],
          [-0.08958706+0.04413662j,  0.04897584+0.44824686j,
            0.79549348-0.07168081j,  0.22909293+0.31027511j],
          [-0.00866545-0.01195714j, -0.08958706+0.04413662j,
            0.22909293+0.31027511j,  0.36987224-0.83919507j]],
         input_dims=(2, 2), output_dims=(2, 2))"
"Operator([[ 0.36987224-0.83919507j,  0.22909293+0.31027511j,
           -0.08958706+0.04413662j, -0.00866545-0.01195714j],
          [ 0.22909293+0.31027511j,  0.79549348-0.07168081j,
            0.04897584+0.44824686j, -0.08958706+0.04413662j],
          [-0.08958706+0.04413662j,  0.04897584+0.44824686j,
            0.79549348-0.07168081j,  0.22909293+0.31027511j],
          [-0.00866545-0.01195714j, -0.08958706+0.04413662j,
            0.22909293+0.31027511j,  0.36987224-0.83919507j]],
         input_dims=(2, 2), output_dims=(2, 2))"
