unitary
"Operator([[ 0.86042181-4.73111906e-01j,  0.18515375-3.33564568e-02j,
            0.02104798-5.76405802e-05j,  0.0013562 +3.17607777e-05j],
          [-0.17477229+6.96362634e-02j,  0.95614826-5.04835675e-02j,
            0.21746923+1.00726268e-02j,  0.02104798-5.76405802e-05j],
          [ 0.01934886-8.28507108e-03j, -0.21510478+3.35299453e-02j,
            0.95614826-5.04835675e-02j,  0.18515375-3.33564568e-02j],
          [-0.00113521+7.42682063e-04j,  0.01934886-8.28507108e-03j,
           -0.17477229+6.96362634e-02j,  0.86042181-4.73111906e-01j]],
         input_dims=(2, 2), output_dims=(2, 2))"
"Operator([[ 8.60421815e-01-0.47311191j,  1.63790304e-01-0.09255971j,
            1.64324598e-02-0.01315276j,  7.50036329e-04-0.00113037j],
          [-1.87960256e-01+0.00809359j,  9.56148263e-01-0.05048357j,
            2.08621747e-01-0.06221969j,  1.64324598e-02-0.01315276j],
          [ 2.02984711e-02+0.00556713j, -2.14126624e-01-0.03929519j,
            9.56148263e-01-0.05048357j,  1.63790304e-01-0.09255971j],
          [-1.23361798e-03-0.00056434j,  2.02984711e-02+0.00556713j,
           -1.87960256e-01+0.00809359j,  8.60421815e-01-0.47311191j]],
         input_dims=(2, 2), output_dims=(2, 2))"
"Operator([[ 8.60421815e-01-0.47311191j,  1.40859556e-01-0.12471227j,
            9.62988494e-03-0.01871593j, -6.11219202e-05-0.0013552j ],
          [-1.85508735e-01-0.03132209j,  9.56148263e-01-0.05048357j,
            1.91036873e-01-0.10439941j,  9.62988494e-03-0.01871593j],
          [ 1.62562288e-02+0.01336996j, -2.01206038e-01-0.08312913j,
            9.56148263e-01-0.05048357j,  1.40859556e-01-0.12471227j],
          [-6.63255411e-04-0.00118338j,  1.62562288e-02+0.01336996j,
           -1.85508735e-01-0.03132209j,  8.60421815e-01-0.47311191j]],
         input_dims=(2, 2), output_dims=(2, 2))"
"Operator([[ 8.60421815e-01-0.47311191j,  1.28771118e-01-0.1371589j ,
            6.03259014e-03-0.02016504j, -4.29108242e-04-0.00128692j],
          [-1.81834195e-01-0.04827929j,  9.56148263e-01-0.05048357j,
            1.80606411e-01-0.12155512j,  6.03259014e-03-0.02016504j],
          [ 1.35272829e-02+0.01612555j, -1.92691901e-01-0.10131216j,
            9.56148263e-01-0.05048357j,  1.28771118e-01-0.1371589j ],
          [-3.14650568e-04-0.00131958j,  1.35272829e-02+0.01612555j,
           -1.81834195e-01-0.04827929j,  8.60421815e-01-0.47311191j]],
         input_dims=(2, 2), output_dims=(2, 2))"
"Operator([[ 8.60421815e-01-0.47311191j,  1.25126506e-01-0.14049171j,
            4.96603010e-03-0.02045384j, -5.29024790e-04-0.00124917j],
          [-1.80504274e-01-0.05303557j,  9.56148263e-01-0.05048357j,
            1.77353518e-01-0.12625392j,  4.96603010e-03-0.02045384j],
          [ 1.26623846e-02+0.01681324j, -1.89966195e-01-0.10633517j,
            9.56148263e-01-0.05048357j,  1.25126506e-01-0.14049171j],
          [-2.09859168e-04-0.00134024j,  1.26623846e-02+0.01681324j,
           -1.80504274e-01-0.05303557j,  8.60421815e-01-0.47311191j]],
         input_dims=(2, 2), output_dims=(2, 2))"
"Operator([[ 8.60421815e-01-0.47311191j, -1.87662823e-01-0.01331273j,
            1.85177297e-02+0.01000573j, -9.73323613e-04-0.00094495j],
          [ 1.52214265e-01-0.11056845j,  9.56148263e-01-0.05048357j,
           -2.08276000e-01-0.06336742j,  1.85177297e-02+0.01000573j],
          [ 1.30390867e-02-0.01652281j,  2.00202341e-01-0.0855181j ,
            9.56148263e-01-0.05048357j, -1.87662823e-01-0.01331273j],
          [ 3.28078826e-04-0.0013163j ,  1.30390867e-02-0.01652281j,
            1.52214265e-01-0.11056845j,  8.60421815e-01-0.47311191j]],
         input_dims=(2, 2), output_dims=(2, 2))"
"Operator([[ 8.60421815e-01-0.47311191j,  5.17573063e-02+0.18087494j,
           -2.06130761e-02+0.00425699j, -3.72237781e-04-0.0013045j ],
          [ 5.17573063e-02+0.18087494j,  9.56148263e-01-0.05048357j,
            1.17880916e-02+0.21738299j, -2.06130761e-02+0.00425699j],
          [-2.06130761e-02+0.00425699j,  1.17880916e-02+0.21738299j,
            9.56148263e-01-0.05048357j,  5.17573063e-02+0.18087494j],
          [-3.72237781e-04-0.0013045j , -2.06130761e-02+0.00425699j,
            5.17573063e-02+0.18087494j,  8.60421815e-01-0.47311191j]],
         input_dims=(2, 2), output_dims=(2, 2))"
"Operator([[ 8.60421815e-01-0.47311191j,  5.17573063e-02+0.18087494j,
           -2.06130761e-02+0.00425699j, -3.72237781e-04-0.0013045j ],
          [ 5.17573063e-02+0.18087494j,  9.56148263e-01-0.05048357j,
            1.17880916e-02+0.21738299j, -2.06130761e-02+0.00425699j],
          [-2.06130761e-02+0.00425699j,  1.17880916e-02+0.21738299j,
            9.56148263e-01-0.05048357j,  5.17573063e-02+0.18087494j],
          [-3.72237781e-04-0.0013045j , -2.06130761e-02+0.00425699j,
            5.17573063e-02+0.18087494j,  8.60421815e-01-0.47311191j]],
         input_dims=(2, 2), output_dims=(2, 2))"
"Operator([[ 8.60421815e-01-0.47311191j,  5.17573063e-02+0.18087494j,
           -2.06130761e-02+0.00425699j, -3.72237781e-04-0.0013045j ],
          [ 5.17573063e-02+0.18087494j,  9.56148263e-01-0.05048357j,
            1.17880916e-02+0.21738299j, -2.06130761e-02+0.00425699j],
          [-2.06130761e-02+0.00425699j,  1.17880916e-02+0.21738299j,
            9.56148263e-01-0.05048357j,  5.17573063e-02+0.18087494j],
          [-3.72237781e-04-0.0013045j , -2.06130761e-02+0.00425699j,
            5.17573063e-02+0.18087494j,  8.60421815e-01-0.47311191j]],
         input_dims=(2, 2), output_dims=(2, 2))"
