unitary
"Operator([[-0.18022564-0.82166568j, -0.37800672-0.32595267j,
           -0.1826192 +0.08801273j,  0.02583199+0.0385577j ],
          [-0.44382039-0.22838059j,  0.59419143-0.02890261j,
           -0.00750625-0.59650197j, -0.1826192 +0.08801273j],
          [-0.12252364+0.16150533j, -0.14696914-0.57816176j,
            0.59419143-0.02890261j, -0.37800672-0.32595267j],
          [ 0.04471123+0.01244564j, -0.12252364+0.16150533j,
           -0.44382039-0.22838059j, -0.18022564-0.82166568j]],
         input_dims=(2, 2), output_dims=(2, 2))"
"Operator([[-0.18022564-0.82166568j,  0.4137995 +0.27911324j,
           -0.15693415+0.12832648j, -0.03761045-0.02719267j],
          [ 0.4137995 +0.27911324j,  0.59419143-0.02890261j,
            0.07778015+0.59145684j, -0.15693415+0.12832648j],
          [-0.15693415+0.12832648j,  0.07778015+0.59145684j,
            0.59419143-0.02890261j,  0.4137995 +0.27911324j],
          [-0.03761045-0.02719267j, -0.15693415+0.12832648j,
            0.4137995 +0.27911324j, -0.18022564-0.82166568j]],
         input_dims=(2, 2), output_dims=(2, 2))"
"Operator([[-0.18022564-0.82166568j,  0.4137995 +0.27911324j,
           -0.15693415+0.12832648j, -0.03761045-0.02719267j],
          [ 0.4137995 +0.27911324j,  0.59419143-0.02890261j,
            0.07778015+0.59145684j, -0.15693415+0.12832648j],
          [-0.15693415+0.12832648j,  0.07778015+0.59145684j,
            0.59419143-0.02890261j,  0.4137995 +0.27911324j],
          [-0.03761045-0.02719267j, -0.15693415+0.12832648j,
            0.4137995 +0.27911324j, -0.18022564-0.82166568j]],
         input_dims=(2, 2), output_dims=(2, 2))"
"Operator([[-0.18022564-0.82166568j,  0.14699981-0.47699611j,
            0.05921172-0.19388137j, -0.01181544-0.04488188j],
          [-0.38719803+0.31497922j,  0.59419143-0.02890261j,
            0.54342329-0.24609364j,  0.05921172-0.19388137j],
          [ 0.20177832-0.01953256j, -0.58857234-0.09722936j,
            0.59419143-0.02890261j,  0.14699981-0.47699611j],
          [-0.04632368+0.00284681j,  0.20177832-0.01953256j,
           -0.38719803+0.31497922j, -0.18022564-0.82166568j]],
         input_dims=(2, 2), output_dims=(2, 2))"
