unitary
"Operator([[ 0.6967498 -0.66116202j,  0.11179695+0.25045957j,
           -0.04427972+0.01395935j, -0.0018299 -0.00412768j],
          [ 0.11179695+0.25045957j,  0.90380399-0.06663156j,
            0.02500247+0.31731586j, -0.04427972+0.01395935j],
          [-0.04427972+0.01395935j,  0.02500247+0.31731586j,
            0.90380399-0.06663156j,  0.11179695+0.25045957j],
          [-0.0018299 -0.00412768j, -0.04427972+0.01395935j,
            0.11179695+0.25045957j,  0.6967498 -0.66116202j]],
         input_dims=(2, 2), output_dims=(2, 2))"
"Operator([[ 6.96749798e-01-0.66116202j, -6.29218858e-02-0.26696327j,
           -4.63099303e-02-0.00330867j, -6.64849230e-04+0.0044659j ],
          [-1.56717300e-01-0.22509607j,  9.03803987e-01-0.06663156j,
            3.48560696e-02-0.3163851j , -4.63099303e-02-0.00330867j],
          [-3.60394877e-02+0.02926965j, -8.39765744e-02-0.30702185j,
            9.03803987e-01-0.06663156j, -6.29218858e-02-0.26696327j],
          [ 3.75572898e-03+0.00250615j, -3.60394877e-02+0.02926965j,
           -1.56717300e-01-0.22509607j,  6.96749798e-01-0.66116202j]],
         input_dims=(2, 2), output_dims=(2, 2))"
"Operator([[ 6.96749798e-01-0.66116202j, -1.60588933e-01-0.22235051j,
           -3.50050833e-02+0.0304992j ,  3.88071759e-03+0.00230788j],
          [-5.82928901e-02-0.26801211j,  9.03803987e-01-0.06663156j,
           -8.92767551e-02-0.30552273j, -3.50050833e-02+0.0304992j ],
          [-4.61677064e-02-0.00490916j,  4.03256283e-02-0.31573458j,
            9.03803987e-01-0.06663156j, -1.60588933e-01-0.22235051j],
          [-8.95696926e-04+0.00442538j, -4.61677064e-02-0.00490916j,
           -5.82928901e-02-0.26801211j,  6.96749798e-01-0.66116202j]],
         input_dims=(2, 2), output_dims=(2, 2))"
"Operator([[ 0.6967498 -0.66116202j,  0.11179695+0.25045957j,
           -0.04427972+0.01395935j, -0.0018299 -0.00412768j],
          [ 0.11179695+0.25045957j,  0.90380399-0.06663156j,
            0.02500247+0.31731586j, -0.04427972+0.01395935j],
          [-0.04427972+0.01395935j,  0.02500247+0.31731586j,
            0.90380399-0.06663156j,  0.11179695+0.25045957j],
          [-0.0018299 -0.00412768j, -0.04427972+0.01395935j,
            0.11179695+0.25045957j,  0.6967498 -0.66116202j]],
         input_dims=(2, 2), output_dims=(2, 2))"
"Operator([[ 0.6967498 -0.66116202j, -0.08931038+0.25933031j,
           -0.01692735-0.04323219j,  0.00435584+0.00118866j],
          [ 0.25268339+0.10667548j,  0.90380399-0.06663156j,
           -0.19837333+0.24892268j, -0.01692735-0.04323219j],
          [ 0.01092721+0.04512375j,  0.23491037+0.21478268j,
            0.90380399-0.06663156j, -0.08931038+0.25933031j],
          [-0.0020441 +0.00402591j,  0.01092721+0.04512375j,
            0.25268339+0.10667548j,  0.6967498 -0.66116202j]],
         input_dims=(2, 2), output_dims=(2, 2))"
"Operator([[ 0.6967498 -6.61162025e-01j,  0.00229233+2.74268660e-01j,
           -0.04034748-2.29703687e-02j,  0.00329234-3.08978921e-03j],
          [ 0.20263896+1.84840484e-01j,  0.90380399-6.66315600e-02j,
           -0.10399742+3.00830542e-01j, -0.04034748-2.29703687e-02j],
          [-0.01987888+4.19569652e-02j,  0.14982863+2.80830663e-01j,
            0.90380399-6.66315600e-02j,  0.00229233+2.74268660e-01j],
          [-0.00450035+3.64898243e-04j, -0.01987888+4.19569652e-02j,
            0.20263896+1.84840484e-01j,  0.6967498 -6.61162025e-01j]],
         input_dims=(2, 2), output_dims=(2, 2))"
"Operator([[ 0.6967498 -6.61162025e-01j,  0.01121625+2.74048807e-01j,
           -0.04175622-2.02971707e-02j,  0.00297544-3.39603180e-03j],
          [ 0.19651664+1.91336777e-01j,  0.90380399-6.66315600e-02j,
           -0.09415285+3.04055455e-01j, -0.04175622-2.02971707e-02j],
          [-0.02256603+4.05750098e-02j,  0.14061061+2.85557587e-01j,
            0.90380399-6.66315600e-02j,  0.01121625+2.74048807e-01j],
          [-0.00451449-7.55647188e-05j, -0.02256603+4.05750098e-02j,
            0.19651664+1.91336777e-01j,  0.6967498 -6.61162025e-01j]],
         input_dims=(2, 2), output_dims=(2, 2))"
"Operator([[ 0.6967498 -6.61162025e-01j,  0.07138457-2.64825974e-01j,
           -0.02266268-4.05211069e-02j, -0.00450664-2.76542848e-04j],
          [-0.24480506-1.23689276e-01j,  0.90380399-6.66315600e-02j,
            0.18090373-2.61893717e-01j, -0.02266268-4.05211069e-02j],
          [ 0.004674  +4.61921058e-02j, -0.2196878 -2.30329650e-01j,
            0.90380399-6.66315600e-02j,  0.07138457-2.64825974e-01j],
          [ 0.00282125-3.52517403e-03j,  0.004674  +4.61921058e-02j,
           -0.24480506-1.23689276e-01j,  0.6967498 -6.61162025e-01j]],
         input_dims=(2, 2), output_dims=(2, 2))"
"Operator([[ 0.6967498 -0.66116202j,  0.11179695+0.25045957j,
           -0.04427972+0.01395935j, -0.0018299 -0.00412768j],
          [ 0.11179695+0.25045957j,  0.90380399-0.06663156j,
            0.02500247+0.31731586j, -0.04427972+0.01395935j],
          [-0.04427972+0.01395935j,  0.02500247+0.31731586j,
            0.90380399-0.06663156j,  0.11179695+0.25045957j],
          [-0.0018299 -0.00412768j, -0.04427972+0.01395935j,
            0.11179695+0.25045957j,  0.6967498 -0.66116202j]],
         input_dims=(2, 2), output_dims=(2, 2))"
