unitary
"Operator([[ 0.73851445+0.07252413j,  0.41038865+0.2294715j ,
           -0.02359047+0.22609825j,  0.1885382 -0.37554901j],
          [ 0.46581298+0.06398657j, -0.22126601-0.0192958j ,
            0.46908549-0.67666453j, -0.02359047+0.22609825j],
          [ 0.13625124+0.18196848j,  0.18997817-0.80113942j,
           -0.22126601-0.0192958j ,  0.41038865+0.2294715j ],
          [-0.25589069-0.33332217j,  0.13625124+0.18196848j,
            0.46581298+0.06398657j,  0.73851445+0.07252413j]],
         input_dims=(2, 2), output_dims=(2, 2))"
"Operator([[ 0.73851445+0.07252413j, -0.44584598-0.14932305j,
            0.0604977 +0.21912772j,  0.03974753+0.41833461j],
          [-0.44584598-0.14932305j, -0.22126601-0.0192958j ,
           -0.33535761+0.751965j  ,  0.0604977 +0.21912772j],
          [ 0.0604977 +0.21912772j, -0.33535761+0.751965j  ,
           -0.22126601-0.0192958j , -0.44584598-0.14932305j],
          [ 0.03974753+0.41833461j,  0.0604977 +0.21912772j,
           -0.44584598-0.14932305j,  0.73851445+0.07252413j]],
         input_dims=(2, 2), output_dims=(2, 2))"
"Operator([[ 0.73851445+0.07252413j, -0.45363668-0.12365181j,
            0.08505871+0.21081259j,  0.1104334 +0.40544812j],
          [-0.43660383-0.17450818j, -0.22126601-0.0192958j ,
           -0.2919245 +0.76986763j,  0.08505871+0.21081259j],
          [ 0.03514954+0.22459172j, -0.37769898+0.73161435j,
           -0.22126601-0.0192958j , -0.45363668-0.12365181j],
          [-0.0321004 +0.41899079j,  0.03514954+0.22459172j,
           -0.43660383-0.17450818j,  0.73851445+0.07252413j]],
         input_dims=(2, 2), output_dims=(2, 2))"
"Operator([[ 0.73851445+0.07252413j, -0.36239475-0.29957647j,
           -0.10210872+0.20310278j, -0.3554275 +0.22417629j],
          [-0.46972323+0.02088292j, -0.22126601-0.0192958j ,
           -0.58319617+0.58120419j, -0.10210872+0.20310278j],
          [ 0.19184943+0.12194558j, -0.04270854+0.82224818j,
           -0.22126601-0.0192958j , -0.36239475-0.29957647j],
          [ 0.39128611+0.15322825j,  0.19184943+0.12194558j,
           -0.46972323+0.02088292j,  0.73851445+0.07252413j]],
         input_dims=(2, 2), output_dims=(2, 2))"
"Operator([[ 0.73851445+0.07252413j, -0.46954868-0.024496j  ,
            0.1648819 +0.15649565j,  0.33122159+0.2586039j ],
          [-0.38958632-0.26324611j, -0.22126601-0.0192958j ,
           -0.12177494+0.81430151j,  0.1648819 +0.15649565j],
          [-0.06123478+0.21892289j, -0.5244515 +0.63471782j,
           -0.22126601-0.0192958j , -0.46954868-0.024496j  ],
          [-0.27659264+0.31635459j, -0.06123478+0.21892289j,
           -0.38958632-0.26324611j,  0.73851445+0.07252413j]],
         input_dims=(2, 2), output_dims=(2, 2))"
"Operator([[ 0.73851445+0.07252413j, -0.44584598-0.14932305j,
            0.0604977 +0.21912772j,  0.03974753+0.41833461j],
          [-0.44584598-0.14932305j, -0.22126601-0.0192958j ,
           -0.33535761+0.751965j  ,  0.0604977 +0.21912772j],
          [ 0.0604977 +0.21912772j, -0.33535761+0.751965j  ,
           -0.22126601-0.0192958j , -0.44584598-0.14932305j],
          [ 0.03974753+0.41833461j,  0.0604977 +0.21912772j,
           -0.44584598-0.14932305j,  0.73851445+0.07252413j]],
         input_dims=(2, 2), output_dims=(2, 2))"
