unitary
"Operator([[ 0.59104213+0.42996398j,  0.13829724-0.42987674j,
           -0.26799864-0.160458j  ,  0.23277977-0.33184873j],
          [-0.40361973+0.20251235j, -0.11622474+0.10198692j,
           -0.82133641-0.00260788j, -0.26799864-0.160458j  ],
          [ 0.16531003-0.26503327j,  0.57360134+0.58786205j,
           -0.11622474+0.10198692j,  0.13829724-0.42987674j],
          [-0.05912503-0.4010165j ,  0.16531003-0.26503327j,
           -0.40361973+0.20251235j,  0.59104213+0.42996398j]],
         input_dims=(2, 2), output_dims=(2, 2))"
"Operator([[ 0.59104213+0.42996398j, -0.34289648-0.29384034j,
            0.07328189+0.30364421j, -0.09346142+0.39442992j],
          [-0.34289648-0.29384034j, -0.11622474+0.10198692j,
           -0.32016691+0.75636859j,  0.07328189+0.30364421j],
          [ 0.07328189+0.30364421j, -0.32016691+0.75636859j,
           -0.11622474+0.10198692j, -0.34289648-0.29384034j],
          [-0.09346142+0.39442992j,  0.07328189+0.30364421j,
           -0.34289648-0.29384034j,  0.59104213+0.42996398j]],
         input_dims=(2, 2), output_dims=(2, 2))"
"Operator([[ 0.59104213+0.42996398j,  0.2955863 +0.34139256j,
           -0.01890066+0.31178968j,  0.25447239-0.31552148j],
          [ 0.38264071+0.23980457j, -0.11622474+0.10198692j,
            0.4286772 -0.700597j  , -0.01890066+0.31178968j],
          [ 0.1590323 +0.26884711j,  0.20459218-0.79545103j,
           -0.11622474+0.10198692j,  0.2955863 +0.34139256j],
          [-0.08583744-0.39615898j,  0.1590323 +0.26884711j,
            0.38264071+0.23980457j,  0.59104213+0.42996398j]],
         input_dims=(2, 2), output_dims=(2, 2))"
"Operator([[ 0.59104213+0.42996398j,  0.1643617 +0.4206012j ,
           -0.21124477+0.2300993j ,  0.40187112+0.05300566j],
          [ 0.44081401+0.09799564j, -0.11622474+0.10198692j,
            0.63833544-0.51684443j, -0.21124477+0.2300993j ],
          [ 0.29294297+0.10841798j, -0.07327499-0.81806544j,
           -0.11622474+0.10198692j,  0.1643617 +0.4206012j ],
          [-0.38292694-0.13295474j,  0.29294297+0.10841798j,
            0.44081401+0.09799564j,  0.59104213+0.42996398j]],
         input_dims=(2, 2), output_dims=(2, 2))"
"Operator([[ 0.59104213+0.42996398j, -0.34289648-0.29384034j,
            0.07328189+0.30364421j, -0.09346142+0.39442992j],
          [-0.34289648-0.29384034j, -0.11622474+0.10198692j,
           -0.32016691+0.75636859j,  0.07328189+0.30364421j],
          [ 0.07328189+0.30364421j, -0.32016691+0.75636859j,
           -0.11622474+0.10198692j, -0.34289648-0.29384034j],
          [-0.09346142+0.39442992j,  0.07328189+0.30364421j,
           -0.34289648-0.29384034j,  0.59104213+0.42996398j]],
         input_dims=(2, 2), output_dims=(2, 2))"
"Operator([[ 0.59104213+0.42996398j,  0.35522363-0.27881233j,
            0.04879151-0.30852784j,  0.27560533+0.29724014j],
          [-0.22110995+0.39373917j, -0.11622474+0.10198692j,
           -0.67915258-0.46190049j,  0.04879151-0.30852784j],
          [-0.184145  -0.25231064j,  0.80437627+0.16606959j,
           -0.11622474+0.10198692j,  0.35522363-0.27881233j],
          [-0.3796773 +0.14196884j, -0.184145  -0.25231064j,
           -0.22110995+0.39373917j,  0.59104213+0.42996398j]],
         input_dims=(2, 2), output_dims=(2, 2))"
"Operator([[ 0.59104213+0.42996398j, -0.33048356+0.30773489j,
           -0.00367725-0.31234039j, -0.34121734-0.21881666j],
          [ 0.2534808 -0.37372132j, -0.11622474+0.10198692j,
            0.7156363 +0.40306946j, -0.00367725-0.31234039j],
          [-0.13919094-0.27963534j, -0.78753478-0.23321508j,
           -0.11622474+0.10198692j, -0.33048356+0.30773489j],
          [ 0.40312358-0.04244271j, -0.13919094-0.27963534j,
            0.2534808 -0.37372132j,  0.59104213+0.42996398j]],
         input_dims=(2, 2), output_dims=(2, 2))"
