unitary
"Operator([[ 0.71296075-0.27085499j, -0.40347645+0.23341187j,
            0.149821  +0.04690057j,  0.36608239-0.20588321j],
          [-0.38616955-0.26105061j, -0.33603063-0.12922871j,
            0.11494606+0.784379j  ,  0.149821  +0.04690057j],
          [-0.12953295+0.08869729j, -0.65544905+0.4459255j ,
           -0.33603063-0.12922871j, -0.40347645+0.23341187j],
          [-0.4015911 +0.12299917j, -0.12953295+0.08869729j,
           -0.38616955-0.26105061j,  0.71296075-0.27085499j]],
         input_dims=(2, 2), output_dims=(2, 2))"
"Operator([[ 0.71296075-0.27085499j, -0.4658417 -0.01630513j,
            0.02323021+0.1552622j ,  0.16539686+0.38606747j],
          [-0.4658417 -0.01630513j, -0.33603063-0.12922871j,
           -0.31886292+0.72580262j,  0.02323021+0.1552622j ],
          [ 0.02323021+0.1552622j , -0.31886292+0.72580262j,
           -0.33603063-0.12922871j, -0.4658417 -0.01630513j],
          [ 0.16539686+0.38606747j,  0.02323021+0.1552622j ,
           -0.4658417 -0.01630513j,  0.71296075-0.27085499j]],
         input_dims=(2, 2), output_dims=(2, 2))"
"Operator([[ 0.71296075-0.27085499j, -0.425768  +0.18972601j,
            0.13671168+0.07717455j,  0.41192132-0.08200629j],
          [-0.41146094-0.21903022j, -0.33603063-0.12922871j,
            0.03189396+0.79211476j,  0.13671168+0.07717455j],
          [-0.10813693+0.11380861j, -0.6049669 +0.51232613j,
           -0.33603063-0.12922871j, -0.425768  +0.18972601j],
          [-0.34353167+0.24164064j, -0.10813693+0.11380861j,
           -0.41146094-0.21903022j,  0.71296075-0.27085499j]],
         input_dims=(2, 2), output_dims=(2, 2))"
"Operator([[ 0.71296075-0.27085499j, -0.4658417 -0.01630513j,
            0.02323021+0.1552622j ,  0.16539686+0.38606747j],
          [-0.4658417 -0.01630513j, -0.33603063-0.12922871j,
           -0.31886292+0.72580262j,  0.02323021+0.1552622j ],
          [ 0.02323021+0.1552622j , -0.31886292+0.72580262j,
           -0.33603063-0.12922871j, -0.4658417 -0.01630513j],
          [ 0.16539686+0.38606747j,  0.02323021+0.1552622j ,
           -0.4658417 -0.01630513j,  0.71296075-0.27085499j]],
         input_dims=(2, 2), output_dims=(2, 2))"
