unitary
"Operator([[ 9.76092816e-01-2.02678355e-01j,
           -2.07338561e-03-7.84044156e-02j,
           -3.55434930e-03-3.25025767e-04j,
           -1.38351988e-05+9.27132550e-05j],
          [-1.56557524e-02-7.68534237e-02j,
            9.92535817e-01-2.23742987e-02j,
            5.85093668e-03-9.04075167e-02j,
           -3.55434930e-03-3.25025767e-04j],
          [-3.45118291e-03+9.10152318e-04j,
           -9.93597737e-03-9.00501466e-02j,
            9.92535817e-01-2.23742987e-02j,
           -2.07338561e-03-7.84044156e-02j],
          [ 3.43718696e-05+8.72108649e-05j,
           -3.45118291e-03+9.10152318e-04j,
           -1.56557524e-02-7.68534237e-02j,
            9.76092816e-01-2.02678355e-01j]],
         input_dims=(2, 2), output_dims=(2, 2))"
"Operator([[ 9.76092816e-01-2.02678355e-01j,
           -1.77379725e-02-7.63997097e-02j,
           -3.39665120e-03+1.09626702e-03j,
            4.13589286e-05+8.41225262e-05j],
          [ 5.75172584e-05-7.84318048e-02j,
            9.92535817e-01-2.23742987e-02j,
           -1.23788453e-02-8.97469595e-02j,
           -3.39665120e-03+1.09626702e-03j],
          [-3.53144768e-03-5.17607977e-04j,
            8.30502176e-03-9.02151825e-02j,
            9.92535817e-01-2.23742987e-02j,
           -1.77379725e-02-7.63997097e-02j],
          [-2.13384864e-05+9.12788550e-05j,
           -3.53144768e-03-5.17607977e-04j,
            5.75172584e-05-7.84318048e-02j,
            9.76092816e-01-2.02678355e-01j]],
         input_dims=(2, 2), output_dims=(2, 2))"
"Operator([[ 9.76092816e-01-2.02678355e-01j,
           -3.46362608e-02-7.03696011e-02j,
           -2.56057202e-03+2.48646569e-03j,
            8.53592940e-05+3.87421128e-05j],
          [ 1.78802288e-02-7.63665420e-02j,
            9.92535817e-01-2.23742987e-02j,
           -3.24506195e-02-8.45855179e-02j,
           -2.56057202e-03+2.48646569e-03j],
          [-2.93757263e-03-2.02724142e-03j,
            2.85897960e-02-8.59672967e-02j,
            9.92535817e-01-2.23742987e-02j,
           -3.46362608e-02-7.03696011e-02j],
          [-7.44333916e-05+5.69809669e-05j,
           -2.93757263e-03-2.02724142e-03j,
            1.78802288e-02-7.63665420e-02j,
            9.76092816e-01-2.02678355e-01j]],
         input_dims=(2, 2), output_dims=(2, 2))"
"Operator([[ 9.76092816e-01-2.02678355e-01j,
            8.89842555e-03+7.79254088e-02j,
           -3.55679443e-03+2.97075910e-04j,
           -1.06305121e-05-9.31351308e-05j],
          [ 8.89842555e-03+7.79254088e-02j,
            9.92535817e-01-2.23742987e-02j,
            2.05032137e-03+9.05734438e-02j,
           -3.55679443e-03+2.97075910e-04j],
          [-3.55679443e-03+2.97075910e-04j,
            2.05032137e-03+9.05734438e-02j,
            9.92535817e-01-2.23742987e-02j,
            8.89842555e-03+7.79254088e-02j],
          [-1.06305121e-05-9.31351308e-05j,
           -3.55679443e-03+2.97075910e-04j,
            8.89842555e-03+7.79254088e-02j,
            9.76092816e-01-2.02678355e-01j]],
         input_dims=(2, 2), output_dims=(2, 2))"
"Operator([[ 9.76092816e-01-2.02678355e-01j,
           -6.52333351e-02-4.35449573e-02j,
            8.81415531e-04+3.45863375e-03j,
            3.84324997e-05-8.54991424e-05j],
          [ 5.37370599e-02-5.71303747e-02j,
            9.92535817e-01-2.23742987e-02j,
           -7.04646619e-02-5.69428131e-02j,
            8.81415531e-04+3.45863375e-03j],
          [ 2.95451131e-04-3.55692977e-03j,
            6.78157597e-02-6.00730828e-02j,
            9.92535817e-01-2.23742987e-02j,
           -6.52333351e-02-4.35449573e-02j],
          [-5.67108317e-05-7.46394128e-05j,
            2.95451131e-04-3.55692977e-03j,
            5.37370599e-02-5.71303747e-02j,
            9.76092816e-01-2.02678355e-01j]],
         input_dims=(2, 2), output_dims=(2, 2))"
"Operator([[ 9.76092816e-01-2.02678355e-01j,
           -7.48548649e-02-2.34158177e-02j,
            2.61052133e-03+2.43397188e-03j,
           -3.94033855e-05-8.50560615e-05j],
          [ 6.76488780e-02-3.96885453e-02j,
            9.92535817e-01-2.23742987e-02j,
           -8.36469078e-02-3.47986689e-02j,
            2.61052133e-03+2.43397188e-03j],
          [ 2.17057984e-03-2.83330617e-03j,
            8.19865479e-02-3.85481323e-02j,
            9.92535817e-01-2.23742987e-02j,
           -7.48548649e-02-2.34158177e-02j],
          [ 1.92228740e-05-9.17477057e-05j,
            2.17057984e-03-2.83330617e-03j,
            6.76488780e-02-3.96885453e-02j,
            9.76092816e-01-2.02678355e-01j]],
         input_dims=(2, 2), output_dims=(2, 2))"
"Operator([[ 9.76092816e-01-2.02678355e-01j,
            8.89842555e-03+7.79254088e-02j,
           -3.55679443e-03+2.97075910e-04j,
           -1.06305121e-05-9.31351308e-05j],
          [ 8.89842555e-03+7.79254088e-02j,
            9.92535817e-01-2.23742987e-02j,
            2.05032137e-03+9.05734438e-02j,
           -3.55679443e-03+2.97075910e-04j],
          [-3.55679443e-03+2.97075910e-04j,
            2.05032137e-03+9.05734438e-02j,
            9.92535817e-01-2.23742987e-02j,
            8.89842555e-03+7.79254088e-02j],
          [-1.06305121e-05-9.31351308e-05j,
           -3.55679443e-03+2.97075910e-04j,
            8.89842555e-03+7.79254088e-02j,
            9.76092816e-01-2.02678355e-01j]],
         input_dims=(2, 2), output_dims=(2, 2))"
"Operator([[ 9.76092816e-01-2.02678355e-01j,
            8.89842555e-03+7.79254088e-02j,
           -3.55679443e-03+2.97075910e-04j,
           -1.06305121e-05-9.31351308e-05j],
          [ 8.89842555e-03+7.79254088e-02j,
            9.92535817e-01-2.23742987e-02j,
            2.05032137e-03+9.05734438e-02j,
           -3.55679443e-03+2.97075910e-04j],
          [-3.55679443e-03+2.97075910e-04j,
            2.05032137e-03+9.05734438e-02j,
            9.92535817e-01-2.23742987e-02j,
            8.89842555e-03+7.79254088e-02j],
          [-1.06305121e-05-9.31351308e-05j,
           -3.55679443e-03+2.97075910e-04j,
            8.89842555e-03+7.79254088e-02j,
            9.76092816e-01-2.02678355e-01j]],
         input_dims=(2, 2), output_dims=(2, 2))"
"Operator([[ 9.76092816e-01-2.02678355e-01j,
            8.89842555e-03+7.79254088e-02j,
           -3.55679443e-03+2.97075910e-04j,
           -1.06305121e-05-9.31351308e-05j],
          [ 8.89842555e-03+7.79254088e-02j,
            9.92535817e-01-2.23742987e-02j,
            2.05032137e-03+9.05734438e-02j,
           -3.55679443e-03+2.97075910e-04j],
          [-3.55679443e-03+2.97075910e-04j,
            2.05032137e-03+9.05734438e-02j,
            9.92535817e-01-2.23742987e-02j,
            8.89842555e-03+7.79254088e-02j],
          [-1.06305121e-05-9.31351308e-05j,
           -3.55679443e-03+2.97075910e-04j,
            8.89842555e-03+7.79254088e-02j,
            9.76092816e-01-2.02678355e-01j]],
         input_dims=(2, 2), output_dims=(2, 2))"
"Operator([[ 9.76092816e-01-2.02678355e-01j,
           -7.45313370e-02+2.44260337e-02j,
            3.15033361e-03-1.67762895e-03j,
           -7.03104528e-05+6.19967790e-05j],
          [ 7.81193105e-02+6.99461512e-03j,
            9.92535817e-01-2.23742987e-02j,
           -8.83002902e-02+2.02684805e-02j,
            3.15033361e-03-1.67762895e-03j],
          [ 3.38498496e-03+1.13177628e-03j,
            8.91270093e-02+1.62520385e-02j,
            9.92535817e-01-2.23742987e-02j,
           -7.45313370e-02+2.44260337e-02j],
          [ 8.24726932e-05+4.45579988e-05j,
            3.38498496e-03+1.13177628e-03j,
            7.81193105e-02+6.99461512e-03j,
            9.76092816e-01-2.02678355e-01j]],
         input_dims=(2, 2), output_dims=(2, 2))"
"Operator([[ 9.76092816e-01-2.02678355e-01j,
           -7.28413871e-02+2.90806403e-02j,
            2.91393185e-03-2.06107785e-03j,
           -5.73780048e-05+7.41277609e-05j],
          [ 7.75222168e-02+1.19103828e-02j,
            9.92535817e-01-2.23742987e-02j,
           -8.68452593e-02+2.58002614e-02j,
            2.91393185e-03-2.06107785e-03j],
          [ 3.21546894e-03+1.54912887e-03j,
            8.79237877e-02+2.18439945e-02j,
            9.92535817e-01-2.23742987e-02j,
           -7.28413871e-02+2.90806403e-02j],
          [ 7.26065461e-05+5.92912291e-05j,
            3.21546894e-03+1.54912887e-03j,
            7.75222168e-02+1.19103828e-02j,
            9.76092816e-01-2.02678355e-01j]],
         input_dims=(2, 2), output_dims=(2, 2))"
