unitary
"Operator([[ 0.37794656+0.62263254j,  0.42482246-0.08246052j,
            0.17851064-0.32167563j,  0.04043681+0.38109692j],
          [-0.2824628 +0.32785458j, -0.05533329+0.17745746j,
           -0.61420284-0.51535117j,  0.17851064-0.32167563j],
          [-0.27127698-0.24849559j,  0.8014026 +0.02420399j,
           -0.05533329+0.17745746j,  0.42482246-0.08246052j],
          [-0.32896957+0.19659355j, -0.27127698-0.24849559j,
           -0.2824628 +0.32785458j,  0.37794656+0.62263254j]],
         input_dims=(2, 2), output_dims=(2, 2))"
"Operator([[ 0.37794656+0.62263254j,  0.3976961 +0.17062143j,
            0.36479166+0.0476267j , -0.38072759-0.04377784j],
          [-0.04929758+0.42993442j, -0.05533329+0.17745746j,
           -0.21825258-0.77149061j,  0.36479166+0.0476267j ],
          [-0.33087892+0.16081168j,  0.67638882-0.43049985j,
           -0.05533329+0.17745746j,  0.3976961 +0.17062143j],
          [ 0.26369965+0.2780872j , -0.33087892+0.16081168j,
           -0.04929758+0.42993442j,  0.37794656+0.62263254j]],
         input_dims=(2, 2), output_dims=(2, 2))"
"Operator([[ 0.37794656+0.62263254j, -0.21715476-0.37432295j,
            0.05907815+0.36311297j, -0.17124007+0.34285104j],
          [-0.21715476-0.37432295j, -0.05533329+0.17745746j,
           -0.28555364+0.74919362j,  0.05907815+0.36311297j],
          [ 0.05907815+0.36311297j, -0.28555364+0.74919362j,
           -0.05533329+0.17745746j, -0.21715476-0.37432295j],
          [-0.17124007+0.34285104j,  0.05907815+0.36311297j,
           -0.21715476-0.37432295j,  0.37794656+0.62263254j]],
         input_dims=(2, 2), output_dims=(2, 2))"
"Operator([[ 0.37794656+0.62263254j, -0.21715476-0.37432295j,
            0.05907815+0.36311297j, -0.17124007+0.34285104j],
          [-0.21715476-0.37432295j, -0.05533329+0.17745746j,
           -0.28555364+0.74919362j,  0.05907815+0.36311297j],
          [ 0.05907815+0.36311297j, -0.28555364+0.74919362j,
           -0.05533329+0.17745746j, -0.21715476-0.37432295j],
          [-0.17124007+0.34285104j,  0.05907815+0.36311297j,
           -0.21715476-0.37432295j,  0.37794656+0.62263254j]],
         input_dims=(2, 2), output_dims=(2, 2))"
"Operator([[ 0.37794656+0.62263254j,  0.25221129-0.35165797j,
           -0.31098194-0.19654895j,  0.26546057-0.27640674j],
          [-0.43046948+0.04438341j, -0.05533329+0.17745746j,
           -0.80038299+0.0471066j , -0.31098194-0.19654895j],
          [ 0.23263518-0.28499497j,  0.56597746+0.56789213j,
           -0.05533329+0.17745746j,  0.25221129-0.35165797j],
          [ 0.06152164-0.3782659j ,  0.23263518-0.28499497j,
           -0.43046948+0.04438341j,  0.37794656+0.62263254j]],
         input_dims=(2, 2), output_dims=(2, 2))"
"Operator([[ 0.37794656+0.62263254j, -0.02088651+0.43224717j,
           -0.30688314+0.20288913j,  0.313171  +0.22089347j],
          [ 0.38560072+0.19643306j, -0.05533329+0.17745746j,
            0.64658012-0.47409504j, -0.30688314+0.20288913j],
          [ 0.35537233+0.09514077j, -0.16698911-0.78418531j,
           -0.05533329+0.17745746j, -0.02088651+0.43224717j],
          [-0.36471938-0.11768505j,  0.35537233+0.09514077j,
            0.38560072+0.19643306j,  0.37794656+0.62263254j]],
         input_dims=(2, 2), output_dims=(2, 2))"
