unitary
"Operator([[-1.54237267e-04-0.86654891j,  3.55821921e-01+0.30596449j,
           -1.36562893e-01+0.09538647j, -2.49012830e-02-0.02239153j],
          [ 3.55821921e-01+0.30596449j,  6.63892045e-01-0.04981138j,
            7.05879882e-02+0.55119144j, -1.36562893e-01+0.09538647j],
          [-1.36562893e-01+0.09538647j,  7.05879882e-02+0.55119144j,
            6.63892045e-01-0.04981138j,  3.55821921e-01+0.30596449j],
          [-2.49012830e-02-0.02239153j, -1.36562893e-01+0.09538647j,
            3.55821921e-01+0.30596449j, -1.54237267e-04-0.86654891j]],
         input_dims=(2, 2), output_dims=(2, 2))"
"Operator([[-1.54237267e-04-0.86654891j,  1.07067890e-01-0.45690259j,
            1.74534894e-04-0.16657722j, -2.17698535e-02-0.02544657j],
          [-4.35703884e-01+0.17431476j,  6.63892045e-01-0.04981138j,
            4.56301069e-01-0.31714981j,  1.74534894e-04-0.16657722j],
          [ 1.56458859e-01+0.05717191j, -5.21495910e-01-0.19192885j,
            6.63892045e-01-0.04981138j,  1.07067890e-01-0.45690259j],
          [-2.76077388e-02-0.01895435j,  1.56458859e-01+0.05717191j,
           -4.35703884e-01+0.17431476j, -1.54237267e-04-0.86654891j]],
         input_dims=(2, 2), output_dims=(2, 2))"
"Operator([[-1.54237267e-04-0.86654891j,  2.85733664e-01+0.37226306j,
           -1.63329075e-01+0.03273554j, -7.32666055e-03-0.03267682j],
          [ 4.10871177e-01+0.22673417j,  6.63892045e-01-0.04981138j,
           -4.36206115e-02+0.55397826j, -1.63329075e-01+0.03273554j],
          [-8.69530515e-02+0.14208156j,  1.81813149e-01+0.52510822j,
            6.63892045e-01-0.04981138j,  2.85733664e-01+0.37226306j],
          [-3.32687301e-02-0.00382704j, -8.69530515e-02+0.14208156j,
            4.10871177e-01+0.22673417j, -1.54237267e-04-0.86654891j]],
         input_dims=(2, 2), output_dims=(2, 2))"
"Operator([[-1.54237267e-04-0.86654891j, -2.18383745e-01-0.41536977j,
           -1.64867510e-01-0.02380559j, -9.61587728e-03+0.03207787j],
          [-4.43400633e-01-0.153686j  ,  6.63892045e-01-0.04981138j,
            1.37040217e-01-0.53853008j, -1.64867510e-01-0.02380559j],
          [-3.43963074e-02+0.16298741j, -2.68325067e-01-0.48661723j,
            6.63892045e-01-0.04981138j, -2.18383745e-01-0.41536977j],
          [ 3.08799654e-02-0.01295694j, -3.43963074e-02+0.16298741j,
           -4.43400633e-01-0.153686j  , -1.54237267e-04-0.86654891j]],
         input_dims=(2, 2), output_dims=(2, 2))"
"Operator([[-1.54237267e-04-0.86654891j,  3.55821921e-01+0.30596449j,
           -1.36562893e-01+0.09538647j, -2.49012830e-02-0.02239153j],
          [ 3.55821921e-01+0.30596449j,  6.63892045e-01-0.04981138j,
            7.05879882e-02+0.55119144j, -1.36562893e-01+0.09538647j],
          [-1.36562893e-01+0.09538647j,  7.05879882e-02+0.55119144j,
            6.63892045e-01-0.04981138j,  3.55821921e-01+0.30596449j],
          [-2.49012830e-02-0.02239153j, -1.36562893e-01+0.09538647j,
            3.55821921e-01+0.30596449j, -1.54237267e-04-0.86654891j]],
         input_dims=(2, 2), output_dims=(2, 2))"
"Operator([[-1.54237267e-04-0.86654891j, -1.30152491e-02-0.46909926j,
           -8.20147087e-02-0.14498824j, -3.33545290e-02-0.00298832j],
          [-4.65754328e-01+0.05741442j,  6.63892045e-01-0.04981138j,
            3.60312891e-01-0.42304762j, -8.20147087e-02-0.14498824j],
          [ 1.07899547e-01+0.12690819j, -4.55291247e-01-0.31859778j,
            6.63892045e-01-0.04981138j, -1.30152491e-02-0.46909926j],
          [-6.50172815e-03-0.03285091j,  1.07899547e-01+0.12690819j,
           -4.65754328e-01+0.05741442j, -1.54237267e-04-0.86654891j]],
         input_dims=(2, 2), output_dims=(2, 2))"
