unitary
"Operator([[-0.28186732-0.77701398j,  0.08918139+0.50524583j,
           -0.11794403-0.19131354j,  0.05527952+0.00243416j],
          [ 0.48141241-0.17739436j,  0.55222849-0.01350588j,
           -0.41811133+0.45420906j, -0.11794403-0.19131354j],
          [ 0.17732008+0.13809147j,  0.52117558+0.33090628j,
            0.55222849-0.01350588j,  0.08918139+0.50524583j],
          [ 0.02609034+0.04879595j,  0.17732008+0.13809147j,
            0.48141241-0.17739436j, -0.28186732-0.77701398j]],
         input_dims=(2, 2), output_dims=(2, 2))"
"Operator([[-0.28186732-0.77701398j,  0.44485248+0.25560309j,
           -0.16735679+0.15001124j, -0.04682539-0.02948106j],
          [ 0.44485248+0.25560309j,  0.55222849-0.01350588j,
            0.08035206+0.61210007j, -0.16735679+0.15001124j],
          [-0.16735679+0.15001124j,  0.08035206+0.61210007j,
            0.55222849-0.01350588j,  0.44485248+0.25560309j],
          [-0.04682539-0.02948106j, -0.16735679+0.15001124j,
            0.44485248+0.25560309j, -0.28186732-0.77701398j]],
         input_dims=(2, 2), output_dims=(2, 2))"
"Operator([[-0.28186732-0.77701398j, -0.26741979-0.4378508j ,
           -0.21653486-0.06020233j, -0.02623938+0.04871596j],
          [-0.51294808-0.01053253j,  0.55222849-0.01350588j,
            0.22350935-0.5754707j , -0.21653486-0.06020233j],
          [ 0.03624508+0.22180613j, -0.36446432-0.49828578j,
            0.55222849-0.01350588j, -0.26741979-0.4378508j ],
          [ 0.03258714-0.04471944j,  0.03624508+0.22180613j,
           -0.51294808-0.01053253j, -0.28186732-0.77701398j]],
         input_dims=(2, 2), output_dims=(2, 2))"
"Operator([[-0.28186732-0.77701398j,  0.42599526-0.2859278j ,
            0.22089268+0.04144984j,  0.05167741+0.01977865j],
          [-0.03249273+0.51202626j,  0.55222849-0.01350588j,
            0.58451565+0.1986565j ,  0.22089268+0.04144984j],
          [-0.01712936-0.22409429j, -0.51343874+0.34278799j,
            0.55222849-0.01350588j,  0.42599526-0.2859278j ],
          [ 0.04017362+0.03805036j, -0.01712936-0.22409429j,
           -0.03249273+0.51202626j, -0.28186732-0.77701398j]],
         input_dims=(2, 2), output_dims=(2, 2))"
"Operator([[-0.28186732-0.77701398j,  0.44485248+0.25560309j,
           -0.16735679+0.15001124j, -0.04682539-0.02948106j],
          [ 0.44485248+0.25560309j,  0.55222849-0.01350588j,
            0.08035206+0.61210007j, -0.16735679+0.15001124j],
          [-0.16735679+0.15001124j,  0.08035206+0.61210007j,
            0.55222849-0.01350588j,  0.44485248+0.25560309j],
          [-0.04682539-0.02948106j, -0.16735679+0.15001124j,
            0.44485248+0.25560309j, -0.28186732-0.77701398j]],
         input_dims=(2, 2), output_dims=(2, 2))"
