unitary
"Operator([[ 9.05698036e-01-0.39428106j, -1.00095885e-03+0.15508495j,
           -1.35236591e-02-0.00421037j,  3.41270409e-04-0.00066308j],
          [ 6.91300922e-02+0.13882857j,  9.70446769e-01-0.04265846j,
           -3.37861737e-02+0.17612172j, -1.35236591e-02-0.00421037j],
          [-1.14021027e-02+0.0084029j ,  4.93754666e-02+0.17240194j,
            9.70446769e-01-0.04265846j, -1.00095885e-03+0.15508495j],
          [-5.97833455e-04-0.00044579j, -1.14021027e-02+0.0084029j ,
            6.91300922e-02+0.13882857j,  9.05698036e-01-0.39428106j]],
         input_dims=(2, 2), output_dims=(2, 2))"
"Operator([[ 9.05698036e-01-0.39428106j,  3.50208811e-02+0.15108236j,
           -1.39677146e-02+0.00234937j, -1.68104948e-04-0.00072655j],
          [ 3.50208811e-02+0.15108236j,  9.70446769e-01-0.04265846j,
            8.01347011e-03+0.17915398j, -1.39677146e-02+0.00234937j],
          [-1.39677146e-02+0.00234937j,  8.01347011e-03+0.17915398j,
            9.70446769e-01-0.04265846j,  3.50208811e-02+0.15108236j],
          [-1.68104948e-04-0.00072655j, -1.39677146e-02+0.00234937j,
            3.50208811e-02+0.15108236j,  9.05698036e-01-0.39428106j]],
         input_dims=(2, 2), output_dims=(2, 2))"
"Operator([[ 9.05698036e-01-3.94281058e-01j,
            9.41395107e-02+1.23248103e-01j,
           -7.46519495e-03+1.20369214e-02j,
           -7.43923638e-04-5.20779709e-05j],
          [-3.03146357e-02+1.52096566e-01j,
            9.70446769e-01-4.26584628e-02j,
            8.10912731e-02+1.59951776e-01j,
           -7.46519495e-03+1.20369214e-02j],
          [-1.09922375e-02-8.93237514e-03j,
           -6.64868796e-02+1.66552875e-01j,
            9.70446769e-01-4.26584628e-02j,
            9.41395107e-02+1.23248103e-01j],
          [ 6.45446121e-04-3.73542233e-04j,
           -1.09922375e-02-8.93237514e-03j,
           -3.03146357e-02+1.52096566e-01j,
            9.05698036e-01-3.94281058e-01j]],
         input_dims=(2, 2), output_dims=(2, 2))"
"Operator([[ 9.05698036e-01-0.39428106j,  3.50208811e-02+0.15108236j,
           -1.39677146e-02+0.00234937j, -1.68104948e-04-0.00072655j],
          [ 3.50208811e-02+0.15108236j,  9.70446769e-01-0.04265846j,
            8.01347011e-03+0.17915398j, -1.39677146e-02+0.00234937j],
          [-1.39677146e-02+0.00234937j,  8.01347011e-03+0.17915398j,
            9.70446769e-01-0.04265846j,  3.50208811e-02+0.15108236j],
          [-1.68104948e-04-0.00072655j, -1.39677146e-02+0.00234937j,
            3.50208811e-02+0.15108236j,  9.05698036e-01-0.39428106j]],
         input_dims=(2, 2), output_dims=(2, 2))"
"Operator([[ 9.05698036e-01-0.39428106j,  1.41477524e-01+0.06353308j,
            6.00379732e-03+0.01282852j, -1.12474084e-04+0.00073721j],
          [-9.90972234e-02+0.11929829j,  9.70446769e-01-0.04265846j,
            1.47485905e-01+0.10202094j,  6.00379732e-03+0.01282852j],
          [ 1.47664166e-03-0.01408674j, -1.37788454e-01+0.11478113j,
            9.70446769e-01-0.04265846j,  1.41477524e-01+0.06353308j],
          [ 4.24853217e-04+0.00061289j,  1.47664166e-03-0.01408674j,
           -9.90972234e-02+0.11929829j,  9.05698036e-01-0.39428106j]],
         input_dims=(2, 2), output_dims=(2, 2))"
"Operator([[ 9.05698036e-01-0.39428106j,  1.50748530e-01+0.03643107j,
            1.02356650e-02+0.00979019j,  2.92790663e-04+0.00068586j],
          [-1.19346554e-01+0.0990391j ,  9.70446769e-01-0.04265846j,
            1.63732534e-01+0.07315752j,  1.02356650e-02+0.00979019j],
          [ 6.46962427e-03-0.01260002j, -1.56547141e-01+0.08748347j,
            9.70446769e-01-0.04265846j,  1.50748530e-01+0.03643107j],
          [ 3.82195243e-05+0.00074476j,  6.46962427e-03-0.01260002j,
           -1.19346554e-01+0.0990391j ,  9.05698036e-01-0.39428106j]],
         input_dims=(2, 2), output_dims=(2, 2))"
"Operator([[ 9.05698036e-01-0.39428106j,  3.50208811e-02+0.15108236j,
           -1.39677146e-02+0.00234937j, -1.68104948e-04-0.00072655j],
          [ 3.50208811e-02+0.15108236j,  9.70446769e-01-0.04265846j,
            8.01347011e-03+0.17915398j, -1.39677146e-02+0.00234937j],
          [-1.39677146e-02+0.00234937j,  8.01347011e-03+0.17915398j,
            9.70446769e-01-0.04265846j,  3.50208811e-02+0.15108236j],
          [-1.68104948e-04-0.00072655j, -1.39677146e-02+0.00234937j,
            3.50208811e-02+0.15108236j,  9.05698036e-01-0.39428106j]],
         input_dims=(2, 2), output_dims=(2, 2))"
"Operator([[ 9.05698036e-01-0.39428106j,  1.35268268e-01-0.07586065j,
            1.05233138e-02-0.00948032j,  3.53218948e-04-0.00065679j],
          [-1.54848908e-01-0.00861151j,  9.70446769e-01-0.04265846j,
            1.69770751e-01-0.05777765j,  1.05233138e-02-0.00948032j],
          [ 1.30457006e-02+0.005516j  , -1.74251189e-01-0.04238972j,
            9.70446769e-01-0.04265846j,  1.35268268e-01-0.07586065j],
          [-6.05806178e-04-0.00043489j,  1.30457006e-02+0.005516j  ,
           -1.54848908e-01-0.00861151j,  9.05698036e-01-0.39428106j]],
         input_dims=(2, 2), output_dims=(2, 2))"
"Operator([[ 9.05698036e-01-0.39428106j,  5.11592085e-02+0.14640723j,
           -1.31354784e-02+0.00529866j, -3.91407529e-04-0.00063477j],
          [ 1.84715135e-02+0.15398424j,  9.70446769e-01-0.04265846j,
            2.73470334e-02+0.17723573j, -1.31354784e-02+0.00529866j],
          [-1.41461185e-02-0.00070989j, -1.14141473e-02+0.1789695j ,
            9.70446769e-01-0.04265846j,  5.11592085e-02+0.14640723j],
          [ 7.28163958e-05-0.00074218j, -1.41461185e-02-0.00070989j,
            1.84715135e-02+0.15398424j,  9.05698036e-01-0.39428106j]],
         input_dims=(2, 2), output_dims=(2, 2))"
"Operator([[ 9.05698036e-01-3.94281058e-01j,
            1.54674631e-01-1.13181664e-02j,
            1.40196976e-02+2.01610804e-03j,
            7.24928535e-04+1.74966038e-04j],
          [-1.43880029e-01+5.78867830e-02j,
            9.70446769e-01-4.26584628e-02j,
            1.78248578e-01+1.96928820e-02j,
            1.40196976e-02+2.01610804e-03j],
          [ 1.25886903e-02-6.49164764e-03j,
           -1.75778560e-01+3.55283429e-02j,
            9.70446769e-01-4.26584628e-02j,
            1.54674631e-01-1.13181664e-02j],
          [-5.74404781e-04+4.75598194e-04j,
            1.25886903e-02-6.49164764e-03j,
           -1.43880029e-01+5.78867830e-02j,
            9.05698036e-01-3.94281058e-01j]],
         input_dims=(2, 2), output_dims=(2, 2))"
"Operator([[ 9.05698036e-01-0.39428106j,  3.50208811e-02+0.15108236j,
           -1.39677146e-02+0.00234937j, -1.68104948e-04-0.00072655j],
          [ 3.50208811e-02+0.15108236j,  9.70446769e-01-0.04265846j,
            8.01347011e-03+0.17915398j, -1.39677146e-02+0.00234937j],
          [-1.39677146e-02+0.00234937j,  8.01347011e-03+0.17915398j,
            9.70446769e-01-0.04265846j,  3.50208811e-02+0.15108236j],
          [-1.68104948e-04-0.00072655j, -1.39677146e-02+0.00234937j,
            3.50208811e-02+0.15108236j,  9.05698036e-01-0.39428106j]],
         input_dims=(2, 2), output_dims=(2, 2))"
