unitary
"Operator([[ 0.14873993-0.87453732j,  0.30581933+0.31570441j,
           -0.11834605+0.07239479j, -0.01703118-0.01814716j],
          [ 0.30581933+0.31570441j,  0.71834518-0.06185492j,
            0.06279007+0.51358549j, -0.11834605+0.07239479j],
          [-0.11834605+0.07239479j,  0.06279007+0.51358549j,
            0.71834518-0.06185492j,  0.30581933+0.31570441j],
          [-0.01703118-0.01814716j, -0.11834605+0.07239479j,
            0.30581933+0.31570441j,  0.14873993-0.87453732j]],
         input_dims=(2, 2), output_dims=(2, 2))"
"Operator([[ 0.14873993-0.87453732j,  0.30581933+0.31570441j,
           -0.11834605+0.07239479j, -0.01703118-0.01814716j],
          [ 0.30581933+0.31570441j,  0.71834518-0.06185492j,
            0.06279007+0.51358549j, -0.11834605+0.07239479j],
          [-0.11834605+0.07239479j,  0.06279007+0.51358549j,
            0.71834518-0.06185492j,  0.30581933+0.31570441j],
          [-0.01703118-0.01814716j, -0.11834605+0.07239479j,
            0.30581933+0.31570441j,  0.14873993-0.87453732j]],
         input_dims=(2, 2), output_dims=(2, 2))"
"Operator([[ 0.14873993-0.87453732j,  0.43570882-0.05790128j,
            0.10377104+0.09207804j,  0.00997381+0.0228014j ],
          [-0.07172802+0.43364712j,  0.71834518-0.06185492j,
            0.45011299+0.25516846j,  0.10377104+0.09207804j],
          [-0.03472017-0.13431792j, -0.37538135+0.35609197j,
            0.71834518-0.06185492j,  0.43570882-0.05790128j],
          [ 0.02212338+0.01139898j, -0.03472017-0.13431792j,
           -0.07172802+0.43364712j,  0.14873993-0.87453732j]],
         input_dims=(2, 2), output_dims=(2, 2))"
"Operator([[ 0.14873993-0.87453732j, -0.42762174-0.10165819j,
            0.01578219+0.1378322j ,  0.01573001-0.01928594j],
          [-0.08800793-0.4306383j ,  0.71834518-0.06185492j,
           -0.32917447-0.39919521j,  0.01578219+0.1378322j ],
          [-0.11552393-0.07681806j,  0.22330666-0.4667406j ,
            0.71834518-0.06185492j, -0.42762174-0.10165819j],
          [-0.02024418+0.01447598j, -0.11552393-0.07681806j,
           -0.08800793-0.4306383j ,  0.14873993-0.87453732j]],
         input_dims=(2, 2), output_dims=(2, 2))"
"Operator([[ 0.14873993-0.87453732j,  0.30581933+0.31570441j,
           -0.11834605+0.07239479j, -0.01703118-0.01814716j],
          [ 0.30581933+0.31570441j,  0.71834518-0.06185492j,
            0.06279007+0.51358549j, -0.11834605+0.07239479j],
          [-0.11834605+0.07239479j,  0.06279007+0.51358549j,
            0.71834518-0.06185492j,  0.30581933+0.31570441j],
          [-0.01703118-0.01814716j, -0.11834605+0.07239479j,
            0.30581933+0.31570441j,  0.14873993-0.87453732j]],
         input_dims=(2, 2), output_dims=(2, 2))"
