unitary
"Operator([[-0.10369782+0.72053634j,  0.06031971-0.41770417j,
           -0.00700939+0.43178865j, -0.24251417+0.21599817j],
          [ 0.06031971-0.41770417j,  0.02751085+0.25447648j,
           -0.18905045+0.73084813j, -0.00700939+0.43178865j],
          [-0.00700939+0.43178865j, -0.18905045+0.73084813j,
            0.02751085+0.25447648j,  0.06031971-0.41770417j],
          [-0.24251417+0.21599817j, -0.00700939+0.43178865j,
            0.06031971-0.41770417j, -0.10369782+0.72053634j]],
         input_dims=(2, 2), output_dims=(2, 2))"
"Operator([[-0.10369782+0.72053634j,  0.25467123+0.33653796j,
            0.43184098+0.00198477j, -0.32449504-0.01308823j],
          [-0.33947844+0.25073816j,  0.02751085+0.25447648j,
           -0.38688669-0.64822662j,  0.43184098+0.00198477j],
          [-0.43167786-0.01203305j,  0.65268441-0.37931797j,
            0.02751085+0.25447648j,  0.25467123+0.33653796j],
          [-0.02440534+0.32384057j, -0.43167786-0.01203305j,
           -0.33947844+0.25073816j, -0.10369782+0.72053634j]],
         input_dims=(2, 2), output_dims=(2, 2))"
"Operator([[-0.10369782+0.72053634j,  0.29384486-0.30293635j,
           -0.41242144+0.12805909j, -0.13188446-0.29677402j],
          [-0.19613434-0.37369314j,  0.02751085+0.25447648j,
           -0.58177238+0.48106129j, -0.41242144+0.12805909j],
          [ 0.40804756+0.14137807j,  0.27553385+0.70282299j,
            0.02751085+0.25447648j,  0.29384486-0.30293635j],
          [ 0.27959256+0.16521603j,  0.40804756+0.14137807j,
           -0.19613434-0.37369314j, -0.10369782+0.72053634j]],
         input_dims=(2, 2), output_dims=(2, 2))"
"Operator([[-0.10369782+0.72053634j,  0.06031971-0.41770417j,
           -0.00700939+0.43178865j, -0.24251417+0.21599817j],
          [ 0.06031971-0.41770417j,  0.02751085+0.25447648j,
           -0.18905045+0.73084813j, -0.00700939+0.43178865j],
          [-0.00700939+0.43178865j, -0.18905045+0.73084813j,
            0.02751085+0.25447648j,  0.06031971-0.41770417j],
          [-0.24251417+0.21599817j, -0.00700939+0.43178865j,
            0.06031971-0.41770417j, -0.10369782+0.72053634j]],
         input_dims=(2, 2), output_dims=(2, 2))"
