unitary
"Operator([[ 9.41366246e-01-3.14213578e-01j,
            9.82418630e-02+7.32853534e-02j,
            5.46374150e-04+8.76250974e-03j,
           -2.36399078e-04+2.75156829e-04j],
          [-6.63719984e-02+1.03038655e-01j,
            9.81660078e-01-3.43511799e-02j,
            1.00262028e-01+1.00058616e-01j,
            5.46374150e-04+8.76250974e-03j],
          [-1.74083655e-03-8.60520713e-03j,
           -9.29435572e-02+1.06891048e-01j,
            9.81660078e-01-3.43511799e-02j,
            9.82418630e-02+7.32853534e-02j],
          [ 3.17693719e-04+1.75118546e-04j,
           -1.74083655e-03-8.60520713e-03j,
           -6.63719984e-02+1.03038655e-01j,
            9.41366246e-01-3.14213578e-01j]],
         input_dims=(2, 2), output_dims=(2, 2))"
"Operator([[ 9.41366246e-01-0.31421358j,  1.13433093e-01+0.04642349j,
            4.71685262e-03+0.00740482j,  1.72545949e-05+0.00036235j],
          [-9.00052189e-02+0.08319415j,  9.81660078e-01-0.03435118j,
            1.22076663e-01+0.07184351j,  4.71685262e-03+0.00740482j],
          [ 2.63895008e-03-0.00837353j, -1.16696778e-01+0.08028738j,
            9.81660078e-01-0.03435118j,  1.13433093e-01+0.04642349j],
          [ 1.10545199e-04+0.00034551j,  2.63895008e-03-0.00837353j,
           -9.00052189e-02+0.08319415j,  9.41366246e-01-0.31421358j]],
         input_dims=(2, 2), output_dims=(2, 2))"
"Operator([[ 9.41366246e-01-0.31421358j,  2.17999268e-02+0.12061082j,
           -8.70437146e-03+0.00114631j, -6.44524569e-05-0.00035699j],
          [ 2.17999268e-02+0.12061082j,  9.81660078e-01-0.03435118j,
            5.00604995e-03+0.14155967j, -8.70437146e-03+0.00114631j],
          [-8.70437146e-03+0.00114631j,  5.00604995e-03+0.14155967j,
            9.81660078e-01-0.03435118j,  2.17999268e-02+0.12061082j],
          [-6.44524569e-05-0.00035699j, -8.70437146e-03+0.00114631j,
            2.17999268e-02+0.12061082j,  9.41366246e-01-0.31421358j]],
         input_dims=(2, 2), output_dims=(2, 2))"
"Operator([[ 9.41366246e-01-3.14213578e-01j,
            1.22562692e-01+7.70172708e-04j,
            8.52943278e-03+2.08059565e-03j,
            3.37328810e-04+1.33435671e-04j],
          [-1.14538395e-01+4.36252529e-02j,
            9.81660078e-01-3.43511799e-02j,
            1.40062880e-01+2.11326892e-02j,
            8.52943278e-03+2.08059565e-03j],
          [ 7.69996391e-03-4.21789729e-03j,
           -1.38220212e-01+3.09737623e-02j,
            9.81660078e-01-3.43511799e-02j,
            1.22562692e-01+7.70172708e-04j],
          [-2.69370600e-04+2.42971776e-04j,
            7.69996391e-03-4.21789729e-03j,
           -1.14538395e-01+4.36252529e-02j,
            9.41366246e-01-3.14213578e-01j]],
         input_dims=(2, 2), output_dims=(2, 2))"
"Operator([[ 9.41366246e-01-3.14213578e-01j,
            1.21574755e-01-1.55494566e-02j,
            8.77615254e-03-2.43409730e-04j,
            3.62658599e-04-8.63394312e-06j],
          [-1.19325751e-01+2.79923534e-02j,
            9.81660078e-01-3.43511799e-02j,
            1.41629441e-01+2.30266407e-03j,
            8.77615254e-03-2.43409730e-04j],
          [ 8.53994839e-03-2.03700350e-03j,
           -1.41112989e-01+1.23014351e-02j,
            9.81660078e-01-3.43511799e-02j,
            1.21574755e-01-1.55494566e-02j],
          [-3.42781524e-04+1.18729233e-04j,
            8.53994839e-03-2.03700350e-03j,
           -1.19325751e-01+2.79923534e-02j,
            9.41366246e-01-3.14213578e-01j]],
         input_dims=(2, 2), output_dims=(2, 2))"
"Operator([[ 9.41366246e-01-0.31421358j,  2.17999268e-02+0.12061082j,
           -8.70437146e-03+0.00114631j, -6.44524569e-05-0.00035699j],
          [ 2.17999268e-02+0.12061082j,  9.81660078e-01-0.03435118j,
            5.00604995e-03+0.14155967j, -8.70437146e-03+0.00114631j],
          [-8.70437146e-03+0.00114631j,  5.00604995e-03+0.14155967j,
            9.81660078e-01-0.03435118j,  2.17999268e-02+0.12061082j],
          [-6.44524569e-05-0.00035699j, -8.70437146e-03+0.00114631j,
            2.17999268e-02+0.12061082j,  9.41366246e-01-0.31421358j]],
         input_dims=(2, 2), output_dims=(2, 2))"
"Operator([[ 9.41366246e-01-3.14213578e-01j,
            1.13217772e-01-4.69461699e-02j,
            7.44102488e-03-4.65953328e-03j,
            2.47112495e-04-2.65577143e-04j],
          [-1.22488133e-01-4.34326351e-03j,
            9.81660078e-01-3.43511799e-02j,
            1.37258386e-01-3.49905210e-02j,
            7.44102488e-03-4.65953328e-03j],
          [ 8.39366022e-03+2.57421248e-03j,
           -1.39387195e-01-2.52073562e-02j,
            9.81660078e-01-3.43511799e-02j,
            1.13217772e-01-4.69461699e-02j],
          [-3.24380830e-04-1.62397295e-04j,
            8.39366022e-03+2.57421248e-03j,
           -1.22488133e-01-4.34326351e-03j,
            9.41366246e-01-3.14213578e-01j]],
         input_dims=(2, 2), output_dims=(2, 2))"
"Operator([[ 9.41366246e-01-0.31421358j,  2.17999268e-02+0.12061082j,
           -8.70437146e-03+0.00114631j, -6.44524569e-05-0.00035699j],
          [ 2.17999268e-02+0.12061082j,  9.81660078e-01-0.03435118j,
            5.00604995e-03+0.14155967j, -8.70437146e-03+0.00114631j],
          [-8.70437146e-03+0.00114631j,  5.00604995e-03+0.14155967j,
            9.81660078e-01-0.03435118j,  2.17999268e-02+0.12061082j],
          [-6.44524569e-05-0.00035699j, -8.70437146e-03+0.00114631j,
            2.17999268e-02+0.12061082j,  9.41366246e-01-0.31421358j]],
         input_dims=(2, 2), output_dims=(2, 2))"
"Operator([[ 9.41366246e-01-3.14213578e-01j,
           -1.07835084e-01+5.82563412e-02j,
            6.33983776e-03-6.07343057e-03j,
           -1.55392074e-04+3.27794307e-04j],
          [ 1.21405209e-01+1.68220684e-02j,
            9.81660078e-01-3.43511799e-02j,
           -1.32970384e-01+4.88167783e-02j,
            6.33983776e-03-6.07343057e-03j],
          [ 7.69607086e-03+4.22499646e-03j,
            1.36086575e-01+3.93019739e-02j,
            9.81660078e-01-3.43511799e-02j,
           -1.07835084e-01+5.82563412e-02j],
          [ 2.60207852e-04+2.52760119e-04j,
            7.69607086e-03+4.22499646e-03j,
            1.21405209e-01+1.68220684e-02j,
            9.41366246e-01-3.14213578e-01j]],
         input_dims=(2, 2), output_dims=(2, 2))"
"Operator([[ 9.41366246e-01-3.14213578e-01j,
           -1.03910444e-01+6.49986637e-02j,
            5.51731595e-03-6.82929912e-03j,
           -9.03426999e-05+3.51331753e-04j],
          [ 1.20089076e-01+2.45116398e-02j,
            9.81660078e-01-3.43511799e-02j,
           -1.29595360e-01+5.71772993e-02j,
            5.51731595e-03-6.82929912e-03j],
          [ 7.09728449e-03+5.16804166e-03j,
            1.33310558e-01+4.78800175e-02j,
            9.81660078e-01-3.43511799e-02j,
           -1.03910444e-01+6.49986637e-02j],
          [ 2.07496149e-04+2.97558654e-04j,
            7.09728449e-03+5.16804166e-03j,
            1.20089076e-01+2.45116398e-02j,
            9.41366246e-01-3.14213578e-01j]],
         input_dims=(2, 2), output_dims=(2, 2))"
"Operator([[ 9.41366246e-01-0.31421358j, -1.00005650e-01+0.07085956j,
            4.69771477e-03-0.00741698j, -2.87324883e-05+0.00036162j],
          [ 1.18482984e-01+0.0313686j ,  9.81660078e-01-0.03435118j,
           -1.26097392e-01+0.06452634j,  4.69771477e-03-0.00741698j],
          [ 6.45777573e-03+0.00594788j,  1.30340455e-01+0.05545779j,
            9.81660078e-01-0.03435118j, -1.00005650e-01+0.07085956j],
          [ 1.53373957e-04+0.00032874j,  6.45777573e-03+0.00594788j,
            1.18482984e-01+0.0313686j ,  9.41366246e-01-0.31421358j]],
         input_dims=(2, 2), output_dims=(2, 2))"
"Operator([[ 9.41366246e-01-0.31421358j,  2.17999268e-02+0.12061082j,
           -8.70437146e-03+0.00114631j, -6.44524569e-05-0.00035699j],
          [ 2.17999268e-02+0.12061082j,  9.81660078e-01-0.03435118j,
            5.00604995e-03+0.14155967j, -8.70437146e-03+0.00114631j],
          [-8.70437146e-03+0.00114631j,  5.00604995e-03+0.14155967j,
            9.81660078e-01-0.03435118j,  2.17999268e-02+0.12061082j],
          [-6.44524569e-05-0.00035699j, -8.70437146e-03+0.00114631j,
            2.17999268e-02+0.12061082j,  9.41366246e-01-0.31421358j]],
         input_dims=(2, 2), output_dims=(2, 2))"
"Operator([[ 9.41366246e-01-0.31421358j, -9.15229139e-02+0.08152155j,
            2.94569527e-03-0.00827061j,  9.12854844e-05+0.00035109j],
          [ 1.14269256e-01+0.04432543j,  9.81660078e-01-0.03435118j,
           -1.18156379e-01+0.07812343j,  2.94569527e-03-0.00827061j],
          [ 4.98649300e-03+0.00722599j,  1.23379760e-01+0.06958186j,
            9.81660078e-01-0.03435118j, -9.15229139e-02+0.08152155j],
          [ 3.72497258e-05+0.00036084j,  4.98649300e-03+0.00722599j,
            1.14269256e-01+0.04432543j,  9.41366246e-01-0.31421358j]],
         input_dims=(2, 2), output_dims=(2, 2))"
"Operator([[ 9.41366246e-01-0.31421358j, -8.85670029e-02+0.08472363j,
            2.35058743e-03-0.00845901j,  1.28146663e-04+0.00033937j],
          [ 1.12621275e-01+0.04835964j,  9.81660078e-01-0.03435118j,
           -1.15304435e-01+0.08227447j,  2.35058743e-03-0.00845901j],
          [ 4.46045137e-03+0.00756204j,  1.20828164e-01+0.07392399j,
            9.81660078e-01-0.03435118j, -8.85670029e-02+0.08472363j],
          [-1.38074285e-06+0.00036276j,  4.46045137e-03+0.00756204j,
            1.12621275e-01+0.04835964j,  9.41366246e-01-0.31421358j]],
         input_dims=(2, 2), output_dims=(2, 2))"
