unitary
"Operator([[ 9.48847733e-01-2.94128629e-01j,
           -2.16504622e-02+1.12467372e-01j,
           -6.35234598e-03-4.27051089e-03j,
            2.31979092e-04-1.82421118e-04j],
          [ 5.72968164e-02+9.91701922e-02j,
            9.84006562e-01-3.22239178e-02j,
           -4.21358363e-02+1.25463283e-01j,
           -6.35234598e-03-4.27051089e-03j],
          [-5.13008217e-03+5.68082913e-03j,
            5.03275488e-02+1.22407523e-01j,
            9.84006562e-01-3.22239178e-02j,
           -2.16504622e-02+1.12467372e-01j],
          [-2.78905108e-04-9.64557119e-05j,
           -5.13008217e-03+5.68082913e-03j,
            5.72968164e-02+9.91701922e-02j,
            9.48847733e-01-2.94128629e-01j]],
         input_dims=(2, 2), output_dims=(2, 2))"
"Operator([[ 9.48847733e-01-2.94128629e-01j,
            1.90228649e-02+1.12941502e-01j,
           -7.59729104e-03+9.33129995e-04j,
           -4.89696385e-05-2.91021886e-04j],
          [ 1.90228649e-02+1.12941502e-01j,
            9.84006562e-01-3.22239178e-02j,
            4.37155056e-03+1.32277562e-01j,
           -7.59729104e-03+9.33129995e-04j],
          [-7.59729104e-03+9.33129995e-04j,
            4.37155056e-03+1.32277562e-01j,
            9.84006562e-01-3.22239178e-02j,
            1.90228649e-02+1.12941502e-01j],
          [-4.89696385e-05-2.91021886e-04j,
           -7.59729104e-03+9.33129995e-04j,
            1.90228649e-02+1.12941502e-01j,
            9.48847733e-01-2.94128629e-01j]],
         input_dims=(2, 2), output_dims=(2, 2))"
"Operator([[ 9.48847733e-01-2.94128629e-01j,
            2.55931058e-02+1.11636218e-01j,
           -7.43644053e-03+1.81353660e-03j,
           -9.90260507e-05-2.78002886e-04j],
          [ 1.23875520e-02+1.13860444e-01j,
            9.84006562e-01-3.22239178e-02j,
            1.20972737e-02+1.31795751e-01j,
           -7.43644053e-03+1.81353660e-03j],
          [-7.65427759e-03+3.99664014e-05j,
           -3.36912643e-03+1.32306889e-01j,
            9.84006562e-01-3.22239178e-02j,
            2.55931058e-02+1.11636218e-01j],
          [ 2.59094105e-06-2.95101763e-04j,
           -7.65427759e-03+3.99664014e-05j,
            1.23875520e-02+1.13860444e-01j,
            9.48847733e-01-2.94128629e-01j]],
         input_dims=(2, 2), output_dims=(2, 2))"
"Operator([[ 9.48847733e-01-2.94128629e-01j,
            4.48844650e-02+1.05370949e-01j,
           -6.34385375e-03+4.28311596e-03j,
           -2.26356526e-04-1.89352810e-04j],
          [-7.89175757e-03+1.14260108e-01j,
            9.84006562e-01-3.22239178e-02j,
            3.51564227e-02+1.27595023e-01j,
           -6.34385375e-03+4.28311596e-03j],
          [-7.19179759e-03-2.62061255e-03j,
           -2.66553114e-02+1.29637797e-01j,
            9.84006562e-01-3.22239178e-02j,
            4.48844650e-02+1.05370949e-01j],
          [ 1.51921924e-04-2.53004926e-04j,
           -7.19179759e-03-2.62061255e-03j,
           -7.89175757e-03+1.14260108e-01j,
            9.48847733e-01-2.94128629e-01j]],
         input_dims=(2, 2), output_dims=(2, 2))"
"Operator([[ 9.48847733e-01-2.94128629e-01j,
            1.90228649e-02+1.12941502e-01j,
           -7.59729104e-03+9.33129995e-04j,
           -4.89696385e-05-2.91021886e-04j],
          [ 1.90228649e-02+1.12941502e-01j,
            9.84006562e-01-3.22239178e-02j,
            4.37155056e-03+1.32277562e-01j,
           -7.59729104e-03+9.33129995e-04j],
          [-7.59729104e-03+9.33129995e-04j,
            4.37155056e-03+1.32277562e-01j,
            9.84006562e-01-3.22239178e-02j,
            1.90228649e-02+1.12941502e-01j],
          [-4.89696385e-05-2.91021886e-04j,
           -7.59729104e-03+9.33129995e-04j,
            1.90228649e-02+1.12941502e-01j,
            9.48847733e-01-2.94128629e-01j]],
         input_dims=(2, 2), output_dims=(2, 2))"
"Operator([[ 9.48847733e-01-2.94128629e-01j,
            1.90228649e-02+1.12941502e-01j,
           -7.59729104e-03+9.33129995e-04j,
           -4.89696385e-05-2.91021886e-04j],
          [ 1.90228649e-02+1.12941502e-01j,
            9.84006562e-01-3.22239178e-02j,
            4.37155056e-03+1.32277562e-01j,
           -7.59729104e-03+9.33129995e-04j],
          [-7.59729104e-03+9.33129995e-04j,
            4.37155056e-03+1.32277562e-01j,
            9.84006562e-01-3.22239178e-02j,
            1.90228649e-02+1.12941502e-01j],
          [-4.89696385e-05-2.91021886e-04j,
           -7.59729104e-03+9.33129995e-04j,
            1.90228649e-02+1.12941502e-01j,
            9.48847733e-01-2.94128629e-01j]],
         input_dims=(2, 2), output_dims=(2, 2))"
"Operator([[ 9.48847733e-01-2.94128629e-01j,
            8.20497190e-02+7.99092974e-02j,
           -1.40865816e-03+7.52364572e-03j,
           -2.60227476e-04+1.39188448e-04j],
          [-5.13469559e-02+1.02377450e-01j,
            9.84006562e-01-3.22239178e-02j,
            8.16451988e-02+1.04165856e-01j,
           -1.40865816e-03+7.52364572e-03j],
          [-3.18749098e-03-6.95912810e-03j,
           -7.45895485e-02+1.09329151e-01j,
            9.84006562e-01-3.22239178e-02j,
            8.20497190e-02+7.99092974e-02j],
          [ 2.91449151e-04+4.63589866e-05j,
           -3.18749098e-03-6.95912810e-03j,
           -5.13469559e-02+1.02377450e-01j,
            9.48847733e-01-2.94128629e-01j]],
         input_dims=(2, 2), output_dims=(2, 2))"
"Operator([[ 9.48847733e-01-2.94128629e-01j,
            8.89758753e-03-1.14186186e-01j,
           -7.14453162e-03-2.74685832e-03j,
           -1.58551852e-04+2.48903744e-04j],
          [-4.58105858e-02-1.04971627e-01j,
            9.84006562e-01-3.22239178e-02j,
            2.77958246e-02-1.29398053e-01j,
           -7.14453162e-03-2.74685832e-03j],
          [-6.26744153e-03+4.39417107e-03j,
           -3.62786184e-02-1.27280501e-01j,
            9.84006562e-01-3.22239178e-02j,
            8.89758753e-03-1.14186186e-01j],
          [ 2.31279160e-04+1.83307702e-04j,
           -6.26744153e-03+4.39417107e-03j,
           -4.58105858e-02-1.04971627e-01j,
            9.48847733e-01-2.94128629e-01j]],
         input_dims=(2, 2), output_dims=(2, 2))"
"Operator([[ 9.48847733e-01-2.94128629e-01j,
           -8.94717797e-02-7.15014184e-02j,
            8.29171869e-05+7.65393281e-03j,
            2.08752114e-04-2.08600859e-04j],
          [ 6.11136842e-02-9.68646984e-02j,
            9.84006562e-01-3.22239178e-02j,
           -9.14415816e-02-9.56812475e-02j,
            8.29171869e-05+7.65393281e-03j],
          [-1.77177901e-03-7.44649997e-03j,
            8.49247478e-02-1.01509858e-01j,
            9.84006562e-01-3.22239178e-02j,
           -8.94717797e-02-7.15014184e-02j],
          [-2.65525044e-04-1.28795243e-04j,
           -1.77177901e-03-7.44649997e-03j,
            6.11136842e-02-9.68646984e-02j,
            9.48847733e-01-2.94128629e-01j]],
         input_dims=(2, 2), output_dims=(2, 2))"
"Operator([[ 9.48847733e-01-2.94128629e-01j,
           -9.26501920e-02-6.73319695e-02j,
            7.82376654e-04+7.61429245e-03j,
            1.78227571e-04-2.35216276e-04j],
          [ 6.54825183e-02-9.39664408e-02j,
            9.84006562e-01-3.22239178e-02j,
           -9.57244825e-02-9.13963205e-02j,
            7.82376654e-04+7.61429245e-03j],
          [-1.08351678e-03-7.57730520e-03j,
            8.94812137e-02-9.75170568e-02j,
            9.84006562e-01-3.22239178e-02j,
           -9.26501920e-02-6.73319695e-02j],
          [-2.45391868e-04-1.63934727e-04j,
           -1.08351678e-03-7.57730520e-03j,
            6.54825183e-02-9.39664408e-02j,
            9.48847733e-01-2.94128629e-01j]],
         input_dims=(2, 2), output_dims=(2, 2))"
"Operator([[ 9.48847733e-01-2.94128629e-01j,
           -9.77200684e-02-5.97364247e-02j,
            1.98186086e-03+7.39336123e-03j,
            1.17406477e-04-2.70753546e-04j],
          [ 7.27607433e-02-8.84507006e-02j,
            9.84006562e-01-3.22239178e-02j,
           -1.02701812e-01-8.34793496e-02j,
            1.98186086e-03+7.39336123e-03j],
          [ 1.33779819e-04-7.65321277e-03j,
            9.69660327e-02-9.00780355e-02j,
            9.84006562e-01-3.22239178e-02j,
           -9.77200684e-02-5.97364247e-02j],
          [-1.99550389e-04-2.17419883e-04j,
            1.33779819e-04-7.65321277e-03j,
            7.27607433e-02-8.84507006e-02j,
            9.48847733e-01-2.94128629e-01j]],
         input_dims=(2, 2), output_dims=(2, 2))"
"Operator([[ 9.48847733e-01-2.94128629e-01j,
            1.90228649e-02+1.12941502e-01j,
           -7.59729104e-03+9.33129995e-04j,
           -4.89696385e-05-2.91021886e-04j],
          [ 1.90228649e-02+1.12941502e-01j,
            9.84006562e-01-3.22239178e-02j,
            4.37155056e-03+1.32277562e-01j,
           -7.59729104e-03+9.33129995e-04j],
          [-7.59729104e-03+9.33129995e-04j,
            4.37155056e-03+1.32277562e-01j,
            9.84006562e-01-3.22239178e-02j,
            1.90228649e-02+1.12941502e-01j],
          [-4.89696385e-05-2.91021886e-04j,
           -7.59729104e-03+9.33129995e-04j,
            1.90228649e-02+1.12941502e-01j,
            9.48847733e-01-2.94128629e-01j]],
         input_dims=(2, 2), output_dims=(2, 2))"
"Operator([[ 9.48847733e-01-2.94128629e-01j,
           -1.09657860e-01-3.30576159e-02j,
            5.34869464e-03+5.47549344e-03j,
           -1.03550931e-04-2.76349359e-04j],
          [ 9.27790545e-02-6.71542943e-02j,
            9.84006562e-01-3.22239178e-02j,
           -1.20486901e-01-5.47665110e-02j,
            5.34869464e-03+5.47549344e-03j],
          [ 3.86465984e-03-6.60711488e-03j,
            1.16608066e-01-6.26021002e-02j,
            9.84006562e-01-3.22239178e-02j,
           -1.09657860e-01-3.30576159e-02j],
          [ 7.40779012e-06-2.95020149e-04j,
            3.86465984e-03-6.60711488e-03j,
            9.27790545e-02-6.71542943e-02j,
            9.48847733e-01-2.94128629e-01j]],
         input_dims=(2, 2), output_dims=(2, 2))"
"Operator([[ 9.48847733e-01-2.94128629e-01j,
            1.90228649e-02+1.12941502e-01j,
           -7.59729104e-03+9.33129995e-04j,
           -4.89696385e-05-2.91021886e-04j],
          [ 1.90228649e-02+1.12941502e-01j,
            9.84006562e-01-3.22239178e-02j,
            4.37155056e-03+1.32277562e-01j,
           -7.59729104e-03+9.33129995e-04j],
          [-7.59729104e-03+9.33129995e-04j,
            4.37155056e-03+1.32277562e-01j,
            9.84006562e-01-3.22239178e-02j,
            1.90228649e-02+1.12941502e-01j],
          [-4.89696385e-05-2.91021886e-04j,
           -7.59729104e-03+9.33129995e-04j,
            1.90228649e-02+1.12941502e-01j,
            9.48847733e-01-2.94128629e-01j]],
         input_dims=(2, 2), output_dims=(2, 2))"
"Operator([[ 9.48847733e-01-2.94128629e-01j,
           -1.13089605e-01+1.81216320e-02j,
            7.61120645e-03-8.11849202e-04j,
           -2.92110006e-04+4.19941395e-05j],
          [ 1.12786217e-01-1.99228881e-02j,
            9.84006562e-01-3.22239178e-02j,
           -1.32308217e-01+3.31659222e-03j,
            7.61120645e-03-8.11849202e-04j],
          [ 7.58144321e-03-1.05417344e-03j,
            1.32238497e-01-5.42623092e-03j,
            9.84006562e-01-3.22239178e-02j,
           -1.13089605e-01+1.81216320e-02j],
          [ 2.89767217e-04-5.59171126e-05j,
            7.58144321e-03-1.05417344e-03j,
            1.12786217e-01-1.99228881e-02j,
            9.48847733e-01-2.94128629e-01j]],
         input_dims=(2, 2), output_dims=(2, 2))"
