unitary
"Operator([[-1.54237267e-04-0.86654891j,  3.55821921e-01+0.30596449j,
           -1.36562893e-01+0.09538647j, -2.49012830e-02-0.02239153j],
          [ 3.55821921e-01+0.30596449j,  6.63892045e-01-0.04981138j,
            7.05879882e-02+0.55119144j, -1.36562893e-01+0.09538647j],
          [-1.36562893e-01+0.09538647j,  7.05879882e-02+0.55119144j,
            6.63892045e-01-0.04981138j,  3.55821921e-01+0.30596449j],
          [-2.49012830e-02-0.02239153j, -1.36562893e-01+0.09538647j,
            3.55821921e-01+0.30596449j, -1.54237267e-04-0.86654891j]],
         input_dims=(2, 2), output_dims=(2, 2))"
"Operator([[-1.54237267e-04-0.86654891j, -1.88126921e-01+0.42992066j,
            5.95607731e-02-0.15556515j,  5.36112790e-03+0.03305621j],
          [ 3.96881845e-01-0.25041627j,  6.63892045e-01-0.04981138j,
           -5.06236802e-01+0.22917017j,  5.95607731e-02-0.15556515j],
          [ 1.66560370e-01-0.00237597j,  5.47649625e-01+0.09420487j,
            6.63892045e-01-0.04981138j, -1.88126921e-01+0.42992066j],
          [ 3.34379571e-02+0.00183239j,  1.66560370e-01-0.00237597j,
            3.96881845e-01-0.25041627j, -1.54237267e-04-0.86654891j]],
         input_dims=(2, 2), output_dims=(2, 2))"
"Operator([[-1.54237267e-04-0.86654891j, -2.07978341e-01+0.42067626j,
            7.38002744e-02-0.14933694j,  6.95777100e-04+0.0334809j ],
          [ 3.84767561e-01-0.26865858j,  6.63892045e-01-0.04981138j,
           -5.16376661e-01+0.20530419j,  7.38002744e-02-0.14933694j],
          [ 1.65613951e-01-0.01788914j,  5.51448124e-01+0.06855388j,
            6.63892045e-01-0.04981138j, -2.07978341e-01+0.42067626j],
          [ 3.33664869e-02-0.0028517j ,  1.65613951e-01-0.01788914j,
            3.84767561e-01-0.26865858j, -1.54237267e-04-0.86654891j]],
         input_dims=(2, 2), output_dims=(2, 2))"
"Operator([[-1.54237267e-04-0.86654891j,  3.55821921e-01+0.30596449j,
           -1.36562893e-01+0.09538647j, -2.49012830e-02-0.02239153j],
          [ 3.55821921e-01+0.30596449j,  6.63892045e-01-0.04981138j,
            7.05879882e-02+0.55119144j, -1.36562893e-01+0.09538647j],
          [-1.36562893e-01+0.09538647j,  7.05879882e-02+0.55119144j,
            6.63892045e-01-0.04981138j,  3.55821921e-01+0.30596449j],
          [-2.49012830e-02-0.02239153j, -1.36562893e-01+0.09538647j,
            3.55821921e-01+0.30596449j, -1.54237267e-04-0.86654891j]],
         input_dims=(2, 2), output_dims=(2, 2))"
"Operator([[-1.54237267e-04-0.86654891j,  3.97078961e-01-0.25010359j,
            1.66563906e-01-0.00211359j,  3.34335339e-02+0.0019114j ],
          [-1.87788238e-01+0.4300687j ,  6.63892045e-01-0.04981138j,
            5.47575255e-01+0.09463619j,  1.66563906e-01-0.00211359j],
          [ 5.93156391e-02-0.15565878j, -5.06056140e-01+0.22956884j,
            6.63892045e-01-0.04981138j,  3.97078961e-01-0.25010359j],
          [ 5.43922253e-03+0.03304345j,  5.93156391e-02-0.15565878j,
           -1.87788238e-01+0.4300687j , -1.54237267e-04-0.86654891j]],
         input_dims=(2, 2), output_dims=(2, 2))"
"Operator([[-1.54237267e-04-0.86654891j,  2.15536288e-01+0.41685443j,
           -1.64526277e-01-0.02605966j,  1.02723291e-02-0.03187372j],
          [ 4.44441914e-01+0.15064825j,  6.63892045e-01-0.04981138j,
           -1.40722128e-01+0.53757972j, -1.64526277e-01-0.02605966j],
          [-3.21625177e-02+0.16344288j,  2.71648670e-01+0.48476971j,
            6.63892045e-01-0.04981138j,  2.15536288e-01+0.41685443j],
          [-3.06074852e-02+0.0135881j , -3.21625177e-02+0.16344288j,
            4.44441914e-01+0.15064825j, -1.54237267e-04-0.86654891j]],
         input_dims=(2, 2), output_dims=(2, 2))"
