unitary
"Operator([[ 0.41799516-0.69590732j, -0.38453529+0.13439726j,
           -0.0556621 +0.101363j  ,  0.3204985 +0.24283948j],
          [-0.38453529+0.13439726j, -0.53432411-0.26848623j,
           -0.25207072+0.6321159j , -0.0556621 +0.101363j  ],
          [-0.0556621 +0.101363j  , -0.25207072+0.6321159j ,
           -0.53432411-0.26848623j, -0.38453529+0.13439726j],
          [ 0.3204985 +0.24283948j, -0.0556621 +0.101363j  ,
           -0.38453529+0.13439726j,  0.41799516-0.69590732j]],
         input_dims=(2, 2), output_dims=(2, 2))"
"Operator([[ 0.41799516-0.69590732j, -0.38453529+0.13439726j,
           -0.0556621 +0.101363j  ,  0.3204985 +0.24283948j],
          [-0.38453529+0.13439726j, -0.53432411-0.26848623j,
           -0.25207072+0.6321159j , -0.0556621 +0.101363j  ],
          [-0.0556621 +0.101363j  , -0.25207072+0.6321159j ,
           -0.53432411-0.26848623j, -0.38453529+0.13439726j],
          [ 0.3204985 +0.24283948j, -0.0556621 +0.101363j  ,
           -0.38453529+0.13439726j,  0.41799516-0.69590732j]],
         input_dims=(2, 2), output_dims=(2, 2))"
"Operator([[ 0.41799516-0.69590732j, -0.38453529+0.13439726j,
           -0.0556621 +0.101363j  ,  0.3204985 +0.24283948j],
          [-0.38453529+0.13439726j, -0.53432411-0.26848623j,
           -0.25207072+0.6321159j , -0.0556621 +0.101363j  ],
          [-0.0556621 +0.101363j  , -0.25207072+0.6321159j ,
           -0.53432411-0.26848623j, -0.38453529+0.13439726j],
          [ 0.3204985 +0.24283948j, -0.0556621 +0.101363j  ,
           -0.38453529+0.13439726j,  0.41799516-0.69590732j]],
         input_dims=(2, 2), output_dims=(2, 2))"
"Operator([[ 0.41799516-0.69590732j,  0.38489131-0.13337424j,
           -0.0562004 +0.10106554j, -0.31855106-0.24538852j],
          [ 0.38417654-0.13541933j, -0.53432411-0.26848623j,
            0.25375073-0.63144336j, -0.0562004 +0.10106554j],
          [-0.05512223+0.1016576j ,  0.25038892-0.63278396j,
           -0.53432411-0.26848623j,  0.38489131-0.13337424j],
          [-0.32242554-0.24027499j, -0.05512223+0.1016576j ,
            0.38417654-0.13541933j,  0.41799516-0.69590732j]],
         input_dims=(2, 2), output_dims=(2, 2))"
