unitary
"Operator([[ 8.69959337e-01-0.45800519j, -1.22478817e-01+0.13422206j,
            4.83899569e-03-0.01898627j,  4.56615448e-04+0.00112842j],
          [ 1.73921809e-01+0.05261014j,  9.59166425e-01-0.04901741j,
           -1.71739028e-01+0.12125284j,  4.83899569e-03-0.01898627j],
          [ 1.17375135e-02+0.01568838j,  1.83467179e-01+0.10264667j,
            9.59166425e-01-0.04901741j, -1.22478817e-01+0.13422206j],
          [ 1.83758755e-04+0.00120336j,  1.17375135e-02+0.01568838j,
            1.73921809e-01+0.05261014j,  8.69959337e-01-0.45800519j]],
         input_dims=(2, 2), output_dims=(2, 2))"
"Operator([[ 0.86995934-4.58005189e-01j,  0.1447989 +1.09772033e-01j,
           -0.0013219 +1.95485792e-02j, -0.00096348+7.44004829e-04j],
          [-0.06820059+1.68420015e-01j,  0.95916643-4.90174130e-02j,
            0.13636076+1.60007148e-01j, -0.0013219 +1.95485792e-02j],
          [-0.00870346-1.75540343e-02j, -0.11889761+1.73377917e-01j,
            0.95916643-4.90174130e-02j,  0.1447989 +1.09772033e-01j],
          [ 0.00120833+1.47563416e-04j, -0.00870346-1.75540343e-02j,
           -0.06820059+1.68420015e-01j,  0.86995934-4.58005189e-01j]],
         input_dims=(2, 2), output_dims=(2, 2))"
"Operator([[ 8.69959337e-01-0.45800519j,  1.59560279e-01-0.08693181j,
            1.55176716e-02-0.01196228j,  6.99602985e-04-0.00099619j],
          [-1.81570031e-01+0.00699613j,  9.59166425e-01-0.04901741j,
            2.01896177e-01-0.05860443j,  1.55176716e-02-0.01196228j],
          [ 1.89145963e-02+0.00511199j, -2.06914037e-01-0.03719041j,
            9.59166425e-01-0.04901741j,  1.59560279e-01-0.08693181j],
          [-1.11026438e-03-0.00049914j,  1.89145963e-02+0.00511199j,
           -1.81570031e-01+0.00699613j,  8.69959337e-01-0.45800519j]],
         input_dims=(2, 2), output_dims=(2, 2))"
"Operator([[ 8.69959337e-01-4.58005189e-01j,
            1.64913578e-01-7.62898023e-02j,
            1.69487086e-02-9.83034326e-03j,
            8.80814455e-04-8.40236242e-04j],
          [-1.80721403e-01+1.88784704e-02j,
            9.59166425e-01-4.90174130e-02j,
            2.05302342e-01-4.52492364e-02j,
            1.69487086e-02-9.83034326e-03j],
          [ 1.94206619e-02+2.59466045e-03j,
           -2.08906265e-01-2.35524449e-02j,
            9.59166425e-01-4.90174130e-02j,
            1.64913578e-01-7.62898023e-02j],
          [-1.18640891e-03-2.72515957e-04j,
            1.94206619e-02+2.59466045e-03j,
           -1.80721403e-01+1.88784704e-02j,
            8.69959337e-01-4.58005189e-01j]],
         input_dims=(2, 2), output_dims=(2, 2))"
"Operator([[ 0.86995934-4.58005189e-01j,  0.17311691-5.52010561e-02j,
            0.01884974-5.34616589e-03j,  0.00112683-4.60537586e-04j],
          [-0.17697365+4.11940321e-02j,  0.95916643-4.90174130e-02j,
            0.20933445-1.93812442e-02j,  0.01884974-5.34616589e-03j],
          [ 0.01946062-2.27567724e-03j, -0.21021372+2.59524094e-03j,
            0.95916643-4.90174130e-02j,  0.17311691-5.52010561e-02j],
          [-0.00120399+1.79572104e-04j,  0.01946062-2.27567724e-03j,
           -0.17697365+4.11940321e-02j,  0.86995934-4.58005189e-01j]],
         input_dims=(2, 2), output_dims=(2, 2))"
"Operator([[ 8.69959337e-01-0.45800519j,  4.82361054e-02+0.17518533j,
           -1.92166063e-02+0.00382314j, -3.22371794e-04-0.00117384j],
          [ 4.82361054e-02+0.17518533j,  9.59166425e-01-0.04901741j,
            1.09970339e-02+0.20994192j, -1.92166063e-02+0.00382314j],
          [-1.92166063e-02+0.00382314j,  1.09970339e-02+0.20994192j,
            9.59166425e-01-0.04901741j,  4.82361054e-02+0.17518533j],
          [-3.22371794e-04-0.00117384j, -1.92166063e-02+0.00382314j,
            4.82361054e-02+0.17518533j,  8.69959337e-01-0.45800519j]],
         input_dims=(2, 2), output_dims=(2, 2))"
"Operator([[ 0.86995934-4.58005189e-01j,  0.17706616-4.07945658e-02j,
            0.01947069-2.18782404e-03j,  0.00120518-1.71417239e-04j],
          [-0.1729919 +5.55915737e-02j,  0.95916643-4.90174130e-02j,
            0.21021905-2.12086291e-03j,  0.01947069-2.18782404e-03j],
          [ 0.01882542-5.43118445e-03j, -0.20929018+1.98535821e-02j,
            0.95916643-4.90174130e-02j,  0.17706616-4.07945658e-02j],
          [-0.00112368+4.68155415e-04j,  0.01882542-5.43118445e-03j,
           -0.1729919 +5.55915737e-02j,  0.86995934-4.58005189e-01j]],
         input_dims=(2, 2), output_dims=(2, 2))"
"Operator([[ 0.86995934-4.58005189e-01j,  0.17993669-2.52865641e-02j,
            0.01955588+1.20916995e-03j,  0.00120867+1.44742729e-04j],
          [-0.16751963+7.03832021e-02j,  0.95916643-4.90174130e-02j,
            0.20961109+1.61163205e-02j,  0.01955588+1.20916995e-03j],
          [ 0.01760392-8.60210839e-03j, -0.20678021+3.79274442e-02j,
            0.95916643-4.90174130e-02j,  0.17993669-2.52865641e-02j],
          [-0.00096521+7.41754009e-04j,  0.01760392-8.60210839e-03j,
           -0.16751963+7.03832021e-02j,  0.86995934-4.58005189e-01j]],
         input_dims=(2, 2), output_dims=(2, 2))"
"Operator([[ 8.69959337e-01-0.45800519j,  9.58476981e-02+0.15436917j,
           -1.40620230e-02+0.01364382j, -1.10037367e-03-0.00052059j],
          [-3.32034835e-03+0.18167443j,  9.59166425e-01-0.04901741j,
            6.99687950e-02+0.19824458j, -1.40620230e-02+0.01364382j],
          [-1.82134015e-02-0.00722263j, -4.88740903e-02+0.20446972j,
            9.59166425e-01-0.04901741j,  9.58476981e-02+0.15436917j],
          [ 6.80148458e-04-0.00100957j, -1.82134015e-02-0.00722263j,
           -3.32034835e-03+0.18167443j,  8.69959337e-01-0.45800519j]],
         input_dims=(2, 2), output_dims=(2, 2))"
"Operator([[ 8.69959337e-01-0.45800519j, -1.37901317e-01+0.11832096j,
            9.28200107e-03-0.01725511j,  2.25799666e-05+0.0012171j ],
          [ 1.79031183e-01+0.03105572j,  9.59166425e-01-0.04901741j,
           -1.85217327e-01+0.09945394j,  9.28200107e-03-0.01725511j],
          [ 1.51795903e-02+0.01238848j,  1.94594256e-01+0.07955891j,
            9.59166425e-01-0.04901741j, -1.37901317e-01+0.11832096j],
          [ 6.02204333e-04+0.00105791j,  1.51795903e-02+0.01238848j,
            1.79031183e-01+0.03105572j,  8.69959337e-01-0.45800519j]],
         input_dims=(2, 2), output_dims=(2, 2))"
"Operator([[ 8.69959337e-01-0.45800519j, -1.54704880e-01+0.09530489j,
            1.41575224e-02-0.0135447j , -5.32151065e-04+0.00109483j],
          [ 1.81684969e-01+0.0026822j ,  9.59166425e-01-0.04901741j,
           -1.98489118e-01+0.06927204j,  1.41575224e-02-0.0135447j ],
          [ 1.82636903e-02+0.0070945j ,  2.04640132e-01+0.0481556j ,
            9.59166425e-01-0.04901741j, -1.54704880e-01+0.09530489j],
          [ 1.01667961e-03+0.00066947j,  1.82636903e-02+0.0070945j ,
            1.81684969e-01+0.0026822j ,  8.69959337e-01-0.45800519j]],
         input_dims=(2, 2), output_dims=(2, 2))"
"Operator([[ 8.69959337e-01-0.45800519j,  4.82361054e-02+0.17518533j,
           -1.92166063e-02+0.00382314j, -3.22371794e-04-0.00117384j],
          [ 4.82361054e-02+0.17518533j,  9.59166425e-01-0.04901741j,
            1.09970339e-02+0.20994192j, -1.92166063e-02+0.00382314j],
          [-1.92166063e-02+0.00382314j,  1.09970339e-02+0.20994192j,
            9.59166425e-01-0.04901741j,  4.82361054e-02+0.17518533j],
          [-3.22371794e-04-0.00117384j, -1.92166063e-02+0.00382314j,
            4.82361054e-02+0.17518533j,  8.69959337e-01-0.45800519j]],
         input_dims=(2, 2), output_dims=(2, 2))"
"Operator([[ 0.86995934-4.58005189e-01j, -0.16801903+6.91825771e-02j,
            0.01772524-8.34927545e-03j, -0.00098091+7.20862436e-04j],
          [ 0.17975112-2.65735996e-02j,  0.95916643-4.90174130e-02j,
           -0.20704633+3.64466895e-02j,  0.01772524-8.34927545e-03j],
          [ 0.01957118+9.29157386e-04j,  0.20972106+1.46158656e-02j,
            0.95916643-4.90174130e-02j, -0.16801903+6.91825771e-02j],
          [ 0.0012115 +1.18762310e-04j,  0.01957118+9.29157386e-04j,
            0.17975112-2.65735996e-02j,  0.86995934-4.58005189e-01j]],
         input_dims=(2, 2), output_dims=(2, 2))"
"Operator([[ 8.69959337e-01-0.45800519j,  4.82361054e-02+0.17518533j,
           -1.92166063e-02+0.00382314j, -3.22371794e-04-0.00117384j],
          [ 4.82361054e-02+0.17518533j,  9.59166425e-01-0.04901741j,
            1.09970339e-02+0.20994192j, -1.92166063e-02+0.00382314j],
          [-1.92166063e-02+0.00382314j,  1.09970339e-02+0.20994192j,
            9.59166425e-01-0.04901741j,  4.82361054e-02+0.17518533j],
          [-3.22371794e-04-0.00117384j, -1.92166063e-02+0.00382314j,
            4.82361054e-02+0.17518533j,  8.69959337e-01-0.45800519j]],
         input_dims=(2, 2), output_dims=(2, 2))"
