unitary
"Operator([[ 8.69959337e-01-0.45800519j, -1.78012496e-01-0.03644411j,
            1.44046028e-02+0.01328163j, -5.04081412e-04-0.00110803j],
          [ 1.34268001e-01-0.12242845j,  9.59166425e-01-0.04901741j,
           -1.92104824e-01-0.08539486j,  1.44046028e-02+0.01328163j],
          [ 8.22417237e-03-0.01778363j,  1.82131803e-01-0.10499786j,
            9.59166425e-01-0.04901741j, -1.78012496e-01-0.03644411j],
          [-1.32536786e-04-0.00121007j,  8.22417237e-03-0.01778363j,
            1.34268001e-01-0.12242845j,  8.69959337e-01-0.45800519j]],
         input_dims=(2, 2), output_dims=(2, 2))"
"Operator([[ 8.69959337e-01-0.45800519j, -1.49298519e-01+0.10356918j,
            1.26043638e-02-0.01500081j, -3.47349318e-04+0.0011667j ],
          [ 1.81270908e-01+0.0125491j ,  9.59166425e-01-0.04901741j,
           -1.94432444e-01+0.07995355j,  1.26043638e-02-0.01500081j],
          [ 1.73861287e-02+0.00903421j,  2.01721619e-01+0.05920248j,
            9.59166425e-01-0.04901741j, -1.49298519e-01+0.10356918j],
          [ 8.94505048e-04+0.00082565j,  1.73861287e-02+0.00903421j,
            1.81270908e-01+0.0125491j ,  8.69959337e-01-0.45800519j]],
         input_dims=(2, 2), output_dims=(2, 2))"
"Operator([[ 0.86995934-4.58005189e-01j, -0.03358001+1.78574929e-01j,
           -0.0148238 -1.28120788e-02j,  0.00108246-5.56872545e-04j],
          [ 0.12025592+1.36217239e-01j,  0.95916643-4.90174130e-02j,
           -0.08229807+1.93451732e-01j, -0.0148238 -1.28120788e-02j],
          [-0.00879117+1.75102745e-02j,  0.10205874+1.83794879e-01j,
            0.95916643-4.90174130e-02j, -0.03358001+1.78574929e-01j],
          [-0.00121505+7.40912107e-05j, -0.00879117+1.75102745e-02j,
            0.12025592+1.36217239e-01j,  0.86995934-4.58005189e-01j]],
         input_dims=(2, 2), output_dims=(2, 2))"
"Operator([[ 8.69959337e-01-0.45800519j,  4.82361054e-02+0.17518533j,
           -1.92166063e-02+0.00382314j, -3.22371794e-04-0.00117384j],
          [ 4.82361054e-02+0.17518533j,  9.59166425e-01-0.04901741j,
            1.09970339e-02+0.20994192j, -1.92166063e-02+0.00382314j],
          [-1.92166063e-02+0.00382314j,  1.09970339e-02+0.20994192j,
            9.59166425e-01-0.04901741j,  4.82361054e-02+0.17518533j],
          [-3.22371794e-04-0.00117384j, -1.92166063e-02+0.00382314j,
            4.82361054e-02+0.17518533j,  8.69959337e-01-0.45800519j]],
         input_dims=(2, 2), output_dims=(2, 2))"
"Operator([[ 8.69959337e-01-0.45800519j,  4.82361054e-02+0.17518533j,
           -1.92166063e-02+0.00382314j, -3.22371794e-04-0.00117384j],
          [ 4.82361054e-02+0.17518533j,  9.59166425e-01-0.04901741j,
            1.09970339e-02+0.20994192j, -1.92166063e-02+0.00382314j],
          [-1.92166063e-02+0.00382314j,  1.09970339e-02+0.20994192j,
            9.59166425e-01-0.04901741j,  4.82361054e-02+0.17518533j],
          [-3.22371794e-04-0.00117384j, -1.92166063e-02+0.00382314j,
            4.82361054e-02+0.17518533j,  8.69959337e-01-0.45800519j]],
         input_dims=(2, 2), output_dims=(2, 2))"
"Operator([[ 8.69959337e-01-0.45800519j,  9.31453925e-02+0.15601461j,
           -1.45285398e-02+0.01314595j, -1.07169146e-03-0.00057733j],
          [-1.56647486e-04+0.1817047j ,  9.59166425e-01-0.04901741j,
            6.65064822e-02+0.19943278j, -1.45285398e-02+0.01314595j],
          [-1.84538319e-02-0.00658411j, -4.53065870e-02+0.20528969j,
            9.59166425e-01-0.04901741j,  9.31453925e-02+0.15601461j],
          [ 6.26508158e-04-0.0010437j , -1.84538319e-02-0.00658411j,
           -1.56647486e-04+0.1817047j ,  8.69959337e-01-0.45800519j]],
         input_dims=(2, 2), output_dims=(2, 2))"
"Operator([[ 8.69959337e-01-0.45800519j,  4.82361054e-02+0.17518533j,
           -1.92166063e-02+0.00382314j, -3.22371794e-04-0.00117384j],
          [ 4.82361054e-02+0.17518533j,  9.59166425e-01-0.04901741j,
            1.09970339e-02+0.20994192j, -1.92166063e-02+0.00382314j],
          [-1.92166063e-02+0.00382314j,  1.09970339e-02+0.20994192j,
            9.59166425e-01-0.04901741j,  4.82361054e-02+0.17518533j],
          [-3.22371794e-04-0.00117384j, -1.92166063e-02+0.00382314j,
            4.82361054e-02+0.17518533j,  8.69959337e-01-0.45800519j]],
         input_dims=(2, 2), output_dims=(2, 2))"
"Operator([[ 0.86995934-4.58005189e-01j,  0.11959183+1.36800645e-01j,
           -0.00896112+1.74239126e-02j, -0.001216  +5.63510846e-05j],
          [-0.03271088+1.78736175e-01j,  0.95916643-4.90174130e-02j,
            0.10116342+1.84289197e-01j, -0.00896112+1.74239126e-02j],
          [-0.01494775-1.26672453e-02j, -0.081356  +1.93849804e-01j,
            0.95916643-4.90174130e-02j,  0.11959183+1.36800645e-01j],
          [ 0.00107422-5.72610536e-04j, -0.01494775-1.26672453e-02j,
           -0.03271088+1.78736175e-01j,  0.86995934-4.58005189e-01j]],
         input_dims=(2, 2), output_dims=(2, 2))"
"Operator([[ 8.69959337e-01-0.45800519j,  4.82361054e-02+0.17518533j,
           -1.92166063e-02+0.00382314j, -3.22371794e-04-0.00117384j],
          [ 4.82361054e-02+0.17518533j,  9.59166425e-01-0.04901741j,
            1.09970339e-02+0.20994192j, -1.92166063e-02+0.00382314j],
          [-1.92166063e-02+0.00382314j,  1.09970339e-02+0.20994192j,
            9.59166425e-01-0.04901741j,  4.82361054e-02+0.17518533j],
          [-3.22371794e-04-0.00117384j, -1.92166063e-02+0.00382314j,
            4.82361054e-02+0.17518533j,  8.69959337e-01-0.45800519j]],
         input_dims=(2, 2), output_dims=(2, 2))"
"Operator([[ 0.86995934-4.58005189e-01j,  0.17885867-3.20343510e-02j,
            0.01959145-2.63821545e-04j,  0.00121728+7.74058656e-06j],
          [-0.1700476 +6.40346479e-02j,  0.95916643-4.90174130e-02j,
            0.21006884+8.22349042e-03j,  0.01959145-2.63821545e-04j],
          [ 0.01820057-7.25489703e-03j, -0.20806007+3.01256326e-02j,
            0.95916643-4.90174130e-02j,  0.17885867-3.20343510e-02j],
          [-0.00104259+6.28366410e-04j,  0.01820057-7.25489703e-03j,
           -0.1700476 +6.40346479e-02j,  0.86995934-4.58005189e-01j]],
         input_dims=(2, 2), output_dims=(2, 2))"
"Operator([[ 8.69959337e-01-0.45800519j,  4.82361054e-02+0.17518533j,
           -1.92166063e-02+0.00382314j, -3.22371794e-04-0.00117384j],
          [ 4.82361054e-02+0.17518533j,  9.59166425e-01-0.04901741j,
            1.09970339e-02+0.20994192j, -1.92166063e-02+0.00382314j],
          [-1.92166063e-02+0.00382314j,  1.09970339e-02+0.20994192j,
            9.59166425e-01-0.04901741j,  4.82361054e-02+0.17518533j],
          [-3.22371794e-04-0.00117384j, -1.92166063e-02+0.00382314j,
            4.82361054e-02+0.17518533j,  8.69959337e-01-0.45800519j]],
         input_dims=(2, 2), output_dims=(2, 2))"
"Operator([[ 8.69959337e-01-0.45800519j, -2.09447144e-02-0.1804936j ,
           -1.94749412e-02-0.00214966j, -2.31644497e-04+0.00119506j],
          [-7.43981743e-02-0.16577555j,  9.59166425e-01-0.04901741j,
            2.11609853e-02-0.20916204j, -1.94749412e-02-0.00214966j],
          [-1.71691786e-02+0.00944j   , -4.28975863e-02-0.20580656j,
            9.59166425e-01-0.04901741j, -2.09447144e-02-0.1804936j ],
          [ 8.09516751e-04+0.00090913j, -1.71691786e-02+0.00944j   ,
           -7.43981743e-02-0.16577555j,  8.69959337e-01-0.45800519j]],
         input_dims=(2, 2), output_dims=(2, 2))"
"Operator([[ 8.69959337e-01-0.45800519j, -1.12927813e-02-0.18135351j,
           -1.91353748e-02-0.00421091j, -4.19088180e-04+0.00114289j],
          [-8.31299076e-02-0.16157364j,  9.59166425e-01-0.04901741j,
            3.22813639e-02-0.20773651j, -1.91353748e-02-0.00421091j],
          [-1.60665240e-02+0.01121433j, -5.38081747e-02-0.20322703j,
            9.59166425e-01-0.04901741j, -1.12927813e-02-0.18135351j],
          [ 9.44022613e-04+0.00076854j, -1.60665240e-02+0.01121433j,
           -8.31299076e-02-0.16157364j,  8.69959337e-01-0.45800519j]],
         input_dims=(2, 2), output_dims=(2, 2))"
"Operator([[ 0.86995934-4.58005189e-01j, -0.17276945+5.62791310e-02j,
            0.01878163-5.58075065e-03j, -0.00111802+4.81528621e-04j],
          [ 0.177227  -4.00900428e-02j,  0.95916643-4.90174130e-02j,
           -0.20920957+2.06857819e-02j,  0.01878163-5.58075065e-03j],
          [ 0.01948748-2.03288436e-03j,  0.21022582-1.28479516e-03j,
            0.95916643-4.90174130e-02j, -0.17276945+5.62791310e-02j],
          [ 0.00120713-1.57026227e-04j,  0.01948748-2.03288436e-03j,
            0.177227  -4.00900428e-02j,  0.86995934-4.58005189e-01j]],
         input_dims=(2, 2), output_dims=(2, 2))"
