unitary
"Operator([[ 0.73851445+0.07252413j, -0.20043758-0.42532434j,
           -0.22155926+0.05087654j, -0.30570048-0.28832435j],
          [-0.41617126+0.21880926j, -0.22126601-0.0192958j ,
           -0.77509994+0.27773398j, -0.22155926+0.05087654j],
          [ 0.21627859-0.07000357j,  0.31129747+0.7622401j ,
           -0.22126601-0.0192958j , -0.20043758-0.42532434j],
          [ 0.24593103-0.34073691j,  0.21627859-0.07000357j,
           -0.41617126+0.21880926j,  0.73851445+0.07252413j]],
         input_dims=(2, 2), output_dims=(2, 2))"
"Operator([[ 0.73851445+0.07252413j, -0.44584598-0.14932305j,
            0.0604977 +0.21912772j,  0.03974753+0.41833461j],
          [-0.44584598-0.14932305j, -0.22126601-0.0192958j ,
           -0.33535761+0.751965j  ,  0.0604977 +0.21912772j],
          [ 0.0604977 +0.21912772j, -0.33535761+0.751965j  ,
           -0.22126601-0.0192958j , -0.44584598-0.14932305j],
          [ 0.03974753+0.41833461j,  0.0604977 +0.21912772j,
           -0.44584598-0.14932305j,  0.73851445+0.07252413j]],
         input_dims=(2, 2), output_dims=(2, 2))"
"Operator([[ 0.73851445+0.07252413j, -0.44584598-0.14932305j,
            0.0604977 +0.21912772j,  0.03974753+0.41833461j],
          [-0.44584598-0.14932305j, -0.22126601-0.0192958j ,
           -0.33535761+0.751965j  ,  0.0604977 +0.21912772j],
          [ 0.0604977 +0.21912772j, -0.33535761+0.751965j  ,
           -0.22126601-0.0192958j , -0.44584598-0.14932305j],
          [ 0.03974753+0.41833461j,  0.0604977 +0.21912772j,
           -0.44584598-0.14932305j,  0.73851445+0.07252413j]],
         input_dims=(2, 2), output_dims=(2, 2))"
"Operator([[ 0.73851445+0.07252413j, -0.44584598-0.14932305j,
            0.0604977 +0.21912772j,  0.03974753+0.41833461j],
          [-0.44584598-0.14932305j, -0.22126601-0.0192958j ,
           -0.33535761+0.751965j  ,  0.0604977 +0.21912772j],
          [ 0.0604977 +0.21912772j, -0.33535761+0.751965j  ,
           -0.22126601-0.0192958j , -0.44584598-0.14932305j],
          [ 0.03974753+0.41833461j,  0.0604977 +0.21912772j,
           -0.44584598-0.14932305j,  0.73851445+0.07252413j]],
         input_dims=(2, 2), output_dims=(2, 2))"
"Operator([[ 0.73851445+0.07252413j, -0.44584598-0.14932305j,
            0.0604977 +0.21912772j,  0.03974753+0.41833461j],
          [-0.44584598-0.14932305j, -0.22126601-0.0192958j ,
           -0.33535761+0.751965j  ,  0.0604977 +0.21912772j],
          [ 0.0604977 +0.21912772j, -0.33535761+0.751965j  ,
           -0.22126601-0.0192958j , -0.44584598-0.14932305j],
          [ 0.03974753+0.41833461j,  0.0604977 +0.21912772j,
           -0.44584598-0.14932305j,  0.73851445+0.07252413j]],
         input_dims=(2, 2), output_dims=(2, 2))"
"Operator([[ 0.73851445+0.07252413j, -0.44584598-0.14932305j,
            0.0604977 +0.21912772j,  0.03974753+0.41833461j],
          [-0.44584598-0.14932305j, -0.22126601-0.0192958j ,
           -0.33535761+0.751965j  ,  0.0604977 +0.21912772j],
          [ 0.0604977 +0.21912772j, -0.33535761+0.751965j  ,
           -0.22126601-0.0192958j , -0.44584598-0.14932305j],
          [ 0.03974753+0.41833461j,  0.0604977 +0.21912772j,
           -0.44584598-0.14932305j,  0.73851445+0.07252413j]],
         input_dims=(2, 2), output_dims=(2, 2))"
