unitary
"Operator([[ 8.24651986e-01-0.52438853j,  1.16968026e-02+0.21005132j,
           -2.54399288e-02-0.00751646j,  8.58095195e-04-0.00172409j],
          [ 1.13882128e-01+0.17688763j,  9.44798788e-01-0.055316j  ,
           -4.78345252e-02+0.23884134j, -2.54399288e-02-0.00751646j],
          [-1.94910785e-02+0.01799403j,  7.63278194e-02+0.23131665j,
            9.44798788e-01-0.055316j  ,  1.16968026e-02+0.21005132j],
          [-1.70510952e-03-0.00089521j, -1.94910785e-02+0.01799403j,
            1.13882128e-01+0.17688763j,  8.24651986e-01-0.52438853j]],
         input_dims=(2, 2), output_dims=(2, 2))"
"Operator([[ 8.24651986e-01-0.52438853j,  6.49420862e-02+0.20010222j,
           -2.58339895e-02+0.00602429j, -5.92551551e-04-0.0018324j ],
          [ 6.49420862e-02+0.20010222j,  9.44798788e-01-0.055316j  ,
            1.47350671e-02+0.24313825j, -2.58339895e-02+0.00602429j],
          [-2.58339895e-02+0.00602429j,  1.47350671e-02+0.24313825j,
            9.44798788e-01-0.055316j  ,  6.49420862e-02+0.20010222j],
          [-5.92551551e-04-0.0018324j , -2.58339895e-02+0.00602429j,
            6.49420862e-02+0.20010222j,  8.24651986e-01-0.52438853j]],
         input_dims=(2, 2), output_dims=(2, 2))"
"Operator([[ 8.24651986e-01-0.52438853j,  1.96784466e-01+0.07439252j,
            1.15237366e-02+0.02389332j, -2.72936272e-04+0.00190638j],
          [-1.15594476e-01+0.17577341j,  9.44798788e-01-0.055316j  ,
            1.98991994e-01+0.14048315j,  1.15237366e-02+0.02389332j],
          [-2.33681647e-04-0.02652607j, -1.80570351e-01+0.16348602j,
            9.44798788e-01-0.055316j  ,  1.96784466e-01+0.07439252j],
          [ 1.33748660e-03+0.00138561j, -2.33681647e-04-0.02652607j,
           -1.15594476e-01+0.17577341j,  8.24651986e-01-0.52438853j]],
         input_dims=(2, 2), output_dims=(2, 2))"
"Operator([[ 8.24651986e-01-0.52438853j,  6.49420862e-02+0.20010222j,
           -2.58339895e-02+0.00602429j, -5.92551551e-04-0.0018324j ],
          [ 6.49420862e-02+0.20010222j,  9.44798788e-01-0.055316j  ,
            1.47350671e-02+0.24313825j, -2.58339895e-02+0.00602429j],
          [-2.58339895e-02+0.00602429j,  1.47350671e-02+0.24313825j,
            9.44798788e-01-0.055316j  ,  6.49420862e-02+0.20010222j],
          [-5.92551551e-04-0.0018324j , -2.58339895e-02+0.00602429j,
            6.49420862e-02+0.20010222j,  8.24651986e-01-0.52438853j]],
         input_dims=(2, 2), output_dims=(2, 2))"
