unitary
"Operator([[ 0.5427715 -7.67686822e-01j, -0.06039779+3.27533375e-01j,
           -0.03615635-6.12140485e-02j,  0.0086894 +3.08577999e-04j],
          [ 0.31462287+1.09263235e-01j,  0.8534902 -7.23509793e-02j,
           -0.22356352+3.16794456e-01j, -0.03615635-6.12140485e-02j],
          [ 0.01618868+6.92269300e-02j,  0.27931809+2.68925224e-01j,
            0.8534902 -7.23509793e-02j, -0.06039779+3.27533375e-01j],
          [-0.00410119+7.66688707e-03j,  0.01618868+6.92269300e-02j,
            0.31462287+1.09263235e-01j,  0.5427715 -7.67686822e-01j]],
         input_dims=(2, 2), output_dims=(2, 2))"
"Operator([[ 0.5427715 -0.76768682j,  0.16753525+0.28785056j,
           -0.06598022+0.02647739j, -0.00433579-0.0075367j ],
          [ 0.16753525+0.28785056j,  0.8534902 -0.07235098j,
            0.03674247+0.3859914j , -0.06598022+0.02647739j],
          [-0.06598022+0.02647739j,  0.03674247+0.3859914j ,
            0.8534902 -0.07235098j,  0.16753525+0.28785056j],
          [-0.00433579-0.0075367j , -0.06598022+0.02647739j,
            0.16753525+0.28785056j,  0.5427715 -0.76768682j]],
         input_dims=(2, 2), output_dims=(2, 2))"
"Operator([[ 0.5427715 -0.76768682j, -0.26836678-0.19724421j,
           -0.02566988+0.06629856j,  0.00855299-0.00156437j],
          [-0.03894908-0.33077027j,  0.8534902 -0.07235098j,
           -0.18751712-0.33937693j, -0.02566988+0.06629856j],
          [-0.06437904-0.03016257j,  0.12011911-0.36866078j,
            0.8534902 -0.07235098j, -0.26836678-0.19724421j],
          [-0.00565174+0.00660748j, -0.06437904-0.03016257j,
           -0.03894908-0.33077027j,  0.5427715 -0.76768682j]],
         input_dims=(2, 2), output_dims=(2, 2))"
"Operator([[ 0.5427715 -0.76768682j, -0.32559496+0.07009939j,
            0.06891159+0.01748238j, -0.00792833-0.00356967j],
          [ 0.22177318-0.24848071j,  0.8534902 -0.07235098j,
           -0.37837962-0.08466546j,  0.06891159+0.01748238j],
          [ 0.03771049-0.06026906j,  0.35561027-0.15453386j,
            0.8534902 -0.07235098j, -0.32559496+0.07009939j],
          [ 0.00089949-0.00864823j,  0.03771049-0.06026906j,
            0.22177318-0.24848071j,  0.5427715 -0.76768682j]],
         input_dims=(2, 2), output_dims=(2, 2))"
"Operator([[ 0.5427715 -0.76768682j,  0.16432056+0.2896977j ,
           -0.06655331+0.02500195j, -0.00408172-0.00767727j],
          [ 0.17072918+0.28596774j,  0.8534902 -0.07235098j,
            0.03244339+0.3863765j , -0.06655331+0.02500195j],
          [-0.06537442+0.0279397j ,  0.04103699+0.38555848j,
            0.8534902 -0.07235098j,  0.16432056+0.2896977j ],
          [-0.00458503-0.00738773j, -0.06537442+0.0279397j ,
            0.17072918+0.28596774j,  0.5427715 -0.76768682j]],
         input_dims=(2, 2), output_dims=(2, 2))"
"Operator([[ 0.5427715 -0.76768682j,  0.16753525+0.28785056j,
           -0.06598022+0.02647739j, -0.00433579-0.0075367j ],
          [ 0.16753525+0.28785056j,  0.8534902 -0.07235098j,
            0.03674247+0.3859914j , -0.06598022+0.02647739j],
          [-0.06598022+0.02647739j,  0.03674247+0.3859914j ,
            0.8534902 -0.07235098j,  0.16753525+0.28785056j],
          [-0.00433579-0.0075367j , -0.06598022+0.02647739j,
            0.16753525+0.28785056j,  0.5427715 -0.76768682j]],
         input_dims=(2, 2), output_dims=(2, 2))"
"Operator([[ 0.5427715 -0.76768682j,  0.16753525+0.28785056j,
           -0.06598022+0.02647739j, -0.00433579-0.0075367j ],
          [ 0.16753525+0.28785056j,  0.8534902 -0.07235098j,
            0.03674247+0.3859914j , -0.06598022+0.02647739j],
          [-0.06598022+0.02647739j,  0.03674247+0.3859914j ,
            0.8534902 -0.07235098j,  0.16753525+0.28785056j],
          [-0.00433579-0.0075367j , -0.06598022+0.02647739j,
            0.16753525+0.28785056j,  0.5427715 -0.76768682j]],
         input_dims=(2, 2), output_dims=(2, 2))"
"Operator([[ 0.5427715 -0.76768682j,  0.16753525+0.28785056j,
           -0.06598022+0.02647739j, -0.00433579-0.0075367j ],
          [ 0.16753525+0.28785056j,  0.8534902 -0.07235098j,
            0.03674247+0.3859914j , -0.06598022+0.02647739j],
          [-0.06598022+0.02647739j,  0.03674247+0.3859914j ,
            0.8534902 -0.07235098j,  0.16753525+0.28785056j],
          [-0.00433579-0.0075367j , -0.06598022+0.02647739j,
            0.16753525+0.28785056j,  0.5427715 -0.76768682j]],
         input_dims=(2, 2), output_dims=(2, 2))"
"Operator([[ 0.5427715 -0.76768682j,  0.19761461+0.26809414j,
           -0.0587639 +0.04001557j, -0.0065114 -0.00576217j],
          [ 0.13549989+0.30424626j,  0.8534902 -0.07235098j,
            0.07817416+0.37977385j, -0.0587639 +0.04001557j],
          [-0.0701242 +0.01170631j, -0.00511819+0.38770243j,
            0.8534902 -0.07235098j,  0.19761461+0.26809414j],
          [-0.00170814-0.00852545j, -0.0701242 +0.01170631j,
            0.13549989+0.30424626j,  0.5427715 -0.76768682j]],
         input_dims=(2, 2), output_dims=(2, 2))"
"Operator([[ 0.5427715 -7.67686822e-01j,  0.06372426-3.26902468e-01j,
           -0.03490438-6.19364636e-02j, -0.00867595-5.73398014e-04j],
          [-0.31571734-1.06059246e-01j,  0.8534902 -7.23509793e-02j,
            0.22677238-3.14505421e-01j, -0.03490438-6.19364636e-02j],
          [ 0.01759274+6.88835025e-02j, -0.28203746-2.66071881e-01j,
            0.8534902 -7.23509793e-02j,  0.06372426-3.26902468e-01j],
          [ 0.0038655 -7.78837842e-03j,  0.01759274+6.88835025e-02j,
           -0.31571734-1.06059246e-01j,  0.5427715 -7.67686822e-01j]],
         input_dims=(2, 2), output_dims=(2, 2))"
"Operator([[ 0.5427715 -0.76768682j, -0.32017271+0.09173572j,
            0.07062921+0.0081213j , -0.00848131-0.00191531j],
          [ 0.23790775-0.23307919j,  0.8534902 -0.07235098j,
           -0.38319809-0.05914894j,  0.07062921+0.0081213j ],
          [ 0.04542265-0.05469208j,  0.36515641-0.1303847j ,
            0.8534902 -0.07235098j, -0.32017271+0.09173572j],
          [ 0.00260761-0.00829466j,  0.04542265-0.05469208j,
            0.23790775-0.23307919j,  0.5427715 -0.76768682j]],
         input_dims=(2, 2), output_dims=(2, 2))"
"Operator([[ 0.5427715 -0.76768682j,  0.16753525+0.28785056j,
           -0.06598022+0.02647739j, -0.00433579-0.0075367j ],
          [ 0.16753525+0.28785056j,  0.8534902 -0.07235098j,
            0.03674247+0.3859914j , -0.06598022+0.02647739j],
          [-0.06598022+0.02647739j,  0.03674247+0.3859914j ,
            0.8534902 -0.07235098j,  0.16753525+0.28785056j],
          [-0.00433579-0.0075367j , -0.06598022+0.02647739j,
            0.16753525+0.28785056j,  0.5427715 -0.76768682j]],
         input_dims=(2, 2), output_dims=(2, 2))"
