unitary
"Operator([[-0.70824248+0.19306771j,  0.45986671-0.19083743j,
           -0.14877125+0.39058953j, -0.19435292+0.02747767j],
          [ 0.45986671-0.19083743j,  0.18198795+0.20336148j,
           -0.00691707+0.70914545j, -0.14877125+0.39058953j],
          [-0.14877125+0.39058953j, -0.00691707+0.70914545j,
            0.18198795+0.20336148j,  0.45986671-0.19083743j],
          [-0.19435292+0.02747767j, -0.14877125+0.39058953j,
            0.45986671-0.19083743j, -0.70824248+0.19306771j]],
         input_dims=(2, 2), output_dims=(2, 2))"
"Operator([[-0.70824248+0.19306771j,  0.45986671-0.19083743j,
           -0.14877125+0.39058953j, -0.19435292+0.02747767j],
          [ 0.45986671-0.19083743j,  0.18198795+0.20336148j,
           -0.00691707+0.70914545j, -0.14877125+0.39058953j],
          [-0.14877125+0.39058953j, -0.00691707+0.70914545j,
            0.18198795+0.20336148j,  0.45986671-0.19083743j],
          [-0.19435292+0.02747767j, -0.14877125+0.39058953j,
            0.45986671-0.19083743j, -0.70824248+0.19306771j]],
         input_dims=(2, 2), output_dims=(2, 2))"
"Operator([[-0.70824248+0.19306771j, -0.02060682+0.49746525j,
            0.39440325-0.13834429j, -0.18025351+0.07769654j],
          [-0.36677544-0.33670772j,  0.18198795+0.20336148j,
           -0.64026207-0.30495836j,  0.39440325-0.13834429j],
          [-0.20242929-0.36567123j,  0.64608887-0.29241118j,
            0.18198795+0.20336148j, -0.02060682+0.49746525j],
          [-0.19472776-0.02468159j, -0.20242929-0.36567123j,
           -0.36677544-0.33670772j, -0.70824248+0.19306771j]],
         input_dims=(2, 2), output_dims=(2, 2))"
