unitary
"Operator([[-0.18022564-0.82166568j,  0.11304747-0.48616304j,
            0.0313882 -0.20027679j, -0.02097069-0.04140311j],
          [-0.40841605+0.28693302j,  0.59419143-0.02890261j,
            0.52474584-0.28374768j,  0.0313882 -0.20027679j],
          [ 0.20252133+0.00900685j, -0.58026504-0.13843207j,
            0.59419143-0.02890261j,  0.11304747-0.48616304j],
          [-0.04588964-0.00693747j,  0.20252133+0.00900685j,
           -0.40841605+0.28693302j, -0.18022564-0.82166568j]],
         input_dims=(2, 2), output_dims=(2, 2))"
"Operator([[-0.18022564-0.82166568j,  0.4137995 +0.27911324j,
           -0.15693415+0.12832648j, -0.03761045-0.02719267j],
          [ 0.4137995 +0.27911324j,  0.59419143-0.02890261j,
            0.07778015+0.59145684j, -0.15693415+0.12832648j],
          [-0.15693415+0.12832648j,  0.07778015+0.59145684j,
            0.59419143-0.02890261j,  0.4137995 +0.27911324j],
          [-0.03761045-0.02719267j, -0.15693415+0.12832648j,
            0.4137995 +0.27911324j, -0.18022564-0.82166568j]],
         input_dims=(2, 2), output_dims=(2, 2))"
"Operator([[-0.18022564-0.82166568j,  0.43004301-0.25337174j,
            0.19849865+0.04116188j,  0.04292466+0.01764825j],
          [-0.07382845+0.49364318j,  0.59419143-0.02890261j,
            0.56734422+0.18436779j,  0.19849865+0.04116188j],
          [-0.00092529-0.2027194j , -0.50038807+0.32478105j,
            0.59419143-0.02890261j,  0.43004301-0.25337174j],
          [ 0.03021252+0.03523055j, -0.00092529-0.2027194j ,
           -0.07382845+0.49364318j, -0.18022564-0.82166568j]],
         input_dims=(2, 2), output_dims=(2, 2))"
"Operator([[-0.18022564-0.82166568j,  0.4137995 +0.27911324j,
           -0.15693415+0.12832648j, -0.03761045-0.02719267j],
          [ 0.4137995 +0.27911324j,  0.59419143-0.02890261j,
            0.07778015+0.59145684j, -0.15693415+0.12832648j],
          [-0.15693415+0.12832648j,  0.07778015+0.59145684j,
            0.59419143-0.02890261j,  0.4137995 +0.27911324j],
          [-0.03761045-0.02719267j, -0.15693415+0.12832648j,
            0.4137995 +0.27911324j, -0.18022564-0.82166568j]],
         input_dims=(2, 2), output_dims=(2, 2))"
