unitary
"Operator([[ 9.41366246e-01-0.31421358j,  2.17999268e-02+0.12061082j,
           -8.70437146e-03+0.00114631j, -6.44524569e-05-0.00035699j],
          [ 2.17999268e-02+0.12061082j,  9.81660078e-01-0.03435118j,
            5.00604995e-03+0.14155967j, -8.70437146e-03+0.00114631j],
          [-8.70437146e-03+0.00114631j,  5.00604995e-03+0.14155967j,
            9.81660078e-01-0.03435118j,  2.17999268e-02+0.12061082j],
          [-6.44524569e-05-0.00035699j, -8.70437146e-03+0.00114631j,
            2.17999268e-02+0.12061082j,  9.41366246e-01-0.31421358j]],
         input_dims=(2, 2), output_dims=(2, 2))"
"Operator([[ 9.41366246e-01-0.31421358j,  2.17999268e-02+0.12061082j,
           -8.70437146e-03+0.00114631j, -6.44524569e-05-0.00035699j],
          [ 2.17999268e-02+0.12061082j,  9.81660078e-01-0.03435118j,
            5.00604995e-03+0.14155967j, -8.70437146e-03+0.00114631j],
          [-8.70437146e-03+0.00114631j,  5.00604995e-03+0.14155967j,
            9.81660078e-01-0.03435118j,  2.17999268e-02+0.12061082j],
          [-6.44524569e-05-0.00035699j, -8.70437146e-03+0.00114631j,
            2.17999268e-02+0.12061082j,  9.41366246e-01-0.31421358j]],
         input_dims=(2, 2), output_dims=(2, 2))"
"Operator([[ 9.41366246e-01-0.31421358j,  2.17999268e-02+0.12061082j,
           -8.70437146e-03+0.00114631j, -6.44524569e-05-0.00035699j],
          [ 2.17999268e-02+0.12061082j,  9.81660078e-01-0.03435118j,
            5.00604995e-03+0.14155967j, -8.70437146e-03+0.00114631j],
          [-8.70437146e-03+0.00114631j,  5.00604995e-03+0.14155967j,
            9.81660078e-01-0.03435118j,  2.17999268e-02+0.12061082j],
          [-6.44524569e-05-0.00035699j, -8.70437146e-03+0.00114631j,
            2.17999268e-02+0.12061082j,  9.41366246e-01-0.31421358j]],
         input_dims=(2, 2), output_dims=(2, 2))"
"Operator([[ 9.41366246e-01-0.31421358j,  2.17999268e-02+0.12061082j,
           -8.70437146e-03+0.00114631j, -6.44524569e-05-0.00035699j],
          [ 2.17999268e-02+0.12061082j,  9.81660078e-01-0.03435118j,
            5.00604995e-03+0.14155967j, -8.70437146e-03+0.00114631j],
          [-8.70437146e-03+0.00114631j,  5.00604995e-03+0.14155967j,
            9.81660078e-01-0.03435118j,  2.17999268e-02+0.12061082j],
          [-6.44524569e-05-0.00035699j, -8.70437146e-03+0.00114631j,
            2.17999268e-02+0.12061082j,  9.41366246e-01-0.31421358j]],
         input_dims=(2, 2), output_dims=(2, 2))"
"Operator([[ 9.41366246e-01-3.14213578e-01j,
            8.66631418e-02+8.66701016e-02j,
           -1.97392623e-03+8.55474821e-03j,
           -3.30121990e-04+1.50383761e-04j],
          [-5.08404654e-02+1.11523333e-01j,
            9.81660078e-01-3.43511799e-02j,
            8.48063700e-02+1.13455192e-01j,
           -1.97392623e-03+8.55474821e-03j],
          [-4.12141882e-03-7.75203255e-03j,
           -7.65801907e-02+1.19162391e-01j,
            9.81660078e-01-3.43511799e-02j,
            8.66631418e-02+8.66701016e-02j],
          [ 3.61867590e-04+2.54490034e-05j,
           -4.12141882e-03-7.75203255e-03j,
           -5.08404654e-02+1.11523333e-01j,
            9.41366246e-01-3.14213578e-01j]],
         input_dims=(2, 2), output_dims=(2, 2))"
"Operator([[ 9.41366246e-01-0.31421358j,  1.11624638e-01+0.05061765j,
            4.15234727e-03+0.00773551j, -2.32806260e-05+0.00036201j],
          [-8.68429938e-02+0.08648989j,  9.81660078e-01-0.03435118j,
            1.19315083e-01+0.07634207j,  4.15234727e-03+0.00773551j],
          [ 2.00807782e-03-0.0085468j , -1.13624323e-01+0.08457963j,
            9.81660078e-01-0.03435118j,  1.11624638e-01+0.05061765j],
          [ 1.48403327e-04+0.00033102j,  2.00807782e-03-0.0085468j ,
           -8.68429938e-02+0.08648989j,  9.41366246e-01-0.31421358j]],
         input_dims=(2, 2), output_dims=(2, 2))"
"Operator([[ 9.41366246e-01-3.14213578e-01j,
            1.22382205e-01+6.69347407e-03j,
            8.28867620e-03+2.89446863e-03j,
            3.14496690e-04+1.80797224e-04j],
          [-1.12295840e-01+4.91105990e-02j,
            9.81660078e-01-3.43511799e-02j,
            1.38877693e-01+2.78780801e-02j,
            8.28867620e-03+2.89446863e-03j],
          [ 7.25670713e-03-4.94169034e-03j,
           -1.36561500e-01+3.76185828e-02j,
            9.81660078e-01-3.43511799e-02j,
            1.22382205e-01+6.69347407e-03j],
          [-2.31418115e-04+2.79359017e-04j,
            7.25670713e-03-4.94169034e-03j,
           -1.12295840e-01+4.91105990e-02j,
            9.41366246e-01-3.14213578e-01j]],
         input_dims=(2, 2), output_dims=(2, 2))"
