unitary
"Operator([[ 0.59104213+0.42996398j, -0.32271621+0.31587084j,
           -0.01922692-0.31176973j, -0.35660184-0.19273072j],
          [ 0.26271052-0.36729188j, -0.11622474+0.10198692j,
            0.72545362+0.3851199j , -0.01922692-0.31176973j],
          [-0.12509269-0.28621995j, -0.78148172-0.25275803j,
           -0.11622474+0.10198692j, -0.32271621+0.31587084j],
          [ 0.40516725-0.01222711j, -0.12509269-0.28621995j,
            0.26271052-0.36729188j,  0.59104213+0.42996398j]],
         input_dims=(2, 2), output_dims=(2, 2))"
"Operator([[ 0.59104213+0.42996398j,  0.23489375-0.38567482j,
           -0.16585301-0.26469382j,  0.39257668-0.10096311j],
          [-0.3451431 +0.29119819j, -0.11622474+0.10198692j,
           -0.7980013 -0.19440735j, -0.16585301-0.26469382j],
          [ 0.02686494-0.31120462j,  0.69506005+0.43759779j,
           -0.11622474+0.10198692j,  0.23489375-0.38567482j],
          [-0.30553299-0.26638242j,  0.02686494-0.31120462j,
           -0.3451431 +0.29119819j,  0.59104213+0.42996398j]],
         input_dims=(2, 2), output_dims=(2, 2))"
"Operator([[ 0.59104213+0.42996398j,  0.26615039-0.36480695j,
           -0.11969157-0.28852031j,  0.40535091-0.00080143j],
          [-0.3197337 +0.31888948j, -0.11622474+0.10198692j,
           -0.77907203-0.26009051j, -0.11969157-0.28852031j],
          [-0.02508271-0.31135333j,  0.72904059+0.37828576j,
           -0.11622474+0.10198692j,  0.26615039-0.36480695j],
          [-0.36189282-0.18260228j, -0.02508271-0.31135333j,
           -0.3197337 +0.31888948j,  0.59104213+0.42996398j]],
         input_dims=(2, 2), output_dims=(2, 2))"
"Operator([[ 0.59104213+0.42996398j, -0.00442169-0.45155353j,
           -0.31071894+0.03199657j, -0.13954168-0.38057604j],
          [-0.44690195+0.06479806j, -0.11622474+0.10198692j,
           -0.78019322+0.2567077j , -0.31071894+0.03199657j],
          [ 0.29110927-0.11324943j,  0.35878646+0.7388319j ,
           -0.11622474+0.10198692j, -0.00442169-0.45155353j],
          [ 0.29547433-0.27749761j,  0.29110927-0.11324943j,
           -0.44690195+0.06479806j,  0.59104213+0.42996398j]],
         input_dims=(2, 2), output_dims=(2, 2))"
"Operator([[ 0.59104213+0.42996398j, -0.33428575+0.30360036j,
            0.00409338-0.31233521j, -0.33281623-0.23139438j],
          [ 0.24881266-0.37684533j, -0.11622474+0.10198692j,
            0.71056736+0.41193971j,  0.00409338-0.31233521j],
          [-0.14610382-0.27608643j, -0.79037469-0.22340129j,
           -0.11622474+0.10198692j, -0.33428575+0.30360036j],
          [ 0.40125949-0.0574528j , -0.14610382-0.27608643j,
            0.24881266-0.37684533j,  0.59104213+0.42996398j]],
         input_dims=(2, 2), output_dims=(2, 2))"
"Operator([[ 0.59104213+0.42996398j, -0.34289648-0.29384034j,
            0.07328189+0.30364421j, -0.09346142+0.39442992j],
          [-0.34289648-0.29384034j, -0.11622474+0.10198692j,
           -0.32016691+0.75636859j,  0.07328189+0.30364421j],
          [ 0.07328189+0.30364421j, -0.32016691+0.75636859j,
           -0.11622474+0.10198692j, -0.34289648-0.29384034j],
          [-0.09346142+0.39442992j,  0.07328189+0.30364421j,
           -0.34289648-0.29384034j,  0.59104213+0.42996398j]],
         input_dims=(2, 2), output_dims=(2, 2))"
"Operator([[ 0.59104213+0.42996398j, -0.34289648-0.29384034j,
            0.07328189+0.30364421j, -0.09346142+0.39442992j],
          [-0.34289648-0.29384034j, -0.11622474+0.10198692j,
           -0.32016691+0.75636859j,  0.07328189+0.30364421j],
          [ 0.07328189+0.30364421j, -0.32016691+0.75636859j,
           -0.11622474+0.10198692j, -0.34289648-0.29384034j],
          [-0.09346142+0.39442992j,  0.07328189+0.30364421j,
           -0.34289648-0.29384034j,  0.59104213+0.42996398j]],
         input_dims=(2, 2), output_dims=(2, 2))"
