unitary
"Operator([[ 0.84980762-4.89159468e-01j, -0.19394554+2.04672875e-02j,
            0.02239049+3.54967638e-03j, -0.00146513-3.96665763e-04j],
          [ 0.17353427-8.89923507e-02j,  0.95278545-5.20210443e-02j,
           -0.22385955-2.88595824e-02j,  0.02239049+3.54967638e-03j],
          [ 0.01896027-1.24274840e-02j,  0.21921592-5.37620297e-02j,
            0.95278545-5.20210443e-02j, -0.19394554+2.04672875e-02j],
          [ 0.00101116-1.13202861e-03j,  0.01896027-1.24274840e-02j,
            0.17353427-8.89923507e-02j,  0.84980762-4.89159468e-01j]],
         input_dims=(2, 2), output_dims=(2, 2))"
"Operator([[ 0.84980762-4.89159468e-01j, -0.17671469+8.24966803e-02j,
            0.0198291 -1.09882241e-02j, -0.0011306 +1.01275655e-03j],
          [ 0.19305326-2.76445157e-02j,  0.95278545-5.20210443e-02j,
           -0.22105861+4.55967570e-02j,  0.0198291 -1.09882241e-02j],
          [ 0.02259198+1.88062472e-03j,  0.2247757 +2.05392529e-02j,
            0.95278545-5.20210443e-02j, -0.17671469+8.24966803e-02j],
          [ 0.00150011+2.31535692e-04j,  0.02259198+1.88062472e-03j,
            0.19305326-2.76445157e-02j,  0.84980762-4.89159468e-01j]],
         input_dims=(2, 2), output_dims=(2, 2))"
"Operator([[ 8.49807622e-01-0.48915947j,  5.56732257e-02+0.18690713j,
           -2.21650333e-02+0.00475873j, -4.32099984e-04-0.00145507j],
          [ 5.56732257e-02+0.18690713j,  9.52785453e-01-0.05202104j,
            1.26658519e-02+0.2253565j , -2.21650333e-02+0.00475873j],
          [-2.21650333e-02+0.00475873j,  1.26658519e-02+0.2253565j ,
            9.52785453e-01-0.05202104j,  5.56732257e-02+0.18690713j],
          [-4.32099984e-04-0.00145507j, -2.21650333e-02+0.00475873j,
            5.56732257e-02+0.18690713j,  8.49807622e-01-0.48915947j]],
         input_dims=(2, 2), output_dims=(2, 2))"
"Operator([[ 8.49807622e-01-0.48915947j,  5.56732257e-02+0.18690713j,
           -2.21650333e-02+0.00475873j, -4.32099984e-04-0.00145507j],
          [ 5.56732257e-02+0.18690713j,  9.52785453e-01-0.05202104j,
            1.26658519e-02+0.2253565j , -2.21650333e-02+0.00475873j],
          [-2.21650333e-02+0.00475873j,  1.26658519e-02+0.2253565j ,
            9.52785453e-01-0.05202104j,  5.56732257e-02+0.18690713j],
          [-4.32099984e-04-0.00145507j, -2.21650333e-02+0.00475873j,
            5.56732257e-02+0.18690713j,  8.49807622e-01-0.48915947j]],
         input_dims=(2, 2), output_dims=(2, 2))"
"Operator([[ 0.84980762-4.89159468e-01j, -0.18804339+5.17055658e-02j,
            0.02234654-3.81659279e-03j, -0.00147955+3.38911188e-04j],
          [ 0.18568716-5.96159523e-02j,  0.95278545-5.20210443e-02j,
           -0.22557406+7.89418474e-03j,  0.02234654-3.81659279e-03j],
          [ 0.02194383-5.69233420e-03j,  0.22503801-1.74318467e-02j,
            0.95278545-5.20210443e-02j, -0.18804339+5.17055658e-02j],
          [ 0.00142472-5.23547656e-04j,  0.02194383-5.69233420e-03j,
            0.18568716-5.96159523e-02j,  0.84980762-4.89159468e-01j]],
         input_dims=(2, 2), output_dims=(2, 2))"
"Operator([[ 0.84980762-4.89159468e-01j,  0.01044089-1.94742831e-01j,
           -0.02016415-1.03605623e-02j, -0.00102406+1.12037613e-03j],
          [-0.11529916-1.57289182e-01j,  0.95278545-5.20210443e-02j,
            0.06387544-2.16485340e-01j, -0.02016415-1.03605623e-02j],
          [-0.01413446+1.77243085e-02j, -0.08773106-2.07964505e-01j,
            0.95278545-5.20210443e-02j,  0.01044089-1.94742831e-01j],
          [ 0.00146957+3.79863407e-04j, -0.01413446+1.77243085e-02j,
           -0.11529916-1.57289182e-01j,  0.84980762-4.89159468e-01j]],
         input_dims=(2, 2), output_dims=(2, 2))"
"Operator([[ 8.49807622e-01-0.48915947j,  5.78527093e-04-0.19502166j,
           -2.11076160e-02-0.00827059j, -8.42876608e-04+0.00126234j],
          [-1.07196803e-01-0.16291908j,  9.52785453e-01-0.05202104j,
            5.28450860e-02-0.21943876j, -2.11076160e-02-0.00827059j],
          [-1.58526559e-02+0.01620579j, -7.71011136e-02-0.21213532j,
            9.52785453e-01-0.05202104j,  5.78527093e-04-0.19502166j],
          [ 1.39523774e-03+0.0005977j , -1.58526559e-02+0.01620579j,
           -1.07196803e-01-0.16291908j,  8.49807622e-01-0.48915947j]],
         input_dims=(2, 2), output_dims=(2, 2))"
"Operator([[ 8.49807622e-01-0.48915947j, -1.63828291e-02-0.19433318j,
           -2.22213590e-02-0.00448836j, -4.88284660e-04+0.00143719j],
          [-9.26232057e-02-0.17162379j,  9.52785453e-01-0.05202104j,
            3.35624104e-02-0.22320291j, -2.22213590e-02-0.00448836j],
          [-1.84207431e-02+0.01321402j, -5.83616614e-02-0.21803644j,
            9.52785453e-01-0.05202104j, -1.63828291e-02-0.19433318j],
          [ 1.19355090e-03+0.00093775j, -1.84207431e-02+0.01321402j,
           -9.26232057e-02-0.17162379j,  8.49807622e-01-0.48915947j]],
         input_dims=(2, 2), output_dims=(2, 2))"
"Operator([[ 8.49807622e-01-0.48915947j, -1.83709382e-02-0.19415533j,
           -2.23085739e-02-0.00403258j, -4.43932466e-04+0.0014515j ],
          [-9.08618140e-02-0.17256278j,  9.52785453e-01-0.05202104j,
            3.12762084e-02-0.22353472j, -2.23085739e-02-0.00403258j],
          [-1.86873563e-02+0.01283421j, -5.61270384e-02-0.21862235j,
            9.52785453e-01-0.05202104j, -1.83709382e-02-0.19415533j],
          [ 1.16419920e-03+0.00097395j, -1.86873563e-02+0.01283421j,
           -9.08618140e-02-0.17256278j,  8.49807622e-01-0.48915947j]],
         input_dims=(2, 2), output_dims=(2, 2))"
"Operator([[ 8.49807622e-01-0.48915947j,  5.56732257e-02+0.18690713j,
           -2.21650333e-02+0.00475873j, -4.32099984e-04-0.00145507j],
          [ 5.56732257e-02+0.18690713j,  9.52785453e-01-0.05202104j,
            1.26658519e-02+0.2253565j , -2.21650333e-02+0.00475873j],
          [-2.21650333e-02+0.00475873j,  1.26658519e-02+0.2253565j ,
            9.52785453e-01-0.05202104j,  5.56732257e-02+0.18690713j],
          [-4.32099984e-04-0.00145507j, -2.21650333e-02+0.00475873j,
            5.56732257e-02+0.18690713j,  8.49807622e-01-0.48915947j]],
         input_dims=(2, 2), output_dims=(2, 2))"
"Operator([[ 0.84980762-4.89159468e-01j,  0.02903316-1.92849314e-01j,
           -0.01782041-1.40131030e-02j, -0.00129979+7.83894728e-04j],
          [-0.12982503-1.45530907e-01j,  0.95278545-5.20210443e-02j,
            0.0843035 -2.09377396e-01j, -0.01782041-1.40131030e-02j],
          [-0.01049801+2.00929318e-02j, -0.107234  -1.98612294e-01j,
            0.95278545-5.20210443e-02j,  0.02903316-1.92849314e-01j],
          [ 0.00151696-5.25720477e-05j, -0.01049801+2.00929318e-02j,
           -0.12982503-1.45530907e-01j,  0.84980762-4.89159468e-01j]],
         input_dims=(2, 2), output_dims=(2, 2))"
"Operator([[ 0.84980762-4.89159468e-01j,  0.05758933-1.86325661e-01j,
           -0.01287069-1.86622471e-02j, -0.0015115 +1.38956696e-04j],
          [-0.15015727-1.24445070e-01j,  0.95278545-5.20210443e-02j,
            0.1147117 -1.94389299e-01j, -0.01287069-1.86622471e-02j],
          [-0.00407616+2.23006531e-02j, -0.13577123-1.80311250e-01j,
            0.95278545-5.20210443e-02j,  0.05758933-1.86325661e-01j],
          [ 0.00134236-7.08529468e-04j, -0.00407616+2.23006531e-02j,
           -0.15015727-1.24445070e-01j,  0.84980762-4.89159468e-01j]],
         input_dims=(2, 2), output_dims=(2, 2))"
"Operator([[ 8.49807622e-01-0.48915947j,  1.17597322e-01-0.15557844j,
            2.06489226e-03-0.02257588j, -8.81964601e-04-0.00123534j],
          [-1.83560380e-01-0.06587389j,  9.52785453e-01-0.05202104j,
            1.74051581e-01-0.14370811j,  2.06489226e-03-0.02257588j],
          [ 1.11496459e-02+0.01973878j, -1.89058406e-01-0.12330001j,
            9.52785453e-01-0.05202104j,  1.17597322e-01-0.15557844j],
          [ 6.47750096e-05-0.00151649j,  1.11496459e-02+0.01973878j,
           -1.83560380e-01-0.06587389j,  8.49807622e-01-0.48915947j]],
         input_dims=(2, 2), output_dims=(2, 2))"
