unitary
"Operator([[ 8.60421815e-01-0.47311191j,  5.17573063e-02+0.18087494j,
           -2.06130761e-02+0.00425699j, -3.72237781e-04-0.0013045j ],
          [ 5.17573063e-02+0.18087494j,  9.56148263e-01-0.05048357j,
            1.17880916e-02+0.21738299j, -2.06130761e-02+0.00425699j],
          [-2.06130761e-02+0.00425699j,  1.17880916e-02+0.21738299j,
            9.56148263e-01-0.05048357j,  5.17573063e-02+0.18087494j],
          [-3.72237781e-04-0.0013045j , -2.06130761e-02+0.00425699j,
            5.17573063e-02+0.18087494j,  8.60421815e-01-0.47311191j]],
         input_dims=(2, 2), output_dims=(2, 2))"
"Operator([[ 0.86042181-4.73111906e-01j,  0.11908759+1.45645841e-01j,
           -0.01106824+1.79029280e-02j, -0.00135299-9.85436398e-05j],
          [-0.02401693+1.86595153e-01j,  0.95614826-5.04835675e-02j,
            0.09682097+1.94987237e-01j, -0.01106824+1.79029280e-02j],
          [-0.01725485-1.20536741e-02j, -0.07516796+2.04313731e-01j,
            0.95614826-5.04835675e-02j,  0.11908759+1.45645841e-01j],
          [ 0.00109724-7.97713264e-04j, -0.01725485-1.20536741e-02j,
           -0.02401693+1.86595153e-01j,  0.86042181-4.73111906e-01j]],
         input_dims=(2, 2), output_dims=(2, 2))"
"Operator([[ 8.60421815e-01-4.73111906e-01j,
            1.56889546e-01+1.03827908e-01j,
            1.00593215e-03+2.10240093e-02j,
           -9.15927169e-04+1.00068333e-03j],
          [-7.82179178e-02+1.71103832e-01j,
            9.56148263e-01-5.04835675e-02j,
            1.50239946e-01+1.57550885e-01j,
            1.00593215e-03+2.10240093e-02j],
          [-7.40486350e-03-1.97025091e-02j,
           -1.32321928e-01+1.72873452e-01j,
            9.56148263e-01-5.04835675e-02j,
            1.56889546e-01+1.03827908e-01j],
          [ 1.30608906e-03+3.66634780e-04j,
           -7.40486350e-03-1.97025091e-02j,
           -7.82179178e-02+1.71103832e-01j,
            8.60421815e-01-4.73111906e-01j]],
         input_dims=(2, 2), output_dims=(2, 2))"
"Operator([[ 8.60421815e-01-0.47311191j,  1.76519587e-01+0.06507995j,
            1.02862793e-02+0.01836337j, -6.37550719e-05+0.00135507j],
          [-1.15373679e-01+0.14860511j,  9.56148263e-01-0.05048357j,
            1.82367906e-01+0.11889605j,  1.02862793e-02+0.01836337j],
          [ 2.17024247e-03-0.02093588j, -1.68441494e-01+0.13791949j,
            9.56148263e-01-0.05048357j,  1.76519587e-01+0.06507995j],
          [ 7.69263646e-04+0.00111737j,  2.17024247e-03-0.02093588j,
           -1.15373679e-01+0.14860511j,  8.60421815e-01-0.47311191j]],
         input_dims=(2, 2), output_dims=(2, 2))"
"Operator([[ 8.60421815e-01-0.47311191j,  5.17573063e-02+0.18087494j,
           -2.06130761e-02+0.00425699j, -3.72237781e-04-0.0013045j ],
          [ 5.17573063e-02+0.18087494j,  9.56148263e-01-0.05048357j,
            1.17880916e-02+0.21738299j, -2.06130761e-02+0.00425699j],
          [-2.06130761e-02+0.00425699j,  1.17880916e-02+0.21738299j,
            9.56148263e-01-0.05048357j,  5.17573063e-02+0.18087494j],
          [-3.72237781e-04-0.0013045j , -2.06130761e-02+0.00425699j,
            5.17573063e-02+0.18087494j,  8.60421815e-01-0.47311191j]],
         input_dims=(2, 2), output_dims=(2, 2))"
"Operator([[ 0.86042181-4.73111906e-01j,  0.17986003-5.51809284e-02j,
            0.02043666-5.03624021e-03j,  0.0012812 -4.45875879e-04j],
          [-0.1818247 +4.83150381e-02j,  0.95614826-5.04835675e-02j,
            0.2171201 -1.59118237e-02j,  0.02043666-5.03624021e-03j],
          [ 0.02075979-3.47160531e-03j, -0.21756757+7.66011274e-03j,
            0.95614826-5.04835675e-02j,  0.17986003-5.51809284e-02j],
          [-0.00132357+2.97393052e-04j,  0.02075979-3.47160531e-03j,
           -0.1818247 +4.83150381e-02j,  0.86042181-4.73111906e-01j]],
         input_dims=(2, 2), output_dims=(2, 2))"
"Operator([[ 0.86042181-4.73111906e-01j,  0.01407811-1.87606959e-01j,
           -0.01843549-1.01564622e-02j, -0.00095679+9.61687430e-04j],
          [-0.11118842-1.51761981e-01j,  0.95614826-5.04835675e-02j,
            0.06421647-2.08015787e-01j, -0.01843549-1.01564622e-02j],
          [-0.01290386+1.66286291e-02j, -0.08633403-1.99851841e-01j,
            0.95614826-5.04835675e-02j,  0.01407811-1.87606959e-01j],
          [ 0.00132022+3.11946728e-04j, -0.01290386+1.66286291e-02j,
           -0.11118842-1.51761981e-01j,  0.86042181-4.73111906e-01j]],
         input_dims=(2, 2), output_dims=(2, 2))"
"Operator([[ 8.60421815e-01-4.73111906e-01j,
            7.46976966e-03-1.87986081e-01j,
           -1.91039832e-02-8.83508311e-03j,
           -8.50141520e-04+1.05714195e-03j],
          [-1.05780929e-01-1.55579430e-01j,
            9.56148263e-01-5.04835675e-02j,
            5.68591568e-02-2.10146042e-01j,
           -1.91039832e-02-8.83508311e-03j],
          [-1.40411195e-02+1.56801731e-02j,
           -7.92502167e-02-2.02765199e-01j,
            9.56148263e-01-5.04835675e-02j,
            7.46976966e-03-1.87986081e-01j],
          [ 1.28000456e-03+4.49308392e-04j,
           -1.40411195e-02+1.56801731e-02j,
           -1.05780929e-01-1.55579430e-01j,
            8.60421815e-01-4.73111906e-01j]],
         input_dims=(2, 2), output_dims=(2, 2))"
"Operator([[ 8.60421815e-01-0.47311191j,  5.17573063e-02+0.18087494j,
           -2.06130761e-02+0.00425699j, -3.72237781e-04-0.0013045j ],
          [ 5.17573063e-02+0.18087494j,  9.56148263e-01-0.05048357j,
            1.17880916e-02+0.21738299j, -2.06130761e-02+0.00425699j],
          [-2.06130761e-02+0.00425699j,  1.17880916e-02+0.21738299j,
            9.56148263e-01-0.05048357j,  5.17573063e-02+0.18087494j],
          [-3.72237781e-04-0.0013045j , -2.06130761e-02+0.00425699j,
            5.17573063e-02+0.18087494j,  8.60421815e-01-0.47311191j]],
         input_dims=(2, 2), output_dims=(2, 2))"
