unitary
"Operator([[ 9.41366246e-01-3.14213578e-01j,
           -1.14349698e-01+4.41174947e-02j,
            7.66339584e-03-4.28397781e-03j,
           -2.66213088e-04+2.46427263e-04j],
          [ 1.22558246e-01+1.29732452e-03j,
            9.81660078e-01-3.43511799e-02j,
           -1.38085711e-01+3.15679798e-02j,
            7.66339584e-03-4.28397781e-03j],
          [ 8.51121950e-03+2.15389051e-03j,
            1.39970690e-01+2.17349234e-02j,
            9.81660078e-01-3.43511799e-02j,
           -1.14349698e-01+4.41174947e-02j],
          [ 3.35578995e-04+1.37777147e-04j,
            8.51121950e-03+2.15389051e-03j,
            1.22558246e-01+1.29732452e-03j,
            9.41366246e-01-3.14213578e-01j]],
         input_dims=(2, 2), output_dims=(2, 2))"
"Operator([[ 9.41366246e-01-0.31421358j, -1.14633577e-01-0.04337453j,
            5.10587054e-03+0.00714214j, -4.62312207e-05-0.0003598j ],
          [ 9.21970528e-02-0.08075834j,  9.81660078e-01-0.03435118j,
           -1.23953602e-01-0.0685544j ,  5.10587054e-03+0.00714214j],
          [ 3.08271170e-03-0.00822052j,  1.18801367e-01-0.07713907j,
            9.81660078e-01-0.03435118j, -1.14633577e-01-0.04337453j],
          [-8.25072036e-05-0.00035325j,  3.08271170e-03-0.00822052j,
            9.21970528e-02-0.08075834j,  9.41366246e-01-0.31421358j]],
         input_dims=(2, 2), output_dims=(2, 2))"
"Operator([[ 9.41366246e-01-3.14213578e-01j,
           -1.07334368e-01+5.91738134e-02j,
            6.23533405e-03-6.18067238e-03j,
           -1.46955994e-04+3.31662087e-04j],
          [ 1.21257340e-01+1.78567699e-02j,
            9.81660078e-01-3.43511799e-02j,
           -1.32549252e-01+4.99489413e-02j,
            6.23533405e-03-6.18067238e-03j],
          [ 7.62289471e-03+4.35563750e-03j,
            1.35746469e-01+4.04610570e-02j,
            9.81660078e-01-3.43511799e-02j,
           -1.07334368e-01+5.91738134e-02j],
          [ 2.53656904e-04+2.59333722e-04j,
            7.62289471e-03+4.35563750e-03j,
            1.21257340e-01+1.78567699e-02j,
            9.41366246e-01-3.14213578e-01j]],
         input_dims=(2, 2), output_dims=(2, 2))"
"Operator([[ 9.41366246e-01-0.31421358j,  2.17999268e-02+0.12061082j,
           -8.70437146e-03+0.00114631j, -6.44524569e-05-0.00035699j],
          [ 2.17999268e-02+0.12061082j,  9.81660078e-01-0.03435118j,
            5.00604995e-03+0.14155967j, -8.70437146e-03+0.00114631j],
          [-8.70437146e-03+0.00114631j,  5.00604995e-03+0.14155967j,
            9.81660078e-01-0.03435118j,  2.17999268e-02+0.12061082j],
          [-6.44524569e-05-0.00035699j, -8.70437146e-03+0.00114631j,
            2.17999268e-02+0.12061082j,  9.41366246e-01-0.31421358j]],
         input_dims=(2, 2), output_dims=(2, 2))"
"Operator([[ 9.41366246e-01-0.31421358j,  2.17999268e-02+0.12061082j,
           -8.70437146e-03+0.00114631j, -6.44524569e-05-0.00035699j],
          [ 2.17999268e-02+0.12061082j,  9.81660078e-01-0.03435118j,
            5.00604995e-03+0.14155967j, -8.70437146e-03+0.00114631j],
          [-8.70437146e-03+0.00114631j,  5.00604995e-03+0.14155967j,
            9.81660078e-01-0.03435118j,  2.17999268e-02+0.12061082j],
          [-6.44524569e-05-0.00035699j, -8.70437146e-03+0.00114631j,
            2.17999268e-02+0.12061082j,  9.41366246e-01-0.31421358j]],
         input_dims=(2, 2), output_dims=(2, 2))"
"Operator([[ 9.41366246e-01-0.31421358j, -1.00830547e-01+0.06968075j,
            4.87053724e-03-0.00730465j, -4.14470720e-05+0.00036039j],
          [ 1.18843042e-01+0.02997562j,  9.81660078e-01-0.03435118j,
           -1.26846150e-01+0.06304169j,  4.87053724e-03-0.00730465j],
          [ 6.59562527e-03+0.00579464j,  1.30982469e-01+0.05392396j,
            9.81660078e-01-0.03435118j, -1.00830547e-01+0.06968075j],
          [ 1.64853642e-04+0.00032314j,  6.59562527e-03+0.00579464j,
            1.18843042e-01+0.02997562j,  9.41366246e-01-0.31421358j]],
         input_dims=(2, 2), output_dims=(2, 2))"
"Operator([[ 9.41366246e-01-0.31421358j,  2.17999268e-02+0.12061082j,
           -8.70437146e-03+0.00114631j, -6.44524569e-05-0.00035699j],
          [ 2.17999268e-02+0.12061082j,  9.81660078e-01-0.03435118j,
            5.00604995e-03+0.14155967j, -8.70437146e-03+0.00114631j],
          [-8.70437146e-03+0.00114631j,  5.00604995e-03+0.14155967j,
            9.81660078e-01-0.03435118j,  2.17999268e-02+0.12061082j],
          [-6.44524569e-05-0.00035699j, -8.70437146e-03+0.00114631j,
            2.17999268e-02+0.12061082j,  9.41366246e-01-0.31421358j]],
         input_dims=(2, 2), output_dims=(2, 2))"
"Operator([[ 9.41366246e-01-0.31421358j, -9.78449154e-02+0.07381449j,
            4.24653600e-03-0.00768421j,  3.74235857e-06+0.00036274j],
          [ 1.17493355e-01+0.03489295j,  9.81660078e-01-0.03435118j,
           -1.24114154e-01+0.0682633j ,  4.24653600e-03-0.00768421j],
          [ 6.09116416e-03+0.0063228j ,  1.28626145e-01+0.05932551j,
            9.81660078e-01-0.03435118j, -9.78449154e-02+0.07381449j],
          [ 1.23341174e-04+0.00034115j,  6.09116416e-03+0.0063228j ,
            1.17493355e-01+0.03489295j,  9.41366246e-01-0.31421358j]],
         input_dims=(2, 2), output_dims=(2, 2))"
"Operator([[ 9.41366246e-01-0.31421358j, -9.31516061e-02+0.07965541j,
            3.27748491e-03-0.00814483j,  6.98450758e-05+0.00035597j],
          [ 1.15141647e-01+0.04200724j,  9.81660078e-01-0.03435118j,
           -1.19710964e-01+0.07571979j,  3.27748491e-03-0.00814483j],
          [ 5.27440548e-03+0.0070186j ,  1.24760671e-01+0.06707441j,
            9.81660078e-01-0.03435118j, -9.31516061e-02+0.07965541j],
          [ 5.90450897e-05+0.00035792j,  5.27440548e-03+0.0070186j ,
            1.15141647e-01+0.04200724j,  9.41366246e-01-0.31421358j]],
         input_dims=(2, 2), output_dims=(2, 2))"
"Operator([[ 9.41366246e-01-0.31421358j, -8.67298078e-02+0.08660339j,
            1.98571592e-03-0.00855202j,  1.49700897e-04+0.00033043j],
          [ 1.11558345e-01+0.05076359j,  9.81660078e-01-0.03435118j,
           -1.13513612e-01+0.08472816j,  1.98571592e-03-0.00855202j],
          [ 4.13210004e-03+0.00774634j,  1.19215140e-01+0.07649805j,
            9.81660078e-01-0.03435118j, -8.67298078e-02+0.08660339j],
          [-2.47007708e-05+0.00036192j,  4.13210004e-03+0.00774634j,
            1.11558345e-01+0.05076359j,  9.41366246e-01-0.31421358j]],
         input_dims=(2, 2), output_dims=(2, 2))"
"Operator([[ 9.41366246e-01-0.31421358j,  2.17999268e-02+0.12061082j,
           -8.70437146e-03+0.00114631j, -6.44524569e-05-0.00035699j],
          [ 2.17999268e-02+0.12061082j,  9.81660078e-01-0.03435118j,
            5.00604995e-03+0.14155967j, -8.70437146e-03+0.00114631j],
          [-8.70437146e-03+0.00114631j,  5.00604995e-03+0.14155967j,
            9.81660078e-01-0.03435118j,  2.17999268e-02+0.12061082j],
          [-6.44524569e-05-0.00035699j, -8.70437146e-03+0.00114631j,
            2.17999268e-02+0.12061082j,  9.41366246e-01-0.31421358j]],
         input_dims=(2, 2), output_dims=(2, 2))"
"Operator([[ 9.41366246e-01-0.31421358j,  2.17999268e-02+0.12061082j,
           -8.70437146e-03+0.00114631j, -6.44524569e-05-0.00035699j],
          [ 2.17999268e-02+0.12061082j,  9.81660078e-01-0.03435118j,
            5.00604995e-03+0.14155967j, -8.70437146e-03+0.00114631j],
          [-8.70437146e-03+0.00114631j,  5.00604995e-03+0.14155967j,
            9.81660078e-01-0.03435118j,  2.17999268e-02+0.12061082j],
          [-6.44524569e-05-0.00035699j, -8.70437146e-03+0.00114631j,
            2.17999268e-02+0.12061082j,  9.41366246e-01-0.31421358j]],
         input_dims=(2, 2), output_dims=(2, 2))"
"Operator([[ 9.41366246e-01-3.14213578e-01j,
            1.17924515e-01-3.34068180e-02j,
            8.31874081e-03-2.80689384e-03j,
            3.23369990e-04-1.64400894e-04j],
          [-1.22157543e-01+9.98706067e-03j,
            9.81660078e-01-3.43511799e-02j,
            1.40404885e-01-1.87261637e-02j,
            8.31874081e-03-2.80689384e-03j],
          [ 8.76180884e-03+5.57501118e-04j,
           -1.41376941e-01-8.76136310e-03j,
            9.81660078e-01-3.43511799e-02j,
            1.17924515e-01-3.34068180e-02j],
          [-3.60443524e-04-4.09422778e-05j,
            8.76180884e-03+5.57501118e-04j,
           -1.22157543e-01+9.98706067e-03j,
            9.41366246e-01-3.14213578e-01j]],
         input_dims=(2, 2), output_dims=(2, 2))"
"Operator([[ 9.41366246e-01-3.14213578e-01j,
            8.02727834e-02-9.26201215e-02j,
            7.37497508e-04-8.74849696e-03j,
           -2.17063158e-04-2.90653384e-04j],
          [-1.07616057e-01-5.86599595e-02j,
            9.81660078e-01-3.43511799e-02j,
            1.07122093e-01-9.26771721e-02j,
            7.37497508e-04-8.74849696e-03j],
          [ 2.97730687e-03+8.25928238e-03j,
           -1.13401095e-01-8.48786933e-02j,
            9.81660078e-01-3.43511799e-02j,
            8.02727834e-02-9.26201215e-02j],
          [ 1.01720404e-04-3.48207932e-04j,
            2.97730687e-03+8.25928238e-03j,
           -1.07616057e-01-5.86599595e-02j,
            9.41366246e-01-3.14213578e-01j]],
         input_dims=(2, 2), output_dims=(2, 2))"
