unitary
"Operator([[-0.60522005-0.48632716j,  0.52673153+0.11560201j,
           -0.19033372+0.24549619j, -0.09491548-0.02967172j],
          [ 0.52673153+0.11560201j,  0.39143586+0.06411884j,
            0.0737448 +0.67076316j, -0.19033372+0.24549619j],
          [-0.19033372+0.24549619j,  0.0737448 +0.67076316j,
            0.39143586+0.06411884j,  0.52673153+0.11560201j],
          [-0.09491548-0.02967172j, -0.19033372+0.24549619j,
            0.52673153+0.11560201j, -0.60522005-0.48632716j]],
         input_dims=(2, 2), output_dims=(2, 2))"
"Operator([[-0.60522005-0.48632716j, -0.14295712+0.51997422j,
            0.21490627-0.22430024j, -0.04412698+0.08911885j],
          [ 0.08793129-0.53205076j,  0.39143586+0.06411884j,
           -0.67369944+0.03860797j,  0.21490627-0.22430024j],
          [ 0.163684  -0.26401298j,  0.66599557-0.1086803j ,
            0.39143586+0.06411884j, -0.14295712+0.51997422j],
          [ 0.01448871-0.09838413j,  0.163684  -0.26401298j,
            0.08793129-0.53205076j, -0.60522005-0.48632716j]],
         input_dims=(2, 2), output_dims=(2, 2))"
"Operator([[-0.60522005-0.48632716j,  0.52673153+0.11560201j,
           -0.19033372+0.24549619j, -0.09491548-0.02967172j],
          [ 0.52673153+0.11560201j,  0.39143586+0.06411884j,
            0.0737448 +0.67076316j, -0.19033372+0.24549619j],
          [-0.19033372+0.24549619j,  0.0737448 +0.67076316j,
            0.39143586+0.06411884j,  0.52673153+0.11560201j],
          [-0.09491548-0.02967172j, -0.19033372+0.24549619j,
            0.52673153+0.11560201j, -0.60522005-0.48632716j]],
         input_dims=(2, 2), output_dims=(2, 2))"
"Operator([[-0.60522005-0.48632716j,  0.48925193-0.22680933j,
            0.18570449+0.24901636j,  0.00761307+0.09915342j],
          [ 0.34930503+0.41084781j,  0.39143586+0.06411884j,
            0.46471125+0.48929026j,  0.18570449+0.24901636j],
          [-0.28743144-0.11780693j, -0.34730947+0.57856516j,
            0.39143586+0.06411884j,  0.48925193-0.22680933j],
          [ 0.06273165-0.07716282j, -0.28743144-0.11780693j,
            0.34930503+0.41084781j, -0.60522005-0.48632716j]],
         input_dims=(2, 2), output_dims=(2, 2))"
