unitary
"Operator([[ 8.86340847e-01-4.30335148e-01j,
           -1.69878743e-01+7.70552248e-03j,
            1.66600792e-02+3.85502078e-03j,
           -9.25430150e-04-3.54582229e-04j],
          [ 1.52676263e-01-7.48873882e-02j,
            9.64342661e-01-4.62886825e-02j,
           -1.94298474e-01-3.06285999e-02j,
            1.66600792e-02+3.85502078e-03j],
          [ 1.41712633e-02-9.57051313e-03j,
            1.90369958e-01-4.94902712e-02j,
            9.64342661e-01-4.62886825e-02j,
           -1.69878743e-01+7.70552248e-03j],
          [ 6.41943751e-04-7.55021683e-04j,
            1.41712633e-02-9.57051313e-03j,
            1.52676263e-01-7.48873882e-02j,
            8.86340847e-01-4.30335148e-01j]],
         input_dims=(2, 2), output_dims=(2, 2))"
"Operator([[ 8.86340847e-01-4.30335148e-01j,
           -1.55402356e-01+6.90526613e-02j,
            1.48548751e-02-8.47066166e-03j,
           -7.23406351e-04+6.77371960e-04j],
          [ 1.69465153e-01-1.41323851e-02j,
            9.64342661e-01-4.62886825e-02j,
           -1.92107369e-01+4.22465009e-02j,
            1.48548751e-02-8.47066166e-03j],
          [ 1.69040354e-02+2.58321740e-03j,
            1.95318878e-01+2.32496040e-02j,
            9.64342661e-01-4.62886825e-02j,
           -1.55402356e-01+6.90526613e-02j],
          [ 9.59664386e-04+2.47373779e-04j,
            1.69040354e-02+2.58321740e-03j,
            1.69465153e-01-1.41323851e-02j,
            8.86340847e-01-4.30335148e-01j]],
         input_dims=(2, 2), output_dims=(2, 2))"
"Operator([[ 8.86340847e-01-0.43033515j, -1.25642301e-01+0.1145957j ,
            6.81547556e-03-0.01568339j,  1.43849849e-04+0.00098054j],
          [ 1.65255692e-01+0.04010883j,  9.64342661e-01-0.04628868j,
           -1.68934425e-01+0.10075301j,  6.81547556e-03-0.01568339j],
          [ 1.19841681e-02+0.01219833j,  1.77980900e-01+0.0837425j ,
            9.64342661e-01-0.04628868j, -1.25642301e-01+0.1145957j ],
          [ 3.44103807e-04+0.00092938j,  1.19841681e-02+0.01219833j,
            1.65255692e-01+0.04010883j,  8.86340847e-01-0.43033515j]],
         input_dims=(2, 2), output_dims=(2, 2))"
"Operator([[ 8.86340847e-01-0.43033515j,  4.21826807e-02+0.16473853j,
           -1.68138086e-02+0.00311693j, -2.45314235e-04-0.00096019j],
          [ 4.21826807e-02+0.16473853j,  9.64342661e-01-0.04628868j,
            9.63322217e-03+0.19646172j, -1.68138086e-02+0.00311693j],
          [-1.68138086e-02+0.00311693j,  9.63322217e-03+0.19646172j,
            9.64342661e-01-0.04628868j,  4.21826807e-02+0.16473853j],
          [-2.45314235e-04-0.00096019j, -1.68138086e-02+0.00311693j,
            4.21826807e-02+0.16473853j,  8.86340847e-01-0.43033515j]],
         input_dims=(2, 2), output_dims=(2, 2))"
"Operator([[ 8.86340847e-01-4.30335148e-01j,
           -7.94295355e-02+1.50363264e-01j,
           -4.73833915e-03-1.64306898e-02j,
            9.16969214e-04+3.75921509e-04j],
          [ 1.41920096e-01+9.36848374e-02j,
            9.64342661e-01-4.62886825e-02j,
           -1.24851667e-01+1.51993649e-01j,
           -4.73833915e-03-1.64306898e-02j],
          [ 1.46593769e-03+1.70373252e-02j,
            1.39122582e-01+1.39050046e-01j,
            9.64342661e-01-4.62886825e-02j,
           -7.94295355e-02+1.50363264e-01j],
          [-6.24284064e-04+7.69687553e-04j,
            1.46593769e-03+1.70373252e-02j,
            1.41920096e-01+9.36848374e-02j,
            8.86340847e-01-4.30335148e-01j]],
         input_dims=(2, 2), output_dims=(2, 2))"
"Operator([[ 8.86340847e-01-0.43033515j, -8.40879223e-02+0.1478086j ,
           -3.70304566e-03-0.01669452j,  8.77760064e-04+0.00046009j],
          [ 1.44777424e-01+0.08920572j,  9.64342661e-01-0.04628868j,
           -1.29538817e-01+0.14801927j, -3.70304566e-03-0.01669452j],
          [ 2.52700471e-03+0.01691253j,  1.43398426e-01+0.13463617j,
            9.64342661e-01-0.04628868j, -8.40879223e-02+0.1478086j ],
          [-5.49505477e-04+0.00082474j,  2.52700471e-03+0.01691253j,
            1.44777424e-01+0.08920572j,  8.86340847e-01-0.43033515j]],
         input_dims=(2, 2), output_dims=(2, 2))"
"Operator([[ 8.86340847e-01-0.43033515j, -1.06125724e-01+0.13287397j,
            1.62445109e-03-0.01702294j,  5.74111066e-04+0.0008078j ],
          [ 1.56925522e-01+0.0655175j ,  9.64342661e-01-0.04628868j,
           -1.51052555e-01+0.12598862j,  1.62445109e-03-0.01702294j],
          [ 7.61822420e-03+0.01530954j,  1.62653661e-01+0.11060649j,
            9.64342661e-01-0.04628868j, -1.06125724e-01+0.13287397j],
          [-1.16285254e-04+0.00098419j,  7.61822420e-03+0.01530954j,
            1.56925522e-01+0.0655175j ,  8.86340847e-01-0.43033515j]],
         input_dims=(2, 2), output_dims=(2, 2))"
"Operator([[ 8.86340847e-01-0.43033515j,  4.21826807e-02+0.16473853j,
           -1.68138086e-02+0.00311693j, -2.45314235e-04-0.00096019j],
          [ 4.21826807e-02+0.16473853j,  9.64342661e-01-0.04628868j,
            9.63322217e-03+0.19646172j, -1.68138086e-02+0.00311693j],
          [-1.68138086e-02+0.00311693j,  9.63322217e-03+0.19646172j,
            9.64342661e-01-0.04628868j,  4.21826807e-02+0.16473853j],
          [-2.45314235e-04-0.00096019j, -1.68138086e-02+0.00311693j,
            4.21826807e-02+0.16473853j,  8.86340847e-01-0.43033515j]],
         input_dims=(2, 2), output_dims=(2, 2))"
"Operator([[ 8.86340847e-01-0.43033515j, -1.49703961e-01+0.08066527j,
            1.33992070e-02-0.01062453j, -5.51368666e-04+0.00082349j],
          [ 1.70049104e-01-0.00121018j,  9.64342661e-01-0.04628868j,
           -1.88340364e-01+0.05672667j,  1.33992070e-02-0.01062453j],
          [ 1.63171272e-02+0.00511574j,  1.92986566e-01+0.03802885j,
            9.64342661e-01-0.04628868j, -1.49703961e-01+0.08066527j],
          [ 8.78798016e-04+0.00045811j,  1.63171272e-02+0.00511574j,
            1.70049104e-01-0.00121018j,  8.86340847e-01-0.43033515j]],
         input_dims=(2, 2), output_dims=(2, 2))"
"Operator([[ 8.86340847e-01-0.43033515j,  4.21826807e-02+0.16473853j,
           -1.68138086e-02+0.00311693j, -2.45314235e-04-0.00096019j],
          [ 4.21826807e-02+0.16473853j,  9.64342661e-01-0.04628868j,
            9.63322217e-03+0.19646172j, -1.68138086e-02+0.00311693j],
          [-1.68138086e-02+0.00311693j,  9.63322217e-03+0.19646172j,
            9.64342661e-01-0.04628868j,  4.21826807e-02+0.16473853j],
          [-2.45314235e-04-0.00096019j, -1.68138086e-02+0.00311693j,
            4.21826807e-02+0.16473853j,  8.86340847e-01-0.43033515j]],
         input_dims=(2, 2), output_dims=(2, 2))"
"Operator([[ 8.86340847e-01-0.43033515j,  4.21826807e-02+0.16473853j,
           -1.68138086e-02+0.00311693j, -2.45314235e-04-0.00096019j],
          [ 4.21826807e-02+0.16473853j,  9.64342661e-01-0.04628868j,
            9.63322217e-03+0.19646172j, -1.68138086e-02+0.00311693j],
          [-1.68138086e-02+0.00311693j,  9.63322217e-03+0.19646172j,
            9.64342661e-01-0.04628868j,  4.21826807e-02+0.16473853j],
          [-2.45314235e-04-0.00096019j, -1.68138086e-02+0.00311693j,
            4.21826807e-02+0.16473853j,  8.86340847e-01-0.43033515j]],
         input_dims=(2, 2), output_dims=(2, 2))"
"Operator([[ 8.86340847e-01-4.30335148e-01j,
           -1.24710165e-01-1.15609416e-01j,
           -4.10370239e-03+1.66005738e-02j,
            9.13930818e-04-3.83249240e-04j],
          [ 5.38004400e-02-1.61318551e-01j,
            9.64342661e-01-4.62886825e-02j,
           -1.14539718e-01-1.59908289e-01j,
           -4.10370239e-03+1.66005738e-02j],
          [-9.78134134e-03-1.40265743e-02j,
            9.83461256e-02-1.70346845e-01j,
            9.64342661e-01-4.62886825e-02j,
           -1.24710165e-01-1.15609416e-01j],
          [-9.85761963e-04+1.02092476e-04j,
           -9.78134134e-03-1.40265743e-02j,
            5.38004400e-02-1.61318551e-01j,
            8.86340847e-01-4.30335148e-01j]],
         input_dims=(2, 2), output_dims=(2, 2))"
"Operator([[ 8.86340847e-01-0.43033515j,  1.13313520e-01-0.12679988j,
            3.49496898e-03-0.01673931j, -4.32704769e-04-0.00089158j],
          [-1.60309522e-01-0.0567364j ,  9.64342661e-01-0.04628868j,
            1.57790677e-01-0.11743982j,  3.49496898e-03-0.01673931j],
          [ 9.26278665e-03+0.01437429j, -1.68523113e-01-0.10143948j,
            9.64342661e-01-0.04628868j,  1.13313520e-01-0.12679988j],
          [-4.79770350e-05-0.00098987j,  9.26278665e-03+0.01437429j,
           -1.60309522e-01-0.0567364j ,  8.86340847e-01-0.43033515j]],
         input_dims=(2, 2), output_dims=(2, 2))"
"Operator([[ 8.86340847e-01-0.43033515j,  4.21826807e-02+0.16473853j,
           -1.68138086e-02+0.00311693j, -2.45314235e-04-0.00096019j],
          [ 4.21826807e-02+0.16473853j,  9.64342661e-01-0.04628868j,
            9.63322217e-03+0.19646172j, -1.68138086e-02+0.00311693j],
          [-1.68138086e-02+0.00311693j,  9.63322217e-03+0.19646172j,
            9.64342661e-01-0.04628868j,  4.21826807e-02+0.16473853j],
          [-2.45314235e-04-0.00096019j, -1.68138086e-02+0.00311693j,
            4.21826807e-02+0.16473853j,  8.86340847e-01-0.43033515j]],
         input_dims=(2, 2), output_dims=(2, 2))"
"Operator([[ 8.86340847e-01-0.43033515j,  4.21826807e-02+0.16473853j,
           -1.68138086e-02+0.00311693j, -2.45314235e-04-0.00096019j],
          [ 4.21826807e-02+0.16473853j,  9.64342661e-01-0.04628868j,
            9.63322217e-03+0.19646172j, -1.68138086e-02+0.00311693j],
          [-1.68138086e-02+0.00311693j,  9.63322217e-03+0.19646172j,
            9.64342661e-01-0.04628868j,  4.21826807e-02+0.16473853j],
          [-2.45314235e-04-0.00096019j, -1.68138086e-02+0.00311693j,
            4.21826807e-02+0.16473853j,  8.86340847e-01-0.43033515j]],
         input_dims=(2, 2), output_dims=(2, 2))"
