unitary
"Operator([[-0.68594211-0.60098779j, -0.03711704+0.02341082j,
           -0.10888031+0.17202826j,  0.23949915-0.2599286j ],
          [-0.03711704+0.02341082j, -0.89738439-0.3482817j ,
           -0.05480822+0.16438613j, -0.10888031+0.17202826j],
          [-0.10888031+0.17202826j, -0.05480822+0.16438613j,
           -0.89738439-0.3482817j , -0.03711704+0.02341082j],
          [ 0.23949915-0.2599286j , -0.10888031+0.17202826j,
           -0.03711704+0.02341082j, -0.68594211-0.60098779j]],
         input_dims=(2, 2), output_dims=(2, 2))"
"Operator([[-0.68594211-0.60098779j, -0.03711704+0.02341082j,
           -0.10888031+0.17202826j,  0.23949915-0.2599286j ],
          [-0.03711704+0.02341082j, -0.89738439-0.3482817j ,
           -0.05480822+0.16438613j, -0.10888031+0.17202826j],
          [-0.10888031+0.17202826j, -0.05480822+0.16438613j,
           -0.89738439-0.3482817j , -0.03711704+0.02341082j],
          [ 0.23949915-0.2599286j , -0.10888031+0.17202826j,
           -0.03711704+0.02341082j, -0.68594211-0.60098779j]],
         input_dims=(2, 2), output_dims=(2, 2))"
"Operator([[-0.68594211-0.60098779j,  0.02012242+0.03899781j,
            0.13682324-0.15075823j,  0.18990281+0.29809335j],
          [-0.02652476-0.03495966j, -0.89738439-0.3482817j ,
            0.15904666+0.06878153j,  0.13682324-0.15075823j],
          [ 0.07769787-0.18817993j, -0.16850057-0.04042648j,
           -0.89738439-0.3482817j ,  0.02012242+0.03899781j],
          [-0.3126077 -0.16492164j,  0.07769787-0.18817993j,
           -0.02652476-0.03495966j, -0.68594211-0.60098779j]],
         input_dims=(2, 2), output_dims=(2, 2))"
