unitary
"Operator([[ 0.09271962-0.87450091j, -0.4271973 +0.14547947j,
            0.13847063+0.05509076j, -0.02240233-0.01668693j],
          [ 0.12997477-0.43216706j,  0.69813451-0.0578455j ,
           -0.49986469-0.18310236j,  0.13847063+0.05509076j],
          [ 0.00723992-0.14885124j,  0.43957372-0.30027675j,
            0.69813451-0.0578455j , -0.4271973 +0.14547947j],
          [-0.01668808-0.02240147j,  0.00723992-0.14885124j,
            0.12997477-0.43216706j,  0.09271962-0.87450091j]],
         input_dims=(2, 2), output_dims=(2, 2))"
"Operator([[ 0.09271962-0.87450091j,  0.32481408+0.31330117j,
           -0.12532348+0.080642j  , -0.01975295-0.01975194j],
          [ 0.32481408+0.31330117j,  0.69813451-0.0578455j ,
            0.06588786+0.52825181j, -0.12532348+0.080642j  ],
          [-0.12532348+0.080642j  ,  0.06588786+0.52825181j,
            0.69813451-0.0578455j ,  0.32481408+0.31330117j],
          [-0.01975295-0.01975194j, -0.12532348+0.080642j  ,
            0.32481408+0.31330117j,  0.09271962-0.87450091j]],
         input_dims=(2, 2), output_dims=(2, 2))"
"Operator([[ 0.09271962-0.87450091j,  0.43088726+0.13415653j,
           -0.01012328+0.14868297j, -0.02287709+0.01602987j],
          [ 0.14961235+0.42576749j,  0.69813451-0.0578455j ,
            0.29600301+0.44246288j, -0.01012328+0.14868297j],
          [-0.13951228-0.05239687j, -0.17824988+0.50161555j,
            0.69813451-0.0578455j ,  0.43088726+0.13415653j],
          [ 0.0160287 -0.02287791j, -0.13951228-0.05239687j,
            0.14961235+0.42576749j,  0.09271962-0.87450091j]],
         input_dims=(2, 2), output_dims=(2, 2))"
"Operator([[ 0.09271962-0.87450091j,  0.43783197-0.10938451j,
            0.1274014 +0.07731747j,  0.01757279+0.02171439j],
          [-0.09351968+0.44149278j,  0.69813451-0.0578455j ,
            0.48287304+0.22410892j,  0.1274014 +0.07731747j],
          [-0.01757556-0.14798719j, -0.41303001+0.33585323j,
            0.69813451-0.0578455j ,  0.43783197-0.10938451j],
          [ 0.02171529+0.01757168j, -0.01757556-0.14798719j,
           -0.09351968+0.44149278j,  0.09271962-0.87450091j]],
         input_dims=(2, 2), output_dims=(2, 2))"
"Operator([[ 0.09271962-0.87450091j,  0.20023046+0.40443735j,
           -0.148031  -0.01720264j,  0.00679647-0.02709476j],
          [ 0.41139692+0.18551114j,  0.69813451-0.0578455j ,
           -0.11598843+0.51955545j, -0.148031  -0.01720264j],
          [-0.04568373+0.1418524j ,  0.24005577+0.47514673j,
            0.69813451-0.0578455j ,  0.20023046+0.40443735j],
          [-0.02709441+0.00679786j, -0.04568373+0.1418524j ,
            0.41139692+0.18551114j,  0.09271962-0.87450091j]],
         input_dims=(2, 2), output_dims=(2, 2))"
"Operator([[ 0.09271962-0.87450091j,  0.32481408+0.31330117j,
           -0.12532348+0.080642j  , -0.01975295-0.01975194j],
          [ 0.32481408+0.31330117j,  0.69813451-0.0578455j ,
            0.06588786+0.52825181j, -0.12532348+0.080642j  ],
          [-0.12532348+0.080642j  ,  0.06588786+0.52825181j,
            0.69813451-0.0578455j ,  0.32481408+0.31330117j],
          [-0.01975295-0.01975194j, -0.12532348+0.080642j  ,
            0.32481408+0.31330117j,  0.09271962-0.87450091j]],
         input_dims=(2, 2), output_dims=(2, 2))"
"Operator([[ 0.09271962-0.87450091j,  0.32481408+0.31330117j,
           -0.12532348+0.080642j  , -0.01975295-0.01975194j],
          [ 0.32481408+0.31330117j,  0.69813451-0.0578455j ,
            0.06588786+0.52825181j, -0.12532348+0.080642j  ],
          [-0.12532348+0.080642j  ,  0.06588786+0.52825181j,
            0.69813451-0.0578455j ,  0.32481408+0.31330117j],
          [-0.01975295-0.01975194j, -0.12532348+0.080642j  ,
            0.32481408+0.31330117j,  0.09271962-0.87450091j]],
         input_dims=(2, 2), output_dims=(2, 2))"
"Operator([[ 0.09271962-0.87450091j, -0.41962516-0.16606184j,
           -0.03222587+0.1455012j ,  0.02587653-0.0105225j ],
          [-0.18109064-0.41336181j,  0.69813451-0.0578455j ,
           -0.26202148-0.46339608j, -0.03222587+0.1455012j ],
          [-0.14577523-0.0309627j ,  0.14016754-0.51356036j,
            0.69813451-0.0578455j , -0.41962516-0.16606184j],
          [-0.01052118+0.02587707j, -0.14577523-0.0309627j ,
           -0.18109064-0.41336181j,  0.09271962-0.87450091j]],
         input_dims=(2, 2), output_dims=(2, 2))"
