unitary
"Operator([[ 0.5190507 -0.78013744j,  0.33963283+0.03019561j,
            0.048347  +0.05729881j,  0.00200653+0.00922442j],
          [-0.13184938+0.31444868j,  0.84563433-0.07266066j,
            0.34183719+0.20220663j,  0.048347  +0.05729881j],
          [-0.0063007 -0.07470533j, -0.29641599+0.26434399j,
            0.84563433-0.07266066j,  0.33963283+0.03019561j],
          [ 0.0071535 +0.00615983j, -0.0063007 -0.07470533j,
           -0.13184938+0.31444868j,  0.5190507 -0.78013744j]],
         input_dims=(2, 2), output_dims=(2, 2))"
"Operator([[ 0.5190507 -0.78013744j,  0.17604954+0.2920082j ,
           -0.06926937+0.02867646j, -0.00482954-0.0081112j ],
          [ 0.17604954+0.2920082j ,  0.84563433-0.07266066j,
            0.03848421+0.39529628j, -0.06926937+0.02867646j],
          [-0.06926937+0.02867646j,  0.03848421+0.39529628j,
            0.84563433-0.07266066j,  0.17604954+0.2920082j ],
          [-0.00482954-0.0081112j , -0.06926937+0.02867646j,
            0.17604954+0.2920082j ,  0.5190507 -0.78013744j]],
         input_dims=(2, 2), output_dims=(2, 2))"
"Operator([[ 5.19050705e-01-0.78013744j,  1.01874330e-01-0.32539799j,
           -2.00976863e-02-0.07222651j, -8.58067115e-03-0.0039355j ],
          [-3.35322366e-01-0.0618154j ,  8.45634333e-01-0.07266066j,
            2.70404440e-01-0.29089796j, -2.00976863e-02-0.07222651j],
          [ 3.68351400e-02+0.06529746j, -3.21435883e-01-0.23327914j,
            8.45634333e-01-0.07266066j,  1.01874330e-01-0.32539799j],
          [ 6.29106181e-04-0.00941914j,  3.68351400e-02+0.06529746j,
           -3.35322366e-01-0.0618154j ,  5.19050705e-01-0.78013744j]],
         input_dims=(2, 2), output_dims=(2, 2))"
"Operator([[ 0.5190507 -0.78013744j,  0.17604954+0.2920082j ,
           -0.06926937+0.02867646j, -0.00482954-0.0081112j ],
          [ 0.17604954+0.2920082j ,  0.84563433-0.07266066j,
            0.03848421+0.39529628j, -0.06926937+0.02867646j],
          [-0.06926937+0.02867646j,  0.03848421+0.39529628j,
            0.84563433-0.07266066j,  0.17604954+0.2920082j ],
          [-0.00482954-0.0081112j , -0.06926937+0.02867646j,
            0.17604954+0.2920082j ,  0.5190507 -0.78013744j]],
         input_dims=(2, 2), output_dims=(2, 2))"
"Operator([[ 0.5190507 -0.78013744j,  0.17604954+0.2920082j ,
           -0.06926937+0.02867646j, -0.00482954-0.0081112j ],
          [ 0.17604954+0.2920082j ,  0.84563433-0.07266066j,
            0.03848421+0.39529628j, -0.06926937+0.02867646j],
          [-0.06926937+0.02867646j,  0.03848421+0.39529628j,
            0.84563433-0.07266066j,  0.17604954+0.2920082j ],
          [-0.00482954-0.0081112j , -0.06926937+0.02867646j,
            0.17604954+0.2920082j ,  0.5190507 -0.78013744j]],
         input_dims=(2, 2), output_dims=(2, 2))"
"Operator([[ 0.5190507 -0.78013744j, -0.30987021+0.1422768j ,
            0.07391143-0.01255732j, -0.0092506 +0.00188214j],
          [ 0.27048009-0.20761202j,  0.84563433-0.07266066j,
           -0.39712016-0.00598005j,  0.07391143-0.01255732j],
          [ 0.06115958-0.04336002j,  0.38850954-0.0824653j ,
            0.84563433-0.07266066j, -0.30987021+0.1422768j ],
          [ 0.00606295-0.00723579j,  0.06115958-0.04336002j,
            0.27048009-0.20761202j,  0.5190507 -0.78013744j]],
         input_dims=(2, 2), output_dims=(2, 2))"
"Operator([[ 0.5190507 -0.78013744j, -0.12971642+0.31533456j,
           -0.00731215-0.07461312j,  0.00727718+0.00601321j],
          [ 0.3394205 +0.03249545j,  0.84563433-0.07266066j,
           -0.29461864+0.26634572j, -0.00731215-0.07461312j],
          [ 0.04756634+0.0579485j ,  0.34045969+0.20451745j,
            0.84563433-0.07266066j, -0.12971642+0.31533456j],
          [ 0.00181868+0.00926329j,  0.04756634+0.0579485j ,
            0.3394205 +0.03249545j,  0.5190507 -0.78013744j]],
         input_dims=(2, 2), output_dims=(2, 2))"
