unitary
"Operator([[ 8.60421815e-01-0.47311191j,  5.17573063e-02+0.18087494j,
           -2.06130761e-02+0.00425699j, -3.72237781e-04-0.0013045j ],
          [ 5.17573063e-02+0.18087494j,  9.56148263e-01-0.05048357j,
            1.17880916e-02+0.21738299j, -2.06130761e-02+0.00425699j],
          [-2.06130761e-02+0.00425699j,  1.17880916e-02+0.21738299j,
            9.56148263e-01-0.05048357j,  5.17573063e-02+0.18087494j],
          [-3.72237781e-04-0.0013045j , -2.06130761e-02+0.00425699j,
            5.17573063e-02+0.18087494j,  8.60421815e-01-0.47311191j]],
         input_dims=(2, 2), output_dims=(2, 2))"
"Operator([[ 8.60421815e-01-0.47311191j,  5.05419180e-02+0.18121832j,
           -2.06683717e-02+0.00397986j, -3.45892299e-04-0.00131173j],
          [ 5.29703621e-02+0.18052342j,  9.56148263e-01-0.05048357j,
            1.03285237e-02+0.21745722j, -2.06683717e-02+0.00397986j],
          [-2.05540648e-02+0.00453335j,  1.32471282e-02+0.21729896j,
            9.56148263e-01-0.05048357j,  5.05419180e-02+0.18121832j],
          [-3.98432292e-04-0.00129674j, -2.05540648e-02+0.00453335j,
            5.29703621e-02+0.18052342j,  8.60421815e-01-0.47311191j]],
         input_dims=(2, 2), output_dims=(2, 2))"
"Operator([[ 8.60421815e-01-4.73111906e-01j,
            1.08113525e-01+1.53967626e-01j,
           -1.35621895e-02+1.60962071e-02j,
           -1.29900384e-03-3.90997093e-04j],
          [-1.03019044e-02+1.87852162e-01j,
            9.56148263e-01-5.04835675e-02j,
            8.22969238e-02+2.01547858e-01j,
           -1.35621895e-02+1.60962071e-02j],
          [-1.88290435e-02-9.40680536e-03j,
           -6.00196372e-02+2.09265300e-01j,
            9.56148263e-01-5.04835675e-02j,
            1.08113525e-01+1.53967626e-01j],
          [ 8.97052228e-04-1.01763795e-03j,
           -1.88290435e-02-9.40680536e-03j,
           -1.03019044e-02+1.87852162e-01j,
            8.60421815e-01-4.73111906e-01j]],
         input_dims=(2, 2), output_dims=(2, 2))"
"Operator([[ 8.60421815e-01-0.47311191j,  5.17573063e-02+0.18087494j,
           -2.06130761e-02+0.00425699j, -3.72237781e-04-0.0013045j ],
          [ 5.17573063e-02+0.18087494j,  9.56148263e-01-0.05048357j,
            1.17880916e-02+0.21738299j, -2.06130761e-02+0.00425699j],
          [-2.06130761e-02+0.00425699j,  1.17880916e-02+0.21738299j,
            9.56148263e-01-0.05048357j,  5.17573063e-02+0.18087494j],
          [-3.72237781e-04-0.0013045j , -2.06130761e-02+0.00425699j,
            5.17573063e-02+0.18087494j,  8.60421815e-01-0.47311191j]],
         input_dims=(2, 2), output_dims=(2, 2))"
"Operator([[ 8.60421815e-01-0.47311191j, -1.78097713e-01-0.06062812j,
            1.11950057e-02+0.01782394j, -3.83925683e-05-0.00135603j],
          [ 1.19067876e-01-0.14566195j,  9.56148263e-01-0.05048357j,
           -1.85295179e-01-0.11428044j,  1.11950057e-02+0.01782394j],
          [ 3.21831727e-03-0.02080056j,  1.71850717e-01-0.1336475j ,
            9.56148263e-01-0.05048357j, -1.78097713e-01-0.06062812j],
          [-6.83002308e-04-0.00117209j,  3.21831727e-03-0.02080056j,
            1.19067876e-01-0.14566195j,  8.60421815e-01-0.47311191j]],
         input_dims=(2, 2), output_dims=(2, 2))"
"Operator([[ 8.60421815e-01-0.47311191j,  1.16713560e-01-0.14755511j,
            2.54873421e-03-0.02089318j, -7.38653020e-04-0.00113784j],
          [-1.77101216e-01-0.0634801j ,  9.56148263e-01-0.05048357j,
            1.69682517e-01-0.13638976j,  2.54873421e-03-0.02089318j],
          [ 1.06168911e-02+0.01817423j, -1.83436232e-01-0.11724108j,
            9.56148263e-01-0.05048357j,  1.16713560e-01-0.14755511j],
          [ 2.69527986e-05-0.0013563j ,  1.06168911e-02+0.01817423j,
           -1.77101216e-01-0.0634801j ,  8.60421815e-01-0.47311191j]],
         input_dims=(2, 2), output_dims=(2, 2))"
"Operator([[ 8.60421815e-01-0.47311191j, -1.87654463e-01-0.01343007j,
            1.85052027e-02+0.01002888j, -9.71549371e-04-0.00094677j],
          [ 1.52145100e-01-0.1106636j ,  9.56148263e-01-0.05048357j,
           -2.08236338e-01-0.06349764j,  1.85052027e-02+0.01002888j],
          [ 1.30184142e-02-0.0165391j ,  2.00148831e-01-0.08564326j,
            9.56148263e-01-0.05048357j, -1.87654463e-01-0.01343007j],
          [ 3.25609138e-04-0.00131692j,  1.30184142e-02-0.0165391j ,
            1.52145100e-01-0.1106636j ,  8.60421815e-01-0.47311191j]],
         input_dims=(2, 2), output_dims=(2, 2))"
"Operator([[ 8.60421815e-01-0.47311191j, -1.88038098e-01+0.00601978j,
            2.01707212e-02+0.00601356j, -1.21427063e-03-0.00060484j],
          [ 1.62759348e-01-0.09436079j,  9.56148263e-01-0.05048357j,
           -2.13680146e-01-0.04165475j,  2.01707212e-02+0.00601356j],
          [ 1.61383124e-02-0.01351206j,  2.07922733e-01-0.06451713j,
            9.56148263e-01-0.05048357j, -1.88038098e-01+0.00601978j],
          [ 7.12225716e-04-0.00115457j,  1.61383124e-02-0.01351206j,
            1.62759348e-01-0.09436079j,  8.60421815e-01-0.47311191j]],
         input_dims=(2, 2), output_dims=(2, 2))"
"Operator([[ 8.60421815e-01-0.47311191j,  5.17573063e-02+0.18087494j,
           -2.06130761e-02+0.00425699j, -3.72237781e-04-0.0013045j ],
          [ 5.17573063e-02+0.18087494j,  9.56148263e-01-0.05048357j,
            1.17880916e-02+0.21738299j, -2.06130761e-02+0.00425699j],
          [-2.06130761e-02+0.00425699j,  1.17880916e-02+0.21738299j,
            9.56148263e-01-0.05048357j,  5.17573063e-02+0.18087494j],
          [-3.72237781e-04-0.0013045j , -2.06130761e-02+0.00425699j,
            5.17573063e-02+0.18087494j,  8.60421815e-01-0.47311191j]],
         input_dims=(2, 2), output_dims=(2, 2))"
