unitary
"Operator([[ 0.77344283-0.58634141j,  0.08375764+0.22311568j,
           -0.03326202+0.00891263j, -0.00100171-0.00268132j],
          [ 0.08375764+0.22311568j,  0.92846514-0.0607864j ,
            0.01889794+0.27553332j, -0.03326202+0.00891263j],
          [-0.03326202+0.00891263j,  0.01889794+0.27553332j,
            0.92846514-0.0607864j ,  0.08375764+0.22311568j],
          [-0.00100171-0.00268132j, -0.03326202+0.00891263j,
            0.08375764+0.22311568j,  0.77344283-0.58634141j]],
         input_dims=(2, 2), output_dims=(2, 2))"
"Operator([[ 0.77344283-0.58634141j,  0.08375764+0.22311568j,
           -0.03326202+0.00891263j, -0.00100171-0.00268132j],
          [ 0.08375764+0.22311568j,  0.92846514-0.0607864j ,
            0.01889794+0.27553332j, -0.03326202+0.00891263j],
          [-0.03326202+0.00891263j,  0.01889794+0.27553332j,
            0.92846514-0.0607864j ,  0.08375764+0.22311568j],
          [-0.00100171-0.00268132j, -0.03326202+0.00891263j,
            0.08375764+0.22311568j,  0.77344283-0.58634141j]],
         input_dims=(2, 2), output_dims=(2, 2))"
"Operator([[ 7.73442832e-01-0.58634141j,  4.10555196e-02+0.23475603j,
           -3.42266321e-02-0.0037861j ,  5.69849343e-04-0.00280502j],
          [ 1.23570845e-01+0.20377977j,  9.28465144e-01-0.0607864j ,
           -3.23784936e-02+0.2742761j , -3.42266321e-02-0.0037861j ],
          [-2.77479669e-02+0.02039233j,  6.95225561e-02+0.26728703j,
            9.28465144e-01-0.0607864j ,  4.10555196e-02+0.23475603j],
          [-2.26942901e-03-0.0017443j , -2.77479669e-02+0.02039233j,
            1.23570845e-01+0.20377977j,  7.73442832e-01-0.58634141j]],
         input_dims=(2, 2), output_dims=(2, 2))"
"Operator([[ 0.77344283-0.58634141j,  0.08375764+0.22311568j,
           -0.03326202+0.00891263j, -0.00100171-0.00268132j],
          [ 0.08375764+0.22311568j,  0.92846514-0.0607864j ,
            0.01889794+0.27553332j, -0.03326202+0.00891263j],
          [-0.03326202+0.00891263j,  0.01889794+0.27553332j,
            0.92846514-0.0607864j ,  0.08375764+0.22311568j],
          [-0.00100171-0.00268132j, -0.03326202+0.00891263j,
            0.08375764+0.22311568j,  0.77344283-0.58634141j]],
         input_dims=(2, 2), output_dims=(2, 2))"
"Operator([[ 7.73442832e-01-0.58634141j,  1.72974329e-01-0.16393849j,
            1.68125812e-02-0.03005219j,  4.25654745e-05-0.00286201j],
          [-2.38125099e-01-0.00961174j,  9.28465144e-01-0.0607864j ,
            2.46490633e-01-0.12457172j,  1.68125812e-02-0.03005219j],
          [ 2.95863177e-02+0.0176195j , -2.61190370e-01-0.08975152j,
            9.28465144e-01-0.0607864j ,  1.72974329e-01-0.16393849j],
          [-1.90866481e-03-0.00213305j,  2.95863177e-02+0.0176195j ,
           -2.38125099e-01-0.00961174j,  7.73442832e-01-0.58634141j]],
         input_dims=(2, 2), output_dims=(2, 2))"
"Operator([[ 0.77344283-0.58634141j,  0.08375764+0.22311568j,
           -0.03326202+0.00891263j, -0.00100171-0.00268132j],
          [ 0.08375764+0.22311568j,  0.92846514-0.0607864j ,
            0.01889794+0.27553332j, -0.03326202+0.00891263j],
          [-0.03326202+0.00891263j,  0.01889794+0.27553332j,
            0.92846514-0.0607864j ,  0.08375764+0.22311568j],
          [-0.00100171-0.00268132j, -0.03326202+0.00891263j,
            0.08375764+0.22311568j,  0.77344283-0.58634141j]],
         input_dims=(2, 2), output_dims=(2, 2))"
"Operator([[ 7.73442832e-01-0.58634141j,  2.37862680e-01+0.01474089j,
            2.87996483e-02+0.01887795j,  1.76686698e-03+0.0022519j ],
          [-1.69401438e-01+0.16762787j,  9.28465144e-01-0.0607864j ,
            2.59195656e-01+0.09535909j,  2.87996483e-02+0.01887795j],
          [ 1.55020731e-02-0.0307487j , -2.43748989e-01+0.12985444j,
            9.28465144e-01-0.0607864j ,  2.37862680e-01+0.01474089j],
          [ 1.42429701e-04+0.00285878j,  1.55020731e-02-0.0307487j ,
           -1.69401438e-01+0.16762787j,  7.73442832e-01-0.58634141j]],
         input_dims=(2, 2), output_dims=(2, 2))"
