unitary
"Operator([[ 0.33010752-0.75410628j,  0.37552955-0.09507651j,
           -0.09781718+0.07146859j, -0.21363284-0.33462787j],
          [ 0.32843395-0.20540967j, -0.57496808-0.28977471j,
            0.32547505-0.561044j  , -0.09781718+0.07146859j],
          [-0.03787083+0.11507285j,  0.13821818-0.63371927j,
           -0.57496808-0.28977471j,  0.37552955-0.09507651j],
          [-0.39604042-0.02769094j, -0.03787083+0.11507285j,
            0.32843395-0.20540967j,  0.33010752-0.75410628j]],
         input_dims=(2, 2), output_dims=(2, 2))"
"Operator([[ 0.33010752-0.75410628j, -0.35627869+0.15207724j,
           -0.07126108+0.09796846j,  0.34128865+0.20282224j],
          [-0.35627869+0.15207724j, -0.57496808-0.28977471j,
           -0.23467697+0.60467437j, -0.07126108+0.09796846j],
          [-0.07126108+0.09796846j, -0.23467697+0.60467437j,
           -0.57496808-0.28977471j, -0.35627869+0.15207724j],
          [ 0.34128865+0.20282224j, -0.07126108+0.09796846j,
           -0.35627869+0.15207724j,  0.33010752-0.75410628j]],
         input_dims=(2, 2), output_dims=(2, 2))"
"Operator([[ 0.33010752-0.75410628j,  0.3519907 +0.16175455j,
           -0.09055843-0.0804682j ,  0.39491151-0.04073946j],
          [ 0.12668614-0.36607733j, -0.57496808-0.28977471j,
            0.60556645-0.23236535j, -0.09055843-0.0804682j ],
          [ 0.10444607+0.06137573j, -0.29026712-0.58004256j,
           -0.57496808-0.28977471j,  0.3519907 +0.16175455j],
          [ 0.15298698+0.36634654j,  0.10444607+0.06137573j,
            0.12668614-0.36607733j,  0.33010752-0.75410628j]],
         input_dims=(2, 2), output_dims=(2, 2))"
"Operator([[ 0.33010752-0.75410628j, -0.10028782-0.37417154j,
            0.0957925 -0.07416036j,  0.32542961-0.22739915j],
          [ 0.20082403+0.33125775j, -0.57496808-0.28977471j,
           -0.56551444-0.31764414j,  0.0957925 -0.07416036j],
          [ 0.04105529-0.11397554j,  0.63173656+0.1470146j ,
           -0.57496808-0.28977471j, -0.10028782-0.37417154j],
          [-0.0441795 +0.39454147j,  0.04105529-0.11397554j,
            0.20082403+0.33125775j,  0.33010752-0.75410628j]],
         input_dims=(2, 2), output_dims=(2, 2))"
"Operator([[ 0.33010752-0.75410628j, -0.35627869+0.15207724j,
           -0.07126108+0.09796846j,  0.34128865+0.20282224j],
          [-0.35627869+0.15207724j, -0.57496808-0.28977471j,
           -0.23467697+0.60467437j, -0.07126108+0.09796846j],
          [-0.07126108+0.09796846j, -0.23467697+0.60467437j,
           -0.57496808-0.28977471j, -0.35627869+0.15207724j],
          [ 0.34128865+0.20282224j, -0.07126108+0.09796846j,
           -0.35627869+0.15207724j,  0.33010752-0.75410628j]],
         input_dims=(2, 2), output_dims=(2, 2))"
