unitary
"Operator([[ 0.5427715 -7.67686822e-01j, -0.06040446+3.27532145e-01j,
           -0.03615386-6.12155201e-02j,  0.00868938+3.09108513e-04j],
          [ 0.31462509+1.09256832e-01j,  0.8534902 -7.23509793e-02j,
           -0.22356996+3.16789906e-01j, -0.03615386-6.12155201e-02j],
          [ 0.0161915 +6.92262710e-02j,  0.27932357+2.68919540e-01j,
            0.8534902 -7.23509793e-02j, -0.06040446+3.27532145e-01j],
          [-0.00410073+7.66713744e-03j,  0.0161915 +6.92262710e-02j,
            0.31462509+1.09256832e-01j,  0.5427715 -7.67686822e-01j]],
         input_dims=(2, 2), output_dims=(2, 2))"
"Operator([[ 0.5427715 -0.76768682j,  0.16753525+0.28785056j,
           -0.06598022+0.02647739j, -0.00433579-0.0075367j ],
          [ 0.16753525+0.28785056j,  0.8534902 -0.07235098j,
            0.03674247+0.3859914j , -0.06598022+0.02647739j],
          [-0.06598022+0.02647739j,  0.03674247+0.3859914j ,
            0.8534902 -0.07235098j,  0.16753525+0.28785056j],
          [-0.00433579-0.0075367j , -0.06598022+0.02647739j,
            0.16753525+0.28785056j,  0.5427715 -0.76768682j]],
         input_dims=(2, 2), output_dims=(2, 2))"
"Operator([[ 0.5427715 -0.76768682j, -0.26836475-0.19724697j,
           -0.02567124+0.06629803j,  0.00855304-0.0015641j ],
          [-0.03895248-0.33076987j,  0.8534902 -0.07235098j,
           -0.18751363-0.33937886j, -0.02567124+0.06629803j],
          [-0.06437966-0.03016125j,  0.12011532-0.36866202j,
            0.8534902 -0.07235098j, -0.26836475-0.19724697j],
          [-0.00565153+0.00660766j, -0.06437966-0.03016125j,
           -0.03895248-0.33076987j,  0.5427715 -0.76768682j]],
         input_dims=(2, 2), output_dims=(2, 2))"
"Operator([[ 0.5427715 -0.76768682j, -0.32559824+0.07008418j,
            0.06890996+0.01748882j, -0.00792783-0.00357078j],
          [ 0.22176157-0.24849107j,  0.8534902 -0.07235098j,
           -0.37837566-0.08468314j,  0.06890996+0.01748882j],
          [ 0.03770486-0.06027259j,  0.35560305-0.15455047j,
            0.8534902 -0.07235098j, -0.32559824+0.07008418j],
          [ 0.00089828-0.00864835j,  0.03770486-0.06027259j,
            0.22176157-0.24849107j,  0.5427715 -0.76768682j]],
         input_dims=(2, 2), output_dims=(2, 2))"
"Operator([[ 0.5427715 -0.76768682j,  0.16433623+0.28968881j,
           -0.06655061+0.02500915j, -0.00408297-0.00767661j],
          [ 0.17071372+0.28597698j,  0.8534902 -0.07235098j,
            0.03246429+0.38637474j, -0.06655061+0.02500915j],
          [-0.06537744+0.02793263j,  0.04101614+0.38556069j,
            0.8534902 -0.07235098j,  0.16433623+0.28968881j],
          [-0.00458383-0.00738847j, -0.06537744+0.02793263j,
            0.17071372+0.28597698j,  0.5427715 -0.76768682j]],
         input_dims=(2, 2), output_dims=(2, 2))"
"Operator([[ 0.5427715 -0.76768682j,  0.16753525+0.28785056j,
           -0.06598022+0.02647739j, -0.00433579-0.0075367j ],
          [ 0.16753525+0.28785056j,  0.8534902 -0.07235098j,
            0.03674247+0.3859914j , -0.06598022+0.02647739j],
          [-0.06598022+0.02647739j,  0.03674247+0.3859914j ,
            0.8534902 -0.07235098j,  0.16753525+0.28785056j],
          [-0.00433579-0.0075367j , -0.06598022+0.02647739j,
            0.16753525+0.28785056j,  0.5427715 -0.76768682j]],
         input_dims=(2, 2), output_dims=(2, 2))"
"Operator([[ 0.5427715 -0.76768682j,  0.16753525+0.28785056j,
           -0.06598022+0.02647739j, -0.00433579-0.0075367j ],
          [ 0.16753525+0.28785056j,  0.8534902 -0.07235098j,
            0.03674247+0.3859914j , -0.06598022+0.02647739j],
          [-0.06598022+0.02647739j,  0.03674247+0.3859914j ,
            0.8534902 -0.07235098j,  0.16753525+0.28785056j],
          [-0.00433579-0.0075367j , -0.06598022+0.02647739j,
            0.16753525+0.28785056j,  0.5427715 -0.76768682j]],
         input_dims=(2, 2), output_dims=(2, 2))"
"Operator([[ 0.5427715 -0.76768682j,  0.16753525+0.28785056j,
           -0.06598022+0.02647739j, -0.00433579-0.0075367j ],
          [ 0.16753525+0.28785056j,  0.8534902 -0.07235098j,
            0.03674247+0.3859914j , -0.06598022+0.02647739j],
          [-0.06598022+0.02647739j,  0.03674247+0.3859914j ,
            0.8534902 -0.07235098j,  0.16753525+0.28785056j],
          [-0.00433579-0.0075367j , -0.06598022+0.02647739j,
            0.16753525+0.28785056j,  0.5427715 -0.76768682j]],
         input_dims=(2, 2), output_dims=(2, 2))"
"Operator([[ 0.5427715 -0.76768682j,  0.197606  +0.26810049j,
           -0.05876647+0.04001179j, -0.00651084-0.0057628j ],
          [ 0.13550965+0.30424191j,  0.8534902 -0.07235098j,
            0.07816196+0.37977636j, -0.05876647+0.04001179j],
          [-0.07012345+0.01171081j, -0.00510575+0.3877026j ,
            0.8534902 -0.07235098j,  0.197606  +0.26810049j],
          [-0.00170896-0.00852528j, -0.07012345+0.01171081j,
            0.13550965+0.30424191j,  0.5427715 -0.76768682j]],
         input_dims=(2, 2), output_dims=(2, 2))"
"Operator([[ 0.5427715 -7.67686822e-01j,  0.06375417-3.26896637e-01j,
           -0.03489305-6.19428496e-02j, -0.0086758 -5.75779395e-04j],
          [-0.31572705-1.06030359e-01j,  0.8534902 -7.23509793e-02j,
            0.22680116-3.14484671e-01j, -0.03489305-6.19428496e-02j],
          [ 0.01760534+6.88802821e-02j, -0.2820618 -2.66046076e-01j,
            0.8534902 -7.23509793e-02j,  0.06375417-3.26896637e-01j],
          [ 0.00386336-7.78943914e-03j,  0.01760534+6.88802821e-02j,
           -0.31572705-1.06030359e-01j,  0.5427715 -7.67686822e-01j]],
         input_dims=(2, 2), output_dims=(2, 2))"
"Operator([[ 0.5427715 -0.76768682j, -0.32017795+0.09171743j,
            0.07062829+0.00812936j, -0.00848098-0.00191676j],
          [ 0.23789444-0.23309277j,  0.8534902 -0.07235098j,
           -0.38319471-0.05917082j,  0.07062829+0.00812936j],
          [ 0.04541641-0.05469727j,  0.36514896-0.13040556j,
            0.8534902 -0.07235098j, -0.32017795+0.09171743j],
          [ 0.00260619-0.0082951j ,  0.04541641-0.05469727j,
            0.23789444-0.23309277j,  0.5427715 -0.76768682j]],
         input_dims=(2, 2), output_dims=(2, 2))"
"Operator([[ 0.5427715 -0.76768682j,  0.16753525+0.28785056j,
           -0.06598022+0.02647739j, -0.00433579-0.0075367j ],
          [ 0.16753525+0.28785056j,  0.8534902 -0.07235098j,
            0.03674247+0.3859914j , -0.06598022+0.02647739j],
          [-0.06598022+0.02647739j,  0.03674247+0.3859914j ,
            0.8534902 -0.07235098j,  0.16753525+0.28785056j],
          [-0.00433579-0.0075367j , -0.06598022+0.02647739j,
            0.16753525+0.28785056j,  0.5427715 -0.76768682j]],
         input_dims=(2, 2), output_dims=(2, 2))"
