unitary
"Operator([[ 0.36987224-0.83919507j, -0.18740451+0.33709608j,
            0.02550386-0.09655794j,  0.00490398+0.0139289j ],
          [ 0.37732518-0.07987446j,  0.79549348-0.07168081j,
           -0.38762481+0.23037119j,  0.02550386-0.09655794j],
          [ 0.09210065+0.03861803j,  0.42822634+0.14123059j,
            0.79549348-0.07168081j, -0.18740451+0.33709608j],
          [ 0.01171018+0.00899639j,  0.09210065+0.03861803j,
            0.37732518-0.07987446j,  0.36987224-0.83919507j]],
         input_dims=(2, 2), output_dims=(2, 2))"
"Operator([[ 0.36987224-0.83919507j,  0.22909293+0.31027511j,
           -0.08958706+0.04413662j, -0.00866545-0.01195714j],
          [ 0.22909293+0.31027511j,  0.79549348-0.07168081j,
            0.04897584+0.44824686j, -0.08958706+0.04413662j],
          [-0.08958706+0.04413662j,  0.04897584+0.44824686j,
            0.79549348-0.07168081j,  0.22909293+0.31027511j],
          [-0.00866545-0.01195714j, -0.08958706+0.04413662j,
            0.22909293+0.31027511j,  0.36987224-0.83919507j]],
         input_dims=(2, 2), output_dims=(2, 2))"
"Operator([[ 0.36987224-0.83919507j, -0.37250745-0.09996207j,
            0.02298217+0.097189j  ,  0.00703584-0.01298307j],
          [ 0.01411749-0.38542822j,  0.79549348-0.07168081j,
           -0.31758237-0.32010203j,  0.02298217+0.097189j  ],
          [-0.063055  -0.07744642j,  0.24096521-0.38112943j,
            0.79549348-0.07168081j, -0.37250745-0.09996207j],
          [-0.01452823+0.0026446j , -0.063055  -0.07744642j,
            0.01411749-0.38542822j,  0.36987224-0.83919507j]],
         input_dims=(2, 2), output_dims=(2, 2))"
"Operator([[ 0.36987224-0.83919507j, -0.21394674-0.32090655j,
           -0.09340403+0.03534924j,  0.00686051+0.01307657j],
          [-0.24371175-0.29892943j,  0.79549348-0.07168081j,
           -0.02741908-0.45008007j, -0.09340403+0.03534924j],
          [-0.08494564+0.05251782j, -0.07041986-0.44538177j,
            0.79549348-0.07168081j, -0.21394674-0.32090655j],
          [ 0.01029113+0.01059037j, -0.08494564+0.05251782j,
           -0.24371175-0.29892943j,  0.36987224-0.83919507j]],
         input_dims=(2, 2), output_dims=(2, 2))"
"Operator([[ 0.36987224-0.83919507j, -0.20735168-0.32520686j,
           -0.09476902+0.03150737j,  0.00604732+0.01347194j],
          [-0.24976285-0.29389239j,  0.79549348-0.07168081j,
           -0.01822613-0.45054598j, -0.09476902+0.03150737j],
          [-0.08273126+0.05594122j, -0.07949652-0.44385153j,
            0.79549348-0.07168081j, -0.20735168-0.32520686j],
          [ 0.01092001+0.00994066j, -0.08273126+0.05594122j,
           -0.24976285-0.29389239j,  0.36987224-0.83919507j]],
         input_dims=(2, 2), output_dims=(2, 2))"
"Operator([[ 0.36987224-0.83919507j,  0.22909293+0.31027511j,
           -0.08958706+0.04413662j, -0.00866545-0.01195714j],
          [ 0.22909293+0.31027511j,  0.79549348-0.07168081j,
            0.04897584+0.44824686j, -0.08958706+0.04413662j],
          [-0.08958706+0.04413662j,  0.04897584+0.44824686j,
            0.79549348-0.07168081j,  0.22909293+0.31027511j],
          [-0.00866545-0.01195714j, -0.08958706+0.04413662j,
            0.22909293+0.31027511j,  0.36987224-0.83919507j]],
         input_dims=(2, 2), output_dims=(2, 2))"
