unitary
"Operator([[ 0.65512369-0.69492195j,  0.12694146+0.2625662j ,
           -0.05020344+0.01703783j, -0.0023926 -0.00498874j],
          [ 0.12694146+0.2625662j ,  0.89031251-0.0688777j ,
            0.02824691+0.33754377j, -0.05020344+0.01703783j],
          [-0.05020344+0.01703783j,  0.02824691+0.33754377j,
            0.89031251-0.0688777j ,  0.12694146+0.2625662j ],
          [-0.0023926 -0.00498874j, -0.05020344+0.01703783j,
            0.12694146+0.2625662j ,  0.65512369-0.69492195j]],
         input_dims=(2, 2), output_dims=(2, 2))"
"Operator([[ 0.65512369-0.69492195j,  0.12694146+0.2625662j ,
           -0.05020344+0.01703783j, -0.0023926 -0.00498874j],
          [ 0.12694146+0.2625662j ,  0.89031251-0.0688777j ,
            0.02824691+0.33754377j, -0.05020344+0.01703783j],
          [-0.05020344+0.01703783j,  0.02824691+0.33754377j,
            0.89031251-0.0688777j ,  0.12694146+0.2625662j ],
          [-0.0023926 -0.00498874j, -0.05020344+0.01703783j,
            0.12694146+0.2625662j ,  0.65512369-0.69492195j]],
         input_dims=(2, 2), output_dims=(2, 2))"
"Operator([[ 0.65512369-0.69492195j,  0.27574191+0.09498179j,
            0.01737242+0.05008864j, -0.00178342+0.0052375j ],
          [-0.09681948+0.27510204j,  0.89031251-0.0688777j ,
            0.25938126+0.21784179j,  0.01737242+0.05008864j],
          [-0.01670248-0.050316j  , -0.21956759+0.257922j  ,
            0.89031251-0.0688777j ,  0.27574191+0.09498179j],
          [ 0.00520076+0.0018879j , -0.01670248-0.050316j  ,
           -0.09681948+0.27510204j,  0.65512369-0.69492195j]],
         input_dims=(2, 2), output_dims=(2, 2))"
"Operator([[ 0.65512369-0.69492195j,  0.12694146+0.2625662j ,
           -0.05020344+0.01703783j, -0.0023926 -0.00498874j],
          [ 0.12694146+0.2625662j ,  0.89031251-0.0688777j ,
            0.02824691+0.33754377j, -0.05020344+0.01703783j],
          [-0.05020344+0.01703783j,  0.02824691+0.33754377j,
            0.89031251-0.0688777j ,  0.12694146+0.2625662j ],
          [-0.0023926 -0.00498874j, -0.05020344+0.01703783j,
            0.12694146+0.2625662j ,  0.65512369-0.69492195j]],
         input_dims=(2, 2), output_dims=(2, 2))"
"Operator([[ 0.65512369-0.69492195j,  0.12694146+0.2625662j ,
           -0.05020344+0.01703783j, -0.0023926 -0.00498874j],
          [ 0.12694146+0.2625662j ,  0.89031251-0.0688777j ,
            0.02824691+0.33754377j, -0.05020344+0.01703783j],
          [-0.05020344+0.01703783j,  0.02824691+0.33754377j,
            0.89031251-0.0688777j ,  0.12694146+0.2625662j ],
          [-0.0023926 -0.00498874j, -0.05020344+0.01703783j,
            0.12694146+0.2625662j ,  0.65512369-0.69492195j]],
         input_dims=(2, 2), output_dims=(2, 2))"
"Operator([[ 0.65512369-0.69492195j,  0.14760018-0.25153396j,
            0.00339087-0.05290723j, -0.00332994-0.00441855j],
          [-0.28881004-0.04054506j,  0.89031251-0.0688777j ,
            0.26480412-0.21121663j,  0.00339087-0.05290723j],
          [ 0.03489242+0.03991481j, -0.29622602-0.16426755j,
            0.89031251-0.0688777j ,  0.14760018-0.25153396j],
          [-0.00136117-0.00536277j,  0.03489242+0.03991481j,
           -0.28881004-0.04054506j,  0.65512369-0.69492195j]],
         input_dims=(2, 2), output_dims=(2, 2))"
"Operator([[ 0.65512369-6.94921953e-01j, -0.03037142-2.90056408e-01j,
           -0.04952655-1.89154333e-02j, -0.003082  +4.59492692e-03j],
          [-0.20846528-2.03954331e-01j,  0.89031251-6.88777022e-02j,
            0.08790201-3.27119123e-01j, -0.04952655-1.89154333e-02j],
          [-0.02778342+4.51525633e-02j, -0.14104776-3.07959759e-01j,
            0.89031251-6.88777022e-02j, -0.03037142-2.90056408e-01j],
          [ 0.00551256+4.72985379e-04j, -0.02778342+4.51525633e-02j,
           -0.20846528-2.03954331e-01j,  0.65512369-6.94921953e-01j]],
         input_dims=(2, 2), output_dims=(2, 2))"
"Operator([[ 6.55123691e-01-0.69492195j, -1.59534086e-01-0.24413934j,
           -4.42257752e-02+0.02923617j,  4.09252828e-03+0.00372334j],
          [-9.22566656e-02-0.27666559j,  8.90312508e-01-0.0688777j ,
           -7.12586113e-02-0.33114332j, -4.42257752e-02+0.02923617j],
          [-5.28850406e-02+0.00372089j,  1.52303365e-02-0.33838103j,
            8.90312508e-01-0.0688777j , -1.59534086e-01-0.24413934j],
          [ 3.41651586e-04+0.00552226j, -5.28850406e-02+0.00372089j,
           -9.22566656e-02-0.27666559j,  6.55123691e-01-0.69492195j]],
         input_dims=(2, 2), output_dims=(2, 2))"
"Operator([[ 0.65512369-0.69492195j,  0.12694146+0.2625662j ,
           -0.05020344+0.01703783j, -0.0023926 -0.00498874j],
          [ 0.12694146+0.2625662j ,  0.89031251-0.0688777j ,
            0.02824691+0.33754377j, -0.05020344+0.01703783j],
          [-0.05020344+0.01703783j,  0.02824691+0.33754377j,
            0.89031251-0.0688777j ,  0.12694146+0.2625662j ],
          [-0.0023926 -0.00498874j, -0.05020344+0.01703783j,
            0.12694146+0.2625662j ,  0.65512369-0.69492195j]],
         input_dims=(2, 2), output_dims=(2, 2))"
"Operator([[ 0.65512369-0.69492195j,  0.04628594-0.28794575j,
           -0.03327603-0.041272j  , -0.00543445+0.00103867j],
          [-0.25442217-0.14256402j,  0.89031251-0.0688777j ,
            0.17013153-0.2928975j , -0.03327603-0.041272j  ],
          [-0.00128231+0.05300027j, -0.21644584-0.26054728j,
            0.89031251-0.0688777j ,  0.04628594-0.28794575j],
          [ 0.00421192-0.00358772j, -0.00128231+0.05300027j,
           -0.25442217-0.14256402j,  0.65512369-0.69492195j]],
         input_dims=(2, 2), output_dims=(2, 2))"
"Operator([[ 0.65512369-0.69492195j,  0.26000614-0.13210583j,
            0.0494909 -0.0190085j ,  0.00483819-0.00268402j],
          [-0.26502369+0.12172751j,  0.89031251-0.0688777j ,
            0.33691959-0.03491236j,  0.0494909 -0.0190085j ],
          [ 0.05083753-0.01504054j, -0.33803609+0.02157043j,
            0.89031251-0.0688777j ,  0.26000614-0.13210583j],
          [-0.00512176+0.00209276j,  0.05083753-0.01504054j,
           -0.26502369+0.12172751j,  0.65512369-0.69492195j]],
         input_dims=(2, 2), output_dims=(2, 2))"
"Operator([[ 0.65512369-6.94921953e-01j,  0.24318844-1.60979898e-01j,
            0.04387572-2.97589318e-02j,  0.0036499 -4.15815501e-03j],
          [-0.27720814+9.06134238e-02j,  0.89031251-6.88777022e-02j,
            0.33071467-7.32222226e-02j,  0.04387572-2.97589318e-02j],
          [ 0.05292547-3.09304529e-03j, -0.3382847 -1.72378797e-02j,
            0.89031251-6.88777022e-02j,  0.24318844-1.60979898e-01j],
          [-0.00552746+2.43301792e-04j,  0.05292547-3.09304529e-03j,
           -0.27720814+9.06134238e-02j,  0.65512369-6.94921953e-01j]],
         input_dims=(2, 2), output_dims=(2, 2))"
"Operator([[ 0.65512369-0.69492195j,  0.26620874-0.11911359j,
            0.05112369-0.01403712j,  0.0051813 -0.00194067j],
          [-0.25869353+0.13465808j,  0.89031251-0.0688777j ,
            0.338232  -0.01824287j,  0.05112369-0.01403712j],
          [ 0.04910722-0.01997882j, -0.33655972+0.03822619j,
            0.89031251-0.0688777j ,  0.26620874-0.11911359j],
          [-0.00475686+0.00282566j,  0.04910722-0.01997882j,
           -0.25869353+0.13465808j,  0.65512369-0.69492195j]],
         input_dims=(2, 2), output_dims=(2, 2))"
"Operator([[ 0.65512369-0.69492195j,  0.12694146+0.2625662j ,
           -0.05020344+0.01703783j, -0.0023926 -0.00498874j],
          [ 0.12694146+0.2625662j ,  0.89031251-0.0688777j ,
            0.02824691+0.33754377j, -0.05020344+0.01703783j],
          [-0.05020344+0.01703783j,  0.02824691+0.33754377j,
            0.89031251-0.0688777j ,  0.12694146+0.2625662j ],
          [-0.0023926 -0.00498874j, -0.05020344+0.01703783j,
            0.12694146+0.2625662j ,  0.65512369-0.69492195j]],
         input_dims=(2, 2), output_dims=(2, 2))"
