unitary
"Operator([[ 6.53681468e-01+0.33181641j,  4.51716621e-01+0.08020713j,
            2.53287660e-01+0.13623744j, -3.65437836e-01-0.18936005j],
          [ 2.49582216e-01+0.38495429j, -1.44704536e-01+0.06732302j,
           -4.05532365e-04-0.82542818j,  2.53287660e-01+0.13623744j],
          [-1.53356701e-01+0.24330434j,  6.03151696e-01-0.56350676j,
           -1.44704536e-01+0.06732302j,  4.51716621e-01+0.08020713j],
          [ 4.03055319e-01-0.08335735j, -1.53356701e-01+0.24330434j,
            2.49582216e-01+0.38495429j,  6.53681468e-01+0.33181641j]],
         input_dims=(2, 2), output_dims=(2, 2))"
"Operator([[ 0.65368147+0.33181641j, -0.30378025-0.34380031j,
           -0.0754565 +0.27752765j, -0.32781954+0.24887022j],
          [-0.4348827 -0.14614419j, -0.14470454+0.06732302j,
           -0.51316052+0.64652774j, -0.0754565 +0.27752765j],
          [ 0.20234114+0.20438528j, -0.12169903+0.81640749j,
           -0.14470454+0.06732302j, -0.30378025-0.34380031j],
          [ 0.24820376+0.32832443j,  0.20234114+0.20438528j,
           -0.4348827 -0.14614419j,  0.65368147+0.33181641j]],
         input_dims=(2, 2), output_dims=(2, 2))"
"Operator([[ 0.65368147+0.33181641j, -0.38232542-0.25359094j,
            0.07322827+0.27812389j, -0.05623977+0.40772433j],
          [-0.38232542-0.25359094j, -0.14470454+0.06732302j,
           -0.32859769+0.75720235j,  0.07322827+0.27812389j],
          [ 0.07322827+0.27812389j, -0.32859769+0.75720235j,
           -0.14470454+0.06732302j, -0.38232542-0.25359094j],
          [-0.05623977+0.40772433j,  0.07322827+0.27812389j,
           -0.38232542-0.25359094j,  0.65368147+0.33181641j]],
         input_dims=(2, 2), output_dims=(2, 2))"
"Operator([[ 0.65368147+0.33181641j, -0.38232542-0.25359094j,
            0.07322827+0.27812389j, -0.05623977+0.40772433j],
          [-0.38232542-0.25359094j, -0.14470454+0.06732302j,
           -0.32859769+0.75720235j,  0.07322827+0.27812389j],
          [ 0.07322827+0.27812389j, -0.32859769+0.75720235j,
           -0.14470454+0.06732302j, -0.38232542-0.25359094j],
          [-0.05623977+0.40772433j,  0.07322827+0.27812389j,
           -0.38232542-0.25359094j,  0.65368147+0.33181641j]],
         input_dims=(2, 2), output_dims=(2, 2))"
"Operator([[ 0.65368147+0.33181641j,  0.07544991+0.45253552j,
           -0.28251433+0.05386031j,  0.21327788+0.35201503j],
          [ 0.44624985-0.10649958j, -0.14470454+0.06732302j,
            0.7777825 -0.27638058j, -0.28251433+0.05386031j],
          [ 0.27240734-0.09224706j, -0.32939657-0.75685516j,
           -0.14470454+0.06732302j,  0.07544991+0.45253552j],
          [-0.30061141+0.28113132j,  0.27240734-0.09224706j,
            0.44624985-0.10649958j,  0.65368147+0.33181641j]],
         input_dims=(2, 2), output_dims=(2, 2))"
