unitary
"Operator([[ 0.59104213+0.42996398j, -0.11985715-0.43537846j,
           -0.25416848+0.18157209j, -0.36625519-0.17368688j],
          [-0.44859981-0.05175277j, -0.11622474+0.10198692j,
           -0.68849282+0.44785927j, -0.25416848+0.18157209j],
          [ 0.30900763+0.04565444j,  0.15771716+0.80605558j,
           -0.11622474+0.10198692j, -0.11985715-0.43537846j],
          [ 0.40524901+0.00912349j,  0.30900763+0.04565444j,
           -0.44859981-0.05175277j,  0.59104213+0.42996398j]],
         input_dims=(2, 2), output_dims=(2, 2))"
"Operator([[ 0.59104213+0.42996398j, -0.02931988+0.45062233j,
           -0.31201831-0.01464969j,  0.05139825+0.40207987j],
          [ 0.44081331-0.0979988j , -0.11622474+0.10198692j,
            0.79718866-0.19771328j, -0.31201831-0.01464969j],
          [ 0.27098951-0.15535355j, -0.41297188-0.70996797j,
           -0.11622474+0.10198692j, -0.02931988+0.45062233j],
          [-0.22635168+0.33626614j,  0.27098951-0.15535355j,
            0.44081331-0.0979988j ,  0.59104213+0.42996398j]],
         input_dims=(2, 2), output_dims=(2, 2))"
"Operator([[ 0.59104213+0.42996398j,  0.45121993-0.0179086j ,
            0.30825364-0.05049488j, -0.36655802+0.17304687j],
          [ 0.05141921+0.44863817j, -0.11622474+0.10198692j,
           -0.2798992 -0.77217662j,  0.30825364-0.05049488j],
          [-0.29735272+0.09566294j,  0.74921991-0.33655583j,
           -0.11622474+0.10198692j,  0.45121993-0.0179086j ],
          [ 0.24993585+0.31912705j, -0.29735272+0.09566294j,
            0.05141921+0.44863817j,  0.59104213+0.42996398j]],
         input_dims=(2, 2), output_dims=(2, 2))"
"Operator([[ 0.59104213+0.42996398j,  0.45012783+0.0361258j ,
            0.31143314+0.02407162j, -0.40399606+0.03312373j],
          [ 0.10464866+0.43928214j, -0.11622474+0.10198692j,
           -0.18564453-0.80008525j,  0.31143314+0.02407162j],
          [-0.26617126+0.16347142j,  0.70364657-0.42365293j,
           -0.11622474+0.10198692j,  0.45012783+0.0361258j ],
          [ 0.3461786 +0.21088j   , -0.26617126+0.16347142j,
            0.10464866+0.43928214j,  0.59104213+0.42996398j]],
         input_dims=(2, 2), output_dims=(2, 2))"
"Operator([[ 0.59104213+0.42996398j,  0.41983407-0.16631144j,
            0.20910047-0.23204964j, -0.04740688+0.40256998j],
          [-0.10003988+0.44035459j, -0.11622474+0.10198692j,
           -0.51980062-0.63593051j,  0.20910047-0.23204964j],
          [-0.29192429-0.11113167j,  0.81839662-0.06947854j,
           -0.11622474+0.10198692j,  0.41983407-0.16631144j],
          [-0.13827182+0.38103924j, -0.29192429-0.11113167j,
           -0.10003988+0.44035459j,  0.59104213+0.42996398j]],
         input_dims=(2, 2), output_dims=(2, 2))"
"Operator([[ 0.59104213+0.42996398j, -0.34289648-0.29384034j,
            0.07328189+0.30364421j, -0.09346142+0.39442992j],
          [-0.34289648-0.29384034j, -0.11622474+0.10198692j,
           -0.32016691+0.75636859j,  0.07328189+0.30364421j],
          [ 0.07328189+0.30364421j, -0.32016691+0.75636859j,
           -0.11622474+0.10198692j, -0.34289648-0.29384034j],
          [-0.09346142+0.39442992j,  0.07328189+0.30364421j,
           -0.34289648-0.29384034j,  0.59104213+0.42996398j]],
         input_dims=(2, 2), output_dims=(2, 2))"
"Operator([[ 0.59104213+0.42996398j, -0.34289648-0.29384034j,
            0.07328189+0.30364421j, -0.09346142+0.39442992j],
          [-0.34289648-0.29384034j, -0.11622474+0.10198692j,
           -0.32016691+0.75636859j,  0.07328189+0.30364421j],
          [ 0.07328189+0.30364421j, -0.32016691+0.75636859j,
           -0.11622474+0.10198692j, -0.34289648-0.29384034j],
          [-0.09346142+0.39442992j,  0.07328189+0.30364421j,
           -0.34289648-0.29384034j,  0.59104213+0.42996398j]],
         input_dims=(2, 2), output_dims=(2, 2))"
