unitary
"Operator([[ 9.85214685e-01-1.59807648e-01j,
           -2.38891306e-02-5.69032676e-02j,
           -1.71256476e-03+1.38996912e-03j,
            3.86231844e-05+2.40551735e-05j],
          [ 1.33982129e-02-6.02425125e-02j,
            9.95385996e-01-1.76857145e-02j,
           -2.28248794e-02-6.75234938e-02j,
           -1.71256476e-03+1.38996912e-03j],
          [-1.87939809e-03-1.15445009e-03j,
            2.04055102e-02-6.82935757e-02j,
            9.95385996e-01-1.76857145e-02j,
           -2.38891306e-02-5.69032676e-02j],
          [-3.37358709e-05+3.05334694e-05j,
           -1.87939809e-03-1.15445009e-03j,
            1.33982129e-02-6.02425125e-02j,
            9.85214685e-01-1.59807648e-01j]],
         input_dims=(2, 2), output_dims=(2, 2))"
"Operator([[ 9.85214685e-01-1.59807648e-01j,
           -3.24904286e-02-5.24694623e-02j,
           -1.19966062e-03+1.85086644e-03j,
            4.53329402e-05+3.91487907e-06j],
          [ 2.26504591e-02-5.74075703e-02j,
            9.95385996e-01-1.76857145e-02j,
           -3.30993864e-02-6.31254937e-02j,
           -1.19966062e-03+1.85086644e-03j],
          [-1.43106705e-03-1.67837400e-03j,
            3.08301360e-02-6.42642984e-02j,
            9.95385996e-01-1.76857145e-02j,
           -3.24904286e-02-5.24694623e-02j],
          [-4.39165552e-05+1.19053737e-05j,
           -1.43106705e-03-1.67837400e-03j,
            2.26504591e-02-5.74075703e-02j,
            9.85214685e-01-1.59807648e-01j]],
         input_dims=(2, 2), output_dims=(2, 2))"
"Operator([[ 9.85214685e-01-1.59807648e-01j,
           -4.10543024e-02-4.60783754e-02j,
           -4.99294765e-04+2.14839404e-03j,
            4.12841559e-05-1.91316548e-05j],
          [ 3.22136537e-02-5.26398418e-02j,
            9.95385996e-01-1.76857145e-02j,
           -4.34922832e-02-5.64696257e-02j,
           -4.99294765e-04+2.14839404e-03j],
          [-7.75547201e-04-2.06480477e-03j,
            4.14534918e-02-5.79828022e-02j,
            9.95385996e-01-1.76857145e-02j,
           -4.10543024e-02-4.60783754e-02j],
          [-4.40260524e-05-1.14938439e-05j,
           -7.75547201e-04-2.06480477e-03j,
            3.22136537e-02-5.26398418e-02j,
            9.85214685e-01-1.59807648e-01j]],
         input_dims=(2, 2), output_dims=(2, 2))"
"Operator([[ 9.85214685e-01-1.59807648e-01j,
           -4.91179793e-02-3.73643752e-02j,
            3.44871034e-04+2.17852155e-03j,
            2.41241561e-05-3.85801352e-05j],
          [ 4.16973546e-02-4.54972861e-02j,
            9.95385996e-01-1.76857145e-02j,
           -5.35006274e-02-4.70964988e-02j,
            3.44871034e-04+2.17852155e-03j],
          [ 5.74572727e-05-2.20490155e-03j,
            5.17893157e-02-4.89720748e-02j,
            9.95385996e-01-1.76857145e-02j,
           -4.91179793e-02-3.73643752e-02j],
          [-3.05937079e-05-3.36812526e-05j,
            5.74572727e-05-2.20490155e-03j,
            4.16973546e-02-4.54972861e-02j,
            9.85214685e-01-1.59807648e-01j]],
         input_dims=(2, 2), output_dims=(2, 2))"
"Operator([[ 9.85214685e-01-1.59807648e-01j,
            5.50476864e-03+6.14684467e-02j,
           -2.20092402e-03+1.44310927e-04j,
           -4.05752853e-06-4.53203950e-05j],
          [ 5.50476864e-03+6.14684467e-02j,
            9.95385996e-01-1.76857145e-02j,
            1.26948548e-03+7.12656000e-02j,
           -2.20092402e-03+1.44310927e-04j],
          [-2.20092402e-03+1.44310927e-04j,
            1.26948548e-03+7.12656000e-02j,
            9.95385996e-01-1.76857145e-02j,
            5.50476864e-03+6.14684467e-02j],
          [-4.05752853e-06-4.53203950e-05j,
           -2.20092402e-03+1.44310927e-04j,
            5.50476864e-03+6.14684467e-02j,
            9.85214685e-01-1.59807648e-01j]],
         input_dims=(2, 2), output_dims=(2, 2))"
"Operator([[ 9.85214685e-01-1.59807648e-01j,
           -6.01268553e-02-1.39080443e-02j,
            1.85957046e-03+1.18612389e-03j,
           -2.96663663e-05-3.45008471e-05j],
          [ 5.66988620e-02-2.43702990e-02j,
            9.95385996e-01-1.76857145e-02j,
           -6.81182710e-02-2.09832905e-02j,
            1.85957046e-03+1.18612389e-03j],
          [ 1.68877107e-03-1.41878274e-03j,
            6.73277223e-02-2.33960495e-02j,
            9.95385996e-01-1.76857145e-02j,
           -6.01268553e-02-1.39080443e-02j],
          [ 2.30659733e-05-3.92219660e-05j,
            1.68877107e-03-1.41878274e-03j,
            5.66988620e-02-2.43702990e-02j,
            9.85214685e-01-1.59807648e-01j]],
         input_dims=(2, 2), output_dims=(2, 2))"
"Operator([[ 9.85214685e-01-1.59807648e-01j,
           -6.17142913e-02-1.36637524e-04j,
            2.19041953e-03+2.58755624e-04j,
           -4.47227367e-05-8.38323090e-06j],
          [ 6.07079932e-02-1.11000893e-02j,
            9.95385996e-01-1.76857145e-02j,
           -7.10833190e-02-5.24967526e-03j,
            2.19041953e-03+2.58755624e-04j],
          [ 2.13787893e-03-5.42554954e-04j,
            7.08512510e-02-7.77801818e-03j,
            9.95385996e-01-1.76857145e-02j,
           -6.17142913e-02-1.36637524e-04j],
          [ 4.25223167e-05-1.61942681e-05j,
            2.13787893e-03-5.42554954e-04j,
            6.07079932e-02-1.11000893e-02j,
            9.85214685e-01-1.59807648e-01j]],
         input_dims=(2, 2), output_dims=(2, 2))"
"Operator([[ 9.85214685e-01-1.59807648e-01j,
            5.50476864e-03+6.14684467e-02j,
           -2.20092402e-03+1.44310927e-04j,
           -4.05752853e-06-4.53203950e-05j],
          [ 5.50476864e-03+6.14684467e-02j,
            9.95385996e-01-1.76857145e-02j,
            1.26948548e-03+7.12656000e-02j,
           -2.20092402e-03+1.44310927e-04j],
          [-2.20092402e-03+1.44310927e-04j,
            1.26948548e-03+7.12656000e-02j,
            9.95385996e-01-1.76857145e-02j,
            5.50476864e-03+6.14684467e-02j],
          [-4.05752853e-06-4.53203950e-05j,
           -2.20092402e-03+1.44310927e-04j,
            5.50476864e-03+6.14684467e-02j,
            9.85214685e-01-1.59807648e-01j]],
         input_dims=(2, 2), output_dims=(2, 2))"
"Operator([[ 9.85214685e-01-1.59807648e-01j,
            5.50476864e-03+6.14684467e-02j,
           -2.20092402e-03+1.44310927e-04j,
           -4.05752853e-06-4.53203950e-05j],
          [ 5.50476864e-03+6.14684467e-02j,
            9.95385996e-01-1.76857145e-02j,
            1.26948548e-03+7.12656000e-02j,
           -2.20092402e-03+1.44310927e-04j],
          [-2.20092402e-03+1.44310927e-04j,
            1.26948548e-03+7.12656000e-02j,
            9.95385996e-01-1.76857145e-02j,
            5.50476864e-03+6.14684467e-02j],
          [-4.05752853e-06-4.53203950e-05j,
           -2.20092402e-03+1.44310927e-04j,
            5.50476864e-03+6.14684467e-02j,
            9.85214685e-01-1.59807648e-01j]],
         input_dims=(2, 2), output_dims=(2, 2))"
"Operator([[ 9.85214685e-01-1.59807648e-01j,
           -5.22164904e-02+3.28954488e-02j,
            1.17087493e-03-1.86920948e-03j,
           -2.86159042e-06+4.54115959e-05j],
          [ 5.72305893e-02+2.30939835e-02j,
            9.95385996e-01-1.76857145e-02j,
           -6.28674908e-02+3.35868416e-02j,
            1.17087493e-03-1.86920948e-03j],
          [ 1.40492296e-03+1.70031870e-03j,
            6.40238202e-02+3.13264708e-02j,
            9.95385996e-01-1.76857145e-02j,
           -5.22164904e-02+3.28954488e-02j],
          [ 1.08828083e-05+4.41810618e-05j,
            1.40492296e-03+1.70031870e-03j,
            5.72305893e-02+2.30939835e-02j,
            9.85214685e-01-1.59807648e-01j]],
         input_dims=(2, 2), output_dims=(2, 2))"
"Operator([[ 9.85214685e-01-1.59807648e-01j,
           -4.73508988e-02+3.95798535e-02j,
            6.33818204e-04-2.11262081e-03j,
            1.51429867e-05+4.29079444e-05j],
          [ 5.36301307e-02+3.05365600e-02j,
            9.95385996e-01-1.76857145e-02j,
           -5.78139050e-02+4.16887241e-02j,
            6.33818204e-04-2.11262081e-03j],
          [ 9.04247804e-04+2.01177238e-03j,
            5.92619938e-02+3.96031996e-02j,
            9.95385996e-01-1.76857145e-02j,
           -4.73508988e-02+3.95798535e-02j],
          [-7.28016745e-06+4.49154862e-05j,
            9.04247804e-04+2.01177238e-03j,
            5.36301307e-02+3.05365600e-02j,
            9.85214685e-01-1.59807648e-01j]],
         input_dims=(2, 2), output_dims=(2, 2))"
"Operator([[ 9.85214685e-01-1.59807648e-01j,
            5.50476864e-03+6.14684467e-02j,
           -2.20092402e-03+1.44310927e-04j,
           -4.05752853e-06-4.53203950e-05j],
          [ 5.50476864e-03+6.14684467e-02j,
            9.95385996e-01-1.76857145e-02j,
            1.26948548e-03+7.12656000e-02j,
           -2.20092402e-03+1.44310927e-04j],
          [-2.20092402e-03+1.44310927e-04j,
            1.26948548e-03+7.12656000e-02j,
            9.95385996e-01-1.76857145e-02j,
            5.50476864e-03+6.14684467e-02j],
          [-4.05752853e-06-4.53203950e-05j,
           -2.20092402e-03+1.44310927e-04j,
            5.50476864e-03+6.14684467e-02j,
            9.85214685e-01-1.59807648e-01j]],
         input_dims=(2, 2), output_dims=(2, 2))"
"Operator([[ 9.85214685e-01-1.59807648e-01j,
           -3.91342062e-02+4.77198735e-02j,
           -1.84848938e-04-2.19789059e-03j,
            3.57086602e-05+2.82009455e-05j],
          [ 4.69905343e-02+4.00070258e-02j,
            9.95385996e-01-1.76857145e-02j,
           -4.90199736e-02+5.17439805e-02j,
           -1.84848938e-04-2.19789059e-03j],
          [ 1.03723895e-04+2.20320983e-03j,
            5.08317654e-02+4.99652776e-02j,
            9.95385996e-01-1.76857145e-02j,
           -3.91342062e-02+4.77198735e-02j],
          [-3.01312608e-05+3.40955843e-05j,
            1.03723895e-04+2.20320983e-03j,
            4.69905343e-02+4.00070258e-02j,
            9.85214685e-01-1.59807648e-01j]],
         input_dims=(2, 2), output_dims=(2, 2))"
"Operator([[ 9.85214685e-01-1.59807648e-01j,
           -3.60340997e-02+5.01020567e-02j,
           -4.61144886e-04-2.15690463e-03j,
            4.03938214e-05+2.09461437e-05j],
          [ 4.43630330e-02+4.29021413e-02j,
            9.95385996e-01-1.76857145e-02j,
           -4.56452271e-02+5.47440460e-02j,
           -4.61144886e-04-2.15690463e-03j],
          [-1.75558270e-04+2.19865220e-03j,
            4.75660089e-02+5.30836333e-02j,
            9.95385996e-01-1.76857145e-02j,
           -3.60340997e-02+5.01020567e-02j],
          [-3.60306234e-05+2.77884134e-05j,
           -1.75558270e-04+2.19865220e-03j,
            4.43630330e-02+4.29021413e-02j,
            9.85214685e-01-1.59807648e-01j]],
         input_dims=(2, 2), output_dims=(2, 2))"
