unitary
"Operator([[ 9.41366246e-01-0.31421358j,  2.17999268e-02+0.12061082j,
           -8.70437146e-03+0.00114631j, -6.44524569e-05-0.00035699j],
          [ 2.17999268e-02+0.12061082j,  9.81660078e-01-0.03435118j,
            5.00604995e-03+0.14155967j, -8.70437146e-03+0.00114631j],
          [-8.70437146e-03+0.00114631j,  5.00604995e-03+0.14155967j,
            9.81660078e-01-0.03435118j,  2.17999268e-02+0.12061082j],
          [-6.44524569e-05-0.00035699j, -8.70437146e-03+0.00114631j,
            2.17999268e-02+0.12061082j,  9.41366246e-01-0.31421358j]],
         input_dims=(2, 2), output_dims=(2, 2))"
"Operator([[ 9.41366246e-01-0.31421358j,  2.26748279e-02+0.1204494j ,
           -8.68681331e-03+0.00127255j, -7.22104534e-05-0.0003555j ],
          [ 2.09238771e-02+0.12076588j,  9.81660078e-01-0.03435118j,
            6.03345451e-03+0.1415196j , -8.68681331e-03+0.00127255j],
          [-8.72009513e-03+0.00101982j,  3.97838163e-03+0.14159228j,
            9.81660078e-01-0.03435118j,  2.26748279e-02+0.1204494j ],
          [-5.66638979e-05-0.00035831j, -8.72009513e-03+0.00101982j,
            2.09238771e-02+0.12076588j,  9.41366246e-01-0.31421358j]],
         input_dims=(2, 2), output_dims=(2, 2))"
"Operator([[ 9.41366246e-01-0.31421358j,  2.17999268e-02+0.12061082j,
           -8.70437146e-03+0.00114631j, -6.44524569e-05-0.00035699j],
          [ 2.17999268e-02+0.12061082j,  9.81660078e-01-0.03435118j,
            5.00604995e-03+0.14155967j, -8.70437146e-03+0.00114631j],
          [-8.70437146e-03+0.00114631j,  5.00604995e-03+0.14155967j,
            9.81660078e-01-0.03435118j,  2.17999268e-02+0.12061082j],
          [-6.44524569e-05-0.00035699j, -8.70437146e-03+0.00114631j,
            2.17999268e-02+0.12061082j,  9.41366246e-01-0.31421358j]],
         input_dims=(2, 2), output_dims=(2, 2))"
"Operator([[ 9.41366246e-01-0.31421358j,  2.17999268e-02+0.12061082j,
           -8.70437146e-03+0.00114631j, -6.44524569e-05-0.00035699j],
          [ 2.17999268e-02+0.12061082j,  9.81660078e-01-0.03435118j,
            5.00604995e-03+0.14155967j, -8.70437146e-03+0.00114631j],
          [-8.70437146e-03+0.00114631j,  5.00604995e-03+0.14155967j,
            9.81660078e-01-0.03435118j,  2.17999268e-02+0.12061082j],
          [-6.44524569e-05-0.00035699j, -8.70437146e-03+0.00114631j,
            2.17999268e-02+0.12061082j,  9.41366246e-01-0.31421358j]],
         input_dims=(2, 2), output_dims=(2, 2))"
"Operator([[ 9.41366246e-01-3.14213578e-01j,
            9.63681443e-02+7.57323407e-02j,
            1.05180107e-04+8.77889736e-03j,
           -2.56464546e-04+2.56557481e-04j],
          [-6.37602496e-02+1.04674912e-01j,
            9.81660078e-01-3.43511799e-02j,
            9.77144940e-02+1.02547933e-01j,
            1.05180107e-04+8.77889736e-03j],
          [-2.17123082e-03-8.50681247e-03j,
           -9.02265446e-02+1.09194192e-01j,
            9.81660078e-01-3.43511799e-02j,
            9.63681443e-02+7.57323407e-02j],
          [ 3.29988358e-04+1.50676766e-04j,
           -2.17123082e-03-8.50681247e-03j,
           -6.37602496e-02+1.04674912e-01j,
            9.41366246e-01-3.14213578e-01j]],
         input_dims=(2, 2), output_dims=(2, 2))"
"Operator([[ 9.41366246e-01-3.14213578e-01j,
            1.06757944e-01+6.02075411e-02j,
            2.73760553e-03+8.34179943e-03j,
           -1.16702455e-04+3.43476842e-04j],
          [-7.89272238e-02+9.37693980e-02j,
            9.81660078e-01-3.43511799e-02j,
            1.12163849e-01+8.65070631e-02j,
            2.73760553e-03+8.34179943e-03j],
          [ 4.84605399e-04-8.76614278e-03j,
           -1.05772911e-01+9.42140767e-02j,
            9.81660078e-01-3.43511799e-02j,
            1.06757944e-01+6.02075411e-02j],
          [ 2.29444910e-04+2.80981917e-04j,
            4.84605399e-04-8.76614278e-03j,
           -7.89272238e-02+9.37693980e-02j,
            9.41366246e-01-3.14213578e-01j]],
         input_dims=(2, 2), output_dims=(2, 2))"
"Operator([[ 9.41366246e-01-0.31421358j,  1.12591796e-01+0.04842824j,
            4.45123518e-03+0.00756747j, -2.04366717e-06+0.00036276j],
          [-8.85153768e-02+0.08477756j,  9.81660078e-01-0.03435118j,
            1.20783111e-01+0.07399757j,  4.45123518e-03+0.00756747j],
          [ 2.34028002e-03-0.00846187j, -1.15254296e-01+0.08234469j,
            9.81660078e-01-0.03435118j,  1.12591796e-01+0.04842824j],
          [ 1.28766639e-04+0.00033914j,  2.34028002e-03-0.00846187j,
           -8.85153768e-02+0.08477756j,  9.41366246e-01-0.31421358j]],
         input_dims=(2, 2), output_dims=(2, 2))"
"Operator([[ 9.41366246e-01-0.31421358j,  1.15579189e-01+0.04078796j,
            5.42157761e-03+0.00690555j,  7.03623805e-05+0.00035587j],
          [-9.39882790e-02+0.07866645j,  9.81660078e-01-0.03435118j,
            1.25462610e-01+0.06575207j,  5.42157761e-03+0.00690555j],
          [ 3.44890793e-03-0.00807373j, -1.20504558e-01+0.07445034j,
            9.81660078e-01-0.03435118j,  1.15579189e-01+0.04078796j],
          [ 5.85248150e-05+0.00035801j,  3.44890793e-03-0.00807373j,
           -9.39882790e-02+0.07866645j,  9.41366246e-01-0.31421358j]],
         input_dims=(2, 2), output_dims=(2, 2))"
"Operator([[ 9.41366246e-01-0.31421358j,  2.17999268e-02+0.12061082j,
           -8.70437146e-03+0.00114631j, -6.44524569e-05-0.00035699j],
          [ 2.17999268e-02+0.12061082j,  9.81660078e-01-0.03435118j,
            5.00604995e-03+0.14155967j, -8.70437146e-03+0.00114631j],
          [-8.70437146e-03+0.00114631j,  5.00604995e-03+0.14155967j,
            9.81660078e-01-0.03435118j,  2.17999268e-02+0.12061082j],
          [-6.44524569e-05-0.00035699j, -8.70437146e-03+0.00114631j,
            2.17999268e-02+0.12061082j,  9.41366246e-01-0.31421358j]],
         input_dims=(2, 2), output_dims=(2, 2))"
"Operator([[ 9.41366246e-01-0.31421358j,  1.16298053e-01+0.03869069j,
            5.66780421e-03+0.00670493j,  8.95614170e-05+0.00035153j],
          [-9.53958210e-02+0.07695352j,  9.81660078e-01-0.03435118j,
            1.26631408e-01+0.06347194j,  5.66780421e-03+0.00670493j],
          [ 3.73867862e-03-0.0079437j , -1.21831501e-01+0.07225847j,
            9.81660078e-01-0.03435118j,  1.16298053e-01+0.03869069j],
          [ 3.90201223e-05+0.00036066j,  3.73867862e-03-0.0079437j ,
           -9.53958210e-02+0.07695352j,  9.41366246e-01-0.31421358j]],
         input_dims=(2, 2), output_dims=(2, 2))"
"Operator([[ 9.41366246e-01-0.31421358j,  1.13712762e-01+0.04573417j,
            4.80638776e-03+0.00734702j,  2.38490660e-05+0.00036198j],
          [-9.05084921e-02+0.08264635j,  9.81660078e-01-0.03435118j,
            1.22510455e-01+0.07110126j,  4.80638776e-03+0.00734702j],
          [ 2.74039688e-03-0.00834088j, -1.17181917e-01+0.07957763j,
            9.81660078e-01-0.03435118j,  1.13712762e-01+0.04573417j],
          [ 1.04236206e-04+0.00034746j,  2.74039688e-03-0.00834088j,
           -9.05084921e-02+0.08264635j,  9.41366246e-01-0.31421358j]],
         input_dims=(2, 2), output_dims=(2, 2))"
"Operator([[ 9.41366246e-01-0.31421358j,  1.10415573e-01+0.05320346j,
            3.78764969e-03+0.00792047j, -4.84974051e-05+0.0003595j ],
          [-8.48052524e-02+0.08848885j,  9.81660078e-01-0.03435118j,
            1.17504858e-01+0.07909999j,  3.78764969e-03+0.00792047j],
          [ 1.60792962e-03-0.00863103j, -1.11623804e-01+0.08720279j,
            9.81660078e-01-0.03435118j,  1.10415573e-01+0.05320346j],
          [ 1.71150820e-04+0.00031985j,  1.60792962e-03-0.00863103j,
           -8.48052524e-02+0.08848885j,  9.41366246e-01-0.31421358j]],
         input_dims=(2, 2), output_dims=(2, 2))"
"Operator([[ 9.41366246e-01-0.31421358j,  1.10540797e-01+0.05294279j,
            3.82498336e-03+0.00790251j, -4.59515039e-05+0.00035984j],
          [-8.50138016e-02+0.08828851j,  9.81660078e-01-0.03435118j,
            1.17691164e-01+0.07882253j,  3.82498336e-03+0.00790251j],
          [ 1.64864062e-03-0.00862335j, -1.11829245e-01+0.08693918j,
            9.81660078e-01-0.03435118j,  1.10540797e-01+0.05294279j],
          [ 1.68882545e-04+0.00032105j,  1.64864062e-03-0.00862335j,
           -8.50138016e-02+0.08828851j,  9.41366246e-01-0.31421358j]],
         input_dims=(2, 2), output_dims=(2, 2))"
"Operator([[ 9.41366246e-01-0.31421358j,  1.18031019e-01+0.03302855j,
            6.28827762e-03+0.0061268j ,  1.39398799e-04+0.00033491j],
          [-9.90012058e-02+0.07225627j,  9.81660078e-01-0.03435118j,
            1.29549204e-01+0.0572818j ,  6.28827762e-03+0.0061268j ],
          [ 4.48767328e-03-0.00754592j, -1.25179272e-01+0.0662899j ,
            9.81660078e-01-0.03435118j,  1.18031019e-01+0.03302855j],
          [-1.34837379e-05+0.00036251j,  4.48767328e-03-0.00754592j,
           -9.90012058e-02+0.07225627j,  9.41366246e-01-0.31421358j]],
         input_dims=(2, 2), output_dims=(2, 2))"
