unitary
"Operator([[ 7.51403505e-01-0.6097643j , -2.47729777e-01-0.02767103j,
            2.89059432e-02+0.02445519j, -1.52913284e-03-0.00293251j],
          [ 1.61529921e-01-0.18985208j,  9.21403351e-01-0.0627214j ,
           -2.64227560e-01-0.11703141j,  2.89059432e-02+0.02445519j],
          [ 1.18691555e-02-0.0359546j ,  2.44826836e-01-0.15353297j,
            9.21403351e-01-0.0627214j , -2.47729777e-01-0.02767103j],
          [-8.82949688e-04-0.0031872j ,  1.18691555e-02-0.0359546j ,
            1.61529921e-01-0.18985208j,  7.51403505e-01-0.6097643j ]],
         input_dims=(2, 2), output_dims=(2, 2))"
"Operator([[ 0.75140351-0.6097643j , -0.19455842+0.15582923j,
            0.02438854-0.0289622j , -0.00098143+0.00315827j],
          [ 0.2484875 -0.01974059j,  0.92140335-0.0627214j ,
           -0.26947074+0.10439385j,  0.02438854-0.0289622j ],
          [ 0.03592716+0.01195195j,  0.28160838+0.06487892j,
            0.92140335-0.0627214j , -0.19455842+0.15582923j],
          [ 0.00287239+0.00163929j,  0.03592716+0.01195195j,
            0.2484875 -0.01974059j,  0.75140351-0.6097643j ]],
         input_dims=(2, 2), output_dims=(2, 2))"
"Operator([[ 0.75140351-6.09764296e-01j, -0.00271125+2.49255647e-01j,
           -0.03320137-1.82010667e-02j,  0.00234713-2.32999189e-03j],
          [ 0.17271276+1.79738782e-01j,  0.92140335-6.27213955e-02j,
           -0.08996903+2.74623610e-01j, -0.03320137-1.82010667e-02j],
          [-0.01879933+3.28663215e-02j,  0.12823072+2.58977673e-01j,
            0.92140335-6.27213955e-02j, -0.00271125+2.49255647e-01j],
          [-0.00330567-1.01943337e-04j, -0.01879933+3.28663215e-02j,
            0.17271276+1.79738782e-01j,  0.75140351-6.09764296e-01j]],
         input_dims=(2, 2), output_dims=(2, 2))"
"Operator([[ 0.75140351-0.6097643j ,  0.14454398+0.20308315j,
           -0.02751155+0.02601393j, -0.00294635-0.00150231j],
          [ 0.03380184+0.24696794j,  0.92140335-0.0627214j ,
            0.08894272+0.27495772j, -0.02751155+0.02601393j],
          [-0.03704957-0.00780639j, -0.048803  +0.28483472j,
            0.92140335-0.0627214j ,  0.14454398+0.20308315j],
          [ 0.00112896-0.00310859j, -0.03704957-0.00780639j,
            0.03380184+0.24696794j,  0.75140351-0.6097643j ]],
         input_dims=(2, 2), output_dims=(2, 2))"
"Operator([[ 0.75140351-0.6097643j ,  0.2222299 +0.11291413j,
            0.00569118+0.03743288j, -0.00185633+0.00273714j],
          [-0.08456129+0.23448906j,  0.92140335-0.0627214j ,
            0.20629219+0.2023761j ,  0.00569118+0.03743288j],
          [-0.01470552-0.03489065j, -0.17530756+0.22973857j,
            0.92140335-0.0627214j ,  0.2222299 +0.11291413j],
          [ 0.00322466+0.00073447j, -0.01470552-0.03489065j,
           -0.08456129+0.23448906j,  0.75140351-0.6097643j ]],
         input_dims=(2, 2), output_dims=(2, 2))"
"Operator([[ 0.75140351-0.6097643j ,  0.09183288+0.23173789j,
           -0.03644157+0.01027726j, -0.00121275-0.00307687j],
          [ 0.09183288+0.23173789j,  0.92140335-0.0627214j ,
            0.02066853+0.28824532j, -0.03644157+0.01027726j],
          [-0.03644157+0.01027726j,  0.02066853+0.28824532j,
            0.92140335-0.0627214j ,  0.09183288+0.23173789j],
          [-0.00121275-0.00307687j, -0.03644157+0.01027726j,
            0.09183288+0.23173789j,  0.75140351-0.6097643j ]],
         input_dims=(2, 2), output_dims=(2, 2))"
"Operator([[ 0.75140351-6.09764296e-01j,  0.22019036-1.16841498e-01j,
            0.03330018-1.80196523e-02j,  0.00251424-2.14859199e-03j],
          [-0.24045554+6.57028291e-02j,  0.92140335-6.27213955e-02j,
            0.28420484-5.23465427e-02j,  0.03330018-1.80196523e-02j],
          [ 0.03780835-2.03439707e-03j, -0.28876586-1.12618806e-02j,
            0.92140335-6.27213955e-02j,  0.22019036-1.16841498e-01j],
          [-0.00330408+1.44696582e-04j,  0.03780835-2.03439707e-03j,
           -0.24045554+6.57028291e-02j,  0.75140351-6.09764296e-01j]],
         input_dims=(2, 2), output_dims=(2, 2))"
"Operator([[ 0.75140351-0.6097643j ,  0.09183288+0.23173789j,
           -0.03644157+0.01027726j, -0.00121275-0.00307687j],
          [ 0.09183288+0.23173789j,  0.92140335-0.0627214j ,
            0.02066853+0.28824532j, -0.03644157+0.01027726j],
          [-0.03644157+0.01027726j,  0.02066853+0.28824532j,
            0.92140335-0.0627214j ,  0.09183288+0.23173789j],
          [-0.00121275-0.00307687j, -0.03644157+0.01027726j,
            0.09183288+0.23173789j,  0.75140351-0.6097643j ]],
         input_dims=(2, 2), output_dims=(2, 2))"
"Operator([[ 0.75140351-0.6097643j ,  0.09183288+0.23173789j,
           -0.03644157+0.01027726j, -0.00121275-0.00307687j],
          [ 0.09183288+0.23173789j,  0.92140335-0.0627214j ,
            0.02066853+0.28824532j, -0.03644157+0.01027726j],
          [-0.03644157+0.01027726j,  0.02066853+0.28824532j,
            0.92140335-0.0627214j ,  0.09183288+0.23173789j],
          [-0.00121275-0.00307687j, -0.03644157+0.01027726j,
            0.09183288+0.23173789j,  0.75140351-0.6097643j ]],
         input_dims=(2, 2), output_dims=(2, 2))"
"Operator([[ 7.51403505e-01-0.6097643j ,  1.16973900e-01+0.22012005j,
           -3.32784842e-02+0.01805969j, -2.15312471e-03-0.00251036j],
          [ 6.55582065e-02+0.24049501j,  9.21403351e-01-0.0627214j ,
            5.25174549e-02+0.28417331j, -3.32784842e-02+0.01805969j],
          [-3.78107686e-02+0.00198892j, -1.14355433e-02+0.28875904j,
            9.21403351e-01-0.0627214j ,  1.16973900e-01+0.22012005j],
          [-1.38735099e-04-0.00330433j, -3.78107686e-02+0.00198892j,
            6.55582065e-02+0.24049501j,  7.51403505e-01-0.6097643j ]],
         input_dims=(2, 2), output_dims=(2, 2))"
