unitary
"Operator([[ 0.37794656+0.62263254j, -0.21715476-0.37432295j,
            0.05907815+0.36311297j, -0.17124007+0.34285104j],
          [-0.21715476-0.37432295j, -0.05533329+0.17745746j,
           -0.28555364+0.74919362j,  0.05907815+0.36311297j],
          [ 0.05907815+0.36311297j, -0.28555364+0.74919362j,
           -0.05533329+0.17745746j, -0.21715476-0.37432295j],
          [-0.17124007+0.34285104j,  0.05907815+0.36311297j,
           -0.21715476-0.37432295j,  0.37794656+0.62263254j]],
         input_dims=(2, 2), output_dims=(2, 2))"
"Operator([[ 0.37794656+0.62263254j,  0.28225637+0.32803231j,
            0.18629398+0.31723148j, -0.0349574 -0.38163855j],
          [ 0.14465395+0.40785916j, -0.05533329+0.17745746j,
            0.14298566-0.78891512j,  0.18629398+0.31723148j],
          [-0.07612104+0.35992617j,  0.41839185-0.68394461j,
           -0.05533329+0.17745746j,  0.28225637+0.32803231j],
          [ 0.32611115-0.20129958j, -0.07612104+0.35992617j,
            0.14465395+0.40785916j,  0.37794656+0.62263254j]],
         input_dims=(2, 2), output_dims=(2, 2))"
"Operator([[ 0.37794656+0.62263254j, -0.21715476-0.37432295j,
            0.05907815+0.36311297j, -0.17124007+0.34285104j],
          [-0.21715476-0.37432295j, -0.05533329+0.17745746j,
           -0.28555364+0.74919362j,  0.05907815+0.36311297j],
          [ 0.05907815+0.36311297j, -0.28555364+0.74919362j,
           -0.05533329+0.17745746j, -0.21715476-0.37432295j],
          [-0.17124007+0.34285104j,  0.05907815+0.36311297j,
           -0.21715476-0.37432295j,  0.37794656+0.62263254j]],
         input_dims=(2, 2), output_dims=(2, 2))"
"Operator([[ 0.37794656+0.62263254j, -0.43257125-0.01248877j,
            0.29877337-0.21465258j,  0.20228347-0.32550176j],
          [ 0.20388399-0.38171348j, -0.05533329+0.17745746j,
            0.48656157+0.63725175j,  0.29877337-0.21465258j],
          [-0.35140993-0.10886835j, -0.7872802 +0.15172954j,
           -0.05533329+0.17745746j, -0.43257125-0.01248877j],
          [ 0.13872214-0.35724805j, -0.35140993-0.10886835j,
            0.20388399-0.38171348j,  0.37794656+0.62263254j]],
         input_dims=(2, 2), output_dims=(2, 2))"
"Operator([[ 0.37794656+0.62263254j,  0.23252041+0.36497687j,
            0.08902293+0.35695402j,  0.12727248-0.36148543j],
          [ 0.20141403+0.38302251j, -0.05533329+0.17745746j,
            0.2541779 -0.76041144j,  0.08902293+0.35695402j],
          [ 0.02872539+0.36676438j,  0.31643618-0.73668182j,
           -0.05533329+0.17745746j,  0.23252041+0.36497687j],
          [ 0.21254889-0.31889335j,  0.02872539+0.36676438j,
            0.20141403+0.38302251j,  0.37794656+0.62263254j]],
         input_dims=(2, 2), output_dims=(2, 2))"
