unitary
"Operator([[ 9.85214685e-01-1.59807648e-01j,
           -2.06659720e-02+5.81514404e-02j,
           -1.54288122e-03-1.57620105e-03j,
            4.24592700e-05-1.63588550e-05j],
          [ 3.06696930e-02+5.35541068e-02j,
            9.95385996e-01-1.76857145e-02j,
           -2.86053950e-02+6.52849807e-02j,
           -1.54288122e-03-1.57620105e-03j],
          [-1.32385875e-03+1.76416842e-03j,
            3.09124090e-02+6.42247639e-02j,
            9.95385996e-01-1.76857145e-02j,
           -2.06659720e-02+5.81514404e-02j],
          [-4.46899292e-05-8.55639960e-06j,
           -1.32385875e-03+1.76416842e-03j,
            3.06696930e-02+5.35541068e-02j,
            9.85214685e-01-1.59807648e-01j]],
         input_dims=(2, 2), output_dims=(2, 2))"
"Operator([[ 9.85214685e-01-1.59807648e-01j,
            5.50476864e-03+6.14684467e-02j,
           -2.20092402e-03+1.44310927e-04j,
           -4.05752853e-06-4.53203950e-05j],
          [ 5.50476864e-03+6.14684467e-02j,
            9.95385996e-01-1.76857145e-02j,
            1.26948548e-03+7.12656000e-02j,
           -2.20092402e-03+1.44310927e-04j],
          [-2.20092402e-03+1.44310927e-04j,
            1.26948548e-03+7.12656000e-02j,
            9.95385996e-01-1.76857145e-02j,
            5.50476864e-03+6.14684467e-02j],
          [-4.05752853e-06-4.53203950e-05j,
           -2.20092402e-03+1.44310927e-04j,
            5.50476864e-03+6.14684467e-02j,
            9.85214685e-01-1.59807648e-01j]],
         input_dims=(2, 2), output_dims=(2, 2))"
"Operator([[ 9.85214685e-01-1.59807648e-01j,
           -3.79933282e-03+6.15973822e-02j,
           -2.14432498e-03-5.16490640e-04j,
            1.61764291e-05-4.25291063e-05j],
          [ 1.46837296e-02+5.99421430e-02j,
            9.95385996e-01-1.76857145e-02j,
           -9.45943761e-03+7.06464180e-02j,
           -2.14432498e-03-5.16490640e-04j],
          [-2.05852519e-03+7.92064534e-04j,
            1.19695492e-02+7.02646940e-02j,
            9.95385996e-01-1.76857145e-02j,
           -3.79933282e-03+6.15973822e-02j],
          [-2.34738581e-05-3.89792217e-05j,
           -2.05852519e-03+7.92064534e-04j,
            1.46837296e-02+5.99421430e-02j,
            9.85214685e-01-1.59807648e-01j]],
         input_dims=(2, 2), output_dims=(2, 2))"
"Operator([[ 9.85214685e-01-1.59807648e-01j,
            5.50476864e-03+6.14684467e-02j,
           -2.20092402e-03+1.44310927e-04j,
           -4.05752853e-06-4.53203950e-05j],
          [ 5.50476864e-03+6.14684467e-02j,
            9.95385996e-01-1.76857145e-02j,
            1.26948548e-03+7.12656000e-02j,
           -2.20092402e-03+1.44310927e-04j],
          [-2.20092402e-03+1.44310927e-04j,
            1.26948548e-03+7.12656000e-02j,
            9.95385996e-01-1.76857145e-02j,
            5.50476864e-03+6.14684467e-02j],
          [-4.05752853e-06-4.53203950e-05j,
           -2.20092402e-03+1.44310927e-04j,
            5.50476864e-03+6.14684467e-02j,
            9.85214685e-01-1.59807648e-01j]],
         input_dims=(2, 2), output_dims=(2, 2))"
"Operator([[ 9.85214685e-01-1.59807648e-01j,
            5.50476864e-03+6.14684467e-02j,
           -2.20092402e-03+1.44310927e-04j,
           -4.05752853e-06-4.53203950e-05j],
          [ 5.50476864e-03+6.14684467e-02j,
            9.95385996e-01-1.76857145e-02j,
            1.26948548e-03+7.12656000e-02j,
           -2.20092402e-03+1.44310927e-04j],
          [-2.20092402e-03+1.44310927e-04j,
            1.26948548e-03+7.12656000e-02j,
            9.95385996e-01-1.76857145e-02j,
            5.50476864e-03+6.14684467e-02j],
          [-4.05752853e-06-4.53203950e-05j,
           -2.20092402e-03+1.44310927e-04j,
            5.50476864e-03+6.14684467e-02j,
            9.85214685e-01-1.59807648e-01j]],
         input_dims=(2, 2), output_dims=(2, 2))"
"Operator([[ 9.85214685e-01-1.59807648e-01j,
            2.21824728e-02+5.75900193e-02j,
           -1.79234324e-03+1.28545630e-03j,
           -3.63204377e-05-2.74085305e-05j],
          [-1.15966874e-02+6.06150911e-02j,
            9.95385996e-01-1.76857145e-02j,
            2.08021507e-02+6.81738062e-02j,
           -1.79234324e-03+1.28545630e-03j],
          [-1.94484675e-03-1.04041497e-03j,
           -1.83609036e-02+6.88714349e-02j,
            9.95385996e-01-1.76857145e-02j,
            2.21824728e-02+5.75900193e-02j],
          [ 3.08740701e-05-3.34244453e-05j,
           -1.94484675e-03-1.04041497e-03j,
           -1.15966874e-02+6.06150911e-02j,
            9.85214685e-01-1.59807648e-01j]],
         input_dims=(2, 2), output_dims=(2, 2))"
"Operator([[ 9.85214685e-01-1.59807648e-01j,
            5.50476864e-03+6.14684467e-02j,
           -2.20092402e-03+1.44310927e-04j,
           -4.05752853e-06-4.53203950e-05j],
          [ 5.50476864e-03+6.14684467e-02j,
            9.95385996e-01-1.76857145e-02j,
            1.26948548e-03+7.12656000e-02j,
           -2.20092402e-03+1.44310927e-04j],
          [-2.20092402e-03+1.44310927e-04j,
            1.26948548e-03+7.12656000e-02j,
            9.95385996e-01-1.76857145e-02j,
            5.50476864e-03+6.14684467e-02j],
          [-4.05752853e-06-4.53203950e-05j,
           -2.20092402e-03+1.44310927e-04j,
            5.50476864e-03+6.14684467e-02j,
            9.85214685e-01-1.59807648e-01j]],
         input_dims=(2, 2), output_dims=(2, 2))"
"Operator([[ 9.85214685e-01-1.59807648e-01j,
            3.89849499e-02+4.78418865e-02j,
           -6.86424965e-04+2.09611855e-03j,
           -4.34454569e-05+1.35238314e-05j],
          [-2.98638822e-02+5.40076010e-02j,
            9.95385996e-01-1.76857145e-02j,
            4.09628845e-02+5.83304331e-02j,
           -6.86424965e-04+2.09611855e-03j],
          [-9.54249379e-04-1.98854226e-03j,
           -3.88594241e-02+5.97523430e-02j,
            9.95385996e-01-1.76857145e-02j,
            3.89849499e-02+4.78418865e-02j],
          [ 4.51568302e-05+5.59128121e-06j,
           -9.54249379e-04-1.98854226e-03j,
           -2.98638822e-02+5.40076010e-02j,
            9.85214685e-01-1.59807648e-01j]],
         input_dims=(2, 2), output_dims=(2, 2))"
"Operator([[ 9.85214685e-01-1.59807648e-01j,
            5.50476864e-03+6.14684467e-02j,
           -2.20092402e-03+1.44310927e-04j,
           -4.05752853e-06-4.53203950e-05j],
          [ 5.50476864e-03+6.14684467e-02j,
            9.95385996e-01-1.76857145e-02j,
            1.26948548e-03+7.12656000e-02j,
           -2.20092402e-03+1.44310927e-04j],
          [-2.20092402e-03+1.44310927e-04j,
            1.26948548e-03+7.12656000e-02j,
            9.95385996e-01-1.76857145e-02j,
            5.50476864e-03+6.14684467e-02j],
          [-4.05752853e-06-4.53203950e-05j,
           -2.20092402e-03+1.44310927e-04j,
            5.50476864e-03+6.14684467e-02j,
            9.85214685e-01-1.59807648e-01j]],
         input_dims=(2, 2), output_dims=(2, 2))"
"Operator([[ 9.85214685e-01-1.59807648e-01j,
            5.29273619e-02+3.17390420e-02j,
            8.12551550e-04+2.05052485e-03j,
           -1.03022140e-05+4.43200421e-05j],
          [-4.64456511e-02+4.06383306e-02j,
            9.95385996e-01-1.76857145e-02j,
            5.83531860e-02+4.09304656e-02j,
            8.12551550e-04+2.05052485e-03j],
          [ 5.37846901e-04-2.13906823e-03j,
           -5.68584025e-02+4.29827803e-02j,
            9.95385996e-01-1.76857145e-02j,
            5.29273619e-02+3.17390420e-02j],
          [ 1.80111993e-05+4.17851462e-05j,
            5.37846901e-04-2.13906823e-03j,
           -4.64456511e-02+4.06383306e-02j,
            9.85214685e-01-1.59807648e-01j]],
         input_dims=(2, 2), output_dims=(2, 2))"
"Operator([[ 9.85214685e-01-1.59807648e-01j,
            5.50476864e-03+6.14684467e-02j,
           -2.20092402e-03+1.44310927e-04j,
           -4.05752853e-06-4.53203950e-05j],
          [ 5.50476864e-03+6.14684467e-02j,
            9.95385996e-01-1.76857145e-02j,
            1.26948548e-03+7.12656000e-02j,
           -2.20092402e-03+1.44310927e-04j],
          [-2.20092402e-03+1.44310927e-04j,
            1.26948548e-03+7.12656000e-02j,
            9.95385996e-01-1.76857145e-02j,
            5.50476864e-03+6.14684467e-02j],
          [-4.05752853e-06-4.53203950e-05j,
           -2.20092402e-03+1.44310927e-04j,
            5.50476864e-03+6.14684467e-02j,
            9.85214685e-01-1.59807648e-01j]],
         input_dims=(2, 2), output_dims=(2, 2))"
"Operator([[ 9.85214685e-01-1.59807648e-01j,
            6.04623912e-02+1.23681716e-02j,
            1.91770099e-03+1.08963990e-03j,
            3.22199812e-05+3.21290298e-05j],
          [-5.73026691e-02+2.29145486e-02j,
            9.95385996e-01-1.76857145e-02j,
            6.86318675e-02+1.92370501e-02j,
            1.91770099e-03+1.08963990e-03j],
          [ 1.75900233e-03-1.33071522e-03j,
           -6.79031863e-02+2.16692091e-02j,
            9.95385996e-01-1.76857145e-02j,
            6.04623912e-02+1.23681716e-02j],
          [-2.60002961e-05+3.73414829e-05j,
            1.75900233e-03-1.33071522e-03j,
           -5.73026691e-02+2.29145486e-02j,
            9.85214685e-01-1.59807648e-01j]],
         input_dims=(2, 2), output_dims=(2, 2))"
"Operator([[ 9.85214685e-01-1.59807648e-01j,
            6.16128527e-02+3.53960590e-03j,
            2.14860374e-03+4.98391590e-04j,
            4.27302982e-05+1.56372428e-05j],
          [-6.00035165e-02+1.44308844e-02j,
            9.95385996e-01-1.76857145e-02j,
            7.06856709e-02+9.16150986e-03j,
            2.14860374e-03+4.98391590e-04j],
          [ 2.06513061e-03-7.74679141e-04j,
           -7.03145329e-02+1.16732085e-02j,
            9.95385996e-01-1.76857145e-02j,
            6.16128527e-02+3.53960590e-03j],
          [-3.92729927e-05+2.29789858e-05j,
            2.06513061e-03-7.74679141e-04j,
           -6.00035165e-02+1.44308844e-02j,
            9.85214685e-01-1.59807648e-01j]],
         input_dims=(2, 2), output_dims=(2, 2))"
"Operator([[ 9.85214685e-01-1.59807648e-01j,
            5.50476864e-03+6.14684467e-02j,
           -2.20092402e-03+1.44310927e-04j,
           -4.05752853e-06-4.53203950e-05j],
          [ 5.50476864e-03+6.14684467e-02j,
            9.95385996e-01-1.76857145e-02j,
            1.26948548e-03+7.12656000e-02j,
           -2.20092402e-03+1.44310927e-04j],
          [-2.20092402e-03+1.44310927e-04j,
            1.26948548e-03+7.12656000e-02j,
            9.95385996e-01-1.76857145e-02j,
            5.50476864e-03+6.14684467e-02j],
          [-4.05752853e-06-4.53203950e-05j,
           -2.20092402e-03+1.44310927e-04j,
            5.50476864e-03+6.14684467e-02j,
            9.85214685e-01-1.59807648e-01j]],
         input_dims=(2, 2), output_dims=(2, 2))"
