unitary
"Operator([[ 0.14873993-0.87453732j, -0.11672649-0.42375661j,
           -0.12477544-0.06064554j, -0.01693554+0.01823645j],
          [-0.41983025-0.13014338j,  0.71834518-0.06185492j,
            0.19146118-0.48068208j, -0.12477544-0.06064554j],
          [-0.00282912+0.13870396j, -0.30162568-0.42039814j,
            0.71834518-0.06185492j, -0.11672649-0.42375661j],
          [ 0.01927321-0.0157456j , -0.00282912+0.13870396j,
           -0.41983025-0.13014338j,  0.14873993-0.87453732j]],
         input_dims=(2, 2), output_dims=(2, 2))"
"Operator([[ 0.14873993-0.87453732j,  0.30581933+0.31570441j,
           -0.11834605+0.07239479j, -0.01703118-0.01814716j],
          [ 0.30581933+0.31570441j,  0.71834518-0.06185492j,
            0.06279007+0.51358549j, -0.11834605+0.07239479j],
          [-0.11834605+0.07239479j,  0.06279007+0.51358549j,
            0.71834518-0.06185492j,  0.30581933+0.31570441j],
          [-0.01703118-0.01814716j, -0.11834605+0.07239479j,
            0.30581933+0.31570441j,  0.14873993-0.87453732j]],
         input_dims=(2, 2), output_dims=(2, 2))"
"Operator([[ 0.14873993-0.87453732j, -0.4238261 -0.11647392j,
            0.00615922+0.13859602j,  0.01765405-0.01754182j],
          [-0.10293687-0.42731574j,  0.71834518-0.06185492j,
           -0.3150869 -0.41040577j,  0.00615922+0.13859602j],
          [-0.12058615-0.06859864j,  0.20693322-0.47422704j,
            0.71834518-0.06185492j, -0.4238261 -0.11647392j],
          [-0.01862552+0.01650669j, -0.12058615-0.06859864j,
           -0.10293687-0.42731574j,  0.14873993-0.87453732j]],
         input_dims=(2, 2), output_dims=(2, 2))"
"Operator([[ 0.14873993-0.87453732j,  0.14451871+0.41510129j,
           -0.13169273-0.04363276j,  0.01300225-0.0212208j ],
          [ 0.41029548+0.1576463j ,  0.71834518-0.06185492j,
           -0.15922526+0.49230068j, -0.13169273-0.04363276j],
          [-0.02112553+0.13711493j,  0.27313834+0.43944066j,
            0.71834518-0.06185492j,  0.14451871+0.41510129j],
          [-0.02200225+0.01163106j, -0.02112553+0.13711493j,
            0.41029548+0.1576463j ,  0.14873993-0.87453732j]],
         input_dims=(2, 2), output_dims=(2, 2))"
"Operator([[ 0.14873993-0.87453732j,  0.30581933+0.31570441j,
           -0.11834605+0.07239479j, -0.01703118-0.01814716j],
          [ 0.30581933+0.31570441j,  0.71834518-0.06185492j,
            0.06279007+0.51358549j, -0.11834605+0.07239479j],
          [-0.11834605+0.07239479j,  0.06279007+0.51358549j,
            0.71834518-0.06185492j,  0.30581933+0.31570441j],
          [-0.01703118-0.01814716j, -0.11834605+0.07239479j,
            0.30581933+0.31570441j,  0.14873993-0.87453732j]],
         input_dims=(2, 2), output_dims=(2, 2))"
