unitary
"Operator([[ 9.48847733e-01-2.94128629e-01j,
            1.90228649e-02+1.12941502e-01j,
           -7.59729104e-03+9.33129995e-04j,
           -4.89696385e-05-2.91021886e-04j],
          [ 1.90228649e-02+1.12941502e-01j,
            9.84006562e-01-3.22239178e-02j,
            4.37155056e-03+1.32277562e-01j,
           -7.59729104e-03+9.33129995e-04j],
          [-7.59729104e-03+9.33129995e-04j,
            4.37155056e-03+1.32277562e-01j,
            9.84006562e-01-3.22239178e-02j,
            1.90228649e-02+1.12941502e-01j],
          [-4.89696385e-05-2.91021886e-04j,
           -7.59729104e-03+9.33129995e-04j,
            1.90228649e-02+1.12941502e-01j,
            9.48847733e-01-2.94128629e-01j]],
         input_dims=(2, 2), output_dims=(2, 2))"
"Operator([[ 9.48847733e-01-2.94128629e-01j,
            1.05833378e-01+4.37829691e-02j,
            4.16118949e-03+6.42448945e-03j,
            1.77353326e-05+2.94579737e-04j],
          [-8.56522821e-02+7.60351153e-02j,
            9.84006562e-01-3.22239178e-02j,
            1.14453264e-01+6.64598693e-02j,
            4.16118949e-03+6.42448945e-03j],
          [ 2.48279649e-03-7.24053067e-03j,
           -1.09815547e-01+7.38715757e-02j,
            9.84006562e-01-3.22239178e-02j,
            1.05833378e-01+4.37829691e-02j],
          [ 7.96482802e-05+2.84161776e-04j,
            2.48279649e-03-7.24053067e-03j,
           -8.56522821e-02+7.60351153e-02j,
            9.48847733e-01-2.94128629e-01j]],
         input_dims=(2, 2), output_dims=(2, 2))"
"Operator([[ 9.48847733e-01-2.94128629e-01j,
            1.11917575e-01+2.43332804e-02j,
            6.14093252e-03+4.56930088e-03j,
            1.65325328e-04+2.44457153e-04j],
          [-9.77719205e-02+5.96515194e-02j,
            9.84006562e-01-3.22239178e-02j,
            1.24419982e-01+4.51235206e-02j,
            6.14093252e-03+4.56930088e-03j],
          [ 4.85264618e-03-5.91957665e-03j,
           -1.21169239e-01+5.32398305e-02j,
            9.84006562e-01-3.22239178e-02j,
            1.11917575e-01+2.43332804e-02j],
          [-7.62176811e-05+2.85101085e-04j,
            4.85264618e-03-5.91957665e-03j,
           -9.77719205e-02+5.96515194e-02j,
            9.48847733e-01-2.94128629e-01j]],
         input_dims=(2, 2), output_dims=(2, 2))"
"Operator([[ 9.48847733e-01-2.94128629e-01j,
            1.14349834e-01+6.46278984e-03j,
            7.25506461e-03+2.44000005e-03j,
            2.58523301e-04+1.42328725e-04j],
          [-1.05923811e-01+4.35637290e-02j,
            9.84006562e-01-3.22239178e-02j,
            1.29960882e-01+2.50326430e-02j,
            7.25506461e-03+2.44000005e-03j],
          [ 6.44894803e-03-4.12318227e-03j,
           -1.28024539e-01+3.35586265e-02j,
            9.84006562e-01-3.22239178e-02j,
            1.14349834e-01+6.46278984e-03j],
          [-1.97706855e-04+2.19097611e-04j,
            6.44894803e-03-4.12318227e-03j,
           -1.05923811e-01+4.35637290e-02j,
            9.48847733e-01-2.94128629e-01j]],
         input_dims=(2, 2), output_dims=(2, 2))"
"Operator([[ 9.48847733e-01-2.94128629e-01j,
            1.90228649e-02+1.12941502e-01j,
           -7.59729104e-03+9.33129995e-04j,
           -4.89696385e-05-2.91021886e-04j],
          [ 1.90228649e-02+1.12941502e-01j,
            9.84006562e-01-3.22239178e-02j,
            4.37155056e-03+1.32277562e-01j,
           -7.59729104e-03+9.33129995e-04j],
          [-7.59729104e-03+9.33129995e-04j,
            4.37155056e-03+1.32277562e-01j,
            9.84006562e-01-3.22239178e-02j,
            1.90228649e-02+1.12941502e-01j],
          [-4.89696385e-05-2.91021886e-04j,
           -7.59729104e-03+9.33129995e-04j,
            1.90228649e-02+1.12941502e-01j,
            9.48847733e-01-2.94128629e-01j]],
         input_dims=(2, 2), output_dims=(2, 2))"
"Operator([[ 9.48847733e-01-2.94128629e-01j,
            1.12816696e-01-1.97495633e-02j,
            7.58464698e-03-1.03087000e-03j,
            2.90021895e-04-5.45808001e-05j],
          [-1.13061626e-01+1.82953781e-02j,
            9.84006562e-01-3.22239178e-02j,
            1.32246678e-01-5.22303388e-03j,
            7.58464698e-03-1.03087000e-03j],
          [ 7.60867562e-03-8.35235291e-04j,
           -1.32302964e-01+3.51988607e-03j,
            9.84006562e-01-3.22239178e-02j,
            1.12816696e-01-1.97495633e-02j],
          [-2.91913326e-04+4.33402112e-05j,
            7.60867562e-03-8.35235291e-04j,
           -1.13061626e-01+1.82953781e-02j,
            9.48847733e-01-2.94128629e-01j]],
         input_dims=(2, 2), output_dims=(2, 2))"
"Operator([[ 9.48847733e-01-2.94128629e-01j,
            1.12374909e-01-2.21253726e-02j,
            7.53440586e-03-1.34992262e-03j,
            2.85988486e-04-7.28172323e-05j],
          [-1.13422456e-01+1.59059329e-02j,
            9.84006562e-01-3.22239178e-02j,
            1.32107046e-01-8.01201013e-03j,
            7.53440586e-03-1.34992262e-03j],
          [ 7.63713772e-03-5.13507691e-04j,
           -1.32347778e-01+7.27776230e-04j,
            9.84006562e-01-3.22239178e-02j,
            1.12374909e-01-2.21253726e-02j],
          [-2.94070259e-04+2.47880283e-05j,
            7.63713772e-03-5.13507691e-04j,
           -1.13422456e-01+1.59059329e-02j,
            9.48847733e-01-2.94128629e-01j]],
         input_dims=(2, 2), output_dims=(2, 2))"
"Operator([[ 9.48847733e-01-2.94128629e-01j,
            1.90228649e-02+1.12941502e-01j,
           -7.59729104e-03+9.33129995e-04j,
           -4.89696385e-05-2.91021886e-04j],
          [ 1.90228649e-02+1.12941502e-01j,
            9.84006562e-01-3.22239178e-02j,
            4.37155056e-03+1.32277562e-01j,
           -7.59729104e-03+9.33129995e-04j],
          [-7.59729104e-03+9.33129995e-04j,
            4.37155056e-03+1.32277562e-01j,
            9.84006562e-01-3.22239178e-02j,
            1.90228649e-02+1.12941502e-01j],
          [-4.89696385e-05-2.91021886e-04j,
           -7.59729104e-03+9.33129995e-04j,
            1.90228649e-02+1.12941502e-01j,
            9.48847733e-01-2.94128629e-01j]],
         input_dims=(2, 2), output_dims=(2, 2))"
"Operator([[ 9.48847733e-01-2.94128629e-01j,
           -1.08309152e-01+3.72394929e-02j,
            6.88966712e-03-3.33497371e-03j,
           -2.33208858e-04+1.80846321e-04j],
          [ 1.14531942e-01-2.93884646e-04j,
            9.84006562e-01-3.22239178e-02j,
           -1.29781200e-01+2.59481060e-02j,
            6.88966712e-03-3.33497371e-03j],
          [ 7.49193977e-03+1.56856662e-03j,
            1.31211228e-01+1.73227460e-02j,
            9.84006562e-01-3.22239178e-02j,
           -1.08309152e-01+3.72394929e-02j],
          [ 2.79551769e-04+9.45651730e-05j,
            7.49193977e-03+1.56856662e-03j,
            1.14531942e-01-2.93884646e-04j,
            9.48847733e-01-2.94128629e-01j]],
         input_dims=(2, 2), output_dims=(2, 2))"
"Operator([[ 9.48847733e-01-2.94128629e-01j,
           -1.07185655e-01+4.03594794e-02j,
            6.68510145e-03-3.72813376e-03j,
           -2.16640423e-04+2.00396334e-04j],
          [ 1.14492444e-01+3.02198648e-03j,
            9.84006562e-01-3.22239178e-02j,
           -1.28975593e-01+2.96944501e-02j,
            6.68510145e-03-3.72813376e-03j],
          [ 7.38859812e-03+1.99954510e-03j,
            1.30654730e-01+2.11141054e-02j,
            9.84006562e-01-3.22239178e-02j,
           -1.07185655e-01+4.03594794e-02j],
          [ 2.70293861e-04+1.18460930e-04j,
            7.38859812e-03+1.99954510e-03j,
            1.14492444e-01+3.02198648e-03j,
            9.48847733e-01-2.94128629e-01j]],
         input_dims=(2, 2), output_dims=(2, 2))"
"Operator([[ 9.48847733e-01-2.94128629e-01j,
            1.90228649e-02+1.12941502e-01j,
           -7.59729104e-03+9.33129995e-04j,
           -4.89696385e-05-2.91021886e-04j],
          [ 1.90228649e-02+1.12941502e-01j,
            9.84006562e-01-3.22239178e-02j,
            4.37155056e-03+1.32277562e-01j,
           -7.59729104e-03+9.33129995e-04j],
          [-7.59729104e-03+9.33129995e-04j,
            4.37155056e-03+1.32277562e-01j,
            9.84006562e-01-3.22239178e-02j,
            1.90228649e-02+1.12941502e-01j],
          [-4.89696385e-05-2.91021886e-04j,
           -7.59729104e-03+9.33129995e-04j,
            1.90228649e-02+1.12941502e-01j,
            9.48847733e-01-2.94128629e-01j]],
         input_dims=(2, 2), output_dims=(2, 2))"
"Operator([[ 9.48847733e-01-2.94128629e-01j,
           -9.93245428e-02+5.70288295e-02j,
            5.16068586e-03-5.65304203e-03j,
           -9.87118135e-05+2.78114619e-04j],
          [ 1.12525422e-01+2.13467003e-02j,
            9.84006562e-01-3.22239178e-02j,
           -1.22542971e-01+4.99968421e-02j,
            5.16068586e-03-5.65304203e-03j],
          [ 6.37531562e-03+4.23614370e-03j,
            1.25576600e-01+4.17969083e-02j,
            9.84006562e-01-3.22239178e-02j,
           -9.93245428e-02+5.70288295e-02j],
          [ 1.84294276e-04+2.30493782e-04j,
            6.37531562e-03+4.23614370e-03j,
            1.12525422e-01+2.13467003e-02j,
            9.48847733e-01-2.94128629e-01j]],
         input_dims=(2, 2), output_dims=(2, 2))"
"Operator([[ 9.48847733e-01-2.94128629e-01j,
            1.90228649e-02+1.12941502e-01j,
           -7.59729104e-03+9.33129995e-04j,
           -4.89696385e-05-2.91021886e-04j],
          [ 1.90228649e-02+1.12941502e-01j,
            9.84006562e-01-3.22239178e-02j,
            4.37155056e-03+1.32277562e-01j,
           -7.59729104e-03+9.33129995e-04j],
          [-7.59729104e-03+9.33129995e-04j,
            4.37155056e-03+1.32277562e-01j,
            9.84006562e-01-3.22239178e-02j,
            1.90228649e-02+1.12941502e-01j],
          [-4.89696385e-05-2.91021886e-04j,
           -7.59729104e-03+9.33129995e-04j,
            1.90228649e-02+1.12941502e-01j,
            9.48847733e-01-2.94128629e-01j]],
         input_dims=(2, 2), output_dims=(2, 2))"
"Operator([[ 9.48847733e-01-2.94128629e-01j,
           -9.10588731e-02+6.94689414e-02j,
            3.52716577e-03-6.79328082e-03j,
            1.48780197e-05+2.94737863e-04j],
          [ 1.08790794e-01+3.58080361e-02j,
            9.84006562e-01-3.22239178e-02j,
           -1.14994943e-01+6.55181428e-02j,
            3.52716577e-03-6.79328082e-03j],
          [ 5.06628360e-03+5.73779863e-03j,
            1.19069828e-01+5.77826965e-02j,
            9.84006562e-01-3.22239178e-02j,
           -9.10588731e-02+6.94689414e-02j],
          [ 8.23999939e-05+2.83376083e-04j,
            5.06628360e-03+5.73779863e-03j,
            1.08790794e-01+3.58080361e-02j,
            9.48847733e-01-2.94128629e-01j]],
         input_dims=(2, 2), output_dims=(2, 2))"
"Operator([[ 9.48847733e-01-2.94128629e-01j,
           -8.73996338e-02+7.40199718e-02j,
            2.81722295e-03-7.11707929e-03j,
            5.96170854e-05+2.89028661e-04j],
          [ 1.06824223e-01+4.13066278e-02j,
            9.84006562e-01-3.22239178e-02j,
           -1.11505965e-01+7.12943455e-02j,
            2.81722295e-03-7.11707929e-03j],
          [ 4.45580085e-03+6.22377711e-03j,
            1.15969834e-01+6.37766536e-02j,
            9.84006562e-01-3.22239178e-02j,
           -8.73996338e-02+7.40199718e-02j],
          [ 3.82562134e-05+2.92623009e-04j,
            4.45580085e-03+6.22377711e-03j,
            1.06824223e-01+4.13066278e-02j,
            9.48847733e-01-2.94128629e-01j]],
         input_dims=(2, 2), output_dims=(2, 2))"
