unitary
"Operator([[-0.0039255 +0.72795417j,  0.211986  +0.36300672j,
            0.37514508+0.19562164j, -0.250168  -0.22752954j],
          [-0.21591883+0.3606813j ,  0.01217543+0.24558036j,
           -0.19222369-0.73951234j,  0.37514508+0.19562164j],
          [-0.36610948+0.21205072j,  0.55534588-0.52480416j,
            0.01217543+0.24558036j,  0.211986  +0.36300672j],
          [ 0.23551152+0.2426686j , -0.36610948+0.21205072j,
           -0.21591883+0.3606813j , -0.0039255 +0.72795417j]],
         input_dims=(2, 2), output_dims=(2, 2))"
"Operator([[-0.0039255 +0.72795417j,  0.00228445-0.42036498j,
            0.00937492+0.422982j  , -0.23521325+0.24295771j],
          [ 0.00228445-0.42036498j,  0.01217543+0.24558036j,
           -0.21092495+0.73439711j,  0.00937492+0.422982j  ],
          [ 0.00937492+0.422982j  , -0.21092495+0.73439711j,
            0.01217543+0.24558036j,  0.00228445-0.42036498j],
          [-0.23521325+0.24295771j,  0.00937492+0.422982j  ,
            0.00228445-0.42036498j, -0.0039255 +0.72795417j]],
         input_dims=(2, 2), output_dims=(2, 2))"
"Operator([[-0.0039255 +0.72795417j, -0.32304197-0.26899038j,
            0.41333399-0.09031428j,  0.32249044-0.10175283j],
          [ 0.32594643-0.26546349j,  0.01217543+0.24558036j,
            0.43282096+0.62967807j,  0.41333399-0.09031428j],
          [-0.41692957-0.07191242j, -0.70099185+0.30403762j,
            0.01217543+0.24558036j, -0.32304197-0.26899038j],
          [ 0.0912561 -0.32561641j, -0.41692957-0.07191242j,
            0.32594643-0.26546349j, -0.0039255 +0.72795417j]],
         input_dims=(2, 2), output_dims=(2, 2))"
"Operator([[-0.0039255 +0.72795417j,  0.00228445-0.42036498j,
            0.00937492+0.422982j  , -0.23521325+0.24295771j],
          [ 0.00228445-0.42036498j,  0.01217543+0.24558036j,
           -0.21092495+0.73439711j,  0.00937492+0.422982j  ],
          [ 0.00937492+0.422982j  , -0.21092495+0.73439711j,
            0.01217543+0.24558036j,  0.00228445-0.42036498j],
          [-0.23521325+0.24295771j,  0.00937492+0.422982j  ,
            0.00228445-0.42036498j, -0.0039255 +0.72795417j]],
         input_dims=(2, 2), output_dims=(2, 2))"
"Operator([[-0.0039255 +0.72795417j, -0.3834652 -0.1722393j ,
            0.30681182-0.29132142j,  0.14665734-0.30470534j],
          [ 0.38531455-0.16806142j,  0.01217543+0.24558036j,
            0.58617123+0.49013441j,  0.30681182-0.29132142j],
          [-0.31941782-0.27744174j, -0.75692263+0.10438671j,
            0.01217543+0.24558036j, -0.3834652 -0.1722393j ],
          [ 0.29979626-0.15644784j, -0.31941782-0.27744174j,
            0.38531455-0.16806142j, -0.0039255 +0.72795417j]],
         input_dims=(2, 2), output_dims=(2, 2))"
