unitary
"Operator([[ 0.36987224-0.83919507j,  0.24910865+0.29444711j,
           -0.08297925+0.0555727j , -0.01085344-0.01001329j],
          [ 0.20807439+0.32474493j,  0.79549348-0.07168081j,
            0.07850924+0.44402722j, -0.08297925+0.0555727j ],
          [-0.09462795+0.03192857j,  0.01922805+0.45050434j,
            0.79549348-0.07168081j,  0.24910865+0.29444711j],
          [-0.00613706-0.0134313j , -0.09462795+0.03192857j,
            0.20807439+0.32474493j,  0.36987224-0.83919507j]],
         input_dims=(2, 2), output_dims=(2, 2))"
"Operator([[ 0.36987224-0.83919507j,  0.38538715-0.01519752j,
            0.07405802+0.06700218j,  0.00586102+0.01355403j],
          [-0.1279662 +0.36383907j,  0.79549348-0.07168081j,
            0.39833042+0.21132144j,  0.07405802+0.06700218j],
          [-0.00799616-0.0995487j , -0.34329857+0.29235247j,
            0.79549348-0.07168081j,  0.38538715-0.01519752j],
          [ 0.01105601+0.00978917j, -0.00799616-0.0995487j ,
           -0.1279662 +0.36383907j,  0.36987224-0.83919507j]],
         input_dims=(2, 2), output_dims=(2, 2))"
"Operator([[ 0.36987224-0.83919507j,  0.22909293+0.31027511j,
           -0.08958706+0.04413662j, -0.00866545-0.01195714j],
          [ 0.22909293+0.31027511j,  0.79549348-0.07168081j,
            0.04897584+0.44824686j, -0.08958706+0.04413662j],
          [-0.08958706+0.04413662j,  0.04897584+0.44824686j,
            0.79549348-0.07168081j,  0.22909293+0.31027511j],
          [-0.00866545-0.01195714j, -0.08958706+0.04413662j,
            0.22909293+0.31027511j,  0.36987224-0.83919507j]],
         input_dims=(2, 2), output_dims=(2, 2))"
"Operator([[ 0.36987224-0.83919507j, -0.36031708+0.13757114j,
            0.09951046+0.00845875j, -0.01451027-0.00274142j],
          [ 0.23753847-0.30385802j,  0.79549348-0.07168081j,
           -0.44497753-0.07293059j,  0.09951046+0.00845875j],
          [ 0.05393202-0.08405486j,  0.41872973-0.16729999j,
            0.79549348-0.07168081j, -0.36031708+0.13757114j],
          [ 0.00191185-0.01464268j,  0.05393202-0.08405486j,
            0.23753847-0.30385802j,  0.36987224-0.83919507j]],
         input_dims=(2, 2), output_dims=(2, 2))"
"Operator([[ 0.36987224-0.83919507j,  0.22909293+0.31027511j,
           -0.08958706+0.04413662j, -0.00866545-0.01195714j],
          [ 0.22909293+0.31027511j,  0.79549348-0.07168081j,
            0.04897584+0.44824686j, -0.08958706+0.04413662j],
          [-0.08958706+0.04413662j,  0.04897584+0.44824686j,
            0.79549348-0.07168081j,  0.22909293+0.31027511j],
          [-0.00866545-0.01195714j, -0.08958706+0.04413662j,
            0.22909293+0.31027511j,  0.36987224-0.83919507j]],
         input_dims=(2, 2), output_dims=(2, 2))"
"Operator([[ 3.69872239e-01-0.83919507j, -3.65154227e-01+0.12416364j,
            9.86140742e-02+0.01578437j, -1.41178417e-02-0.0043301j ],
          [ 2.26148845e-01-0.31242746j,  7.95493485e-01-0.07168081j,
           -4.41978921e-01-0.0893225j ,  9.86140742e-02+0.01578437j],
          [ 4.75774222e-02-0.08780815j,  4.12262136e-01-0.18265762j,
            7.95493485e-01-0.07168081j, -3.65154227e-01+0.12416364j],
          [ 2.79948717e-04-0.01476431j,  4.75774222e-02-0.08780815j,
            2.26148845e-01-0.31242746j,  3.69872239e-01-0.83919507j]],
         input_dims=(2, 2), output_dims=(2, 2))"
