unitary
"Operator([[ 8.69959337e-01-4.58005189e-01j,
           -1.52900834e-01-9.81730968e-02j,
            1.72686108e-03+1.95169752e-02j,
            7.65034987e-04-9.46864571e-04j],
          [ 8.10978668e-02-1.62603069e-01j,
            9.59166425e-01-4.90174130e-02j,
           -1.48396846e-01-1.48912461e-01j,
            1.72686108e-03+1.95169752e-02j],
          [-5.87476135e-03-1.86917509e-02j,
            1.32026958e-01-1.63601429e-01j,
            9.59166425e-01-4.90174130e-02j,
           -1.52900834e-01-9.81730968e-02j],
          [-1.14132826e-03-4.23321199e-04j,
           -5.87476135e-03-1.86917509e-02j,
            8.10978668e-02-1.62603069e-01j,
            8.69959337e-01-4.58005189e-01j]],
         input_dims=(2, 2), output_dims=(2, 2))"
"Operator([[ 8.69959337e-01-0.45800519j,  4.82361054e-02+0.17518533j,
           -1.92166063e-02+0.00382314j, -3.22371794e-04-0.00117384j],
          [ 4.82361054e-02+0.17518533j,  9.59166425e-01-0.04901741j,
            1.09970339e-02+0.20994192j, -1.92166063e-02+0.00382314j],
          [-1.92166063e-02+0.00382314j,  1.09970339e-02+0.20994192j,
            9.59166425e-01-0.04901741j,  4.82361054e-02+0.17518533j],
          [-3.22371794e-04-0.00117384j, -1.92166063e-02+0.00382314j,
            4.82361054e-02+0.17518533j,  8.69959337e-01-0.45800519j]],
         input_dims=(2, 2), output_dims=(2, 2))"
"Operator([[ 8.69959337e-01-0.45800519j,  4.82361054e-02+0.17518533j,
           -1.92166063e-02+0.00382314j, -3.22371794e-04-0.00117384j],
          [ 4.82361054e-02+0.17518533j,  9.59166425e-01-0.04901741j,
            1.09970339e-02+0.20994192j, -1.92166063e-02+0.00382314j],
          [-1.92166063e-02+0.00382314j,  1.09970339e-02+0.20994192j,
            9.59166425e-01-0.04901741j,  4.82361054e-02+0.17518533j],
          [-3.22371794e-04-0.00117384j, -1.92166063e-02+0.00382314j,
            4.82361054e-02+0.17518533j,  8.69959337e-01-0.45800519j]],
         input_dims=(2, 2), output_dims=(2, 2))"
"Operator([[ 8.69959337e-01-0.45800519j,  4.82361054e-02+0.17518533j,
           -1.92166063e-02+0.00382314j, -3.22371794e-04-0.00117384j],
          [ 4.82361054e-02+0.17518533j,  9.59166425e-01-0.04901741j,
            1.09970339e-02+0.20994192j, -1.92166063e-02+0.00382314j],
          [-1.92166063e-02+0.00382314j,  1.09970339e-02+0.20994192j,
            9.59166425e-01-0.04901741j,  4.82361054e-02+0.17518533j],
          [-3.22371794e-04-0.00117384j, -1.92166063e-02+0.00382314j,
            4.82361054e-02+0.17518533j,  8.69959337e-01-0.45800519j]],
         input_dims=(2, 2), output_dims=(2, 2))"
"Operator([[ 8.69959337e-01-0.45800519j, -1.15918493e-01+0.13992686j,
            3.00262295e-03-0.01936178j,  6.13349284e-04+0.00105149j],
          [ 1.71206278e-01+0.06086898j,  9.59166425e-01-0.04901741j,
           -1.65742666e-01+0.1293287j ,  3.00262295e-03-0.01936178j],
          [ 1.01847041e-02+0.01673817j,  1.78347366e-01+0.11130482j,
            9.59166425e-01-0.04901741j, -1.15918493e-01+0.13992686j],
          [ 9.71811989e-06+0.00121727j,  1.01847041e-02+0.01673817j,
            1.71206278e-01+0.06086898j,  8.69959337e-01-0.45800519j]],
         input_dims=(2, 2), output_dims=(2, 2))"
"Operator([[ 0.86995934-4.58005189e-01j, -0.02786821+1.79554963e-01j,
           -0.01561038-1.18410459e-02j,  0.00102431-6.57743181e-04j],
          [ 0.11585082+1.39982891e-01j,  0.95916643-4.90174130e-02j,
           -0.07608708+1.95977807e-01j, -0.01561038-1.18410459e-02j],
          [-0.00988952+1.69142485e-02j,  0.09614566+1.86956030e-01j,
            0.95916643-4.90174130e-02j, -0.02786821+1.79554963e-01j],
          [-0.00121657-4.23328923e-05j, -0.00988952+1.69142485e-02j,
            0.11585082+1.39982891e-01j,  0.86995934-4.58005189e-01j]],
         input_dims=(2, 2), output_dims=(2, 2))"
"Operator([[ 8.69959337e-01-0.45800519j,  1.66349474e-01+0.07310591j,
            7.66031577e-03+0.01803369j, -2.53081791e-04+0.00119071j],
          [-1.05482387e-01+0.14795299j,  9.59166425e-01-0.04901741j,
            1.69819856e-01+0.12392644j,  7.66031577e-03+0.01803369j],
          [ 1.74600087e-04-0.01959244j, -1.55943167e-01+0.14099033j,
            9.59166425e-01-0.04901741j,  1.66349474e-01+0.07310591j],
          [ 8.25722647e-04+0.00089443j,  1.74600087e-04-0.01959244j,
           -1.05482387e-01+0.14795299j,  8.69959337e-01-0.45800519j]],
         input_dims=(2, 2), output_dims=(2, 2))"
"Operator([[ 8.69959337e-01-0.45800519j,  4.82361054e-02+0.17518533j,
           -1.92166063e-02+0.00382314j, -3.22371794e-04-0.00117384j],
          [ 4.82361054e-02+0.17518533j,  9.59166425e-01-0.04901741j,
            1.09970339e-02+0.20994192j, -1.92166063e-02+0.00382314j],
          [-1.92166063e-02+0.00382314j,  1.09970339e-02+0.20994192j,
            9.59166425e-01-0.04901741j,  4.82361054e-02+0.17518533j],
          [-3.22371794e-04-0.00117384j, -1.92166063e-02+0.00382314j,
            4.82361054e-02+0.17518533j,  8.69959337e-01-0.45800519j]],
         input_dims=(2, 2), output_dims=(2, 2))"
"Operator([[ 8.69959337e-01-0.45800519j,  1.14970792e-01-0.14070657j,
            2.74081848e-03-0.01940057j, -6.34527203e-04-0.00103885j],
          [-1.70791268e-01-0.0620239j ,  9.59166425e-01-0.04901741j,
            1.64865408e-01-0.13044517j,  2.74081848e-03-0.01940057j],
          [ 9.95768312e-03+0.01687421j, -1.77591553e-01-0.11250682j,
            9.59166425e-01-0.04901741j,  1.14970792e-01-0.14070657j],
          [ 1.49463877e-05-0.00121721j,  9.95768312e-03+0.01687421j,
           -1.70791268e-01-0.0620239j ,  8.69959337e-01-0.45800519j]],
         input_dims=(2, 2), output_dims=(2, 2))"
"Operator([[ 8.69959337e-01-0.45800519j,  4.82361054e-02+0.17518533j,
           -1.92166063e-02+0.00382314j, -3.22371794e-04-0.00117384j],
          [ 4.82361054e-02+0.17518533j,  9.59166425e-01-0.04901741j,
            1.09970339e-02+0.20994192j, -1.92166063e-02+0.00382314j],
          [-1.92166063e-02+0.00382314j,  1.09970339e-02+0.20994192j,
            9.59166425e-01-0.04901741j,  4.82361054e-02+0.17518533j],
          [-3.22371794e-04-0.00117384j, -1.92166063e-02+0.00382314j,
            4.82361054e-02+0.17518533j,  8.69959337e-01-0.45800519j]],
         input_dims=(2, 2), output_dims=(2, 2))"
"Operator([[ 8.69959337e-01-0.45800519j,  4.82361054e-02+0.17518533j,
           -1.92166063e-02+0.00382314j, -3.22371794e-04-0.00117384j],
          [ 4.82361054e-02+0.17518533j,  9.59166425e-01-0.04901741j,
            1.09970339e-02+0.20994192j, -1.92166063e-02+0.00382314j],
          [-1.92166063e-02+0.00382314j,  1.09970339e-02+0.20994192j,
            9.59166425e-01-0.04901741j,  4.82361054e-02+0.17518533j],
          [-3.22371794e-04-0.00117384j, -1.92166063e-02+0.00382314j,
            4.82361054e-02+0.17518533j,  8.69959337e-01-0.45800519j]],
         input_dims=(2, 2), output_dims=(2, 2))"
"Operator([[ 0.86995934-4.58005189e-01j,  0.05581901-1.72918653e-01j,
           -0.01114905-1.61118923e-02j, -0.0012117 +1.16713347e-04j],
          [-0.13646517-1.19974496e-01j,  0.95916643-4.90174130e-02j,
            0.10602358-1.81536621e-01j, -0.01114905-1.61118923e-02j],
          [-0.00413324+1.91523025e-02j, -0.12440957-1.69466229e-01j,
            0.95916643-4.90174130e-02j,  0.05581901-1.72918653e-01j],
          [ 0.00110135-5.18517164e-04j, -0.00413324+1.91523025e-02j,
           -0.13646517-1.19974496e-01j,  0.86995934-4.58005189e-01j]],
         input_dims=(2, 2), output_dims=(2, 2))"
"Operator([[ 0.86995934-4.58005189e-01j, -0.0326197 +1.78752838e-01j,
           -0.01496067-1.26519888e-02j,  0.00107334-5.74253767e-04j],
          [ 0.11952203+1.36861631e-01j,  0.95916643-4.90174130e-02j,
           -0.0812571 +1.93891279e-01j, -0.01496067-1.26519888e-02j],
          [-0.00897889+1.74147613e-02j,  0.1010694 +1.84340777e-01j,
            0.95916643-4.90174130e-02j, -0.0326197 +1.78752838e-01j],
          [-0.00121608+5.44901483e-05j, -0.00897889+1.74147613e-02j,
            0.11952203+1.36861631e-01j,  0.86995934-4.58005189e-01j]],
         input_dims=(2, 2), output_dims=(2, 2))"
"Operator([[ 8.69959337e-01-0.45800519j,  4.82361054e-02+0.17518533j,
           -1.92166063e-02+0.00382314j, -3.22371794e-04-0.00117384j],
          [ 4.82361054e-02+0.17518533j,  9.59166425e-01-0.04901741j,
            1.09970339e-02+0.20994192j, -1.92166063e-02+0.00382314j],
          [-1.92166063e-02+0.00382314j,  1.09970339e-02+0.20994192j,
            9.59166425e-01-0.04901741j,  4.82361054e-02+0.17518533j],
          [-3.22371794e-04-0.00117384j, -1.92166063e-02+0.00382314j,
            4.82361054e-02+0.17518533j,  8.69959337e-01-0.45800519j]],
         input_dims=(2, 2), output_dims=(2, 2))"
