unitary
"Operator([[ 0.74613269-0.06537464j,  0.45566193+0.12109377j,
            0.02611516+0.19585579j, -0.01940832-0.42107303j],
          [ 0.46642127+0.06886719j, -0.26480465-0.06377087j,
            0.37353087-0.72453674j,  0.02611516+0.19585579j],
          [ 0.06939733+0.18500136j,  0.28932919-0.76208098j,
           -0.26480465-0.06377087j,  0.45566193+0.12109377j],
          [-0.15851502-0.39057928j,  0.06939733+0.18500136j,
            0.46642127+0.06886719j,  0.74613269-0.06537464j]],
         input_dims=(2, 2), output_dims=(2, 2))"
"Operator([[ 0.74613269-0.06537464j, -0.43859835-0.1729826j ,
           -0.01958453+0.19661622j, -0.12525049+0.40248167j],
          [-0.47125622-0.0144591j , -0.26480465-0.06377087j,
           -0.45482343+0.67647205j, -0.01958453+0.19661622j],
          [ 0.1100477 +0.16410666j, -0.1992458 +0.7904302j ,
           -0.26480465-0.06377087j, -0.43859835-0.1729826j ],
          [ 0.28213137+0.31317898j,  0.1100477 +0.16410666j,
           -0.47125622-0.0144591j ,  0.74613269-0.06537464j]],
         input_dims=(2, 2), output_dims=(2, 2))"
"Operator([[ 0.74613269-0.06537464j, -0.46178053-0.09513271j,
            0.04806364+0.19165432j,  0.09025877+0.41174329j],
          [-0.46178053-0.09513271j, -0.26480465-0.06377087j,
           -0.33196122+0.74450019j,  0.04806364+0.19165432j],
          [ 0.04806364+0.19165432j, -0.33196122+0.74450019j,
           -0.26480465-0.06377087j, -0.46178053-0.09513271j],
          [ 0.09025877+0.41174329j,  0.04806364+0.19165432j,
           -0.46178053-0.09513271j,  0.74613269-0.06537464j]],
         input_dims=(2, 2), output_dims=(2, 2))"
"Operator([[ 0.74613269-0.06537464j, -0.46178053-0.09513271j,
            0.04806364+0.19165432j,  0.09025877+0.41174329j],
          [-0.46178053-0.09513271j, -0.26480465-0.06377087j,
           -0.33196122+0.74450019j,  0.04806364+0.19165432j],
          [ 0.04806364+0.19165432j, -0.33196122+0.74450019j,
           -0.26480465-0.06377087j, -0.46178053-0.09513271j],
          [ 0.09025877+0.41174329j,  0.04806364+0.19165432j,
           -0.46178053-0.09513271j,  0.74613269-0.06537464j]],
         input_dims=(2, 2), output_dims=(2, 2))"
"Operator([[ 0.74613269-0.06537464j,  0.44744079+0.1486211j ,
            0.00210847+0.19757795j,  0.05747112-0.41758383j],
          [ 0.46974975+0.04033191j, -0.26480465-0.06377087j,
            0.41696541-0.70044175j,  0.00210847+0.19757795j],
          [ 0.0913757 +0.17519125j,  0.24237745-0.77828784j,
           -0.26480465-0.06377087j,  0.44744079+0.1486211j ],
          [-0.22688495-0.35524977j,  0.0913757 +0.17519125j,
            0.46974975+0.04033191j,  0.74613269-0.06537464j]],
         input_dims=(2, 2), output_dims=(2, 2))"
