unitary
"Operator([[-0.74011024-0.08357735j, -0.52317292-0.02827206j,
           -0.28754882+0.25303468j,  0.12871222+0.08639871j],
          [-0.49830548+0.1618668j ,  0.25498727+0.15159152j,
            0.09298656-0.69435936j, -0.28754882+0.25303468j],
          [-0.04319746+0.38058488j, -0.16308203-0.68131173j,
            0.25498727+0.15159152j, -0.52317292-0.02827206j],
          [ 0.13506356-0.07608816j, -0.04319746+0.38058488j,
           -0.49830548+0.1618668j , -0.74011024-0.08357735j]],
         input_dims=(2, 2), output_dims=(2, 2))"
"Operator([[-0.74011024-0.08357735j,  0.51951201-0.06794472j,
           -0.17724429+0.33955167j, -0.15490291-0.00605489j],
          [ 0.51951201-0.06794472j,  0.25498727+0.15159152j,
            0.03564974+0.69965028j, -0.17724429+0.33955167j],
          [-0.17724429+0.33955167j,  0.03564974+0.69965028j,
            0.25498727+0.15159152j,  0.51951201-0.06794472j],
          [-0.15490291-0.00605489j, -0.17724429+0.33955167j,
            0.51951201-0.06794472j, -0.74011024-0.08357735j]],
         input_dims=(2, 2), output_dims=(2, 2))"
"Operator([[-0.74011024-0.08357735j,  0.51951201-0.06794472j,
           -0.17724429+0.33955167j, -0.15490291-0.00605489j],
          [ 0.51951201-0.06794472j,  0.25498727+0.15159152j,
            0.03564974+0.69965028j, -0.17724429+0.33955167j],
          [-0.17724429+0.33955167j,  0.03564974+0.69965028j,
            0.25498727+0.15159152j,  0.51951201-0.06794472j],
          [-0.15490291-0.00605489j, -0.17724429+0.33955167j,
            0.51951201-0.06794472j, -0.74011024-0.08357735j]],
         input_dims=(2, 2), output_dims=(2, 2))"
"Operator([[-0.74011024-0.08357735j,  0.51509246+0.09585909j,
           -0.34293758+0.17060096j, -0.08619592-0.12884811j],
          [ 0.47311529-0.2251025j ,  0.25498727+0.15159152j,
           -0.18222054+0.67644445j, -0.34293758+0.17060096j],
          [ 0.05610202+0.37889766j,  0.25003292+0.65441956j,
            0.25498727+0.15159152j,  0.51509246+0.09585909j],
          [-0.09599047+0.12172675j,  0.05610202+0.37889766j,
            0.47311529-0.2251025j , -0.74011024-0.08357735j]],
         input_dims=(2, 2), output_dims=(2, 2))"
"Operator([[-0.74011024-0.08357735j, -0.33885214-0.39961036j,
           -0.23648065-0.30131009j, -0.15408577+0.01700439j],
          [-0.22468626+0.47331311j,  0.25498727+0.15159152j,
            0.56846728-0.409422j  , -0.23648065-0.30131009j],
          [ 0.38241063+0.02174809j, -0.60713818-0.34952061j,
            0.25498727+0.15159152j, -0.33885214-0.39961036j],
          [-0.15228831-0.02898003j,  0.38241063+0.02174809j,
           -0.22468626+0.47331311j, -0.74011024-0.08357735j]],
         input_dims=(2, 2), output_dims=(2, 2))"
