unitary
"Operator([[ 0.37794656+0.62263254j, -0.21715476-0.37432295j,
            0.05907815+0.36311297j, -0.17124007+0.34285104j],
          [-0.21715476-0.37432295j, -0.05533329+0.17745746j,
           -0.28555364+0.74919362j,  0.05907815+0.36311297j],
          [ 0.05907815+0.36311297j, -0.28555364+0.74919362j,
           -0.05533329+0.17745746j, -0.21715476-0.37432295j],
          [-0.17124007+0.34285104j,  0.05907815+0.36311297j,
           -0.21715476-0.37432295j,  0.37794656+0.62263254j]],
         input_dims=(2, 2), output_dims=(2, 2))"
"Operator([[ 0.37794656+0.62263254j,  0.40128251+0.1620068j ,
            0.36650581+0.03185508j, -0.38276125-0.01907423j],
          [-0.0585562 +0.42877154j, -0.05533329+0.17745746j,
           -0.23483643-0.76660538j,  0.36650581+0.03185508j],
          [-0.33750438+0.1463969j ,  0.68551385-0.41581573j,
           -0.05533329+0.17745746j,  0.40128251+0.1620068j ],
          [ 0.2451712 +0.29455234j, -0.33750438+0.1463969j ,
           -0.0585562 +0.42877154j,  0.37794656+0.62263254j]],
         input_dims=(2, 2), output_dims=(2, 2))"
"Operator([[ 0.37794656+0.62263254j, -0.19448789-0.38658546j,
            0.0155071 +0.36756059j, -0.22944971+0.30695738j],
          [-0.23905149-0.36073292j, -0.05533329+0.17745746j,
           -0.32964349+0.73086738j,  0.0155071 +0.36756059j],
          [ 0.10181187+0.35351888j, -0.24045108+0.76486289j,
           -0.05533329+0.17745746j, -0.19448789-0.38658546j],
          [-0.10757771+0.36782745j,  0.10181187+0.35351888j,
           -0.23905149-0.36073292j,  0.37794656+0.62263254j]],
         input_dims=(2, 2), output_dims=(2, 2))"
"Operator([[ 0.37794656+0.62263254j, -0.21715476-0.37432295j,
            0.05907815+0.36311297j, -0.17124007+0.34285104j],
          [-0.21715476-0.37432295j, -0.05533329+0.17745746j,
           -0.28555364+0.74919362j,  0.05907815+0.36311297j],
          [ 0.05907815+0.36311297j, -0.28555364+0.74919362j,
           -0.05533329+0.17745746j, -0.21715476-0.37432295j],
          [-0.17124007+0.34285104j,  0.05907815+0.36311297j,
           -0.21715476-0.37432295j,  0.37794656+0.62263254j]],
         input_dims=(2, 2), output_dims=(2, 2))"
"Operator([[ 0.37794656+0.62263254j,  0.42552454+0.07875739j,
            0.34982025-0.11387296j, -0.32625554+0.20106547j],
          [-0.14285841+0.40849153j, -0.05533329+0.17745746j,
           -0.38294897-0.70440191j,  0.34982025-0.11387296j],
          [-0.36787617+0.0028956j ,  0.7546486 -0.27080889j,
           -0.05533329+0.17745746j,  0.42552454+0.07875739j],
          [ 0.0352313 +0.38161336j, -0.36787617+0.0028956j ,
           -0.14285841+0.40849153j,  0.37794656+0.62263254j]],
         input_dims=(2, 2), output_dims=(2, 2))"
"Operator([[ 0.37794656+0.62263254j, -0.3049824 +0.30701726j,
           -0.23342845-0.2843456j , -0.36306152+0.12270424j],
          [ 0.4179122 -0.11235324j, -0.05533329+0.17745746j,
            0.79767356+0.08092496j, -0.23342845-0.2843456j ],
          [ 0.13124952-0.34367837j, -0.6491734 -0.47053784j,
           -0.05533329+0.17745746j, -0.3049824 +0.30701726j],
          [ 0.11998863+0.36396803j,  0.13124952-0.34367837j,
            0.4179122 -0.11235324j,  0.37794656+0.62263254j]],
         input_dims=(2, 2), output_dims=(2, 2))"
