unitary
"Operator([[ 0.77344283-5.86341408e-01j,  0.07336553-2.26745338e-01j,
           -0.01616059-3.04077677e-02j, -0.00285129-2.51041894e-04j],
          [-0.20445416-1.22451813e-01j,  0.92846514-6.07863960e-02j,
            0.15675607-2.27383551e-01j, -0.01616059-3.04077677e-02j],
          [ 0.0012086 +3.44141853e-02j, -0.18633313-2.03852173e-01j,
            0.92846514-6.07863960e-02j,  0.07336553-2.26745338e-01j],
          [ 0.00198826-2.05905016e-03j,  0.0012086 +3.44141853e-02j,
           -0.20445416-1.22451813e-01j,  0.77344283-5.86341408e-01j]],
         input_dims=(2, 2), output_dims=(2, 2))"
"Operator([[ 0.77344283-0.58634141j,  0.08375764+0.22311568j,
           -0.03326202+0.00891263j, -0.00100171-0.00268132j],
          [ 0.08375764+0.22311568j,  0.92846514-0.0607864j ,
            0.01889794+0.27553332j, -0.03326202+0.00891263j],
          [-0.03326202+0.00891263j,  0.01889794+0.27553332j,
            0.92846514-0.0607864j ,  0.08375764+0.22311568j],
          [-0.00100171-0.00268132j, -0.03326202+0.00891263j,
            0.08375764+0.22311568j,  0.77344283-0.58634141j]],
         input_dims=(2, 2), output_dims=(2, 2))"
"Operator([[ 0.77344283-0.58634141j,  0.21866657+0.0947675j ,
            0.01005944+0.03293334j, -0.00105078+0.00266247j],
          [-0.10228496+0.21525272j,  0.92846514-0.0607864j ,
            0.2113065 +0.17783506j,  0.01005944+0.03293334j],
          [-0.00775513-0.03355078j, -0.18504773+0.20501971j,
            0.92846514-0.0607864j ,  0.21866657+0.0947675j ],
          [ 0.00253909+0.00132134j, -0.00775513-0.03355078j,
           -0.10228496+0.21525272j,  0.77344283-0.58634141j]],
         input_dims=(2, 2), output_dims=(2, 2))"
"Operator([[ 0.77344283-0.58634141j,  0.08375764+0.22311568j,
           -0.03326202+0.00891263j, -0.00100171-0.00268132j],
          [ 0.08375764+0.22311568j,  0.92846514-0.0607864j ,
            0.01889794+0.27553332j, -0.03326202+0.00891263j],
          [-0.03326202+0.00891263j,  0.01889794+0.27553332j,
            0.92846514-0.0607864j ,  0.08375764+0.22311568j],
          [-0.00100171-0.00268132j, -0.03326202+0.00891263j,
            0.08375764+0.22311568j,  0.77344283-0.58634141j]],
         input_dims=(2, 2), output_dims=(2, 2))"
"Operator([[ 0.77344283-0.58634141j,  0.03086884-0.23631137j,
           -0.02597426-0.02260829j, -0.00256315+0.00127403j],
          [-0.17875076-0.15762016j,  0.92846514-0.0607864j ,
            0.11275024-0.25211729j, -0.02597426-0.02260829j],
          [-0.01119004+0.03256655j, -0.14611631-0.23436247j,
            0.92846514-0.0607864j ,  0.03086884-0.23631137j],
          [ 0.00277064-0.00071862j, -0.01119004+0.03256655j,
           -0.17875076-0.15762016j,  0.77344283-0.58634141j]],
         input_dims=(2, 2), output_dims=(2, 2))"
"Operator([[ 0.77344283-0.58634141j, -0.21933209+0.09321685j,
            0.03237937-0.01172065j, -0.00253117+0.00133644j],
          [ 0.22649153-0.07414536j,  0.92846514-0.0607864j ,
           -0.27447388+0.0306567j ,  0.03237937-0.01172065j],
          [ 0.03390164-0.0060395j ,  0.27608924-0.00710464j,
            0.92846514-0.0607864j , -0.21933209+0.09321685j],
          [ 0.00278742-0.00065053j,  0.03390164-0.0060395j ,
            0.22649153-0.07414536j,  0.77344283-0.58634141j]],
         input_dims=(2, 2), output_dims=(2, 2))"
"Operator([[ 0.77344283-0.58634141j, -0.22386413+0.08173616j,
            0.0334178 -0.0083095j , -0.00270751+0.00092859j],
          [ 0.22234898-0.08577226j,  0.92846514-0.0607864j ,
           -0.27569298+0.01640501j,  0.0334178 -0.0083095j ],
          [ 0.03309536-0.00951285j,  0.27535112-0.02138932j,
            0.92846514-0.0607864j , -0.22386413+0.08173616j],
          [ 0.00265315-0.00107409j,  0.03309536-0.00951285j,
            0.22234898-0.08577226j,  0.77344283-0.58634141j]],
         input_dims=(2, 2), output_dims=(2, 2))"
