unitary
"Operator([[ 0.73851445+0.07252413j, -0.44584598-0.14932305j,
            0.0604977 +0.21912772j,  0.03974753+0.41833461j],
          [-0.44584598-0.14932305j, -0.22126601-0.0192958j ,
           -0.33535761+0.751965j  ,  0.0604977 +0.21912772j],
          [ 0.0604977 +0.21912772j, -0.33535761+0.751965j  ,
           -0.22126601-0.0192958j , -0.44584598-0.14932305j],
          [ 0.03974753+0.41833461j,  0.0604977 +0.21912772j,
           -0.44584598-0.14932305j,  0.73851445+0.07252413j]],
         input_dims=(2, 2), output_dims=(2, 2))"
"Operator([[ 0.73851445+0.07252413j, -0.44584598-0.14932305j,
            0.0604977 +0.21912772j,  0.03974753+0.41833461j],
          [-0.44584598-0.14932305j, -0.22126601-0.0192958j ,
           -0.33535761+0.751965j  ,  0.0604977 +0.21912772j],
          [ 0.0604977 +0.21912772j, -0.33535761+0.751965j  ,
           -0.22126601-0.0192958j , -0.44584598-0.14932305j],
          [ 0.03974753+0.41833461j,  0.0604977 +0.21912772j,
           -0.44584598-0.14932305j,  0.73851445+0.07252413j]],
         input_dims=(2, 2), output_dims=(2, 2))"
"Operator([[ 0.73851445+0.07252413j, -0.31858669+0.34580129j,
            0.12328157-0.19099368j, -0.16429233-0.38677092j],
          [-0.0460524 -0.46792648j, -0.22126601-0.0192958j ,
            0.54908009+0.61353658j,  0.12328157-0.19099368j],
          [-0.20381047-0.10068873j, -0.82335529+0.00146467j,
           -0.22126601-0.0192958j , -0.31858669+0.34580129j],
          [ 0.08851301-0.4107909j , -0.20381047-0.10068873j,
           -0.0460524 -0.46792648j,  0.73851445+0.07252413j]],
         input_dims=(2, 2), output_dims=(2, 2))"
"Operator([[ 0.73851445+0.07252413j, -0.02775833+0.46936711j,
           -0.16269104-0.15877203j, -0.2654523 +0.3257588j ],
          [ 0.26053249-0.39140622j, -0.22126601-0.0192958j ,
            0.81343563+0.12743063j, -0.16269104-0.15877203j],
          [ 0.05818632-0.21975277j, -0.63834694-0.52002815j,
           -0.22126601-0.0192958j , -0.02775833+0.46936711j],
          [ 0.32205165+0.26993786j,  0.05818632-0.21975277j,
            0.26053249-0.39140622j,  0.73851445+0.07252413j]],
         input_dims=(2, 2), output_dims=(2, 2))"
"Operator([[ 0.73851445+0.07252413j, -0.40719456-0.23509276j,
           -0.02979878+0.22536407j, -0.20386559+0.36745413j],
          [-0.46664877-0.05757547j, -0.22126601-0.0192958j ,
           -0.47834546+0.67015051j, -0.02979878+0.22536407j],
          [ 0.14120347+0.17815305j, -0.17894434+0.80367593j,
           -0.22126601-0.0192958j , -0.40719456-0.23509276j],
          [ 0.26941932+0.32248557j,  0.14120347+0.17815305j,
           -0.46664877-0.05757547j,  0.73851445+0.07252413j]],
         input_dims=(2, 2), output_dims=(2, 2))"
"Operator([[ 0.73851445+0.07252413j, -0.44584598-0.14932305j,
            0.0604977 +0.21912772j,  0.03974753+0.41833461j],
          [-0.44584598-0.14932305j, -0.22126601-0.0192958j ,
           -0.33535761+0.751965j  ,  0.0604977 +0.21912772j],
          [ 0.0604977 +0.21912772j, -0.33535761+0.751965j  ,
           -0.22126601-0.0192958j , -0.44584598-0.14932305j],
          [ 0.03974753+0.41833461j,  0.0604977 +0.21912772j,
           -0.44584598-0.14932305j,  0.73851445+0.07252413j]],
         input_dims=(2, 2), output_dims=(2, 2))"
