unitary
"Operator([[ 9.64368752e-01-2.46595857e-01j,
           -2.73244970e-02+9.16972340e-02j,
           -3.87651228e-03-3.65047790e-03j,
            1.55859705e-04-7.03279939e-05j],
          [ 5.14407181e-02+8.06775271e-02j,
            9.88868548e-01-2.71343666e-02j,
           -4.31491357e-02+1.01771848e-01j,
           -3.87651228e-03-3.65047790e-03j],
          [-3.05792972e-03+4.35917449e-03j,
            4.86995602e-02+9.92356274e-02j,
            9.88868548e-01-2.71343666e-02j,
           -2.73244970e-02+9.16972340e-02j],
          [-1.69171596e-04-2.48846452e-05j,
           -3.05792972e-03+4.35917449e-03j,
            5.14407181e-02+8.06775271e-02j,
            9.64368752e-01-2.46595857e-01j]],
         input_dims=(2, 2), output_dims=(2, 2))"
"Operator([[ 9.64368752e-01-2.46595857e-01j,
            1.32573193e-02+9.47589276e-02j,
           -5.29719306e-03+5.41370545e-04j,
           -2.36764882e-05-1.69344909e-04j],
          [ 1.32573193e-02+9.47589276e-02j,
            9.88868548e-01-2.71343666e-02j,
            3.05121392e-03+1.10499081e-01j,
           -5.29719306e-03+5.41370545e-04j],
          [-5.29719306e-03+5.41370545e-04j,
            3.05121392e-03+1.10499081e-01j,
            9.88868548e-01-2.71343666e-02j,
            1.32573193e-02+9.47589276e-02j],
          [-2.36764882e-05-1.69344909e-04j,
           -5.29719306e-03+5.41370545e-04j,
            1.32573193e-02+9.47589276e-02j,
            9.64368752e-01-2.46595857e-01j]],
         input_dims=(2, 2), output_dims=(2, 2))"
"Operator([[ 9.64368752e-01-2.46595857e-01j,
            1.32573193e-02+9.47589276e-02j,
           -5.29719306e-03+5.41370545e-04j,
           -2.36764882e-05-1.69344909e-04j],
          [ 1.32573193e-02+9.47589276e-02j,
            9.88868548e-01-2.71343666e-02j,
            3.05121392e-03+1.10499081e-01j,
           -5.29719306e-03+5.41370545e-04j],
          [-5.29719306e-03+5.41370545e-04j,
            3.05121392e-03+1.10499081e-01j,
            9.88868548e-01-2.71343666e-02j,
            1.32573193e-02+9.47589276e-02j],
          [-2.36764882e-05-1.69344909e-04j,
           -5.29719306e-03+5.41370545e-04j,
            1.32573193e-02+9.47589276e-02j,
            9.64368752e-01-2.46595857e-01j]],
         input_dims=(2, 2), output_dims=(2, 2))"
"Operator([[ 9.64368752e-01-2.46595857e-01j,
            2.78445388e-02+9.15406605e-02j,
           -4.87406920e-03+2.14401160e-03j,
           -9.76407339e-05-1.40372937e-04j],
          [-1.65303403e-03+9.56675407e-02j,
            9.88868548e-01-2.71343666e-02j,
            2.02126970e-02+1.08677522e-01j,
           -4.87406920e-03+2.14401160e-03j],
          [-5.20700884e-03-1.11373035e-03j,
           -1.41846394e-02+1.09627337e-01j,
            9.88868548e-01-2.71343666e-02j,
            2.78445388e-02+9.15406605e-02j],
          [ 5.53975203e-05-1.61769556e-04j,
           -5.20700884e-03-1.11373035e-03j,
           -1.65303403e-03+9.56675407e-02j,
            9.64368752e-01-2.46595857e-01j]],
         input_dims=(2, 2), output_dims=(2, 2))"
"Operator([[ 9.64368752e-01-2.46595857e-01j,
            1.32573193e-02+9.47589276e-02j,
           -5.29719306e-03+5.41370545e-04j,
           -2.36764882e-05-1.69344909e-04j],
          [ 1.32573193e-02+9.47589276e-02j,
            9.88868548e-01-2.71343666e-02j,
            3.05121392e-03+1.10499081e-01j,
           -5.29719306e-03+5.41370545e-04j],
          [-5.29719306e-03+5.41370545e-04j,
            3.05121392e-03+1.10499081e-01j,
            9.88868548e-01-2.71343666e-02j,
            1.32573193e-02+9.47589276e-02j],
          [-2.36764882e-05-1.69344909e-04j,
           -5.29719306e-03+5.41370545e-04j,
            1.32573193e-02+9.47589276e-02j,
            9.64368752e-01-2.46595857e-01j]],
         input_dims=(2, 2), output_dims=(2, 2))"
"Operator([[ 9.64368752e-01-2.46595857e-01j,
            6.13719666e-02+7.34063525e-02j,
           -1.84719485e-03+4.99411729e-03j,
           -1.66085472e-04+4.06680502e-05j],
          [-3.88699274e-02+8.74307704e-02j,
            9.88868548e-01-2.71343666e-02j,
            6.10358621e-02+9.21627932e-02j,
           -1.84719485e-03+4.99411729e-03j],
          [-2.81924777e-03-4.51720913e-03j,
           -5.58569468e-02+9.53905572e-02j,
            9.88868548e-01-2.71343666e-02j,
            6.13719666e-02+7.34063525e-02j],
          [ 1.70870618e-04-6.44252991e-06j,
           -2.81924777e-03-4.51720913e-03j,
           -3.88699274e-02+8.74307704e-02j,
            9.64368752e-01-2.46595857e-01j]],
         input_dims=(2, 2), output_dims=(2, 2))"
"Operator([[ 9.64368752e-01-2.46595857e-01j,
            7.72133084e-02+5.65076621e-02j,
            6.95992947e-04+5.27910316e-03j,
           -9.69202434e-05+1.40871363e-04j],
          [-5.87407020e-02+7.55284106e-02j,
            9.88868548e-01-2.71343666e-02j,
            8.13942494e-02+7.47952744e-02j,
            6.95992947e-04+5.27910316e-03j],
          [-3.86285400e-04-5.31075512e-03j,
           -7.71427207e-02+7.91729597e-02j,
            9.88868548e-01-2.71343666e-02j,
            7.72133084e-02+5.65076621e-02j],
          [ 1.31839646e-04+1.08887934e-04j,
           -3.86285400e-04-5.31075512e-03j,
           -5.87407020e-02+7.55284106e-02j,
            9.64368752e-01-2.46595857e-01j]],
         input_dims=(2, 2), output_dims=(2, 2))"
"Operator([[ 9.64368752e-01-2.46595857e-01j,
            8.96016152e-02+3.35642879e-02j,
            3.33909016e-03+4.14774797e-03j,
            3.68901805e-05+1.66965233e-04j],
          [-7.69499245e-02+5.68658068e-02j,
            9.88868548e-01-2.71343666e-02j,
            9.85644002e-02+5.00441397e-02j,
            3.33909016e-03+4.14774797e-03j],
          [ 2.43102715e-03-4.73745115e-03j,
           -9.56525737e-02+5.54070579e-02j,
            9.88868548e-01-2.71343666e-02j,
            8.96016152e-02+3.35642879e-02j],
          [ 1.03168219e-05+1.70680513e-04j,
            2.43102715e-03-4.73745115e-03j,
           -7.69499245e-02+5.68658068e-02j,
            9.64368752e-01-2.46595857e-01j]],
         input_dims=(2, 2), output_dims=(2, 2))"
"Operator([[ 9.64368752e-01-2.46595857e-01j,
            9.51643577e-02+9.93760004e-03j,
            4.93648459e-03+1.99611027e-03j,
            1.42060982e-04+9.51680187e-05j],
          [-8.87831835e-02+3.56729197e-02j,
            9.88868548e-01-2.71343666e-02j,
            1.07985613e-01+2.36318485e-02j,
            4.93648459e-03+1.99611027e-03j],
          [ 4.43064437e-03-2.95342628e-03j,
           -1.06516966e-01+2.95549136e-02j,
            9.88868548e-01-2.71343666e-02j,
            9.51643577e-02+9.93760004e-03j],
          [-1.10512508e-04+1.30480880e-04j,
            4.43064437e-03-2.95342628e-03j,
           -8.87831835e-02+3.56729197e-02j,
            9.64368752e-01-2.46595857e-01j]],
         input_dims=(2, 2), output_dims=(2, 2))"
