unitary
"Operator([[ 0.57532448-0.74905336j,  0.08569923-0.31013863j,
           -0.0248334 -0.06094457j, -0.0074698 -0.00193515j],
          [-0.30831187-0.092055j  ,  0.8642233 -0.07169777j,
            0.23633014-0.29028316j, -0.0248334 -0.06094457j],
          [ 0.02230793+0.0619136j , -0.28536488-0.24224602j,
            0.8642233 -0.07169777j,  0.08569923-0.31013863j],
          [ 0.00239177-0.00733636j,  0.02230793+0.0619136j ,
           -0.30831187-0.092055j  ,  0.57532448-0.74905336j]],
         input_dims=(2, 2), output_dims=(2, 2))"
"Operator([[ 5.75324479e-01-0.74905336j, -2.00364808e-01-0.25176234j,
           -5.03450396e-02+0.04238296j,  6.49779657e-03+0.0041619j ],
          [-1.06951951e-01-0.303466j  ,  8.64223300e-01-0.07169777j,
           -9.56884218e-02-0.36188392j, -5.03450396e-02+0.04238296j],
          [-6.57739931e-02+0.00217253j,  2.79959648e-02-0.37327265j,
            8.64223300e-01-0.07169777j, -2.00364808e-01-0.25176234j],
          [ 7.97825712e-06+0.00771639j, -6.57739931e-02+0.00217253j,
           -1.06951951e-01-0.303466j  ,  5.75324479e-01-0.74905336j]],
         input_dims=(2, 2), output_dims=(2, 2))"
"Operator([[ 0.57532448-0.74905336j,  0.15581789+0.28151575j,
           -0.06144206+0.02357565j, -0.00370673-0.00676778j],
          [ 0.15581789+0.28151575j,  0.8642233 -0.07169777j,
            0.0343219 +0.37274422j, -0.06144206+0.02357565j],
          [-0.06144206+0.02357565j,  0.0343219 +0.37274422j,
            0.8642233 -0.07169777j,  0.15581789+0.28151575j],
          [-0.00370673-0.00676778j, -0.06144206+0.02357565j,
            0.15581789+0.28151575j,  0.57532448-0.74905336j]],
         input_dims=(2, 2), output_dims=(2, 2))"
"Operator([[ 0.57532448-0.74905336j,  0.15581789+0.28151575j,
           -0.06144206+0.02357565j, -0.00370673-0.00676778j],
          [ 0.15581789+0.28151575j,  0.8642233 -0.07169777j,
            0.0343219 +0.37274422j, -0.06144206+0.02357565j],
          [-0.06144206+0.02357565j,  0.0343219 +0.37274422j,
            0.8642233 -0.07169777j,  0.15581789+0.28151575j],
          [-0.00370673-0.00676778j, -0.06144206+0.02357565j,
            0.15581789+0.28151575j,  0.57532448-0.74905336j]],
         input_dims=(2, 2), output_dims=(2, 2))"
"Operator([[ 0.57532448-0.74905336j, -0.09142216+0.30850011j,
           -0.02256183-0.06182153j,  0.00735095+0.00234656j],
          [ 0.30996213+0.08633544j,  0.8642233 -0.07169777j,
           -0.24165996+0.28586135j, -0.02256183-0.06182153j],
          [ 0.02458308+0.06104597j,  0.28979761+0.23692529j,
            0.8642233 -0.07169777j, -0.09142216+0.30850011j],
          [-0.0019811 +0.00745775j,  0.02458308+0.06104597j,
            0.30996213+0.08633544j,  0.57532448-0.74905336j]],
         input_dims=(2, 2), output_dims=(2, 2))"
"Operator([[ 0.57532448-0.74905336j, -0.03922004+0.31936205j,
           -0.04146971-0.05109992j,  0.0075794 -0.00144759j],
          [ 0.29144845+0.13633831j,  0.8642233 -0.07169777j,
           -0.19113365+0.32184496j, -0.04146971-0.05109992j],
          [ 0.00335633+0.06572422j,  0.24669183+0.28153044j,
            0.8642233 -0.07169777j, -0.03922004+0.31936205j],
          [-0.00530119+0.00560715j,  0.00335633+0.06572422j,
            0.29144845+0.13633831j,  0.57532448-0.74905336j]],
         input_dims=(2, 2), output_dims=(2, 2))"
"Operator([[ 0.57532448-0.74905336j, -0.28692734+0.14561261j,
            0.06297512-0.01910687j, -0.00712704+0.00295773j],
          [ 0.27574133-0.16582235j,  0.8642233 -0.07169777j,
           -0.37373599+0.02092031j,  0.06297512-0.01910687j],
          [ 0.05959235-0.02792292j,  0.37127205-0.04767926j,
            0.8642233 -0.07169777j, -0.28692734+0.14561261j],
          [ 0.0063301 -0.00441278j,  0.05959235-0.02792292j,
            0.27574133-0.16582235j,  0.57532448-0.74905336j]],
         input_dims=(2, 2), output_dims=(2, 2))"
"Operator([[ 0.57532448-0.74905336j,  0.02813502+0.32052886j,
           -0.05868706-0.02977863j,  0.00527578-0.00563107j],
          [ 0.25667341+0.19403374j,  0.8642233 -0.07169777j,
           -0.11993218+0.35458782j, -0.05868706-0.02977863j],
          [-0.02370418+0.06139259j,  0.18266675+0.32672482j,
            0.8642233 -0.07169777j,  0.02813502+0.32052886j],
          [-0.00758587+0.00141329j, -0.02370418+0.06139259j,
            0.25667341+0.19403374j,  0.57532448-0.74905336j]],
         input_dims=(2, 2), output_dims=(2, 2))"
"Operator([[ 0.57532448-0.74905336j,  0.22313227-0.2318239j ,
            0.03750925-0.05407397j,  0.00132668-0.00760149j],
          [-0.31492224+0.06598721j,  0.8642233 -0.07169777j,
            0.34609943-0.14258834j,  0.03750925-0.05407397j],
          [ 0.06405318+0.01510392j, -0.36631795-0.07698968j,
            0.8642233 -0.07169777j,  0.22313227-0.2318239j ],
          [-0.00711967-0.0029754j ,  0.06405318+0.01510392j,
           -0.31492224+0.06598721j,  0.57532448-0.74905336j]],
         input_dims=(2, 2), output_dims=(2, 2))"
"Operator([[ 0.57532448-0.74905336j,  0.15581789+0.28151575j,
           -0.06144206+0.02357565j, -0.00370673-0.00676778j],
          [ 0.15581789+0.28151575j,  0.8642233 -0.07169777j,
            0.0343219 +0.37274422j, -0.06144206+0.02357565j],
          [-0.06144206+0.02357565j,  0.0343219 +0.37274422j,
            0.8642233 -0.07169777j,  0.15581789+0.28151575j],
          [-0.00370673-0.00676778j, -0.06144206+0.02357565j,
            0.15581789+0.28151575j,  0.57532448-0.74905336j]],
         input_dims=(2, 2), output_dims=(2, 2))"
