unitary
"Operator([[ 0.14873993-0.87453732j,  0.08837072+0.43056399j,
           -0.11565321-0.07662328j,  0.02020753-0.0145271j ],
          [ 0.42753593+0.10201844j,  0.71834518-0.06185492j,
           -0.22291333+0.46692858j, -0.11565321-0.07662328j],
          [ 0.01554991+0.1378586j ,  0.32883801+0.39947241j,
            0.71834518-0.06185492j,  0.08837072+0.43056399j],
          [-0.01577871+0.01924612j,  0.01554991+0.1378586j ,
            0.42753593+0.10201844j,  0.14873993-0.87453732j]],
         input_dims=(2, 2), output_dims=(2, 2))"
"Operator([[ 0.14873993-0.87453732j,  0.41676615+0.13964495j,
           -0.00912504+0.13843239j, -0.02030058+0.01439677j],
          [ 0.12632069+0.42099622j,  0.71834518-0.06185492j,
            0.29199984+0.42714019j, -0.00912504+0.13843239j],
          [-0.12740076-0.05491667j, -0.18049459+0.48490654j,
            0.71834518-0.06185492j,  0.41676615+0.13964495j],
          [ 0.01565454-0.01934725j, -0.12740076-0.05491667j,
            0.12632069+0.42099622j,  0.14873993-0.87453732j]],
         input_dims=(2, 2), output_dims=(2, 2))"
"Operator([[ 0.14873993-0.87453732j,  0.30581933+0.31570441j,
           -0.11834605+0.07239479j, -0.01703118-0.01814716j],
          [ 0.30581933+0.31570441j,  0.71834518-0.06185492j,
            0.06279007+0.51358549j, -0.11834605+0.07239479j],
          [-0.11834605+0.07239479j,  0.06279007+0.51358549j,
            0.71834518-0.06185492j,  0.30581933+0.31570441j],
          [-0.01703118-0.01814716j, -0.11834605+0.07239479j,
            0.30581933+0.31570441j,  0.14873993-0.87453732j]],
         input_dims=(2, 2), output_dims=(2, 2))"
"Operator([[ 0.14873993-0.87453732j,  0.30581933+0.31570441j,
           -0.11834605+0.07239479j, -0.01703118-0.01814716j],
          [ 0.30581933+0.31570441j,  0.71834518-0.06185492j,
            0.06279007+0.51358549j, -0.11834605+0.07239479j],
          [-0.11834605+0.07239479j,  0.06279007+0.51358549j,
            0.71834518-0.06185492j,  0.30581933+0.31570441j],
          [-0.01703118-0.01814716j, -0.11834605+0.07239479j,
            0.30581933+0.31570441j,  0.14873993-0.87453732j]],
         input_dims=(2, 2), output_dims=(2, 2))"
"Operator([[ 0.14873993-0.87453732j, -0.43900706+0.0216227j ,
            0.08715089+0.10794219j, -0.00405438-0.02455489j],
          [ 0.03557268-0.43809739j,  0.71834518-0.06185492j,
           -0.4274374 -0.2915646j ,  0.08715089+0.10794219j],
          [-0.05641254-0.12674549j,  0.34460525-0.3859532j ,
            0.71834518-0.06185492j, -0.43900706+0.0216227j ],
          [-0.02424854-0.0056026j , -0.05641254-0.12674549j,
            0.03557268-0.43809739j,  0.14873993-0.87453732j]],
         input_dims=(2, 2), output_dims=(2, 2))"
