unitary
"Operator([[ 0.06272794+0.72525744j, -0.04061687-0.41848305j,
            0.02838887+0.41509107j, -0.22003178+0.26789652j],
          [-0.03174678-0.41924926j,  0.00178935+0.23776579j,
           -0.21714706+0.73920705j,  0.02838887+0.41509107j],
          [ 0.01078902+0.41592081j, -0.23275039+0.73444344j,
            0.00178935+0.23776579j, -0.04061687-0.41848305j],
          [-0.23659515+0.25338758j,  0.01078902+0.41592081j,
           -0.03174678-0.41924926j,  0.06272794+0.72525744j]],
         input_dims=(2, 2), output_dims=(2, 2))"
"Operator([[ 0.06272794+0.72525744j,  0.0799292 +0.41278217j,
            0.10588051+0.40236282j,  0.13629994-0.31875517j],
          [-0.00796083+0.42037414j,  0.00178935+0.23776579j,
            0.14641653-0.75640076j,  0.10588051+0.40236282j],
          [-0.0675564 +0.41053947j,  0.30102342-0.70920012j,
            0.00178935+0.23776579j,  0.0799292 +0.41278217j],
          [ 0.29803518-0.17708066j, -0.0675564 +0.41053947j,
           -0.00796083+0.42037414j,  0.06272794+0.72525744j]],
         input_dims=(2, 2), output_dims=(2, 2))"
"Operator([[ 0.06272794+0.72525744j, -0.02829717-0.41949621j,
            0.00394547+0.41604201j, -0.24277527+0.24747262j],
          [-0.04405773-0.4181348j ,  0.00178935+0.23776579j,
           -0.23878369+0.7325041j ,  0.00394547+0.41604201j],
          [ 0.03521346+0.41456789j, -0.21105936+0.74096819j,
            0.00178935+0.23776579j, -0.02829717-0.41949621j],
          [-0.21335464+0.27324408j,  0.03521346+0.41456789j,
           -0.04405773-0.4181348j ,  0.06272794+0.72525744j]],
         input_dims=(2, 2), output_dims=(2, 2))"
"Operator([[ 0.06272794+0.72525744j, -0.03618385-0.41888963j,
            0.01959334+0.41559911j, -0.22842869+0.26077359j],
          [-0.03618385-0.41888963j,  0.00178935+0.23776579j,
           -0.22496133+0.73686655j,  0.01959334+0.41559911j],
          [ 0.01959334+0.41559911j, -0.22496133+0.73686655j,
            0.00178935+0.23776579j, -0.03618385-0.41888963j],
          [-0.22842869+0.26077359j,  0.01959334+0.41559911j,
           -0.03618385-0.41888963j,  0.06272794+0.72525744j]],
         input_dims=(2, 2), output_dims=(2, 2))"
"Operator([[ 0.06272794+0.72525744j, -0.07745802-0.41325301j,
            0.1010582 +0.403601j  , -0.14199921+0.31625742j],
          [ 0.00544552-0.42041425j,  0.00178935+0.23776579j,
           -0.15093958+0.75551118j,  0.1010582 +0.403601j  ],
          [-0.06263899+0.41131847j, -0.29677477+0.7109885j ,
            0.00178935+0.23776579j, -0.07745802-0.41325301j],
          [-0.29480881+0.18240147j, -0.06263899+0.41131847j,
            0.00544552-0.42041425j,  0.06272794+0.72525744j]],
         input_dims=(2, 2), output_dims=(2, 2))"
"Operator([[ 0.06272794+0.72525744j, -0.03618385-0.41888963j,
            0.01959334+0.41559911j, -0.22842869+0.26077359j],
          [-0.03618385-0.41888963j,  0.00178935+0.23776579j,
           -0.22496133+0.73686655j,  0.01959334+0.41559911j],
          [ 0.01959334+0.41559911j, -0.22496133+0.73686655j,
            0.00178935+0.23776579j, -0.03618385-0.41888963j],
          [-0.22842869+0.26077359j,  0.01959334+0.41559911j,
           -0.03618385-0.41888963j,  0.06272794+0.72525744j]],
         input_dims=(2, 2), output_dims=(2, 2))"
