unitary
"Operator([[ 8.49807622e-01-0.48915947j,  1.93341833e-01+0.02554835j,
            1.83144742e-02+0.01336092j,  8.53081979e-04+0.00125546j],
          [-1.47849981e-01+0.12717769j,  9.52785453e-01-0.05202104j,
            2.10864610e-01+0.08051143j,  1.83144742e-02+0.01336092j],
          [ 1.12162353e-02-0.01970102j, -2.00515056e-01+0.10363246j,
            9.52785453e-01-0.05202104j,  1.93341833e-01+0.02554835j],
          [-2.95928471e-05+0.00151758j,  1.12162353e-02-0.01970102j,
           -1.47849981e-01+0.12717769j,  8.49807622e-01-0.48915947j]],
         input_dims=(2, 2), output_dims=(2, 2))"
"Operator([[ 8.49807622e-01-0.48915947j,  5.56732257e-02+0.18690713j,
           -2.21650333e-02+0.00475873j, -4.32099984e-04-0.00145507j],
          [ 5.56732257e-02+0.18690713j,  9.52785453e-01-0.05202104j,
            1.26658519e-02+0.2253565j , -2.21650333e-02+0.00475873j],
          [-2.21650333e-02+0.00475873j,  1.26658519e-02+0.2253565j ,
            9.52785453e-01-0.05202104j,  5.56732257e-02+0.18690713j],
          [-4.32099984e-04-0.00145507j, -2.21650333e-02+0.00475873j,
            5.56732257e-02+0.18690713j,  8.49807622e-01-0.48915947j]],
         input_dims=(2, 2), output_dims=(2, 2))"
"Operator([[ 8.49807622e-01-0.48915947j,  1.50795601e-01-0.12367081j,
            1.21288500e-02-0.01915268j,  1.36348626e-04-0.00151174j],
          [-1.93888447e-01-0.02100125j,  9.52785453e-01-0.05202104j,
            2.02893265e-01-0.09889539j,  1.21288500e-02-0.01915268j],
          [ 1.89215864e-02+0.0124863j , -2.12697037e-01-0.07553771j,
            9.52785453e-01-0.05202104j,  1.50795601e-01-0.12367081j],
          [-9.39343103e-04-0.0011923j ,  1.89215864e-02+0.0124863j ,
           -1.93888447e-01-0.02100125j,  8.49807622e-01-0.48915947j]],
         input_dims=(2, 2), output_dims=(2, 2))"
"Operator([[ 8.49807622e-01-0.48915947j,  5.56732257e-02+0.18690713j,
           -2.21650333e-02+0.00475873j, -4.32099984e-04-0.00145507j],
          [ 5.56732257e-02+0.18690713j,  9.52785453e-01-0.05202104j,
            1.26658519e-02+0.2253565j , -2.21650333e-02+0.00475873j],
          [-2.21650333e-02+0.00475873j,  1.26658519e-02+0.2253565j ,
            9.52785453e-01-0.05202104j,  5.56732257e-02+0.18690713j],
          [-4.32099984e-04-0.00145507j, -2.21650333e-02+0.00475873j,
            5.56732257e-02+0.18690713j,  8.49807622e-01-0.48915947j]],
         input_dims=(2, 2), output_dims=(2, 2))"
"Operator([[ 0.84980762-4.89159468e-01j,  0.05863222-1.86000120e-01j,
           -0.01266079-1.88052772e-02j, -0.00151362+1.13535786e-04j],
          [-0.15085206-1.23601933e-01j,  0.95278545-5.20210443e-02j,
            0.11579888-1.93743631e-01j, -0.01266079-1.88052772e-02j],
          [-0.00382605+2.23449221e-02j, -0.13677921-1.79547827e-01j,
            0.95278545-5.20210443e-02j,  0.05863222-1.86000120e-01j],
          [ 0.00133026-7.30988215e-04j, -0.00382605+2.23449221e-02j,
           -0.15085206-1.23601933e-01j,  0.84980762-4.89159468e-01j]],
         input_dims=(2, 2), output_dims=(2, 2))"
"Operator([[ 0.84980762-4.89159468e-01j,  0.01561971-1.94396005e-01j,
           -0.01958435-1.14187298e-02j, -0.00111016+1.03512668e-03j],
          [-0.11944412-1.54165118e-01j,  0.95278545-5.20210443e-02j,
            0.06961396-2.14708806e-01j, -0.01958435-1.14187298e-02j],
          [-0.01317141+1.84512339e-02j, -0.09323437-2.05556139e-01j,
            0.95278545-5.20210443e-02j,  0.01561971-1.94396005e-01j],
          [ 0.00149519+2.61438580e-04j, -0.01317141+1.84512339e-02j,
           -0.11944412-1.54165118e-01j,  0.84980762-4.89159468e-01j]],
         input_dims=(2, 2), output_dims=(2, 2))"
"Operator([[ 8.49807622e-01-0.48915947j, -5.24006582e-02-0.18785088j,
           -2.23176975e-02+0.00398178j,  3.55305644e-04+0.0014757j ],
          [-5.89288127e-02-0.18590637j,  9.52785453e-01-0.05202104j,
           -8.72837751e-03-0.22554332j, -2.23176975e-02+0.00398178j],
          [-2.19853297e-02+0.00552987j, -1.65994633e-02-0.22510094j,
            9.52785453e-01-0.05202104j, -5.24006582e-02-0.18785088j],
          [ 5.07708443e-04+0.00143044j, -2.19853297e-02+0.00552987j,
           -5.89288127e-02-0.18590637j,  8.49807622e-01-0.48915947j]],
         input_dims=(2, 2), output_dims=(2, 2))"
"Operator([[ 8.49807622e-01-0.48915947j, -9.74662124e-02-0.16892045j,
           -1.76397205e-02+0.01423989j,  1.26912313e-03+0.00083262j],
          [-1.08499520e-02-0.19472047j,  9.52785453e-01-0.05202104j,
           -6.45383604e-02-0.21628864j, -1.76397205e-02+0.01423989j],
          [-2.19302521e-02-0.00574441j,  3.98960573e-02-0.22215823j,
            9.52785453e-01-0.05202104j, -9.74662124e-02-0.16892045j],
          [-6.08984322e-04+0.00139035j, -2.19302521e-02-0.00574441j,
           -1.08499520e-02-0.19472047j,  8.49807622e-01-0.48915947j]],
         input_dims=(2, 2), output_dims=(2, 2))"
"Operator([[ 8.49807622e-01-0.48915947j, -1.00551598e-01-0.16710224j,
           -1.71049502e-02+0.014878j  ,  1.31304458e-03+0.00076148j],
          [-7.27254795e-03-0.19488687j,  9.52785453e-01-0.05202104j,
           -6.84991011e-02-0.21506708j, -1.71049502e-02+0.014878j  ],
          [-2.17045340e-02-0.00654579j,  4.39687339e-02-0.22138818j,
            9.52785453e-01-0.05202104j, -1.00551598e-01-0.16710224j],
          [-6.84617378e-04+0.00135471j, -2.17045340e-02-0.00654579j,
           -7.27254795e-03-0.19488687j,  8.49807622e-01-0.48915947j]],
         input_dims=(2, 2), output_dims=(2, 2))"
"Operator([[ 8.49807622e-01-0.48915947j,  5.56732257e-02+0.18690713j,
           -2.21650333e-02+0.00475873j, -4.32099984e-04-0.00145507j],
          [ 5.56732257e-02+0.18690713j,  9.52785453e-01-0.05202104j,
            1.26658519e-02+0.2253565j , -2.21650333e-02+0.00475873j],
          [-2.21650333e-02+0.00475873j,  1.26658519e-02+0.2253565j ,
            9.52785453e-01-0.05202104j,  5.56732257e-02+0.18690713j],
          [-4.32099984e-04-0.00145507j, -2.21650333e-02+0.00475873j,
            5.56732257e-02+0.18690713j,  8.49807622e-01-0.48915947j]],
         input_dims=(2, 2), output_dims=(2, 2))"
"Operator([[ 8.49807622e-01-0.48915947j, -1.10888825e-01-0.16042896j,
           -1.50962582e-02+0.01691263j,  1.43287912e-03+0.00050079j],
          [ 5.03135094e-03-0.19495761j,  9.52785453e-01-0.05202104j,
           -8.19247472e-02-0.21031954j, -1.50962582e-02+0.01691263j],
          [-2.07080165e-02-0.00922563j,  5.78418047e-02-0.21817493j,
            9.52785453e-01-0.05202104j, -1.10888825e-01-0.16042896j],
          [-9.27309211e-04+0.00120168j, -2.07080165e-02-0.00922563j,
            5.03135094e-03-0.19495761j,  8.49807622e-01-0.48915947j]],
         input_dims=(2, 2), output_dims=(2, 2))"
"Operator([[ 8.49807622e-01-0.48915947j, -8.99431044e-02-0.17304341j,
           -1.88227635e-02+0.01263478j,  1.14851778e-03+0.00099239j],
          [-1.94029003e-02-0.19405491j,  9.52785453e-01-0.05202104j,
           -5.49639452e-02-0.21891765j, -1.88227635e-02+0.01263478j],
          [-2.23501904e-02-0.00379515j,  3.00873499e-02-0.22369784j,
            9.52785453e-01-0.05202104j, -8.99431044e-02-0.17304341j],
          [-4.20726237e-04+0.0014584j , -2.23501904e-02-0.00379515j,
           -1.94029003e-02-0.19405491j,  8.49807622e-01-0.48915947j]],
         input_dims=(2, 2), output_dims=(2, 2))"
"Operator([[ 8.49807622e-01-0.48915947j, -5.91043736e-02-0.18585063j,
           -2.19748446e-02+0.00557139j,  5.11759530e-04+0.001429j  ],
          [-5.22232111e-02-0.18790029j,  9.52785453e-01-0.05202104j,
           -1.68120620e-02-0.22508516j, -2.19748446e-02+0.00557139j],
          [-2.23251792e-02+0.00393961j, -8.51534967e-03-0.22555146j,
            9.52785453e-01-0.05202104j, -5.91043736e-02-0.18585063j],
          [ 3.51122856e-04+0.0014767j , -2.23251792e-02+0.00393961j,
           -5.22232111e-02-0.18790029j,  8.49807622e-01-0.48915947j]],
         input_dims=(2, 2), output_dims=(2, 2))"
