unitary
"Operator([[ 9.32123565e-01-3.37152602e-01j,
           -5.75496247e-02-1.18567098e-01j,
           -8.03828969e-03+6.23269359e-03j,
            3.73508794e-04+2.55874286e-04j],
          [ 8.77830491e-03-1.31503070e-01j,
            9.78758589e-01-3.67612587e-02j,
           -4.46216122e-02-1.45655654e-01j,
           -8.03828969e-03+6.23269359e-03j],
          [-9.45527399e-03-3.74944853e-03j,
            3.34321899e-02-1.48623505e-01j,
            9.78758589e-01-3.67612587e-02j,
           -5.75496247e-02-1.18567098e-01j],
          [-2.50170711e-04+3.77352732e-04j,
           -9.45527399e-03-3.74944853e-03j,
            8.77830491e-03-1.31503070e-01j,
            9.32123565e-01-3.37152602e-01j]],
         input_dims=(2, 2), output_dims=(2, 2))"
"Operator([[ 9.32123565e-01-0.3371526j , -1.08957951e-01+0.07415039j,
            5.90935645e-03-0.00827889j, -7.37510174e-05+0.0004467j ],
          [ 1.28836179e-01+0.02777328j,  9.78758589e-01-0.03676126j,
           -1.37636149e-01+0.06529126j,  5.90935645e-03-0.00827889j],
          [ 7.97989297e-03+0.00630729j,  1.42196737e-01+0.05465113j,
            9.78758589e-01-0.03676126j, -1.08957951e-01+0.07415039j],
          [ 2.36013121e-04+0.00038637j,  7.97989297e-03+0.00630729j,
            1.28836179e-01+0.02777328j,  9.32123565e-01-0.3371526j ]],
         input_dims=(2, 2), output_dims=(2, 2))"
"Operator([[ 9.32123565e-01-3.37152602e-01j,
           -7.94095648e-02+1.05186677e-01j,
           -3.38356519e-04-1.01659277e-02j,
            3.29835621e-04+3.10143406e-04j],
          [ 1.13115726e-01+6.76383652e-02j,
            9.78758589e-01-3.67612587e-02j,
           -1.09414028e-01+1.05996360e-01j,
           -3.38356519e-04-1.01659277e-02j],
          [ 2.50414805e-03+9.85848939e-03j,
            1.17147107e-01+9.73817904e-02j,
            9.78758589e-01-3.67612587e-02j,
           -7.94095648e-02+1.05186677e-01j],
          [-1.89322137e-04+4.11263416e-04j,
            2.50414805e-03+9.85848939e-03j,
            1.13115726e-01+6.76383652e-02j,
            9.32123565e-01-3.37152602e-01j]],
         input_dims=(2, 2), output_dims=(2, 2))"
"Operator([[ 9.32123565e-01-0.3371526j ,  2.52288575e-02+0.1293585j ,
           -1.00705999e-02+0.00142954j, -8.65582110e-05-0.0004444j ],
          [ 2.52288575e-02+0.1293585j ,  9.78758589e-01-0.03676126j,
            5.78816283e-03+0.15222731j, -1.00705999e-02+0.00142954j],
          [-1.00705999e-02+0.00142954j,  5.78816283e-03+0.15222731j,
            9.78758589e-01-0.03676126j,  2.52288575e-02+0.1293585j ],
          [-8.65582110e-05-0.0004444j , -1.00705999e-02+0.00142954j,
            2.52288575e-02+0.1293585j ,  9.32123565e-01-0.3371526j ]],
         input_dims=(2, 2), output_dims=(2, 2))"
"Operator([[ 9.32123565e-01-0.3371526j , -9.39019592e-02+0.09247993j,
            2.60974407e-03-0.00983106j,  1.66688147e-04+0.00042095j],
          [ 1.21771239e-01+0.05041707j,  9.78758589e-01-0.03676126j,
           -1.23703665e-01+0.08890479j,  2.60974407e-03-0.00983106j],
          [ 5.24259348e-03+0.00871641j,  1.30097611e-01+0.07925446j,
            9.78758589e-01-0.03676126j, -9.39019592e-02+0.09247993j],
          [ 3.48470826e-06+0.00045273j,  5.24259348e-03+0.00871641j,
            1.21771239e-01+0.05041707j,  9.32123565e-01-0.3371526j ]],
         input_dims=(2, 2), output_dims=(2, 2))"
"Operator([[ 9.32123565e-01-0.3371526j ,  2.52288575e-02+0.1293585j ,
           -1.00705999e-02+0.00142954j, -8.65582110e-05-0.0004444j ],
          [ 2.52288575e-02+0.1293585j ,  9.78758589e-01-0.03676126j,
            5.78816283e-03+0.15222731j, -1.00705999e-02+0.00142954j],
          [-1.00705999e-02+0.00142954j,  5.78816283e-03+0.15222731j,
            9.78758589e-01-0.03676126j,  2.52288575e-02+0.1293585j ],
          [-8.65582110e-05-0.0004444j , -1.00705999e-02+0.00142954j,
            2.52288575e-02+0.1293585j ,  9.32123565e-01-0.3371526j ]],
         input_dims=(2, 2), output_dims=(2, 2))"
"Operator([[ 9.32123565e-01-0.3371526j , -1.00948065e-01+0.08473254j,
            4.13300863e-03-0.00929402j,  6.25505645e-05+0.00044841j],
          [ 1.25389742e-01+0.04058976j,  9.78758589e-01-0.03676126j,
           -1.30371839e-01+0.07880255j,  4.13300863e-03-0.00929402j],
          [ 6.55622496e-03+0.00777666j,  1.35979402e-01+0.06867503j,
            9.78758589e-01-0.03676126j, -1.00948065e-01+0.08473254j],
          [ 1.10315683e-04+0.0004391j ,  6.55622496e-03+0.00777666j,
            1.25389742e-01+0.04058976j,  9.32123565e-01-0.3371526j ]],
         input_dims=(2, 2), output_dims=(2, 2))"
"Operator([[ 9.32123565e-01-0.3371526j ,  2.52288575e-02+0.1293585j ,
           -1.00705999e-02+0.00142954j, -8.65582110e-05-0.0004444j ],
          [ 2.52288575e-02+0.1293585j ,  9.78758589e-01-0.03676126j,
            5.78816283e-03+0.15222731j, -1.00705999e-02+0.00142954j],
          [-1.00705999e-02+0.00142954j,  5.78816283e-03+0.15222731j,
            9.78758589e-01-0.03676126j,  2.52288575e-02+0.1293585j ],
          [-8.65582110e-05-0.0004444j , -1.00705999e-02+0.00142954j,
            2.52288575e-02+0.1293585j ,  9.32123565e-01-0.3371526j ]],
         input_dims=(2, 2), output_dims=(2, 2))"
"Operator([[ 9.32123565e-01-0.3371526j , -9.47150886e-02+0.09164697j,
            2.78298800e-03-0.00978343j,  1.55477286e-04+0.00042521j],
          [ 1.22211778e-01+0.04933961j,  9.78758589e-01-0.03676126j,
           -1.24484056e-01+0.08780875j,  2.78298800e-03-0.00978343j],
          [ 5.39573795e-03+0.00862245j,  1.30792520e-01+0.07810233j,
            9.78758589e-01-0.03676126j, -9.47150886e-02+0.09164697j],
          [ 1.54780197e-05+0.00045248j,  5.39573795e-03+0.00862245j,
            1.22211778e-01+0.04933961j,  9.32123565e-01-0.3371526j ]],
         input_dims=(2, 2), output_dims=(2, 2))"
"Operator([[ 9.32123565e-01-3.37152602e-01j,
           -8.11057624e-02+1.03884413e-01j,
           -8.33806909e-06-1.01715535e-02j,
            3.14354030e-04+3.25825127e-04j],
          [ 1.14198267e-01+6.57941625e-02j,
            9.78758589e-01-3.67612587e-02j,
           -1.11119413e-01+1.04207168e-01j,
           -8.33806909e-06-1.01715535e-02j],
          [ 2.82269489e-03+9.77205015e-03j,
            1.18711703e-01+9.54682634e-02j,
            9.78758589e-01-3.67612587e-02j,
           -8.11057624e-02+1.03884413e-01j],
          [-1.69086704e-04+4.19988280e-04j,
            2.82269489e-03+9.77205015e-03j,
            1.14198267e-01+6.57941625e-02j,
            9.32123565e-01-3.37152602e-01j]],
         input_dims=(2, 2), output_dims=(2, 2))"
"Operator([[ 9.32123565e-01-3.37152602e-01j,
           -2.28141731e-02+1.29806123e-01j,
           -8.43964161e-03-5.67741316e-03j,
            3.56724056e-04-2.78798165e-04j],
          [ 6.99191984e-02+1.11720283e-01j,
            9.78758589e-01-3.67612587e-02j,
           -4.91601176e-02+1.44187172e-01j,
           -8.43964161e-03-5.67741316e-03j],
          [-6.52623451e-03+7.80184810e-03j,
            5.99672481e-02+1.40037805e-01j,
            9.78758589e-01-3.67612587e-02j,
           -2.28141731e-02+1.29806123e-01j],
          [-4.35283751e-04-1.24533231e-04j,
           -6.52623451e-03+7.80184810e-03j,
            6.99191984e-02+1.11720283e-01j,
            9.32123565e-01-3.37152602e-01j]],
         input_dims=(2, 2), output_dims=(2, 2))"
"Operator([[ 9.32123565e-01-3.37152602e-01j,
            1.28157318e-01-3.07541507e-02j,
            9.91102443e-03-2.28739270e-03j,
            4.29609290e-04-1.42885713e-04j],
          [-1.30321576e-01+1.96571278e-02j,
            9.78758589e-01-3.67612587e-02j,
            1.51838948e-01-1.23122485e-02j,
            9.91102443e-03-2.28739270e-03j],
          [ 1.01560652e-02-5.61169320e-04j,
           -1.52335486e-01-7.46576613e-04j,
            9.78758589e-01-3.67612587e-02j,
            1.28157318e-01-3.07541507e-02j],
          [-4.51830843e-04+2.87985845e-05j,
            1.01560652e-02-5.61169320e-04j,
           -1.30321576e-01+1.96571278e-02j,
            9.32123565e-01-3.37152602e-01j]],
         input_dims=(2, 2), output_dims=(2, 2))"
"Operator([[ 9.32123565e-01-0.3371526j ,  1.10733001e-01-0.0714725j ,
            6.30581230e-03-0.00798106j,  1.06193113e-04-0.00044012j],
          [-1.29474876e-01-0.02462463j,  9.78758589e-01-0.03676126j,
            1.39186736e-01-0.06191696j,  6.30581230e-03-0.00798106j],
          [ 8.27780078e-03+0.00591089j, -1.43486615e-01-0.05116883j,
            9.78758589e-01-0.03676126j,  1.10733001e-01-0.0714725j ],
          [-2.63612975e-04-0.00036809j,  8.27780078e-03+0.00591089j,
           -1.29474876e-01-0.02462463j,  9.32123565e-01-0.3371526j ]],
         input_dims=(2, 2), output_dims=(2, 2))"
