unitary
"Operator([[-0.10369782+0.72053634j,  0.06031971-0.41770417j,
           -0.00700939+0.43178865j, -0.24251417+0.21599817j],
          [ 0.06031971-0.41770417j,  0.02751085+0.25447648j,
           -0.18905045+0.73084813j, -0.00700939+0.43178865j],
          [-0.00700939+0.43178865j, -0.18905045+0.73084813j,
            0.02751085+0.25447648j,  0.06031971-0.41770417j],
          [-0.24251417+0.21599817j, -0.00700939+0.43178865j,
            0.06031971-0.41770417j, -0.10369782+0.72053634j]],
         input_dims=(2, 2), output_dims=(2, 2))"
"Operator([[-0.10369782+0.72053634j,  0.41350084+0.08445288j,
            0.05698169-0.42806969j,  0.17070901+0.276273j  ],
          [-0.42050022-0.03598332j,  0.02751085+0.25447648j,
           -0.71864848-0.23113507j,  0.05698169-0.42806969j],
          [-0.0430573 -0.42969366j,  0.74058552+0.14632891j,
            0.02751085+0.25447648j,  0.41350084+0.08445288j],
          [-0.25475268-0.20141848j, -0.0430573 -0.42969366j,
           -0.42050022-0.03598332j, -0.10369782+0.72053634j]],
         input_dims=(2, 2), output_dims=(2, 2))"
"Operator([[-0.10369782+0.72053634j,  0.06031971-0.41770417j,
           -0.00700939+0.43178865j, -0.24251417+0.21599817j],
          [ 0.06031971-0.41770417j,  0.02751085+0.25447648j,
           -0.18905045+0.73084813j, -0.00700939+0.43178865j],
          [-0.00700939+0.43178865j, -0.18905045+0.73084813j,
            0.02751085+0.25447648j,  0.06031971-0.41770417j],
          [-0.24251417+0.21599817j, -0.00700939+0.43178865j,
            0.06031971-0.41770417j, -0.10369782+0.72053634j]],
         input_dims=(2, 2), output_dims=(2, 2))"
"Operator([[-0.10369782+0.72053634j, -0.06327309-0.417267j  ,
            0.23361244+0.36320215j,  0.01251831+0.32451753j],
          [ 0.17873942-0.38231853j,  0.02751085+0.25447648j,
            0.03077823+0.75427565j,  0.23361244+0.36320215j],
          [-0.24527823+0.35542814j, -0.39266594+0.64474221j,
            0.02751085+0.25447648j, -0.06327309-0.417267j  ],
          [-0.3209111 -0.04984377j, -0.24527823+0.35542814j,
            0.17873942-0.38231853j, -0.10369782+0.72053634j]],
         input_dims=(2, 2), output_dims=(2, 2))"
