unitary
"Operator([[ 0.6967498 -0.66116202j,  0.12353233+0.24488429j,
           -0.04276047+0.01808587j, -0.00239611-0.00382687j],
          [ 0.09981071+0.25547284j,  0.90380399-0.06663156j,
            0.04000129+0.31577583j, -0.04276047+0.01808587j],
          [-0.04540175+0.00970761j,  0.00994755+0.31814387j,
            0.90380399-0.06663156j,  0.12353233+0.24488429j],
          [-0.00122679-0.00434526j, -0.04540175+0.00970761j,
            0.09981071+0.25547284j,  0.6967498 -0.66116202j]],
         input_dims=(2, 2), output_dims=(2, 2))"
"Operator([[ 0.6967498 -0.66116202j,  0.11179695+0.25045957j,
           -0.04427972+0.01395935j, -0.0018299 -0.00412768j],
          [ 0.11179695+0.25045957j,  0.90380399-0.06663156j,
            0.02500247+0.31731586j, -0.04427972+0.01395935j],
          [-0.04427972+0.01395935j,  0.02500247+0.31731586j,
            0.90380399-0.06663156j,  0.11179695+0.25045957j],
          [-0.0018299 -0.00412768j, -0.04427972+0.01395935j,
            0.11179695+0.25045957j,  0.6967498 -0.66116202j]],
         input_dims=(2, 2), output_dims=(2, 2))"
"Operator([[ 0.6967498 -0.66116202j,  0.26822661-0.05729778j,
            0.04612999+0.00525172j,  0.00441514+0.00094491j],
          [-0.22175296+0.16141306j,  0.90380399-0.06663156j,
            0.31558274+0.04149718j,  0.04612999+0.00525172j],
          [ 0.03477773-0.03075819j, -0.30518928+0.09041006j,
            0.90380399-0.06663156j,  0.26822661-0.05729778j],
          [-0.00226453+0.00390617j,  0.03477773-0.03075819j,
           -0.22175296+0.16141306j,  0.6967498 -0.66116202j]],
         input_dims=(2, 2), output_dims=(2, 2))"
"Operator([[ 0.6967498 -0.66116202j,  0.11179695+0.25045957j,
           -0.04427972+0.01395935j, -0.0018299 -0.00412768j],
          [ 0.11179695+0.25045957j,  0.90380399-0.06663156j,
            0.02500247+0.31731586j, -0.04427972+0.01395935j],
          [-0.04427972+0.01395935j,  0.02500247+0.31731586j,
            0.90380399-0.06663156j,  0.11179695+0.25045957j],
          [-0.0018299 -0.00412768j, -0.04427972+0.01395935j,
            0.11179695+0.25045957j,  0.6967498 -0.66116202j]],
         input_dims=(2, 2), output_dims=(2, 2))"
"Operator([[ 0.6967498 -0.66116202j,  0.11179695+0.25045957j,
           -0.04427972+0.01395935j, -0.0018299 -0.00412768j],
          [ 0.11179695+0.25045957j,  0.90380399-0.06663156j,
            0.02500247+0.31731586j, -0.04427972+0.01395935j],
          [-0.04427972+0.01395935j,  0.02500247+0.31731586j,
            0.90380399-0.06663156j,  0.11179695+0.25045957j],
          [-0.0018299 -0.00412768j, -0.04427972+0.01395935j,
            0.11179695+0.25045957j,  0.6967498 -0.66116202j]],
         input_dims=(2, 2), output_dims=(2, 2))"
"Operator([[ 0.6967498 -6.61162025e-01j,  0.23337813-1.44094411e-01j,
            0.0390374 -2.51324202e-02j,  0.0030895 -3.29260716e-03j],
          [-0.26309669+7.75157011e-02j,  0.90380399-6.66315600e-02j,
            0.31117738-6.69560749e-02j,  0.0390374 -2.51324202e-02j],
          [ 0.04639308-1.79987026e-03j, -0.31782369-1.73947886e-02j,
            0.90380399-6.66315600e-02j,  0.23337813-1.44094411e-01j],
          [-0.00451444+7.84041395e-05j,  0.04639308-1.79987026e-03j,
           -0.26309669+7.75157011e-02j,  0.6967498 -6.61162025e-01j]],
         input_dims=(2, 2), output_dims=(2, 2))"
