unitary
"Operator([[ 9.20523801e-01-3.63571888e-01j,
           -4.71462852e-02+1.34484879e-01j,
           -7.04046302e-03-9.62082730e-03j,
            5.69348977e-04-8.11028979e-05j],
          [ 9.76212064e-02+1.03822228e-01j,
            9.75113011e-01-3.95084415e-02j,
           -7.96810782e-02+1.44199655e-01j,
           -7.04046302e-03-9.62082730e-03j],
          [-3.82063647e-03+1.12929701e-02j,
            9.12479750e-02+1.37172963e-01j,
            9.75113011e-01-3.95084415e-02j,
           -4.71462852e-02+1.34484879e-01j],
          [-5.53436585e-04+1.56345402e-04j,
           -3.82063647e-03+1.12929701e-02j,
            9.76212064e-02+1.03822228e-01j,
            9.20523801e-01-3.63571888e-01j]],
         input_dims=(2, 2), output_dims=(2, 2))"
"Operator([[ 9.20523801e-01-0.36357189j,  9.14788465e-04+0.14250655j,
           -1.15456773e-02-0.00297082j,  2.23156307e-04-0.00053004j],
          [ 5.69393854e-02+0.1306402j ,  9.75113011e-01-0.03950844j,
           -2.64455546e-02+0.1626138j , -1.15456773e-02-0.00297082j],
          [-1.01174438e-02+0.00630601j,  3.97034903e-02+0.15989449j,
            9.75113011e-01-0.03950844j,  9.14788465e-04+0.14250655j],
          [-4.18637623e-04-0.00039431j, -1.01174438e-02+0.00630601j,
            5.69393854e-02+0.1306402j ,  9.20523801e-01-0.36357189j]],
         input_dims=(2, 2), output_dims=(2, 2))"
"Operator([[ 9.20523801e-01-0.36357189j,  2.95292899e-02+0.13941656j,
           -1.17829369e-02+0.00181407j, -1.18990440e-04-0.00056265j],
          [ 2.95292899e-02+0.13941656j,  9.75113011e-01-0.03950844j,
            6.76696943e-03+0.16461113j, -1.17829369e-02+0.00181407j],
          [-1.17829369e-02+0.00181407j,  6.76696943e-03+0.16461113j,
            9.75113011e-01-0.03950844j,  2.95292899e-02+0.13941656j],
          [-1.18990440e-04-0.00056265j, -1.17829369e-02+0.00181407j,
            2.95292899e-02+0.13941656j,  9.20523801e-01-0.36357189j]],
         input_dims=(2, 2), output_dims=(2, 2))"
"Operator([[ 9.20523801e-01-3.63571888e-01j,
            8.37723409e-02+1.15287249e-01j,
           -6.52060998e-03+9.98048511e-03j,
           -5.72024687e-04-5.93607200e-05j],
          [-2.98384427e-02+1.39350717e-01j,
            9.75113011e-01-3.95084415e-02j,
            7.32507208e-02+1.47570141e-01j,
           -6.52060998e-03+9.98048511e-03j],
          [-9.22063100e-03-7.55701009e-03j,
           -6.08911604e-02+1.53084556e-01j,
            9.75113011e-01-3.95084415e-02j,
            8.37723409e-02+1.15287249e-01j],
          [ 4.99015673e-04-2.85865870e-04j,
           -9.22063100e-03-7.55701009e-03j,
           -2.98384427e-02+1.39350717e-01j,
            9.20523801e-01-3.63571888e-01j]],
         input_dims=(2, 2), output_dims=(2, 2))"
"Operator([[ 9.20523801e-01-3.63571888e-01j,
            1.10097991e-01+9.04841826e-02j,
           -8.30705364e-04+1.18927863e-02j,
           -4.54297781e-04+3.52632194e-04j],
          [-6.39592386e-02+1.27350582e-01j,
            9.75113011e-01-3.95084415e-02j,
            1.08042541e-01+1.24376140e-01j,
           -8.30705364e-04+1.18927863e-02j],
          [-4.36940491e-03-1.10921927e-02j,
           -9.74693259e-02+1.32824490e-01j,
            9.75113011e-01-3.95084415e-02j,
            1.10097991e-01+9.04841826e-02j],
          [ 5.58166261e-04+1.38514847e-04j,
           -4.36940491e-03-1.10921927e-02j,
           -6.39592386e-02+1.27350582e-01j,
            9.20523801e-01-3.63571888e-01j]],
         input_dims=(2, 2), output_dims=(2, 2))"
"Operator([[ 9.20523801e-01-0.36357189j,  2.95292899e-02+0.13941656j,
           -1.17829369e-02+0.00181407j, -1.18990440e-04-0.00056265j],
          [ 2.95292899e-02+0.13941656j,  9.75113011e-01-0.03950844j,
            6.76696943e-03+0.16461113j, -1.17829369e-02+0.00181407j],
          [-1.17829369e-02+0.00181407j,  6.76696943e-03+0.16461113j,
            9.75113011e-01-0.03950844j,  2.95292899e-02+0.13941656j],
          [-1.18990440e-04-0.00056265j, -1.17829369e-02+0.00181407j,
            2.95292899e-02+0.13941656j,  9.20523801e-01-0.36357189j]],
         input_dims=(2, 2), output_dims=(2, 2))"
"Operator([[ 9.20523801e-01-0.36357189j,  1.39384168e-01+0.02968179j,
            9.23759637e-03+0.00753626j,  2.87546974e-04+0.00049805j],
          [-1.15381339e-01+0.0836427j ,  9.75113011e-01-0.03950844j,
            1.53152903e-01+0.06071905j,  9.23759637e-03+0.00753626j],
          [ 6.54303030e-03-0.0099658j , -1.47652384e-01+0.0730848j ,
            9.75113011e-01-0.03950844j,  1.39384168e-01+0.02968179j],
          [-6.12893055e-05+0.00057182j,  6.54303030e-03-0.0099658j ,
           -1.15381339e-01+0.0836427j ,  9.20523801e-01-0.36357189j]],
         input_dims=(2, 2), output_dims=(2, 2))"
"Operator([[ 9.20523801e-01-0.36357189j,  2.95292899e-02+0.13941656j,
           -1.17829369e-02+0.00181407j, -1.18990440e-04-0.00056265j],
          [ 2.95292899e-02+0.13941656j,  9.75113011e-01-0.03950844j,
            6.76696943e-03+0.16461113j, -1.17829369e-02+0.00181407j],
          [-1.17829369e-02+0.00181407j,  6.76696943e-03+0.16461113j,
            9.75113011e-01-0.03950844j,  2.95292899e-02+0.13941656j],
          [-1.18990440e-04-0.00056265j, -1.17829369e-02+0.00181407j,
            2.95292899e-02+0.13941656j,  9.20523801e-01-0.36357189j]],
         input_dims=(2, 2), output_dims=(2, 2))"
"Operator([[ 9.20523801e-01-0.36357189j,  2.95292899e-02+0.13941656j,
           -1.17829369e-02+0.00181407j, -1.18990440e-04-0.00056265j],
          [ 2.95292899e-02+0.13941656j,  9.75113011e-01-0.03950844j,
            6.76696943e-03+0.16461113j, -1.17829369e-02+0.00181407j],
          [-1.17829369e-02+0.00181407j,  6.76696943e-03+0.16461113j,
            9.75113011e-01-0.03950844j,  2.95292899e-02+0.13941656j],
          [-1.18990440e-04-0.00056265j, -1.17829369e-02+0.00181407j,
            2.95292899e-02+0.13941656j,  9.20523801e-01-0.36357189j]],
         input_dims=(2, 2), output_dims=(2, 2))"
"Operator([[ 9.20523801e-01-0.36357189j,  9.20920198e-02-0.10875668j,
            1.17977620e-03-0.01186324j, -3.32271264e-04-0.0004694j ],
          [-1.28276551e-01-0.06208125j,  9.75113011e-01-0.03950844j,
            1.25950119e-01-0.10620349j,  1.17977620e-03-0.01186324j],
          [ 4.69342522e-03+0.01095902j, -1.34242212e-01-0.09550729j,
            9.75113011e-01-0.03950844j,  9.20920198e-02-0.10875668j],
          [ 1.13784978e-04-0.00056373j,  4.69342522e-03+0.01095902j,
           -1.28276551e-01-0.06208125j,  9.20523801e-01-0.36357189j]],
         input_dims=(2, 2), output_dims=(2, 2))"
"Operator([[ 9.20523801e-01-3.63571888e-01j,
            6.76428964e-02-1.25432824e-01j,
           -3.71583798e-03-1.13278853e-02j,
           -5.43939724e-04-1.86723096e-04j],
          [-1.12687823e-01-8.72376613e-02j,
            9.75113011e-01-3.95084415e-02j,
            1.01298257e-01-1.29927972e-01j,
           -3.71583798e-03-1.13278853e-02j],
          [-1.36511022e-04+1.19209816e-02j,
           -1.11620809e-01-1.21175120e-01j,
            9.75113011e-01-3.95084415e-02j,
            6.76428964e-02-1.25432824e-01j],
          [ 4.21771918e-04-3.90953178e-04j,
           -1.36511022e-04+1.19209816e-02j,
           -1.12687823e-01-8.72376613e-02j,
            9.20523801e-01-3.63571888e-01j]],
         input_dims=(2, 2), output_dims=(2, 2))"
"Operator([[ 9.20523801e-01-3.63571888e-01j,
            5.92978970e-02-1.29586706e-01j,
           -5.16204901e-03-1.07462406e-02j,
           -5.69909651e-04-7.70644415e-05j],
          [-1.06743504e-01-9.44181086e-02j,
            9.75113011e-01-3.95084415e-02j,
            9.25873839e-02-1.36272488e-01j,
           -5.16204901e-03-1.07462406e-02j],
          [-1.69070083e-03+1.18012698e-02j,
           -1.03460079e-01-1.28213208e-01j,
            9.75113011e-01-3.95084415e-02j,
            5.92978970e-02-1.29586706e-01j],
          [ 4.89914268e-04-3.01197523e-04j,
           -1.69070083e-03+1.18012698e-02j,
           -1.06743504e-01-9.44181086e-02j,
            9.20523801e-01-3.63571888e-01j]],
         input_dims=(2, 2), output_dims=(2, 2))"
