unitary
"Operator([[-0.60522005-0.48632716j, -0.3947885 +0.36735809j,
            0.29682154+0.09160937j, -0.08487419-0.05182405j],
          [-0.20466592-0.49892062j,  0.39143586+0.06411884j,
           -0.59354193-0.32104437j,  0.29682154+0.09160937j],
          [-0.16267256-0.26463738j,  0.50961559-0.44232732j,
            0.39143586+0.06411884j, -0.3947885 +0.36735809j],
          [-0.0992792 -0.00574452j, -0.16267256-0.26463738j,
           -0.20466592-0.49892062j, -0.60522005-0.48632716j]],
         input_dims=(2, 2), output_dims=(2, 2))"
"Operator([[-0.60522005-0.48632716j,  0.47978691-0.24620001j,
            0.20501767+0.23337322j,  0.01943261+0.09752811j],
          [ 0.33258968+0.42449267j,  0.39143586+0.06411884j,
            0.48391303+0.47030808j,  0.20501767+0.23337322j],
          [-0.27709341-0.14040851j, -0.37017662+0.5642081j ,
            0.39143586+0.06411884j,  0.47978691-0.24620001j],
          [ 0.07152098-0.06909493j, -0.27709341-0.14040851j,
            0.33258968+0.42449267j, -0.60522005-0.48632716j]],
         input_dims=(2, 2), output_dims=(2, 2))"
"Operator([[-0.60522005-0.48632716j,  0.52673153+0.11560201j,
           -0.19033372+0.24549619j, -0.09491548-0.02967172j],
          [ 0.52673153+0.11560201j,  0.39143586+0.06411884j,
            0.0737448 +0.67076316j, -0.19033372+0.24549619j],
          [-0.19033372+0.24549619j,  0.0737448 +0.67076316j,
            0.39143586+0.06411884j,  0.52673153+0.11560201j],
          [-0.09491548-0.02967172j, -0.19033372+0.24549619j,
            0.52673153+0.11560201j, -0.60522005-0.48632716j]],
         input_dims=(2, 2), output_dims=(2, 2))"
"Operator([[-0.60522005-0.48632716j,  0.52673153+0.11560201j,
           -0.19033372+0.24549619j, -0.09491548-0.02967172j],
          [ 0.52673153+0.11560201j,  0.39143586+0.06411884j,
            0.0737448 +0.67076316j, -0.19033372+0.24549619j],
          [-0.19033372+0.24549619j,  0.0737448 +0.67076316j,
            0.39143586+0.06411884j,  0.52673153+0.11560201j],
          [-0.09491548-0.02967172j, -0.19033372+0.24549619j,
            0.52673153+0.11560201j, -0.60522005-0.48632716j]],
         input_dims=(2, 2), output_dims=(2, 2))"
"Operator([[-0.60522005-0.48632716j, -0.26987628+0.46687977j,
            0.29720431-0.09035986j, -0.09363276+0.03350024j],
          [-0.04955739-0.53698602j,  0.39143586+0.06411884j,
           -0.66154457-0.13311758j,  0.29720431-0.09035986j],
          [ 0.01346305-0.31034505j,  0.61682241-0.27366335j,
            0.39143586+0.06411884j, -0.26987628+0.46687977j],
          [-0.05788075-0.08086518j,  0.01346305-0.31034505j,
           -0.04955739-0.53698602j, -0.60522005-0.48632716j]],
         input_dims=(2, 2), output_dims=(2, 2))"
