unitary
"Operator([[ 0.6967498 -0.66116202j, -0.25586212-0.09880855j,
            0.01369646+0.04436174j,  0.00166219-0.00419802j],
          [ 0.09728913-0.25644371j,  0.90380399-0.06663156j,
           -0.24144152-0.20741376j,  0.01369646+0.04436174j],
          [-0.01422176-0.04419614j,  0.20597797-0.24266758j,
            0.90380399-0.06663156j, -0.25586212-0.09880855j],
          [-0.00422694-0.00158723j, -0.01422176-0.04419614j,
            0.09728913-0.25644371j,  0.6967498 -0.66116202j]],
         input_dims=(2, 2), output_dims=(2, 2))"
"Operator([[ 0.6967498 -0.66116202j,  0.04573193+0.2704388j ,
           -0.0455096 -0.00918878j,  0.00150422-0.00425719j],
          [ 0.17078257+0.21462029j,  0.90380399-0.06663156j,
           -0.05500464+0.31351072j, -0.0455096 -0.00918878j],
          [-0.03201156+0.03362762j,  0.10342633+0.30102736j,
            0.90380399-0.06663156j,  0.04573193+0.2704388j ],
          [-0.0041647 -0.00174402j, -0.03201156+0.03362762j,
            0.17078257+0.21462029j,  0.6967498 -0.66116202j]],
         input_dims=(2, 2), output_dims=(2, 2))"
"Operator([[ 0.6967498 -0.66116202j,  0.11179695+0.25045957j,
           -0.04427972+0.01395935j, -0.0018299 -0.00412768j],
          [ 0.11179695+0.25045957j,  0.90380399-0.06663156j,
            0.02500247+0.31731586j, -0.04427972+0.01395935j],
          [-0.04427972+0.01395935j,  0.02500247+0.31731586j,
            0.90380399-0.06663156j,  0.11179695+0.25045957j],
          [-0.0018299 -0.00412768j, -0.04427972+0.01395935j,
            0.11179695+0.25045957j,  0.6967498 -0.66116202j]],
         input_dims=(2, 2), output_dims=(2, 2))"
"Operator([[ 0.6967498 -6.61162025e-01j, -0.22966478+1.49942131e-01j,
            0.03771863-2.70714171e-02j, -0.0028314 +3.51702610e-03j],
          [ 0.26497035-7.08467979e-02j,  0.90380399-6.66315600e-02j,
           -0.30938725+7.47931205e-02j,  0.03771863-2.70714171e-02j],
          [ 0.04642478+5.44877570e-04j,  0.31728305+2.54154849e-02j,
            0.90380399-6.66315600e-02j, -0.22966478+1.49942131e-01j],
          [ 0.00450742+2.63549651e-04j,  0.04642478+5.44877570e-04j,
            0.26497035-7.08467979e-02j,  0.6967498 -6.61162025e-01j]],
         input_dims=(2, 2), output_dims=(2, 2))"
"Operator([[ 0.6967498 -0.66116202j,  0.11179695+0.25045957j,
           -0.04427972+0.01395935j, -0.0018299 -0.00412768j],
          [ 0.11179695+0.25045957j,  0.90380399-0.06663156j,
            0.02500247+0.31731586j, -0.04427972+0.01395935j],
          [-0.04427972+0.01395935j,  0.02500247+0.31731586j,
            0.90380399-0.06663156j,  0.11179695+0.25045957j],
          [-0.0018299 -0.00412768j, -0.04427972+0.01395935j,
            0.11179695+0.25045957j,  0.6967498 -0.66116202j]],
         input_dims=(2, 2), output_dims=(2, 2))"
"Operator([[ 0.6967498 -0.66116202j,  0.25014559-0.11249771j,
            0.04420086-0.01420707j,  0.00411217-0.0018645j ],
          [-0.25077158+0.11109532j,  0.90380399-0.06663156j,
            0.31724462-0.02589075j,  0.04420086-0.01420707j],
          [ 0.04435719-0.0137112j , -0.31738461+0.024114j  ,
            0.90380399-0.06663156j,  0.25014559-0.11249771j],
          [-0.00414291+0.00179517j,  0.04435719-0.0137112j ,
           -0.25077158+0.11109532j,  0.6967498 -0.66116202j]],
         input_dims=(2, 2), output_dims=(2, 2))"
