unitary
"Operator([[ 7.51403505e-01-0.6097643j , -1.74960057e-01+0.17755198j,
            1.69787466e-02-0.03384276j,  1.68678540e-04+0.00330294j],
          [ 2.49088907e-01+0.00951025j,  9.21403351e-01-0.0627214j ,
           -2.55382983e-01+0.13524824j,  1.69787466e-02-0.03384276j],
          [ 3.21592248e-02+0.01998485j,  2.72066924e-01+0.09742763j,
            9.21403351e-01-0.0627214j , -1.74960057e-01+0.17755198j],
          [ 2.13028335e-03+0.00252978j,  3.21592248e-02+0.01998485j,
            2.49088907e-01+0.00951025j,  7.51403505e-01-0.6097643j ]],
         input_dims=(2, 2), output_dims=(2, 2))"
"Operator([[ 0.75140351-0.6097643j ,  0.09183288+0.23173789j,
           -0.03644157+0.01027726j, -0.00121275-0.00307687j],
          [ 0.09183288+0.23173789j,  0.92140335-0.0627214j ,
            0.02066853+0.28824532j, -0.03644157+0.01027726j],
          [-0.03644157+0.01027726j,  0.02066853+0.28824532j,
            0.92140335-0.0627214j ,  0.09183288+0.23173789j],
          [-0.00121275-0.00307687j, -0.03644157+0.01027726j,
            0.09183288+0.23173789j,  0.75140351-0.6097643j ]],
         input_dims=(2, 2), output_dims=(2, 2))"
"Operator([[ 0.75140351-0.6097643j ,  0.09183288+0.23173789j,
           -0.03644157+0.01027726j, -0.00121275-0.00307687j],
          [ 0.09183288+0.23173789j,  0.92140335-0.0627214j ,
            0.02066853+0.28824532j, -0.03644157+0.01027726j],
          [-0.03644157+0.01027726j,  0.02066853+0.28824532j,
            0.92140335-0.0627214j ,  0.09183288+0.23173789j],
          [-0.00121275-0.00307687j, -0.03644157+0.01027726j,
            0.09183288+0.23173789j,  0.75140351-0.6097643j ]],
         input_dims=(2, 2), output_dims=(2, 2))"
"Operator([[ 0.75140351-0.6097643j ,  0.09183288+0.23173789j,
           -0.03644157+0.01027726j, -0.00121275-0.00307687j],
          [ 0.09183288+0.23173789j,  0.92140335-0.0627214j ,
            0.02066853+0.28824532j, -0.03644157+0.01027726j],
          [-0.03644157+0.01027726j,  0.02066853+0.28824532j,
            0.92140335-0.0627214j ,  0.09183288+0.23173789j],
          [-0.00121275-0.00307687j, -0.03644157+0.01027726j,
            0.09183288+0.23173789j,  0.75140351-0.6097643j ]],
         input_dims=(2, 2), output_dims=(2, 2))"
"Operator([[ 0.75140351-0.6097643j , -0.19405481-0.15645594j,
           -0.00995277+0.03653153j,  0.00310725-0.00113264j],
          [ 0.03420856-0.24691193j,  0.92140335-0.0627214j ,
           -0.15994982-0.24068363j, -0.00995277+0.03653153j],
          [-0.02757337-0.02594839j,  0.12397374-0.26104227j,
            0.92140335-0.0627214j , -0.19405481-0.15645594j],
          [-0.00304442+0.00129204j, -0.02757337-0.02594839j,
            0.03420856-0.24691193j,  0.75140351-0.6097643j ]],
         input_dims=(2, 2), output_dims=(2, 2))"
"Operator([[ 0.75140351-0.6097643j , -0.2016994 -0.1464687j ,
           -0.00622153+0.03734839j,  0.0029009 -0.00158828j],
          [ 0.0466192 -0.24487217j,  0.92140335-0.0627214j ,
           -0.17188625-0.23230943j, -0.00622153+0.03734839j],
          [-0.02481874-0.02859441j,  0.13698285-0.25445678j,
            0.92140335-0.0627214j , -0.2016994 -0.1464687j ],
          [-0.00320445+0.00081814j, -0.02481874-0.02859441j,
            0.0466192 -0.24487217j,  0.75140351-0.6097643j ]],
         input_dims=(2, 2), output_dims=(2, 2))"
"Operator([[ 0.75140351-6.09764296e-01j, -0.218118  -1.20665931e-01j,
            0.00304368+3.77405089e-02j,  0.00213452-2.52620035e-03j],
          [ 0.07625565-2.37320046e-01j,  0.92140335-6.27213955e-02j,
           -0.1990414 -2.09511512e-01j,  0.00304368+3.77405089e-02j],
          [-0.01712364-3.37696753e-02j,  0.1671129 -2.35766477e-01j,
            0.92140335-6.27213955e-02j, -0.218118  -1.20665931e-01j],
          [-0.00328412-3.90447054e-04j, -0.01712364-3.37696753e-02j,
            0.07625565-2.37320046e-01j,  0.75140351-6.09764296e-01j]],
         input_dims=(2, 2), output_dims=(2, 2))"
"Operator([[ 0.75140351-6.09764296e-01j, -0.21075865-1.33103419e-01j,
           -0.00134365+3.78391942e-02j,  0.00253953-2.11864106e-03j],
          [ 0.06237443-2.41340340e-01j,  0.92140335-6.27213955e-02j,
           -0.18656537-2.20694167e-01j, -0.00134365+3.78391942e-02j],
          [-0.02091606-3.15615040e-02j,  0.15316901-2.45054702e-01j,
            0.92140335-6.27213955e-02j, -0.21075865-1.33103419e-01j],
          [-0.00330213+1.83847900e-04j, -0.02091606-3.15615040e-02j,
            0.06237443-2.41340340e-01j,  0.75140351-6.09764296e-01j]],
         input_dims=(2, 2), output_dims=(2, 2))"
"Operator([[ 0.75140351-6.09764296e-01j, -0.16897064-1.83261153e-01j,
           -0.02013818+3.20634323e-02j,  0.00329305+3.06077486e-04j],
          [-0.00242787-2.49258568e-01j,  0.92140335-6.27213955e-02j,
           -0.1228645 -2.61566183e-01j, -0.02013818+3.20634323e-02j],
          [-0.03392344-1.68169570e-02j,  0.08428839-2.76420008e-01j,
            0.92140335-6.27213955e-02j, -0.16897064-1.83261153e-01j],
          [-0.00219862+2.47061636e-03j, -0.03392344-1.68169570e-02j,
           -0.00242787-2.49258568e-01j,  0.75140351-6.09764296e-01j]],
         input_dims=(2, 2), output_dims=(2, 2))"
"Operator([[ 0.75140351-6.09764296e-01j,  0.00885657-2.49113006e-01j,
           -0.03226367-1.98157932e-02j, -0.00251293+2.15013295e-03j],
          [-0.17709224-1.75425384e-01j,  0.92140335-6.27213955e-02j,
            0.09671334-2.72321655e-01j, -0.03226367-1.98157932e-02j],
          [-0.01715613+3.37531803e-02j, -0.1345776 -2.55737020e-01j,
            0.92140335-6.27213955e-02j,  0.00885657-2.49113006e-01j],
          [ 0.00330417-1.42670979e-04j, -0.01715613+3.37531803e-02j,
           -0.17709224-1.75425384e-01j,  0.75140351-6.09764296e-01j]],
         input_dims=(2, 2), output_dims=(2, 2))"
