unitary
"Operator([[ 0.36987224-0.83919507j,  0.22909293+0.31027511j,
           -0.08958706+0.04413662j, -0.00866545-0.01195714j],
          [ 0.22909293+0.31027511j,  0.79549348-0.07168081j,
            0.04897584+0.44824686j, -0.08958706+0.04413662j],
          [-0.08958706+0.04413662j,  0.04897584+0.44824686j,
            0.79549348-0.07168081j,  0.22909293+0.31027511j],
          [-0.00866545-0.01195714j, -0.08958706+0.04413662j,
            0.22909293+0.31027511j,  0.36987224-0.83919507j]],
         input_dims=(2, 2), output_dims=(2, 2))"
"Operator([[ 0.36987224-0.83919507j,  0.22909293+0.31027511j,
           -0.08958706+0.04413662j, -0.00866545-0.01195714j],
          [ 0.22909293+0.31027511j,  0.79549348-0.07168081j,
            0.04897584+0.44824686j, -0.08958706+0.04413662j],
          [-0.08958706+0.04413662j,  0.04897584+0.44824686j,
            0.79549348-0.07168081j,  0.22909293+0.31027511j],
          [-0.00866545-0.01195714j, -0.08958706+0.04413662j,
            0.22909293+0.31027511j,  0.36987224-0.83919507j]],
         input_dims=(2, 2), output_dims=(2, 2))"
"Operator([[ 0.36987224-0.83919507j, -0.18576182+0.33800409j,
            0.02456287-0.09680159j,  0.00510681+0.01385582j],
          [ 0.37770942-0.07803727j,  0.79549348-0.07168081j,
           -0.38649912+0.23225483j,  0.02456287-0.09680159j],
          [ 0.09172042+0.0395126j ,  0.42753397+0.14331287j,
            0.79549348-0.07168081j, -0.18576182+0.33800409j],
          [ 0.01157759+0.00916639j,  0.09172042+0.0395126j ,
            0.37770942-0.07803727j,  0.36987224-0.83919507j]],
         input_dims=(2, 2), output_dims=(2, 2))"
"Operator([[ 0.36987224-0.83919507j,  0.27511376-0.27030841j,
            0.07382248-0.06726161j,  0.00736217-0.01280085j],
          [-0.3393145 +0.18335728j,  0.79549348-0.07168081j,
            0.43696226-0.11130076j,  0.07382248-0.06726161j],
          [ 0.09831602-0.01754542j, -0.45068719-0.01431541j,
            0.79549348-0.07168081j,  0.27511376-0.27030841j],
          [-0.01445664+0.00301144j,  0.09831602-0.01754542j,
           -0.3393145 +0.18335728j,  0.36987224-0.83919507j]],
         input_dims=(2, 2), output_dims=(2, 2))"
