unitary
"Operator([[-0.18022564-0.82166568j, -0.4667508 -0.17685564j,
           -0.08319913+0.18486189j,  0.04630486-0.00313808j],
          [-0.33882324-0.36651472j,  0.59419143-0.02890261j,
           -0.21125307-0.55789165j, -0.08319913+0.18486189j],
          [-0.19770176+0.04483332j,  0.0598327 -0.59354107j,
            0.59419143-0.02890261j, -0.4667508 -0.17685564j],
          [ 0.01153294+0.0449553j , -0.19770176+0.04483332j,
           -0.33882324-0.36651472j, -0.18022564-0.82166568j]],
         input_dims=(2, 2), output_dims=(2, 2))"
"Operator([[-0.18022564-0.82166568j,  0.4137995 +0.27911324j,
           -0.15693415+0.12832648j, -0.03761045-0.02719267j],
          [ 0.4137995 +0.27911324j,  0.59419143-0.02890261j,
            0.07778015+0.59145684j, -0.15693415+0.12832648j],
          [-0.15693415+0.12832648j,  0.07778015+0.59145684j,
            0.59419143-0.02890261j,  0.4137995 +0.27911324j],
          [-0.03761045-0.02719267j, -0.15693415+0.12832648j,
            0.4137995 +0.27911324j, -0.18022564-0.82166568j]],
         input_dims=(2, 2), output_dims=(2, 2))"
"Operator([[-0.18022564-0.82166568j,  0.4137995 +0.27911324j,
           -0.15693415+0.12832648j, -0.03761045-0.02719267j],
          [ 0.4137995 +0.27911324j,  0.59419143-0.02890261j,
            0.07778015+0.59145684j, -0.15693415+0.12832648j],
          [-0.15693415+0.12832648j,  0.07778015+0.59145684j,
            0.59419143-0.02890261j,  0.4137995 +0.27911324j],
          [-0.03761045-0.02719267j, -0.15693415+0.12832648j,
            0.4137995 +0.27911324j, -0.18022564-0.82166568j]],
         input_dims=(2, 2), output_dims=(2, 2))"
"Operator([[-0.18022564-0.82166568j,  0.47747025-0.14545236j,
            0.15789608+0.12714103j,  0.02104163+0.04136711j],
          [ 0.0439992 +0.4971904j ,  0.59419143-0.02890261j,
            0.50828412+0.31227904j,  0.15789608+0.12714103j],
          [-0.09325488-0.17999872j, -0.4102657 +0.4330739j ,
            0.59419143-0.02890261j,  0.47747025-0.14545236j],
          [ 0.04587768+0.00701611j, -0.09325488-0.17999872j,
            0.0439992 +0.4971904j , -0.18022564-0.82166568j]],
         input_dims=(2, 2), output_dims=(2, 2))"
