unitary
"Operator([[ 8.86340847e-01-0.43033515j, -9.06116319e-02+0.14390168j,
           -2.19708125e-03-0.01695855j,  8.08331523e-04+0.00057337j],
          [ 1.48620619e-01+0.08264426j,  9.64342661e-01-0.04628868j,
           -1.36026504e-01+0.14208025j, -2.19708125e-03-0.01695855j],
          [ 4.02754029e-03+0.01661922j,  1.49273966e-01+0.12809095j,
            9.64342661e-01-0.04628868j, -9.06116319e-02+0.14390168j],
          [-4.34252735e-04+0.00089083j,  4.02754029e-03+0.01661922j,
            1.48620619e-01+0.08264426j,  8.86340847e-01-0.43033515j]],
         input_dims=(2, 2), output_dims=(2, 2))"
"Operator([[ 8.86340847e-01-0.43033515j, -1.35217731e-01+0.10312288j,
            9.45352754e-03-0.01424957j, -1.16718995e-04+0.00098414j],
          [ 1.68138839e-01+0.02544589j,  9.64342661e-01-0.04628868j,
           -1.77127424e-01+0.08553294j,  9.45352754e-03-0.01424957j],
          [ 1.39329889e-02+0.00991419j,  1.84645589e-01+0.06779391j,
            9.64342661e-01-0.04628868j, -1.35217731e-01+0.10312288j],
          [ 5.74467025e-04+0.00080755j,  1.39329889e-02+0.00991419j,
            1.68138839e-01+0.02544589j,  8.86340847e-01-0.43033515j]],
         input_dims=(2, 2), output_dims=(2, 2))"
"Operator([[ 8.86340847e-01-4.30335148e-01j,
           -1.51497835e-01+7.72435645e-02j,
            1.38679767e-02-1.00049312e-02j,
           -6.06172868e-04+7.84030596e-04j],
          [ 1.69977727e-01-5.07294550e-03j,
            9.64342661e-01-4.62886825e-02j,
           -1.89580443e-01+5.24334215e-02j,
            1.38679767e-02-1.00049312e-02j],
          [ 1.65326583e-02+4.36928305e-03j,
            1.93800680e-01+3.36348716e-02j,
            9.64342661e-01-4.62886825e-02j,
           -1.51497835e-01+7.72435645e-02j],
          [ 9.07957253e-04+3.97194093e-04j,
            1.65326583e-02+4.36928305e-03j,
            1.69977727e-01-5.07294550e-03j,
            8.86340847e-01-4.30335148e-01j]],
         input_dims=(2, 2), output_dims=(2, 2))"
"Operator([[ 8.86340847e-01-0.43033515j,  4.21826807e-02+0.16473853j,
           -1.68138086e-02+0.00311693j, -2.45314235e-04-0.00096019j],
          [ 4.21826807e-02+0.16473853j,  9.64342661e-01-0.04628868j,
            9.63322217e-03+0.19646172j, -1.68138086e-02+0.00311693j],
          [-1.68138086e-02+0.00311693j,  9.63322217e-03+0.19646172j,
            9.64342661e-01-0.04628868j,  4.21826807e-02+0.16473853j],
          [-2.45314235e-04-0.00096019j, -1.68138086e-02+0.00311693j,
            4.21826807e-02+0.16473853j,  8.86340847e-01-0.43033515j]],
         input_dims=(2, 2), output_dims=(2, 2))"
"Operator([[ 8.86340847e-01-4.30335148e-01j,
           -1.49256324e-01+8.14905650e-02j,
            1.32810751e-02-1.07718368e-02j,
           -5.37653975e-04+8.32512897e-04j],
          [ 1.70053194e-01-2.71311142e-04j,
            9.64342661e-01-4.62886825e-02j,
           -1.88024303e-01+5.77656423e-02j,
            1.32810751e-02-1.07718368e-02j],
          [ 1.62596450e-02+5.29559913e-03j,
            1.92773666e-01+3.90937536e-02j,
            9.64342661e-01-4.62886825e-02j,
           -1.49256324e-01+8.14905650e-02j],
          [ 8.71090080e-04+4.72600882e-04j,
            1.62596450e-02+5.29559913e-03j,
            1.70053194e-01-2.71311142e-04j,
            8.86340847e-01-4.30335148e-01j]],
         input_dims=(2, 2), output_dims=(2, 2))"
"Operator([[ 8.86340847e-01-0.43033515j, -1.45666306e-01+0.08774674j,
            1.23205319e-02-0.0118585j , -4.27647697e-04+0.00089402j],
          [ 1.69911724e-01+0.00694034j,  9.64342661e-01-0.04628868j,
           -1.85405508e-01+0.06568718j,  1.23205319e-02-0.0118585j ],
          [ 1.57524300e-02+0.00665435j,  1.90942413e-01+0.04723349j,
            9.64342661e-01-0.04628868j, -1.45666306e-01+0.08774674j],
          [ 8.04065812e-04+0.00057933j,  1.57524300e-02+0.00665435j,
            1.69911724e-01+0.00694034j,  8.86340847e-01-0.43033515j]],
         input_dims=(2, 2), output_dims=(2, 2))"
"Operator([[ 8.86340847e-01-0.43033515j,  4.21826807e-02+0.16473853j,
           -1.68138086e-02+0.00311693j, -2.45314235e-04-0.00096019j],
          [ 4.21826807e-02+0.16473853j,  9.64342661e-01-0.04628868j,
            9.63322217e-03+0.19646172j, -1.68138086e-02+0.00311693j],
          [-1.68138086e-02+0.00311693j,  9.63322217e-03+0.19646172j,
            9.64342661e-01-0.04628868j,  4.21826807e-02+0.16473853j],
          [-2.45314235e-04-0.00096019j, -1.68138086e-02+0.00311693j,
            4.21826807e-02+0.16473853j,  8.86340847e-01-0.43033515j]],
         input_dims=(2, 2), output_dims=(2, 2))"
"Operator([[ 8.86340847e-01-0.43033515j,  4.21826807e-02+0.16473853j,
           -1.68138086e-02+0.00311693j, -2.45314235e-04-0.00096019j],
          [ 4.21826807e-02+0.16473853j,  9.64342661e-01-0.04628868j,
            9.63322217e-03+0.19646172j, -1.68138086e-02+0.00311693j],
          [-1.68138086e-02+0.00311693j,  9.63322217e-03+0.19646172j,
            9.64342661e-01-0.04628868j,  4.21826807e-02+0.16473853j],
          [-2.45314235e-04-0.00096019j, -1.68138086e-02+0.00311693j,
            4.21826807e-02+0.16473853j,  8.86340847e-01-0.43033515j]],
         input_dims=(2, 2), output_dims=(2, 2))"
"Operator([[ 8.86340847e-01-4.30335148e-01j,
            1.26643420e-01+1.13488354e-01j,
           -3.54114506e-03+1.67296060e-02j,
           -8.93364004e-04+4.29010813e-04j],
          [-5.65151762e-02+1.60387647e-01j,
            9.64342661e-01-4.62886825e-02j,
            1.17222005e-01+1.57952555e-01j,
           -3.54114506e-03+1.67296060e-02j],
          [-9.30241488e-03-1.43486760e-02j,
           -1.01206879e-01+1.68662905e-01j,
            9.64342661e-01-4.62886825e-02j,
            1.26643420e-01+1.13488354e-01j],
          [ 9.89665524e-04-5.20737031e-05j,
           -9.30241488e-03-1.43486760e-02j,
           -5.65151762e-02+1.60387647e-01j,
            8.86340847e-01-4.30335148e-01j]],
         input_dims=(2, 2), output_dims=(2, 2))"
"Operator([[ 8.86340847e-01-4.30335148e-01j,
            2.95733041e-02-1.67462181e-01j,
           -1.34286334e-02-1.05873145e-02j,
           -8.47702891e-04+5.13370558e-04j],
          [-1.06417156e-01-1.32640685e-01j,
            9.64342661e-01-4.62886825e-02j,
            7.23144806e-02-1.82922453e-01j,
           -1.34286334e-02-1.05873145e-02j],
          [-8.74141150e-03+1.46971817e-02j,
           -8.98632444e-02-1.74970298e-01j,
            9.64342661e-01-4.62886825e-02j,
            2.95733041e-02-1.67462181e-01j],
          [ 9.90063990e-04+4.38499387e-05j,
           -8.74141150e-03+1.46971817e-02j,
           -1.06417156e-01-1.32640685e-01j,
            8.86340847e-01-4.30335148e-01j]],
         input_dims=(2, 2), output_dims=(2, 2))"
