unitary
"Operator([[ 5.19050705e-01-0.78013744j, -2.17104283e-01+0.26292197j,
            3.60916250e-02-0.06571134j, -1.86059234e-04+0.0094383j ],
          [ 3.33865508e-01-0.06925356j,  8.45634333e-01-0.07266066j,
           -3.60166484e-01+0.16739262j,  3.60916250e-02-0.06571134j],
          [ 7.19773791e-02+0.02097242j,  3.85690339e-01+0.09477947j,
            8.45634333e-01-0.07266066j, -2.17104283e-01+0.26292197j],
          [ 8.38637999e-03+0.00433413j,  7.19773791e-02+0.02097242j,
            3.33865508e-01-0.06925356j,  5.19050705e-01-0.78013744j]],
         input_dims=(2, 2), output_dims=(2, 2))"
"Operator([[ 0.5190507 -7.80137444e-01j, -0.05471749+3.36553457e-01j,
           -0.03956063-6.36831379e-02j,  0.00944008+3.12237124e-05j],
          [ 0.32317314+1.08726042e-01j,  0.84563433-7.26606562e-02j,
           -0.22643634+3.26292463e-01j, -0.03956063-6.36831379e-02j],
          [ 0.01702867+7.30110243e-02j,  0.2851204 +2.76489681e-01j,
            0.84563433-7.26606562e-02j, -0.05471749+3.36553457e-01j],
          [-0.0044711 +8.31416173e-03j,  0.01702867+7.30110243e-02j,
            0.32317314+1.08726042e-01j,  0.5190507 -7.80137444e-01j]],
         input_dims=(2, 2), output_dims=(2, 2))"
"Operator([[ 5.19050705e-01-0.78013744j, -1.13015407e-01+0.32169823j,
           -1.50803714e-02-0.07343819j,  8.12915423e-03+0.00479926j],
          [ 3.37251553e-01+0.05023567j,  8.45634333e-01-0.07266066j,
           -2.80258008e-01+0.28141719j, -1.50803714e-02-0.07343819j],
          [ 4.12407573e-02+0.06260819j,  3.29275744e-01+0.22207582j,
            8.45634333e-01-0.07266066j, -1.13015407e-01+0.32169823j],
          [ 3.45439967e-04+0.00943381j,  4.12407573e-02+0.06260819j,
            3.37251553e-01+0.05023567j,  5.19050705e-01-0.78013744j]],
         input_dims=(2, 2), output_dims=(2, 2))"
"Operator([[ 0.5190507 -0.78013744j,  0.17604954+0.2920082j ,
           -0.06926937+0.02867646j, -0.00482954-0.0081112j ],
          [ 0.17604954+0.2920082j ,  0.84563433-0.07266066j,
            0.03848421+0.39529628j, -0.06926937+0.02867646j],
          [-0.06926937+0.02867646j,  0.03848421+0.39529628j,
            0.84563433-0.07266066j,  0.17604954+0.2920082j ],
          [-0.00482954-0.0081112j , -0.06926937+0.02867646j,
            0.17604954+0.2920082j ,  0.5190507 -0.78013744j]],
         input_dims=(2, 2), output_dims=(2, 2))"
"Operator([[ 0.5190507 -0.78013744j, -0.18744051+0.28483028j,
            0.02113989-0.07192837j,  0.00283395+0.00900471j],
          [ 0.33939189-0.032793j  ,  0.84563433-0.07266066j,
           -0.33998263+0.20530952j,  0.02113989-0.07192837j],
          [ 0.06579517+0.03593858j,  0.37319901+0.13587747j,
            0.84563433-0.07266066j, -0.18744051+0.28483028j],
          [ 0.00656604+0.00678256j,  0.06579517+0.03593858j,
            0.33939189-0.032793j  ,  0.5190507 -0.78013744j]],
         input_dims=(2, 2), output_dims=(2, 2))"
"Operator([[ 0.5190507 -0.78013744j,  0.17130593-0.29481606j,
            0.01301909-0.07383149j, -0.00429106-0.0084085j ],
          [-0.34069056+0.01386276j,  0.84563433-0.07266066j,
            0.32803538-0.22390394j,  0.01301909-0.07383149j],
          [ 0.06139583+0.04302485j, -0.36506265-0.15642714j,
            0.84563433-0.07266066j,  0.17130593-0.29481606j],
          [-0.00534751-0.00777947j,  0.06139583+0.04302485j,
           -0.34069056+0.01386276j,  0.5190507 -0.78013744j]],
         input_dims=(2, 2), output_dims=(2, 2))"
"Operator([[ 0.5190507 -0.78013744j,  0.17604954+0.2920082j ,
           -0.06926937+0.02867646j, -0.00482954-0.0081112j ],
          [ 0.17604954+0.2920082j ,  0.84563433-0.07266066j,
            0.03848421+0.39529628j, -0.06926937+0.02867646j],
          [-0.06926937+0.02867646j,  0.03848421+0.39529628j,
            0.84563433-0.07266066j,  0.17604954+0.2920082j ],
          [-0.00482954-0.0081112j , -0.06926937+0.02867646j,
            0.17604954+0.2920082j ,  0.5190507 -0.78013744j]],
         input_dims=(2, 2), output_dims=(2, 2))"
