unitary
"Operator([[ 0.7927205 -5.64359367e-01j, -0.02791991+2.26534580e-01j,
           -0.02444217-1.97897959e-02j,  0.00216855-1.23092877e-03j],
          [ 0.16498414+1.57726572e-01j,  0.93462602-5.88990813e-02j,
           -0.10288211+2.43585474e-01j, -0.02444217-1.97897959e-02j],
          [-0.01196747+2.90832501e-02j,  0.1338736 +2.28027347e-01j,
            0.93462602-5.88990813e-02j, -0.02791991+2.26534580e-01j],
          [-0.00245918+4.12578240e-04j, -0.01196747+2.90832501e-02j,
            0.16498414+1.57726572e-01j,  0.7927205 -5.64359367e-01j]],
         input_dims=(2, 2), output_dims=(2, 2))"
"Operator([[ 7.92720502e-01-5.64359367e-01j,
            1.02711476e-01+2.03832749e-01j,
           -2.76266630e-02+1.50274138e-02j,
           -1.63228795e-03-1.88505895e-03j],
          [ 4.94744200e-02+2.22822168e-01j,
            9.34626018e-01-5.88990813e-02j,
            4.98748695e-02+2.59675006e-01j,
           -2.76266630e-02+1.50274138e-02j],
          [-3.14492133e-02+5.15328181e-05j,
           -1.54642314e-02+2.63968689e-01j,
            9.34626018e-01-5.88990813e-02j,
            1.02711476e-01+2.03832749e-01j],
          [ 7.76860019e-05-2.49234349e-03j,
           -3.14492133e-02+5.15328181e-05j,
            4.94744200e-02+2.22822168e-01j,
            7.92720502e-01-5.64359367e-01j]],
         input_dims=(2, 2), output_dims=(2, 2))"
"Operator([[ 0.7927205 -5.64359367e-01j,  0.18684047+1.31103308e-01j,
           -0.00277211+3.13268429e-02j, -0.00203033+1.44760532e-03j],
          [-0.06169141+2.19753514e-01j,  0.93462602-5.88990813e-02j,
            0.16666321+2.05285132e-01j, -0.00277211+3.13268429e-02j],
          [-0.01744698-2.61659779e-02j, -0.13836585+2.25329763e-01j,
            0.93462602-5.88990813e-02j,  0.18684047+1.31103308e-01j],
          [ 0.00248859-1.57256528e-04j, -0.01744698-2.61659779e-02j,
           -0.06169141+2.19753514e-01j,  0.7927205 -5.64359367e-01j]],
         input_dims=(2, 2), output_dims=(2, 2))"
"Operator([[ 7.92720502e-01-0.56435937j,  2.18996339e-01+0.0643276j ,
            1.68131495e-02+0.02657769j,  6.74598791e-05+0.00249264j],
          [-1.28848691e-01+0.18840237j,  9.34626018e-01-0.05889908j,
            2.23650834e-01+0.14106352j,  1.68131495e-02+0.02657769j],
          [ 2.01848997e-03-0.03138441j, -2.03267617e-01+0.16911797j,
            9.34626018e-01-0.05889908j,  2.18996339e-01+0.0643276j ],
          [ 1.51984258e-03+0.00197684j,  2.01848997e-03-0.03138441j,
           -1.28848691e-01+0.18840237j,  7.92720502e-01-0.56435937j]],
         input_dims=(2, 2), output_dims=(2, 2))"
"Operator([[ 7.92720502e-01-0.56435937j,  7.66830245e-02+0.21498175j,
           -3.04722668e-02+0.00777796j, -8.34503107e-04-0.00234977j],
          [ 7.66830245e-02+0.21498175j,  9.34626018e-01-0.05889908j,
            1.73387408e-02+0.26385219j, -3.04722668e-02+0.00777796j],
          [-3.04722668e-02+0.00777796j,  1.73387408e-02+0.26385219j,
            9.34626018e-01-0.05889908j,  7.66830245e-02+0.21498175j],
          [-8.34503107e-04-0.00234977j, -3.04722668e-02+0.00777796j,
            7.66830245e-02+0.21498175j,  7.92720502e-01-0.56435937j]],
         input_dims=(2, 2), output_dims=(2, 2))"
"Operator([[ 0.7927205 -5.64359367e-01j,  0.221437  -5.53451990e-02j,
            0.03140257-1.71296563e-03j,  0.00249067-1.19953929e-04j],
          [-0.20647571+9.72893475e-02j,  0.93462602-5.88990813e-02j,
            0.26428515+8.48348278e-03j,  0.03140257-1.71296563e-03j],
          [ 0.028382  -1.35468730e-02j, -0.26090227+4.29955650e-02j,
            0.93462602-5.88990813e-02j,  0.221437  -5.53451990e-02j],
          [-0.00200842+1.47786200e-03j,  0.028382  -1.35468730e-02j,
           -0.20647571+9.72893475e-02j,  0.7927205 -5.64359367e-01j]],
         input_dims=(2, 2), output_dims=(2, 2))"
"Operator([[ 0.7927205 -0.56435937j,  0.02109344+0.22727187j,
           -0.03046962-0.00778831j,  0.00099165-0.00228789j],
          [ 0.12750177+0.1893165j ,  0.93462602-0.05889908j,
           -0.04849936+0.25993542j, -0.03046962-0.00778831j],
          [-0.02300951+0.0214387j ,  0.08209811+0.25135336j,
            0.93462602-0.05889908j,  0.02109344+0.22727187j],
          [-0.00221257-0.00114993j, -0.02300951+0.0214387j ,
            0.12750177+0.1893165j ,  0.7927205 -0.56435937j]],
         input_dims=(2, 2), output_dims=(2, 2))"
"Operator([[ 0.7927205 -0.56435937j, -0.17093484-0.15125712j,
           -0.00969402+0.02991792j,  0.00239523-0.00069333j],
          [ 0.03662161-0.22529158j,  0.93462602-0.05889908j,
           -0.14255421-0.22270363j, -0.00969402+0.02991792j],
          [-0.02284687-0.02161195j,  0.11218475-0.23944351j,
            0.93462602-0.05889908j, -0.17093484-0.15125712j],
          [-0.002296  +0.00097273j, -0.02284687-0.02161195j,
            0.03662161-0.22529158j,  0.7927205 -0.56435937j]],
         input_dims=(2, 2), output_dims=(2, 2))"
"Operator([[ 0.7927205 -5.64359367e-01j, -0.1848452 -1.33901786e-01j,
           -0.00371415+3.12291654e-02j,  0.00209363-1.35444134e-03j],
          [ 0.05837549-2.20657516e-01j,  0.93462602-5.88990813e-02j,
           -0.16355325-2.07771382e-01j, -0.00371415+3.12291654e-02j],
          [-0.01822697-2.56287582e-02j,  0.13495727-2.27387654e-01j,
            0.93462602-5.88990813e-02j, -0.1848452 -1.33901786e-01j],
          [-0.00247895+2.69477592e-04j, -0.01822697-2.56287582e-02j,
            0.05837549-2.20657516e-01j,  0.7927205 -5.64359367e-01j]],
         input_dims=(2, 2), output_dims=(2, 2))"
"Operator([[ 7.92720502e-01-0.56435937j,  7.66830245e-02+0.21498175j,
           -3.04722668e-02+0.00777796j, -8.34503107e-04-0.00234977j],
          [ 7.66830245e-02+0.21498175j,  9.34626018e-01-0.05889908j,
            1.73387408e-02+0.26385219j, -3.04722668e-02+0.00777796j],
          [-3.04722668e-02+0.00777796j,  1.73387408e-02+0.26385219j,
            9.34626018e-01-0.05889908j,  7.66830245e-02+0.21498175j],
          [-8.34503107e-04-0.00234977j, -3.04722668e-02+0.00777796j,
            7.66830245e-02+0.21498175j,  7.92720502e-01-0.56435937j]],
         input_dims=(2, 2), output_dims=(2, 2))"
"Operator([[ 7.92720502e-01-0.56435937j,  7.66830245e-02+0.21498175j,
           -3.04722668e-02+0.00777796j, -8.34503107e-04-0.00234977j],
          [ 7.66830245e-02+0.21498175j,  9.34626018e-01-0.05889908j,
            1.73387408e-02+0.26385219j, -3.04722668e-02+0.00777796j],
          [-3.04722668e-02+0.00777796j,  1.73387408e-02+0.26385219j,
            9.34626018e-01-0.05889908j,  7.66830245e-02+0.21498175j],
          [-8.34503107e-04-0.00234977j, -3.04722668e-02+0.00777796j,
            7.66830245e-02+0.21498175j,  7.92720502e-01-0.56435937j]],
         input_dims=(2, 2), output_dims=(2, 2))"
