unitary
"Operator([[ 9.71100551e-01-2.22516375e-01j,
           -2.81241916e-02+8.14896658e-02j,
           -2.93470247e-03-3.16513313e-03j,
            1.18246327e-04-3.96565273e-05j],
          [ 4.74227697e-02+7.19903931e-02j,
            9.90974800e-01-2.45305156e-02j,
           -4.17430956e-02+9.04132076e-02j,
           -2.93470247e-03-3.16513313e-03j],
          [-2.30852348e-03+3.64709002e-03j,
            4.61876185e-02+8.82254954e-02j,
            9.90974800e-01-2.45305156e-02j,
           -2.81241916e-02+8.14896658e-02j],
          [-1.24381823e-04-9.16494362e-06j,
           -2.30852348e-03+3.64709002e-03j,
            4.74227697e-02+7.19903931e-02j,
            9.71100551e-01-2.22516375e-01j]],
         input_dims=(2, 2), output_dims=(2, 2))"
"Operator([[ 9.71100551e-01-2.22516375e-01j,
            1.07548977e-02+8.55328473e-02j,
           -4.29819156e-03+3.95089414e-04j,
           -1.55513744e-05-1.23745662e-04j],
          [ 1.07548977e-02+8.55328473e-02j,
            9.90974800e-01-2.45305156e-02j,
            2.47688655e-03+9.95534991e-02j,
           -4.29819156e-03+3.95089414e-04j],
          [-4.29819156e-03+3.95089414e-04j,
            2.47688655e-03+9.95534991e-02j,
            9.90974800e-01-2.45305156e-02j,
            1.07548977e-02+8.55328473e-02j],
          [-1.55513744e-05-1.23745662e-04j,
           -4.29819156e-03+3.95089414e-04j,
            1.07548977e-02+8.55328473e-02j,
            9.71100551e-01-2.22516375e-01j]],
         input_dims=(2, 2), output_dims=(2, 2))"
"Operator([[ 9.71100551e-01-2.22516375e-01j,
            1.07548977e-02+8.55328473e-02j,
           -4.29819156e-03+3.95089414e-04j,
           -1.55513744e-05-1.23745662e-04j],
          [ 1.07548977e-02+8.55328473e-02j,
            9.90974800e-01-2.45305156e-02j,
            2.47688655e-03+9.95534991e-02j,
           -4.29819156e-03+3.95089414e-04j],
          [-4.29819156e-03+3.95089414e-04j,
            2.47688655e-03+9.95534991e-02j,
            9.90974800e-01-2.45305156e-02j,
            1.07548977e-02+8.55328473e-02j],
          [-1.55513744e-05-1.23745662e-04j,
           -4.29819156e-03+3.95089414e-04j,
            1.07548977e-02+8.55328473e-02j,
            9.71100551e-01-2.22516375e-01j]],
         input_dims=(2, 2), output_dims=(2, 2))"
"Operator([[ 9.71100551e-01-2.22516375e-01j,
            1.67292861e-02+8.45675279e-02j,
           -4.20057636e-03+9.92826538e-04j,
           -4.10822555e-05-1.17758577e-04j],
          [ 4.72750540e-03+8.60766314e-02j,
            9.90974800e-01-2.45305156e-02j,
            9.45534693e-03+9.91344065e-02j,
           -4.20057636e-03+9.92826538e-04j],
          [-4.31117930e-03-2.10426659e-04j,
           -4.51378078e-03+9.94819578e-02j,
            9.90974800e-01-2.45305156e-02j,
            1.67292861e-02+8.45675279e-02j],
          [ 1.06670249e-05-1.24262016e-04j,
           -4.31117930e-03-2.10426659e-04j,
            4.72750540e-03+8.60766314e-02j,
            9.71100551e-01-2.22516375e-01j]],
         input_dims=(2, 2), output_dims=(2, 2))"
"Operator([[ 9.71100551e-01-2.22516375e-01j,
            1.07548977e-02+8.55328473e-02j,
           -4.29819156e-03+3.95089414e-04j,
           -1.55513744e-05-1.23745662e-04j],
          [ 1.07548977e-02+8.55328473e-02j,
            9.90974800e-01-2.45305156e-02j,
            2.47688655e-03+9.95534991e-02j,
           -4.29819156e-03+3.95089414e-04j],
          [-4.29819156e-03+3.95089414e-04j,
            2.47688655e-03+9.95534991e-02j,
            9.90974800e-01-2.45305156e-02j,
            1.07548977e-02+8.55328473e-02j],
          [-1.55513744e-05-1.23745662e-04j,
           -4.29819156e-03+3.95089414e-04j,
            1.07548977e-02+8.55328473e-02j,
            9.71100551e-01-2.22516375e-01j]],
         input_dims=(2, 2), output_dims=(2, 2))"
"Operator([[ 9.71100551e-01-2.22516375e-01j,
            4.43437186e-02+7.39267909e-02j,
           -2.60773086e-03+3.43951829e-03j,
           -1.22229463e-04-2.47950063e-05j],
          [-2.46616022e-02+8.26035179e-02j,
            9.90974800e-01-2.45305156e-02j,
            4.24248063e-02+9.00953381e-02j,
           -2.60773086e-03+3.43951829e-03j],
          [-3.19105582e-03-2.90649429e-03j,
           -3.78919533e-02+9.20936155e-02j,
            9.90974800e-01-2.45305156e-02j,
            4.43437186e-02+7.39267909e-02j],
          [ 1.12293453e-04-5.42679883e-05j,
           -3.19105582e-03-2.90649429e-03j,
           -2.46616022e-02+8.26035179e-02j,
            9.71100551e-01-2.22516375e-01j]],
         input_dims=(2, 2), output_dims=(2, 2))"
"Operator([[ 9.71100551e-01-2.22516375e-01j,
            5.81698159e-02+6.36223884e-02j,
           -1.05943877e-03+4.18427243e-03j,
           -1.14827852e-04+4.86764669e-05j],
          [-4.06083257e-02+7.60427490e-02j,
            9.90974800e-01-2.45305156e-02j,
            5.95072224e-02+7.98493872e-02j,
           -1.05943877e-03+4.18427243e-03j],
          [-1.80447673e-03-3.92102156e-03j,
           -5.54627563e-02+8.27098350e-02j,
            9.90974800e-01-2.45305156e-02j,
            5.81698159e-02+6.36223884e-02j],
          [ 1.23301508e-04+1.87502554e-05j,
           -1.80447673e-03-3.92102156e-03j,
           -4.06083257e-02+7.60427490e-02j,
            9.71100551e-01-2.22516375e-01j]],
         input_dims=(2, 2), output_dims=(2, 2))"
"Operator([[ 9.71100551e-01-2.22516375e-01j,
            7.14312779e-02+4.82608363e-02j,
            9.58503641e-04+4.20854097e-03j,
           -5.55895542e-05+1.11645132e-04j],
          [-5.72599676e-02+6.44424697e-02j,
            9.90974800e-01-2.45305156e-02j,
            7.65250866e-02+6.37255464e-02j,
            9.58503641e-04+4.20854097e-03j],
          [ 1.75226966e-04-4.31275339e-03j,
           -7.32613895e-02+6.74522271e-02j,
            9.90974800e-01-2.45305156e-02j,
            7.14312779e-02+4.82608363e-02j],
          [ 8.14860067e-05+9.44185617e-05j,
            1.75226966e-04-4.31275339e-03j,
           -5.72599676e-02+6.44424697e-02j,
            9.71100551e-01-2.22516375e-01j]],
         input_dims=(2, 2), output_dims=(2, 2))"
"Operator([[ 9.71100551e-01-2.22516375e-01j,
            8.13857258e-02+2.84235717e-02j,
            2.91135216e-03+3.18662438e-03j,
            3.83500574e-05+1.18676481e-04j],
          [-7.18155724e-02+4.76870983e-02j,
            9.90974800e-01-2.45305156e-02j,
            9.02591418e-02+4.20751881e-02j,
            2.91135216e-03+3.18662438e-03j],
          [ 2.28164660e-03-3.66396440e-03j,
           -8.80551056e-02+4.65116385e-02j,
            9.90974800e-01-2.45305156e-02j,
            8.13857258e-02+2.84235717e-02j],
          [-7.79266381e-06+1.24475333e-04j,
            2.28164660e-03-3.66396440e-03j,
           -7.18155724e-02+4.76870983e-02j,
            9.71100551e-01-2.22516375e-01j]],
         input_dims=(2, 2), output_dims=(2, 2))"
"Operator([[ 9.71100551e-01-2.22516375e-01j,
            8.57705406e-02+8.65737554e-03j,
            4.04008409e-03+1.51929815e-03j,
            1.06194049e-04+6.54038074e-05j],
          [-8.09573267e-02+2.96217326e-02j,
            9.90974800e-01-2.45305156e-02j,
            9.75833035e-02+1.98628553e-02j,
            4.04008409e-03+1.51929815e-03j],
          [ 3.69541722e-03-2.23034479e-03j,
           -9.64748053e-02+2.46910123e-02j,
            9.90974800e-01-2.45305156e-02j,
            8.57705406e-02+8.65737554e-03j],
          [-8.67085822e-05+8.96462818e-05j,
            3.69541722e-03-2.23034479e-03j,
           -8.09573267e-02+2.96217326e-02j,
            9.71100551e-01-2.22516375e-01j]],
         input_dims=(2, 2), output_dims=(2, 2))"
