unitary
"Operator([[ 7.39184522e-01-0.62203735j, -2.44421917e-01-0.07307092j,
            1.89806796e-02+0.03494811j,  2.73735032e-04-0.00355394j],
          [ 1.23672681e-01-0.22312889j,  9.17479581e-01-0.06370022j,
           -2.43421978e-01-0.16809572j,  1.89806796e-02+0.03494811j],
          [-2.63510492e-03-0.0396824j ,  2.16283244e-01-0.20182168j,
            9.17479581e-01-0.06370022j, -2.44421917e-01-0.07307092j],
          [-2.67102996e-03-0.0023603j , -2.63510492e-03-0.0396824j ,
            1.23672681e-01-0.22312889j,  7.39184522e-01-0.62203735j]],
         input_dims=(2, 2), output_dims=(2, 2))"
"Operator([[ 0.73918452-0.62203735j,  0.09630391+0.23623503j,
           -0.03819977+0.01106408j, -0.00133901-0.0033034j ],
          [ 0.09630391+0.23623503j,  0.91747958-0.06370022j,
            0.02164458+0.29502872j, -0.03819977+0.01106408j],
          [-0.03819977+0.01106408j,  0.02164458+0.29502872j,
            0.91747958-0.06370022j,  0.09630391+0.23623503j],
          [-0.00133901-0.0033034j , -0.03819977+0.01106408j,
            0.09630391+0.23623503j,  0.73918452-0.62203735j]],
         input_dims=(2, 2), output_dims=(2, 2))"
"Operator([[ 0.73918452-0.62203735j,  0.09630391+0.23623503j,
           -0.03819977+0.01106408j, -0.00133901-0.0033034j ],
          [ 0.09630391+0.23623503j,  0.91747958-0.06370022j,
            0.02164458+0.29502872j, -0.03819977+0.01106408j],
          [-0.03819977+0.01106408j,  0.02164458+0.29502872j,
            0.91747958-0.06370022j,  0.09630391+0.23623503j],
          [-0.00133901-0.0033034j , -0.03819977+0.01106408j,
            0.09630391+0.23623503j,  0.73918452-0.62203735j]],
         input_dims=(2, 2), output_dims=(2, 2))"
"Operator([[ 7.39184522e-01-0.62203735j,  1.13911363e-01+0.22826658j,
           -3.60915513e-02+0.01670438j, -2.04906482e-03-0.00291663j],
          [ 7.81437457e-02+0.24284766j,  9.17479581e-01-0.06370022j,
            4.39171594e-02+0.29254353j, -3.60915513e-02+0.01670438j],
          [-3.94322940e-02+0.00517015j, -7.52228173e-04+0.29582066j,
            9.17479581e-01-0.06370022j,  1.13911363e-01+0.22826658j],
          [-5.60056759e-04-0.00352019j, -3.94322940e-02+0.00517015j,
            7.81437457e-02+0.24284766j,  7.39184522e-01-0.62203735j]],
         input_dims=(2, 2), output_dims=(2, 2))"
"Operator([[ 0.73918452-0.62203735j,  0.09630391+0.23623503j,
           -0.03819977+0.01106408j, -0.00133901-0.0033034j ],
          [ 0.09630391+0.23623503j,  0.91747958-0.06370022j,
            0.02164458+0.29502872j, -0.03819977+0.01106408j],
          [-0.03819977+0.01106408j,  0.02164458+0.29502872j,
            0.91747958-0.06370022j,  0.09630391+0.23623503j],
          [-0.00133901-0.0033034j , -0.03819977+0.01106408j,
            0.09630391+0.23623503j,  0.73918452-0.62203735j]],
         input_dims=(2, 2), output_dims=(2, 2))"
"Operator([[ 0.73918452-0.62203735j,  0.09630391+0.23623503j,
           -0.03819977+0.01106408j, -0.00133901-0.0033034j ],
          [ 0.09630391+0.23623503j,  0.91747958-0.06370022j,
            0.02164458+0.29502872j, -0.03819977+0.01106408j],
          [-0.03819977+0.01106408j,  0.02164458+0.29502872j,
            0.91747958-0.06370022j,  0.09630391+0.23623503j],
          [-0.00133901-0.0033034j , -0.03819977+0.01106408j,
            0.09630391+0.23623503j,  0.73918452-0.62203735j]],
         input_dims=(2, 2), output_dims=(2, 2))"
"Operator([[ 0.73918452-0.62203735j,  0.19594947-0.16335617j,
            0.02479588-0.03109341j,  0.00092383-0.00344267j],
          [-0.25430986+0.02019719j,  0.91747958-0.06370022j,
            0.27460114-0.11002111j,  0.02479588-0.03109341j],
          [ 0.03757522+0.01302841j, -0.2877178 -0.06876698j,
            0.91747958-0.06370022j,  0.19594947-0.16335617j],
          [-0.00306017-0.00182778j,  0.03757522+0.01302841j,
           -0.25430986+0.02019719j,  0.73918452-0.62203735j]],
         input_dims=(2, 2), output_dims=(2, 2))"
"Operator([[ 0.73918452-0.62203735j,  0.09630391+0.23623503j,
           -0.03819977+0.01106408j, -0.00133901-0.0033034j ],
          [ 0.09630391+0.23623503j,  0.91747958-0.06370022j,
            0.02164458+0.29502872j, -0.03819977+0.01106408j],
          [-0.03819977+0.01106408j,  0.02164458+0.29502872j,
            0.91747958-0.06370022j,  0.09630391+0.23623503j],
          [-0.00133901-0.0033034j , -0.03819977+0.01106408j,
            0.09630391+0.23623503j,  0.73918452-0.62203735j]],
         input_dims=(2, 2), output_dims=(2, 2))"
"Operator([[ 7.39184522e-01-0.62203735j, -2.50686546e-01-0.0473042j ,
            2.57879452e-02+0.0302757j , -8.30316879e-04-0.00346641j],
          [ 1.46166241e-01-0.20908578j,  9.17479581e-01-0.06370022j,
           -2.59555963e-01-0.14191946j,  2.57879452e-02+0.0302757j ],
          [ 5.61555901e-03-0.03937133j,  2.36064728e-01-0.17828033j,
            9.17479581e-01-0.06370022j, -2.50686546e-01-0.0473042j ],
          [-1.81763280e-03-0.00306621j,  5.61555901e-03-0.03937133j,
            1.46166241e-01-0.20908578j,  7.39184522e-01-0.62203735j]],
         input_dims=(2, 2), output_dims=(2, 2))"
"Operator([[ 7.39184522e-01-6.22037353e-01j,
           -1.82399257e-01+1.78359029e-01j,
            1.95763014e-02-3.46179826e-02j,
           -8.68754166e-05+3.56340667e-03j],
          [ 2.55110627e-01+3.12311443e-06j,
            9.17479581e-01-6.37002210e-02j,
           -2.65027178e-01+1.31419277e-01j,
            1.95763014e-02-3.46179826e-02j],
          [ 3.50472651e-02+1.87969547e-02j,
            2.81369265e-01+9.13332800e-02j,
            9.17479581e-01-6.37002210e-02j,
           -1.82399257e-01+1.78359029e-01j],
          [ 2.54350055e-03+2.49720231e-03j,
            3.50472651e-02+1.87969547e-02j,
            2.55110627e-01+3.12311443e-06j,
            7.39184522e-01-6.22037353e-01j]],
         input_dims=(2, 2), output_dims=(2, 2))"
"Operator([[ 0.73918452-0.62203735j, -0.15582159+0.20199274j,
            0.00928368-0.03867104j,  0.00136902+0.00329108j],
          [ 0.25263102+0.03548236j,  0.91747958-0.06370022j,
           -0.24417463+0.16700054j,  0.00928368-0.03867104j],
          [ 0.028514  +0.02772342j,  0.26593282+0.12957686j,
            0.91747958-0.06370022j, -0.15582159+0.20199274j],
          [ 0.00130889+0.00331545j,  0.028514  +0.02772342j,
            0.25263102+0.03548236j,  0.73918452-0.62203735j]],
         input_dims=(2, 2), output_dims=(2, 2))"
"Operator([[ 0.73918452-0.62203735j,  0.09630391+0.23623503j,
           -0.03819977+0.01106408j, -0.00133901-0.0033034j ],
          [ 0.09630391+0.23623503j,  0.91747958-0.06370022j,
            0.02164458+0.29502872j, -0.03819977+0.01106408j],
          [-0.03819977+0.01106408j,  0.02164458+0.29502872j,
            0.91747958-0.06370022j,  0.09630391+0.23623503j],
          [-0.00133901-0.0033034j , -0.03819977+0.01106408j,
            0.09630391+0.23623503j,  0.73918452-0.62203735j]],
         input_dims=(2, 2), output_dims=(2, 2))"
"Operator([[ 0.73918452-0.62203735j, -0.16142351+0.19754463j,
            0.01143663-0.03808989j,  0.00108765+0.00339447j],
          [ 0.25352652+0.02838551j,  0.91747958-0.06370022j,
           -0.24876076+0.16008908j,  0.01143663-0.03808989j],
          [ 0.0300231 +0.0260816j ,  0.26946117+0.12207009j,
            0.91747958-0.06370022j, -0.16142351+0.19754463j],
          [ 0.00158284+0.00319375j,  0.0300231 +0.0260816j ,
            0.25352652+0.02838551j,  0.73918452-0.62203735j]],
         input_dims=(2, 2), output_dims=(2, 2))"
