unitary
"Operator([[ 9.64368752e-01-2.46595857e-01j,
            1.32573193e-02+9.47589276e-02j,
           -5.29719306e-03+5.41370545e-04j,
           -2.36764882e-05-1.69344909e-04j],
          [ 1.32573193e-02+9.47589276e-02j,
            9.88868548e-01-2.71343666e-02j,
            3.05121392e-03+1.10499081e-01j,
           -5.29719306e-03+5.41370545e-04j],
          [-5.29719306e-03+5.41370545e-04j,
            3.05121392e-03+1.10499081e-01j,
            9.88868548e-01-2.71343666e-02j,
            1.32573193e-02+9.47589276e-02j],
          [-2.36764882e-05-1.69344909e-04j,
           -5.29719306e-03+5.41370545e-04j,
            1.32573193e-02+9.47589276e-02j,
            9.64368752e-01-2.46595857e-01j]],
         input_dims=(2, 2), output_dims=(2, 2))"
"Operator([[ 9.64368752e-01-2.46595857e-01j,
            7.39602612e-02-6.07033000e-02j,
            1.93752697e-03-4.95977072e-03j,
           -3.61319565e-05-1.67130955e-04j],
          [-8.77799027e-02-3.80749202e-02j,
            9.88868548e-01-2.71343666e-02j,
            9.27128795e-02-6.01970006e-02j,
            1.93752697e-03-4.95977072e-03j],
          [ 2.90076457e-03+4.46529968e-03j,
           -9.58935137e-02-5.49890075e-02j,
            9.88868548e-01-2.71343666e-02j,
            7.39602612e-02-6.07033000e-02j],
          [-1.10914230e-05-1.70631928e-04j,
            2.90076457e-03+4.46529968e-03j,
           -8.77799027e-02-3.80749202e-02j,
            9.64368752e-01-2.46595857e-01j]],
         input_dims=(2, 2), output_dims=(2, 2))"
"Operator([[ 9.64368752e-01-2.46595857e-01j,
            1.32573193e-02+9.47589276e-02j,
           -5.29719306e-03+5.41370545e-04j,
           -2.36764882e-05-1.69344909e-04j],
          [ 1.32573193e-02+9.47589276e-02j,
            9.88868548e-01-2.71343666e-02j,
            3.05121392e-03+1.10499081e-01j,
           -5.29719306e-03+5.41370545e-04j],
          [-5.29719306e-03+5.41370545e-04j,
            3.05121392e-03+1.10499081e-01j,
            9.88868548e-01-2.71343666e-02j,
            1.32573193e-02+9.47589276e-02j],
          [-2.36764882e-05-1.69344909e-04j,
           -5.29719306e-03+5.41370545e-04j,
            1.32573193e-02+9.47589276e-02j,
            9.64368752e-01-2.46595857e-01j]],
         input_dims=(2, 2), output_dims=(2, 2))"
"Operator([[ 9.64368752e-01-2.46595857e-01j,
            6.03100997e-02-7.42812408e-02j,
           -1.63478860e-04-5.32227499e-03j,
           -1.24739844e-04-1.16954033e-04j],
          [-7.83801751e-02-5.48776732e-02j,
            9.88868548e-01-2.71343666e-02j,
            7.87844316e-02-7.75394754e-02j,
           -1.63478860e-04-5.32227499e-03j],
          [ 9.16523595e-04+5.24531418e-03j,
           -8.29433166e-02-7.30736830e-02j,
            9.88868548e-01-2.71343666e-02j,
            6.03100997e-02-7.42812408e-02j],
          [ 8.78804507e-05-1.46680949e-04j,
            9.16523595e-04+5.24531418e-03j,
           -7.83801751e-02-5.48776732e-02j,
            9.64368752e-01-2.46595857e-01j]],
         input_dims=(2, 2), output_dims=(2, 2))"
"Operator([[ 9.64368752e-01-2.46595857e-01j,
            5.75914819e-02-7.64083246e-02j,
           -5.46759138e-04-5.29663958e-03j,
           -1.36643759e-04-1.02794735e-04j],
          [-7.63496969e-02-5.76691829e-02j,
            9.88868548e-01-2.71343666e-02j,
            7.59362650e-02-8.03308195e-02j,
           -5.46759138e-04-5.29663958e-03j],
          [ 5.35981392e-04+5.29774106e-03j,
           -8.02535275e-02-7.60179469e-02j,
            9.88868548e-01-2.71343666e-02j,
            5.75914819e-02-7.64083246e-02j],
          [ 1.03211282e-04-1.36329401e-04j,
            5.35981392e-04+5.29774106e-03j,
           -7.63496969e-02-5.76691829e-02j,
            9.64368752e-01-2.46595857e-01j]],
         input_dims=(2, 2), output_dims=(2, 2))"
"Operator([[ 9.64368752e-01-2.46595857e-01j,
            5.85921896e-02-7.56436791e-02j,
           -4.07151624e-04-5.30919616e-03j,
           -1.32479184e-04-1.08108927e-04j],
          [-7.71021326e-02-5.66592624e-02j,
            9.88868548e-01-2.71343666e-02j,
            7.69870120e-02-7.93243777e-02j,
           -4.07151624e-04-5.30919616e-03j],
          [ 6.75242747e-04+5.28179738e-03j,
           -8.12471338e-02-7.49550542e-02j,
            9.88868548e-01-2.71343666e-02j,
            5.85921896e-02-7.56436791e-02j],
          [ 9.77489117e-05-1.40297629e-04j,
            6.75242747e-04+5.28179738e-03j,
           -7.71021326e-02-5.66592624e-02j,
            9.64368752e-01-2.46595857e-01j]],
         input_dims=(2, 2), output_dims=(2, 2))"
"Operator([[ 9.64368752e-01-2.46595857e-01j,
            7.36540398e-02-6.10744896e-02j,
            1.88754272e-03-4.97900781e-03j,
           -3.86493395e-05-1.66566812e-04j],
          [-8.75873081e-02-3.85158971e-02j,
            9.88868548e-01-2.71343666e-02j,
            9.24089673e-02-6.06625064e-02j,
            1.88754272e-03-4.97900781e-03j],
          [ 2.85570507e-03+4.49425021e-03j,
           -9.56157530e-02-5.54705751e-02j,
            9.88868548e-01-2.71343666e-02j,
            7.36540398e-02-6.10744896e-02j],
          [-8.51584628e-06-1.70779843e-04j,
            2.85570507e-03+4.49425021e-03j,
           -8.75873081e-02-3.85158971e-02j,
            9.64368752e-01-2.46595857e-01j]],
         input_dims=(2, 2), output_dims=(2, 2))"
"Operator([[ 9.64368752e-01-2.46595857e-01j,
            9.56795233e-02-6.63089844e-04j,
            5.25480747e-03+8.60427131e-04j,
            1.65362717e-04+4.35137472e-05j],
          [-9.21878194e-02+2.56206326e-02j,
            9.88868548e-01-2.71343666e-02j,
            1.09938558e-01+1.15269461e-02j,
            5.25480747e-03+8.60427131e-04j],
          [ 4.97211941e-03-1.90561407e-03j,
           -1.09134931e-01+1.75762278e-02j,
            9.88868548e-01-2.71343666e-02j,
            9.56795233e-02-6.63089844e-04j],
          [-1.47087600e-04+8.71981207e-05j,
            4.97211941e-03-1.90561407e-03j,
           -9.21878194e-02+2.56206326e-02j,
            9.64368752e-01-2.46595857e-01j]],
         input_dims=(2, 2), output_dims=(2, 2))"
"Operator([[ 9.64368752e-01-2.46595857e-01j,
            1.32573193e-02+9.47589276e-02j,
           -5.29719306e-03+5.41370545e-04j,
           -2.36764882e-05-1.69344909e-04j],
          [ 1.32573193e-02+9.47589276e-02j,
            9.88868548e-01-2.71343666e-02j,
            3.05121392e-03+1.10499081e-01j,
           -5.29719306e-03+5.41370545e-04j],
          [-5.29719306e-03+5.41370545e-04j,
            3.05121392e-03+1.10499081e-01j,
            9.88868548e-01-2.71343666e-02j,
            1.32573193e-02+9.47589276e-02j],
          [-2.36764882e-05-1.69344909e-04j,
           -5.29719306e-03+5.41370545e-04j,
            1.32573193e-02+9.47589276e-02j,
            9.64368752e-01-2.46595857e-01j]],
         input_dims=(2, 2), output_dims=(2, 2))"
