unitary
"Operator([[ 0.5190507 -0.78013744j,  0.17604954+0.2920082j ,
           -0.06926937+0.02867646j, -0.00482954-0.0081112j ],
          [ 0.17604954+0.2920082j ,  0.84563433-0.07266066j,
            0.03848421+0.39529628j, -0.06926937+0.02867646j],
          [-0.06926937+0.02867646j,  0.03848421+0.39529628j,
            0.84563433-0.07266066j,  0.17604954+0.2920082j ],
          [-0.00482954-0.0081112j , -0.06926937+0.02867646j,
            0.17604954+0.2920082j ,  0.5190507 -0.78013744j]],
         input_dims=(2, 2), output_dims=(2, 2))"
"Operator([[ 0.5190507 -0.78013744j,  0.32962692-0.08722574j,
            0.07382285+0.01306797j,  0.00897705+0.00292038j],
          [-0.23101914+0.25078355j,  0.84563433-0.07266066j,
            0.39025564+0.07376124j,  0.07382285+0.01306797j],
          [ 0.04298419-0.0614243j , -0.36870011+0.14764964j,
            0.84563433-0.07266066j,  0.32962692-0.08722574j],
          [-0.00171044+0.00928388j,  0.04298419-0.0614243j ,
           -0.23101914+0.25078355j,  0.5190507 -0.78013744j]],
         input_dims=(2, 2), output_dims=(2, 2))"
"Operator([[ 0.5190507 -7.80137444e-01j,  0.31693066-1.25766408e-01j,
            0.07482206-4.71638442e-03j,  0.00943152-4.03096764e-04j],
          [-0.2591753 +2.21563531e-01j,  0.84563433-7.26606562e-02j,
            0.39625466+2.68781261e-02j,  0.07482206-4.71638442e-03j],
          [ 0.05626153-4.95502282e-02j, -0.38362941+1.02804008e-01j,
            0.84563433-7.26606562e-02j,  0.31693066-1.25766408e-01j],
          [-0.00484886+8.09966734e-03j,  0.05626153-4.95502282e-02j,
           -0.2591753 +2.21563531e-01j,  0.5190507 -7.80137444e-01j]],
         input_dims=(2, 2), output_dims=(2, 2))"
"Operator([[ 0.5190507 -0.78013744j,  0.33845466-0.04136034j,
            0.06752716+0.0325679j ,  0.007061  +0.00626565j],
          [-0.19457946+0.28000191j,  0.84563433-0.07266066j,
            0.37651397+0.12640181j,  0.06752716+0.0325679j ],
          [ 0.02474757-0.07076824j, -0.34506303+0.19665118j,
            0.84563433-0.07266066j,  0.33845466-0.04136034j],
          [ 0.00214363+0.00919353j,  0.02474757-0.07076824j,
           -0.19457946+0.28000191j,  0.5190507 -0.78013744j]],
         input_dims=(2, 2), output_dims=(2, 2))"
"Operator([[ 0.5190507 -0.78013744j,  0.17604954+0.2920082j ,
           -0.06926937+0.02867646j, -0.00482954-0.0081112j ],
          [ 0.17604954+0.2920082j ,  0.84563433-0.07266066j,
            0.03848421+0.39529628j, -0.06926937+0.02867646j],
          [-0.06926937+0.02867646j,  0.03848421+0.39529628j,
            0.84563433-0.07266066j,  0.17604954+0.2920082j ],
          [-0.00482954-0.0081112j , -0.06926937+0.02867646j,
            0.17604954+0.2920082j ,  0.5190507 -0.78013744j]],
         input_dims=(2, 2), output_dims=(2, 2))"
"Operator([[ 0.5190507 -0.78013744j, -0.1818479 -0.28843296j,
           -0.06806856+0.03142063j,  0.00530672+0.00780735j],
          [-0.17018092-0.2954669j ,  0.84563433-0.07266066j,
           -0.04637342-0.39444859j, -0.06806856+0.03142063j],
          [-0.0703596 +0.02588652j, -0.03057963-0.3959862j ,
            0.84563433-0.07266066j, -0.1818479 -0.28843296j],
          [ 0.00433501+0.00838593j, -0.0703596 +0.02588652j,
           -0.17018092-0.2954669j ,  0.5190507 -0.78013744j]],
         input_dims=(2, 2), output_dims=(2, 2))"
"Operator([[ 0.5190507 -0.78013744j, -0.22385842+0.25719572j,
            0.03945448-0.06374895j, -0.00092009+0.00939518j],
          [ 0.3319546 -0.07789977j,  0.84563433-0.07266066j,
           -0.36439175+0.15798366j,  0.03945448-0.06374895j],
          [ 0.07296913+0.01720729j,  0.38802144+0.08473221j,
            0.84563433-0.07266066j, -0.22385842+0.25719572j],
          [ 0.00869827+0.00366826j,  0.07296913+0.01720729j,
            0.3319546 -0.07789977j,  0.5190507 -0.78013744j]],
         input_dims=(2, 2), output_dims=(2, 2))"
