theta
2.959496681092443
-1.8118973521482473
