unitary
"Operator([[ 8.86340847e-01-0.43033515j, -3.09542345e-03+0.17002524j,
           -1.60372574e-02-0.00593513j,  5.23477448e-04-0.0008415j ],
          [ 8.44295420e-02+0.14761374j,  9.64342661e-01-0.04628868j,
           -4.29025884e-02+0.19196191j, -1.60372574e-02-0.00593513j],
          [-1.28442299e-02+0.01128916j,  6.14767905e-02+0.18684382j,
            9.64342661e-01-0.04628868j, -3.09542345e-03+0.17002524j],
          [-8.62961190e-04-0.00048729j, -1.28442299e-02+0.01128916j,
            8.44295420e-02+0.14761374j,  8.86340847e-01-0.43033515j]],
         input_dims=(2, 2), output_dims=(2, 2))"
"Operator([[ 8.86340847e-01-0.43033515j, -1.17992565e-01+0.12245782j,
            4.74071137e-03-0.01643001j,  3.29767529e-04+0.00093456j],
          [ 1.62325932e-01+0.05067992j,  9.64342661e-01-0.04628868j,
           -1.62087098e-01+0.1114351j ,  4.74071137e-03-0.01643001j],
          [ 1.03148841e-02+0.01363901j,  1.72211470e-01+0.09504324j,
            9.64342661e-01-0.04628868j, -1.17992565e-01+0.12245782j],
          [ 1.58915361e-04+0.00097821j,  1.03148841e-02+0.01363901j,
            1.62325932e-01+0.05067992j,  8.86340847e-01-0.43033515j]],
         input_dims=(2, 2), output_dims=(2, 2))"
"Operator([[ 8.86340847e-01-0.43033515j, -1.58861530e-01-0.0606727j ,
            8.54273714e-03+0.01481354j,  2.53315810e-05-0.00099071j],
          [ 1.10151916e-01-0.12955585j,  9.64342661e-01-0.04628868j,
           -1.65970155e-01-0.10556475j,  8.54273714e-03+0.01481354j],
          [ 2.66531864e-03-0.01689128j,  1.54846383e-01-0.12129553j,
            9.64342661e-01-0.04628868j, -1.58861530e-01-0.0606727j ],
          [-4.97431780e-04-0.00085715j,  2.66531864e-03-0.01689128j,
            1.10151916e-01-0.12955585j,  8.86340847e-01-0.43033515j]],
         input_dims=(2, 2), output_dims=(2, 2))"
"Operator([[ 8.86340847e-01-0.43033515j,  4.21826807e-02+0.16473853j,
           -1.68138086e-02+0.00311693j, -2.45314235e-04-0.00096019j],
          [ 4.21826807e-02+0.16473853j,  9.64342661e-01-0.04628868j,
            9.63322217e-03+0.19646172j, -1.68138086e-02+0.00311693j],
          [-1.68138086e-02+0.00311693j,  9.63322217e-03+0.19646172j,
            9.64342661e-01-0.04628868j,  4.21826807e-02+0.16473853j],
          [-2.45314235e-04-0.00096019j, -1.68138086e-02+0.00311693j,
            4.21826807e-02+0.16473853j,  8.86340847e-01-0.43033515j]],
         input_dims=(2, 2), output_dims=(2, 2))"
"Operator([[ 8.86340847e-01-0.43033515j, -1.67949759e-01-0.02666535j,
            1.37876369e-02+0.01011536j, -5.56751716e-04-0.00081986j],
          [ 1.34465840e-01-0.10410139j,  9.64342661e-01-0.04628868j,
           -1.84148768e-01-0.06913204j,  1.37876369e-02+0.01011536j],
          [ 9.24572800e-03-0.01438527j,  1.76502074e-01-0.08681605j,
            9.64342661e-01-0.04628868j, -1.67949759e-01-0.02666535j],
          [ 9.52681111e-05-0.00098644j,  9.24572800e-03-0.01438527j,
            1.34465840e-01-0.10410139j,  8.86340847e-01-0.43033515j]],
         input_dims=(2, 2), output_dims=(2, 2))"
"Operator([[ 8.86340847e-01-0.43033515j, -1.69410662e-01-0.01477125j,
            1.50720858e-02+0.00807785j, -7.16423170e-04-0.00068475j],
          [ 1.41463328e-01-0.09437314j,  9.64342661e-01-0.04628868j,
           -1.88560174e-01-0.05599169j,  1.50720858e-02+0.00807785j],
          [ 1.11751547e-02-0.01294354j,  1.82177865e-01-0.0741703j ,
            9.64342661e-01-0.04628868j, -1.69410662e-01-0.01477125j],
          [ 3.00179664e-04-0.00094448j,  1.11751547e-02-0.01294354j,
            1.41463328e-01-0.09437314j,  8.86340847e-01-0.43033515j]],
         input_dims=(2, 2), output_dims=(2, 2))"
"Operator([[ 8.86340847e-01-0.43033515j, -1.69711019e-01-0.01078575j,
            1.54350164e-02+0.00736069j, -7.62885804e-04-0.00063258j],
          [ 1.43642176e-01-0.09102246j,  9.64342661e-01-0.04628868j,
           -1.89823988e-01-0.05154475j,  1.54350164e-02+0.00736069j],
          [ 1.17710302e-02-0.01240412j,  1.83870669e-01-0.06986834j,
            9.64342661e-01-0.04628868j, -1.69711019e-01-0.01078575j],
          [ 3.65975073e-04-0.00092098j,  1.17710302e-02-0.01240412j,
            1.43642176e-01-0.09102246j,  8.86340847e-01-0.43033515j]],
         input_dims=(2, 2), output_dims=(2, 2))"
"Operator([[ 8.86340847e-01-0.43033515j, -1.69379788e-01-0.01512117j,
            1.50385843e-02+0.00814005j, -7.12165936e-04-0.00068918j],
          [ 1.41268079e-01-0.09466516j,  9.64342661e-01-0.04628868j,
           -1.88444109e-01-0.05638108j,  1.50385843e-02+0.00814005j],
          [ 1.11215843e-02-0.0129896j ,  1.82024262e-01-0.07454647j,
            9.64342661e-01-0.04628868j, -1.69379788e-01-0.01512117j],
          [ 2.94320877e-04-0.00094632j,  1.11215843e-02-0.0129896j ,
            1.41268079e-01-0.09466516j,  8.86340847e-01-0.43033515j]],
         input_dims=(2, 2), output_dims=(2, 2))"
"Operator([[ 8.86340847e-01-0.43033515j, -1.69154664e-01-0.0174603j ,
            1.48078964e-02+0.00855252j, -6.82991060e-04-0.0007181j ],
          [ 1.39946463e-01-0.09660823j,  9.64342661e-01-0.04628868j,
           -1.87647016e-01-0.0589797j ,  1.48078964e-02+0.00855252j],
          [ 1.07583782e-02-0.01329198j,  1.80976764e-01-0.07705465j,
            9.64342661e-01-0.04628868j, -1.69154664e-01-0.0174603j ],
          [ 2.54847817e-04-0.00095771j,  1.07583782e-02-0.01329198j,
            1.39946463e-01-0.09660823j,  8.86340847e-01-0.43033515j]],
         input_dims=(2, 2), output_dims=(2, 2))"
"Operator([[ 8.86340847e-01-0.43033515j,  4.21826807e-02+0.16473853j,
           -1.68138086e-02+0.00311693j, -2.45314235e-04-0.00096019j],
          [ 4.21826807e-02+0.16473853j,  9.64342661e-01-0.04628868j,
            9.63322217e-03+0.19646172j, -1.68138086e-02+0.00311693j],
          [-1.68138086e-02+0.00311693j,  9.63322217e-03+0.19646172j,
            9.64342661e-01-0.04628868j,  4.21826807e-02+0.16473853j],
          [-2.45314235e-04-0.00096019j, -1.68138086e-02+0.00311693j,
            4.21826807e-02+0.16473853j,  8.86340847e-01-0.43033515j]],
         input_dims=(2, 2), output_dims=(2, 2))"
"Operator([[ 8.86340847e-01-0.43033515j,  4.21826807e-02+0.16473853j,
           -1.68138086e-02+0.00311693j, -2.45314235e-04-0.00096019j],
          [ 4.21826807e-02+0.16473853j,  9.64342661e-01-0.04628868j,
            9.63322217e-03+0.19646172j, -1.68138086e-02+0.00311693j],
          [-1.68138086e-02+0.00311693j,  9.63322217e-03+0.19646172j,
            9.64342661e-01-0.04628868j,  4.21826807e-02+0.16473853j],
          [-2.45314235e-04-0.00096019j, -1.68138086e-02+0.00311693j,
            4.21826807e-02+0.16473853j,  8.86340847e-01-0.43033515j]],
         input_dims=(2, 2), output_dims=(2, 2))"
"Operator([[ 8.86340847e-01-0.43033515j,  4.21826807e-02+0.16473853j,
           -1.68138086e-02+0.00311693j, -2.45314235e-04-0.00096019j],
          [ 4.21826807e-02+0.16473853j,  9.64342661e-01-0.04628868j,
            9.63322217e-03+0.19646172j, -1.68138086e-02+0.00311693j],
          [-1.68138086e-02+0.00311693j,  9.63322217e-03+0.19646172j,
            9.64342661e-01-0.04628868j,  4.21826807e-02+0.16473853j],
          [-2.45314235e-04-0.00096019j, -1.68138086e-02+0.00311693j,
            4.21826807e-02+0.16473853j,  8.86340847e-01-0.43033515j]],
         input_dims=(2, 2), output_dims=(2, 2))"
"Operator([[ 8.86340847e-01-0.43033515j,  4.21826807e-02+0.16473853j,
           -1.68138086e-02+0.00311693j, -2.45314235e-04-0.00096019j],
          [ 4.21826807e-02+0.16473853j,  9.64342661e-01-0.04628868j,
            9.63322217e-03+0.19646172j, -1.68138086e-02+0.00311693j],
          [-1.68138086e-02+0.00311693j,  9.63322217e-03+0.19646172j,
            9.64342661e-01-0.04628868j,  4.21826807e-02+0.16473853j],
          [-2.45314235e-04-0.00096019j, -1.68138086e-02+0.00311693j,
            4.21826807e-02+0.16473853j,  8.86340847e-01-0.43033515j]],
         input_dims=(2, 2), output_dims=(2, 2))"
"Operator([[ 8.86340847e-01-0.43033515j,  4.21826807e-02+0.16473853j,
           -1.68138086e-02+0.00311693j, -2.45314235e-04-0.00096019j],
          [ 4.21826807e-02+0.16473853j,  9.64342661e-01-0.04628868j,
            9.63322217e-03+0.19646172j, -1.68138086e-02+0.00311693j],
          [-1.68138086e-02+0.00311693j,  9.63322217e-03+0.19646172j,
            9.64342661e-01-0.04628868j,  4.21826807e-02+0.16473853j],
          [-2.45314235e-04-0.00096019j, -1.68138086e-02+0.00311693j,
            4.21826807e-02+0.16473853j,  8.86340847e-01-0.43033515j]],
         input_dims=(2, 2), output_dims=(2, 2))"
"Operator([[ 8.86340847e-01-4.30335148e-01j,
            9.65217737e-03-1.69779262e-01j,
           -1.55319467e-02-7.15388390e-03j,
           -6.17168209e-04+7.75405005e-04j],
          [-9.00611857e-02-1.44246820e-01j,
            9.64342661e-01-4.62886825e-02j,
            5.02759617e-02-1.90163971e-01j,
           -1.55319467e-02-7.15388390e-03j],
          [-1.19356459e-02+1.22458067e-02j,
           -6.86388971e-02-1.84333149e-01j,
            9.64342661e-01-4.62886825e-02j,
            9.65217737e-03-1.69779262e-01j],
          [ 9.13467811e-04+3.84351505e-04j,
           -1.19356459e-02+1.22458067e-02j,
           -9.00611857e-02-1.44246820e-01j,
            8.86340847e-01-4.30335148e-01j]],
         input_dims=(2, 2), output_dims=(2, 2))"
