unitary
"Operator([[ 8.86340847e-01-4.30335148e-01j,
           -1.61389384e-01+5.35875821e-02j,
            1.62153032e-02-5.42985872e-03j,
           -8.88075295e-04+4.39854283e-04j],
          [ 1.67282798e-01-3.05716828e-02j,
            9.64342661e-01-4.62886825e-02j,
           -1.95308850e-01+2.33336892e-02j,
            1.62153032e-02-5.42985872e-03j],
          [ 1.70841192e-02-7.43164552e-04j,
            1.96654724e-01+4.11431096e-03j,
            9.64342661e-01-4.62886825e-02j,
           -1.61389384e-01+5.35875821e-02j],
          [ 9.90226105e-04-4.00222706e-05j,
            1.70841192e-02-7.43164552e-04j,
            1.67282798e-01-3.05716828e-02j,
            8.86340847e-01-4.30335148e-01j]],
         input_dims=(2, 2), output_dims=(2, 2))"
"Operator([[ 8.86340847e-01-4.30335148e-01j,
            1.24387067e-01+1.15956975e-01j,
           -4.19628732e-03+1.65774122e-02j,
           -9.17107179e-04+3.75584802e-04j],
          [-5.33500643e-02+1.61468056e-01j,
            9.64342661e-01-4.62886825e-02j,
            1.14093041e-01+1.60227295e-01j,
           -4.19628732e-03+1.65774122e-02j],
          [-9.85947219e-03-1.39717655e-02j,
           -9.78703826e-02+1.70620621e-01j,
            9.64342661e-01-4.62886825e-02j,
            1.24387067e-01+1.15956975e-01j],
          [ 9.84872748e-04-1.10341244e-04j,
           -9.85947219e-03-1.39717655e-02j,
           -5.33500643e-02+1.61468056e-01j,
            8.86340847e-01-4.30335148e-01j]],
         input_dims=(2, 2), output_dims=(2, 2))"
"Operator([[ 8.86340847e-01-4.30335148e-01j,
           -1.54370983e-01+7.13285492e-02j,
            1.45995675e-02-8.90348540e-03j,
           -6.92854148e-04+7.08592020e-04j],
          [ 1.69654508e-01-1.16408914e-02j,
            9.64342661e-01-4.62886825e-02j,
           -1.91465899e-01+4.50645928e-02j,
            1.45995675e-02-8.90348540e-03j],
          [ 1.68208339e-02+3.07879371e-03j,
            1.94956184e-01+2.61169336e-02j,
            9.64342661e-01-4.62886825e-02j,
           -1.54370983e-01+7.13285492e-02j],
          [ 9.47831241e-04+2.89422631e-04j,
            1.68208339e-02+3.07879371e-03j,
            1.69654508e-01-1.16408914e-02j,
            8.86340847e-01-4.30335148e-01j]],
         input_dims=(2, 2), output_dims=(2, 2))"
"Operator([[ 8.86340847e-01-0.43033515j,  3.97753837e-02+0.16533627j,
           -1.68975696e-02+0.00262518j, -2.03076366e-04-0.00097j   ],
          [ 4.45810033e-02+0.16410575j,  9.64342661e-01-0.04628868j,
            6.76668591e-03+0.19658133j, -1.68975696e-02+0.00262518j],
          [-1.67157397e-02+0.00360603j,  1.24977090e-02+0.19630032j,
            9.64342661e-01-0.04628868j,  3.97753837e-02+0.16533627j],
          [-2.87082452e-04-0.00094854j, -1.67157397e-02+0.00360603j,
            4.45810033e-02+0.16410575j,  8.86340847e-01-0.43033515j]],
         input_dims=(2, 2), output_dims=(2, 2))"
"Operator([[ 8.86340847e-01-0.43033515j,  4.21826807e-02+0.16473853j,
           -1.68138086e-02+0.00311693j, -2.45314235e-04-0.00096019j],
          [ 4.21826807e-02+0.16473853j,  9.64342661e-01-0.04628868j,
            9.63322217e-03+0.19646172j, -1.68138086e-02+0.00311693j],
          [-1.68138086e-02+0.00311693j,  9.63322217e-03+0.19646172j,
            9.64342661e-01-0.04628868j,  4.21826807e-02+0.16473853j],
          [-2.45314235e-04-0.00096019j, -1.68138086e-02+0.00311693j,
            4.21826807e-02+0.16473853j,  8.86340847e-01-0.43033515j]],
         input_dims=(2, 2), output_dims=(2, 2))"
"Operator([[ 8.86340847e-01-0.43033515j,  4.21826807e-02+0.16473853j,
           -1.68138086e-02+0.00311693j, -2.45314235e-04-0.00096019j],
          [ 4.21826807e-02+0.16473853j,  9.64342661e-01-0.04628868j,
            9.63322217e-03+0.19646172j, -1.68138086e-02+0.00311693j],
          [-1.68138086e-02+0.00311693j,  9.63322217e-03+0.19646172j,
            9.64342661e-01-0.04628868j,  4.21826807e-02+0.16473853j],
          [-2.45314235e-04-0.00096019j, -1.68138086e-02+0.00311693j,
            4.21826807e-02+0.16473853j,  8.86340847e-01-0.43033515j]],
         input_dims=(2, 2), output_dims=(2, 2))"
"Operator([[ 8.86340847e-01-0.43033515j,  4.21826807e-02+0.16473853j,
           -1.68138086e-02+0.00311693j, -2.45314235e-04-0.00096019j],
          [ 4.21826807e-02+0.16473853j,  9.64342661e-01-0.04628868j,
            9.63322217e-03+0.19646172j, -1.68138086e-02+0.00311693j],
          [-1.68138086e-02+0.00311693j,  9.63322217e-03+0.19646172j,
            9.64342661e-01-0.04628868j,  4.21826807e-02+0.16473853j],
          [-2.45314235e-04-0.00096019j, -1.68138086e-02+0.00311693j,
            4.21826807e-02+0.16473853j,  8.86340847e-01-0.43033515j]],
         input_dims=(2, 2), output_dims=(2, 2))"
"Operator([[ 8.86340847e-01-0.43033515j,  4.21826807e-02+0.16473853j,
           -1.68138086e-02+0.00311693j, -2.45314235e-04-0.00096019j],
          [ 4.21826807e-02+0.16473853j,  9.64342661e-01-0.04628868j,
            9.63322217e-03+0.19646172j, -1.68138086e-02+0.00311693j],
          [-1.68138086e-02+0.00311693j,  9.63322217e-03+0.19646172j,
            9.64342661e-01-0.04628868j,  4.21826807e-02+0.16473853j],
          [-2.45314235e-04-0.00096019j, -1.68138086e-02+0.00311693j,
            4.21826807e-02+0.16473853j,  8.86340847e-01-0.43033515j]],
         input_dims=(2, 2), output_dims=(2, 2))"
"Operator([[ 8.86340847e-01-4.30335148e-01j,
            9.55574415e-02+1.40666050e-01j,
           -1.09562568e-02+1.31293511e-02j,
           -9.51739638e-04-2.76299080e-04j],
          [-1.61929847e-02+1.69280683e-01j,
            9.64342661e-01-4.62886825e-02j,
            7.56971271e-02+1.81548762e-01j,
           -1.09562568e-02+1.31293511e-02j],
          [-1.49343338e-02-8.32977187e-03j,
           -5.75727350e-02+1.88083461e-01j,
            9.64342661e-01-4.62886825e-02j,
            9.55574415e-02+1.40666050e-01j],
          [ 7.02578432e-04-6.98951405e-04j,
           -1.49343338e-02-8.32977187e-03j,
           -1.61929847e-02+1.69280683e-01j,
            8.86340847e-01-4.30335148e-01j]],
         input_dims=(2, 2), output_dims=(2, 2))"
"Operator([[ 8.86340847e-01-0.43033515j,  9.46423488e-02-0.14128336j,
           -1.23539864e-03-0.01705559j, -7.56865872e-04-0.00063977j],
          [-1.50896923e-01-0.07841097j,  9.64342661e-01-0.04628868j,
            1.39987603e-01-0.13817916j, -1.23539864e-03-0.01705559j],
          [ 4.96010698e-03+0.01636511j, -1.52834412e-01-0.12382104j,
            9.64342661e-01-0.04628868j,  9.46423488e-02-0.14128336j],
          [ 3.57243862e-04-0.00092441j,  4.96010698e-03+0.01636511j,
           -1.50896923e-01-0.07841097j,  8.86340847e-01-0.43033515j]],
         input_dims=(2, 2), output_dims=(2, 2))"
"Operator([[ 8.86340847e-01-0.43033515j, -1.42644291e-02-0.16945409j,
           -1.69080406e-02-0.00255687j, -2.45129775e-04+0.00096024j],
          [-6.89315499e-02-0.15545612j,  9.64342661e-01-0.04628868j,
            2.30974033e-02-0.19533693j, -1.69080406e-02-0.00255687j],
          [-1.48680579e-02+0.0084475j , -4.20967968e-02-0.19214023j,
            9.64342661e-01-0.04628868j, -1.42644291e-02-0.16945409j],
          [ 6.75679062e-04+0.00072499j, -1.48680579e-02+0.0084475j ,
           -6.89315499e-02-0.15545612j,  8.86340847e-01-0.43033515j]],
         input_dims=(2, 2), output_dims=(2, 2))"
"Operator([[ 8.86340847e-01-0.43033515j,  4.46164059e-02+0.16409613j,
           -1.67141823e-02+0.00361324j, -2.87696299e-04-0.00094836j],
          [ 3.97397136e-02+0.16534484j,  9.64342661e-01-0.04628868j,
            1.25400579e-02+0.19629762j, -1.67141823e-02+0.00361324j],
          [-1.68987007e-02+0.00261789j,  6.72427592e-03+0.19658279j,
            9.64342661e-01-0.04628868j,  4.46164059e-02+0.16409613j],
          [-2.02448526e-04-0.00097014j, -1.68987007e-02+0.00261789j,
            3.97397136e-02+0.16534484j,  8.86340847e-01-0.43033515j]],
         input_dims=(2, 2), output_dims=(2, 2))"
"Operator([[ 8.86340847e-01-0.43033515j,  4.22113872e-02+0.16473118j,
           -1.68127213e-02+0.00312279j, -2.45816168e-04-0.00096006j],
          [ 4.21539729e-02+0.16474588j,  9.64342661e-01-0.04628868j,
            9.66745725e-03+0.19646004j, -1.68127213e-02+0.00312279j],
          [-1.68148939e-02+0.00311107j,  9.59898680e-03+0.1964634j ,
            9.64342661e-01-0.04628868j,  4.22113872e-02+0.16473118j],
          [-2.44812234e-04-0.00096032j, -1.68148939e-02+0.00311107j,
            4.21539729e-02+0.16474588j,  8.86340847e-01-0.43033515j]],
         input_dims=(2, 2), output_dims=(2, 2))"
"Operator([[ 8.86340847e-01-4.30335148e-01j,
           -6.34730090e-02+1.57763556e-01j,
           -8.01345730e-03-1.51064200e-02j,
            9.87972716e-04+7.78423660e-05j],
          [ 1.31483848e-01+1.07843220e-01j,
            9.64342661e-01-4.62886825e-02j,
           -1.08483762e-01+1.64077059e-01j,
           -8.01345730e-03-1.51064200e-02j],
          [-2.06622921e-03+1.69749852e-02j,
            1.24015338e-01+1.52676796e-01j,
            9.64342661e-01-4.62886825e-02j,
           -6.34730090e-02+1.57763556e-01j],
          [-8.29563080e-04+5.42194261e-04j,
           -2.06622921e-03+1.69749852e-02j,
            1.31483848e-01+1.07843220e-01j,
            8.86340847e-01-4.30335148e-01j]],
         input_dims=(2, 2), output_dims=(2, 2))"
"Operator([[ 8.86340847e-01-4.30335148e-01j,
            2.80044612e-02+1.67731668e-01j,
           -1.70988700e-02+2.19244115e-04j,
            5.53181202e-06-9.91019132e-04j],
          [ 5.60546030e-02+1.60549194e-01j,
            9.64342661e-01-4.62886825e-02j,
           -7.12758789e-03+1.96568577e-01j,
           -1.70988700e-02+2.19244115e-04j],
          [-1.60412795e-02+5.92425325e-03j,
            2.63240834e-02+1.94928322e-01j,
            9.64342661e-01-4.62886825e-02j,
            2.80044612e-02+1.67731668e-01j],
          [-4.80206295e-04-8.66920662e-04j,
           -1.60412795e-02+5.92425325e-03j,
            5.60546030e-02+1.60549194e-01j,
            8.86340847e-01-4.30335148e-01j]],
         input_dims=(2, 2), output_dims=(2, 2))"
