unitary
"Operator([[ 8.86340847e-01-0.43033515j, -9.06116312e-02+0.14390168j,
           -2.19708141e-03-0.01695855j,  8.08331531e-04+0.00057337j],
          [ 1.48620618e-01+0.08264426j,  9.64342661e-01-0.04628868j,
           -1.36026503e-01+0.14208025j, -2.19708141e-03-0.01695855j],
          [ 4.02754014e-03+0.01661922j,  1.49273965e-01+0.12809095j,
            9.64342661e-01-0.04628868j, -9.06116312e-02+0.14390168j],
          [-4.34252748e-04+0.00089083j,  4.02754014e-03+0.01661922j,
            1.48620618e-01+0.08264426j,  8.86340847e-01-0.43033515j]],
         input_dims=(2, 2), output_dims=(2, 2))"
"Operator([[ 8.86340847e-01-0.43033515j, -1.35217734e-01+0.10312287j,
            9.45352845e-03-0.01424957j, -1.16719089e-04+0.00098414j],
          [ 1.68138840e-01+0.02544588j,  9.64342661e-01-0.04628868j,
           -1.77127426e-01+0.08553293j,  9.45352845e-03-0.01424957j],
          [ 1.39329896e-02+0.00991419j,  1.84645591e-01+0.06779391j,
            9.64342661e-01-0.04628868j, -1.35217734e-01+0.10312287j],
          [ 5.74467102e-04+0.00080755j,  1.39329896e-02+0.00991419j,
            1.68138840e-01+0.02544588j,  8.86340847e-01-0.43033515j]],
         input_dims=(2, 2), output_dims=(2, 2))"
"Operator([[ 8.86340847e-01-4.30335148e-01j,
           -1.51497832e-01+7.72435715e-02j,
            1.38679757e-02-1.00049324e-02j,
           -6.06172759e-04+7.84030680e-04j],
          [ 1.69977727e-01-5.07293763e-03j,
            9.64342661e-01-4.62886825e-02j,
           -1.89580440e-01+5.24334303e-02j,
            1.38679757e-02-1.00049324e-02j],
          [ 1.65326579e-02+4.36928458e-03j,
            1.93800678e-01+3.36348806e-02j,
            9.64342661e-01-4.62886825e-02j,
           -1.51497832e-01+7.72435715e-02j],
          [ 9.07957198e-04+3.97194220e-04j,
            1.65326579e-02+4.36928458e-03j,
            1.69977727e-01-5.07293763e-03j,
            8.86340847e-01-4.30335148e-01j]],
         input_dims=(2, 2), output_dims=(2, 2))"
"Operator([[ 8.86340847e-01-0.43033515j,  4.21826807e-02+0.16473853j,
           -1.68138086e-02+0.00311693j, -2.45314235e-04-0.00096019j],
          [ 4.21826807e-02+0.16473853j,  9.64342661e-01-0.04628868j,
            9.63322217e-03+0.19646172j, -1.68138086e-02+0.00311693j],
          [-1.68138086e-02+0.00311693j,  9.63322217e-03+0.19646172j,
            9.64342661e-01-0.04628868j,  4.21826807e-02+0.16473853j],
          [-2.45314235e-04-0.00096019j, -1.68138086e-02+0.00311693j,
            4.21826807e-02+0.16473853j,  8.86340847e-01-0.43033515j]],
         input_dims=(2, 2), output_dims=(2, 2))"
"Operator([[ 8.86340847e-01-4.30335148e-01j,
           -1.49256323e-01+8.14905659e-02j,
            1.32810750e-02-1.07718370e-02j,
           -5.37653960e-04+8.32512906e-04j],
          [ 1.70053194e-01-2.71310169e-04j,
            9.64342661e-01-4.62886825e-02j,
           -1.88024303e-01+5.77656433e-02j,
            1.32810750e-02-1.07718370e-02j],
          [ 1.62596449e-02+5.29559931e-03j,
            1.92773666e-01+3.90937547e-02j,
            9.64342661e-01-4.62886825e-02j,
           -1.49256323e-01+8.14905659e-02j],
          [ 8.71090072e-04+4.72600897e-04j,
            1.62596449e-02+5.29559931e-03j,
            1.70053194e-01-2.71310169e-04j,
            8.86340847e-01-4.30335148e-01j]],
         input_dims=(2, 2), output_dims=(2, 2))"
"Operator([[ 8.86340847e-01-0.43033515j, -1.45666307e-01+0.08774673j,
            1.23205322e-02-0.0118585j , -4.27647732e-04+0.00089402j],
          [ 1.69911724e-01+0.00694034j,  9.64342661e-01-0.04628868j,
           -1.85405509e-01+0.06568718j,  1.23205322e-02-0.0118585j ],
          [ 1.57524302e-02+0.00665435j,  1.90942414e-01+0.04723349j,
            9.64342661e-01-0.04628868j, -1.45666307e-01+0.08774673j],
          [ 8.04065835e-04+0.00057933j,  1.57524302e-02+0.00665435j,
            1.69911724e-01+0.00694034j,  8.86340847e-01-0.43033515j]],
         input_dims=(2, 2), output_dims=(2, 2))"
"Operator([[ 8.86340847e-01-0.43033515j,  4.21826807e-02+0.16473853j,
           -1.68138086e-02+0.00311693j, -2.45314235e-04-0.00096019j],
          [ 4.21826807e-02+0.16473853j,  9.64342661e-01-0.04628868j,
            9.63322217e-03+0.19646172j, -1.68138086e-02+0.00311693j],
          [-1.68138086e-02+0.00311693j,  9.63322217e-03+0.19646172j,
            9.64342661e-01-0.04628868j,  4.21826807e-02+0.16473853j],
          [-2.45314235e-04-0.00096019j, -1.68138086e-02+0.00311693j,
            4.21826807e-02+0.16473853j,  8.86340847e-01-0.43033515j]],
         input_dims=(2, 2), output_dims=(2, 2))"
"Operator([[ 8.86340847e-01-0.43033515j,  4.21826807e-02+0.16473853j,
           -1.68138086e-02+0.00311693j, -2.45314235e-04-0.00096019j],
          [ 4.21826807e-02+0.16473853j,  9.64342661e-01-0.04628868j,
            9.63322217e-03+0.19646172j, -1.68138086e-02+0.00311693j],
          [-1.68138086e-02+0.00311693j,  9.63322217e-03+0.19646172j,
            9.64342661e-01-0.04628868j,  4.21826807e-02+0.16473853j],
          [-2.45314235e-04-0.00096019j, -1.68138086e-02+0.00311693j,
            4.21826807e-02+0.16473853j,  8.86340847e-01-0.43033515j]],
         input_dims=(2, 2), output_dims=(2, 2))"
"Operator([[ 8.86340847e-01-4.30335148e-01j,
            1.26643423e-01+1.13488351e-01j,
           -3.54114417e-03+1.67296062e-02j,
           -8.93363969e-04+4.29010885e-04j],
          [-5.65151805e-02+1.60387645e-01j,
            9.64342661e-01-4.62886825e-02j,
            1.17222009e-01+1.57952552e-01j,
           -3.54114417e-03+1.67296062e-02j],
          [-9.30241411e-03-1.43486764e-02j,
           -1.01206883e-01+1.68662903e-01j,
            9.64342661e-01-4.62886825e-02j,
            1.26643423e-01+1.13488351e-01j],
          [ 9.89665528e-04-5.20736240e-05j,
           -9.30241411e-03-1.43486764e-02j,
           -5.65151805e-02+1.60387645e-01j,
            8.86340847e-01-4.30335148e-01j]],
         input_dims=(2, 2), output_dims=(2, 2))"
"Operator([[ 8.86340847e-01-4.30335148e-01j,
            2.95733010e-02-1.67462181e-01j,
           -1.34286338e-02-1.05873140e-02j,
           -8.47702862e-04+5.13370605e-04j],
          [-1.06417154e-01-1.32640687e-01j,
            9.64342661e-01-4.62886825e-02j,
            7.23144773e-02-1.82922455e-01j,
           -1.34286338e-02-1.05873140e-02j],
          [-8.74141204e-03+1.46971814e-02j,
           -8.98632412e-02-1.74970300e-01j,
            9.64342661e-01-4.62886825e-02j,
            2.95733010e-02-1.67462181e-01j],
          [ 9.90063987e-04+4.38499933e-05j,
           -8.74141204e-03+1.46971814e-02j,
           -1.06417154e-01-1.32640687e-01j,
            8.86340847e-01-4.30335148e-01j]],
         input_dims=(2, 2), output_dims=(2, 2))"
