unitary
"Operator([[ 9.87115582e-01-1.49262703e-01j,
           -5.74777729e-02-4.01046558e-03j,
            1.86441403e-03+4.66004861e-04j,
           -3.44190335e-05-1.35768666e-05j],
          [ 5.60153291e-02-1.34930026e-02j,
            9.95979600e-01-1.65272526e-02j,
           -6.59253720e-02-9.04771645e-03j,
            1.86441403e-03+4.66004861e-04j],
          [ 1.79369311e-03-6.89829853e-04j,
            6.55880484e-02-1.12349345e-02j,
            9.95979600e-01-1.65272526e-02j,
           -5.74777729e-02-4.01046558e-03j],
          [ 3.16895585e-05-1.90990327e-05j,
            1.79369311e-03-6.89829853e-04j,
            5.60153291e-02-1.34930026e-02j,
            9.87115582e-01-1.49262703e-01j]],
         input_dims=(2, 2), output_dims=(2, 2))"
"Operator([[ 9.87115582e-01-1.49262703e-01j,
           -5.75378676e-02+3.02853204e-03j,
            1.92176989e-03+8.30985766e-07j,
           -3.69985256e-05-3.32073686e-07j],
          [ 5.72426761e-02-6.56157287e-03j,
            9.95979600e-01-1.65272526e-02j,
           -6.65366845e-02-9.40992033e-04j,
            1.92176989e-03+8.30985766e-07j],
          [ 1.90733308e-03-2.35118531e-04j,
            6.64685964e-02-3.15302140e-03j,
            9.95979600e-01-1.65272526e-02j,
           -5.75378676e-02+3.02853204e-03j],
          [ 3.64306920e-05-6.46574445e-06j,
            1.90733308e-03-2.35118531e-04j,
            5.72426761e-02-6.56157287e-03j,
            9.87115582e-01-1.49262703e-01j]],
         input_dims=(2, 2), output_dims=(2, 2))"
"Operator([[ 9.87115582e-01-1.49262703e-01j,
           -5.68569720e-02+9.33075287e-03j,
            1.87557107e-03-4.18847695e-04j,
           -3.51072419e-05+1.16825826e-05j],
          [ 5.76170424e-02-2.33741004e-04j,
            9.95979600e-01-1.65272526e-02j,
           -6.62373826e-02+6.37377404e-03j,
            1.87557107e-03-4.18847695e-04j],
          [ 1.91264426e-03+1.87061903e-04j,
            6.64126985e-02+4.16765205e-03j,
            9.95979600e-01-1.65272526e-02j,
           -5.68569720e-02+9.33075287e-03j],
          [ 3.65589206e-05+5.69618288e-06j,
            1.91264426e-03+1.87061903e-04j,
            5.76170424e-02-2.33741004e-04j,
            9.87115582e-01-1.49262703e-01j]],
         input_dims=(2, 2), output_dims=(2, 2))"
"Operator([[ 9.87115582e-01-1.49262703e-01j,
            4.79732348e-03+5.74174529e-02j,
           -1.91818285e-03+1.17365961e-04j,
           -3.07994935e-06-3.68716027e-05j],
          [ 4.79732348e-03+5.74174529e-02j,
            9.95979600e-01-1.65272526e-02j,
            1.10653851e-03+6.65341372e-02j,
           -1.91818285e-03+1.17365961e-04j],
          [-1.91818285e-03+1.17365961e-04j,
            1.10653851e-03+6.65341372e-02j,
            9.95979600e-01-1.65272526e-02j,
            4.79732348e-03+5.74174529e-02j],
          [-3.07994935e-06-3.68716027e-05j,
           -1.91818285e-03+1.17365961e-04j,
            4.79732348e-03+5.74174529e-02j,
            9.87115582e-01-1.49262703e-01j]],
         input_dims=(2, 2), output_dims=(2, 2))"
"Operator([[ 9.87115582e-01-1.49262703e-01j,
            4.79732348e-03+5.74174529e-02j,
           -1.91818285e-03+1.17365961e-04j,
           -3.07994935e-06-3.68716027e-05j],
          [ 4.79732348e-03+5.74174529e-02j,
            9.95979600e-01-1.65272526e-02j,
            1.10653851e-03+6.65341372e-02j,
           -1.91818285e-03+1.17365961e-04j],
          [-1.91818285e-03+1.17365961e-04j,
            1.10653851e-03+6.65341372e-02j,
            9.95979600e-01-1.65272526e-02j,
            4.79732348e-03+5.74174529e-02j],
          [-3.07994935e-06-3.68716027e-05j,
           -1.91818285e-03+1.17365961e-04j,
            4.79732348e-03+5.74174529e-02j,
            9.87115582e-01-1.49262703e-01j]],
         input_dims=(2, 2), output_dims=(2, 2))"
"Operator([[ 9.87115582e-01-1.49262703e-01j,
           -5.20634826e-02+2.46814098e-02j,
            1.36653391e-03-1.35121623e-03j,
           -1.47308941e-05+3.39411539e-05j],
          [ 5.54373775e-02+1.56995346e-02j,
            9.95979600e-01-1.65272526e-02j,
           -6.18957612e-02+2.44321630e-02j,
            1.36653391e-03-1.35121623e-03j],
          [ 1.52107455e-03+1.17453498e-03j,
            6.26739753e-02+2.23604264e-02j,
            9.95979600e-01-1.65272526e-02j,
           -5.20634826e-02+2.46814098e-02j],
          [ 2.01577842e-05+3.10268417e-05j,
            1.52107455e-03+1.17453498e-03j,
            5.54373775e-02+1.56995346e-02j,
            9.87115582e-01-1.49262703e-01j]],
         input_dims=(2, 2), output_dims=(2, 2))"
"Operator([[ 9.87115582e-01-1.49262703e-01j,
           -4.99188127e-02+2.87730837e-02j,
            1.13318603e-03-1.55212423e-03j,
           -6.21891276e-06+3.64736384e-05j],
          [ 5.40014357e-02+2.00903745e-02j,
            9.95979600e-01-1.65272526e-02j,
           -5.97394557e-02+2.93123399e-02j,
            1.13318603e-03-1.55212423e-03j],
          [ 1.31396117e-03+1.40239305e-03j,
            6.06811433e-02+2.73096082e-02j,
            9.95979600e-01-1.65272526e-02j,
           -4.99188127e-02+2.87730837e-02j],
          [ 1.21839194e-05+3.49364177e-05j,
            1.31396117e-03+1.40239305e-03j,
            5.40014357e-02+2.00903745e-02j,
            9.87115582e-01-1.49262703e-01j]],
         input_dims=(2, 2), output_dims=(2, 2))"
"Operator([[ 9.87115582e-01-1.49262703e-01j,
            4.79732348e-03+5.74174529e-02j,
           -1.91818285e-03+1.17365961e-04j,
           -3.07994935e-06-3.68716027e-05j],
          [ 4.79732348e-03+5.74174529e-02j,
            9.95979600e-01-1.65272526e-02j,
            1.10653851e-03+6.65341372e-02j,
           -1.91818285e-03+1.17365961e-04j],
          [-1.91818285e-03+1.17365961e-04j,
            1.10653851e-03+6.65341372e-02j,
            9.95979600e-01-1.65272526e-02j,
            4.79732348e-03+5.74174529e-02j],
          [-3.07994935e-06-3.68716027e-05j,
           -1.91818285e-03+1.17365961e-04j,
            4.79732348e-03+5.74174529e-02j,
            9.87115582e-01-1.49262703e-01j]],
         input_dims=(2, 2), output_dims=(2, 2))"
"Operator([[ 9.87115582e-01-1.49262703e-01j,
            4.79732348e-03+5.74174529e-02j,
           -1.91818285e-03+1.17365961e-04j,
           -3.07994935e-06-3.68716027e-05j],
          [ 4.79732348e-03+5.74174529e-02j,
            9.95979600e-01-1.65272526e-02j,
            1.10653851e-03+6.65341372e-02j,
           -1.91818285e-03+1.17365961e-04j],
          [-1.91818285e-03+1.17365961e-04j,
            1.10653851e-03+6.65341372e-02j,
            9.95979600e-01-1.65272526e-02j,
            4.79732348e-03+5.74174529e-02j],
          [-3.07994935e-06-3.68716027e-05j,
           -1.91818285e-03+1.17365961e-04j,
            4.79732348e-03+5.74174529e-02j,
            9.87115582e-01-1.49262703e-01j]],
         input_dims=(2, 2), output_dims=(2, 2))"
"Operator([[ 9.87115582e-01-1.49262703e-01j,
           -4.49192736e-02+3.60837508e-02j,
            6.09812511e-04-1.82245135e-03j,
            1.06766882e-05+3.54261133e-05j],
          [ 5.02843828e-02+2.81293273e-02j,
            9.95979600e-01-1.65272526e-02j,
           -5.45412465e-02+3.81217560e-02j,
            6.09812511e-04-1.82245135e-03j],
          [ 8.27448860e-04+1.73451105e-03j,
            5.57787490e-02+3.62870088e-02j,
            9.95979600e-01-1.65272526e-02j,
           -4.49192736e-02+3.60837508e-02j],
          [-4.65132594e-06+3.67064891e-05j,
            8.27448860e-04+1.73451105e-03j,
            5.02843828e-02+2.81293273e-02j,
            9.87115582e-01-1.49262703e-01j]],
         input_dims=(2, 2), output_dims=(2, 2))"
"Operator([[ 9.87115582e-01-1.49262703e-01j,
           -4.40954533e-02+3.70859705e-02j,
            5.27149289e-04-1.84805677e-03j,
            1.30435995e-05+3.46246398e-05j],
          [ 4.96382980e-02+2.92543600e-02j,
            9.95979600e-01-1.65272526e-02j,
           -5.36691009e-02+3.93400998e-02j,
            5.27149289e-04-1.84805677e-03j],
          [ 7.48523968e-04+1.77000341e-03j,
            5.49475994e-02+3.75336804e-02j,
            9.95979600e-01-1.65272526e-02j,
           -4.40954533e-02+3.70859705e-02j],
          [-7.11840481e-06+3.63088073e-05j,
            7.48523968e-04+1.77000341e-03j,
            4.96382980e-02+2.92543600e-02j,
            9.87115582e-01-1.49262703e-01j]],
         input_dims=(2, 2), output_dims=(2, 2))"
"Operator([[ 9.87115582e-01-1.49262703e-01j,
           -4.42584573e-02+3.68912885e-02j,
            5.43416863e-04-1.84333891e-03j,
            1.25847150e-05+3.47940529e-05j],
          [ 4.97667355e-02+2.90353276e-02j,
            9.95979600e-01-1.65272526e-02j,
           -5.38419455e-02+3.91032063e-02j,
            5.43416863e-04-1.84333891e-03j],
          [ 7.64095011e-04+1.76333747e-03j,
            5.51124711e-02+3.72911702e-02j,
            9.95979600e-01-1.65272526e-02j,
           -4.42584573e-02+3.68912885e-02j],
          [-6.63777310e-06+3.63997409e-05j,
            7.64095011e-04+1.76333747e-03j,
            4.97667355e-02+2.90353276e-02j,
            9.87115582e-01-1.49262703e-01j]],
         input_dims=(2, 2), output_dims=(2, 2))"
"Operator([[ 9.87115582e-01-1.49262703e-01j,
           -4.55478578e-02+3.52869785e-02j,
            6.73622799e-04-1.79984236e-03j,
            8.79065181e-06+3.59405845e-05j],
          [ 5.07720315e-02+2.72392919e-02j,
            9.95979600e-01-1.65272526e-02j,
           -5.52042340e-02+3.71551934e-02j,
            6.73622799e-04-1.79984236e-03j],
          [ 8.88026765e-04+1.70429125e-03j,
            5.64092287e-02+3.52989343e-02j,
            9.95979600e-01-1.65272526e-02j,
           -4.55478578e-02+3.52869785e-02j],
          [-2.70607325e-06+3.69009260e-05j,
            8.88026765e-04+1.70429125e-03j,
            5.07720315e-02+2.72392919e-02j,
            9.87115582e-01-1.49262703e-01j]],
         input_dims=(2, 2), output_dims=(2, 2))"
"Operator([[ 9.87115582e-01-1.49262703e-01j,
           -4.78060729e-02+3.21614304e-02j,
            9.07825860e-04-1.69382774e-03j,
            1.44523166e-06+3.69717795e-05j],
          [ 5.24802677e-02+2.37823402e-02j,
            9.95979600e-01-1.65272526e-02j,
           -5.75657825e-02+3.33795825e-02j,
            9.07825860e-04-1.69382774e-03j],
          [ 1.10755794e-03+1.57051444e-03j,
            5.86439205e-02+3.14468827e-02j,
            9.95979600e-01-1.65272526e-02j,
           -4.78060729e-02+3.21614304e-02j],
          [ 4.70863238e-06+3.66991819e-05j,
            1.10755794e-03+1.57051444e-03j,
            5.24802677e-02+2.37823402e-02j,
            9.87115582e-01-1.49262703e-01j]],
         input_dims=(2, 2), output_dims=(2, 2))"
"Operator([[ 9.87115582e-01-1.49262703e-01j,
           -5.04814654e-02+2.77740861e-02j,
            1.19404580e-03-1.50580704e-03j,
           -8.38397772e-06+3.60376205e-05j],
          [ 5.43905087e-02+1.90118586e-02j,
            9.95979600e-01-1.65272526e-02j,
           -6.03108944e-02+2.81178211e-02j,
            1.19404580e-03-1.50580704e-03j],
          [ 1.36872016e-03+1.34900161e-03j,
            6.12125444e-02+2.60967479e-02j,
            9.95979600e-01-1.65272526e-02j,
           -5.04814654e-02+2.77740861e-02j],
          [ 1.42466421e-05+3.41472453e-05j,
            1.36872016e-03+1.34900161e-03j,
            5.43905087e-02+1.90118586e-02j,
            9.87115582e-01-1.49262703e-01j]],
         input_dims=(2, 2), output_dims=(2, 2))"
