unitary
"Operator([[ 0.77344283-5.86341408e-01j, -0.0235452 +2.37153056e-01j,
           -0.0273224 -2.09590883e-02j,  0.00243406-1.50606821e-03j],
          [ 0.17379021+1.63073329e-01j,  0.92846514-6.07863960e-02j,
           -0.10489857+2.55483924e-01j, -0.0273224 -2.09590883e-02j],
          [-0.01318216+3.18123783e-02j,  0.13879781+2.38769578e-01j,
            0.92846514-6.07863960e-02j, -0.0235452 +2.37153056e-01j],
          [-0.00282532+4.58779679e-04j, -0.01318216+3.18123783e-02j,
            0.17379021+1.63073329e-01j,  0.77344283-5.86341408e-01j]],
         input_dims=(2, 2), output_dims=(2, 2))"
"Operator([[ 0.77344283-0.58634141j,  0.08375764+0.22311568j,
           -0.03326202+0.00891263j, -0.00100171-0.00268132j],
          [ 0.08375764+0.22311568j,  0.92846514-0.0607864j ,
            0.01889794+0.27553332j, -0.03326202+0.00891263j],
          [-0.03326202+0.00891263j,  0.01889794+0.27553332j,
            0.92846514-0.0607864j ,  0.08375764+0.22311568j],
          [-0.00100171-0.00268132j, -0.03326202+0.00891263j,
            0.08375764+0.22311568j,  0.77344283-0.58634141j]],
         input_dims=(2, 2), output_dims=(2, 2))"
"Operator([[ 0.77344283-0.58634141j,  0.08375764+0.22311568j,
           -0.03326202+0.00891263j, -0.00100171-0.00268132j],
          [ 0.08375764+0.22311568j,  0.92846514-0.0607864j ,
            0.01889794+0.27553332j, -0.03326202+0.00891263j],
          [-0.03326202+0.00891263j,  0.01889794+0.27553332j,
            0.92846514-0.0607864j ,  0.08375764+0.22311568j],
          [-0.00100171-0.00268132j, -0.03326202+0.00891263j,
            0.08375764+0.22311568j,  0.77344283-0.58634141j]],
         input_dims=(2, 2), output_dims=(2, 2))"
"Operator([[ 7.73442832e-01-0.58634141j,  2.25734852e-01+0.07641809j,
            1.53342543e-02+0.03083273j, -3.66217071e-04+0.0028388j ],
          [-1.19682173e-01+0.20608767j,  9.28465144e-01-0.0607864j ,
            2.25247903e-01+0.15980966j,  1.53342543e-02+0.03083273j],
          [-2.13671141e-03-0.03436905j, -2.01319613e-01+0.18906654j,
            9.28465144e-01-0.0607864j ,  2.25734852e-01+0.07641809j],
          [ 2.13782105e-03+0.00190331j, -2.13671141e-03-0.03436905j,
           -1.19682173e-01+0.20608767j,  7.73442832e-01-0.58634141j]],
         input_dims=(2, 2), output_dims=(2, 2))"
"Operator([[ 0.77344283-0.58634141j,  0.21914396-0.09365829j,
            0.0323319 -0.01185094j,  0.00252305-0.0013517j ],
          [-0.22664036+0.07368917j,  0.92846514-0.0607864j ,
            0.2744116 -0.03120929j,  0.0323319 -0.01185094j],
          [ 0.03392569-0.00590293j, -0.27610299+0.00654873j,
            0.92846514-0.0607864j ,  0.21914396-0.09365829j],
          [-0.0027913 +0.00063368j,  0.03392569-0.00590293j,
           -0.22664036+0.07368917j,  0.77344283-0.58634141j]],
         input_dims=(2, 2), output_dims=(2, 2))"
"Operator([[ 0.77344283-0.58634141j,  0.08375764+0.22311568j,
           -0.03326202+0.00891263j, -0.00100171-0.00268132j],
          [ 0.08375764+0.22311568j,  0.92846514-0.0607864j ,
            0.01889794+0.27553332j, -0.03326202+0.00891263j],
          [-0.03326202+0.00891263j,  0.01889794+0.27553332j,
            0.92846514-0.0607864j ,  0.08375764+0.22311568j],
          [-0.00100171-0.00268132j, -0.03326202+0.00891263j,
            0.08375764+0.22311568j,  0.77344283-0.58634141j]],
         input_dims=(2, 2), output_dims=(2, 2))"
"Operator([[ 0.77344283-5.86341408e-01j,  0.02265232-2.37240006e-01j,
           -0.02747942-2.07527969e-02j, -0.0024169 +1.53345916e-03j],
          [-0.17317513-1.63726370e-01j,  0.92846514-6.07863960e-02j,
            0.10393611-2.55876983e-01j, -0.02747942-2.07527969e-02j],
          [-0.01342129+3.17122345e-02j, -0.13789803-2.39290362e-01j,
            0.92846514-6.07863960e-02j,  0.02265232-2.37240006e-01j],
          [ 0.00283032-4.26845121e-04j, -0.01342129+3.17122345e-02j,
           -0.17317513-1.63726370e-01j,  0.77344283-5.86341408e-01j]],
         input_dims=(2, 2), output_dims=(2, 2))"
