unitary
"Operator([[ 8.69959337e-01-0.45800519j, -9.26733696e-02+0.15629545j,
           -3.10978283e-03-0.01934486j,  1.02296191e-03+0.00065983j],
          [ 1.59616121e-01+0.08682923j,  9.59166425e-01-0.04901741j,
           -1.43540814e-01+0.15359876j, -3.10978283e-03-0.01934486j],
          [ 4.53126948e-03+0.01906206j,  1.58802653e-01+0.13776161j,
            9.59166425e-01-0.04901741j, -9.26733696e-02+0.15629545j],
          [-5.42475363e-04+0.00108975j,  4.53126948e-03+0.01906206j,
            1.59616121e-01+0.08682923j,  8.69959337e-01-0.45800519j]],
         input_dims=(2, 2), output_dims=(2, 2))"
"Operator([[ 8.69959337e-01-4.58005189e-01j,
           -8.29696391e-03+1.81515240e-01j,
           -1.77904038e-02-8.20950078e-03j,
            7.60754564e-04-9.50307076e-04j],
          [ 1.00041413e-01+1.51684995e-01j,
            9.59166425e-01-4.90174130e-02j,
           -5.44581918e-02+2.03053812e-01j,
           -1.77904038e-02-8.20950078e-03j],
          [-1.32935106e-02+1.43936426e-02j,
            7.53744081e-02+1.96253009e-01j,
            9.59166425e-01-4.90174130e-02j,
           -8.29696391e-03+1.81515240e-01j],
          [-1.13940645e-03-4.28467022e-04j,
           -1.32935106e-02+1.43936426e-02j,
            1.00041413e-01+1.51684995e-01j,
            8.69959337e-01-4.58005189e-01j]],
         input_dims=(2, 2), output_dims=(2, 2))"
"Operator([[ 8.69959337e-01-0.45800519j,  9.79837301e-02+0.15302226j,
           -1.36774082e-02+0.01402936j, -1.12111575e-03-0.00047427j],
          [-5.84478036e-03+0.18161074j,  9.59166425e-01-0.04901741j,
            7.27170683e-02+0.19725307j, -1.36774082e-02+0.01402936j],
          [-1.80056382e-02-0.00772602j, -5.17109123e-02+0.20377077j,
            9.59166425e-01-0.04901741j,  9.79837301e-02+0.15302226j],
          [ 7.21636877e-04-0.00098034j, -1.80056382e-02-0.00772602j,
           -5.84478036e-03+0.18161074j,  8.69959337e-01-0.45800519j]],
         input_dims=(2, 2), output_dims=(2, 2))"
"Operator([[ 8.69959337e-01-0.45800519j,  4.82361054e-02+0.17518533j,
           -1.92166063e-02+0.00382314j, -3.22371794e-04-0.00117384j],
          [ 4.82361054e-02+0.17518533j,  9.59166425e-01-0.04901741j,
            1.09970339e-02+0.20994192j, -1.92166063e-02+0.00382314j],
          [-1.92166063e-02+0.00382314j,  1.09970339e-02+0.20994192j,
            9.59166425e-01-0.04901741j,  4.82361054e-02+0.17518533j],
          [-3.22371794e-04-0.00117384j, -1.92166063e-02+0.00382314j,
            4.82361054e-02+0.17518533j,  8.69959337e-01-0.45800519j]],
         input_dims=(2, 2), output_dims=(2, 2))"
"Operator([[ 8.69959337e-01-0.45800519j,  1.77757108e-01+0.03767005j,
            1.42201740e-02+0.01347891j,  4.81066617e-04+0.00111822j],
          [-1.33421077e-01+0.12335087j,  9.59166425e-01-0.04901741j,
            1.91511750e-01+0.08671675j,  1.42201740e-02+0.01347891j],
          [ 7.97827967e-03-0.01789529j, -1.81403868e-01+0.10625056j,
            9.59166425e-01-0.04901741j,  1.77757108e-01+0.03767005j],
          [ 1.57525001e-04+0.00120707j,  7.97827967e-03-0.01789529j,
           -1.33421077e-01+0.12335087j,  8.69959337e-01-0.45800519j]],
         input_dims=(2, 2), output_dims=(2, 2))"
"Operator([[ 8.69959337e-01-0.45800519j,  1.80108888e-01+0.02402937j,
            1.61015229e-02+0.01116402j,  7.21944855e-04+0.00098012j],
          [-1.42423769e-01+0.11283657j,  9.59166425e-01-0.04901741j,
            1.97557195e-01+0.07188672j,  1.61015229e-02+0.01116402j],
          [ 1.06023923e-02-0.01647676j, -1.88965611e-01+0.09213329j,
            9.59166425e-01-0.04901741j,  1.80108888e-01+0.02402937j],
          [-1.20099648e-04+0.00121137j,  1.06023923e-02-0.01647676j,
           -1.42423769e-01+0.11283657j,  8.69959337e-01-0.45800519j]],
         input_dims=(2, 2), output_dims=(2, 2))"
"Operator([[ 8.69959337e-01-0.45800519j,  4.82361054e-02+0.17518533j,
           -1.92166063e-02+0.00382314j, -3.22371794e-04-0.00117384j],
          [ 4.82361054e-02+0.17518533j,  9.59166425e-01-0.04901741j,
            1.09970339e-02+0.20994192j, -1.92166063e-02+0.00382314j],
          [-1.92166063e-02+0.00382314j,  1.09970339e-02+0.20994192j,
            9.59166425e-01-0.04901741j,  4.82361054e-02+0.17518533j],
          [-3.22371794e-04-0.00117384j, -1.92166063e-02+0.00382314j,
            4.82361054e-02+0.17518533j,  8.69959337e-01-0.45800519j]],
         input_dims=(2, 2), output_dims=(2, 2))"
"Operator([[ 8.69959337e-01-0.45800519j,  9.61773430e-02+0.15416401j,
           -1.40035851e-02+0.01370379j, -1.10368828e-03-0.00051352j],
          [-3.70855178e-03+0.18166692j,  9.59166425e-01-0.04901741j,
            7.03922542e-02+0.19809461j, -1.40035851e-02+0.01370379j],
          [-1.81823679e-02-0.0073004j , -4.93108998e-02+0.20436482j,
            9.59166425e-01-0.04901741j,  9.61773430e-02+0.15416401j],
          [ 6.86606334e-04-0.00100519j, -1.81823679e-02-0.0073004j ,
           -3.70855178e-03+0.18166692j,  8.69959337e-01-0.45800519j]],
         input_dims=(2, 2), output_dims=(2, 2))"
"Operator([[ 8.69959337e-01-0.45800519j, -1.47712950e-01+0.10581827j,
            1.21442909e-02-0.01537565j, -2.94001875e-04+0.00118127j],
          [ 1.81060077e-01+0.01529282j,  9.59166425e-01-0.04901741j,
           -1.93199333e-01+0.08288886j,  1.21442909e-02-0.01537565j],
          [ 1.71045580e-02+0.00955659j,  2.00801926e-01+0.06225055j,
            9.59166425e-01-0.04901741j, -1.47712950e-01+0.10581827j],
          [ 8.56082776e-04+0.00086542j,  1.71045580e-02+0.00955659j,
            1.81060077e-01+0.01529282j,  8.69959337e-01-0.45800519j]],
         input_dims=(2, 2), output_dims=(2, 2))"
"Operator([[ 8.69959337e-01-0.45800519j,  4.82361054e-02+0.17518533j,
           -1.92166063e-02+0.00382314j, -3.22371794e-04-0.00117384j],
          [ 4.82361054e-02+0.17518533j,  9.59166425e-01-0.04901741j,
            1.09970339e-02+0.20994192j, -1.92166063e-02+0.00382314j],
          [-1.92166063e-02+0.00382314j,  1.09970339e-02+0.20994192j,
            9.59166425e-01-0.04901741j,  4.82361054e-02+0.17518533j],
          [-3.22371794e-04-0.00117384j, -1.92166063e-02+0.00382314j,
            4.82361054e-02+0.17518533j,  8.69959337e-01-0.45800519j]],
         input_dims=(2, 2), output_dims=(2, 2))"
"Operator([[ 0.86995934-4.58005189e-01j, -0.17080808+6.19775878e-02j,
            0.01837038-6.81347034e-03j, -0.00106465+5.90211241e-04j],
          [ 0.178459  -3.41907591e-02j,  0.95916643-4.90174130e-02j,
           -0.20840851+2.76122495e-02j,  0.01837038-6.81347034e-03j],
          [ 0.01957937-7.36629633e-04j,  0.2101528 +5.68745759e-03j,
            0.95916643-4.90174130e-02j, -0.17080808+6.19775878e-02j],
          [ 0.00121676-3.63319548e-05j,  0.01957937-7.36629633e-04j,
            0.178459  -3.41907591e-02j,  0.86995934-4.58005189e-01j]],
         input_dims=(2, 2), output_dims=(2, 2))"
"Operator([[ 0.86995934-4.58005189e-01j, -0.17392803+5.25895613e-02j,
            0.0190021 -4.77646742e-03j, -0.00114646+4.09210703e-04j],
          [ 0.17633368-4.38526510e-02j,  0.95916643-4.90174130e-02j,
           -0.20960241+1.62287666e-02j,  0.0190021 -4.77646742e-03j],
          [ 0.01938332-2.86030745e-03j,  0.21015086-5.75846210e-03j,
            0.95916643-4.90174130e-02j, -0.17392803+5.25895613e-02j],
          [ 0.00119466-2.33729255e-04j,  0.01938332-2.86030745e-03j,
            0.17633368-4.38526510e-02j,  0.86995934-4.58005189e-01j]],
         input_dims=(2, 2), output_dims=(2, 2))"
"Operator([[ 8.69959337e-01-0.45800519j,  4.82361054e-02+0.17518533j,
           -1.92166063e-02+0.00382314j, -3.22371794e-04-0.00117384j],
          [ 4.82361054e-02+0.17518533j,  9.59166425e-01-0.04901741j,
            1.09970339e-02+0.20994192j, -1.92166063e-02+0.00382314j],
          [-1.92166063e-02+0.00382314j,  1.09970339e-02+0.20994192j,
            9.59166425e-01-0.04901741j,  4.82361054e-02+0.17518533j],
          [-3.22371794e-04-0.00117384j, -1.92166063e-02+0.00382314j,
            4.82361054e-02+0.17518533j,  8.69959337e-01-0.45800519j]],
         input_dims=(2, 2), output_dims=(2, 2))"
"Operator([[ 8.69959337e-01-4.58005189e-01j,
           -1.80887283e-01+1.72166428e-02j,
            1.93696871e-02+2.95120185e-03j,
           -1.17844459e-03-3.05121922e-04j],
          [ 1.64205424e-01-7.78023186e-02j,
            9.59166425e-01-4.90174130e-02j,
           -2.08680967e-01-2.54715304e-02j,
            1.93696871e-02+2.95120185e-03j],
          [ 1.67651492e-02-1.01402241e-02j,
            2.04877780e-01-4.71342814e-02j,
            9.59166425e-01-4.90174130e-02j,
           -1.80887283e-01+1.72166428e-02j],
          [ 8.57314130e-04-8.64201093e-04j,
            1.67651492e-02-1.01402241e-02j,
            1.64205424e-01-7.78023186e-02j,
            8.69959337e-01-4.58005189e-01j]],
         input_dims=(2, 2), output_dims=(2, 2))"
