unitary
"Operator([[ 9.41366246e-01-0.31421358j, -2.40843037e-02-0.12017551j,
           -8.65461601e-03+0.00147571j,  8.46573902e-05+0.00035274j],
          [-1.95077021e-02-0.12100271j,  9.81660078e-01-0.03435118j,
           -7.69090382e-03-0.14143921j, -8.65461601e-03+0.00147571j],
          [-8.74159403e-03+0.00081525j, -2.31939394e-03-0.14162917j,
            9.81660078e-01-0.03435118j, -2.40843037e-02-0.12017551j],
          [ 4.40387524e-05+0.00036008j, -8.74159403e-03+0.00081525j,
           -1.95077021e-02-0.12100271j,  9.41366246e-01-0.31421358j]],
         input_dims=(2, 2), output_dims=(2, 2))"
"Operator([[ 9.41366246e-01-3.14213578e-01j,
           -1.05149928e-01+6.29737985e-02j,
            5.77768379e-03-6.61048196e-03j,
           -1.10595128e-04+3.45491710e-04j],
          [ 1.20541320e-01+2.21810014e-02j,
            9.81660078e-01-3.43511799e-02j,
           -1.30678531e-01+5.46564028e-02j,
            5.77768379e-03-6.61048196e-03j],
          [ 7.29212414e-03+4.88927676e-03j,
            1.34212951e-01+4.52889045e-02j,
            9.81660078e-01-3.43511799e-02j,
           -1.05149928e-01+6.29737985e-02j],
          [ 2.24427745e-04+2.85005248e-04j,
            7.29212414e-03+4.88927676e-03j,
            1.20541320e-01+2.21810014e-02j,
            9.41366246e-01-3.14213578e-01j]],
         input_dims=(2, 2), output_dims=(2, 2))"
"Operator([[ 9.41366246e-01-3.14213578e-01j,
           -7.67045392e-02+9.55961314e-02j,
            7.26698485e-05-8.77922666e-03j,
            2.48647159e-04+2.64140861e-04j],
          [ 1.05315351e-01+6.26967589e-02j,
            9.81660078e-01-3.43511799e-02j,
           -1.03532393e-01+9.66708051e-02j,
            7.26698485e-05-8.77922666e-03j],
          [ 2.34310225e-03+8.46108584e-03j,
            1.10102468e-01+8.91159219e-02j,
            9.81660078e-01-3.43511799e-02j,
           -7.67045392e-02+9.55961314e-02j],
          [-1.40581528e-04+3.34413873e-04j,
            2.34310225e-03+8.46108584e-03j,
            1.05315351e-01+6.26967589e-02j,
            9.41366246e-01-3.14213578e-01j]],
         input_dims=(2, 2), output_dims=(2, 2))"
"Operator([[ 9.41366246e-01-0.31421358j,  2.17999268e-02+0.12061082j,
           -8.70437146e-03+0.00114631j, -6.44524569e-05-0.00035699j],
          [ 2.17999268e-02+0.12061082j,  9.81660078e-01-0.03435118j,
            5.00604995e-03+0.14155967j, -8.70437146e-03+0.00114631j],
          [-8.70437146e-03+0.00114631j,  5.00604995e-03+0.14155967j,
            9.81660078e-01-0.03435118j,  2.17999268e-02+0.12061082j],
          [-6.44524569e-05-0.00035699j, -8.70437146e-03+0.00114631j,
            2.17999268e-02+0.12061082j,  9.41366246e-01-0.31421358j]],
         input_dims=(2, 2), output_dims=(2, 2))"
"Operator([[ 9.41366246e-01-0.31421358j, -9.67522408e-02+0.07524102j,
            4.01942580e-03-0.0078054j ,  1.96881329e-05+0.00036223j],
          [ 1.16969179e-01+0.03661172j,  9.81660078e-01-0.03435118j,
           -1.23100040e-01+0.07007554j,  4.01942580e-03-0.0078054j ],
          [ 5.90317455e-03+0.00649866j,  1.27742578e-01+0.06120486j,
            9.81660078e-01-0.03435118j, -9.67522408e-02+0.07524102j],
          [ 1.08221914e-04+0.00034624j,  5.90317455e-03+0.00649866j,
            1.16969179e-01+0.03661172j,  9.41366246e-01-0.31421358j]],
         input_dims=(2, 2), output_dims=(2, 2))"
"Operator([[ 9.41366246e-01-0.31421358j, -1.00042745e-01+0.07080717j,
            4.70548067e-03-0.00741205j, -2.93005917e-05+0.00036158j],
          [ 1.18499395e-01+0.03130655j,  9.81660078e-01-0.03435118j,
           -1.26131167e-01+0.06446029j,  4.70548067e-03-0.00741205j],
          [ 6.46400194e-03+0.00594111j,  1.30369480e-01+0.05538953j,
            9.81660078e-01-0.03435118j, -1.00042745e-01+0.07080717j],
          [ 1.53890252e-04+0.0003285j ,  6.46400194e-03+0.00594111j,
            1.18499395e-01+0.03130655j,  9.41366246e-01-0.31421358j]],
         input_dims=(2, 2), output_dims=(2, 2))"
"Operator([[ 9.41366246e-01-0.31421358j,  2.17999268e-02+0.12061082j,
           -8.70437146e-03+0.00114631j, -6.44524569e-05-0.00035699j],
          [ 2.17999268e-02+0.12061082j,  9.81660078e-01-0.03435118j,
            5.00604995e-03+0.14155967j, -8.70437146e-03+0.00114631j],
          [-8.70437146e-03+0.00114631j,  5.00604995e-03+0.14155967j,
            9.81660078e-01-0.03435118j,  2.17999268e-02+0.12061082j],
          [-6.44524569e-05-0.00035699j, -8.70437146e-03+0.00114631j,
            2.17999268e-02+0.12061082j,  9.41366246e-01-0.31421358j]],
         input_dims=(2, 2), output_dims=(2, 2))"
"Operator([[ 9.41366246e-01-0.31421358j,  2.17999268e-02+0.12061082j,
           -8.70437146e-03+0.00114631j, -6.44524569e-05-0.00035699j],
          [ 2.17999268e-02+0.12061082j,  9.81660078e-01-0.03435118j,
            5.00604995e-03+0.14155967j, -8.70437146e-03+0.00114631j],
          [-8.70437146e-03+0.00114631j,  5.00604995e-03+0.14155967j,
            9.81660078e-01-0.03435118j,  2.17999268e-02+0.12061082j],
          [-6.44524569e-05-0.00035699j, -8.70437146e-03+0.00114631j,
            2.17999268e-02+0.12061082j,  9.41366246e-01-0.31421358j]],
         input_dims=(2, 2), output_dims=(2, 2))"
"Operator([[ 9.41366246e-01-0.31421358j,  2.17999268e-02+0.12061082j,
           -8.70437146e-03+0.00114631j, -6.44524569e-05-0.00035699j],
          [ 2.17999268e-02+0.12061082j,  9.81660078e-01-0.03435118j,
            5.00604995e-03+0.14155967j, -8.70437146e-03+0.00114631j],
          [-8.70437146e-03+0.00114631j,  5.00604995e-03+0.14155967j,
            9.81660078e-01-0.03435118j,  2.17999268e-02+0.12061082j],
          [-6.44524569e-05-0.00035699j, -8.70437146e-03+0.00114631j,
            2.17999268e-02+0.12061082j,  9.41366246e-01-0.31421358j]],
         input_dims=(2, 2), output_dims=(2, 2))"
"Operator([[ 9.41366246e-01-3.14213578e-01j,
           -1.05079264e-01+6.30916387e-02j,
            5.76284773e-03-6.62341964e-03j,
           -1.09432549e-04+3.45861708e-04j],
          [ 1.20516378e-01+2.23161220e-02j,
            9.81660078e-01-3.43511799e-02j,
           -1.30617176e-01+5.48028675e-02j,
            5.76284773e-03-6.62341964e-03j],
          [ 7.28114343e-03+4.90561434e-03j,
            1.34162094e-01+4.54393373e-02j,
            9.81660078e-01-3.43511799e-02j,
           -1.05079264e-01+6.30916387e-02j],
          [ 2.23467950e-04+2.85758429e-04j,
            7.28114343e-03+4.90561434e-03j,
            1.20516378e-01+2.23161220e-02j,
            9.41366246e-01-3.14213578e-01j]],
         input_dims=(2, 2), output_dims=(2, 2))"
"Operator([[ 9.41366246e-01-0.31421358j, -1.01807690e-01+0.06824515j,
            5.07555117e-03-0.00716372j, -5.67237796e-05+0.0003583j ],
          [ 1.19255819e-01+0.0282888j ,  9.81660078e-01-0.03435118j,
           -1.27726616e-01+0.06123816j,  5.07555117e-03-0.00716372j],
          [ 6.75716195e-03+0.00560543j,  1.31733336e-01+0.05206274j,
            9.81660078e-01-0.03435118j, -1.01807690e-01+0.06824515j],
          [ 1.78436141e-04+0.00031584j,  6.75716195e-03+0.00560543j,
            1.19255819e-01+0.0282888j ,  9.41366246e-01-0.31421358j]],
         input_dims=(2, 2), output_dims=(2, 2))"
"Operator([[ 9.41366246e-01-0.31421358j,  2.17999268e-02+0.12061082j,
           -8.70437146e-03+0.00114631j, -6.44524569e-05-0.00035699j],
          [ 2.17999268e-02+0.12061082j,  9.81660078e-01-0.03435118j,
            5.00604995e-03+0.14155967j, -8.70437146e-03+0.00114631j],
          [-8.70437146e-03+0.00114631j,  5.00604995e-03+0.14155967j,
            9.81660078e-01-0.03435118j,  2.17999268e-02+0.12061082j],
          [-6.44524569e-05-0.00035699j, -8.70437146e-03+0.00114631j,
            2.17999268e-02+0.12061082j,  9.41366246e-01-0.31421358j]],
         input_dims=(2, 2), output_dims=(2, 2))"
"Operator([[ 9.41366246e-01-3.14213578e-01j,
            1.22549012e-01-1.98656017e-03j,
            8.61436877e-03+1.69491957e-03j,
            3.45558289e-04+1.10386923e-04j],
          [-1.15490591e-01+4.10381529e-02j,
            9.81660078e-01-3.43511799e-02j,
            1.40502743e-01+1.79772117e-02j,
            8.61436877e-03+1.69491957e-03j],
          [ 7.88185417e-03-3.86736042e-03j,
           -1.38881875e-01+2.78572386e-02j,
            9.81660078e-01-3.43511799e-02j,
            1.22549012e-01-1.98656017e-03j],
          [-2.85140431e-04+2.24255967e-04j,
            7.88185417e-03-3.86736042e-03j,
           -1.15490591e-01+4.10381529e-02j,
            9.41366246e-01-3.14213578e-01j]],
         input_dims=(2, 2), output_dims=(2, 2))"
"Operator([[ 9.41366246e-01-0.31421358j,  9.06963884e-02-0.08244011j,
            2.77834167e-03-0.00832832j, -1.01860964e-04-0.00034817j],
          [-1.13816574e-01-0.0454752j ,  9.81660078e-01-0.03435118j,
            1.17362759e-01-0.07931068j,  2.77834167e-03-0.00832832j],
          [ 4.83978644e-03+0.00732506j, -1.22671988e-01-0.0708222j ,
            9.81660078e-01-0.03435118j,  9.06963884e-02-0.08244011j],
          [-2.63204328e-05-0.00036181j,  4.83978644e-03+0.00732506j,
           -1.13816574e-01-0.0454752j ,  9.41366246e-01-0.31421358j]],
         input_dims=(2, 2), output_dims=(2, 2))"
