unitary
"Operator([[ 0.21267304-0.87021537j,  0.40869995-0.1174936j ,
            0.11818588+0.0470936j ,  0.01743077+0.01286286j],
          [-0.16117686+0.39352563j,  0.74105272-0.0656797j ,
            0.47212789+0.1630834j ,  0.11818588+0.0470936j ],
          [ 0.01847298-0.12587477j, -0.42065331+0.26935428j,
            0.74105272-0.0656797j ,  0.40869995-0.1174936j ],
          [ 0.01038324+0.01901245j,  0.01847298-0.12587477j,
           -0.16117686+0.39352563j,  0.21267304-0.87021537j]],
         input_dims=(2, 2), output_dims=(2, 2))"
"Operator([[ 0.21267304-0.87021537j,  0.28390506+0.31660435j,
           -0.1102199 +0.06353963j, -0.01424286-0.01632255j],
          [ 0.28390506+0.31660435j,  0.74105272-0.0656797j ,
            0.05904052+0.49599915j, -0.1102199 +0.06353963j],
          [-0.1102199 +0.06353963j,  0.05904052+0.49599915j,
            0.74105272-0.0656797j ,  0.28390506+0.31660435j],
          [-0.01424286-0.01632255j, -0.1102199 +0.06353963j,
            0.28390506+0.31660435j,  0.21267304-0.87021537j]],
         input_dims=(2, 2), output_dims=(2, 2))"
"Operator([[ 0.21267304-0.87021537j,  0.28390506+0.31660435j,
           -0.1102199 +0.06353963j, -0.01424286-0.01632255j],
          [ 0.28390506+0.31660435j,  0.74105272-0.0656797j ,
            0.05904052+0.49599915j, -0.1102199 +0.06353963j],
          [-0.1102199 +0.06353963j,  0.05904052+0.49599915j,
            0.74105272-0.0656797j ,  0.28390506+0.31660435j],
          [-0.01424286-0.01632255j, -0.1102199 +0.06353963j,
            0.28390506+0.31660435j,  0.21267304-0.87021537j]],
         input_dims=(2, 2), output_dims=(2, 2))"
"Operator([[ 0.21267304-0.87021537j,  0.17174926+0.38902775j,
           -0.12648792-0.01365705j,  0.00490258-0.02110094j],
          [ 0.36807848+0.21297565j,  0.74105272-0.0656797j ,
           -0.09765585+0.48986148j, -0.12648792-0.01365705j],
          [-0.05156843+0.11630308j,  0.20991771+0.45324992j,
            0.74105272-0.0656797j ,  0.17174926+0.38902775j],
          [-0.02157054+0.00199918j, -0.05156843+0.11630308j,
            0.36807848+0.21297565j,  0.21267304-0.87021537j]],
         input_dims=(2, 2), output_dims=(2, 2))"
"Operator([[ 0.21267304-0.87021537j,  0.28390506+0.31660435j,
           -0.1102199 +0.06353963j, -0.01424286-0.01632255j],
          [ 0.28390506+0.31660435j,  0.74105272-0.0656797j ,
            0.05904052+0.49599915j, -0.1102199 +0.06353963j],
          [-0.1102199 +0.06353963j,  0.05904052+0.49599915j,
            0.74105272-0.0656797j ,  0.28390506+0.31660435j],
          [-0.01424286-0.01632255j, -0.1102199 +0.06353963j,
            0.28390506+0.31660435j,  0.21267304-0.87021537j]],
         input_dims=(2, 2), output_dims=(2, 2))"
"Operator([[ 0.21267304-0.87021537j,  0.39833348-0.14889874j,
            0.12405568+0.02821168j,  0.01993288+0.00848323j],
          [-0.19127069+0.37981038j,  0.74105272-0.0656797j ,
            0.4833735 +0.12590073j,  0.12405568+0.02821168j],
          [ 0.03775439-0.12149204j, -0.440313  +0.23585037j,
            0.74105272-0.0656797j ,  0.39833348-0.14889874j],
          [ 0.00570505+0.02089826j,  0.03775439-0.12149204j,
           -0.19127069+0.37981038j,  0.21267304-0.87021537j]],
         input_dims=(2, 2), output_dims=(2, 2))"
"Operator([[ 0.21267304-0.87021537j,  0.3624714 -0.22238454j,
            0.12556642-0.02046421j,  0.0213307 -0.0037797j ],
          [-0.26042797+0.33618101j,  0.74105272-0.0656797j ,
            0.49853414+0.03105872j,  0.12556642-0.02046421j],
          [ 0.08063423-0.09840646j, -0.47731333+0.14721727j,
            0.74105272-0.0656797j ,  0.3624714 -0.22238454j],
          [-0.0066342 +0.02062213j,  0.08063423-0.09840646j,
           -0.26042797+0.33618101j,  0.21267304-0.87021537j]],
         input_dims=(2, 2), output_dims=(2, 2))"
