unitary
"Operator([[ 8.86340847e-01-0.43033515j,  4.21826807e-02+0.16473853j,
           -1.68138086e-02+0.00311693j, -2.45314235e-04-0.00096019j],
          [ 4.21826807e-02+0.16473853j,  9.64342661e-01-0.04628868j,
            9.63322217e-03+0.19646172j, -1.68138086e-02+0.00311693j],
          [-1.68138086e-02+0.00311693j,  9.63322217e-03+0.19646172j,
            9.64342661e-01-0.04628868j,  4.21826807e-02+0.16473853j],
          [-2.45314235e-04-0.00096019j, -1.68138086e-02+0.00311693j,
            4.21826807e-02+0.16473853j,  8.86340847e-01-0.43033515j]],
         input_dims=(2, 2), output_dims=(2, 2))"
"Operator([[ 8.86340847e-01-4.30335148e-01j,
            1.68737553e-01-2.11139893e-02j,
            1.70594876e-02+1.18038437e-03j,
            9.82871684e-04+1.26936102e-04j],
          [-1.58119694e-01+6.25805461e-02j,
            9.64342661e-01-4.62886825e-02j,
            1.96111967e-01+1.51691979e-02j,
            1.70594876e-02+1.18038437e-03j],
          [ 1.55028302e-02-7.21676371e-03j,
           -1.93687175e-01+3.42824463e-02j,
            9.64342661e-01-4.62886825e-02j,
            1.68737553e-01-2.11139893e-02j],
          [-8.01538849e-04+5.82825012e-04j,
            1.55028302e-02-7.21676371e-03j,
           -1.58119694e-01+6.25805461e-02j,
            8.86340847e-01-4.30335148e-01j]],
         input_dims=(2, 2), output_dims=(2, 2))"
"Operator([[ 8.86340847e-01-0.43033515j,  4.21826807e-02+0.16473853j,
           -1.68138086e-02+0.00311693j, -2.45314235e-04-0.00096019j],
          [ 4.21826807e-02+0.16473853j,  9.64342661e-01-0.04628868j,
            9.63322217e-03+0.19646172j, -1.68138086e-02+0.00311693j],
          [-1.68138086e-02+0.00311693j,  9.63322217e-03+0.19646172j,
            9.64342661e-01-0.04628868j,  4.21826807e-02+0.16473853j],
          [-2.45314235e-04-0.00096019j, -1.68138086e-02+0.00311693j,
            4.21826807e-02+0.16473853j,  8.86340847e-01-0.43033515j]],
         input_dims=(2, 2), output_dims=(2, 2))"
"Operator([[ 8.86340847e-01-0.43033515j,  4.21826807e-02+0.16473853j,
           -1.68138086e-02+0.00311693j, -2.45314235e-04-0.00096019j],
          [ 4.21826807e-02+0.16473853j,  9.64342661e-01-0.04628868j,
            9.63322217e-03+0.19646172j, -1.68138086e-02+0.00311693j],
          [-1.68138086e-02+0.00311693j,  9.63322217e-03+0.19646172j,
            9.64342661e-01-0.04628868j,  4.21826807e-02+0.16473853j],
          [-2.45314235e-04-0.00096019j, -1.68138086e-02+0.00311693j,
            4.21826807e-02+0.16473853j,  8.86340847e-01-0.43033515j]],
         input_dims=(2, 2), output_dims=(2, 2))"
"Operator([[ 8.86340847e-01-0.43033515j,  1.06061605e-01-0.13292516j,
            1.60802455e-03-0.0170245j , -5.75279663e-04-0.00080697j],
          [-1.56893895e-01-0.0655932j ,  9.64342661e-01-0.04628868j,
            1.50991753e-01-0.12606149j,  1.60802455e-03-0.0170245j ],
          [ 7.60344816e-03+0.01531689j, -1.62600279e-01-0.11068495j,
            9.64342661e-01-0.04628868j,  1.06061605e-01-0.13292516j],
          [ 1.17709628e-04-0.00098402j,  7.60344816e-03+0.01531689j,
           -1.56893895e-01-0.0655932j ,  8.86340847e-01-0.43033515j]],
         input_dims=(2, 2), output_dims=(2, 2))"
"Operator([[ 8.86340847e-01-0.43033515j,  4.21826807e-02+0.16473853j,
           -1.68138086e-02+0.00311693j, -2.45314235e-04-0.00096019j],
          [ 4.21826807e-02+0.16473853j,  9.64342661e-01-0.04628868j,
            9.63322217e-03+0.19646172j, -1.68138086e-02+0.00311693j],
          [-1.68138086e-02+0.00311693j,  9.63322217e-03+0.19646172j,
            9.64342661e-01-0.04628868j,  4.21826807e-02+0.16473853j],
          [-2.45314235e-04-0.00096019j, -1.68138086e-02+0.00311693j,
            4.21826807e-02+0.16473853j,  8.86340847e-01-0.43033515j]],
         input_dims=(2, 2), output_dims=(2, 2))"
"Operator([[ 8.86340847e-01-0.43033515j,  4.21826807e-02+0.16473853j,
           -1.68138086e-02+0.00311693j, -2.45314235e-04-0.00096019j],
          [ 4.21826807e-02+0.16473853j,  9.64342661e-01-0.04628868j,
            9.63322217e-03+0.19646172j, -1.68138086e-02+0.00311693j],
          [-1.68138086e-02+0.00311693j,  9.63322217e-03+0.19646172j,
            9.64342661e-01-0.04628868j,  4.21826807e-02+0.16473853j],
          [-2.45314235e-04-0.00096019j, -1.68138086e-02+0.00311693j,
            4.21826807e-02+0.16473853j,  8.86340847e-01-0.43033515j]],
         input_dims=(2, 2), output_dims=(2, 2))"
"Operator([[ 8.86340847e-01-4.30335148e-01j,
            6.74733246e-02-1.56094564e-01j,
           -7.23325897e-03-1.54951408e-02j,
           -9.79138719e-04-1.53091116e-04j],
          [-1.34189746e-01-1.04457045e-01j,
            9.64342661e-01-4.62886825e-02j,
            1.12630369e-01-1.61258823e-01j,
           -7.23325897e-03-1.54951408e-02j],
          [-1.19853977e-03+1.70582217e-02j,
           -1.27866340e-01-1.49466408e-01j,
            9.64342661e-01-4.62886825e-02j,
            6.74733246e-02-1.56094564e-01j],
          [ 7.85717825e-04-6.03984288e-04j,
           -1.19853977e-03+1.70582217e-02j,
           -1.34189746e-01-1.04457045e-01j,
            8.86340847e-01-4.30335148e-01j]],
         input_dims=(2, 2), output_dims=(2, 2))"
"Operator([[ 8.86340847e-01-0.43033515j,  1.09768750e-01-0.12988065j,
            2.56548475e-03-0.01690674j, -5.05007801e-04-0.00085271j],
          [-1.58681620e-01-0.06114169j,  9.64342661e-01-0.04628868j,
            1.54487422e-01-0.12175239j,  2.56548475e-03-0.01690674j],
          [ 8.45507521e-03+0.01486375j, -1.65657611e-01-0.10605453j,
            9.64342661e-01-0.04628868j,  1.09768750e-01-0.12988065j],
          [ 3.41096443e-05-0.00099045j,  8.45507521e-03+0.01486375j,
           -1.58681620e-01-0.06114169j,  8.86340847e-01-0.43033515j]],
         input_dims=(2, 2), output_dims=(2, 2))"
"Operator([[ 8.86340847e-01-0.43033515j,  4.21826807e-02+0.16473853j,
           -1.68138086e-02+0.00311693j, -2.45314235e-04-0.00096019j],
          [ 4.21826807e-02+0.16473853j,  9.64342661e-01-0.04628868j,
            9.63322217e-03+0.19646172j, -1.68138086e-02+0.00311693j],
          [-1.68138086e-02+0.00311693j,  9.63322217e-03+0.19646172j,
            9.64342661e-01-0.04628868j,  4.21826807e-02+0.16473853j],
          [-2.45314235e-04-0.00096019j, -1.68138086e-02+0.00311693j,
            4.21826807e-02+0.16473853j,  8.86340847e-01-0.43033515j]],
         input_dims=(2, 2), output_dims=(2, 2))"
"Operator([[ 8.86340847e-01-4.30335148e-01j,
           -1.67593766e-01+2.88182576e-02j,
            1.70959361e-02-3.85218841e-04j,
           -9.90994618e-04+8.89877511e-06j],
          [ 1.60819378e-01-5.52746783e-02j,
            9.64342661e-01-4.62886825e-02j,
           -1.96600857e-01-6.17341074e-03j,
            1.70959361e-02-3.85218841e-04j],
          [ 1.60980326e-02-5.76825548e-03j,
            1.95053796e-01-2.53776415e-02j,
            9.64342661e-01-4.62886825e-02j,
           -1.67593766e-01+2.88182576e-02j],
          [ 8.73820930e-04-4.67532355e-04j,
            1.60980326e-02-5.76825548e-03j,
            1.60819378e-01-5.52746783e-02j,
            8.86340847e-01-4.30335148e-01j]],
         input_dims=(2, 2), output_dims=(2, 2))"
"Operator([[ 8.86340847e-01-0.43033515j,  4.21826807e-02+0.16473853j,
           -1.68138086e-02+0.00311693j, -2.45314235e-04-0.00096019j],
          [ 4.21826807e-02+0.16473853j,  9.64342661e-01-0.04628868j,
            9.63322217e-03+0.19646172j, -1.68138086e-02+0.00311693j],
          [-1.68138086e-02+0.00311693j,  9.63322217e-03+0.19646172j,
            9.64342661e-01-0.04628868j,  4.21826807e-02+0.16473853j],
          [-2.45314235e-04-0.00096019j, -1.68138086e-02+0.00311693j,
            4.21826807e-02+0.16473853j,  8.86340847e-01-0.43033515j]],
         input_dims=(2, 2), output_dims=(2, 2))"
"Operator([[ 8.86340847e-01-0.43033515j,  4.21826807e-02+0.16473853j,
           -1.68138086e-02+0.00311693j, -2.45314235e-04-0.00096019j],
          [ 4.21826807e-02+0.16473853j,  9.64342661e-01-0.04628868j,
            9.63322217e-03+0.19646172j, -1.68138086e-02+0.00311693j],
          [-1.68138086e-02+0.00311693j,  9.63322217e-03+0.19646172j,
            9.64342661e-01-0.04628868j,  4.21826807e-02+0.16473853j],
          [-2.45314235e-04-0.00096019j, -1.68138086e-02+0.00311693j,
            4.21826807e-02+0.16473853j,  8.86340847e-01-0.43033515j]],
         input_dims=(2, 2), output_dims=(2, 2))"
"Operator([[ 8.86340847e-01-0.43033515j, -1.33899376e-01+0.104829j  ,
            9.08917896e-03-0.01448469j, -7.92092051e-05+0.00098786j],
          [ 1.67802698e-01+0.02757566j,  9.64342661e-01-0.04628868j,
           -1.76028721e-01+0.08777185j,  9.08917896e-03-0.01448469j],
          [ 1.36771271e-02+0.01026429j,  1.83771193e-01+0.07012957j,
            9.64342661e-01-0.04628868j, -1.33899376e-01+0.104829j  ],
          [ 5.43341487e-04+0.00082881j,  1.36771271e-02+0.01026429j,
            1.67802698e-01+0.02757566j,  8.86340847e-01-0.43033515j]],
         input_dims=(2, 2), output_dims=(2, 2))"
"Operator([[ 8.86340847e-01-0.43033515j, -1.37193359e-01+0.10047957j,
            9.99932663e-03-0.01387202j, -1.73783712e-04+0.00097568j],
          [ 1.68600955e-01+0.02217838j,  9.64342661e-01-0.04628868j,
           -1.78753829e-01+0.0820797j ,  9.99932663e-03-0.01387202j],
          [ 1.43071912e-02+0.00936609j,  1.85926355e-01+0.06419812j,
            9.64342661e-01-0.04628868j, -1.37193359e-01+0.10047957j],
          [ 6.20481418e-04+0.00077276j,  1.43071912e-02+0.00936609j,
            1.68600955e-01+0.02217838j,  8.86340847e-01-0.43033515j]],
         input_dims=(2, 2), output_dims=(2, 2))"
