unitary
"Operator([[ 0.6959921 +0.23858773j,  0.4223079 +0.19263936j,
            0.09835107+0.24630277j, -0.04761685-0.41305164j],
          [ 0.39838134+0.23821459j, -0.17174122+0.0355456j ,
            0.29080646-0.77387415j,  0.09835107+0.24630277j],
          [ 0.04173151+0.26190928j,  0.374705  -0.73691638j,
           -0.17174122+0.0355456j ,  0.4223079 +0.19263936j],
          [ 0.08995842-0.40593904j,  0.04173151+0.26190928j,
            0.39838134+0.23821459j,  0.6959921 +0.23858773j]],
         input_dims=(2, 2), output_dims=(2, 2))"
"Operator([[ 0.6959921 +0.23858773j, -0.41097686-0.21575889j,
            0.07047463+0.25567815j, -0.0214674 +0.41523267j],
          [-0.41097686-0.21575889j, -0.17174122+0.0355456j ,
           -0.33326842+0.75655915j,  0.07047463+0.25567815j],
          [ 0.07047463+0.25567815j, -0.33326842+0.75655915j,
           -0.17174122+0.0355456j , -0.41097686-0.21575889j],
          [-0.0214674 +0.41523267j,  0.07047463+0.25567815j,
           -0.41097686-0.21575889j,  0.6959921 +0.23858773j]],
         input_dims=(2, 2), output_dims=(2, 2))"
"Operator([[ 0.6959921 +0.23858773j, -0.46398861+0.012979j  ,
            0.25495566+0.07304519j,  0.41416972+0.03663963j],
          [-0.25280259-0.38928747j, -0.17174122+0.0355456j ,
            0.07963284+0.82286585j,  0.25495566+0.07304519j],
          [-0.18152536+0.19335597j, -0.66089153+0.49666083j,
           -0.17174122+0.0355456j , -0.46398861+0.012979j  ],
          [-0.41574   -0.00626645j, -0.18152536+0.19335597j,
           -0.25280259-0.38928747j,  0.6959921 +0.23858773j]],
         input_dims=(2, 2), output_dims=(2, 2))"
"Operator([[ 0.6959921 +0.23858773j, -0.41097686-0.21575889j,
            0.07047463+0.25567815j, -0.0214674 +0.41523267j],
          [-0.41097686-0.21575889j, -0.17174122+0.0355456j ,
           -0.33326842+0.75655915j,  0.07047463+0.25567815j],
          [ 0.07047463+0.25567815j, -0.33326842+0.75655915j,
           -0.17174122+0.0355456j , -0.41097686-0.21575889j],
          [-0.0214674 +0.41523267j,  0.07047463+0.25567815j,
           -0.41097686-0.21575889j,  0.6959921 +0.23858773j]],
         input_dims=(2, 2), output_dims=(2, 2))"
