unitary
"Operator([[ 0.6967498 -0.66116202j,  0.11179695+0.25045957j,
           -0.04427972+0.01395935j, -0.0018299 -0.00412768j],
          [ 0.11179695+0.25045957j,  0.90380399-0.06663156j,
            0.02500247+0.31731586j, -0.04427972+0.01395935j],
          [-0.04427972+0.01395935j,  0.02500247+0.31731586j,
            0.90380399-0.06663156j,  0.11179695+0.25045957j],
          [-0.0018299 -0.00412768j, -0.04427972+0.01395935j,
            0.11179695+0.25045957j,  0.6967498 -0.66116202j]],
         input_dims=(2, 2), output_dims=(2, 2))"
"Operator([[ 6.96749798e-01-0.66116202j,  1.18998619e-01-0.24711916j,
           -6.43195125e-03-0.04598029j, -3.68072292e-03-0.00261507j],
          [-2.63416595e-01-0.07642153j,  9.03803987e-01-0.06663156j,
            2.26098561e-01-0.22403999j, -6.43195125e-03-0.04598029j],
          [ 2.11010877e-02+0.04135579j, -2.58396459e-01-0.18586487j,
            9.03803987e-01-0.06663156j,  1.18998619e-01-0.24711916j],
          [ 5.33775779e-04-0.00448346j,  2.11010877e-02+0.04135579j,
           -2.63416595e-01-0.07642153j,  6.96749798e-01-0.66116202j]],
         input_dims=(2, 2), output_dims=(2, 2))"
"Operator([[ 0.6967498 -0.66116202j,  0.11179695+0.25045957j,
           -0.04427972+0.01395935j, -0.0018299 -0.00412768j],
          [ 0.11179695+0.25045957j,  0.90380399-0.06663156j,
            0.02500247+0.31731586j, -0.04427972+0.01395935j],
          [-0.04427972+0.01395935j,  0.02500247+0.31731586j,
            0.90380399-0.06663156j,  0.11179695+0.25045957j],
          [-0.0018299 -0.00412768j, -0.04427972+0.01395935j,
            0.11179695+0.25045957j,  0.6967498 -0.66116202j]],
         input_dims=(2, 2), output_dims=(2, 2))"
"Operator([[ 0.6967498 -0.66116202j, -0.11700301-0.24807025j,
           -0.04365819+0.01579619j,  0.00208476+0.00400501j],
          [-0.10654214-0.25273964j,  0.90380399-0.06663156j,
           -0.03162364-0.31672452j, -0.04365819+0.01579619j],
          [-0.044824  +0.01209816j, -0.0183704 -0.3177688j ,
            0.90380399-0.06663156j, -0.11700301-0.24807025j],
          [ 0.00156786+0.00423416j, -0.044824  +0.01209816j,
           -0.10654214-0.25273964j,  0.6967498 -0.66116202j]],
         input_dims=(2, 2), output_dims=(2, 2))"
"Operator([[ 0.6967498 -0.66116202j, -0.21418732-0.17132526j,
           -0.01428751+0.04417493j,  0.004345  -0.00122773j],
          [ 0.01547964-0.27384107j,  0.90380399-0.06663156j,
           -0.16770616-0.27053488j, -0.01428751+0.04417493j],
          [-0.03703905-0.02799403j,  0.12326682-0.2934617j ,
            0.90380399-0.06663156j, -0.21418732-0.17132526j],
          [-0.00382739+0.00239529j, -0.03703905-0.02799403j,
            0.01547964-0.27384107j,  0.6967498 -0.66116202j]],
         input_dims=(2, 2), output_dims=(2, 2))"
"Operator([[ 0.6967498 -6.61162025e-01j, -0.20522021-1.81970372e-01j,
           -0.01869018+4.24998144e-02j,  0.00448094-5.54527723e-04j],
          [ 0.00156777-2.74273759e-01j,  0.90380399-6.66315600e-02j,
           -0.15376601-2.78694262e-01j, -0.01869018+4.24998144e-02j],
          [-0.03968502-2.40968047e-02j,  0.10822081-2.99337159e-01j,
            0.90380399-6.66315600e-02j, -0.20522021-1.81970372e-01j],
          [-0.00341982+2.94806966e-03j, -0.03968502-2.40968047e-02j,
            0.00156777-2.74273759e-01j,  0.6967498 -6.61162025e-01j]],
         input_dims=(2, 2), output_dims=(2, 2))"
