unitary
"Operator([[ 0.65368147+0.33181641j, -0.38232542-0.25359094j,
            0.07322827+0.27812389j, -0.05623977+0.40772433j],
          [-0.38232542-0.25359094j, -0.14470454+0.06732302j,
           -0.32859769+0.75720235j,  0.07322827+0.27812389j],
          [ 0.07322827+0.27812389j, -0.32859769+0.75720235j,
           -0.14470454+0.06732302j, -0.38232542-0.25359094j],
          [-0.05623977+0.40772433j,  0.07322827+0.27812389j,
           -0.38232542-0.25359094j,  0.65368147+0.33181641j]],
         input_dims=(2, 2), output_dims=(2, 2))"
"Operator([[ 0.65368147+0.33181641j, -0.4576399 -0.03235445j,
            0.27614703+0.08036229j,  0.40615349+0.06664366j],
          [-0.20780109-0.40902298j, -0.14470454+0.06732302j,
            0.08703571+0.82082679j,  0.27614703+0.08036229j],
          [-0.20076782+0.20593096j, -0.65896308+0.49709103j,
           -0.14470454+0.06732302j, -0.4576399 -0.03235445j],
          [-0.4090287 -0.04579912j, -0.20076782+0.20593096j,
           -0.20780109-0.40902298j,  0.65368147+0.33181641j]],
         input_dims=(2, 2), output_dims=(2, 2))"
"Operator([[ 0.65368147+0.33181641j, -0.38232542-0.25359094j,
            0.07322827+0.27812389j, -0.05623977+0.40772433j],
          [-0.38232542-0.25359094j, -0.14470454+0.06732302j,
           -0.32859769+0.75720235j,  0.07322827+0.27812389j],
          [ 0.07322827+0.27812389j, -0.32859769+0.75720235j,
           -0.14470454+0.06732302j, -0.38232542-0.25359094j],
          [-0.05623977+0.40772433j,  0.07322827+0.27812389j,
           -0.38232542-0.25359094j,  0.65368147+0.33181641j]],
         input_dims=(2, 2), output_dims=(2, 2))"
"Operator([[ 0.65368147+0.33181641j, -0.45787922-0.02877j   ,
            0.27737165+0.07602793j,  0.40760683+0.05708514j],
          [-0.20459194-0.41063758j, -0.14470454+0.06732302j,
            0.09346036+0.82012011j,  0.27737165+0.07602793j],
          [-0.20396811+0.20276166j, -0.66283525+0.49191591j,
           -0.14470454+0.06732302j, -0.45787922-0.02877j   ],
          [-0.40784007-0.05539416j, -0.20396811+0.20276166j,
           -0.20459194-0.41063758j,  0.65368147+0.33181641j]],
         input_dims=(2, 2), output_dims=(2, 2))"
"Operator([[ 0.65368147+0.33181641j,  0.44114179+0.12599606j,
            0.220259  +0.18493581j, -0.29100127-0.29106752j],
          [ 0.28765292+0.35740298j, -0.14470454+0.06732302j,
            0.08403626-0.8211393j ,  0.220259  +0.18493581j],
          [-0.10062903+0.2694236j ,  0.54234182-0.62225171j,
           -0.14470454+0.06732302j,  0.44114179+0.12599606j],
          [ 0.35893269-0.20141838j, -0.10062903+0.2694236j ,
            0.28765292+0.35740298j,  0.65368147+0.33181641j]],
         input_dims=(2, 2), output_dims=(2, 2))"
