unitary
"Operator([[ 9.76092816e-01-2.02678355e-01j,
           -1.68017984e-02+7.66110363e-02j,
           -2.99356127e-03-1.94361305e-03j,
            7.19574209e-05-6.00773665e-05j],
          [ 3.36407129e-02+7.08509263e-02j,
            9.92535817e-01-2.23742987e-02j,
           -2.73749449e-02+8.63618257e-02j,
           -2.99356127e-03-1.94361305e-03j],
          [-2.62965799e-03+2.41328398e-03j,
            3.12548657e-02+8.50346160e-02j,
            9.92535817e-01-2.23742987e-02j,
           -1.68017984e-02+7.66110363e-02j],
          [-8.36447682e-05-4.23168187e-05j,
           -2.62965799e-03+2.41328398e-03j,
            3.36407129e-02+7.08509263e-02j,
            9.76092816e-01-2.02678355e-01j]],
         input_dims=(2, 2), output_dims=(2, 2))"
"Operator([[ 9.76092816e-01-2.02678355e-01j,
            8.89842555e-03+7.79254088e-02j,
           -3.55679443e-03+2.97075910e-04j,
           -1.06305121e-05-9.31351308e-05j],
          [ 8.89842555e-03+7.79254088e-02j,
            9.92535817e-01-2.23742987e-02j,
            2.05032137e-03+9.05734438e-02j,
           -3.55679443e-03+2.97075910e-04j],
          [-3.55679443e-03+2.97075910e-04j,
            2.05032137e-03+9.05734438e-02j,
            9.92535817e-01-2.23742987e-02j,
            8.89842555e-03+7.79254088e-02j],
          [-1.06305121e-05-9.31351308e-05j,
           -3.55679443e-03+2.97075910e-04j,
            8.89842555e-03+7.79254088e-02j,
            9.76092816e-01-2.02678355e-01j]],
         input_dims=(2, 2), output_dims=(2, 2))"
"Operator([[ 9.76092816e-01-2.02678355e-01j,
            8.89842555e-03+7.79254088e-02j,
           -3.55679443e-03+2.97075910e-04j,
           -1.06305121e-05-9.31351308e-05j],
          [ 8.89842555e-03+7.79254088e-02j,
            9.92535817e-01-2.23742987e-02j,
            2.05032137e-03+9.05734438e-02j,
           -3.55679443e-03+2.97075910e-04j],
          [-3.55679443e-03+2.97075910e-04j,
            2.05032137e-03+9.05734438e-02j,
            9.92535817e-01-2.23742987e-02j,
            8.89842555e-03+7.79254088e-02j],
          [-1.06305121e-05-9.31351308e-05j,
           -3.55679443e-03+2.97075910e-04j,
            8.89842555e-03+7.79254088e-02j,
            9.76092816e-01-2.02678355e-01j]],
         input_dims=(2, 2), output_dims=(2, 2))"
"Operator([[ 9.76092816e-01-2.02678355e-01j,
            8.89842555e-03+7.79254088e-02j,
           -3.55679443e-03+2.97075910e-04j,
           -1.06305121e-05-9.31351308e-05j],
          [ 8.89842555e-03+7.79254088e-02j,
            9.92535817e-01-2.23742987e-02j,
            2.05032137e-03+9.05734438e-02j,
           -3.55679443e-03+2.97075910e-04j],
          [-3.55679443e-03+2.97075910e-04j,
            2.05032137e-03+9.05734438e-02j,
            9.92535817e-01-2.23742987e-02j,
            8.89842555e-03+7.79254088e-02j],
          [-1.06305121e-05-9.31351308e-05j,
           -3.55679443e-03+2.97075910e-04j,
            8.89842555e-03+7.79254088e-02j,
            9.76092816e-01-2.02678355e-01j]],
         input_dims=(2, 2), output_dims=(2, 2))"
"Operator([[ 9.76092816e-01-2.02678355e-01j,
            8.89842555e-03+7.79254088e-02j,
           -3.55679443e-03+2.97075910e-04j,
           -1.06305121e-05-9.31351308e-05j],
          [ 8.89842555e-03+7.79254088e-02j,
            9.92535817e-01-2.23742987e-02j,
            2.05032137e-03+9.05734438e-02j,
           -3.55679443e-03+2.97075910e-04j],
          [-3.55679443e-03+2.97075910e-04j,
            2.05032137e-03+9.05734438e-02j,
            9.92535817e-01-2.23742987e-02j,
            8.89842555e-03+7.79254088e-02j],
          [-1.06305121e-05-9.31351308e-05j,
           -3.55679443e-03+2.97075910e-04j,
            8.89842555e-03+7.79254088e-02j,
            9.76092816e-01-2.02678355e-01j]],
         input_dims=(2, 2), output_dims=(2, 2))"
"Operator([[ 9.76092816e-01-2.02678355e-01j,
            8.89842555e-03+7.79254088e-02j,
           -3.55679443e-03+2.97075910e-04j,
           -1.06305121e-05-9.31351308e-05j],
          [ 8.89842555e-03+7.79254088e-02j,
            9.92535817e-01-2.23742987e-02j,
            2.05032137e-03+9.05734438e-02j,
           -3.55679443e-03+2.97075910e-04j],
          [-3.55679443e-03+2.97075910e-04j,
            2.05032137e-03+9.05734438e-02j,
            9.92535817e-01-2.23742987e-02j,
            8.89842555e-03+7.79254088e-02j],
          [-1.06305121e-05-9.31351308e-05j,
           -3.55679443e-03+2.97075910e-04j,
            8.89842555e-03+7.79254088e-02j,
            9.76092816e-01-2.02678355e-01j]],
         input_dims=(2, 2), output_dims=(2, 2))"
"Operator([[ 9.76092816e-01-2.02678355e-01j,
            8.89842555e-03+7.79254088e-02j,
           -3.55679443e-03+2.97075910e-04j,
           -1.06305121e-05-9.31351308e-05j],
          [ 8.89842555e-03+7.79254088e-02j,
            9.92535817e-01-2.23742987e-02j,
            2.05032137e-03+9.05734438e-02j,
           -3.55679443e-03+2.97075910e-04j],
          [-3.55679443e-03+2.97075910e-04j,
            2.05032137e-03+9.05734438e-02j,
            9.92535817e-01-2.23742987e-02j,
            8.89842555e-03+7.79254088e-02j],
          [-1.06305121e-05-9.31351308e-05j,
           -3.55679443e-03+2.97075910e-04j,
            8.89842555e-03+7.79254088e-02j,
            9.76092816e-01-2.02678355e-01j]],
         input_dims=(2, 2), output_dims=(2, 2))"
"Operator([[ 9.76092816e-01-2.02678355e-01j,
            8.89842555e-03+7.79254088e-02j,
           -3.55679443e-03+2.97075910e-04j,
           -1.06305121e-05-9.31351308e-05j],
          [ 8.89842555e-03+7.79254088e-02j,
            9.92535817e-01-2.23742987e-02j,
            2.05032137e-03+9.05734438e-02j,
           -3.55679443e-03+2.97075910e-04j],
          [-3.55679443e-03+2.97075910e-04j,
            2.05032137e-03+9.05734438e-02j,
            9.92535817e-01-2.23742987e-02j,
            8.89842555e-03+7.79254088e-02j],
          [-1.06305121e-05-9.31351308e-05j,
           -3.55679443e-03+2.97075910e-04j,
            8.89842555e-03+7.79254088e-02j,
            9.76092816e-01-2.02678355e-01j]],
         input_dims=(2, 2), output_dims=(2, 2))"
"Operator([[ 9.76092816e-01-2.02678355e-01j,
            7.26303034e-02+2.96038906e-02j,
            2.16754560e-03+2.83562811e-03j,
            1.69881167e-05+9.21876579e-05j],
          [-6.40865246e-02+4.52158012e-02j,
            9.92535817e-01-2.23742987e-02j,
            8.04379377e-02+4.16832187e-02j,
            2.16754560e-03+2.83562811e-03j],
          [ 1.66711121e-03-3.15591206e-03j,
           -7.84693319e-02+4.52804207e-02j,
            9.92535817e-01-2.23742987e-02j,
            7.26303034e-02+2.96038906e-02j],
          [ 4.22292320e-06+9.36446865e-05j,
            1.66711121e-03-3.15591206e-03j,
           -6.40865246e-02+4.52158012e-02j,
            9.76092816e-01-2.02678355e-01j]],
         input_dims=(2, 2), output_dims=(2, 2))"
"Operator([[ 9.76092816e-01-2.02678355e-01j,
            7.62544017e-02+1.83525895e-02j,
            2.91225106e-03+2.06345209e-03j,
            5.55890018e-05+7.54786279e-05j],
          [-7.01538571e-02+3.50711799e-02j,
            9.92535817e-01-2.23742987e-02j,
            8.57886811e-02+2.91213794e-02j,
            2.91225106e-03+2.06345209e-03j],
          [ 2.52959432e-03-2.51797405e-03j,
           -8.43830305e-02+3.29735758e-02j,
            9.92535817e-01-2.23742987e-02j,
            7.62544017e-02+1.83525895e-02j],
          [-3.71504110e-05+8.60639724e-05j,
            2.52959432e-03-2.51797405e-03j,
           -7.01538571e-02+3.50711799e-02j,
            9.76092816e-01-2.02678355e-01j]],
         input_dims=(2, 2), output_dims=(2, 2))"
"Operator([[ 9.76092816e-01-2.02678355e-01j,
            7.79968541e-02+8.24876186e-03j,
            3.34687646e-03+1.23994301e-03j,
            8.02300708e-05+4.84798528e-05j],
          [-7.41292939e-02+2.56202870e-02j,
            9.92535817e-01-2.23742987e-02j,
            8.88544042e-02+1.76818380e-02j,
            3.34687646e-03+1.23994301e-03j],
          [ 3.09480939e-03-1.77797514e-03j,
           -8.79632644e-02+2.16844797e-02j,
            9.92535817e-01-2.23742987e-02j,
            7.79968541e-02+8.24876186e-03j],
          [-6.72417405e-05+6.53123933e-05j,
            3.09480939e-03-1.77797514e-03j,
           -7.41292939e-02+2.56202870e-02j,
            9.76092816e-01-2.02678355e-01j]],
         input_dims=(2, 2), output_dims=(2, 2))"
