unitary
"Operator([[ 0.82465199-5.24388532e-01j, -0.01563305+2.09795093e-01j,
           -0.02265238-1.38042268e-02j,  0.00144916-1.26835658e-03j],
          [ 0.13585288+1.60631159e-01j,  0.94479879-5.53159953e-02j,
           -0.07839435+2.30624489e-01j, -0.02265238-1.38042268e-02j],
          [-0.01420978+2.24002038e-02j,  0.10567169+2.19469413e-01j,
            0.94479879-5.53159953e-02j, -0.01563305+2.09795093e-01j],
          [-0.00191742-1.79687306e-04j, -0.01420978+2.24002038e-02j,
            0.13585288+1.60631159e-01j,  0.82465199-5.24388532e-01j]],
         input_dims=(2, 2), output_dims=(2, 2))"
"Operator([[ 8.24651986e-01-0.52438853j,  1.10482776e-01+0.17903053j,
           -2.01641084e-02+0.01723647j, -1.65103984e-03-0.0009914j ],
          [ 1.57066774e-02+0.20978959j,  9.44798788e-01-0.055316j  ,
            7.18957160e-02+0.23273233j, -2.01641084e-02+0.01723647j],
          [-2.57084454e-02-0.00653934j, -4.32638971e-02+0.23971142j,
            9.44798788e-01-0.055316j  ,  1.10482776e-01+0.17903053j],
          [ 7.57943969e-04-0.0017704j , -2.57084454e-02-0.00653934j,
            1.57066774e-02+0.20978959j,  8.24651986e-01-0.52438853j]],
         input_dims=(2, 2), output_dims=(2, 2))"
"Operator([[ 8.24651986e-01-0.52438853j,  1.94366827e-01+0.08049789j,
            1.00106019e-02+0.02456573j, -4.50002332e-04+0.00187251j],
          [-1.10052309e-01+0.17929546j,  9.44798788e-01-0.055316j  ,
            1.94510604e-01+0.14662522j,  1.00106019e-02+0.02456573j],
          [-1.88816721e-03-0.02645982j, -1.75380019e-01+0.16904194j,
            9.44798788e-01-0.055316j  ,  1.94366827e-01+0.08049789j],
          [ 1.46119225e-03+0.00125448j, -1.88816721e-03-0.02645982j,
           -1.10052309e-01+0.17929546j,  8.24651986e-01-0.52438853j]],
         input_dims=(2, 2), output_dims=(2, 2))"
"Operator([[ 8.24651986e-01-0.52438853j,  2.10210262e-01-0.00836775j,
            2.51890419e-02+0.00831861j,  1.68137084e-03+0.00093904j],
          [-1.75061341e-01+0.11667005j,  9.44798788e-01-0.055316j  ,
            2.38053589e-01+0.05161219j,  2.51890419e-02+0.00831861j],
          [ 1.89112527e-02-0.01860246j, -2.30078457e-01+0.07998271j,
            9.44798788e-01-0.055316j  ,  2.10210262e-01-0.00836775j],
          [-8.13189276e-04+0.00174571j,  1.89112527e-02-0.01860246j,
           -1.75061341e-01+0.11667005j,  8.24651986e-01-0.52438853j]],
         input_dims=(2, 2), output_dims=(2, 2))"
"Operator([[ 8.24651986e-01-0.52438853j,  6.49420862e-02+0.20010222j,
           -2.58339895e-02+0.00602429j, -5.92551551e-04-0.0018324j ],
          [ 6.49420862e-02+0.20010222j,  9.44798788e-01-0.055316j  ,
            1.47350671e-02+0.24313825j, -2.58339895e-02+0.00602429j],
          [-2.58339895e-02+0.00602429j,  1.47350671e-02+0.24313825j,
            9.44798788e-01-0.055316j  ,  6.49420862e-02+0.20010222j],
          [-5.92551551e-04-0.0018324j , -2.58339895e-02+0.00602429j,
            6.49420862e-02+0.20010222j,  8.24651986e-01-0.52438853j]],
         input_dims=(2, 2), output_dims=(2, 2))"
"Operator([[ 0.82465199-5.24388532e-01j,  0.19018021-8.99436501e-02j,
            0.02346799-1.23669063e-02j,  0.00147716-1.23563175e-03j],
          [-0.20675301+3.88788658e-02j,  0.94479879-5.53159953e-02j,
            0.23927072-4.56382735e-02j,  0.02346799-1.23669063e-02j],
          [ 0.02651758+7.10650370e-04j, -0.24303101-1.64090245e-02j,
            0.94479879-5.53159953e-02j,  0.19018021-8.99436501e-02j],
          [-0.00192096-1.36763002e-04j,  0.02651758+7.10650370e-04j,
           -0.20675301+3.88788658e-02j,  0.82465199-5.24388532e-01j]],
         input_dims=(2, 2), output_dims=(2, 2))"
"Operator([[ 0.82465199-5.24388532e-01j,  0.1875431 -9.53202884e-02j,
            0.02272626-1.36822613e-02j,  0.00136639-1.35712542e-03j],
          [-0.20777585+3.29783253e-02j,  0.94479879-5.53159953e-02j,
            0.23787478-5.24301200e-02j,  0.02272626-1.36822613e-02j],
          [ 0.02643418+2.21842141e-03j, -0.2424655 -2.33197420e-02j,
            0.94479879-5.53159953e-02j,  0.1875431 -9.53202884e-02j],
          [-0.0019023 -3.00115773e-04j,  0.02643418+2.21842141e-03j,
           -0.20777585+3.29783253e-02j,  0.82465199-5.24388532e-01j]],
         input_dims=(2, 2), output_dims=(2, 2))"
"Operator([[ 0.82465199-5.24388532e-01j,  0.19872588-6.90391015e-02j,
            0.02556472-7.08040186e-03j,  0.00179242-7.04292270e-04j],
          [-0.20139411+6.08176612e-02j,  0.94479879-5.53159953e-02j,
            0.24278423-1.97267711e-02j,  0.02556472-7.08040186e-03j],
          [ 0.02605965-4.95800882e-03j, -0.24338964+9.73714393e-03j,
            0.94479879-5.53159953e-02j,  0.19872588-6.90391015e-02j],
          [-0.00186542+4.78560615e-04j,  0.02605965-4.95800882e-03j,
           -0.20139411+6.08176612e-02j,  0.82465199-5.24388532e-01j]],
         input_dims=(2, 2), output_dims=(2, 2))"
"Operator([[ 0.82465199-5.24388532e-01j, -0.04099692+2.06343466e-01j,
           -0.01865591-1.88585284e-02j,  0.0018066 -6.67070757e-04j],
          [ 0.15435587+1.42942780e-01j,  0.94479879-5.53159953e-02j,
           -0.10582336+2.19396320e-01j, -0.01865591-1.88585284e-02j],
          [-0.00838987+2.51653978e-02j,  0.131544  +2.05010990e-01j,
            0.94479879-5.53159953e-02j, -0.04099692+2.06343466e-01j],
          [-0.00185512+5.17038825e-04j, -0.00838987+2.51653978e-02j,
            0.15435587+1.42942780e-01j,  0.82465199-5.24388532e-01j]],
         input_dims=(2, 2), output_dims=(2, 2))"
"Operator([[ 8.24651986e-01-0.52438853j,  6.49420862e-02+0.20010222j,
           -2.58339895e-02+0.00602429j, -5.92551551e-04-0.0018324j ],
          [ 6.49420862e-02+0.20010222j,  9.44798788e-01-0.055316j  ,
            1.47350671e-02+0.24313825j, -2.58339895e-02+0.00602429j],
          [-2.58339895e-02+0.00602429j,  1.47350671e-02+0.24313825j,
            9.44798788e-01-0.055316j  ,  6.49420862e-02+0.20010222j],
          [-5.92551551e-04-0.0018324j , -2.58339895e-02+0.00602429j,
            6.49420862e-02+0.20010222j,  8.24651986e-01-0.52438853j]],
         input_dims=(2, 2), output_dims=(2, 2))"
"Operator([[ 8.24651986e-01-0.52438853j,  6.49420862e-02+0.20010222j,
           -2.58339895e-02+0.00602429j, -5.92551551e-04-0.0018324j ],
          [ 6.49420862e-02+0.20010222j,  9.44798788e-01-0.055316j  ,
            1.47350671e-02+0.24313825j, -2.58339895e-02+0.00602429j],
          [-2.58339895e-02+0.00602429j,  1.47350671e-02+0.24313825j,
            9.44798788e-01-0.055316j  ,  6.49420862e-02+0.20010222j],
          [-5.92551551e-04-0.0018324j , -2.58339895e-02+0.00602429j,
            6.49420862e-02+0.20010222j,  8.24651986e-01-0.52438853j]],
         input_dims=(2, 2), output_dims=(2, 2))"
"Operator([[ 0.82465199-0.52438853j, -0.18123148+0.1068341j ,
            0.02084562-0.0164057j , -0.00108983+0.00158779j],
          [ 0.20942844-0.01995245j,  0.94479879-0.055316j  ,
           -0.23414073+0.0671673j ,  0.02084562-0.0164057j ],
          [ 0.02595219+0.00549281j,  0.2405385 +0.0384j    ,
            0.94479879-0.055316j  , -0.18123148+0.1068341j ],
          [ 0.00181316+0.00064903j,  0.02595219+0.00549281j,
            0.20942844-0.01995245j,  0.82465199-0.52438853j]],
         input_dims=(2, 2), output_dims=(2, 2))"
