unitary
"Operator([[ 8.24651986e-01-0.52438853j,  2.10322789e-01-0.00476425j,
            2.48891856e-02+0.0091769j ,  1.63089267e-03+0.0010242j ],
          [-1.73036315e-01+0.11965286j,  9.44798788e-01-0.055316j  ,
            2.37134179e-01+0.05568402j,  2.48891856e-02+0.0091769j ],
          [ 1.82626762e-02-0.01923959j, -2.28674046e-01+0.08391371j,
            9.44798788e-01-0.055316j  ,  2.10322789e-01-0.00476425j],
          [-7.22403477e-04+0.0017852j ,  1.82626762e-02-0.01923959j,
           -1.73036315e-01+0.11965286j,  8.24651986e-01-0.52438853j]],
         input_dims=(2, 2), output_dims=(2, 2))"
"Operator([[ 0.82465199-5.24388532e-01j,  0.19333058-8.29557661e-02j,
            0.02430615-1.06253594e-02j,  0.00160315-1.06710506e-03j],
          [-0.20519943+4.63849801e-02j,  0.94479879-5.53159953e-02j,
            0.24077448-3.68914529e-02j,  0.02430615-1.06253594e-02j],
          [ 0.02649894-1.22200096e-03j, -0.24346747-7.54461969e-03j,
            0.94479879-5.53159953e-02j,  0.19333058-8.29557661e-02j],
          [-0.00192442+7.36211636e-05j,  0.02649894-1.22200096e-03j,
           -0.20519943+4.63849801e-02j,  0.82465199-5.24388532e-01j]],
         input_dims=(2, 2), output_dims=(2, 2))"
"Operator([[ 8.24651986e-01-0.52438853j,  1.69644910e-01-0.12441454j,
            1.71657328e-02-0.02022436j,  5.71240677e-04-0.00183915j],
          [-2.10373962e-01-0.00108149j,  9.44798788e-01-0.055316j  ,
            2.26254185e-01-0.0902351j ,  1.71657328e-02-0.02022436j],
          [ 2.43409853e-02+0.01054531j, -2.35495424e-01-0.06225138j,
            9.44798788e-01-0.055316j  ,  1.69644910e-01-0.12441454j],
          [-1.53994313e-03-0.00115645j,  2.43409853e-02+0.01054531j,
           -2.10373962e-01-0.00108149j,  8.24651986e-01-0.52438853j]],
         input_dims=(2, 2), output_dims=(2, 2))"
"Operator([[ 8.24651986e-01-0.52438853j,  1.59337723e-01-0.13736762j,
            1.37830912e-02-0.02266525j,  1.25159649e-04-0.00192175j],
          [-2.09637678e-01-0.01761867j,  9.44798788e-01-0.055316j  ,
            2.18459091e-01-0.10774486j,  1.37830912e-02-0.02266525j],
          [ 2.23869395e-02+0.01423067j, -2.29871925e-01-0.08057436j,
            9.44798788e-01-0.055316j  ,  1.59337723e-01-0.13736762j],
          [-1.22668850e-03-0.0014846j ,  2.23869395e-02+0.01423067j,
           -2.09637678e-01-0.01761867j,  8.24651986e-01-0.52438853j]],
         input_dims=(2, 2), output_dims=(2, 2))"
"Operator([[ 8.24651986e-01-0.52438853j,  1.57790924e-01-0.13914165j,
            1.32725291e-02-0.02296796j,  6.06000123e-05-0.00192487j],
          [-2.09427446e-01-0.01996292j,  9.44798788e-01-0.055316j  ,
            2.17240003e-01-0.11018217j,  1.32725291e-02-0.02296796j],
          [ 2.20629386e-02+0.01472799j, -2.28956098e-01-0.08314105j,
            9.44798788e-01-0.055316j  ,  1.57790924e-01-0.13914165j],
          [-1.17617825e-03-0.00152493j,  2.20629386e-02+0.01472799j,
           -2.09427446e-01-0.01996292j,  8.24651986e-01-0.52438853j]],
         input_dims=(2, 2), output_dims=(2, 2))"
"Operator([[ 0.82465199-5.24388532e-01j, -0.1978001 +7.16484157e-02j,
            0.02536952-7.75077006e-03j, -0.00176322+7.74493445e-04j],
          [ 0.20217704-5.81619866e-02j,  0.94479879-5.53159953e-02j,
           -0.2425036 +2.29201771e-02j,  0.02536952-7.75077006e-03j],
          [ 0.02618111-4.27044505e-03j,  0.24349671-6.53321896e-03j,
            0.94479879-5.53159953e-02j, -0.1978001 +7.16484157e-02j],
          [ 0.00188285-4.04556343e-04j,  0.02618111-4.27044505e-03j,
            0.20217704-5.81619866e-02j,  0.82465199-5.24388532e-01j]],
         input_dims=(2, 2), output_dims=(2, 2))"
"Operator([[ 8.24651986e-01-0.52438853j,  6.49420862e-02+0.20010222j,
           -2.58339895e-02+0.00602429j, -5.92551551e-04-0.0018324j ],
          [ 6.49420862e-02+0.20010222j,  9.44798788e-01-0.055316j  ,
            1.47350671e-02+0.24313825j, -2.58339895e-02+0.00602429j],
          [-2.58339895e-02+0.00602429j,  1.47350671e-02+0.24313825j,
            9.44798788e-01-0.055316j  ,  6.49420862e-02+0.20010222j],
          [-5.92551551e-04-0.0018324j , -2.58339895e-02+0.00602429j,
            6.49420862e-02+0.20010222j,  8.24651986e-01-0.52438853j]],
         input_dims=(2, 2), output_dims=(2, 2))"
"Operator([[ 8.24651986e-01-0.52438853j,  6.49420862e-02+0.20010222j,
           -2.58339895e-02+0.00602429j, -5.92551551e-04-0.0018324j ],
          [ 6.49420862e-02+0.20010222j,  9.44798788e-01-0.055316j  ,
            1.47350671e-02+0.24313825j, -2.58339895e-02+0.00602429j],
          [-2.58339895e-02+0.00602429j,  1.47350671e-02+0.24313825j,
            9.44798788e-01-0.055316j  ,  6.49420862e-02+0.20010222j],
          [-5.92551551e-04-0.0018324j , -2.58339895e-02+0.00602429j,
            6.49420862e-02+0.20010222j,  8.24651986e-01-0.52438853j]],
         input_dims=(2, 2), output_dims=(2, 2))"
