unitary
"Operator([[-0.18022564-0.82166568j,  0.1129069 -0.4861957j ,
            0.03127238-0.20029491j, -0.02100659-0.04138491j],
          [-0.408499  +0.28681492j,  0.59419143-0.02890261j,
            0.52466378-0.28389939j,  0.03127238-0.20029491j],
          [ 0.20251609+0.00912396j, -0.58022499-0.13859983j,
            0.59419143-0.02890261j,  0.1129069 -0.4861957j ],
          [-0.04588361-0.00697727j,  0.20251609+0.00912396j,
           -0.408499  +0.28681492j, -0.18022564-0.82166568j]],
         input_dims=(2, 2), output_dims=(2, 2))"
"Operator([[-0.18022564-0.82166568j,  0.4137995 +0.27911324j,
           -0.15693415+0.12832648j, -0.03761045-0.02719267j],
          [ 0.4137995 +0.27911324j,  0.59419143-0.02890261j,
            0.07778015+0.59145684j, -0.15693415+0.12832648j],
          [-0.15693415+0.12832648j,  0.07778015+0.59145684j,
            0.59419143-0.02890261j,  0.4137995 +0.27911324j],
          [-0.03761045-0.02719267j, -0.15693415+0.12832648j,
            0.4137995 +0.27911324j, -0.18022564-0.82166568j]],
         input_dims=(2, 2), output_dims=(2, 2))"
"Operator([[-0.18022564-0.82166568j,  0.42988703-0.25363629j,
            0.19854915+0.04091759j,  0.04295717+0.01756899j],
          [-0.07413216+0.49359766j,  0.59419143-0.02890261j,
            0.56745755+0.18401868j,  0.19854915+0.04091759j],
          [-0.00067584-0.20272039j, -0.5005878 +0.32447311j,
            0.59419143-0.02890261j,  0.42988703-0.25363629j],
          [ 0.03014744+0.03528625j, -0.00067584-0.20272039j,
           -0.07413216+0.49359766j, -0.18022564-0.82166568j]],
         input_dims=(2, 2), output_dims=(2, 2))"
"Operator([[-0.18022564-0.82166568j,  0.4137995 +0.27911324j,
           -0.15693415+0.12832648j, -0.03761045-0.02719267j],
          [ 0.4137995 +0.27911324j,  0.59419143-0.02890261j,
            0.07778015+0.59145684j, -0.15693415+0.12832648j],
          [-0.15693415+0.12832648j,  0.07778015+0.59145684j,
            0.59419143-0.02890261j,  0.4137995 +0.27911324j],
          [-0.03761045-0.02719267j, -0.15693415+0.12832648j,
            0.4137995 +0.27911324j, -0.18022564-0.82166568j]],
         input_dims=(2, 2), output_dims=(2, 2))"
