unitary
"Operator([[ 0.41799516-0.69590732j, -0.38453529+0.13439726j,
           -0.0556621 +0.101363j  ,  0.3204985 +0.24283948j],
          [-0.38453529+0.13439726j, -0.53432411-0.26848623j,
           -0.25207072+0.6321159j , -0.0556621 +0.101363j  ],
          [-0.0556621 +0.101363j  , -0.25207072+0.6321159j ,
           -0.53432411-0.26848623j, -0.38453529+0.13439726j],
          [ 0.3204985 +0.24283948j, -0.0556621 +0.101363j  ,
           -0.38453529+0.13439726j,  0.41799516-0.69590732j]],
         input_dims=(2, 2), output_dims=(2, 2))"
"Operator([[ 0.41799516-0.69590732j,  0.35793017-0.19446337j,
           -0.0206211 +0.11378707j, -0.39670822-0.06567263j],
          [ 0.4011388 -0.07083554j, -0.53432411-0.26848623j,
            0.14718018-0.66441564j, -0.0206211 +0.11378707j],
          [-0.08494977+0.07846187j,  0.35040501-0.58337508j,
           -0.53432411-0.26848623j,  0.35793017-0.19446337j],
          [-0.17055977-0.36414237j, -0.08494977+0.07846187j,
            0.4011388 -0.07083554j,  0.41799516-0.69590732j]],
         input_dims=(2, 2), output_dims=(2, 2))"
"Operator([[ 0.41799516-0.69590732j, -0.40731574+0.0048891j ,
           -0.10558285+0.04716979j, -0.02021961+0.40159865j],
          [-0.32168301+0.24990009j, -0.53432411-0.26848623j,
           -0.44031665+0.51887513j, -0.10558285+0.04716979j],
          [ 0.01685604+0.11440543j, -0.03755689+0.67948483j,
           -0.53432411-0.26848623j, -0.40731574+0.0048891j ],
          [ 0.38114854-0.12812531j,  0.01685604+0.11440543j,
           -0.32168301+0.24990009j,  0.41799516-0.69590732j]],
         input_dims=(2, 2), output_dims=(2, 2))"
"Operator([[ 0.41799516-0.69590732j, -0.38453529+0.13439726j,
           -0.0556621 +0.101363j  ,  0.3204985 +0.24283948j],
          [-0.38453529+0.13439726j, -0.53432411-0.26848623j,
           -0.25207072+0.6321159j , -0.0556621 +0.101363j  ],
          [-0.0556621 +0.101363j  , -0.25207072+0.6321159j ,
           -0.53432411-0.26848623j, -0.38453529+0.13439726j],
          [ 0.3204985 +0.24283948j, -0.0556621 +0.101363j  ,
           -0.38453529+0.13439726j,  0.41799516-0.69590732j]],
         input_dims=(2, 2), output_dims=(2, 2))"
