unitary
"Operator([[ 8.24651986e-01-0.52438853j,  6.49420862e-02+0.20010222j,
           -2.58339895e-02+0.00602429j, -5.92551551e-04-0.0018324j ],
          [ 6.49420862e-02+0.20010222j,  9.44798788e-01-0.055316j  ,
            1.47350671e-02+0.24313825j, -2.58339895e-02+0.00602429j],
          [-2.58339895e-02+0.00602429j,  1.47350671e-02+0.24313825j,
            9.44798788e-01-0.055316j  ,  6.49420862e-02+0.20010222j],
          [-5.92551551e-04-0.0018324j , -2.58339895e-02+0.00602429j,
            6.49420862e-02+0.20010222j,  8.24651986e-01-0.52438853j]],
         input_dims=(2, 2), output_dims=(2, 2))"
"Operator([[ 8.24651986e-01-0.52438853j,  6.49420862e-02+0.20010222j,
           -2.58339895e-02+0.00602429j, -5.92551551e-04-0.0018324j ],
          [ 6.49420862e-02+0.20010222j,  9.44798788e-01-0.055316j  ,
            1.47350671e-02+0.24313825j, -2.58339895e-02+0.00602429j],
          [-2.58339895e-02+0.00602429j,  1.47350671e-02+0.24313825j,
            9.44798788e-01-0.055316j  ,  6.49420862e-02+0.20010222j],
          [-5.92551551e-04-0.0018324j , -2.58339895e-02+0.00602429j,
            6.49420862e-02+0.20010222j,  8.24651986e-01-0.52438853j]],
         input_dims=(2, 2), output_dims=(2, 2))"
"Operator([[ 0.82465199-5.24388532e-01j,  0.18037908+1.08267085e-01j,
            0.00241308+2.64171178e-02j, -0.00121041+1.49789771e-03j],
          [-0.08242333+1.93558176e-01j,  0.94479879-5.53159953e-02j,
            0.17077455+1.73693359e-01j,  0.00241308+2.64171178e-02j],
          [-0.00952094-2.47596191e-02j, -0.14854883+1.93045524e-01j,
            0.94479879-5.53159953e-02j,  0.18037908+1.08267085e-01j],
          [ 0.00185828+5.05558698e-04j, -0.00952094-2.47596191e-02j,
           -0.08242333+1.93558176e-01j,  0.82465199-5.24388532e-01j]],
         input_dims=(2, 2), output_dims=(2, 2))"
"Operator([[ 8.24651986e-01-0.52438853j,  6.49420862e-02+0.20010222j,
           -2.58339895e-02+0.00602429j, -5.92551551e-04-0.0018324j ],
          [ 6.49420862e-02+0.20010222j,  9.44798788e-01-0.055316j  ,
            1.47350671e-02+0.24313825j, -2.58339895e-02+0.00602429j],
          [-2.58339895e-02+0.00602429j,  1.47350671e-02+0.24313825j,
            9.44798788e-01-0.055316j  ,  6.49420862e-02+0.20010222j],
          [-5.92551551e-04-0.0018324j , -2.58339895e-02+0.00602429j,
            6.49420862e-02+0.20010222j,  8.24651986e-01-0.52438853j]],
         input_dims=(2, 2), output_dims=(2, 2))"
"Operator([[ 8.24651986e-01-0.52438853j,  2.10109206e-01-0.01060638j,
            2.53605310e-02+0.00778014j,  1.71051496e-03+0.00088484j],
          [-1.76294146e-01+0.11479873j,  9.44798788e-01-0.055316j  ,
            2.38589842e-01+0.04907358j,  2.53605310e-02+0.00778014j],
          [ 1.93032354e-02-0.01819539j, -2.30917358e-01+0.07752744j,
            9.44798788e-01-0.055316j  ,  2.10109206e-01-0.01060638j],
          [-8.68550279e-04+0.00171884j,  1.93032354e-02-0.01819539j,
           -1.76294146e-01+0.11479873j,  8.24651986e-01-0.52438853j]],
         input_dims=(2, 2), output_dims=(2, 2))"
"Operator([[ 0.82465199-0.52438853j,  0.20957795-0.01831545j,
            0.02586319+0.00589769j,  0.00179745+0.00069135j],
          [-0.18039119+0.10824691j,  0.94479879-0.055316j  ,
            0.24023111+0.04027831j,  0.02586319+0.00589769j],
          [ 0.02058671-0.01672945j, -0.23360877+0.06899474j,
            0.94479879-0.055316j  ,  0.20957795-0.01831545j],
          [-0.00105231+0.0016129j ,  0.02058671-0.01672945j,
           -0.18039119+0.10824691j,  0.82465199-0.52438853j]],
         input_dims=(2, 2), output_dims=(2, 2))"
"Operator([[ 0.82465199-5.24388532e-01j, -0.0126449 +2.09996381e-01j,
           -0.02303619-1.31537534e-02j,  0.00139369-1.32907265e-03j],
          [ 0.13355242+1.62548839e-01j,  0.94479879-5.53159953e-02j,
           -0.07510331+2.31717116e-01j, -0.02303619-1.31537534e-02j],
          [-0.01484172+2.19865941e-02j,  0.10253669+2.20951482e-01j,
            0.94479879-5.53159953e-02j, -0.0126449 +2.09996381e-01j],
          [-0.001908  -2.61388744e-04j, -0.01484172+2.19865941e-02j,
            0.13355242+1.62548839e-01j,  0.82465199-5.24388532e-01j]],
         input_dims=(2, 2), output_dims=(2, 2))"
"Operator([[ 8.24651986e-01-0.52438853j,  2.10034375e-01+0.01199729j,
            2.31168695e-02+0.01301143j,  1.34190839e-03+0.00138133j],
          [-1.62959890e-01+0.13305055j,  9.44798788e-01-0.055316j  ,
            2.31947603e-01+0.07438843j,  2.31168695e-02+0.01301143j],
          [ 1.49770372e-02-0.02189464j, -2.21266615e-01+0.10185487j,
            9.44798788e-01-0.055316j  ,  2.10034375e-01+0.01199729j],
          [-2.79027952e-04+0.0019055j ,  1.49770372e-02-0.02189464j,
           -1.62959890e-01+0.13305055j,  8.24651986e-01-0.52438853j]],
         input_dims=(2, 2), output_dims=(2, 2))"
