unitary
"Operator([[-0.10434541-0.84554544j, -0.44051708+0.20846055j,
            0.1777925 +0.05828705j, -0.03447217-0.02140013j],
          [ 0.07716225-0.48120379j,  0.62417754-0.03862586j,
           -0.54381858-0.20162626j,  0.1777925 +0.05828705j],
          [-0.0097279 -0.18684999j,  0.47380456-0.33451612j,
            0.62417754-0.03862586j, -0.44051708+0.20846055j],
          [-0.02862301-0.02875795j, -0.0097279 -0.18684999j,
            0.07716225-0.48120379j, -0.10434541-0.84554544j]],
         input_dims=(2, 2), output_dims=(2, 2))"
"Operator([[-0.10434541-0.84554544j,  0.38976391+0.29256656j,
           -0.14860844+0.11367974j, -0.03176137-0.02524899j],
          [ 0.38976391+0.29256656j,  0.62417754-0.03862586j,
            0.07510273+0.57510988j, -0.14860844+0.11367974j],
          [-0.14860844+0.11367974j,  0.07510273+0.57510988j,
            0.62417754-0.03862586j,  0.38976391+0.29256656j],
          [-0.03176137-0.02524899j, -0.14860844+0.11367974j,
            0.38976391+0.29256656j, -0.10434541-0.84554544j]],
         input_dims=(2, 2), output_dims=(2, 2))"
"Operator([[-0.10434541-0.84554544j, -0.40907504-0.26489377j,
           -0.13148976+0.13310896j,  0.03628651+0.01815448j],
          [-0.36858413-0.31883669j,  0.62417754-0.03862586j,
           -0.11472   -0.56853418j, -0.13148976+0.13310896j],
          [-0.16288064+0.09207306j, -0.03512538-0.57892832j,
            0.62417754-0.03862586j, -0.40907504-0.26489377j],
          [ 0.02587015+0.03125751j, -0.16288064+0.09207306j,
           -0.36858413-0.31883669j, -0.10434541-0.84554544j]],
         input_dims=(2, 2), output_dims=(2, 2))"
"Operator([[-0.10434541-0.84554544j, -0.43251176+0.22459891j,
            0.18161224+0.04499496j, -0.03662882-0.01745352j],
          [ 0.09489403-0.47802324j,  0.62417754-0.03862586j,
           -0.55089882-0.18138988j,  0.18161224+0.04499496j],
          [ 0.00410058-0.18705811j,  0.48584402-0.31677655j,
            0.62417754-0.03862586j, -0.43251176+0.22459891j],
          [-0.02526444-0.03174908j,  0.00410058-0.18705811j,
            0.09489403-0.47802324j, -0.10434541-0.84554544j]],
         input_dims=(2, 2), output_dims=(2, 2))"
"Operator([[-0.10434541-0.84554544j, -0.46617413+0.14210131j,
            0.1534627 +0.10703622j, -0.02212979-0.03400836j],
          [ 0.00627827-0.48731066j,  0.62417754-0.03862586j,
           -0.50866751-0.27865598j,  0.1534627 +0.10703622j],
          [-0.0631452 -0.17612562j,  0.42005122-0.39993595j,
            0.62417754-0.03862586j, -0.46617413+0.14210131j],
          [-0.03812297-0.01389011j, -0.0631452 -0.17612562j,
            0.00627827-0.48731066j, -0.10434541-0.84554544j]],
         input_dims=(2, 2), output_dims=(2, 2))"
"Operator([[-0.10434541-8.45545439e-01j,  0.31712503+3.70057851e-01j,
           -0.18274483+4.01482063e-02j, -0.00980283-3.93725892e-02j],
          [ 0.44388978+2.01178932e-01j,  0.62417754-3.86258620e-02j,
           -0.05127418+5.77722037e-01j, -0.18274483+4.01482063e-02j],
          [-0.0865729 +1.65869483e-01j,  0.1979124 +5.45181141e-01j,
            0.62417754-3.86258620e-02j,  0.31712503+3.70057851e-01j],
          [-0.04056903-6.70965859e-04j, -0.0865729 +1.65869483e-01j,
            0.44388978+2.01178932e-01j, -0.10434541-8.45545439e-01j]],
         input_dims=(2, 2), output_dims=(2, 2))"
"Operator([[-0.10434541-0.84554544j,  0.38976391+0.29256656j,
           -0.14860844+0.11367974j, -0.03176137-0.02524899j],
          [ 0.38976391+0.29256656j,  0.62417754-0.03862586j,
            0.07510273+0.57510988j, -0.14860844+0.11367974j],
          [-0.14860844+0.11367974j,  0.07510273+0.57510988j,
            0.62417754-0.03862586j,  0.38976391+0.29256656j],
          [-0.03176137-0.02524899j, -0.14860844+0.11367974j,
            0.38976391+0.29256656j, -0.10434541-0.84554544j]],
         input_dims=(2, 2), output_dims=(2, 2))"
