unitary
"Operator([[ 8.86340847e-01-0.43033515j,  4.21826807e-02+0.16473853j,
           -1.68138086e-02+0.00311693j, -2.45314235e-04-0.00096019j],
          [ 4.21826807e-02+0.16473853j,  9.64342661e-01-0.04628868j,
            9.63322217e-03+0.19646172j, -1.68138086e-02+0.00311693j],
          [-1.68138086e-02+0.00311693j,  9.63322217e-03+0.19646172j,
            9.64342661e-01-0.04628868j,  4.21826807e-02+0.16473853j],
          [-2.45314235e-04-0.00096019j, -1.68138086e-02+0.00311693j,
            4.21826807e-02+0.16473853j,  8.86340847e-01-0.43033515j]],
         input_dims=(2, 2), output_dims=(2, 2))"
"Operator([[ 8.86340847e-01-4.30335148e-01j,
            1.54000174e-01-7.21256462e-02j,
            1.45067319e-02-9.05395798e-03j,
            6.81781609e-04-7.19251944e-04j],
          [-1.69712420e-01+1.07636746e-02j,
            9.64342661e-01-4.62886825e-02j,
            1.91230370e-01-4.60538101e-02j,
            1.45067319e-02-9.05395798e-03j],
          [ 1.67881024e-02+3.25254384e-03j,
           -1.94818563e-01-2.71244478e-02j,
            9.64342661e-01-4.62886825e-02j,
            1.54000174e-01-7.21256462e-02j],
          [-9.43228734e-04-3.04087283e-04j,
            1.67881024e-02+3.25254384e-03j,
           -1.69712420e-01+1.07636746e-02j,
            8.86340847e-01-4.30335148e-01j]],
         input_dims=(2, 2), output_dims=(2, 2))"
"Operator([[ 8.86340847e-01-0.43033515j,  4.21826807e-02+0.16473853j,
           -1.68138086e-02+0.00311693j, -2.45314235e-04-0.00096019j],
          [ 4.21826807e-02+0.16473853j,  9.64342661e-01-0.04628868j,
            9.63322217e-03+0.19646172j, -1.68138086e-02+0.00311693j],
          [-1.68138086e-02+0.00311693j,  9.63322217e-03+0.19646172j,
            9.64342661e-01-0.04628868j,  4.21826807e-02+0.16473853j],
          [-2.45314235e-04-0.00096019j, -1.68138086e-02+0.00311693j,
            4.21826807e-02+0.16473853j,  8.86340847e-01-0.43033515j]],
         input_dims=(2, 2), output_dims=(2, 2))"
"Operator([[ 8.86340847e-01-4.30335148e-01j,
            1.51593893e-01-7.70548765e-02j,
            1.38928477e-02-9.97036647e-03j,
            6.09097193e-04-7.81760916e-04j],
          [-1.69971279e-01+5.28457869e-03j,
            9.64342661e-01-4.62886825e-02j,
            1.89645580e-01-5.21973367e-02j,
            1.38928477e-02-9.97036647e-03j],
          [ 1.65434873e-02+4.32810032e-03j,
           -1.93842408e-01-3.33935468e-02j,
            9.64342661e-01-4.62886825e-02j,
            1.51593893e-01-7.70548765e-02j],
          [-9.09434540e-04-3.93799871e-04j,
            1.65434873e-02+4.32810032e-03j,
           -1.69971279e-01+5.28457869e-03j,
            8.86340847e-01-4.30335148e-01j]],
         input_dims=(2, 2), output_dims=(2, 2))"
"Operator([[ 8.86340847e-01-4.30335148e-01j,
            1.64050097e-01-4.47853550e-02j,
            1.67067056e-02-3.64765856e-03j,
            9.47463401e-04-2.90624541e-04j],
          [-1.65385677e-01+3.95694340e-02j,
            9.64342661e-01-4.62886825e-02j,
            1.96284602e-01-1.27421824e-02j,
            1.67067056e-02-3.64765856e-03j],
          [ 1.69040563e-02-2.58308059e-03j,
           -1.96589607e-01+6.52184756e-03j,
            9.64342661e-01-4.62886825e-02j,
            1.64050097e-01-4.47853550e-02j],
          [-9.70756897e-04+1.99450665e-04j,
            1.69040563e-02-2.58308059e-03j,
           -1.65385677e-01+3.95694340e-02j,
            8.86340847e-01-4.30335148e-01j]],
         input_dims=(2, 2), output_dims=(2, 2))"
