unitary
"Operator([[-0.73270522-0.153967j  ,  0.52759318-0.03631625j,
           -0.18201527+0.32491795j, -0.14462419-0.01209948j],
          [ 0.52759318-0.03631625j,  0.2755459 +0.13734714j,
            0.04424168+0.69633198j, -0.18201527+0.32491795j],
          [-0.18201527+0.32491795j,  0.04424168+0.69633198j,
            0.2755459 +0.13734714j,  0.52759318-0.03631625j],
          [-0.14462419-0.01209948j, -0.18201527+0.32491795j,
            0.52759318-0.03631625j, -0.73270522-0.153967j  ]],
         input_dims=(2, 2), output_dims=(2, 2))"
"Operator([[-0.73270522-0.153967j  , -0.33348773+0.41043802j,
            0.33664489+0.15928419j, -0.10461068-0.10059403j],
          [-0.38658001-0.36087301j,  0.2755459 +0.13734714j,
           -0.53918963-0.44284319j,  0.33664489+0.15928419j],
          [-0.31165844-0.20388783j,  0.47880787-0.507522j  ,
            0.2755459 +0.13734714j, -0.33348773+0.41043802j],
          [-0.11987117+0.08181354j, -0.31165844-0.20388783j,
           -0.38658001-0.36087301j, -0.73270522-0.153967j  ]],
         input_dims=(2, 2), output_dims=(2, 2))"
"Operator([[-0.73270522-0.153967j  ,  0.52863064+0.01493578j,
           -0.24122417+0.2837466j , -0.13507687-0.05307346j],
          [ 0.52159839-0.08722706j,  0.2755459 +0.13734714j,
           -0.02338484+0.69734403j, -0.24122417+0.2837466j ],
          [-0.11598149+0.3539061j ,  0.11145249+0.6887771j ,
            0.2755459 +0.13734714j,  0.52863064+0.01493578j],
          [-0.14201783+0.0298913j , -0.11598149+0.3539061j ,
            0.52159839-0.08722706j, -0.73270522-0.153967j  ]],
         input_dims=(2, 2), output_dims=(2, 2))"
"Operator([[-0.73270522-0.153967j  ,  0.52759318-0.03631625j,
           -0.18201527+0.32491795j, -0.14462419-0.01209948j],
          [ 0.52759318-0.03631625j,  0.2755459 +0.13734714j,
            0.04424168+0.69633198j, -0.18201527+0.32491795j],
          [-0.18201527+0.32491795j,  0.04424168+0.69633198j,
            0.2755459 +0.13734714j,  0.52759318-0.03631625j],
          [-0.14462419-0.01209948j, -0.18201527+0.32491795j,
            0.52759318-0.03631625j, -0.73270522-0.153967j  ]],
         input_dims=(2, 2), output_dims=(2, 2))"
"Operator([[-0.73270522-0.153967j  , -0.4453213 +0.28524091j,
            0.17569821+0.32837687j,  0.0218853 -0.14346981j],
          [-0.48020451-0.22153344j,  0.2755459 +0.13734714j,
           -0.37323265-0.58951925j,  0.17569821+0.32837687j],
          [-0.37179471+0.02167768j,  0.29562206-0.63201515j,
            0.2755459 +0.13734714j, -0.4453213 +0.28524091j],
          [-0.00225788+0.14511187j, -0.37179471+0.02167768j,
           -0.48020451-0.22153344j, -0.73270522-0.153967j  ]],
         input_dims=(2, 2), output_dims=(2, 2))"
"Operator([[-0.73270522-0.153967j  , -0.49494706-0.18628162j,
           -0.36479554+0.07500297j,  0.02901023+0.14220042j],
          [-0.46475495+0.25234158j,  0.2755459 +0.13734714j,
            0.24921525-0.65171106j, -0.36479554+0.07500297j],
          [ 0.12656848+0.3502594j , -0.3296917 -0.61493002j,
            0.2755459 +0.13734714j, -0.49494706-0.18628162j],
          [ 0.05223497-0.13540333j,  0.12656848+0.3502594j ,
           -0.46475495+0.25234158j, -0.73270522-0.153967j  ]],
         input_dims=(2, 2), output_dims=(2, 2))"
