unitary
"Operator([[ 8.24651986e-01-0.52438853j, -2.06834912e-01-0.03844077j,
            1.91168229e-02+0.01839114j, -7.33654981e-04-0.0017806j ],
          [ 1.44841630e-01-0.15257548j,  9.44798788e-01-0.055316j  ,
           -2.20688843e-01-0.10310075j,  1.91168229e-02+0.01839114j],
          [ 9.00997431e-03-0.0249501j ,  2.06622846e-01-0.1289974j ,
            9.44798788e-01-0.055316j  , -2.06834912e-01-0.03844077j],
          [-4.47838485e-04-0.00187303j,  9.00997431e-03-0.0249501j ,
            1.44841630e-01-0.15257548j,  8.24651986e-01-0.52438853j]],
         input_dims=(2, 2), output_dims=(2, 2))"
"Operator([[ 8.24651986e-01-0.52438853j,  6.49420862e-02+0.20010222j,
           -2.58339895e-02+0.00602429j, -5.92551551e-04-0.0018324j ],
          [ 6.49420862e-02+0.20010222j,  9.44798788e-01-0.055316j  ,
            1.47350671e-02+0.24313825j, -2.58339895e-02+0.00602429j],
          [-2.58339895e-02+0.00602429j,  1.47350671e-02+0.24313825j,
            9.44798788e-01-0.055316j  ,  6.49420862e-02+0.20010222j],
          [-5.92551551e-04-0.0018324j , -2.58339895e-02+0.00602429j,
            6.49420862e-02+0.20010222j,  8.24651986e-01-0.52438853j]],
         input_dims=(2, 2), output_dims=(2, 2))"
"Operator([[ 8.24651986e-01-0.52438853j, -1.15603982e-01+0.17576715j,
           -2.30812223e-04-0.0265261j ,  1.33726175e-03+0.00138583j],
          [ 1.96788489e-01+0.07438188j,  9.44798788e-01-0.055316j  ,
           -1.80579193e-01+0.16347625j, -2.30812223e-04-0.0265261j ],
          [ 1.15263212e-02+0.02389207j,  1.98999592e-01+0.14047239j,
            9.44798788e-01-0.055316j  , -1.15603982e-01+0.17576715j],
          [-2.72626937e-04+0.00190643j,  1.15263212e-02+0.02389207j,
            1.96788489e-01+0.07438188j,  8.24651986e-01-0.52438853j]],
         input_dims=(2, 2), output_dims=(2, 2))"
"Operator([[ 8.24651986e-01-0.52438853j,  8.96251525e-03+0.21018574j,
           -2.52357141e-02-0.00817593j,  9.24730288e-04-0.00168928j],
          [ 1.16174240e-01+0.17539076j,  9.44798788e-01-0.055316j  ,
           -5.09384029e-02+0.23819867j, -2.52357141e-02-0.00817593j],
          [-1.90162222e-02+0.01849514j,  7.93313694e-02+0.23030385j,
            9.44798788e-01-0.055316j  ,  8.96251525e-03+0.21018574j],
          [-1.73874926e-03-0.00082798j, -1.90162222e-02+0.01849514j,
            1.16174240e-01+0.17539076j,  8.24651986e-01-0.52438853j]],
         input_dims=(2, 2), output_dims=(2, 2))"
"Operator([[ 8.24651986e-01-0.52438853j,  6.49420862e-02+0.20010222j,
           -2.58339895e-02+0.00602429j, -5.92551551e-04-0.0018324j ],
          [ 6.49420862e-02+0.20010222j,  9.44798788e-01-0.055316j  ,
            1.47350671e-02+0.24313825j, -2.58339895e-02+0.00602429j],
          [-2.58339895e-02+0.00602429j,  1.47350671e-02+0.24313825j,
            9.44798788e-01-0.055316j  ,  6.49420862e-02+0.20010222j],
          [-5.92551551e-04-0.0018324j , -2.58339895e-02+0.00602429j,
            6.49420862e-02+0.20010222j,  8.24651986e-01-0.52438853j]],
         input_dims=(2, 2), output_dims=(2, 2))"
"Operator([[ 8.24651986e-01-0.52438853j,  2.01572654e-01+0.06022324j,
            1.47939934e-02+0.02201874j,  1.36854264e-04+0.00192096j],
          [-1.27790825e-01+0.16711636j,  9.44798788e-01-0.055316j  ,
            2.08470258e-01+0.12599j   ,  1.47939934e-02+0.02201874j],
          [ 3.52843837e-03-0.02629139j, -1.91729493e-01+0.15024357j,
            9.44798788e-01-0.055316j  ,  2.01572654e-01+0.06022324j],
          [ 1.01381818e-03+0.00163737j,  3.52843837e-03-0.02629139j,
           -1.27790825e-01+0.16711636j,  8.24651986e-01-0.52438853j]],
         input_dims=(2, 2), output_dims=(2, 2))"
"Operator([[ 8.24651986e-01-0.52438853j,  6.49420862e-02+0.20010222j,
           -2.58339895e-02+0.00602429j, -5.92551551e-04-0.0018324j ],
          [ 6.49420862e-02+0.20010222j,  9.44798788e-01-0.055316j  ,
            1.47350671e-02+0.24313825j, -2.58339895e-02+0.00602429j],
          [-2.58339895e-02+0.00602429j,  1.47350671e-02+0.24313825j,
            9.44798788e-01-0.055316j  ,  6.49420862e-02+0.20010222j],
          [-5.92551551e-04-0.0018324j , -2.58339895e-02+0.00602429j,
            6.49420862e-02+0.20010222j,  8.24651986e-01-0.52438853j]],
         input_dims=(2, 2), output_dims=(2, 2))"
"Operator([[ 0.82465199-5.24388532e-01j,  0.19132602-8.74798639e-02j,
            0.02377959-1.17566264e-02j,  0.00152392-1.17748183e-03j],
          [-0.20623362+4.15459540e-02j,  0.94479879-5.53159953e-02j,
            0.23984021-4.25441513e-02j,  0.02377959-1.17566264e-02j],
          [ 0.02652709+2.54915797e-05j, -0.24322267-1.32687740e-02j,
            0.94479879-5.53159953e-02j,  0.19132602-8.74798639e-02j],
          [-0.00192482-6.22460156e-05j,  0.02652709+2.54915797e-05j,
           -0.20623362+4.15459540e-02j,  0.82465199-5.24388532e-01j]],
         input_dims=(2, 2), output_dims=(2, 2))"
"Operator([[ 8.24651986e-01-0.52438853j,  6.49420862e-02+0.20010222j,
           -2.58339895e-02+0.00602429j, -5.92551551e-04-0.0018324j ],
          [ 6.49420862e-02+0.20010222j,  9.44798788e-01-0.055316j  ,
            1.47350671e-02+0.24313825j, -2.58339895e-02+0.00602429j],
          [-2.58339895e-02+0.00602429j,  1.47350671e-02+0.24313825j,
            9.44798788e-01-0.055316j  ,  6.49420862e-02+0.20010222j],
          [-5.92551551e-04-0.0018324j , -2.58339895e-02+0.00602429j,
            6.49420862e-02+0.20010222j,  8.24651986e-01-0.52438853j]],
         input_dims=(2, 2), output_dims=(2, 2))"
"Operator([[ 8.24651986e-01-0.52438853j,  6.49420862e-02+0.20010222j,
           -2.58339895e-02+0.00602429j, -5.92551551e-04-0.0018324j ],
          [ 6.49420862e-02+0.20010222j,  9.44798788e-01-0.055316j  ,
            1.47350671e-02+0.24313825j, -2.58339895e-02+0.00602429j],
          [-2.58339895e-02+0.00602429j,  1.47350671e-02+0.24313825j,
            9.44798788e-01-0.055316j  ,  6.49420862e-02+0.20010222j],
          [-5.92551551e-04-0.0018324j , -2.58339895e-02+0.00602429j,
            6.49420862e-02+0.20010222j,  8.24651986e-01-0.52438853j]],
         input_dims=(2, 2), output_dims=(2, 2))"
"Operator([[ 0.82465199-5.24388532e-01j,  0.20880611-2.56589520e-02j,
            0.02621317+4.06902750e-03j,  0.00186016+4.98598996e-04j],
          [-0.18407881+1.01849711e-01j,  0.94479879-5.53159953e-02j,
            0.24149664+3.18229896e-02j,  0.02621317+4.06902750e-03j],
          [ 0.02170946-1.52442208e-02j, -0.23588613+6.07541313e-02j,
            0.94479879-5.53159953e-02j,  0.20880611-2.56589520e-02j],
          [-0.00121601+1.49335624e-03j,  0.02170946-1.52442208e-02j,
           -0.18407881+1.01849711e-01j,  0.82465199-5.24388532e-01j]],
         input_dims=(2, 2), output_dims=(2, 2))"
"Operator([[ 0.82465199-5.24388532e-01j, -0.00924889+2.10173337e-01j,
           -0.02344932-1.24022696e-02j,  0.00132762-1.39506878e-03j],
          [ 0.13090755+1.64686326e-01j,  0.94479879-5.53159953e-02j,
           -0.07134806+2.32900803e-01j, -0.02344932-1.24022696e-02j],
          [-0.01554465+2.14953686e-02j,  0.09895186+2.22580005e-01j,
            0.94479879-5.53159953e-02j, -0.00924889+2.10173337e-01j],
          [-0.00189309-3.53571324e-04j, -0.01554465+2.14953686e-02j,
            0.13090755+1.64686326e-01j,  0.82465199-5.24388532e-01j]],
         input_dims=(2, 2), output_dims=(2, 2))"
