unitary
"Operator([[ 0.73851445+0.07252413j, -0.44584598-0.14932305j,
            0.0604977 +0.21912772j,  0.03974753+0.41833461j],
          [-0.44584598-0.14932305j, -0.22126601-0.0192958j ,
           -0.33535761+0.751965j  ,  0.0604977 +0.21912772j],
          [ 0.0604977 +0.21912772j, -0.33535761+0.751965j  ,
           -0.22126601-0.0192958j , -0.44584598-0.14932305j],
          [ 0.03974753+0.41833461j,  0.0604977 +0.21912772j,
           -0.44584598-0.14932305j,  0.73851445+0.07252413j]],
         input_dims=(2, 2), output_dims=(2, 2))"
"Operator([[ 0.73851445+0.07252413j, -0.44584598-0.14932305j,
            0.0604977 +0.21912772j,  0.03974753+0.41833461j],
          [-0.44584598-0.14932305j, -0.22126601-0.0192958j ,
           -0.33535761+0.751965j  ,  0.0604977 +0.21912772j],
          [ 0.0604977 +0.21912772j, -0.33535761+0.751965j  ,
           -0.22126601-0.0192958j , -0.44584598-0.14932305j],
          [ 0.03974753+0.41833461j,  0.0604977 +0.21912772j,
           -0.44584598-0.14932305j,  0.73851445+0.07252413j]],
         input_dims=(2, 2), output_dims=(2, 2))"
"Operator([[ 0.73851445+0.07252413j, -0.42726418-0.19626853j,
            0.01238502+0.22698797j, -0.09480544+0.40938447j],
          [-0.45928687-0.10065578j, -0.22126601-0.0192958j ,
           -0.41405452+0.71167053j,  0.01238502+0.22698797j],
          [ 0.1058281 +0.20118982j, -0.2527938 +0.78358878j,
           -0.22126601-0.0192958j , -0.42726418-0.19626853j],
          [ 0.1702073 +0.38420462j,  0.1058281 +0.20118982j,
           -0.45928687-0.10065578j,  0.73851445+0.07252413j]],
         input_dims=(2, 2), output_dims=(2, 2))"
