unitary
"Operator([[ 8.86340847e-01-0.43033515j,  4.21826807e-02+0.16473853j,
           -1.68138086e-02+0.00311693j, -2.45314235e-04-0.00096019j],
          [ 4.21826807e-02+0.16473853j,  9.64342661e-01-0.04628868j,
            9.63322217e-03+0.19646172j, -1.68138086e-02+0.00311693j],
          [-1.68138086e-02+0.00311693j,  9.63322217e-03+0.19646172j,
            9.64342661e-01-0.04628868j,  4.21826807e-02+0.16473853j],
          [-2.45314235e-04-0.00096019j, -1.68138086e-02+0.00311693j,
            4.21826807e-02+0.16473853j,  8.86340847e-01-0.43033515j]],
         input_dims=(2, 2), output_dims=(2, 2))"
"Operator([[ 8.86340847e-01-0.43033515j,  4.21826807e-02+0.16473853j,
           -1.68138086e-02+0.00311693j, -2.45314235e-04-0.00096019j],
          [ 4.21826807e-02+0.16473853j,  9.64342661e-01-0.04628868j,
            9.63322217e-03+0.19646172j, -1.68138086e-02+0.00311693j],
          [-1.68138086e-02+0.00311693j,  9.63322217e-03+0.19646172j,
            9.64342661e-01-0.04628868j,  4.21826807e-02+0.16473853j],
          [-2.45314235e-04-0.00096019j, -1.68138086e-02+0.00311693j,
            4.21826807e-02+0.16473853j,  8.86340847e-01-0.43033515j]],
         input_dims=(2, 2), output_dims=(2, 2))"
"Operator([[ 8.86340847e-01-0.43033515j,  4.21826807e-02+0.16473853j,
           -1.68138086e-02+0.00311693j, -2.45314235e-04-0.00096019j],
          [ 4.21826807e-02+0.16473853j,  9.64342661e-01-0.04628868j,
            9.63322217e-03+0.19646172j, -1.68138086e-02+0.00311693j],
          [-1.68138086e-02+0.00311693j,  9.63322217e-03+0.19646172j,
            9.64342661e-01-0.04628868j,  4.21826807e-02+0.16473853j],
          [-2.45314235e-04-0.00096019j, -1.68138086e-02+0.00311693j,
            4.21826807e-02+0.16473853j,  8.86340847e-01-0.43033515j]],
         input_dims=(2, 2), output_dims=(2, 2))"
"Operator([[ 8.86340847e-01-4.30335148e-01j,
            1.14897340e-01+1.25366517e-01j,
           -6.74000962e-03+1.57159694e-02j,
           -9.79476333e-04+1.50915985e-04j],
          [-4.05058957e-02+1.65158817e-01j,
            9.64342661e-01-4.62886825e-02j,
            1.01158735e-01+1.68691785e-01j,
           -6.74000962e-03+1.57159694e-02j],
          [-1.19253945e-02-1.22557901e-02j,
           -8.41700249e-02+1.77779118e-01j,
            9.64342661e-01-4.62886825e-02j,
            1.14897340e-01+1.25366517e-01j],
          [ 9.31834156e-04-3.37393874e-04j,
           -1.19253945e-02-1.22557901e-02j,
           -4.05058957e-02+1.65158817e-01j,
            8.86340847e-01-4.30335148e-01j]],
         input_dims=(2, 2), output_dims=(2, 2))"
"Operator([[ 8.86340847e-01-4.30335148e-01j,
            1.32154049e-01+1.07020884e-01j,
           -1.85428203e-03+1.69994430e-02j,
           -8.19271203e-04+5.57623723e-04j],
          [-6.44559521e-02+1.57364521e-01j,
            9.64342661e-01-4.62886825e-02j,
            1.24965370e-01+1.51900179e-01j,
           -1.85428203e-03+1.69994430e-02j],
          [-7.82436016e-03-1.52052232e-02j,
           -1.09505215e-01+1.63397111e-01j,
            9.64342661e-01-4.62886825e-02j,
            1.32154049e-01+1.07020884e-01j],
          [ 9.86342961e-04+9.63176187e-05j,
           -7.82436016e-03-1.52052232e-02j,
           -6.44559521e-02+1.57364521e-01j,
            8.86340847e-01-4.30335148e-01j]],
         input_dims=(2, 2), output_dims=(2, 2))"
"Operator([[ 8.86340847e-01-4.30335148e-01j,
            1.38751011e-01+9.83174410e-02j,
            3.38828377e-04+1.70969184e-02j,
           -6.97318620e-04+7.04199022e-04j],
          [-7.44239938e-02+1.52902686e-01j,
            9.64342661e-01-4.62886825e-02j,
            1.34457883e-01+1.43565615e-01j,
            3.38828377e-04+1.70969184e-02j],
          [-5.81191553e-03-1.60823214e-02j,
           -1.19767578e-01+1.56031200e-01j,
            9.64342661e-01-4.62886825e-02j,
            1.38751011e-01+9.83174410e-02j],
          [ 9.49641466e-04+2.83426547e-04j,
           -5.81191553e-03-1.60823214e-02j,
           -7.44239938e-02+1.52902686e-01j,
            8.86340847e-01-4.30335148e-01j]],
         input_dims=(2, 2), output_dims=(2, 2))"
"Operator([[ 8.86340847e-01-4.30335148e-01j,
            1.38740806e-01+9.83318411e-02j,
            3.35279461e-04+1.70969884e-02j,
           -6.97537848e-04+7.03981868e-04j],
          [-7.44081240e-02+1.52910410e-01j,
            9.64342661e-01-4.62886825e-02j,
            1.34442982e-01+1.43579569e-01j,
            3.35279461e-04+1.70969884e-02j],
          [-5.81525370e-03-1.60811147e-02j,
           -1.19751383e-01+1.56043630e-01j,
            9.64342661e-01-4.62886825e-02j,
            1.38740806e-01+9.83318411e-02j],
          [ 9.49729668e-04+2.83130849e-04j,
           -5.81525370e-03-1.60811147e-02j,
           -7.44081240e-02+1.52910410e-01j,
            8.86340847e-01-4.30335148e-01j]],
         input_dims=(2, 2), output_dims=(2, 2))"
"Operator([[ 8.86340847e-01-4.30335148e-01j,
            1.56242878e-01-6.71291688e-02j,
            1.50594501e-02-8.10138170e-03j,
            7.47989005e-04-6.50124579e-04j],
          [-1.69277797e-01+1.62231263e-02j,
            9.64342661e-01-4.62886825e-02j,
            1.92614209e-01-3.98719770e-02j,
            1.50594501e-02-8.10138170e-03j],
          [ 1.69626520e-02+2.16514716e-03j,
           -1.95590982e-01-2.08368857e-02j,
            9.64342661e-01-4.62886825e-02j,
            1.56242878e-01-6.71291688e-02j],
          [-9.68165061e-04-2.11674127e-04j,
            1.69626520e-02+2.16514716e-03j,
           -1.69277797e-01+1.62231263e-02j,
            8.86340847e-01-4.30335148e-01j]],
         input_dims=(2, 2), output_dims=(2, 2))"
"Operator([[ 8.86340847e-01-4.30335148e-01j,
            7.98869934e-03-1.69865662e-01j,
           -1.56691064e-02-6.84824994e-03j,
           -5.94119023e-04+7.93203699e-04j],
          [-8.86439445e-02-1.45122064e-01j,
            9.64342661e-01-4.62886825e-02j,
            4.84108633e-02-1.90647309e-01j,
           -1.56691064e-02-6.84824994e-03j],
          [-1.21732433e-02+1.20096449e-02j,
           -6.68300316e-02-1.84996635e-01j,
            9.64342661e-01-4.62886825e-02j,
            7.98869934e-03-1.69865662e-01j],
          [ 9.01780526e-04+4.11024822e-04j,
           -1.21732433e-02+1.20096449e-02j,
           -8.86439445e-02-1.45122064e-01j,
            8.86340847e-01-4.30335148e-01j]],
         input_dims=(2, 2), output_dims=(2, 2))"
"Operator([[ 8.86340847e-01-4.30335148e-01j,
            4.23362772e-02-1.64699126e-01j,
           -1.16504527e-02-1.25174428e-02j,
           -9.42548750e-04+3.06188463e-04j],
          [-1.16281540e-01-1.24083705e-01j,
            9.64342661e-01-4.62886825e-02j,
            8.61377733e-02-1.76834080e-01j,
           -1.16504527e-02-1.25174428e-02j],
          [-6.38955006e-03+1.58616857e-02j,
           -1.03024589e-01-1.67558772e-01j,
            9.64342661e-01-4.62886825e-02j,
            4.23362772e-02-1.64699126e-01j],
          [ 9.73909908e-04-1.83436671e-04j,
           -6.38955006e-03+1.58616857e-02j,
           -1.16281540e-01-1.24083705e-01j,
            8.86340847e-01-4.30335148e-01j]],
         input_dims=(2, 2), output_dims=(2, 2))"
