unitary
"Operator([[ 0.5190507 -0.78013744j,  0.17604954+0.2920082j ,
           -0.06926937+0.02867646j, -0.00482954-0.0081112j ],
          [ 0.17604954+0.2920082j ,  0.84563433-0.07266066j,
            0.03848421+0.39529628j, -0.06926937+0.02867646j],
          [-0.06926937+0.02867646j,  0.03848421+0.39529628j,
            0.84563433-0.07266066j,  0.17604954+0.2920082j ],
          [-0.00482954-0.0081112j , -0.06926937+0.02867646j,
            0.17604954+0.2920082j ,  0.5190507 -0.78013744j]],
         input_dims=(2, 2), output_dims=(2, 2))"
"Operator([[ 0.5190507 -0.78013744j,  0.17604954+0.2920082j ,
           -0.06926937+0.02867646j, -0.00482954-0.0081112j ],
          [ 0.17604954+0.2920082j ,  0.84563433-0.07266066j,
            0.03848421+0.39529628j, -0.06926937+0.02867646j],
          [-0.06926937+0.02867646j,  0.03848421+0.39529628j,
            0.84563433-0.07266066j,  0.17604954+0.2920082j ],
          [-0.00482954-0.0081112j , -0.06926937+0.02867646j,
            0.17604954+0.2920082j ,  0.5190507 -0.78013744j]],
         input_dims=(2, 2), output_dims=(2, 2))"
"Operator([[ 0.5190507 -0.78013744j,  0.02300488+0.34019554j,
           -0.06361681-0.0396672j ,  0.00732394-0.00595617j],
          [ 0.29011044+0.17915962j,  0.84563433-0.07266066j,
           -0.14656928+0.36913091j, -0.06361681-0.0396672j ],
          [-0.01696345+0.07302621j,  0.21501589+0.33392867j,
            0.84563433-0.07266066j,  0.02300488+0.34019554j],
          [-0.00872653+0.00360053j, -0.01696345+0.07302621j,
            0.29011044+0.17915962j,  0.5190507 -0.78013744j]],
         input_dims=(2, 2), output_dims=(2, 2))"
"Operator([[ 0.5190507 -0.78013744j,  0.17604954+0.2920082j ,
           -0.06926937+0.02867646j, -0.00482954-0.0081112j ],
          [ 0.17604954+0.2920082j ,  0.84563433-0.07266066j,
            0.03848421+0.39529628j, -0.06926937+0.02867646j],
          [-0.06926937+0.02867646j,  0.03848421+0.39529628j,
            0.84563433-0.07266066j,  0.17604954+0.2920082j ],
          [-0.00482954-0.0081112j , -0.06926937+0.02867646j,
            0.17604954+0.2920082j ,  0.5190507 -0.78013744j]],
         input_dims=(2, 2), output_dims=(2, 2))"
"Operator([[ 0.5190507 -0.78013744j,  0.3409342 +0.00510949j,
            0.05623683+0.04957827j,  0.00398031+0.00855997j],
          [-0.15464167+0.30388844j,  0.84563433-0.07266066j,
            0.35579624+0.17649143j,  0.05623683+0.04957827j],
          [ 0.00473754-0.07482073j, -0.31507293+0.24180413j,
            0.84563433-0.07266066j,  0.3409342 +0.00510949j],
          [ 0.00562876+0.00757846j,  0.00473754-0.07482073j,
           -0.15464167+0.30388844j,  0.5190507 -0.78013744j]],
         input_dims=(2, 2), output_dims=(2, 2))"
"Operator([[ 0.5190507 -0.78013744j,  0.23831387-0.24386212j,
            0.04653046-0.05878352j,  0.00252409-0.00909643j],
          [-0.32691143+0.09690795j,  0.84563433-0.07266066j,
            0.37289371-0.13671309j,  0.04653046-0.05878352j],
          [ 0.07446484+0.00869331j, -0.39226102-0.06222118j,
            0.84563433-0.07266066j,  0.23831387-0.24386212j],
          [-0.00919999-0.00211573j,  0.07446484+0.00869331j,
           -0.32691143+0.09690795j,  0.5190507 -0.78013744j]],
         input_dims=(2, 2), output_dims=(2, 2))"
"Operator([[ 0.5190507 -0.78013744j, -0.28122364-0.19280948j,
           -0.02385288+0.07107479j,  0.00915132-0.0023172j ],
          [-0.03922472-0.3387088j ,  0.84563433-0.07266066j,
           -0.19882375-0.3438158j , -0.02385288+0.07107479j],
          [-0.06711095-0.03341715j,  0.12877415-0.3757092j ,
            0.84563433-0.07266066j, -0.28122364-0.19280948j],
          [-0.00639813+0.00694118j, -0.06711095-0.03341715j,
           -0.03922472-0.3387088j ,  0.5190507 -0.78013744j]],
         input_dims=(2, 2), output_dims=(2, 2))"
