unitary
"Operator([[ 0.04865879+0.66345496j, -0.41305481-0.34114897j,
            0.36220793-0.12604751j, -0.30000599+0.18269315j],
          [-0.41305481-0.34114897j, -0.48700873-0.26994197j,
            0.05952279-0.502326j  ,  0.36220793-0.12604751j],
          [ 0.36220793-0.12604751j,  0.05952279-0.502326j  ,
           -0.48700873-0.26994197j, -0.41305481-0.34114897j],
          [-0.30000599+0.18269315j,  0.36220793-0.12604751j,
           -0.41305481-0.34114897j,  0.04865879+0.66345496j]],
         input_dims=(2, 2), output_dims=(2, 2))"
"Operator([[ 0.04865879+0.66345496j, -0.41305481-0.34114897j,
            0.36220793-0.12604751j, -0.30000599+0.18269315j],
          [-0.41305481-0.34114897j, -0.48700873-0.26994197j,
            0.05952279-0.502326j  ,  0.36220793-0.12604751j],
          [ 0.36220793-0.12604751j,  0.05952279-0.502326j  ,
           -0.48700873-0.26994197j, -0.41305481-0.34114897j],
          [-0.30000599+0.18269315j,  0.36220793-0.12604751j,
           -0.41305481-0.34114897j,  0.04865879+0.66345496j]],
         input_dims=(2, 2), output_dims=(2, 2))"
"Operator([[ 0.04865879+0.66345496j, -0.41305481-0.34114897j,
            0.36220793-0.12604751j, -0.30000599+0.18269315j],
          [-0.41305481-0.34114897j, -0.48700873-0.26994197j,
            0.05952279-0.502326j  ,  0.36220793-0.12604751j],
          [ 0.36220793-0.12604751j,  0.05952279-0.502326j  ,
           -0.48700873-0.26994197j, -0.41305481-0.34114897j],
          [-0.30000599+0.18269315j,  0.36220793-0.12604751j,
           -0.41305481-0.34114897j,  0.04865879+0.66345496j]],
         input_dims=(2, 2), output_dims=(2, 2))"
