unitary
"Operator([[ 8.49807622e-01-0.48915947j,  5.56732257e-02+0.18690713j,
           -2.21650333e-02+0.00475873j, -4.32099984e-04-0.00145507j],
          [ 5.56732257e-02+0.18690713j,  9.52785453e-01-0.05202104j,
            1.26658519e-02+0.2253565j , -2.21650333e-02+0.00475873j],
          [-2.21650333e-02+0.00475873j,  1.26658519e-02+0.2253565j ,
            9.52785453e-01-0.05202104j,  5.56732257e-02+0.18690713j],
          [-4.32099984e-04-0.00145507j, -2.21650333e-02+0.00475873j,
            5.56732257e-02+0.18690713j,  8.49807622e-01-0.48915947j]],
         input_dims=(2, 2), output_dims=(2, 2))"
"Operator([[ 0.84980762-4.89159468e-01j,  0.08051292-1.77627282e-01j,
           -0.00781926-2.12789429e-02j, -0.00145633-4.27833885e-04j],
          [-0.16458501-1.04621009e-01j,  0.95278545-5.20210443e-02j,
            0.13819563-1.78459915e-01j, -0.00781926-2.12789429e-02j],
          [ 0.00160419+2.26132866e-02j, -0.15732233-1.61850735e-01j,
            0.95278545-5.20210443e-02j,  0.08051292-1.77627282e-01j],
          [ 0.00098678-1.15334405e-03j,  0.00160419+2.26132866e-02j,
           -0.16458501-1.04621009e-01j,  0.84980762-4.89159468e-01j]],
         input_dims=(2, 2), output_dims=(2, 2))"
"Operator([[ 8.49807622e-01-0.48915947j,  5.56732257e-02+0.18690713j,
           -2.21650333e-02+0.00475873j, -4.32099984e-04-0.00145507j],
          [ 5.56732257e-02+0.18690713j,  9.52785453e-01-0.05202104j,
            1.26658519e-02+0.2253565j , -2.21650333e-02+0.00475873j],
          [-2.21650333e-02+0.00475873j,  1.26658519e-02+0.2253565j ,
            9.52785453e-01-0.05202104j,  5.56732257e-02+0.18690713j],
          [-4.32099984e-04-0.00145507j, -2.21650333e-02+0.00475873j,
            5.56732257e-02+0.18690713j,  8.49807622e-01-0.48915947j]],
         input_dims=(2, 2), output_dims=(2, 2))"
"Operator([[ 8.49807622e-01-0.48915947j, -5.85502168e-02-0.18602595j,
           -2.20076631e-02+0.00544031j,  4.98962599e-04+0.00143352j],
          [-5.27829821e-02-0.18774381j,  9.52785453e-01-0.05202104j,
           -1.61411616e-02-0.22513426j, -2.20076631e-02+0.00544031j],
          [-2.23013001e-02+0.00407261j, -9.18752734e-03-0.22552508j,
            9.52785453e-01-0.05202104j, -5.85502168e-02-0.18602595j],
          [ 3.64311803e-04+0.0014735j , -2.23013001e-02+0.00407261j,
           -5.27829821e-02-0.18774381j,  8.49807622e-01-0.48915947j]],
         input_dims=(2, 2), output_dims=(2, 2))"
"Operator([[ 8.49807622e-01-0.48915947j, -1.04033095e-01-0.16495726j,
           -1.64661600e-02+0.01558203j,  1.35831690e-03+0.00067743j],
          [-3.18479312e-03-0.19499651j,  9.52785453e-01-0.05202104j,
           -7.29933138e-02-0.21358359j, -1.64661600e-02+0.01558203j],
          [-2.14110227e-02-0.00744998j,  4.86008723e-02-0.22041763j,
            9.52785453e-01-0.05202104j, -1.04033095e-01-0.16495726j],
          [-7.68425140e-04+0.00130899j, -2.14110227e-02-0.00744998j,
           -3.18479312e-03-0.19499651j,  8.49807622e-01-0.48915947j]],
         input_dims=(2, 2), output_dims=(2, 2))"
"Operator([[ 0.84980762-4.89159468e-01j, -0.12743401-1.47629115e-01j,
           -0.01114781+1.97398211e-02j,  0.00151772+2.16937950e-05j],
          [ 0.02588374-1.93297217e-01j,  0.95278545-5.20210443e-02j,
           -0.10398018-2.00334960e-01j, -0.01114781+1.97398211e-02j],
          [-0.018268  -1.34243886e-02j,  0.08087714-2.10724612e-01j,
            0.95278545-5.20210443e-02j, -0.12743401-1.47629115e-01j],
          [-0.00125989+8.46536046e-04j, -0.018268  -1.34243886e-02j,
            0.02588374-1.93297217e-01j,  0.84980762-4.89159468e-01j]],
         input_dims=(2, 2), output_dims=(2, 2))"
"Operator([[ 0.84980762-4.89159468e-01j, -0.12610519-1.48765796e-01j,
           -0.01149999+1.95367452e-02j,  0.00151659+6.25066758e-05j],
          [ 0.02414953-1.93521529e-01j,  0.95278545-5.20210443e-02j,
           -0.10217973-2.01259228e-01j, -0.01149999+1.95367452e-02j],
          [-0.01850579-1.30946491e-02j,  0.07898446-2.11441313e-01j,
            0.95278545-5.20210443e-02j, -0.12610519-1.48765796e-01j],
          [-0.00123666+8.80115871e-04j, -0.01850579-1.30946491e-02j,
            0.02414953-1.93521529e-01j,  0.84980762-4.89159468e-01j]],
         input_dims=(2, 2), output_dims=(2, 2))"
"Operator([[ 8.49807622e-01-0.48915947j,  5.56732257e-02+0.18690713j,
           -2.21650333e-02+0.00475873j, -4.32099984e-04-0.00145507j],
          [ 5.56732257e-02+0.18690713j,  9.52785453e-01-0.05202104j,
            1.26658519e-02+0.2253565j , -2.21650333e-02+0.00475873j],
          [-2.21650333e-02+0.00475873j,  1.26658519e-02+0.2253565j ,
            9.52785453e-01-0.05202104j,  5.56732257e-02+0.18690713j],
          [-4.32099984e-04-0.00145507j, -2.21650333e-02+0.00475873j,
            5.56732257e-02+0.18690713j,  8.49807622e-01-0.48915947j]],
         input_dims=(2, 2), output_dims=(2, 2))"
"Operator([[ 0.84980762-4.89159468e-01j, -0.11616767-1.56648829e-01j,
           -0.01393747+1.78796317e-02j,  0.00147567+3.55418833e-04j],
          [ 0.01151823-1.94682081e-01j,  0.95278545-5.20210443e-02j,
           -0.08888038-2.07475909e-01j, -0.01393747+1.78796317e-02j],
          [-0.02004827-1.05830593e-02j,  0.06507227-2.16128606e-01j,
            0.95278545-5.20210443e-02j, -0.11616767-1.56648829e-01j],
          [-0.00104251+1.10322427e-03j, -0.02004827-1.05830593e-02j,
            0.01151823-1.94682081e-01j,  0.84980762-4.89159468e-01j]],
         input_dims=(2, 2), output_dims=(2, 2))"
"Operator([[ 8.49807622e-01-0.48915947j, -2.28713346e-03-0.19500911j,
           -2.13415271e-02-0.00764679j, -7.86428377e-04+0.00129826j],
          [-1.04791339e-01-0.16447662j,  9.52785453e-01-0.05202104j,
            4.96150041e-02-0.22019157j, -2.13415271e-02-0.00764679j],
          [-1.63220064e-02+0.01573297j, -7.39757281e-02-0.21324532j,
            9.52785453e-01-0.05202104j, -2.28713346e-03-0.19500911j],
          [ 1.36754235e-03+0.00065861j, -1.63220064e-02+0.01573297j,
           -1.04791339e-01-0.16447662j,  8.49807622e-01-0.48915947j]],
         input_dims=(2, 2), output_dims=(2, 2))"
"Operator([[ 0.84980762-4.89159468e-01j, -0.19043256+4.20621102e-02j,
            0.02261885-1.52369437e-03j, -0.0015139 +1.09697097e-04j],
          [ 0.18241019-6.89949641e-02j,  0.95278545-5.20210443e-02j,
           -0.22568338-3.60372160e-03j,  0.02261885-1.52369437e-03j],
          [ 0.02125098-7.89494581e-03j,  0.22385826-2.88695912e-02j,
            0.95278545-5.20210443e-02j, -0.19043256+4.20621102e-02j],
          [ 0.0013284 -7.34359215e-04j,  0.02125098-7.89494581e-03j,
            0.18241019-6.89949641e-02j,  0.84980762-4.89159468e-01j]],
         input_dims=(2, 2), output_dims=(2, 2))"
"Operator([[ 0.84980762-4.89159468e-01j, -0.19088477+3.99598292e-02j,
            0.02264695-1.02455979e-03j, -0.0015167 +5.95679493e-05j],
          [ 0.18163836-7.10020387e-02j,  0.95278545-5.20210443e-02j,
           -0.22562992-6.09190474e-03j,  0.02264695-1.02455979e-03j],
          [ 0.02107172-8.36162746e-03j,  0.22352633-3.13361146e-02j,
            0.95278545-5.20210443e-02j, -0.19088477+3.99598292e-02j],
          [ 0.00130339-7.77891574e-04j,  0.02107172-8.36162746e-03j,
            0.18163836-7.10020387e-02j,  0.84980762-4.89159468e-01j]],
         input_dims=(2, 2), output_dims=(2, 2))"
"Operator([[ 0.84980762-4.89159468e-01j, -0.1927661 +2.95806227e-02j,
            0.02262517+1.42679864e-03j, -0.0015064 -1.86271125e-04j],
          [ 0.17753373-8.07190016e-02j,  0.95278545-5.20210443e-02j,
           -0.22497051-1.82823502e-02j,  0.02262517+1.42679864e-03j],
          [ 0.02004565-1.05880175e-02j,  0.22150509-4.33758973e-02j,
            0.95278545-5.20210443e-02j, -0.1927661 +2.95806227e-02j],
          [ 0.00116058-9.78261630e-04j,  0.02004565-1.05880175e-02j,
            0.17753373-8.07190016e-02j,  0.84980762-4.89159468e-01j]],
         input_dims=(2, 2), output_dims=(2, 2))"
