unitary
"Operator([[ 8.01463222e-01-0.55388377j, -2.21996415e-01-0.02599405j,
            2.38027923e-02+0.01842157j, -1.21917100e-03-0.00198875j],
          [ 1.57883205e-01-0.15821186j,  9.37415224e-01-0.05797781j,
           -2.39727451e-01-0.09776499j,  2.38027923e-02+0.01842157j],
          [ 1.23673793e-02-0.02744039j,  2.25216954e-01-0.12768934j,
            9.37415224e-01-0.05797781j, -2.21996415e-01-0.02599405j],
          [-2.73122951e-04-0.00231666j,  1.23673793e-02-0.02744039j,
            1.57883205e-01-0.15821186j,  8.01463222e-01-0.55388377j]],
         input_dims=(2, 2), output_dims=(2, 2))"
"Operator([[ 8.01463222e-01-0.55388377j,  7.34711723e-02+0.2110926j ,
           -2.92044575e-02+0.00728196j, -7.63947885e-04-0.00220406j],
          [ 7.34711723e-02+0.2110926j ,  9.37415224e-01-0.05797781j,
            1.66284488e-02+0.25836164j, -2.92044575e-02+0.00728196j],
          [-2.92044575e-02+0.00728196j,  1.66284488e-02+0.25836164j,
            9.37415224e-01-0.05797781j,  7.34711723e-02+0.2110926j ],
          [-7.63947885e-04-0.00220406j, -2.92044575e-02+0.00728196j,
            7.34711723e-02+0.2110926j ,  8.01463222e-01-0.55388377j]],
         input_dims=(2, 2), output_dims=(2, 2))"
"Operator([[ 8.01463222e-01-0.55388377j,  7.34711723e-02+0.2110926j ,
           -2.92044575e-02+0.00728196j, -7.63947885e-04-0.00220406j],
          [ 7.34711723e-02+0.2110926j ,  9.37415224e-01-0.05797781j,
            1.66284488e-02+0.25836164j, -2.92044575e-02+0.00728196j],
          [-2.92044575e-02+0.00728196j,  1.66284488e-02+0.25836164j,
            9.37415224e-01-0.05797781j,  7.34711723e-02+0.2110926j ],
          [-7.63947885e-04-0.00220406j, -2.92044575e-02+0.00728196j,
            7.34711723e-02+0.2110926j ,  8.01463222e-01-0.55388377j]],
         input_dims=(2, 2), output_dims=(2, 2))"
"Operator([[ 8.01463222e-01-0.55388377j,  7.34711723e-02+0.2110926j ,
           -2.92044575e-02+0.00728196j, -7.63947885e-04-0.00220406j],
          [ 7.34711723e-02+0.2110926j ,  9.37415224e-01-0.05797781j,
            1.66284488e-02+0.25836164j, -2.92044575e-02+0.00728196j],
          [-2.92044575e-02+0.00728196j,  1.66284488e-02+0.25836164j,
            9.37415224e-01-0.05797781j,  7.34711723e-02+0.2110926j ],
          [-7.63947885e-04-0.00220406j, -2.92044575e-02+0.00728196j,
            7.34711723e-02+0.2110926j ,  8.01463222e-01-0.55388377j]],
         input_dims=(2, 2), output_dims=(2, 2))"
"Operator([[ 8.01463222e-01-0.55388377j,  7.34711723e-02+0.2110926j ,
           -2.92044575e-02+0.00728196j, -7.63947885e-04-0.00220406j],
          [ 7.34711723e-02+0.2110926j ,  9.37415224e-01-0.05797781j,
            1.66284488e-02+0.25836164j, -2.92044575e-02+0.00728196j],
          [-2.92044575e-02+0.00728196j,  1.66284488e-02+0.25836164j,
            9.37415224e-01-0.05797781j,  7.34711723e-02+0.2110926j ],
          [-7.63947885e-04-0.00220406j, -2.92044575e-02+0.00728196j,
            7.34711723e-02+0.2110926j ,  8.01463222e-01-0.55388377j]],
         input_dims=(2, 2), output_dims=(2, 2))"
"Operator([[ 8.01463222e-01-0.55388377j,  7.34711723e-02+0.2110926j ,
           -2.92044575e-02+0.00728196j, -7.63947885e-04-0.00220406j],
          [ 7.34711723e-02+0.2110926j ,  9.37415224e-01-0.05797781j,
            1.66284488e-02+0.25836164j, -2.92044575e-02+0.00728196j],
          [-2.92044575e-02+0.00728196j,  1.66284488e-02+0.25836164j,
            9.37415224e-01-0.05797781j,  7.34711723e-02+0.2110926j ],
          [-7.63947885e-04-0.00220406j, -2.92044575e-02+0.00728196j,
            7.34711723e-02+0.2110926j ,  8.01463222e-01-0.55388377j]],
         input_dims=(2, 2), output_dims=(2, 2))"
"Operator([[ 8.01463222e-01-0.55388377j,  2.19487849e-01+0.04222775j,
            2.08474858e-02+0.02170967j,  7.54622884e-04+0.00220727j],
          [-1.45837414e-01+0.16937989j,  9.37415224e-01-0.05797781j,
            2.31899988e-01+0.11510708j,  2.08474858e-02+0.02170967j],
          [ 8.21428623e-03-0.02895605j, -2.15230967e-01+0.14388494j,
            9.37415224e-01-0.05797781j,  2.19487849e-01+0.04222775j],
          [ 7.73259232e-04+0.00220081j,  8.21428623e-03-0.02895605j,
           -1.45837414e-01+0.16937989j,  8.01463222e-01-0.55388377j]],
         input_dims=(2, 2), output_dims=(2, 2))"
"Operator([[ 8.01463222e-01-0.55388377j,  2.23507738e-01-0.00154584j,
            2.75838475e-02+0.01204403j,  1.85644054e-03+0.00141249j],
          [-1.76167149e-01+0.13756175j,  9.37415224e-01-0.05797781j,
            2.49943378e-01+0.06749483j,  2.75838475e-02+0.01204403j],
          [ 1.87000457e-02-0.02358465j, -2.39228963e-01+0.09897852j,
            9.37415224e-01-0.05797781j,  2.23507738e-01-0.00154584j],
          [-5.84076991e-04+0.0022584j ,  1.87000457e-02-0.02358465j,
           -1.76167149e-01+0.13756175j,  8.01463222e-01-0.55388377j]],
         input_dims=(2, 2), output_dims=(2, 2))"
"Operator([[ 0.80146322-5.53883774e-01j, -0.19133179-1.15543257e-01j,
            0.00176674+3.00467288e-02j,  0.00155594-1.73797332e-03j],
          [ 0.07824513-2.09370005e-01j,  0.93741522-5.79778138e-02j,
           -0.17776829-1.88217112e-01j,  0.00176674+3.00467288e-02j],
          [-0.01254698-2.73587399e-02j,  0.15217381-2.09452560e-01j,
            0.93741522-5.79778138e-02j, -0.19133179-1.15543257e-01j],
          [-0.00229776-4.02245225e-04j, -0.01254698-2.73587399e-02j,
            0.07824513-2.09370005e-01j,  0.80146322-5.53883774e-01j]],
         input_dims=(2, 2), output_dims=(2, 2))"
"Operator([[ 0.80146322-5.53883774e-01j, -0.19525527+1.08781795e-01j,
            0.02499207-1.67727141e-02j, -0.001533  +1.75824363e-03j],
          [ 0.22060172-3.59580052e-02j,  0.93741522-5.79778138e-02j,
           -0.25162073+6.09446539e-02j,  0.02499207-1.67727141e-02j],
          [ 0.02994109+3.07545326e-03j,  0.2573573 +2.81862497e-02j,
            0.93741522-5.79778138e-02j, -0.19525527+1.08781795e-01j],
          [ 0.00229228+4.32366125e-04j,  0.02994109+3.07545326e-03j,
            0.22060172-3.59580052e-02j,  0.80146322-5.53883774e-01j]],
         input_dims=(2, 2), output_dims=(2, 2))"
"Operator([[ 8.01463222e-01-0.55388377j, -1.80823221e-01+0.13138136j,
            2.02870010e-02-0.02223432j, -8.15075119e-04+0.00218567j],
          [ 2.23320290e-01-0.00928154j,  9.37415224e-01-0.05797781j,
           -2.42511702e-01+0.0906384j ,  2.02870010e-02-0.02223432j],
          [ 2.83510457e-02+0.01010671j,  2.52129901e-01+0.0588027j ,
            9.37415224e-01-0.05797781j, -1.80823221e-01+0.13138136j],
          [ 1.99288012e-03+0.00121241j,  2.83510457e-02+0.01010671j,
            2.23320290e-01-0.00928154j,  8.01463222e-01-0.55388377j]],
         input_dims=(2, 2), output_dims=(2, 2))"
"Operator([[ 8.01463222e-01-0.55388377j,  7.34711723e-02+0.2110926j ,
           -2.92044575e-02+0.00728196j, -7.63947885e-04-0.00220406j],
          [ 7.34711723e-02+0.2110926j ,  9.37415224e-01-0.05797781j,
            1.66284488e-02+0.25836164j, -2.92044575e-02+0.00728196j],
          [-2.92044575e-02+0.00728196j,  1.66284488e-02+0.25836164j,
            9.37415224e-01-0.05797781j,  7.34711723e-02+0.2110926j ],
          [-7.63947885e-04-0.00220406j, -2.92044575e-02+0.00728196j,
            7.34711723e-02+0.2110926j ,  8.01463222e-01-0.55388377j]],
         input_dims=(2, 2), output_dims=(2, 2))"
"Operator([[ 0.80146322-0.55388377j, -0.18733343+0.12191917j,
            0.02246123-0.02003548j, -0.00114105+0.00203458j],
          [ 0.22254866-0.02074105j,  0.93741522-0.05797781j,
           -0.24684754+0.07806112j,  0.02246123-0.02003548j],
          [ 0.0292384 +0.00714448j,  0.25481767+0.04577338j,
            0.93741522-0.05797781j, -0.18733343+0.12191917j],
          [ 0.00215543+0.00089199j,  0.0292384 +0.00714448j,
            0.22254866-0.02074105j,  0.80146322-0.55388377j]],
         input_dims=(2, 2), output_dims=(2, 2))"
"Operator([[ 8.01463222e-01-0.55388377j,  7.34711723e-02+0.2110926j ,
           -2.92044575e-02+0.00728196j, -7.63947885e-04-0.00220406j],
          [ 7.34711723e-02+0.2110926j ,  9.37415224e-01-0.05797781j,
            1.66284488e-02+0.25836164j, -2.92044575e-02+0.00728196j],
          [-2.92044575e-02+0.00728196j,  1.66284488e-02+0.25836164j,
            9.37415224e-01-0.05797781j,  7.34711723e-02+0.2110926j ],
          [-7.63947885e-04-0.00220406j, -2.92044575e-02+0.00728196j,
            7.34711723e-02+0.2110926j ,  8.01463222e-01-0.55388377j]],
         input_dims=(2, 2), output_dims=(2, 2))"
"Operator([[ 0.80146322-5.53883774e-01j, -0.2199296 +3.98631326e-02j,
            0.0300313 +2.01210906e-03j, -0.00231203-3.09894558e-04j],
          [ 0.19715304-1.05303258e-01j,  0.93741522-5.79778138e-02j,
           -0.25781654-2.36194474e-02j,  0.0300313 +2.01210906e-03j],
          [ 0.02557095-1.58762033e-02j,  0.25266161-5.64744002e-02j,
            0.93741522-5.79778138e-02j, -0.2199296 +3.98631326e-02j],
          [ 0.0016243 -1.67426162e-03j,  0.02557095-1.58762033e-02j,
            0.19715304-1.05303258e-01j,  0.80146322-5.53883774e-01j]],
         input_dims=(2, 2), output_dims=(2, 2))"
