unitary
"Operator([[-0.54049164+0.48893212j, -0.20957562+0.40896866j,
            0.18605295+0.40095007j,  0.05406907-0.24359133j],
          [-0.41532727+0.19667375j,  0.10994311+0.24837607j,
           -0.15971842-0.70296366j,  0.18605295+0.40095007j],
          [-0.33940871+0.28315788j,  0.30154152-0.65478285j,
            0.10994311+0.24837607j, -0.20957562+0.40896866j],
          [ 0.20414925+0.14346877j, -0.33940871+0.28315788j,
           -0.41532727+0.19667375j, -0.54049164+0.48893212j]],
         input_dims=(2, 2), output_dims=(2, 2))"
"Operator([[-0.54049164+0.48893212j,  0.32998968-0.31981888j,
           -0.09668634+0.43131011j, -0.23264362+0.09020614j],
          [ 0.32998968-0.31981888j,  0.10994311+0.24837607j,
           -0.07489189+0.71697914j, -0.09668634+0.43131011j],
          [-0.09668634+0.43131011j, -0.07489189+0.71697914j,
            0.10994311+0.24837607j,  0.32998968-0.31981888j],
          [-0.23264362+0.09020614j, -0.09668634+0.43131011j,
            0.32998968-0.31981888j, -0.54049164+0.48893212j]],
         input_dims=(2, 2), output_dims=(2, 2))"
"Operator([[-0.54049164+0.48893212j,  0.3071199 -0.34184013j,
           -0.03634603+0.44051745j, -0.20909623+0.13615788j],
          [ 0.3512844 -0.29627112j,  0.10994311+0.24837607j,
           -0.02520854+0.72043904j, -0.03634603+0.44051745j],
          [-0.15518289+0.41387792j, -0.12421778+0.71009705j,
            0.10994311+0.24837607j,  0.3071199 -0.34184013j],
          [-0.24622899+0.04039168j, -0.15518289+0.41387792j,
            0.3512844 -0.29627112j, -0.54049164+0.48893212j]],
         input_dims=(2, 2), output_dims=(2, 2))"
"Operator([[-0.54049164+0.48893212j,  0.32998968-0.31981888j,
           -0.09668634+0.43131011j, -0.23264362+0.09020614j],
          [ 0.32998968-0.31981888j,  0.10994311+0.24837607j,
           -0.07489189+0.71697914j, -0.09668634+0.43131011j],
          [-0.09668634+0.43131011j, -0.07489189+0.71697914j,
            0.10994311+0.24837607j,  0.32998968-0.31981888j],
          [-0.23264362+0.09020614j, -0.09668634+0.43131011j,
            0.32998968-0.31981888j, -0.54049164+0.48893212j]],
         input_dims=(2, 2), output_dims=(2, 2))"
