unitary
"Operator([[ 9.32123565e-01-3.37152602e-01j,
           -1.46008409e-02+1.30984470e-01j,
           -9.08589853e-03-4.57241934e-03j,
            2.98025628e-04-3.40824286e-04j],
          [ 6.27505759e-02+1.15898581e-01j,
            9.78758589e-01-3.67612587e-02j,
           -3.99896385e-02+1.46994852e-01j,
           -9.08589853e-03-4.57241934e-03j],
          [-7.45447672e-03+6.92035746e-03j,
            5.10364529e-02+1.43533753e-01j,
            9.78758589e-01-3.67612587e-02j,
           -1.46008409e-02+1.30984470e-01j],
          [-4.04155696e-04-2.04055488e-04j,
           -7.45447672e-03+6.92035746e-03j,
            6.27505759e-02+1.15898581e-01j,
            9.32123565e-01-3.37152602e-01j]],
         input_dims=(2, 2), output_dims=(2, 2))"
"Operator([[ 9.32123565e-01-0.3371526j ,  2.52288575e-02+0.1293585j ,
           -1.00705999e-02+0.00142954j, -8.65582110e-05-0.0004444j ],
          [ 2.52288575e-02+0.1293585j ,  9.78758589e-01-0.03676126j,
            5.78816283e-03+0.15222731j, -1.00705999e-02+0.00142954j],
          [-1.00705999e-02+0.00142954j,  5.78816283e-03+0.15222731j,
            9.78758589e-01-0.03676126j,  2.52288575e-02+0.1293585j ],
          [-8.65582110e-05-0.0004444j , -1.00705999e-02+0.00142954j,
            2.52288575e-02+0.1293585j ,  9.32123565e-01-0.3371526j ]],
         input_dims=(2, 2), output_dims=(2, 2))"
"Operator([[ 9.32123565e-01-3.37152602e-01j,
            6.23039506e-02+1.16139286e-01j,
           -7.50753626e-03+6.86275964e-03j,
           -4.01772211e-04-2.08709271e-04j],
          [-1.40964982e-02+1.31039706e-01j,
            9.78758589e-01-3.67612587e-02j,
            5.04835307e-02+1.43729158e-01j,
           -7.50753626e-03+6.86275964e-03j],
          [-9.12083272e-03-4.50233064e-03j,
           -3.94234745e-02+1.47147706e-01j,
            9.78758589e-01-3.67612587e-02j,
            6.23039506e-02+1.16139286e-01j],
          [ 2.94069746e-04-3.44243306e-04j,
           -9.12083272e-03-4.50233064e-03j,
           -1.40964982e-02+1.31039706e-01j,
            9.32123565e-01-3.37152602e-01j]],
         input_dims=(2, 2), output_dims=(2, 2))"
"Operator([[ 9.32123565e-01-0.3371526j ,  2.52288575e-02+0.1293585j ,
           -1.00705999e-02+0.00142954j, -8.65582110e-05-0.0004444j ],
          [ 2.52288575e-02+0.1293585j ,  9.78758589e-01-0.03676126j,
            5.78816283e-03+0.15222731j, -1.00705999e-02+0.00142954j],
          [-1.00705999e-02+0.00142954j,  5.78816283e-03+0.15222731j,
            9.78758589e-01-0.03676126j,  2.52288575e-02+0.1293585j ],
          [-8.65582110e-05-0.0004444j , -1.00705999e-02+0.00142954j,
            2.52288575e-02+0.1293585j ,  9.32123565e-01-0.3371526j ]],
         input_dims=(2, 2), output_dims=(2, 2))"
"Operator([[ 9.32123565e-01-3.37152602e-01j,
            1.07226999e-01+7.66321518e-02j,
            8.69319231e-04+1.01343404e-02j,
           -2.83340990e-04+3.53126539e-04j],
          [-7.05728227e-02+1.11308547e-01j,
            9.78758589e-01-3.67612587e-02j,
            1.08820917e-01+1.06605186e-01j,
            8.69319231e-04+1.01343404e-02j],
          [-1.98537022e-03-9.97591478e-03j,
           -1.00411486e-01+1.14560862e-01j,
            9.78758589e-01-3.67612587e-02j,
            1.07226999e-01+7.66321518e-02j],
          [ 3.95161770e-04+2.20969782e-04j,
           -1.98537022e-03-9.97591478e-03j,
           -7.05728227e-02+1.11308547e-01j,
            9.32123565e-01-3.37152602e-01j]],
         input_dims=(2, 2), output_dims=(2, 2))"
"Operator([[ 9.32123565e-01-0.3371526j ,  1.17219064e-01+0.06024788j,
            3.74493702e-03+0.00945706j, -1.07167418e-04+0.00043988j],
          [-8.59892933e-02+0.09987971j,  9.78758589e-01-0.03676126j,
            1.23148876e-01+0.08967169j,  3.74493702e-03+0.00945706j],
          [ 9.65131235e-04-0.01012567j, -1.15983946e-01+0.09876428j,
            9.78758589e-01-0.03676126j,  1.17219064e-01+0.06024788j],
          [ 2.64427396e-04+0.0003675j ,  9.65131235e-04-0.01012567j,
           -8.59892933e-02+0.09987971j,  9.32123565e-01-0.3371526j ]],
         input_dims=(2, 2), output_dims=(2, 2))"
"Operator([[ 9.32123565e-01-0.3371526j ,  2.52288575e-02+0.1293585j ,
           -1.00705999e-02+0.00142954j, -8.65582110e-05-0.0004444j ],
          [ 2.52288575e-02+0.1293585j ,  9.78758589e-01-0.03676126j,
            5.78816283e-03+0.15222731j, -1.00705999e-02+0.00142954j],
          [-1.00705999e-02+0.00142954j,  5.78816283e-03+0.15222731j,
            9.78758589e-01-0.03676126j,  2.52288575e-02+0.1293585j ],
          [-8.65582110e-05-0.0004444j , -1.00705999e-02+0.00142954j,
            2.52288575e-02+0.1293585j ,  9.32123565e-01-0.3371526j ]],
         input_dims=(2, 2), output_dims=(2, 2))"
"Operator([[ 9.32123565e-01-0.3371526j ,  1.24501423e-01+0.04323785j,
            6.22081125e-03+0.00804749j,  8.21937179e-05+0.00044522j],
          [-9.91297813e-02+0.08685276j,  9.78758589e-01-0.03676126j,
            1.34493535e-01+0.07154122j,  6.22081125e-03+0.00804749j],
          [ 3.73547548e-03-0.0094608j , -1.28672614e-01+0.08154763j,
            9.78758589e-01-0.03676126j,  1.24501423e-01+0.04323785j],
          [ 9.09143708e-05+0.00044353j,  3.73547548e-03-0.0094608j ,
           -9.91297813e-02+0.08685276j,  9.32123565e-01-0.3371526j ]],
         input_dims=(2, 2), output_dims=(2, 2))"
"Operator([[ 9.32123565e-01-0.3371526j ,  1.23888568e-01+0.04496375j,
            5.99477405e-03+0.00821725j,  6.35665283e-05+0.00044826j],
          [-9.79133011e-02+0.08822189j,  9.78758589e-01-0.03676126j,
            1.33486410e-01+0.07340324j,  5.99477405e-03+0.00821725j],
          [ 3.47112300e-03-0.00956096j, -1.27527001e-01+0.0833278j ,
            9.78758589e-01-0.03676126j,  1.23888568e-01+0.04496375j],
          [ 1.09320358e-04+0.00043935j,  3.47112300e-03-0.00956096j,
           -9.79133011e-02+0.08822189j,  9.32123565e-01-0.3371526j ]],
         input_dims=(2, 2), output_dims=(2, 2))"
"Operator([[ 9.32123565e-01-0.3371526j ,  1.21177740e-01+0.05182732j,
            5.03881579e-03+0.00883577j, -1.22820001e-05+0.00045258j],
          [-9.28220283e-02+0.09356381j,  9.78758589e-01-0.03676126j,
            1.29168776e-01+0.08075943j,  5.03881579e-03+0.00883577j],
          [ 2.38079765e-03-0.009889j  , -1.22663230e-01+0.09033487j,
            9.78758589e-01-0.03676126j,  1.21177740e-01+0.05182732j],
          [ 1.81244762e-04+0.00041489j,  2.38079765e-03-0.009889j  ,
           -9.28220283e-02+0.09356381j,  9.32123565e-01-0.3371526j ]],
         input_dims=(2, 2), output_dims=(2, 2))"
"Operator([[ 9.32123565e-01-0.3371526j ,  1.17054978e-01+0.06056606j,
            3.69350460e-03+0.00947727j, -1.10748437e-04+0.00043899j],
          [-8.57176680e-02+0.10011292j,  9.78758589e-01-0.03676126j,
            1.22904842e-01+0.09000588j,  3.69350460e-03+0.00947727j],
          [ 9.10107529e-04-0.01013076j, -1.15715240e-01+0.09907896j,
            9.78758589e-01-0.03676126j,  1.17054978e-01+0.06056606j],
          [ 2.67413387e-04+0.00036534j,  9.10107529e-04-0.01013076j,
           -8.57176680e-02+0.10011292j,  9.32123565e-01-0.3371526j ]],
         input_dims=(2, 2), output_dims=(2, 2))"
"Operator([[ 9.32123565e-01-0.3371526j ,  1.15616453e-01+0.06326888j,
            3.24932729e-03+0.00963859j, -1.41050737e-04+0.00043022j],
          [-8.33689347e-02+0.10207711j,  9.78758589e-01-0.03676126j,
            1.20780858e-01+0.09283664j,  3.24932729e-03+0.00963859j],
          [ 4.38581436e-04-0.0101621j , -1.13382430e-01+0.10174027j,
            9.78758589e-01-0.03676126j,  1.15616453e-01+0.06326888j],
          [ 2.92205908e-04+0.00034583j,  4.38581436e-04-0.0101621j ,
           -8.33689347e-02+0.10207711j,  9.32123565e-01-0.3371526j ]],
         input_dims=(2, 2), output_dims=(2, 2))"
"Operator([[ 9.32123565e-01-0.3371526j ,  1.22646623e-01+0.04824854j,
            5.54855551e-03+0.00852491j,  2.75683386e-05+0.00045191j],
          [-9.55280546e-02+0.09079927j,  9.78758589e-01-0.03676126j,
            1.31483348e-01+0.07693365j,  5.54855551e-03+0.00852491j],
          [ 2.95691237e-03-0.00973228j, -1.25261635e-01+0.08669591j,
            9.78758589e-01-0.03676126j,  1.22646623e-01+0.04824854j],
          [ 1.44054823e-04+0.00042922j,  2.95691237e-03-0.00973228j,
           -9.55280546e-02+0.09079927j,  9.32123565e-01-0.3371526j ]],
         input_dims=(2, 2), output_dims=(2, 2))"
