unitary
"Operator([[ 8.60421815e-01-0.47311191j,  5.17573063e-02+0.18087494j,
           -2.06130761e-02+0.00425699j, -3.72237781e-04-0.0013045j ],
          [ 5.17573063e-02+0.18087494j,  9.56148263e-01-0.05048357j,
            1.17880916e-02+0.21738299j, -2.06130761e-02+0.00425699j],
          [-2.06130761e-02+0.00425699j,  1.17880916e-02+0.21738299j,
            9.56148263e-01-0.05048357j,  5.17573063e-02+0.18087494j],
          [-3.72237781e-04-0.0013045j , -2.06130761e-02+0.00425699j,
            5.17573063e-02+0.18087494j,  8.60421815e-01-0.47311191j]],
         input_dims=(2, 2), output_dims=(2, 2))"
"Operator([[ 8.60421815e-01-0.47311191j,  1.86694303e-01+0.02323363j,
            1.73554130e-02+0.01190842j,  8.11464340e-04+0.00108711j],
          [-1.46144342e-01+0.11847529j,  9.56148263e-01-0.05048357j,
            2.04627394e-01+0.07430984j,  1.73554130e-02+0.01190842j],
          [ 1.12181220e-02-0.0178094j , -1.95391855e-01+0.0960018j ,
            9.56148263e-01-0.05048357j,  1.86694303e-01+0.02323363j],
          [-1.15569966e-04+0.00135164j,  1.12181220e-02-0.0178094j ,
           -1.46144342e-01+0.11847529j,  8.60421815e-01-0.47311191j]],
         input_dims=(2, 2), output_dims=(2, 2))"
"Operator([[ 8.60421815e-01-0.47311191j,  1.87869663e-01-0.00997767j,
            2.04060165e-02+0.00515901j,  1.25003179e-03+0.00052698j],
          [-1.64710072e-01+0.0909129j ,  9.56148263e-01-0.05048357j,
            2.14509834e-01+0.03714638j,  2.04060165e-02+0.00515901j],
          [ 1.66928814e-02-0.01282063j, -2.09235074e-01+0.06012493j,
            9.56148263e-01-0.05048357j,  1.87869663e-01-0.00997767j],
          [-7.83691672e-04+0.0011073j ,  1.66928814e-02-0.01282063j,
           -1.64710072e-01+0.0909129j ,  8.60421815e-01-0.47311191j]],
         input_dims=(2, 2), output_dims=(2, 2))"
"Operator([[ 0.86042181-4.73111906e-01j,  0.1859764 -2.84137754e-02j,
            0.0210212 +1.06310603e-03j,  0.00134934+1.39908413e-04j],
          [-0.17285582+7.42659465e-02j,  0.95614826-5.04835675e-02j,
            0.21712385+1.58605023e-02j,  0.0210212 +1.06310603e-03j],
          [ 0.01888029-9.30351730e-03j, -0.21413555+3.92465333e-02j,
            0.95614826-5.04835675e-02j,  0.1859764 -2.84137754e-02j],
          [-0.00107231+8.30922872e-04j,  0.01888029-9.30351730e-03j,
           -0.17285582+7.42659465e-02j,  0.86042181-4.73111906e-01j]],
         input_dims=(2, 2), output_dims=(2, 2))"
"Operator([[ 8.60421815e-01-0.47311191j,  5.17573063e-02+0.18087494j,
           -2.06130761e-02+0.00425699j, -3.72237781e-04-0.0013045j ],
          [ 5.17573063e-02+0.18087494j,  9.56148263e-01-0.05048357j,
            1.17880916e-02+0.21738299j, -2.06130761e-02+0.00425699j],
          [-2.06130761e-02+0.00425699j,  1.17880916e-02+0.21738299j,
            9.56148263e-01-0.05048357j,  5.17573063e-02+0.18087494j],
          [-3.72237781e-04-0.0013045j , -2.06130761e-02+0.00425699j,
            5.17573063e-02+0.18087494j,  8.60421815e-01-0.47311191j]],
         input_dims=(2, 2), output_dims=(2, 2))"
"Operator([[ 8.60421815e-01-0.47311191j, -1.54687542e-01+0.10708094j,
            1.37763624e-02-0.01591329j, -4.16990769e-04+0.00129089j],
          [ 1.87916885e-01+0.0090448j ,  9.56148263e-01-0.05048357j,
           -2.02093976e-01+0.08094657j,  1.37763624e-02-0.01591329j],
          [ 1.89532324e-02+0.00915401j,  2.09662194e-01+0.05861815j,
            9.56148263e-01-0.05048357j, -1.54687542e-01+0.10708094j],
          [ 1.03543778e-03+0.00087645j,  1.89532324e-02+0.00915401j,
            1.87916885e-01+0.0090448j ,  8.60421815e-01-0.47311191j]],
         input_dims=(2, 2), output_dims=(2, 2))"
"Operator([[ 8.60421815e-01-0.47311191j, -1.51513854e-01+0.1115263j ,
            1.28296264e-02-0.01668597j, -3.03114645e-04+0.00132228j],
          [ 1.87575124e-01+0.0144961j ,  9.56148263e-01-0.05048357j,
           -1.99658975e-01+0.08677913j,  1.28296264e-02-0.01668597j],
          [ 1.83900415e-02+0.01023852j,  2.07872183e-01+0.06467981j,
            9.56148263e-01-0.05048357j, -1.51513854e-01+0.1115263j ],
          [ 9.55270203e-04+0.0009632j ,  1.83900415e-02+0.01023852j,
            1.87575124e-01+0.0144961j ,  8.60421815e-01-0.47311191j]],
         input_dims=(2, 2), output_dims=(2, 2))"
"Operator([[ 8.60421815e-01-0.47311191j,  5.17573063e-02+0.18087494j,
           -2.06130761e-02+0.00425699j, -3.72237781e-04-0.0013045j ],
          [ 5.17573063e-02+0.18087494j,  9.56148263e-01-0.05048357j,
            1.17880916e-02+0.21738299j, -2.06130761e-02+0.00425699j],
          [-2.06130761e-02+0.00425699j,  1.17880916e-02+0.21738299j,
            9.56148263e-01-0.05048357j,  5.17573063e-02+0.18087494j],
          [-3.72237781e-04-0.0013045j , -2.06130761e-02+0.00425699j,
            5.17573063e-02+0.18087494j,  8.60421815e-01-0.47311191j]],
         input_dims=(2, 2), output_dims=(2, 2))"
"Operator([[ 8.60421815e-01-0.47311191j, -1.29943795e-01+0.13604843j,
            6.37789627e-03-0.0200585j ,  3.95827115e-04+0.00129754j],
          [ 1.82241942e-01+0.04671658j,  9.56148263e-01-0.05048357j,
           -1.81643229e-01+0.12000025j,  6.37789627e-03-0.0200585j ],
          [ 1.38021342e-02+0.01589094j,  1.93554501e-01+0.09965429j,
            9.56148263e-01-0.05048357j, -1.29943795e-01+0.13604843j],
          [ 3.48526085e-04+0.00131104j,  1.38021342e-02+0.01589094j,
            1.82241942e-01+0.04671658j,  8.60421815e-01-0.47311191j]],
         input_dims=(2, 2), output_dims=(2, 2))"
