unitary
"Operator([[-0.10369782+0.72053634j,  0.06031971-0.41770417j,
           -0.00700939+0.43178865j, -0.24251417+0.21599817j],
          [ 0.06031971-0.41770417j,  0.02751085+0.25447648j,
           -0.18905045+0.73084813j, -0.00700939+0.43178865j],
          [-0.00700939+0.43178865j, -0.18905045+0.73084813j,
            0.02751085+0.25447648j,  0.06031971-0.41770417j],
          [-0.24251417+0.21599817j, -0.00700939+0.43178865j,
            0.06031971-0.41770417j, -0.10369782+0.72053634j]],
         input_dims=(2, 2), output_dims=(2, 2))"
"Operator([[-0.10369782+0.72053634j,  0.00883163+0.42194459j,
            0.13274792+0.4109362j ,  0.11139944-0.30505491j],
          [-0.12784554+0.40220735j,  0.02751085+0.25447648j,
            0.06693258-0.75193024j,  0.13274792+0.4109362j ],
          [-0.14601622+0.40641092j,  0.30607374-0.69007096j,
            0.02751085+0.25447648j,  0.00883163+0.42194459j],
          [ 0.3158629 -0.07549146j, -0.14601622+0.40641092j,
           -0.12784554+0.40220735j, -0.10369782+0.72053634j]],
         input_dims=(2, 2), output_dims=(2, 2))"
"Operator([[-0.10369782+0.72053634j,  0.3707291 -0.20168087j,
           -0.41207917-0.12915622j,  0.15255626-0.28669657j],
          [-0.29852421-0.29832622j,  0.02751085+0.25447648j,
           -0.69863931+0.28597584j, -0.41207917-0.12915622j],
          [ 0.41605422-0.11571282j,  0.47233904+0.58887596j,
            0.02751085+0.25447648j,  0.3707291 -0.20168087j],
          [ 0.30237131-0.11849017j,  0.41605422-0.11571282j,
           -0.29852421-0.29832622j, -0.10369782+0.72053634j]],
         input_dims=(2, 2), output_dims=(2, 2))"
"Operator([[-0.10369782+0.72053634j,  0.06031971-0.41770417j,
           -0.00700939+0.43178865j, -0.24251417+0.21599817j],
          [ 0.06031971-0.41770417j,  0.02751085+0.25447648j,
           -0.18905045+0.73084813j, -0.00700939+0.43178865j],
          [-0.00700939+0.43178865j, -0.18905045+0.73084813j,
            0.02751085+0.25447648j,  0.06031971-0.41770417j],
          [-0.24251417+0.21599817j, -0.00700939+0.43178865j,
            0.06031971-0.41770417j, -0.10369782+0.72053634j]],
         input_dims=(2, 2), output_dims=(2, 2))"
