unitary
"Operator([[-1.54237267e-04-0.86654891j, -2.13283911e-01-0.41801134j,
           -1.64235479e-01-0.0278336j , -1.07869106e-02+0.03170327j],
          [-4.45248303e-01-0.14824796j,  6.63892045e-01-0.04981138j,
            1.43620722e-01-0.53681259j, -1.64235479e-01-0.0278336j ],
          [-3.03968787e-02+0.16378044j, -2.74260408e-01-0.4832969j ,
            6.63892045e-01-0.04981138j, -2.13283911e-01-0.41801134j],
          [ 3.03835300e-02-0.01408175j, -3.03968787e-02+0.16378044j,
           -4.45248303e-01-0.14824796j, -1.54237267e-04-0.86654891j]],
         input_dims=(2, 2), output_dims=(2, 2))"
"Operator([[-1.54237267e-04-0.86654891j,  3.55821921e-01+0.30596449j,
           -1.36562893e-01+0.09538647j, -2.49012830e-02-0.02239153j],
          [ 3.55821921e-01+0.30596449j,  6.63892045e-01-0.04981138j,
            7.05879882e-02+0.55119144j, -1.36562893e-01+0.09538647j],
          [-1.36562893e-01+0.09538647j,  7.05879882e-02+0.55119144j,
            6.63892045e-01-0.04981138j,  3.55821921e-01+0.30596449j],
          [-2.49012830e-02-0.02239153j, -1.36562893e-01+0.09538647j,
            3.55821921e-01+0.30596449j, -1.54237267e-04-0.86654891j]],
         input_dims=(2, 2), output_dims=(2, 2))"
"Operator([[-1.54237267e-04-0.86654891j,  3.55821921e-01+0.30596449j,
           -1.36562893e-01+0.09538647j, -2.49012830e-02-0.02239153j],
          [ 3.55821921e-01+0.30596449j,  6.63892045e-01-0.04981138j,
            7.05879882e-02+0.55119144j, -1.36562893e-01+0.09538647j],
          [-1.36562893e-01+0.09538647j,  7.05879882e-02+0.55119144j,
            6.63892045e-01-0.04981138j,  3.55821921e-01+0.30596449j],
          [-2.49012830e-02-0.02239153j, -1.36562893e-01+0.09538647j,
            3.55821921e-01+0.30596449j, -1.54237267e-04-0.86654891j]],
         input_dims=(2, 2), output_dims=(2, 2))"
"Operator([[-1.54237267e-04-0.86654891j,  4.58723456e-01+0.09897626j,
            5.71254132e-03+0.16647933j, -2.42570680e-02+0.02308786j],
          [ 1.66587277e-01+0.43871652j,  6.63892045e-01-0.04981138j,
            3.25164552e-01+0.45062477j,  5.71254132e-03+0.16647933j],
          [-1.54340623e-01-0.06266557j, -2.01115347e-01+0.51802248j,
            6.63892045e-01-0.04981138j,  4.58723456e-01+0.09897626j],
          [ 2.03908502e-02-0.02656441j, -1.54340623e-01-0.06266557j,
            1.66587277e-01+0.43871652j, -1.54237267e-04-0.86654891j]],
         input_dims=(2, 2), output_dims=(2, 2))"
"Operator([[-1.54237267e-04-0.86654891j,  3.41148124e-01+0.32224442j,
           -1.44865101e-01+0.08223202j, -2.15298991e-02-0.02564991j],
          [ 3.69719592e-01+0.28901718j,  6.63892045e-01-0.04981138j,
            4.47754214e-02+0.55388612j, -1.44865101e-01+0.08223202j],
          [-1.27069839e-01+0.10770914j,  9.62465869e-02+0.54729449j,
            6.63892045e-01-0.04981138j,  3.41148124e-01+0.32224442j],
          [-2.77845404e-02-0.01869422j, -1.27069839e-01+0.10770914j,
            3.69719592e-01+0.28901718j, -1.54237267e-04-0.86654891j]],
         input_dims=(2, 2), output_dims=(2, 2))"
"Operator([[-1.54237267e-04-0.86654891j, -4.00314364e-01+0.24489165j,
            1.66562235e-01+0.00224137j, -3.33328877e-02-0.00322075j],
          [ 1.82150378e-01-0.4324867j ,  6.63892045e-01-0.04981138j,
           -5.46291395e-01-0.10178595j,  1.66562235e-01+0.00224137j],
          [ 5.52262035e-02-0.15715619j,  5.03012001e-01-0.23616434j,
            6.63892045e-01-0.04981138j, -4.00314364e-01+0.24489165j],
          [-6.73056718e-03-0.03280479j,  5.52262035e-02-0.15715619j,
            1.82150378e-01-0.4324867j , -1.54237267e-04-0.86654891j]],
         input_dims=(2, 2), output_dims=(2, 2))"
