unitary
"Operator([[ 8.24651986e-01-0.52438853j,  2.29867732e-02+0.20911715j,
           -2.61005382e-02-0.00473804j,  5.69576253e-04-0.00183967j],
          [ 1.04195267e-01+0.18276137j,  9.44798788e-01-0.055316j  ,
           -3.49084945e-02+0.24106996j, -2.61005382e-02-0.00473804j],
          [-2.13125290e-02+0.0157944j ,  6.37655270e-02+0.23508996j,
            9.44798788e-01-0.055316j  ,  2.29867732e-02+0.20911715j],
          [-1.53889606e-03-0.00115784j, -2.13125290e-02+0.0157944j ,
            1.04195267e-01+0.18276137j,  8.24651986e-01-0.52438853j]],
         input_dims=(2, 2), output_dims=(2, 2))"
"Operator([[ 8.24651986e-01-0.52438853j,  1.01970540e-01+0.18401191j,
           -2.16894289e-02+0.01527271j, -1.49574834e-03-0.00121307j],
          [ 2.55218616e-02+0.20882291j,  9.44798788e-01-0.055316j  ,
            6.09089816e-02+0.23584619j, -2.16894289e-02+0.01527271j],
          [-2.62078012e-02-0.00410344j, -3.19815295e-02+0.24147569j,
            9.44798788e-01-0.055316j  ,  1.01970540e-01+0.18401191j],
          [ 5.02261710e-04-0.00185917j, -2.62078012e-02-0.00410344j,
            2.55218616e-02+0.20882291j,  8.24651986e-01-0.52438853j]],
         input_dims=(2, 2), output_dims=(2, 2))"
"Operator([[ 8.24651986e-01-0.52438853j,  6.49420862e-02+0.20010222j,
           -2.58339895e-02+0.00602429j, -5.92551551e-04-0.0018324j ],
          [ 6.49420862e-02+0.20010222j,  9.44798788e-01-0.055316j  ,
            1.47350671e-02+0.24313825j, -2.58339895e-02+0.00602429j],
          [-2.58339895e-02+0.00602429j,  1.47350671e-02+0.24313825j,
            9.44798788e-01-0.055316j  ,  6.49420862e-02+0.20010222j],
          [-5.92551551e-04-0.0018324j , -2.58339895e-02+0.00602429j,
            6.49420862e-02+0.20010222j,  8.24651986e-01-0.52438853j]],
         input_dims=(2, 2), output_dims=(2, 2))"
"Operator([[ 8.24651986e-01-0.52438853j,  2.02218811e-01+0.0580166j ,
            1.52717280e-02+0.02169012j,  1.99754606e-04+0.00191544j],
          [-1.29609653e-01+0.16570972j,  9.44798788e-01-0.055316j  ,
            2.09834786e-01+0.12370405j,  1.52717280e-02+0.02169012j],
          [ 4.10225271e-03-0.02620799j, -1.93360094e-01+0.14813914j,
            9.44798788e-01-0.055316j  ,  2.02218811e-01+0.0580166j ],
          [ 9.59596119e-04+0.00166972j,  4.10225271e-03-0.02620799j,
           -1.29609653e-01+0.16570972j,  8.24651986e-01-0.52438853j]],
         input_dims=(2, 2), output_dims=(2, 2))"
"Operator([[ 8.24651986e-01-0.52438853j, -2.10102948e-01-0.01072962j,
            2.32722173e-02+0.0127315j , -1.36669411e-03-0.00135681j],
          [ 1.63759812e-01-0.13206475j,  9.44798788e-01-0.055316j  ,
           -2.32392275e-01-0.0729874j ,  2.32722173e-02+0.0127315j ],
          [ 1.52401867e-02-0.0217123j ,  2.21877226e-01-0.10051779j,
            9.44798788e-01-0.055316j  , -2.10102948e-01-0.01072962j],
          [ 3.13476647e-04-0.00190014j,  1.52401867e-02-0.0217123j ,
            1.63759812e-01-0.13206475j,  8.24651986e-01-0.52438853j]],
         input_dims=(2, 2), output_dims=(2, 2))"
"Operator([[ 0.82465199-5.24388532e-01j, -0.14296271-1.54337416e-01j,
           -0.01213244+2.35900631e-02j,  0.00192413-8.08142307e-05j],
          [ 0.02508377-2.08875987e-01j,  0.94479879-5.53159953e-02j,
           -0.11546724-2.14477614e-01j, -0.01213244+2.35900631e-02j],
          [-0.02131562-1.57902303e-02j,  0.08872104-2.26852170e-01j,
            0.94479879-5.53159953e-02j, -0.14296271-1.54337416e-01j],
          [-0.00160713+1.06110494e-03j, -0.02131562-1.57902303e-02j,
            0.02508377-2.08875987e-01j,  0.82465199-5.24388532e-01j]],
         input_dims=(2, 2), output_dims=(2, 2))"
"Operator([[ 8.24651986e-01-0.52438853j, -2.10144553e-01+0.0098813j ,
            2.53062347e-02+0.00795497j, -1.70126373e-03-0.0009025j ],
          [ 1.75896969e-01-0.11540637j,  9.44798788e-01-0.055316j  ,
           -2.38419087e-01-0.04989658j,  2.53062347e-02+0.00795497j],
          [ 1.91772054e-02-0.01832817j,  2.30648464e-01-0.07832379j,
            9.44798788e-01-0.055316j  , -2.10144553e-01+0.0098813j ],
          [ 8.50710766e-04-0.00172774j,  1.91772054e-02-0.01832817j,
            1.75896969e-01-0.11540637j,  8.24651986e-01-0.52438853j]],
         input_dims=(2, 2), output_dims=(2, 2))"
"Operator([[ 8.24651986e-01-0.52438853j,  6.49420862e-02+0.20010222j,
           -2.58339895e-02+0.00602429j, -5.92551551e-04-0.0018324j ],
          [ 6.49420862e-02+0.20010222j,  9.44798788e-01-0.055316j  ,
            1.47350671e-02+0.24313825j, -2.58339895e-02+0.00602429j],
          [-2.58339895e-02+0.00602429j,  1.47350671e-02+0.24313825j,
            9.44798788e-01-0.055316j  ,  6.49420862e-02+0.20010222j],
          [-5.92551551e-04-0.0018324j , -2.58339895e-02+0.00602429j,
            6.49420862e-02+0.20010222j,  8.24651986e-01-0.52438853j]],
         input_dims=(2, 2), output_dims=(2, 2))"
