unitary
"Operator([[-0.26500577+0.67800589j,  0.36303331+0.22969566j,
            0.19904309-0.39412717j,  0.00853014+0.30083139j],
          [-0.4227455 -0.07641677j,  0.05317961+0.2616793j ,
           -0.68313926-0.28724373j,  0.19904309-0.39412717j],
          [-0.13171858-0.42143161j,  0.74101221+0.00943991j,
            0.05317961+0.2616793j ,  0.36303331+0.22969566j],
          [-0.27874475-0.11346213j, -0.13171858-0.42143161j,
           -0.4227455 -0.07641677j, -0.26500577+0.67800589j]],
         input_dims=(2, 2), output_dims=(2, 2))"
"Operator([[-0.26500577+0.67800589j,  0.15594098-0.4002945j ,
           -0.03632534+0.4400396j , -0.24731309+0.17148914j],
          [ 0.15594098-0.4002945j ,  0.05317961+0.2616793j ,
           -0.15113774+0.72549679j, -0.03632534+0.4400396j ],
          [-0.03632534+0.4400396j , -0.15113774+0.72549679j,
            0.05317961+0.2616793j ,  0.15594098-0.4002945j ],
          [-0.24731309+0.17148914j, -0.03632534+0.4400396j ,
            0.15594098-0.4002945j , -0.26500577+0.67800589j]],
         input_dims=(2, 2), output_dims=(2, 2))"
"Operator([[-0.26500577+0.67800589j,  0.15594098-0.4002945j ,
           -0.03632534+0.4400396j , -0.24731309+0.17148914j],
          [ 0.15594098-0.4002945j ,  0.05317961+0.2616793j ,
           -0.15113774+0.72549679j, -0.03632534+0.4400396j ],
          [-0.03632534+0.4400396j , -0.15113774+0.72549679j,
            0.05317961+0.2616793j ,  0.15594098-0.4002945j ],
          [-0.24731309+0.17148914j, -0.03632534+0.4400396j ,
            0.15594098-0.4002945j , -0.26500577+0.67800589j]],
         input_dims=(2, 2), output_dims=(2, 2))"
