unitary
"Operator([[ 0.64342104-0.70368247j,  0.07225523+0.2873567j ,
           -0.05464848-0.00501645j,  0.00105382-0.00573798j],
          [ 0.18423112+0.23206375j,  0.88650541-0.0694078j ,
           -0.04378316+0.34141973j, -0.05464848-0.00501645j],
          [-0.03986164+0.03771831j,  0.10077378+0.32913378j,
            0.88650541-0.0694078j ,  0.07225523+0.2873567j ],
          [-0.00517884-0.002686j  , -0.03986164+0.03771831j,
            0.18423112+0.23206375j,  0.64342104-0.70368247j]],
         input_dims=(2, 2), output_dims=(2, 2))"
"Operator([[ 0.64342104-0.70368247j,  0.13118932+0.26567659j,
           -0.05186141+0.01794479j, -0.00256566-0.00523951j],
          [ 0.13118932+0.26567659j,  0.88650541-0.0694078j ,
            0.02914994+0.34297913j, -0.05186141+0.01794479j],
          [-0.05186141+0.01794479j,  0.02914994+0.34297913j,
            0.88650541-0.0694078j ,  0.13118932+0.26567659j],
          [-0.00256566-0.00523951j, -0.05186141+0.01794479j,
            0.13118932+0.26567659j,  0.64342104-0.70368247j]],
         input_dims=(2, 2), output_dims=(2, 2))"
"Operator([[ 0.64342104-0.70368247j,  0.13118932+0.26567659j,
           -0.05186141+0.01794479j, -0.00256566-0.00523951j],
          [ 0.13118932+0.26567659j,  0.88650541-0.0694078j ,
            0.02914994+0.34297913j, -0.05186141+0.01794479j],
          [-0.05186141+0.01794479j,  0.02914994+0.34297913j,
            0.88650541-0.0694078j ,  0.13118932+0.26567659j],
          [-0.00256566-0.00523951j, -0.05186141+0.01794479j,
            0.13118932+0.26567659j,  0.64342104-0.70368247j]],
         input_dims=(2, 2), output_dims=(2, 2))"
"Operator([[ 0.64342104-0.70368247j,  0.2952027 +0.02549619j,
            0.0399087 +0.03766851j,  0.00222704+0.00539215j],
          [-0.15922023+0.24988719j,  0.88650541-0.0694078j ,
            0.30842948+0.15282557j,  0.0399087 +0.03766851j],
          [ 0.00809385-0.05427809j, -0.27821452+0.20268468j,
            0.88650541-0.0694078j ,  0.2952027 +0.02549619j],
          [ 0.00289387+0.00506562j,  0.00809385-0.05427809j,
           -0.15922023+0.24988719j,  0.64342104-0.70368247j]],
         input_dims=(2, 2), output_dims=(2, 2))"
"Operator([[ 0.64342104-0.70368247j,  0.22073636-0.19766171j,
            0.03511829-0.04217022j,  0.00172706-0.00557246j],
          [-0.2911341 +0.0550965j ,  0.88650541-0.0694078j ,
            0.32258227-0.12010445j,  0.03511829-0.04217022j],
          [ 0.05367092+0.01144787j, -0.33822447-0.06394221j,
            0.88650541-0.0694078j ,  0.22073636-0.19766171j],
          [-0.00546091-0.00205269j,  0.05367092+0.01144787j,
           -0.2911341 +0.0550965j ,  0.64342104-0.70368247j]],
         input_dims=(2, 2), output_dims=(2, 2))"
"Operator([[ 0.64342104-0.70368247j, -0.04622013-0.29267455j,
           -0.05287597-0.01468855j, -0.0025416 +0.00525122j],
          [-0.20428105-0.21462512j,  0.88650541-0.0694078j ,
            0.07419517-0.3361242j , -0.05287597-0.01468855j],
          [-0.03249048+0.04422657j, -0.12985591-0.31878181j,
            0.88650541-0.0694078j , -0.04622013-0.29267455j],
          [ 0.00570661+0.00121228j, -0.03249048+0.04422657j,
           -0.20428105-0.21462512j,  0.64342104-0.70368247j]],
         input_dims=(2, 2), output_dims=(2, 2))"
"Operator([[ 0.64342104-7.03682471e-01j,  0.01600508+2.95869105e-01j,
           -0.0487743 -2.51533126e-02j,  0.00401291-4.23456789e-03j],
          [ 0.22518626+1.92576836e-01j,  0.88650541-6.94078004e-02j,
           -0.10822672+3.26758899e-01j, -0.0487743 -2.51533126e-02j],
          [-0.02279837+4.99184884e-02j,  0.16181883+3.03807616e-01j,
            0.88650541-6.94078004e-02j,  0.01600508+2.95869105e-01j],
          [-0.00580571+5.73366357e-04j, -0.02279837+4.99184884e-02j,
            0.22518626+1.92576836e-01j,  0.64342104-7.03682471e-01j]],
         input_dims=(2, 2), output_dims=(2, 2))"
"Operator([[ 0.64342104-0.70368247j,  0.2837302 +0.08539242j,
            0.02146635+0.05050561j, -0.00131229+0.00568444j],
          [-0.10468885+0.27719115j,  0.88650541-0.0694078j ,
            0.27060893+0.21273272j,  0.02146635+0.05050561j],
          [-0.01433839-0.05297199j, -0.23082639+0.25534991j,
            0.88650541-0.0694078j ,  0.2837302 +0.08539242j],
          [ 0.00529504+0.002449j  , -0.01433839-0.05297199j,
           -0.10468885+0.27719115j,  0.64342104-0.70368247j]],
         input_dims=(2, 2), output_dims=(2, 2))"
"Operator([[ 0.64342104-0.70368247j,  0.13118932+0.26567659j,
           -0.05186141+0.01794479j, -0.00256566-0.00523951j],
          [ 0.13118932+0.26567659j,  0.88650541-0.0694078j ,
            0.02914994+0.34297913j, -0.05186141+0.01794479j],
          [-0.05186141+0.01794479j,  0.02914994+0.34297913j,
            0.88650541-0.0694078j ,  0.13118932+0.26567659j],
          [-0.00256566-0.00523951j, -0.05186141+0.01794479j,
            0.13118932+0.26567659j,  0.64342104-0.70368247j]],
         input_dims=(2, 2), output_dims=(2, 2))"
"Operator([[ 0.64342104-7.03682471e-01j,  0.03231482+2.94534281e-01j,
           -0.05125004-1.96228006e-02j,  0.00325945-4.83848843e-03j],
          [ 0.21421118+2.04715073e-01j,  0.88650541-6.94078004e-02j,
           -0.09002217+3.32235471e-01j, -0.05125004-1.96228006e-02j],
          [-0.02816273+4.71007646e-02j,  0.14479963+3.12277869e-01j,
            0.88650541-6.94078004e-02j,  0.03231482+2.94534281e-01j],
          [-0.00582076-3.92133198e-04j, -0.02816273+4.71007646e-02j,
            0.21421118+2.04715073e-01j,  0.64342104-7.03682471e-01j]],
         input_dims=(2, 2), output_dims=(2, 2))"
"Operator([[ 0.64342104-0.70368247j, -0.09020579+0.28223679j,
           -0.01973617-0.05120649j,  0.00561011+0.00160051j],
          [ 0.27893162+0.09995921j,  0.88650541-0.0694078j ,
           -0.21730449+0.2669516j , -0.01973617-0.05120649j],
          [ 0.01613174+0.05245368j,  0.2592389 +0.22644998j,
            0.88650541-0.0694078j , -0.09020579+0.28223679j],
          [-0.00217574+0.00541305j,  0.01613174+0.05245368j,
            0.27893162+0.09995921j,  0.64342104-0.70368247j]],
         input_dims=(2, 2), output_dims=(2, 2))"
