unitary
"Operator([[ 0.5190507 -0.78013744j,  0.17604954+0.2920082j ,
           -0.06926937+0.02867646j, -0.00482954-0.0081112j ],
          [ 0.17604954+0.2920082j ,  0.84563433-0.07266066j,
            0.03848421+0.39529628j, -0.06926937+0.02867646j],
          [-0.06926937+0.02867646j,  0.03848421+0.39529628j,
            0.84563433-0.07266066j,  0.17604954+0.2920082j ],
          [-0.00482954-0.0081112j , -0.06926937+0.02867646j,
            0.17604954+0.2920082j ,  0.5190507 -0.78013744j]],
         input_dims=(2, 2), output_dims=(2, 2))"
"Operator([[ 0.5190507 -0.78013744j,  0.17604954+0.2920082j ,
           -0.06926937+0.02867646j, -0.00482954-0.0081112j ],
          [ 0.17604954+0.2920082j ,  0.84563433-0.07266066j,
            0.03848421+0.39529628j, -0.06926937+0.02867646j],
          [-0.06926937+0.02867646j,  0.03848421+0.39529628j,
            0.84563433-0.07266066j,  0.17604954+0.2920082j ],
          [-0.00482954-0.0081112j , -0.06926937+0.02867646j,
            0.17604954+0.2920082j ,  0.5190507 -0.78013744j]],
         input_dims=(2, 2), output_dims=(2, 2))"
"Operator([[ 0.5190507 -0.78013744j, -0.03568539-0.33909996j,
           -0.06639839-0.03481149j, -0.00661242+0.00673736j],
          [-0.28322185-0.1898621j ,  0.84563433-0.07266066j,
            0.13269072-0.3743439j , -0.06639839-0.03481149j],
          [-0.02236326+0.07155746j, -0.20240344-0.3417207j ,
            0.84563433-0.07266066j, -0.03568539-0.33909996j],
          [ 0.00907424-0.00260273j, -0.02236326+0.07155746j,
           -0.28322185-0.1898621j ,  0.5190507 -0.78013744j]],
         input_dims=(2, 2), output_dims=(2, 2))"
"Operator([[ 5.19050705e-01-0.78013744j,  1.23825891e-01+0.31769385j,
           -7.48741506e-02+0.00380091j, -2.30004347e-04-0.00943733j],
          [ 2.23144355e-01+0.2578155j ,  8.45634333e-01-0.07266066j,
           -2.93008883e-02+0.39608288j, -7.48741506e-02+0.00380091j],
          [-5.56512963e-02+0.05023464j,  1.05148141e-01+0.38299354j,
            8.45634333e-01-0.07266066j,  1.23825891e-01+0.31769385j],
          [-8.18725832e-03-0.00469945j, -5.56512963e-02+0.05023464j,
            2.23144355e-01+0.2578155j ,  5.19050705e-01-0.78013744j]],
         input_dims=(2, 2), output_dims=(2, 2))"
"Operator([[ 0.5190507 -0.78013744j,  0.01232715-0.34074958j,
           -0.05408737-0.05191475j, -0.00879539+0.00342887j],
          [-0.30709464-0.14817259j,  0.84563433-0.07266066j,
            0.18398535-0.35197951j, -0.05408737-0.05191475j],
          [-0.00156555+0.07495422j, -0.24842115-0.30988243j,
            0.84563433-0.07266066j,  0.01232715-0.34074958j],
          [ 0.00720585-0.00609851j, -0.00156555+0.07495422j,
           -0.30709464-0.14817259j,  0.5190507 -0.78013744j]],
         input_dims=(2, 2), output_dims=(2, 2))"
"Operator([[ 0.5190507 -0.78013744j,  0.17604954+0.2920082j ,
           -0.06926937+0.02867646j, -0.00482954-0.0081112j ],
          [ 0.17604954+0.2920082j ,  0.84563433-0.07266066j,
            0.03848421+0.39529628j, -0.06926937+0.02867646j],
          [-0.06926937+0.02867646j,  0.03848421+0.39529628j,
            0.84563433-0.07266066j,  0.17604954+0.2920082j ],
          [-0.00482954-0.0081112j , -0.06926937+0.02867646j,
            0.17604954+0.2920082j ,  0.5190507 -0.78013744j]],
         input_dims=(2, 2), output_dims=(2, 2))"
"Operator([[ 0.5190507 -0.78013744j, -0.13129852+0.31467909j,
           -0.00656231-0.07468281j,  0.00718576+0.00612217j],
          [ 0.33957943+0.03079033j,  0.84563433-0.07266066j,
           -0.29595262+0.26486267j, -0.00656231-0.07468281j],
          [ 0.04814602+0.05746778j,  0.34148256+0.20280494j,
            0.84563433-0.07266066j, -0.13129852+0.31467909j],
          [ 0.00195804+0.00923483j,  0.04814602+0.05746778j,
            0.33957943+0.03079033j,  0.5190507 -0.78013744j]],
         input_dims=(2, 2), output_dims=(2, 2))"
