unitary
"Operator([[ 8.86340847e-01-0.43033515j,  8.63610062e-03+0.16983398j,
           -1.67013185e-02-0.00367225j,  3.39324825e-04-0.00093113j],
          [ 7.40498157e-02+0.15308425j,  9.64342661e-01-0.04628868j,
           -2.95636611e-02+0.19446336j, -1.67013185e-02-0.00367225j],
          [-1.42752766e-02+0.00941466j,  4.84465720e-02+0.19063824j,
            9.64342661e-01-0.04628868j,  8.63610062e-03+0.16983398j],
          [-7.44369313e-04-0.00065427j, -1.42752766e-02+0.00941466j,
            7.40498157e-02+0.15308425j,  8.86340847e-01-0.43033515j]],
         input_dims=(2, 2), output_dims=(2, 2))"
"Operator([[ 8.86340847e-01-0.43033515j,  4.21826807e-02+0.16473853j,
           -1.68138086e-02+0.00311693j, -2.45314235e-04-0.00096019j],
          [ 4.21826807e-02+0.16473853j,  9.64342661e-01-0.04628868j,
            9.63322217e-03+0.19646172j, -1.68138086e-02+0.00311693j],
          [-1.68138086e-02+0.00311693j,  9.63322217e-03+0.19646172j,
            9.64342661e-01-0.04628868j,  4.21826807e-02+0.16473853j],
          [-2.45314235e-04-0.00096019j, -1.68138086e-02+0.00311693j,
            4.21826807e-02+0.16473853j,  8.86340847e-01-0.43033515j]],
         input_dims=(2, 2), output_dims=(2, 2))"
"Operator([[ 8.86340847e-01-4.30335148e-01j,
            9.58901934e-02+1.40439429e-01j,
           -1.08939680e-02+1.31810806e-02j,
           -9.53677991e-04-2.69532577e-04j],
          [-1.65937027e-02+1.69241872e-01j,
            9.64342661e-01-4.62886825e-02j,
            7.61267224e-02+1.81369044e-01j,
           -1.08939680e-02+1.31810806e-02j],
          [-1.48947258e-02-8.40039084e-03j,
           -5.80178516e-02+1.87946633e-01j,
            9.64342661e-01-4.62886825e-02j,
            9.58901934e-02+1.40439429e-01j],
          [ 7.07524870e-04-6.93943858e-04j,
           -1.48947258e-02-8.40039084e-03j,
           -1.65937027e-02+1.69241872e-01j,
            8.86340847e-01-4.30335148e-01j]],
         input_dims=(2, 2), output_dims=(2, 2))"
"Operator([[ 8.86340847e-01-0.43033515j,  4.21826807e-02+0.16473853j,
           -1.68138086e-02+0.00311693j, -2.45314235e-04-0.00096019j],
          [ 4.21826807e-02+0.16473853j,  9.64342661e-01-0.04628868j,
            9.63322217e-03+0.19646172j, -1.68138086e-02+0.00311693j],
          [-1.68138086e-02+0.00311693j,  9.63322217e-03+0.19646172j,
            9.64342661e-01-0.04628868j,  4.21826807e-02+0.16473853j],
          [-2.45314235e-04-0.00096019j, -1.68138086e-02+0.00311693j,
            4.21826807e-02+0.16473853j,  8.86340847e-01-0.43033515j]],
         input_dims=(2, 2), output_dims=(2, 2))"
"Operator([[ 8.86340847e-01-0.43033515j,  1.60562451e-01+0.05601662j,
            9.39139032e-03+0.0142906j ,  6.12952478e-05+0.00098914j],
          [-1.13881256e-01+0.12629023j,  9.64342661e-01-0.04628868j,
            1.68976516e-01+0.1006824j ,  9.39139032e-03+0.0142906j ],
          [ 3.64502555e-03-0.01670728j, -1.58315972e-01+0.11673072j,
            9.64342661e-01-0.04628868j,  1.60562451e-01+0.05601662j],
          [ 4.20665916e-04+0.00089732j,  3.64502555e-03-0.01670728j,
           -1.13881256e-01+0.12629023j,  8.86340847e-01-0.43033515j]],
         input_dims=(2, 2), output_dims=(2, 2))"
"Operator([[ 8.86340847e-01-0.43033515j, -5.01030602e-02-0.16250491j,
           -1.64338738e-02+0.00472728j,  3.81655742e-04+0.0009146j ],
          [-3.41635164e-02-0.16658636j,  9.64342661e-01-0.04628868j,
           -1.91264289e-02-0.19576564j, -1.64338738e-02+0.00472728j],
          [-1.70363351e-02+0.0014774j , -1.17456071e-04-0.19669772j,
            9.64342661e-01-0.04628868j, -5.01030602e-02-0.16250491j],
          [ 1.03810433e-04+0.00098558j, -1.70363351e-02+0.0014774j ,
           -3.41635164e-02-0.16658636j,  8.86340847e-01-0.43033515j]],
         input_dims=(2, 2), output_dims=(2, 2))"
"Operator([[ 8.86340847e-01-0.43033515j, -1.69680281e-01-0.01125898j,
            1.53937232e-02+0.00744666j, -7.57566981e-04-0.00063894j],
          [ 1.43387785e-01-0.09142268j,  9.64342661e-01-0.04628868j,
           -1.89679508e-01-0.05207391j,  1.53937232e-02+0.00744666j],
          [ 1.17016650e-02-0.01246958j,  1.83675113e-01-0.07038083j,
            9.64342661e-01-0.04628868j, -1.69680281e-01-0.01125898j],
          [ 3.58257343e-04-0.00092401j,  1.17016650e-02-0.01246958j,
            1.43387785e-01-0.09142268j,  8.86340847e-01-0.43033515j]],
         input_dims=(2, 2), output_dims=(2, 2))"
"Operator([[ 8.86340847e-01-4.30335148e-01j,
           -1.69854854e-01+8.21529527e-03j,
            1.66829169e-02+3.75495772e-03j,
           -9.28584920e-04-3.46236289e-04j],
          [ 1.52900314e-01-7.44288683e-02j,
            9.64342661e-01-4.62886825e-02j,
           -1.94389515e-01-3.00453707e-02j,
            1.66829169e-02+3.75495772e-03j],
          [ 1.42284501e-02-9.48528498e-03j,
            1.90517622e-01-4.89187466e-02j,
            9.64342661e-01-4.62886825e-02j,
           -1.69854854e-01+8.21529527e-03j],
          [ 6.48715132e-04-7.49211718e-04j,
            1.42284501e-02-9.48528498e-03j,
            1.52900314e-01-7.44288683e-02j,
            8.86340847e-01-4.30335148e-01j]],
         input_dims=(2, 2), output_dims=(2, 2))"
"Operator([[ 8.86340847e-01-0.43033515j, -1.69965267e-01-0.00547452j,
            1.58648752e-02+0.00638163j, -8.18786158e-04-0.00055834j],
          [ 1.46417741e-01-0.08648704j,  9.64342661e-01-0.04628868j,
           -1.91342720e-01-0.04558477j,  1.58648752e-02+0.00638163j],
          [ 1.25232604e-02-0.0116442j ,  1.85965192e-01-0.06408553j,
            9.64342661e-01-0.04628868j, -1.69965267e-01-0.00547452j],
          [ 4.50636099e-04-0.00088265j,  1.25232604e-02-0.0116442j ,
            1.46417741e-01-0.08648704j,  8.86340847e-01-0.43033515j]],
         input_dims=(2, 2), output_dims=(2, 2))"
"Operator([[ 8.86340847e-01-0.43033515j,  4.21826807e-02+0.16473853j,
           -1.68138086e-02+0.00311693j, -2.45314235e-04-0.00096019j],
          [ 4.21826807e-02+0.16473853j,  9.64342661e-01-0.04628868j,
            9.63322217e-03+0.19646172j, -1.68138086e-02+0.00311693j],
          [-1.68138086e-02+0.00311693j,  9.63322217e-03+0.19646172j,
            9.64342661e-01-0.04628868j,  4.21826807e-02+0.16473853j],
          [-2.45314235e-04-0.00096019j, -1.68138086e-02+0.00311693j,
            4.21826807e-02+0.16473853j,  8.86340847e-01-0.43033515j]],
         input_dims=(2, 2), output_dims=(2, 2))"
