unitary
"Operator([[ 0.48685911-0.79560294j,  0.18757092+0.29706667j,
           -0.07370849+0.03177452j, -0.00554864-0.00890874j],
          [ 0.18757092+0.29706667j,  0.83492436-0.07286679j,
            0.04081714+0.40749441j, -0.07370849+0.03177452j],
          [-0.07370849+0.03177452j,  0.04081714+0.40749441j,
            0.83492436-0.07286679j,  0.18757092+0.29706667j],
          [-0.00554864-0.00890874j, -0.07370849+0.03177452j,
            0.18757092+0.29706667j,  0.48685911-0.79560294j]],
         input_dims=(2, 2), output_dims=(2, 2))"
"Operator([[ 0.48685911-0.79560294j, -0.17420764-0.30509532j,
           -0.07623478+0.02511611j,  0.00431701+0.00956643j],
          [-0.20056487-0.2884531j ,  0.83492436-0.07286679j,
           -0.0226995 -0.40890398j, -0.07623478+0.02511611j],
          [-0.07060195+0.03818279j, -0.05885442-0.40528248j,
            0.83492436-0.07286679j, -0.17420764-0.30509532j],
          [ 0.00668207+0.00809339j, -0.07060195+0.03818279j,
           -0.20056487-0.2884531j ,  0.48685911-0.79560294j]],
         input_dims=(2, 2), output_dims=(2, 2))"
"Operator([[ 0.48685911-0.79560294j, -0.2914712 -0.196153j  ,
           -0.02625978+0.07584843j,  0.01021427-0.00241284j],
          [-0.05179043-0.34748987j,  0.83492436-0.07286679j,
           -0.20173673-0.35639868j, -0.02625978+0.07584843j],
          [-0.07317545-0.03298354j,  0.12703987-0.38933097j,
            0.83492436-0.07286679j, -0.2914712 -0.196153j  ],
          [-0.00667011+0.00810325j, -0.07317545-0.03298354j,
           -0.05179043-0.34748987j,  0.48685911-0.79560294j]],
         input_dims=(2, 2), output_dims=(2, 2))"
"Operator([[ 0.48685911-0.79560294j, -0.35002168-0.03027012j,
            0.05040082+0.06246854j, -0.00187329-0.01032685j],
          [ 0.12315175-0.32903663j,  0.83492436-0.07286679j,
           -0.34921689-0.21392824j,  0.05040082+0.06246854j],
          [-0.01081403-0.07953375j,  0.29984792-0.27894256j,
            0.83492436-0.07286679j, -0.35002168-0.03027012j],
          [-0.00844225-0.00623551j, -0.01081403-0.07953375j,
            0.12315175-0.32903663j,  0.48685911-0.79560294j]],
         input_dims=(2, 2), output_dims=(2, 2))"
"Operator([[ 0.48685911-0.79560294j,  0.18757092+0.29706667j,
           -0.07370849+0.03177452j, -0.00554864-0.00890874j],
          [ 0.18757092+0.29706667j,  0.83492436-0.07286679j,
            0.04081714+0.40749441j, -0.07370849+0.03177452j],
          [-0.07370849+0.03177452j,  0.04081714+0.40749441j,
            0.83492436-0.07286679j,  0.18757092+0.29706667j],
          [-0.00554864-0.00890874j, -0.07370849+0.03177452j,
            0.18757092+0.29706667j,  0.48685911-0.79560294j]],
         input_dims=(2, 2), output_dims=(2, 2))"
"Operator([[ 0.48685911-0.79560294j,  0.18757092+0.29706667j,
           -0.07370849+0.03177452j, -0.00554864-0.00890874j],
          [ 0.18757092+0.29706667j,  0.83492436-0.07286679j,
            0.04081714+0.40749441j, -0.07370849+0.03177452j],
          [-0.07370849+0.03177452j,  0.04081714+0.40749441j,
            0.83492436-0.07286679j,  0.18757092+0.29706667j],
          [-0.00554864-0.00890874j, -0.07370849+0.03177452j,
            0.18757092+0.29706667j,  0.48685911-0.79560294j]],
         input_dims=(2, 2), output_dims=(2, 2))"
"Operator([[ 0.48685911-0.79560294j,  0.18757092+0.29706667j,
           -0.07370849+0.03177452j, -0.00554864-0.00890874j],
          [ 0.18757092+0.29706667j,  0.83492436-0.07286679j,
            0.04081714+0.40749441j, -0.07370849+0.03177452j],
          [-0.07370849+0.03177452j,  0.04081714+0.40749441j,
            0.83492436-0.07286679j,  0.18757092+0.29706667j],
          [-0.00554864-0.00890874j, -0.07370849+0.03177452j,
            0.18757092+0.29706667j,  0.48685911-0.79560294j]],
         input_dims=(2, 2), output_dims=(2, 2))"
"Operator([[ 0.48685911-0.79560294j,  0.18757092+0.29706667j,
           -0.07370849+0.03177452j, -0.00554864-0.00890874j],
          [ 0.18757092+0.29706667j,  0.83492436-0.07286679j,
            0.04081714+0.40749441j, -0.07370849+0.03177452j],
          [-0.07370849+0.03177452j,  0.04081714+0.40749441j,
            0.83492436-0.07286679j,  0.18757092+0.29706667j],
          [-0.00554864-0.00890874j, -0.07370849+0.03177452j,
            0.18757092+0.29706667j,  0.48685911-0.79560294j]],
         input_dims=(2, 2), output_dims=(2, 2))"
"Operator([[ 0.48685911-0.79560294j,  0.18757092+0.29706667j,
           -0.07370849+0.03177452j, -0.00554864-0.00890874j],
          [ 0.18757092+0.29706667j,  0.83492436-0.07286679j,
            0.04081714+0.40749441j, -0.07370849+0.03177452j],
          [-0.07370849+0.03177452j,  0.04081714+0.40749441j,
            0.83492436-0.07286679j,  0.18757092+0.29706667j],
          [-0.00554864-0.00890874j, -0.07370849+0.03177452j,
            0.18757092+0.29706667j,  0.48685911-0.79560294j]],
         input_dims=(2, 2), output_dims=(2, 2))"
