unitary
"Operator([[ 0.27043067-0.86225768j,  0.26391047+0.31571442j,
           -0.10274114+0.05602823j, -0.01199293-0.01469259j],
          [ 0.26391047+0.31571442j,  0.76127054-0.06845062j,
            0.05547413+0.47925469j, -0.10274114+0.05602823j],
          [-0.10274114+0.05602823j,  0.05547413+0.47925469j,
            0.76127054-0.06845062j,  0.26391047+0.31571442j],
          [-0.01199293-0.01469259j, -0.10274114+0.05602823j,
            0.26391047+0.31571442j,  0.27043067-0.86225768j]],
         input_dims=(2, 2), output_dims=(2, 2))"
"Operator([[ 0.27043067-0.86225768j,  0.26391047+0.31571442j,
           -0.10274114+0.05602823j, -0.01199293-0.01469259j],
          [ 0.26391047+0.31571442j,  0.76127054-0.06845062j,
            0.05547413+0.47925469j, -0.10274114+0.05602823j],
          [-0.10274114+0.05602823j,  0.05547413+0.47925469j,
            0.76127054-0.06845062j,  0.26391047+0.31571442j],
          [-0.01199293-0.01469259j, -0.10274114+0.05602823j,
            0.26391047+0.31571442j,  0.27043067-0.86225768j]],
         input_dims=(2, 2), output_dims=(2, 2))"
"Operator([[ 0.27043067-0.86225768j,  0.33070536-0.24486384j,
            0.10861507-0.04356228j,  0.0165723 -0.00922288j],
          [-0.29962806+0.28204141j,  0.76127054-0.06845062j,
            0.48168949-0.02716011j,  0.10861507-0.04356228j],
          [ 0.09544253-0.06771726j, -0.47515702+0.08359568j,
            0.76127054-0.06845062j,  0.33070536-0.24486384j],
          [-0.01235513+0.01438935j,  0.09544253-0.06771726j,
           -0.29962806+0.28204141j,  0.27043067-0.86225768j]],
         input_dims=(2, 2), output_dims=(2, 2))"
"Operator([[ 0.27043067-0.86225768j,  0.26391047+0.31571442j,
           -0.10274114+0.05602823j, -0.01199293-0.01469259j],
          [ 0.26391047+0.31571442j,  0.76127054-0.06845062j,
            0.05547413+0.47925469j, -0.10274114+0.05602823j],
          [-0.10274114+0.05602823j,  0.05547413+0.47925469j,
            0.76127054-0.06845062j,  0.26391047+0.31571442j],
          [-0.01199293-0.01469259j, -0.10274114+0.05602823j,
            0.26391047+0.31571442j,  0.27043067-0.86225768j]],
         input_dims=(2, 2), output_dims=(2, 2))"
"Operator([[ 0.27043067-0.86225768j,  0.26391047+0.31571442j,
           -0.10274114+0.05602823j, -0.01199293-0.01469259j],
          [ 0.26391047+0.31571442j,  0.76127054-0.06845062j,
            0.05547413+0.47925469j, -0.10274114+0.05602823j],
          [-0.10274114+0.05602823j,  0.05547413+0.47925469j,
            0.76127054-0.06845062j,  0.26391047+0.31571442j],
          [-0.01199293-0.01469259j, -0.10274114+0.05602823j,
            0.26391047+0.31571442j,  0.27043067-0.86225768j]],
         input_dims=(2, 2), output_dims=(2, 2))"
"Operator([[ 0.27043067-0.86225768j, -0.38310093-0.15019323j,
           -0.00815374+0.11674083j,  0.0154744 -0.01096565j],
          [-0.07987619-0.40366338j,  0.76127054-0.06845062j,
           -0.2788067 -0.39373755j, -0.00815374+0.11674083j],
          [-0.1025555 -0.05636732j,  0.18148864-0.44701712j,
            0.76127054-0.06845062j, -0.38310093-0.15019323j],
          [-0.01384271+0.01296465j, -0.1025555 -0.05636732j,
           -0.07987619-0.40366338j,  0.27043067-0.86225768j]],
         input_dims=(2, 2), output_dims=(2, 2))"
"Operator([[ 0.27043067-0.86225768j, -0.25458299-0.3232829j ,
           -0.10583538+0.04993773j,  0.0106619 +0.01568523j],
          [-0.27301306-0.30787692j,  0.76127054-0.06845062j,
           -0.04146207-0.48066967j, -0.10583538+0.04993773j],
          [-0.09929678+0.06192781j, -0.06943893-0.47743133j,
            0.76127054-0.06845062j, -0.25458299-0.3232829j ],
          [ 0.01323205+0.01358733j, -0.09929678+0.06192781j,
           -0.27301306-0.30787692j,  0.27043067-0.86225768j]],
         input_dims=(2, 2), output_dims=(2, 2))"
"Operator([[ 0.27043067-0.86225768j,  0.08112014-0.40341524j,
           -0.03241433-0.1124465j , -0.0172494 -0.00788422j],
          [-0.41140676+0.00829545j,  0.76127054-0.06845062j,
            0.33911484-0.34316695j, -0.03241433-0.1124465j ],
          [ 0.07697547+0.0881458j , -0.40854128-0.25662513j,
            0.76127054-0.06845062j,  0.08112014-0.40341524j],
          [-0.00426974-0.01847896j,  0.07697547+0.0881458j ,
           -0.41140676+0.00829545j,  0.27043067-0.86225768j]],
         input_dims=(2, 2), output_dims=(2, 2))"
"Operator([[ 2.70430672e-01-0.86225768j,  3.80440051e-01-0.15681103j,
            1.16300667e-01+0.01300228j,  1.84607098e-02+0.00434797j],
          [-2.21790443e-01+0.34660256j,  7.61270543e-01-0.06845062j,
            4.73767248e-01+0.09114291j,  1.16300667e-01+0.01300228j],
          [ 5.20529607e-02-0.10481123j, -4.40419010e-01+0.19696074j,
            7.61270543e-01-0.06845062j,  3.80440051e-01-0.15681103j],
          [ 5.62533343e-04+0.01895748j,  5.20529607e-02-0.10481123j,
           -2.21790443e-01+0.34660256j,  2.70430672e-01-0.86225768j]],
         input_dims=(2, 2), output_dims=(2, 2))"
"Operator([[ 0.27043067-0.86225768j, -0.33559175-0.23812289j,
           -0.06183447+0.09935493j,  0.01884282+0.00215656j],
          [-0.17483721-0.37250004j,  0.76127054-0.06845062j,
           -0.17565897-0.44933992j, -0.06183447+0.09935493j],
          [-0.11701101-0.00182441j,  0.06836651-0.47758607j,
            0.76127054-0.06845062j, -0.33559175-0.23812289j],
          [-0.001661  +0.01889295j, -0.11701101-0.00182441j,
           -0.17483721-0.37250004j,  0.27043067-0.86225768j]],
         input_dims=(2, 2), output_dims=(2, 2))"
"Operator([[ 0.27043067-0.86225768j, -0.24996261-0.32686851j,
           -0.10721196+0.04690949j,  0.00998361+0.01612545j],
          [-0.27736119-0.30396562j,  0.76127054-0.06845062j,
           -0.03462635-0.4812104j , -0.10721196+0.04690949j],
          [-0.09749655+0.06472502j, -0.07621741-0.4763962j ,
            0.76127054-0.06845062j, -0.24996261-0.32686851j],
          [ 0.0137992 +0.01301095j, -0.09749655+0.06472502j,
           -0.27736119-0.30396562j,  0.27043067-0.86225768j]],
         input_dims=(2, 2), output_dims=(2, 2))"
