unitary
"Operator([[-0.42098767-0.68722796j,  0.48440098+0.21090925j,
           -0.17979148+0.18462917j, -0.06285844-0.03155946j],
          [ 0.48440098+0.21090925j,  0.49008315+0.01303748j,
            0.08126898+0.63836037j, -0.17979148+0.18462917j],
          [-0.17979148+0.18462917j,  0.08126898+0.63836037j,
            0.49008315+0.01303748j,  0.48440098+0.21090925j],
          [-0.06285844-0.03155946j, -0.17979148+0.18462917j,
            0.48440098+0.21090925j, -0.42098767-0.68722796j]],
         input_dims=(2, 2), output_dims=(2, 2))"
"Operator([[-0.42098767-0.68722796j, -0.52532669-0.05620399j,
           -0.04207316+0.2542494j ,  0.06342884-0.03039681j],
          [-0.39903369-0.34626454j,  0.49008315+0.01303748j,
           -0.26866687-0.58474501j, -0.04207316+0.2542494j ],
          [-0.25304296+0.04880747j,  0.11358496-0.63340908j,
            0.49008315+0.01303748j, -0.52532669-0.05620399j],
          [ 0.01351129+0.06902629j, -0.25304296+0.04880747j,
           -0.39903369-0.34626454j, -0.42098767-0.68722796j]],
         input_dims=(2, 2), output_dims=(2, 2))"
"Operator([[-0.42098767-0.68722796j,  0.47681846+0.2275328j ,
           -0.19212217+0.1717614j , -0.05925182-0.03789993j],
          [ 0.49140415+0.19403344j,  0.49008315+0.01303748j,
            0.05914708+0.64078876j, -0.19212217+0.1717614j ],
          [-0.16660093+0.19661394j,  0.10329369+0.6351685j ,
            0.49008315+0.01303748j,  0.47681846+0.2275328j ],
          [-0.06578899-0.02487956j, -0.16660093+0.19661394j,
            0.49140415+0.19403344j, -0.42098767-0.68722796j]],
         input_dims=(2, 2), output_dims=(2, 2))"
"Operator([[-0.42098767-0.68722796j,  0.48440098+0.21090925j,
           -0.17979148+0.18462917j, -0.06285844-0.03155946j],
          [ 0.48440098+0.21090925j,  0.49008315+0.01303748j,
            0.08126898+0.63836037j, -0.17979148+0.18462917j],
          [-0.17979148+0.18462917j,  0.08126898+0.63836037j,
            0.49008315+0.01303748j,  0.48440098+0.21090925j],
          [-0.06285844-0.03155946j, -0.17979148+0.18462917j,
            0.48440098+0.21090925j, -0.42098767-0.68722796j]],
         input_dims=(2, 2), output_dims=(2, 2))"
"Operator([[-0.42098767-6.87227959e-01j, -0.27055504+4.53791789e-01j,
            0.22041059-1.33536809e-01j, -0.05266741+4.66189517e-02j],
          [ 0.14786736-5.07210275e-01j,  0.49008315+1.30374836e-02j,
           -0.64351267-2.26356812e-04j,  0.22041059-1.33536809e-01j],
          [ 0.12763888-2.23877703e-01j,  0.6229291 -1.61455718e-01j,
            0.49008315+1.30374836e-02j, -0.27055504+4.53791789e-01j],
          [ 0.00592689-7.00860545e-02j,  0.12763888-2.23877703e-01j,
            0.14786736-5.07210275e-01j, -0.42098767-6.87227959e-01j]],
         input_dims=(2, 2), output_dims=(2, 2))"
"Operator([[-0.42098767-0.68722796j, -0.5275258 -0.02904389j,
           -0.01566663+0.25723037j,  0.05798588-0.03980981j],
          [-0.38064988-0.36637779j,  0.49008315+0.01303748j,
           -0.29845843-0.57011505j, -0.01566663+0.25723037j],
          [-0.25672385+0.02248937j,  0.14609186-0.62671028j,
            0.49008315+0.01303748j, -0.5275258 -0.02904389j],
          [ 0.00271089+0.07028395j, -0.25672385+0.02248937j,
           -0.38064988-0.36637779j, -0.42098767-0.68722796j]],
         input_dims=(2, 2), output_dims=(2, 2))"
"Operator([[-0.42098767-0.68722796j,  0.48440098+0.21090925j,
           -0.17979148+0.18462917j, -0.06285844-0.03155946j],
          [ 0.48440098+0.21090925j,  0.49008315+0.01303748j,
            0.08126898+0.63836037j, -0.17979148+0.18462917j],
          [-0.17979148+0.18462917j,  0.08126898+0.63836037j,
            0.49008315+0.01303748j,  0.48440098+0.21090925j],
          [-0.06285844-0.03155946j, -0.17979148+0.18462917j,
            0.48440098+0.21090925j, -0.42098767-0.68722796j]],
         input_dims=(2, 2), output_dims=(2, 2))"
"Operator([[-0.42098767-0.68722796j,  0.5268585 +0.03933366j,
           -0.02569311+0.25642304j, -0.06021614+0.03634831j],
          [ 0.38772769+0.35887917j,  0.49008315+0.01303748j,
            0.2872751 +0.57583125j, -0.02569311+0.25642304j],
          [-0.25565064+0.03249089j, -0.13383302+0.62944208j,
            0.49008315+0.01303748j,  0.5268585 +0.03933366j],
          [-0.00681919-0.07000487j, -0.25565064+0.03249089j,
            0.38772769+0.35887917j, -0.42098767-0.68722796j]],
         input_dims=(2, 2), output_dims=(2, 2))"
