unitary
"Operator([[-0.6787716 +0.27426894j,  0.1176324 +0.47401989j,
            0.30738753-0.29515555j, -0.1040726 +0.18187475j],
          [-0.3224956 -0.36678172j,  0.16212071+0.2170741j ,
           -0.68572911-0.19035535j,  0.30738753-0.29515555j],
          [-0.0638035 -0.42134666j,  0.69643594-0.14641227j,
            0.16212071+0.2170741j ,  0.1176324 +0.47401989j],
          [-0.16597979-0.12790717j, -0.0638035 -0.42134666j,
           -0.3224956 -0.36678172j, -0.6787716 +0.27426894j]],
         input_dims=(2, 2), output_dims=(2, 2))"
"Operator([[-0.6787716 +0.27426894j,  0.43269975-0.22650203j,
           -0.13716539+0.40347187j, -0.20548305+0.04106397j],
          [ 0.43269975-0.22650203j,  0.16212071+0.2170741j ,
           -0.02261432+0.71130034j, -0.13716539+0.40347187j],
          [-0.13716539+0.40347187j, -0.02261432+0.71130034j,
            0.16212071+0.2170741j ,  0.43269975-0.22650203j],
          [-0.20548305+0.04106397j, -0.13716539+0.40347187j,
            0.43269975-0.22650203j, -0.6787716 +0.27426894j]],
         input_dims=(2, 2), output_dims=(2, 2))"
"Operator([[-0.6787716 +0.27426894j,  0.02547014+0.48773303j,
            0.39528126-0.15923762j, -0.18607493+0.09636208j],
          [-0.38628243-0.29886138j,  0.16212071+0.2170741j ,
           -0.63709923-0.31711852j,  0.39528126-0.15923762j],
          [-0.21632534-0.36716106j,  0.65595647-0.27600849j,
            0.16212071+0.2170741j ,  0.02547014+0.48773303j],
          [-0.2088185 -0.01744612j, -0.21632534-0.36716106j,
           -0.38628243-0.29886138j, -0.6787716 +0.27426894j]],
         input_dims=(2, 2), output_dims=(2, 2))"
"Operator([[-0.6787716 +0.27426894j, -0.0469527 -0.48613546j,
            0.37971401-0.19344551j,  0.1717334 -0.12007153j],
          [ 0.37272793+0.31560439j,  0.16212071+0.2170741j ,
            0.65046333+0.28871617j,  0.37971401-0.19344551j],
          [-0.18313448-0.38479301j, -0.66748942+0.2468146j ,
            0.16212071+0.2170741j , -0.0469527 -0.48613546j],
          [ 0.2046908 +0.04484648j, -0.18313448-0.38479301j,
            0.37272793+0.31560439j, -0.6787716 +0.27426894j]],
         input_dims=(2, 2), output_dims=(2, 2))"
"Operator([[-0.6787716 +0.27426894j,  0.43269975-0.22650203j,
           -0.13716539+0.40347187j, -0.20548305+0.04106397j],
          [ 0.43269975-0.22650203j,  0.16212071+0.2170741j ,
           -0.02261432+0.71130034j, -0.13716539+0.40347187j],
          [-0.13716539+0.40347187j, -0.02261432+0.71130034j,
            0.16212071+0.2170741j ,  0.43269975-0.22650203j],
          [-0.20548305+0.04106397j, -0.13716539+0.40347187j,
            0.43269975-0.22650203j, -0.6787716 +0.27426894j]],
         input_dims=(2, 2), output_dims=(2, 2))"
"Operator([[-0.6787716 +0.27426894j, -0.30109048-0.38454748j,
           -0.01549054-0.42586845j, -0.14181   -0.15427073j],
          [ 0.14442903+0.46655385j,  0.16212071+0.2170741j ,
            0.70364203-0.10652452j, -0.01549054-0.42586845j],
          [ 0.27184108-0.32818642j, -0.69545438-0.15100589j,
            0.16212071+0.2170741j , -0.30109048-0.38454748j],
          [-0.0716268 +0.19692418j,  0.27184108-0.32818642j,
            0.14442903+0.46655385j, -0.6787716 +0.27426894j]],
         input_dims=(2, 2), output_dims=(2, 2))"
"Operator([[-0.6787716 +0.27426894j, -0.40290326+0.27604566j,
           -0.03864931+0.42439384j,  0.17836082-0.10998614j],
          [-0.45643309+0.17378457j,  0.16212071+0.2170741j ,
           -0.06159587-0.70898909j, -0.03864931+0.42439384j],
          [-0.22802035+0.36001474j,  0.10650763-0.70364458j,
            0.16212071+0.2170741j , -0.40290326+0.27604566j],
          [ 0.20693305+0.03298857j, -0.22802035+0.36001474j,
           -0.45643309+0.17378457j, -0.6787716 +0.27426894j]],
         input_dims=(2, 2), output_dims=(2, 2))"
"Operator([[-0.6787716 +0.27426894j,  0.43269975-0.22650203j,
           -0.13716539+0.40347187j, -0.20548305+0.04106397j],
          [ 0.43269975-0.22650203j,  0.16212071+0.2170741j ,
           -0.02261432+0.71130034j, -0.13716539+0.40347187j],
          [-0.13716539+0.40347187j, -0.02261432+0.71130034j,
            0.16212071+0.2170741j ,  0.43269975-0.22650203j],
          [-0.20548305+0.04106397j, -0.13716539+0.40347187j,
            0.43269975-0.22650203j, -0.6787716 +0.27426894j]],
         input_dims=(2, 2), output_dims=(2, 2))"
