unitary
"Operator([[ 0.73851445+0.07252413j, -0.18610871+0.43178647j,
           -0.02310482-0.2261484j , -0.41507579-0.06554236j],
          [ 0.11148989-0.45677786j, -0.22126601-0.0192958j ,
            0.72126397+0.3971075j , -0.02310482-0.2261484j ],
          [-0.09619599-0.20596908j, -0.77739096-0.27125519j,
           -0.22126601-0.0192958j , -0.18610871+0.43178647j],
          [ 0.39530514-0.14253967j, -0.09619599-0.20596908j,
            0.11148989-0.45677786j,  0.73851445+0.07252413j]],
         input_dims=(2, 2), output_dims=(2, 2))"
"Operator([[ 0.73851445+0.07252413j, -0.44584598-0.14932305j,
            0.0604977 +0.21912772j,  0.03974753+0.41833461j],
          [-0.44584598-0.14932305j, -0.22126601-0.0192958j ,
           -0.33535761+0.751965j  ,  0.0604977 +0.21912772j],
          [ 0.0604977 +0.21912772j, -0.33535761+0.751965j  ,
           -0.22126601-0.0192958j , -0.44584598-0.14932305j],
          [ 0.03974753+0.41833461j,  0.0604977 +0.21912772j,
           -0.44584598-0.14932305j,  0.73851445+0.07252413j]],
         input_dims=(2, 2), output_dims=(2, 2))"
"Operator([[ 0.73851445+0.07252413j, -0.44584598-0.14932305j,
            0.0604977 +0.21912772j,  0.03974753+0.41833461j],
          [-0.44584598-0.14932305j, -0.22126601-0.0192958j ,
           -0.33535761+0.751965j  ,  0.0604977 +0.21912772j],
          [ 0.0604977 +0.21912772j, -0.33535761+0.751965j  ,
           -0.22126601-0.0192958j , -0.44584598-0.14932305j],
          [ 0.03974753+0.41833461j,  0.0604977 +0.21912772j,
           -0.44584598-0.14932305j,  0.73851445+0.07252413j]],
         input_dims=(2, 2), output_dims=(2, 2))"
"Operator([[ 0.73851445+0.07252413j,  0.23028148-0.40993469j,
            0.02448327-0.22600332j,  0.37442546+0.19075977j],
          [-0.06306657+0.46593843j, -0.22126601-0.0192958j ,
           -0.67573687-0.47042084j,  0.02448327-0.22600332j],
          [-0.13696888-0.18142893j,  0.80151303+0.18839572j,
           -0.22126601-0.0192958j ,  0.23028148-0.40993469j],
          [-0.33180034+0.25786091j, -0.13696888-0.18142893j,
           -0.06306657+0.46593843j,  0.73851445+0.07252413j]],
         input_dims=(2, 2), output_dims=(2, 2))"
"Operator([[ 0.73851445+0.07252413j, -0.13361623-0.4508023j ,
           -0.22662072-0.01788799j, -0.14721042-0.39358964j],
          [-0.37817383+0.27939321j, -0.22126601-0.0192958j ,
           -0.80825463+0.15697302j, -0.22662072-0.01788799j],
          [ 0.18534266-0.13162456j,  0.42329503+0.70621342j,
           -0.22126601-0.0192958j , -0.13361623-0.4508023j ],
          [ 0.07045261-0.41427062j,  0.18534266-0.13162456j,
           -0.37817383+0.27939321j,  0.73851445+0.07252413j]],
         input_dims=(2, 2), output_dims=(2, 2))"
"Operator([[ 0.73851445+0.07252413j, -0.47017714-0.00307677j,
            0.17844317+0.14083665j,  0.36338013+0.2110417j ],
          [-0.37718759-0.28072323j, -0.22126601-0.0192958j ,
           -0.0845469 +0.81900422j,  0.17844317+0.14083665j],
          [-0.08090915+0.21243973j, -0.55282615+0.61016336j,
           -0.22126601-0.0192958j , -0.47017714-0.00307677j],
          [-0.31713301+0.27569978j, -0.08090915+0.21243973j,
           -0.37718759-0.28072323j,  0.73851445+0.07252413j]],
         input_dims=(2, 2), output_dims=(2, 2))"
