unitary
"Operator([[ 9.20523801e-01-0.36357189j,  2.95292899e-02+0.13941656j,
           -1.17829369e-02+0.00181407j, -1.18990440e-04-0.00056265j],
          [ 2.95292899e-02+0.13941656j,  9.75113011e-01-0.03950844j,
            6.76696943e-03+0.16461113j, -1.17829369e-02+0.00181407j],
          [-1.17829369e-02+0.00181407j,  6.76696943e-03+0.16461113j,
            9.75113011e-01-0.03950844j,  2.95292899e-02+0.13941656j],
          [-1.18990440e-04-0.00056265j, -1.17829369e-02+0.00181407j,
            2.95292899e-02+0.13941656j,  9.20523801e-01-0.36357189j]],
         input_dims=(2, 2), output_dims=(2, 2))"
"Operator([[ 9.20523801e-01-0.36357189j,  2.95292899e-02+0.13941656j,
           -1.17829369e-02+0.00181407j, -1.18990440e-04-0.00056265j],
          [ 2.95292899e-02+0.13941656j,  9.75113011e-01-0.03950844j,
            6.76696943e-03+0.16461113j, -1.17829369e-02+0.00181407j],
          [-1.17829369e-02+0.00181407j,  6.76696943e-03+0.16461113j,
            9.75113011e-01-0.03950844j,  2.95292899e-02+0.13941656j],
          [-1.18990440e-04-0.00056265j, -1.17829369e-02+0.00181407j,
            2.95292899e-02+0.13941656j,  9.20523801e-01-0.36357189j]],
         input_dims=(2, 2), output_dims=(2, 2))"
"Operator([[ 9.20523801e-01-0.36357189j,  2.95292899e-02+0.13941656j,
           -1.17829369e-02+0.00181407j, -1.18990440e-04-0.00056265j],
          [ 2.95292899e-02+0.13941656j,  9.75113011e-01-0.03950844j,
            6.76696943e-03+0.16461113j, -1.17829369e-02+0.00181407j],
          [-1.17829369e-02+0.00181407j,  6.76696943e-03+0.16461113j,
            9.75113011e-01-0.03950844j,  2.95292899e-02+0.13941656j],
          [-1.18990440e-04-0.00056265j, -1.17829369e-02+0.00181407j,
            2.95292899e-02+0.13941656j,  9.20523801e-01-0.36357189j]],
         input_dims=(2, 2), output_dims=(2, 2))"
"Operator([[ 9.20523801e-01-3.63571888e-01j,
            3.32958377e-02-1.38565299e-01j,
           -8.83334303e-03-8.00627806e-03j,
           -5.18943187e-04+2.47858643e-04j],
          [-8.66144173e-02-1.13167564e-01j,
            9.75113011e-01-3.95084415e-02j,
            6.46806021e-02-1.51522389e-01j,
           -8.83334303e-03-8.00627806e-03j],
          [-6.01612359e-03+1.02924581e-02j,
           -7.68991553e-02-1.45702212e-01j,
            9.75113011e-01-3.95084415e-02j,
            3.32958377e-02-1.38565299e-01j],
          [ 5.74858566e-04+1.65398805e-05j,
           -6.01612359e-03+1.02924581e-02j,
           -8.66144173e-02-1.13167564e-01j,
            9.20523801e-01-3.63571888e-01j]],
         input_dims=(2, 2), output_dims=(2, 2))"
"Operator([[ 9.20523801e-01-3.63571888e-01j,
            5.89691591e-03-1.42387434e-01j,
           -1.12092973e-02-4.05956787e-03j,
           -2.96627544e-04+4.92694671e-04j],
          [-6.31178649e-02-1.27769676e-01j,
            9.75113011e-01-3.95084415e-02j,
            3.41869581e-02-1.61164098e-01j,
           -1.12092973e-02-4.05956787e-03j],
          [-9.46916229e-03+7.24316251e-03j,
           -4.72997832e-02-1.57814274e-01j,
            9.75113011e-01-3.95084415e-02j,
            5.89691591e-03-1.42387434e-01j],
          [ 4.70700797e-04+3.30418974e-04j,
           -9.46916229e-03+7.24316251e-03j,
           -6.31178649e-02-1.27769676e-01j,
            9.20523801e-01-3.63571888e-01j]],
         input_dims=(2, 2), output_dims=(2, 2))"
"Operator([[ 9.20523801e-01-0.36357189j, -8.93425468e-03-0.14222916j,
           -1.18064174e-02-0.00165437j, -1.30858929e-04+0.00056001j],
          [-4.94960994e-02-0.13363791j,  9.75113011e-01-0.03950844j,
            1.72509889e-02-0.16384449j, -1.18064174e-02-0.00165437j],
          [-1.07620772e-02+0.00512895j, -3.06409628e-02-0.16187571j,
            9.75113011e-01-0.03950844j, -8.93425468e-03-0.14222916j],
          [ 3.46378465e-04+0.00045908j, -1.07620772e-02+0.00512895j,
           -4.94960994e-02-0.13363791j,  9.20523801e-01-0.36357189j]],
         input_dims=(2, 2), output_dims=(2, 2))"
"Operator([[ 9.20523801e-01-0.36357189j, -1.13414956e-02-0.14205747j,
           -1.18556687e-02-0.00125362j, -1.02251144e-04+0.00056593j],
          [-4.72259650e-02-0.13445692j,  9.75113011e-01-0.03950844j,
            1.44739571e-02-0.16411313j, -1.18556687e-02-0.00125362j],
          [-1.09295882e-02+0.00476157j, -2.78953505e-02-0.16237138j,
            9.75113011e-01-0.03950844j, -1.13414956e-02-0.14205747j],
          [ 3.22617953e-04+0.00047608j, -1.09295882e-02+0.00476157j,
           -4.72259650e-02-0.13445692j,  9.20523801e-01-0.36357189j]],
         input_dims=(2, 2), output_dims=(2, 2))"
"Operator([[ 9.20523801e-01-0.36357189j, -1.36757283e-03-0.14250293j,
           -1.15643226e-02-0.00289739j, -2.18093963e-04+0.00053214j],
          [-5.65240122e-02-0.13082045j,  9.75113011e-01-0.03950844j,
            2.59287450e-02-0.162697j  , -1.15643226e-02-0.00289739j],
          [-1.01573117e-02+0.00624159j, -3.91952539e-02-0.16001983j,
            9.75113011e-01-0.03950844j, -1.36757283e-03-0.14250293j],
          [ 4.14860131e-04+0.00039828j, -1.01573117e-02+0.00624159j,
           -5.65240122e-02-0.13082045j,  9.20523801e-01-0.36357189j]],
         input_dims=(2, 2), output_dims=(2, 2))"
"Operator([[ 9.20523801e-01-3.63571888e-01j,
            1.91561888e-02-1.41216130e-01j,
           -1.02599135e-02-6.07145881e-03j,
           -4.21356974e-04+3.91400356e-04j],
          [-7.47636707e-02-1.21323322e-01j,
            9.75113011e-01-3.95084415e-02j,
            4.90747220e-02-1.57271378e-01j,
           -1.02599135e-02-6.07145881e-03j],
          [-7.95859654e-03+8.87632687e-03j,
           -6.18178029e-02-1.52712717e-01j,
            9.75113011e-01-3.95084415e-02j,
            1.91561888e-02-1.41216130e-01j],
          [ 5.43741350e-04+1.87299979e-04j,
           -7.95859654e-03+8.87632687e-03j,
           -7.47636707e-02-1.21323322e-01j,
            9.20523801e-01-3.63571888e-01j]],
         input_dims=(2, 2), output_dims=(2, 2))"
"Operator([[ 9.20523801e-01-3.63571888e-01j,
            4.67777373e-02-1.34613514e-01j,
           -7.09306250e-03-9.58211365e-03j,
           -5.68663308e-04+8.57786693e-05j],
          [-9.73364580e-02-1.04089235e-01j,
            9.75113011e-01-3.95084415e-02j,
            7.92857982e-02-1.44417371e-01j,
           -7.09306250e-03-9.58211365e-03j],
          [-3.88244465e-03+1.12718703e-02j,
           -9.08718986e-02-1.37422388e-01j,
            9.75113011e-01-3.95084415e-02j,
            4.67777373e-02-1.34613514e-01j],
          [ 5.54702636e-04-1.51792370e-04j,
           -3.88244465e-03+1.12718703e-02j,
           -9.73364580e-02-1.04089235e-01j,
            9.20523801e-01-3.63571888e-01j]],
         input_dims=(2, 2), output_dims=(2, 2))"
"Operator([[ 9.20523801e-01-3.63571888e-01j,
            7.76878131e-02-1.19471999e-01j,
           -1.81687066e-03-1.17825048e-02j,
           -4.82105927e-04-3.13543958e-04j],
          [-1.19453505e-01-7.77162470e-02j,
            9.75113011e-01-3.95084415e-02j,
            1.11598251e-01-1.21195895e-01j,
           -1.81687066e-03-1.17825048e-02j],
          [ 1.81126164e-03+1.17833683e-02j,
           -1.21169330e-01-1.11627094e-01j,
            9.75113011e-01-3.95084415e-02j,
            7.76878131e-02-1.19471999e-01j],
          [ 3.13888122e-04-4.81881920e-04j,
            1.81126164e-03+1.17833683e-02j,
           -1.19453505e-01-7.77162470e-02j,
            9.20523801e-01-3.63571888e-01j]],
         input_dims=(2, 2), output_dims=(2, 2))"
"Operator([[ 9.20523801e-01-0.36357189j,  1.08718694e-01-0.09213686j,
            4.96358979e-03-0.01083934j, -6.91524698e-05-0.00057092j],
          [-1.36737391e-01-0.04014774j,  9.75113011e-01-0.03950844j,
            1.41696360e-01-0.08405211j,  4.96358979e-03-0.01083934j],
          [ 7.99404248e-03+0.00884442j, -1.48117160e-01-0.07213821j,
            9.75113011e-01-0.03950844j,  1.08718694e-01-0.09213686j],
          [-1.67910177e-04-0.00055004j,  7.99404248e-03+0.00884442j,
           -1.36737391e-01-0.04014774j,  9.20523801e-01-0.36357189j]],
         input_dims=(2, 2), output_dims=(2, 2))"
