unitary
"Operator([[ 0.73851445+0.07252413j, -0.04763452-0.46776807j,
           -0.2044868 -0.09930799j,  0.08434103-0.41166771j],
          [-0.31975426+0.34472195j, -0.22126601-0.0192958j ,
           -0.82334563+0.00424899j, -0.2044868 -0.09930799j],
          [ 0.1245705 -0.19015551j,  0.54700216+0.61538989j,
           -0.22126601-0.0192958j , -0.04763452-0.46776807j],
          [-0.16036012-0.38841775j,  0.1245705 -0.19015551j,
           -0.31975426+0.34472195j,  0.73851445+0.07252413j]],
         input_dims=(2, 2), output_dims=(2, 2))"
"Operator([[ 0.73851445+0.07252413j, -0.44584598-0.14932305j,
            0.0604977 +0.21912772j,  0.03974753+0.41833461j],
          [-0.44584598-0.14932305j, -0.22126601-0.0192958j ,
           -0.33535761+0.751965j  ,  0.0604977 +0.21912772j],
          [ 0.0604977 +0.21912772j, -0.33535761+0.751965j  ,
           -0.22126601-0.0192958j , -0.44584598-0.14932305j],
          [ 0.03974753+0.41833461j,  0.0604977 +0.21912772j,
           -0.44584598-0.14932305j,  0.73851445+0.07252413j]],
         input_dims=(2, 2), output_dims=(2, 2))"
"Operator([[ 0.73851445+0.07252413j, -0.44584598-0.14932305j,
            0.0604977 +0.21912772j,  0.03974753+0.41833461j],
          [-0.44584598-0.14932305j, -0.22126601-0.0192958j ,
           -0.33535761+0.751965j  ,  0.0604977 +0.21912772j],
          [ 0.0604977 +0.21912772j, -0.33535761+0.751965j  ,
           -0.22126601-0.0192958j , -0.44584598-0.14932305j],
          [ 0.03974753+0.41833461j,  0.0604977 +0.21912772j,
           -0.44584598-0.14932305j,  0.73851445+0.07252413j]],
         input_dims=(2, 2), output_dims=(2, 2))"
