unitary
"Operator([[ 9.48847733e-01-2.94128629e-01j,
            1.90228649e-02+1.12941502e-01j,
           -7.59729104e-03+9.33129995e-04j,
           -4.89696385e-05-2.91021886e-04j],
          [ 1.90228649e-02+1.12941502e-01j,
            9.84006562e-01-3.22239178e-02j,
            4.37155056e-03+1.32277562e-01j,
           -7.59729104e-03+9.33129995e-04j],
          [-7.59729104e-03+9.33129995e-04j,
            4.37155056e-03+1.32277562e-01j,
            9.84006562e-01-3.22239178e-02j,
            1.90228649e-02+1.12941502e-01j],
          [-4.89696385e-05-2.91021886e-04j,
           -7.59729104e-03+9.33129995e-04j,
            1.90228649e-02+1.12941502e-01j,
            9.48847733e-01-2.94128629e-01j]],
         input_dims=(2, 2), output_dims=(2, 2))"
"Operator([[ 9.48847733e-01-2.94128629e-01j,
            1.90228649e-02+1.12941502e-01j,
           -7.59729104e-03+9.33129995e-04j,
           -4.89696385e-05-2.91021886e-04j],
          [ 1.90228649e-02+1.12941502e-01j,
            9.84006562e-01-3.22239178e-02j,
            4.37155056e-03+1.32277562e-01j,
           -7.59729104e-03+9.33129995e-04j],
          [-7.59729104e-03+9.33129995e-04j,
            4.37155056e-03+1.32277562e-01j,
            9.84006562e-01-3.22239178e-02j,
            1.90228649e-02+1.12941502e-01j],
          [-4.89696385e-05-2.91021886e-04j,
           -7.59729104e-03+9.33129995e-04j,
            1.90228649e-02+1.12941502e-01j,
            9.48847733e-01-2.94128629e-01j]],
         input_dims=(2, 2), output_dims=(2, 2))"
"Operator([[ 9.48847733e-01-2.94128629e-01j,
            4.16861430e-02+1.06676697e-01j,
           -6.59054655e-03+3.89284715e-03j,
           -2.08318962e-04-2.09033427e-04j],
          [-4.44217322e-03+1.14446141e-01j,
            9.84006562e-01-3.22239178e-02j,
            3.12922654e-02+1.28597271e-01j,
           -6.59054655e-03+3.89284715e-03j],
          [-7.33671389e-03-2.18224473e-03j,
           -2.27334128e-02+1.30382729e-01j,
            9.84006562e-01-3.22239178e-02j,
            4.16861430e-02+1.06676697e-01j],
          [ 1.28436804e-04-2.65698609e-04j,
           -7.33671389e-03-2.18224473e-03j,
           -4.44217322e-03+1.14446141e-01j,
            9.48847733e-01-2.94128629e-01j]],
         input_dims=(2, 2), output_dims=(2, 2))"
"Operator([[ 9.48847733e-01-2.94128629e-01j,
            6.19954280e-02+9.63027471e-02j,
           -4.56113908e-03+6.14699707e-03j,
           -2.89870893e-04-5.53771525e-05j],
          [-2.70291251e-02+1.11297253e-01j,
            9.84006562e-01-3.22239178e-02j,
            5.61506824e-02+1.19848091e-01j,
           -4.56113908e-03+6.14699707e-03j],
          [-5.91312505e-03-4.86050562e-03j,
           -4.81152491e-02+1.23293904e-01j,
            9.84006562e-01-3.22239178e-02j,
            6.19954280e-02+9.63027471e-02j],
          [ 2.55784760e-04-1.47193478e-04j,
           -5.91312505e-03-4.86050562e-03j,
           -2.70291251e-02+1.11297253e-01j,
            9.48847733e-01-2.94128629e-01j]],
         input_dims=(2, 2), output_dims=(2, 2))"
"Operator([[ 9.48847733e-01-2.94128629e-01j,
            7.68218113e-02+8.49474044e-02j,
           -2.34882799e-03+7.28509230e-03j,
           -2.81849595e-04+8.74789648e-05j],
          [-4.47571572e-02+1.05425088e-01j,
            9.84006562e-01-3.22239178e-02j,
            7.48812098e-02+1.09129594e-01j,
           -2.34882799e-03+7.28509230e-03j],
          [-4.04198675e-03-6.50014660e-03j,
           -6.75125901e-02+1.13835470e-01j,
            9.84006562e-01-3.22239178e-02j,
            7.68218113e-02+8.49474044e-02j],
          [ 2.94957629e-04-9.57916933e-06j,
           -4.04198675e-03-6.50014660e-03j,
           -4.47571572e-02+1.05425088e-01j,
            9.48847733e-01-2.94128629e-01j]],
         input_dims=(2, 2), output_dims=(2, 2))"
"Operator([[ 9.48847733e-01-2.94128629e-01j,
            8.69985930e-02+7.44909190e-02j,
           -4.35473287e-04+7.64198441e-03j,
           -2.28839244e-04+1.86344745e-04j],
          [-5.77976814e-02+9.88791193e-02j,
            9.84006562e-01-3.22239178e-02j,
            8.81482617e-02+9.87235935e-02j,
           -4.35473287e-04+7.64198441e-03j],
          [-2.27186983e-03-7.30945759e-03j,
           -8.14377445e-02+1.04328125e-01j,
            9.84006562e-01-3.22239178e-02j,
            8.69985930e-02+7.44909190e-02j],
          [ 2.77222251e-04+1.01190845e-04j,
           -2.27186983e-03-7.30945759e-03j,
           -5.77976814e-02+9.88791193e-02j,
            9.48847733e-01-2.94128629e-01j]],
         input_dims=(2, 2), output_dims=(2, 2))"
"Operator([[ 9.48847733e-01-2.94128629e-01j,
            9.39324817e-02+6.55312222e-02j,
            1.07565998e-03+7.57842453e-03j,
           -1.64316165e-04+2.45136618e-04j],
          [-6.72839302e-02+9.26850848e-02j,
            9.84006562e-01-3.22239178e-02j,
            9.74706562e-02+8.95317549e-02j,
            1.07565998e-03+7.57842453e-03j],
          [-7.90270798e-04-7.61347718e-03j,
           -9.13466843e-02+9.57718499e-02j,
            9.84006562e-01-3.22239178e-02j,
            9.39324817e-02+6.55312222e-02j],
          [ 2.35493173e-04+1.77861544e-04j,
           -7.90270798e-04-7.61347718e-03j,
           -6.72839302e-02+9.26850848e-02j,
            9.48847733e-01-2.94128629e-01j]],
         input_dims=(2, 2), output_dims=(2, 2))"
"Operator([[ 9.48847733e-01-2.94128629e-01j,
            9.92087616e-02+5.72300081e-02j,
            2.35550725e-03+7.28293542e-03j,
           -9.64094125e-05+2.78921116e-04j],
          [-7.49883264e-02+8.65702206e-02j,
            9.84006562e-01-3.22239178e-02j,
            1.04793171e-01+8.08384521e-02j,
            2.35550725e-03+7.28293542e-03j],
          [ 5.23043035e-04-7.63649060e-03j,
           -9.92271922e-02+8.75809813e-02j,
            9.84006562e-01-3.22239178e-02j,
            9.92087616e-02+5.72300081e-02j],
          [ 1.82382607e-04+2.32009371e-04j,
            5.23043035e-04-7.63649060e-03j,
           -7.49883264e-02+8.65702206e-02j,
            9.48847733e-01-2.94128629e-01j]],
         input_dims=(2, 2), output_dims=(2, 2))"
"Operator([[ 9.48847733e-01-2.94128629e-01j,
            1.05488910e-01+4.46065253e-02j,
            4.06053949e-03+6.48857317e-03j,
            1.08430056e-05+2.94913873e-04j],
          [-8.50570478e-02+7.67003965e-02j,
            9.84006562e-01-3.22239178e-02j,
            1.13931787e-01+6.73499218e-02j,
            4.06053949e-03+6.48857317e-03j],
          [ 2.36963003e-03-7.27835258e-03j,
           -1.09236441e-01+7.47252557e-02j,
            9.84006562e-01-3.22239178e-02j,
            1.05488910e-01+4.46065253e-02j],
          [ 8.62704068e-05+2.82221864e-04j,
            2.36963003e-03-7.27835258e-03j,
           -8.50570478e-02+7.67003965e-02j,
            9.48847733e-01-2.94128629e-01j]],
         input_dims=(2, 2), output_dims=(2, 2))"
"Operator([[ 9.48847733e-01-2.94128629e-01j,
            1.90228649e-02+1.12941502e-01j,
           -7.59729104e-03+9.33129995e-04j,
           -4.89696385e-05-2.91021886e-04j],
          [ 1.90228649e-02+1.12941502e-01j,
            9.84006562e-01-3.22239178e-02j,
            4.37155056e-03+1.32277562e-01j,
           -7.59729104e-03+9.33129995e-04j],
          [-7.59729104e-03+9.33129995e-04j,
            4.37155056e-03+1.32277562e-01j,
            9.84006562e-01-3.22239178e-02j,
            1.90228649e-02+1.12941502e-01j],
          [-4.89696385e-05-2.91021886e-04j,
           -7.59729104e-03+9.33129995e-04j,
            1.90228649e-02+1.12941502e-01j,
            9.48847733e-01-2.94128629e-01j]],
         input_dims=(2, 2), output_dims=(2, 2))"
"Operator([[ 9.48847733e-01-2.94128629e-01j,
            7.69379744e-02-8.48422083e-02j,
            8.69797350e-04-7.60480212e-03j,
           -1.66137804e-04-2.43905707e-04j],
          [-1.00484798e-01-5.49586901e-02j,
            9.84006562e-01-3.22239178e-02j,
            1.01193559e-01-8.53013922e-02j,
            8.69797350e-04-7.60480212e-03j],
          [ 2.68428642e-03+7.16827519e-03j,
           -1.06604738e-01-7.84340086e-02j,
            9.84006562e-01-3.22239178e-02j,
            7.69379744e-02-8.48422083e-02j],
          [ 7.71658859e-05-2.84845905e-04j,
            2.68428642e-03+7.16827519e-03j,
           -1.00484798e-01-5.49586901e-02j,
            9.48847733e-01-2.94128629e-01j]],
         input_dims=(2, 2), output_dims=(2, 2))"
"Operator([[ 9.48847733e-01-2.94128629e-01j,
            2.12478735e-02-1.12544125e-01j,
           -6.38274606e-03-4.22493970e-03j,
           -2.30007447e-04+1.84900887e-04j],
          [-5.69415818e-02-9.93745866e-02j,
            9.84006562e-01-3.22239178e-02j,
            4.16866123e-02-1.25613257e-01j,
           -6.38274606e-03-4.22493970e-03j],
          [-5.17060677e-03+5.64396920e-03j,
           -4.98892070e-02-1.22586830e-01j,
            9.84006562e-01-3.22239178e-02j,
            2.12478735e-02-1.12544125e-01j],
          [ 2.77853591e-04+9.94441817e-05j,
           -5.17060677e-03+5.64396920e-03j,
           -5.69415818e-02-9.93745866e-02j,
            9.48847733e-01-2.94128629e-01j]],
         input_dims=(2, 2), output_dims=(2, 2))"
"Operator([[ 9.48847733e-01-2.94128629e-01j,
            2.02082543e-02-1.12735437e-01j,
           -6.45964262e-03-4.10640717e-03j,
           -2.24800295e-04+1.91197779e-04j],
          [-5.60219892e-02-9.98958904e-02j,
            9.84006562e-01-3.22239178e-02j,
            4.05255024e-02-1.25992649e-01j,
           -6.45964262e-03-4.10640717e-03j],
          [-5.27390230e-03+5.54756859e-03j,
           -4.87556798e-02-1.23042056e-01j,
            9.84006562e-01-3.22239178e-02j,
            2.02082543e-02-1.12735437e-01j],
          [ 2.74993973e-04+1.07098452e-04j,
           -5.27390230e-03+5.54756859e-03j,
           -5.60219892e-02-9.98958904e-02j,
            9.48847733e-01-2.94128629e-01j]],
         input_dims=(2, 2), output_dims=(2, 2))"
"Operator([[ 9.48847733e-01-2.94128629e-01j,
            3.14653955e-02-1.10125297e-01j,
           -5.50509315e-03-5.31822453e-03j,
           -2.71588788e-04+1.15461221e-04j],
          [-6.58030396e-02-9.37422647e-02j,
            9.84006562e-01-3.22239178e-02j,
            5.30151182e-02-1.21267725e-01j,
           -5.50509315e-03-5.31822453e-03j],
          [-4.05446837e-03+6.49236852e-03j,
           -6.09060825e-02-1.17502822e-01j,
            9.84006562e-01-3.22239178e-02j,
            3.14653955e-02-1.10125297e-01j],
          [ 2.94419612e-04+2.02201823e-05j,
           -4.05446837e-03+6.49236852e-03j,
           -6.58030396e-02-9.37422647e-02j,
            9.48847733e-01-2.94128629e-01j]],
         input_dims=(2, 2), output_dims=(2, 2))"
"Operator([[ 9.48847733e-01-2.94128629e-01j,
            1.90228649e-02+1.12941502e-01j,
           -7.59729104e-03+9.33129995e-04j,
           -4.89696385e-05-2.91021886e-04j],
          [ 1.90228649e-02+1.12941502e-01j,
            9.84006562e-01-3.22239178e-02j,
            4.37155056e-03+1.32277562e-01j,
           -7.59729104e-03+9.33129995e-04j],
          [-7.59729104e-03+9.33129995e-04j,
            4.37155056e-03+1.32277562e-01j,
            9.84006562e-01-3.22239178e-02j,
            1.90228649e-02+1.12941502e-01j],
          [-4.89696385e-05-2.91021886e-04j,
           -7.59729104e-03+9.33129995e-04j,
            1.90228649e-02+1.12941502e-01j,
            9.48847733e-01-2.94128629e-01j]],
         input_dims=(2, 2), output_dims=(2, 2))"
