unitary
"Operator([[-0.84700579+0.17871629j, -0.18438177-0.22669369j,
            0.20472609+0.02722218j, -0.3287836 +0.12042648j],
          [ 0.094787  -0.27640928j, -0.86690086-0.26843928j,
           -0.10615962-0.19264709j,  0.20472609+0.02722218j],
          [-0.11452082+0.17186855j,  0.10728979-0.19201997j,
           -0.86690086-0.26843928j, -0.18438177-0.22669369j],
          [ 0.31480701-0.15328972j, -0.11452082+0.17186855j,
            0.094787  -0.27640928j, -0.84700579+0.17871629j]],
         input_dims=(2, 2), output_dims=(2, 2))"
"Operator([[-8.47005792e-01+0.17871629j, -5.12319815e-02-0.28768377j,
            8.52343281e-02+0.18811945j, -1.37036401e-01-0.32221455j],
          [-5.12319815e-02-0.28768377j, -8.66900861e-01-0.26843928j,
            6.46251898e-04-0.21995988j,  8.52343281e-02+0.18811945j],
          [ 8.52343281e-02+0.18811945j,  6.46251898e-04-0.21995988j,
           -8.66900861e-01-0.26843928j, -5.12319815e-02-0.28768377j],
          [-1.37036401e-01-0.32221455j,  8.52343281e-02+0.18811945j,
           -5.12319815e-02-0.28768377j, -8.47005792e-01+0.17871629j]],
         input_dims=(2, 2), output_dims=(2, 2))"
"Operator([[-8.47005792e-01+0.17871629j, -5.12319815e-02-0.28768377j,
            8.52343281e-02+0.18811945j, -1.37036401e-01-0.32221455j],
          [-5.12319815e-02-0.28768377j, -8.66900861e-01-0.26843928j,
            6.46251898e-04-0.21995988j,  8.52343281e-02+0.18811945j],
          [ 8.52343281e-02+0.18811945j,  6.46251898e-04-0.21995988j,
           -8.66900861e-01-0.26843928j, -5.12319815e-02-0.28768377j],
          [-1.37036401e-01-0.32221455j,  8.52343281e-02+0.18811945j,
           -5.12319815e-02-0.28768377j, -8.47005792e-01+0.17871629j]],
         input_dims=(2, 2), output_dims=(2, 2))"
"Operator([[-0.84700579+0.17871629j,  0.09861751-0.27506591j,
           -0.11925108+0.16862087j,  0.32092016-0.14004087j],
          [-0.18751303-0.22411053j, -0.86690086-0.26843928j,
            0.10994682-0.19051106j, -0.11925108+0.16862087j],
          [ 0.2054033 +0.02152445j, -0.10882548-0.19115382j,
           -0.86690086-0.26843928j,  0.09861751-0.27506591j],
          [-0.32348082+0.13401997j,  0.2054033 +0.02152445j,
           -0.18751303-0.22411053j, -0.84700579+0.17871629j]],
         input_dims=(2, 2), output_dims=(2, 2))"
