theta
-1.2146034089145181
3.131169181724427
