unitary
"Operator([[ 9.05698036e-01-0.39428106j,  3.50208811e-02+0.15108236j,
           -1.39677146e-02+0.00234937j, -1.68104948e-04-0.00072655j],
          [ 3.50208811e-02+0.15108236j,  9.70446769e-01-0.04265846j,
            8.01347011e-03+0.17915398j, -1.39677146e-02+0.00234937j],
          [-1.39677146e-02+0.00234937j,  8.01347011e-03+0.17915398j,
            9.70446769e-01-0.04265846j,  3.50208811e-02+0.15108236j],
          [-1.68104948e-04-0.00072655j, -1.39677146e-02+0.00234937j,
            3.50208811e-02+0.15108236j,  9.05698036e-01-0.39428106j]],
         input_dims=(2, 2), output_dims=(2, 2))"
"Operator([[ 9.05698036e-01-0.39428106j,  3.50208811e-02+0.15108236j,
           -1.39677146e-02+0.00234937j, -1.68104948e-04-0.00072655j],
          [ 3.50208811e-02+0.15108236j,  9.70446769e-01-0.04265846j,
            8.01347011e-03+0.17915398j, -1.39677146e-02+0.00234937j],
          [-1.39677146e-02+0.00234937j,  8.01347011e-03+0.17915398j,
            9.70446769e-01-0.04265846j,  3.50208811e-02+0.15108236j],
          [-1.68104948e-04-0.00072655j, -1.39677146e-02+0.00234937j,
            3.50208811e-02+0.15108236j,  9.05698036e-01-0.39428106j]],
         input_dims=(2, 2), output_dims=(2, 2))"
"Operator([[ 9.05698036e-01-3.94281058e-01j,
            9.95922284e-02+1.18885367e-01j,
           -6.35232702e-03+1.26595637e-02j,
           -7.44159550e-04+4.85907290e-05j],
          [-3.71307008e-02+1.50577733e-01j,
            9.70446769e-01-4.26584628e-02j,
            8.82094750e-02+1.56139213e-01j,
           -6.35232702e-03+1.26595637e-02j],
          [-1.01443007e-02-9.88482548e-03j,
           -7.39170423e-02+1.63391053e-01j,
            9.70446769e-01-4.26584628e-02j,
            9.95922284e-02+1.18885367e-01j],
          [ 6.89875208e-04-2.83207860e-04j,
           -1.01443007e-02-9.88482548e-03j,
           -3.71307008e-02+1.50577733e-01j,
            9.05698036e-01-3.94281058e-01j]],
         input_dims=(2, 2), output_dims=(2, 2))"
"Operator([[ 9.05698036e-01-0.39428106j,  3.50208811e-02+0.15108236j,
           -1.39677146e-02+0.00234937j, -1.68104948e-04-0.00072655j],
          [ 3.50208811e-02+0.15108236j,  9.70446769e-01-0.04265846j,
            8.01347011e-03+0.17915398j, -1.39677146e-02+0.00234937j],
          [-1.39677146e-02+0.00234937j,  8.01347011e-03+0.17915398j,
            9.70446769e-01-0.04265846j,  3.50208811e-02+0.15108236j],
          [-1.68104948e-04-0.00072655j, -1.39677146e-02+0.00234937j,
            3.50208811e-02+0.15108236j,  9.05698036e-01-0.39428106j]],
         input_dims=(2, 2), output_dims=(2, 2))"
"Operator([[ 9.05698036e-01-0.39428106j,  1.33576645e-01+0.07880116j,
            3.03449406e-03+0.01383504j, -3.47087239e-04+0.00066005j],
          [-8.52847516e-02+0.12953321j,  9.70446769e-01-0.04265846j,
            1.35288366e-01+0.11771756j,  3.03449406e-03+0.01383504j],
          [-1.65855132e-03-0.01406648j, -1.24238226e-01+0.12932605j,
            9.70446769e-01-0.04265846j,  1.33576645e-01+0.07880116j],
          [ 6.01729918e-04+0.00044052j, -1.65855132e-03-0.01406648j,
           -8.52847516e-02+0.12953321j,  9.05698036e-01-0.39428106j]],
         input_dims=(2, 2), output_dims=(2, 2))"
"Operator([[ 9.05698036e-01-0.39428106j,  1.36913476e-01+0.07284945j,
            4.23865793e-03+0.01351482j, -2.57194672e-04+0.00069999j],
          [-9.08997978e-02+0.12565655j,  9.70446769e-01-0.04265846j,
            1.40335299e-01+0.1116529j ,  4.23865793e-03+0.01351482j],
          [-4.15888131e-04-0.01415781j, -1.29806460e-01+0.1237362j ,
            9.70446769e-01-0.04265846j,  1.36913476e-01+0.07284945j],
          [ 5.38516089e-04+0.00051588j, -4.15888131e-04-0.01415781j,
           -9.08997978e-02+0.12565655j,  9.05698036e-01-0.39428106j]],
         input_dims=(2, 2), output_dims=(2, 2))"
"Operator([[ 9.05698036e-01-0.39428106j,  1.35873252e-01+0.07477166j,
            3.85609814e-03+0.01362891j, -2.86550719e-04+0.00068849j],
          [-8.91199617e-02+0.12692508j,  9.70446769e-01-0.04265846j,
            1.38747900e-01+0.11361948j,  3.85609814e-03+0.01362891j],
          [-8.14720006e-04-0.01414047j, -1.28049823e-01+0.12555321j,
            9.70446769e-01-0.04265846j,  1.35873252e-01+0.07477166j],
          [ 5.59839249e-04+0.00049266j, -8.14720006e-04-0.01414047j,
           -8.91199617e-02+0.12692508j,  9.05698036e-01-0.39428106j]],
         input_dims=(2, 2), output_dims=(2, 2))"
"Operator([[ 9.05698036e-01-0.39428106j,  1.31957188e-01-0.081484j  ,
            9.68913001e-03-0.01033138j,  2.67713649e-04-0.00069603j],
          [-1.54349554e-01-0.01511812j,  9.70446769e-01-0.04265846j,
            1.67189849e-01-0.06486848j,  9.68913001e-03-0.01033138j],
          [ 1.25358380e-02+0.00659313j, -1.72313665e-01-0.04968265j,
            9.70446769e-01-0.04265846j,  1.31957188e-01-0.081484j  ],
          [-5.46228806e-04-0.00050771j,  1.25358380e-02+0.00659313j,
           -1.54349554e-01-0.01511812j,  9.05698036e-01-0.39428106j]],
         input_dims=(2, 2), output_dims=(2, 2))"
"Operator([[ 9.05698036e-01-0.39428106j,  3.98019041e-04-0.15508767j,
           -1.35559878e-02-0.0041051j , -3.33513729e-04+0.00066701j],
          [-6.85898383e-02-0.13909629j,  9.70446769e-01-0.04265846j,
            3.31012003e-02-0.17625174j, -1.35559878e-02-0.0041051j ],
          [-1.14670944e-02+0.00831399j, -4.87048370e-02-0.1725926j ,
            9.70446769e-01-0.04265846j,  3.98019041e-04-0.15508767j],
          [ 5.92593519e-04+0.00045273j, -1.14670944e-02+0.00831399j,
           -6.85898383e-02-0.13909629j,  9.05698036e-01-0.39428106j]],
         input_dims=(2, 2), output_dims=(2, 2))"
"Operator([[ 9.05698036e-01-3.94281058e-01j,
            2.17125712e-02-1.53560759e-01j,
           -1.19258427e-02-7.64139304e-03j,
           -5.73511583e-04+4.76674899e-04j],
          [-8.70588954e-02-1.28347541e-01j,
            9.70446769e-01-4.26584628e-02j,
            5.70145231e-02-1.70028555e-01j,
           -1.19258427e-02-7.64139304e-03j],
          [-8.76976631e-03+1.11224013e-02j,
           -7.19670542e-02-1.64259272e-01j,
            9.70446769e-01-4.26584628e-02j,
            2.17125712e-02-1.53560759e-01j],
          [ 7.24599036e-04+1.76325643e-04j,
           -8.76976631e-03+1.11224013e-02j,
           -8.70588954e-02-1.28347541e-01j,
            9.05698036e-01-3.94281058e-01j]],
         input_dims=(2, 2), output_dims=(2, 2))"
"Operator([[ 9.05698036e-01-0.39428106j,  3.50208811e-02+0.15108236j,
           -1.39677146e-02+0.00234937j, -1.68104948e-04-0.00072655j],
          [ 3.50208811e-02+0.15108236j,  9.70446769e-01-0.04265846j,
            8.01347011e-03+0.17915398j, -1.39677146e-02+0.00234937j],
          [-1.39677146e-02+0.00234937j,  8.01347011e-03+0.17915398j,
            9.70446769e-01-0.04265846j,  3.50208811e-02+0.15108236j],
          [-1.68104948e-04-0.00072655j, -1.39677146e-02+0.00234937j,
            3.50208811e-02+0.15108236j,  9.05698036e-01-0.39428106j]],
         input_dims=(2, 2), output_dims=(2, 2))"
