unitary
"Operator([[ 8.49807622e-01-0.48915947j, -1.86765036e-01-0.05614805j,
            1.31575161e-02+0.01846115j, -1.73950178e-04-0.00150787j],
          [ 1.25601474e-01-0.14919133j,  9.52785453e-01-0.05202104j,
           -1.95269761e-01-0.11320642j,  1.31575161e-02+0.01846115j],
          [ 4.42024865e-03-0.02223501j,  1.81354839e-01-0.13437409j,
            9.52785453e-01-0.05202104j, -1.86765036e-01-0.05614805j],
          [-6.77228401e-04-0.00135842j,  4.42024865e-03-0.02223501j,
            1.25601474e-01-0.14919133j,  8.49807622e-01-0.48915947j]],
         input_dims=(2, 2), output_dims=(2, 2))"
"Operator([[ 8.49807622e-01-0.48915947j,  5.56732257e-02+0.18690713j,
           -2.21650333e-02+0.00475873j, -4.32099984e-04-0.00145507j],
          [ 5.56732257e-02+0.18690713j,  9.52785453e-01-0.05202104j,
            1.26658519e-02+0.2253565j , -2.21650333e-02+0.00475873j],
          [-2.21650333e-02+0.00475873j,  1.26658519e-02+0.2253565j ,
            9.52785453e-01-0.05202104j,  5.56732257e-02+0.18690713j],
          [-4.32099984e-04-0.00145507j, -2.21650333e-02+0.00475873j,
            5.56732257e-02+0.18690713j,  8.49807622e-01-0.48915947j]],
         input_dims=(2, 2), output_dims=(2, 2))"
"Operator([[ 8.49807622e-01-0.48915947j,  5.56732257e-02+0.18690713j,
           -2.21650333e-02+0.00475873j, -4.32099984e-04-0.00145507j],
          [ 5.56732257e-02+0.18690713j,  9.52785453e-01-0.05202104j,
            1.26658519e-02+0.2253565j , -2.21650333e-02+0.00475873j],
          [-2.21650333e-02+0.00475873j,  1.26658519e-02+0.2253565j ,
            9.52785453e-01-0.05202104j,  5.56732257e-02+0.18690713j],
          [-4.32099984e-04-0.00145507j, -2.21650333e-02+0.00475873j,
            5.56732257e-02+0.18690713j,  8.49807622e-01-0.48915947j]],
         input_dims=(2, 2), output_dims=(2, 2))"
"Operator([[ 8.49807622e-01-0.48915947j,  5.56732257e-02+0.18690713j,
           -2.21650333e-02+0.00475873j, -4.32099984e-04-0.00145507j],
          [ 5.56732257e-02+0.18690713j,  9.52785453e-01-0.05202104j,
            1.26658519e-02+0.2253565j , -2.21650333e-02+0.00475873j],
          [-2.21650333e-02+0.00475873j,  1.26658519e-02+0.2253565j ,
            9.52785453e-01-0.05202104j,  5.56732257e-02+0.18690713j],
          [-4.32099984e-04-0.00145507j, -2.21650333e-02+0.00475873j,
            5.56732257e-02+0.18690713j,  8.49807622e-01-0.48915947j]],
         input_dims=(2, 2), output_dims=(2, 2))"
"Operator([[ 8.49807622e-01-0.48915947j, -1.02750648e-01+0.16575912j,
           -2.11586579e-03-0.02257116j,  1.18619387e-03+0.00094704j],
          [ 1.76704218e-01+0.0825191j ,  9.52785453e-01-0.05202104j,
           -1.60058943e-01+0.15914493j, -2.11586579e-03-0.02257116j],
          [ 7.33538355e-03+0.02145056j,  1.76883637e-01+0.14020754j,
            9.52785453e-01-0.05202104j, -1.02750648e-01+0.16575912j],
          [-4.77050168e-04+0.00144096j,  7.33538355e-03+0.02145056j,
            1.76704218e-01+0.0825191j ,  8.49807622e-01-0.48915947j]],
         input_dims=(2, 2), output_dims=(2, 2))"
"Operator([[ 8.49807622e-01-0.48915947j, -8.76843768e-02+0.17419883j,
           -6.06048923e-03-0.02184501j,  1.39326765e-03+0.00060228j],
          [ 1.68711621e-01+0.09782725j,  9.52785453e-01-0.05202104j,
           -1.45353103e-01+0.1726802j , -6.06048923e-03-0.02184501j],
          [ 3.44032242e-03+0.02240755j,  1.63787082e-01+0.1553054j ,
            9.52785453e-01-0.05202104j, -8.76843768e-02+0.17419883j],
          [-8.38727173e-04+0.0012651j ,  3.44032242e-03+0.02240755j,
            1.68711621e-01+0.09782725j,  8.49807622e-01-0.48915947j]],
         input_dims=(2, 2), output_dims=(2, 2))"
"Operator([[ 8.49807622e-01-0.48915947j, -8.40873684e-02+0.17596334j,
           -6.95269359e-03-0.02157763j,  1.42771879e-03+0.00051532j],
          [ 1.66666388e-01+0.10127239j,  9.52785453e-01-0.05202104j,
           -1.41775122e-01+0.17562969j, -6.95269359e-03-0.02157763j],
          [ 2.51699224e-03+0.02252996j,  1.60562135e-01+0.15863724j,
            9.52785453e-01-0.05202104j, -8.40873684e-02+0.17596334j],
          [-9.15056264e-04+0.00121104j,  2.51699224e-03+0.02252996j,
            1.66666388e-01+0.10127239j,  8.49807622e-01-0.48915947j]],
         input_dims=(2, 2), output_dims=(2, 2))"
"Operator([[ 0.84980762-4.89159468e-01j, -0.03084445+1.92567916e-01j,
           -0.01755386-1.43455971e-02j,  0.00132137-7.46937700e-04j],
          [ 0.13118712+1.44304265e-01j,  0.95278545-5.20210443e-02j,
           -0.0862677 +2.08575787e-01j, -0.01755386-1.43455971e-02j],
          [-0.01011847+2.02867128e-02j,  0.109096  +1.97595639e-01j,
            0.95278545-5.20210443e-02j, -0.03084445+1.92567916e-01j],
          [-0.00151488+9.53194664e-05j, -0.01011847+2.02867128e-02j,
            0.13118712+1.44304265e-01j,  0.84980762-4.89159468e-01j]],
         input_dims=(2, 2), output_dims=(2, 2))"
"Operator([[ 8.49807622e-01-0.48915947j, -1.14937010e-02-0.19468353j,
           -2.19677581e-02-0.00559927j, -5.95163727e-04+0.00139632j],
          [-9.69071745e-02-0.16924179j,  9.52785453e-01-0.05202104j,
            3.91613129e-02-0.22228892j, -2.19677581e-02-0.00559927j],
          [-1.77334976e-02+0.01412293j, -6.38228880e-02-0.21650084j,
            9.52785453e-01-0.05202104j, -1.14937010e-02-0.19468353j],
          [ 1.26080204e-03+0.00084517j, -1.77334976e-02+0.01412293j,
           -9.69071745e-02-0.16924179j,  8.49807622e-01-0.48915947j]],
         input_dims=(2, 2), output_dims=(2, 2))"
"Operator([[ 8.49807622e-01-0.48915947j,  5.56732257e-02+0.18690713j,
           -2.21650333e-02+0.00475873j, -4.32099984e-04-0.00145507j],
          [ 5.56732257e-02+0.18690713j,  9.52785453e-01-0.05202104j,
            1.26658519e-02+0.2253565j , -2.21650333e-02+0.00475873j],
          [-2.21650333e-02+0.00475873j,  1.26658519e-02+0.2253565j ,
            9.52785453e-01-0.05202104j,  5.56732257e-02+0.18690713j],
          [-4.32099984e-04-0.00145507j, -2.21650333e-02+0.00475873j,
            5.56732257e-02+0.18690713j,  8.49807622e-01-0.48915947j]],
         input_dims=(2, 2), output_dims=(2, 2))"
"Operator([[ 8.49807622e-01-0.48915947j,  5.56732257e-02+0.18690713j,
           -2.21650333e-02+0.00475873j, -4.32099984e-04-0.00145507j],
          [ 5.56732257e-02+0.18690713j,  9.52785453e-01-0.05202104j,
            1.26658519e-02+0.2253565j , -2.21650333e-02+0.00475873j],
          [-2.21650333e-02+0.00475873j,  1.26658519e-02+0.2253565j ,
            9.52785453e-01-0.05202104j,  5.56732257e-02+0.18690713j],
          [-4.32099984e-04-0.00145507j, -2.21650333e-02+0.00475873j,
            5.56732257e-02+0.18690713j,  8.49807622e-01-0.48915947j]],
         input_dims=(2, 2), output_dims=(2, 2))"
"Operator([[ 8.49807622e-01-0.48915947j,  1.47160761e-01-0.12797458j,
            1.10027187e-02-0.01982106j,  4.99419774e-06-0.00151786j],
          [-1.93200989e-01-0.02659248j,  9.52785453e-01-0.05202104j,
            1.99952268e-01-0.10471421j,  1.10027187e-02-0.01982106j],
          [ 1.81690457e-02+0.01355802j, -2.10426580e-01-0.08164943j,
            9.52785453e-01-0.05202104j,  1.47160761e-01-0.12797458j],
          [-8.32623241e-04-0.00126912j,  1.81690457e-02+0.01355802j,
           -1.93200989e-01-0.02659248j,  8.49807622e-01-0.48915947j]],
         input_dims=(2, 2), output_dims=(2, 2))"
"Operator([[ 8.49807622e-01-0.48915947j,  5.56732257e-02+0.18690713j,
           -2.21650333e-02+0.00475873j, -4.32099984e-04-0.00145507j],
          [ 5.56732257e-02+0.18690713j,  9.52785453e-01-0.05202104j,
            1.26658519e-02+0.2253565j , -2.21650333e-02+0.00475873j],
          [-2.21650333e-02+0.00475873j,  1.26658519e-02+0.2253565j ,
            9.52785453e-01-0.05202104j,  5.56732257e-02+0.18690713j],
          [-4.32099984e-04-0.00145507j, -2.21650333e-02+0.00475873j,
            5.56732257e-02+0.18690713j,  8.49807622e-01-0.48915947j]],
         input_dims=(2, 2), output_dims=(2, 2))"
