unitary
"Operator([[ 0.82465199-5.24388532e-01j, -0.1390503 -1.57871425e-01j,
           -0.01329911+2.29525792e-02j,  0.00192476+6.39419118e-05j],
          [ 0.01984172-2.09438964e-01j,  0.94479879-5.53159953e-02j,
           -0.11005643-2.17303734e-01j, -0.01329911+2.29525792e-02j],
          [-0.02207997-1.47024474e-02j,  0.08300853-2.29004176e-01j,
            0.94479879-5.53159953e-02j, -0.1390503 -1.57871425e-01j],
          [-0.00152288+1.17882408e-03j, -0.02207997-1.47024474e-02j,
            0.01984172-2.09438964e-01j,  0.82465199-5.24388532e-01j]],
         input_dims=(2, 2), output_dims=(2, 2))"
"Operator([[ 8.24651986e-01-0.52438853j, -1.03116004e-01+0.18337247j,
           -3.90468395e-03-0.02623815j,  1.59520820e-03+0.00107894j],
          [ 1.91146638e-01+0.08787113j,  9.44798788e-01-0.055316j  ,
           -1.68788007e-01+0.17562442j, -3.90468395e-03-0.02623815j],
          [ 8.10403536e-03+0.02525889j,  1.88761762e-01+0.1539556j ,
            9.44798788e-01-0.055316j  , -1.03116004e-01+0.18337247j],
          [-6.61425322e-04+0.00180868j,  8.10403536e-03+0.02525889j,
            1.91146638e-01+0.08787113j,  8.24651986e-01-0.52438853j]],
         input_dims=(2, 2), output_dims=(2, 2))"
"Operator([[ 8.24651986e-01-0.52438853j,  6.49420862e-02+0.20010222j,
           -2.58339895e-02+0.00602429j, -5.92551551e-04-0.0018324j ],
          [ 6.49420862e-02+0.20010222j,  9.44798788e-01-0.055316j  ,
            1.47350671e-02+0.24313825j, -2.58339895e-02+0.00602429j],
          [-2.58339895e-02+0.00602429j,  1.47350671e-02+0.24313825j,
            9.44798788e-01-0.055316j  ,  6.49420862e-02+0.20010222j],
          [-5.92551551e-04-0.0018324j , -2.58339895e-02+0.00602429j,
            6.49420862e-02+0.20010222j,  8.24651986e-01-0.52438853j]],
         input_dims=(2, 2), output_dims=(2, 2))"
"Operator([[ 8.24651986e-01-0.52438853j, -1.49913624e-01+0.14759498j,
            1.06742945e-02-0.0242847j ,  2.55990545e-04+0.00190873j],
          [ 2.08015539e-01+0.03143102j,  9.44798788e-01-0.055316j  ,
           -2.10862999e-01+0.12194312j,  1.06742945e-02-0.0242847j ],
          [ 2.03151431e-02+0.0170582j ,  2.24046062e-01+0.09558604j,
            9.44798788e-01-0.055316j  , -1.49913624e-01+0.14759498j],
          [ 9.10083946e-04+0.00169722j,  2.03151431e-02+0.0170582j ,
            2.08015539e-01+0.03143102j,  8.24651986e-01-0.52438853j]],
         input_dims=(2, 2), output_dims=(2, 2))"
"Operator([[ 8.24651986e-01-0.52438853j,  6.49420862e-02+0.20010222j,
           -2.58339895e-02+0.00602429j, -5.92551551e-04-0.0018324j ],
          [ 6.49420862e-02+0.20010222j,  9.44798788e-01-0.055316j  ,
            1.47350671e-02+0.24313825j, -2.58339895e-02+0.00602429j],
          [-2.58339895e-02+0.00602429j,  1.47350671e-02+0.24313825j,
            9.44798788e-01-0.055316j  ,  6.49420862e-02+0.20010222j],
          [-5.92551551e-04-0.0018324j , -2.58339895e-02+0.00602429j,
            6.49420862e-02+0.20010222j,  8.24651986e-01-0.52438853j]],
         input_dims=(2, 2), output_dims=(2, 2))"
"Operator([[ 8.24651986e-01-0.52438853j,  6.49420862e-02+0.20010222j,
           -2.58339895e-02+0.00602429j, -5.92551551e-04-0.0018324j ],
          [ 6.49420862e-02+0.20010222j,  9.44798788e-01-0.055316j  ,
            1.47350671e-02+0.24313825j, -2.58339895e-02+0.00602429j],
          [-2.58339895e-02+0.00602429j,  1.47350671e-02+0.24313825j,
            9.44798788e-01-0.055316j  ,  6.49420862e-02+0.20010222j],
          [-5.92551551e-04-0.0018324j , -2.58339895e-02+0.00602429j,
            6.49420862e-02+0.20010222j,  8.24651986e-01-0.52438853j]],
         input_dims=(2, 2), output_dims=(2, 2))"
"Operator([[ 8.24651986e-01-0.52438853j, -1.58758183e-01+0.138037j  ,
            1.35918257e-02-0.02278046j, -1.00886469e-04+0.00192318j],
          [ 2.09561671e-01+0.01850079j,  9.44798788e-01-0.055316j  ,
           -2.18003700e-01+0.10866332j,  1.35918257e-02-0.02278046j],
          [ 2.22663645e-02+0.0144186j ,  2.29530782e-01+0.08154109j,
            9.44798788e-01-0.055316j  , -1.58758183e-01+0.138037j  ],
          [ 1.20784683e-03+0.00149997j,  2.22663645e-02+0.0144186j ,
            2.09561671e-01+0.01850079j,  8.24651986e-01-0.52438853j]],
         input_dims=(2, 2), output_dims=(2, 2))"
"Operator([[ 0.82465199-0.52438853j,  0.18253098-0.10459835j,
            0.02124261-0.01588832j,  0.00114763-0.00154653j],
          [-0.20916737+0.02252521j,  0.94479879-0.055316j  ,
            0.23494866-0.0642842j ,  0.02124261-0.01588832j],
          [ 0.02607937+0.00485319j, -0.24099233-0.03544043j,
            0.94479879-0.055316j  ,  0.18253098-0.10459835j],
          [-0.00183586-0.00058174j,  0.02607937+0.00485319j,
           -0.20916737+0.02252521j,  0.82465199-0.52438853j]],
         input_dims=(2, 2), output_dims=(2, 2))"
