unitary
"Operator([[ 8.86340847e-01-0.43033515j,  4.21826807e-02+0.16473853j,
           -1.68138086e-02+0.00311693j, -2.45314235e-04-0.00096019j],
          [ 4.21826807e-02+0.16473853j,  9.64342661e-01-0.04628868j,
            9.63322217e-03+0.19646172j, -1.68138086e-02+0.00311693j],
          [-1.68138086e-02+0.00311693j,  9.63322217e-03+0.19646172j,
            9.64342661e-01-0.04628868j,  4.21826807e-02+0.16473853j],
          [-2.45314235e-04-0.00096019j, -1.68138086e-02+0.00311693j,
            4.21826807e-02+0.16473853j,  8.86340847e-01-0.43033515j]],
         input_dims=(2, 2), output_dims=(2, 2))"
"Operator([[ 8.86340847e-01-0.43033515j,  4.21826807e-02+0.16473853j,
           -1.68138086e-02+0.00311693j, -2.45314235e-04-0.00096019j],
          [ 4.21826807e-02+0.16473853j,  9.64342661e-01-0.04628868j,
            9.63322217e-03+0.19646172j, -1.68138086e-02+0.00311693j],
          [-1.68138086e-02+0.00311693j,  9.63322217e-03+0.19646172j,
            9.64342661e-01-0.04628868j,  4.21826807e-02+0.16473853j],
          [-2.45314235e-04-0.00096019j, -1.68138086e-02+0.00311693j,
            4.21826807e-02+0.16473853j,  8.86340847e-01-0.43033515j]],
         input_dims=(2, 2), output_dims=(2, 2))"
"Operator([[ 8.86340847e-01-4.30335148e-01j,
            1.15474637e-01+1.24834973e-01j,
           -6.59467735e-03+1.57775047e-02j,
           -9.77293269e-04+1.64460900e-04j],
          [-4.12676112e-02+1.64970139e-01j,
            9.64342661e-01-4.62886825e-02j,
            1.01936108e-01+1.68223179e-01j,
           -6.59467735e-03+1.57775047e-02j],
          [-1.18117760e-02-1.23653295e-02j,
           -8.49895135e-02+1.77388812e-01j,
            9.64342661e-01-4.62886825e-02j,
            1.15474637e-01+1.24834973e-01j],
          [ 9.36415573e-04-3.24461700e-04j,
           -1.18117760e-02-1.23653295e-02j,
           -4.12676112e-02+1.64970139e-01j,
            8.86340847e-01-4.30335148e-01j]],
         input_dims=(2, 2), output_dims=(2, 2))"
"Operator([[ 8.86340847e-01-0.43033515j,  4.21826807e-02+0.16473853j,
           -1.68138086e-02+0.00311693j, -2.45314235e-04-0.00096019j],
          [ 4.21826807e-02+0.16473853j,  9.64342661e-01-0.04628868j,
            9.63322217e-03+0.19646172j, -1.68138086e-02+0.00311693j],
          [-1.68138086e-02+0.00311693j,  9.63322217e-03+0.19646172j,
            9.64342661e-01-0.04628868j,  4.21826807e-02+0.16473853j],
          [-2.45314235e-04-0.00096019j, -1.68138086e-02+0.00311693j,
            4.21826807e-02+0.16473853j,  8.86340847e-01-0.43033515j]],
         input_dims=(2, 2), output_dims=(2, 2))"
"Operator([[ 8.86340847e-01-0.43033515j,  4.21826807e-02+0.16473853j,
           -1.68138086e-02+0.00311693j, -2.45314235e-04-0.00096019j],
          [ 4.21826807e-02+0.16473853j,  9.64342661e-01-0.04628868j,
            9.63322217e-03+0.19646172j, -1.68138086e-02+0.00311693j],
          [-1.68138086e-02+0.00311693j,  9.63322217e-03+0.19646172j,
            9.64342661e-01-0.04628868j,  4.21826807e-02+0.16473853j],
          [-2.45314235e-04-0.00096019j, -1.68138086e-02+0.00311693j,
            4.21826807e-02+0.16473853j,  8.86340847e-01-0.43033515j]],
         input_dims=(2, 2), output_dims=(2, 2))"
"Operator([[ 8.86340847e-01-0.43033515j,  1.70045418e-01-0.00164867j,
            1.63432937e-02+0.00503152j,  8.82315623e-04+0.0004513j ],
          [-1.49911473e-01+0.08027897j,  9.64342661e-01-0.04628868j,
            1.93083989e-01+0.03753107j,  1.63432937e-02+0.00503152j],
          [ 1.34538230e-02-0.01055529j, -1.88486017e-01+0.05624082j,
            9.64342661e-01-0.04628868j,  1.70045418e-01-0.00164867j],
          [-5.57722671e-04+0.0008192j ,  1.34538230e-02-0.01055529j,
           -1.49911473e-01+0.08027897j,  8.86340847e-01-0.43033515j]],
         input_dims=(2, 2), output_dims=(2, 2))"
"Operator([[ 8.86340847e-01-0.43033515j,  1.43987924e-01+0.09047453j,
            2.22938250e-03+0.01695433j, -5.71054869e-04+0.00080997j],
          [-8.27857825e-02+0.14854183j,  9.64342661e-01-0.04628868j,
            1.42209751e-01+0.13589111j,  2.22938250e-03+0.01695433j],
          [-3.99587416e-03-0.01662686j, -1.28233071e-01+0.14915189j,
            9.64342661e-01-0.04628868j,  1.43987924e-01+0.09047453j],
          [ 8.89583269e-04+0.0004368j , -3.99587416e-03-0.01662686j,
           -8.27857825e-02+0.14854183j,  8.86340847e-01-0.43033515j]],
         input_dims=(2, 2), output_dims=(2, 2))"
"Operator([[ 8.86340847e-01-4.30335148e-01j,
            1.53626668e-01-7.29178243e-02j,
            1.44127038e-02-9.20290138e-03j,
            6.70587709e-04-7.29699695e-04j],
          [-1.69765605e-01+9.88947565e-03j,
            9.64342661e-01-4.62886825e-02j,
            1.90990647e-01-4.70380776e-02j,
            1.44127038e-02-9.20290138e-03j],
          [ 1.67537096e-02+3.42529381e-03j,
           -1.94676282e-01-2.81274464e-02j,
            9.64342661e-01-4.62886825e-02j,
            1.53626668e-01-7.29178243e-02j],
          [-9.38417968e-04-3.18623976e-04j,
            1.67537096e-02+3.42529381e-03j,
           -1.69765605e-01+9.88947565e-03j,
            8.86340847e-01-4.30335148e-01j]],
         input_dims=(2, 2), output_dims=(2, 2))"
"Operator([[ 8.86340847e-01-0.43033515j,  4.21826807e-02+0.16473853j,
           -1.68138086e-02+0.00311693j, -2.45314235e-04-0.00096019j],
          [ 4.21826807e-02+0.16473853j,  9.64342661e-01-0.04628868j,
            9.63322217e-03+0.19646172j, -1.68138086e-02+0.00311693j],
          [-1.68138086e-02+0.00311693j,  9.63322217e-03+0.19646172j,
            9.64342661e-01-0.04628868j,  4.21826807e-02+0.16473853j],
          [-2.45314235e-04-0.00096019j, -1.68138086e-02+0.00311693j,
            4.21826807e-02+0.16473853j,  8.86340847e-01-0.43033515j]],
         input_dims=(2, 2), output_dims=(2, 2))"
"Operator([[ 8.86340847e-01-0.43033515j,  1.63428493e-01+0.04700309j,
            1.09199197e-02+0.01315959j,  2.24744798e-04+0.00096521j],
          [-1.20726547e-01+0.11976336j,  9.64342661e-01-0.04628868j,
            1.74312854e-01+0.09113198j,  1.09199197e-02+0.01315959j],
          [ 5.47738788e-03-0.01619931j, -1.64561048e-01+0.10774818j,
            9.64342661e-01-0.04628868j,  1.63428493e-01+0.04700309j],
          [ 2.65771693e-04+0.00095473j,  5.47738788e-03-0.01619931j,
           -1.20726547e-01+0.11976336j,  8.86340847e-01-0.43033515j]],
         input_dims=(2, 2), output_dims=(2, 2))"
