unitary
"Operator([[ 0.5190507 -0.78013744j, -0.33395533-0.06881912j,
            0.03407053+0.06678162j,  0.00121886-0.00936111j],
          [ 0.09504245-0.32745865j,  0.84563433-0.07266066j,
           -0.31648369-0.23995471j,  0.03407053+0.06678162j],
          [-0.02310237-0.07132227j,  0.26425764-0.29649298j,
            0.84563433-0.07266066j, -0.33395533-0.06881912j],
          [-0.00881069-0.00338936j, -0.02310237-0.07132227j,
            0.09504245-0.32745865j,  0.5190507 -0.78013744j]],
         input_dims=(2, 2), output_dims=(2, 2))"
"Operator([[ 0.5190507 -0.78013744j, -0.1610715 +0.30052987j,
            0.00791596-0.07455148j,  0.00513393+0.00792205j],
          [ 0.34096574-0.00214459j,  0.84563433-0.07266066j,
           -0.32014569+0.23504665j,  0.00791596-0.07455148j],
          [ 0.05829487+0.0471412j ,  0.35947034+0.16888239j,
            0.84563433-0.07266066j, -0.1610715 +0.30052987j],
          [ 0.00451819+0.00828867j,  0.05829487+0.0471412j ,
            0.34096574-0.00214459j,  0.5190507 -0.78013744j]],
         input_dims=(2, 2), output_dims=(2, 2))"
"Operator([[ 0.5190507 -0.78013744j,  0.17604954+0.2920082j ,
           -0.06926937+0.02867646j, -0.00482954-0.0081112j ],
          [ 0.17604954+0.2920082j ,  0.84563433-0.07266066j,
            0.03848421+0.39529628j, -0.06926937+0.02867646j],
          [-0.06926937+0.02867646j,  0.03848421+0.39529628j,
            0.84563433-0.07266066j,  0.17604954+0.2920082j ],
          [-0.00482954-0.0081112j , -0.06926937+0.02867646j,
            0.17604954+0.2920082j ,  0.5190507 -0.78013744j]],
         input_dims=(2, 2), output_dims=(2, 2))"
"Operator([[ 0.5190507 -0.78013744j,  0.34037852-0.02011698j,
            0.0629344 +0.04074122j,  0.0057678 +0.00747319j],
          [-0.17669114+0.29162043j,  0.84563433-0.07266066j,
            0.36787376+0.14969663j,  0.0629344 +0.04074122j],
          [ 0.01572158-0.0733036j , -0.33209191+0.21784203j,
            0.84563433-0.07266066j,  0.34037852-0.02011698j],
          [ 0.00382151+0.00863204j,  0.01572158-0.0733036j ,
           -0.17669114+0.29162043j,  0.5190507 -0.78013744j]],
         input_dims=(2, 2), output_dims=(2, 2))"
"Operator([[ 0.5190507 -0.78013744j,  0.17604954+0.2920082j ,
           -0.06926937+0.02867646j, -0.00482954-0.0081112j ],
          [ 0.17604954+0.2920082j ,  0.84563433-0.07266066j,
            0.03848421+0.39529628j, -0.06926937+0.02867646j],
          [-0.06926937+0.02867646j,  0.03848421+0.39529628j,
            0.84563433-0.07266066j,  0.17604954+0.2920082j ],
          [-0.00482954-0.0081112j , -0.06926937+0.02867646j,
            0.17604954+0.2920082j ,  0.5190507 -0.78013744j]],
         input_dims=(2, 2), output_dims=(2, 2))"
"Operator([[ 0.5190507 -0.78013744j,  0.17604954+0.2920082j ,
           -0.06926937+0.02867646j, -0.00482954-0.0081112j ],
          [ 0.17604954+0.2920082j ,  0.84563433-0.07266066j,
            0.03848421+0.39529628j, -0.06926937+0.02867646j],
          [-0.06926937+0.02867646j,  0.03848421+0.39529628j,
            0.84563433-0.07266066j,  0.17604954+0.2920082j ],
          [-0.00482954-0.0081112j , -0.06926937+0.02867646j,
            0.17604954+0.2920082j ,  0.5190507 -0.78013744j]],
         input_dims=(2, 2), output_dims=(2, 2))"
"Operator([[ 0.5190507 -0.78013744j,  0.27764894+0.19792246j,
           -0.02643724+0.07015453j, -0.00926467+0.00181164j],
          [ 0.04541516+0.33793446j,  0.84563433-0.07266066j,
            0.19250003+0.34739592j, -0.02643724+0.07015453j],
          [-0.06828861-0.03093947j, -0.12187863+0.37800236j,
            0.84563433-0.07266066j,  0.27764894+0.19792246j],
          [ 0.00600767-0.00728175j, -0.06828861-0.03093947j,
            0.04541516+0.33793446j,  0.5190507 -0.78013744j]],
         input_dims=(2, 2), output_dims=(2, 2))"
