unitary
"Operator([[ 9.20523801e-01-3.63571888e-01j,
            1.33828435e-01-4.89786176e-02j,
            1.08014476e-02-5.04550970e-03j,
            4.63073675e-04-3.41025966e-04j],
          [-1.42193524e-01+9.48454285e-03j,
            9.75113011e-01-3.95084415e-02j,
            1.61993065e-01-3.00143561e-02j,
            1.08014476e-02-5.04550970e-03j],
          [ 1.18188670e-02+1.56295282e-03j,
           -1.63910020e-01-1.66168643e-02j,
            9.75113011e-01-3.95084415e-02j,
            1.33828435e-01-4.89786176e-02j],
          [-5.61491917e-04-1.24349366e-04j,
            1.18188670e-02+1.56295282e-03j,
           -1.42193524e-01+9.48454285e-03j,
            9.20523801e-01-3.63571888e-01j]],
         input_dims=(2, 2), output_dims=(2, 2))"
"Operator([[ 9.20523801e-01-0.36357189j,  2.95292899e-02+0.13941656j,
           -1.17829369e-02+0.00181407j, -1.18990440e-04-0.00056265j],
          [ 2.95292899e-02+0.13941656j,  9.75113011e-01-0.03950844j,
            6.76696943e-03+0.16461113j, -1.17829369e-02+0.00181407j],
          [-1.17829369e-02+0.00181407j,  6.76696943e-03+0.16461113j,
            9.75113011e-01-0.03950844j,  2.95292899e-02+0.13941656j],
          [-1.18990440e-04-0.00056265j, -1.17829369e-02+0.00181407j,
            2.95292899e-02+0.13941656j,  9.20523801e-01-0.36357189j]],
         input_dims=(2, 2), output_dims=(2, 2))"
"Operator([[ 9.20523801e-01-0.36357189j,  9.77890926e-02-0.10366411j,
            2.44293110e-03-0.01166878j, -2.52789630e-04-0.00051656j],
          [-1.31419759e-01-0.05511626j,  9.75113011e-01-0.03950844j,
            1.31461666e-01-0.09929977j,  2.44293110e-03-0.01166878j],
          [ 5.83959544e-03+0.01039363j, -1.39168512e-01-0.08817449j,
            9.75113011e-01-0.03950844j,  9.77890926e-02-0.10366411j],
          [ 2.20138758e-05-0.00057467j,  5.83959544e-03+0.01039363j,
           -1.31419759e-01-0.05511626j,  9.20523801e-01-0.36357189j]],
         input_dims=(2, 2), output_dims=(2, 2))"
"Operator([[ 9.20523801e-01-0.36357189j,  8.58690471e-02-0.11373417j,
           -1.51724154e-04-0.0119208j , -4.05989037e-04-0.00040732j],
          [-1.24605950e-01-0.06915426j,  9.75113011e-01-0.03950844j,
            1.19816925e-01-0.11307749j, -1.51724154e-04-0.0119208j ],
          [ 3.44089506e-03+0.01141441j, -1.28693922e-01-0.1028615j ,
            9.75113011e-01-0.03950844j,  8.58690471e-02-0.11373417j],
          [ 2.06322905e-04-0.00053681j,  3.44089506e-03+0.01141441j,
           -1.24605950e-01-0.06915426j,  9.20523801e-01-0.36357189j]],
         input_dims=(2, 2), output_dims=(2, 2))"
"Operator([[ 9.20523801e-01-3.63571888e-01j,
            7.99012014e-02-1.18003190e-01j,
           -1.37644717e-03-1.18420366e-02j,
           -4.63827622e-04-3.39999816e-04j],
          [-1.20881336e-01-7.54762054e-02j,
            9.75113011e-01-3.95084415e-02j,
            1.13837881e-01-1.19094717e-01j,
           -1.37644717e-03-1.18420366e-02j],
          [ 2.24919628e-03+1.17076707e-02j,
           -1.23228940e-01-1.09349180e-01j,
            9.75113011e-01-3.95084415e-02j,
            7.99012014e-02-1.18003190e-01j],
          [ 2.86463986e-04-4.98672561e-04j,
            2.24919628e-03+1.17076707e-02j,
           -1.20881336e-01-7.54762054e-02j,
            9.20523801e-01-3.63571888e-01j]],
         input_dims=(2, 2), output_dims=(2, 2))"
"Operator([[ 9.20523801e-01-3.63571888e-01j,
            1.09545423e-02-1.42087835e-01j,
           -1.08925472e-02-4.84570451e-03j,
           -3.47393795e-04+4.58315928e-04j],
          [-6.76197214e-02-1.25445319e-01j,
            9.75113011e-01-3.95084415e-02j,
            3.98941478e-02-1.59847026e-01j,
           -1.08925472e-02-4.84570451e-03j],
          [-8.93062240e-03+7.89762122e-03j,
           -5.28796119e-02-1.56033206e-01j,
            9.75113011e-01-3.95084415e-02j,
            1.09545423e-02-1.42087835e-01j],
          [ 5.03202028e-04+2.78430704e-04j,
           -8.93062240e-03+7.89762122e-03j,
           -6.76197214e-02-1.25445319e-01j,
            9.20523801e-01-3.63571888e-01j]],
         input_dims=(2, 2), output_dims=(2, 2))"
"Operator([[ 9.20523801e-01-0.36357189j, -1.05263108e-01+0.09606577j,
            4.15493299e-03-0.0111743j ,  1.31495519e-04+0.00055986j],
          [ 1.35171419e-01+0.04514025j,  9.75113011e-01-0.03950844j,
           -1.38515334e-01+0.08919707j,  4.15493299e-03-0.0111743j ],
          [ 7.32358466e-03+0.0094071j ,  1.45369160e-01+0.07752691j,
            9.75113011e-01-0.03950844j, -1.05263108e-01+0.09606577j],
          [ 1.06426299e-04+0.00056516j,  7.32358466e-03+0.0094071j ,
            1.35171419e-01+0.04514025j,  9.20523801e-01-0.36357189j]],
         input_dims=(2, 2), output_dims=(2, 2))"
"Operator([[ 9.20523801e-01-0.36357189j, -1.06995125e-01+0.09413288j,
            4.55910436e-03-0.01101558j,  1.00725578e-04+0.00056621j],
          [ 1.35971061e-01+0.04267113j,  9.75113011e-01-0.03950844j,
           -1.40116748e-01+0.08665975j,  4.55910436e-03-0.01101558j],
          [ 7.66129933e-03+0.00913416j,  1.46756911e-01+0.07486671j,
            9.75113011e-01-0.03950844j, -1.06995125e-01+0.09413288j],
          [ 1.37130732e-04+0.00055851j,  7.66129933e-03+0.00913416j,
            1.35971061e-01+0.04267113j,  9.20523801e-01-0.36357189j]],
         input_dims=(2, 2), output_dims=(2, 2))"
"Operator([[ 9.20523801e-01-0.36357189j,  2.95292899e-02+0.13941656j,
           -1.17829369e-02+0.00181407j, -1.18990440e-04-0.00056265j],
          [ 2.95292899e-02+0.13941656j,  9.75113011e-01-0.03950844j,
            6.76696943e-03+0.16461113j, -1.17829369e-02+0.00181407j],
          [-1.17829369e-02+0.00181407j,  6.76696943e-03+0.16461113j,
            9.75113011e-01-0.03950844j,  2.95292899e-02+0.13941656j],
          [-1.18990440e-04-0.00056265j, -1.17829369e-02+0.00181407j,
            2.95292899e-02+0.13941656j,  9.20523801e-01-0.36357189j]],
         input_dims=(2, 2), output_dims=(2, 2))"
"Operator([[ 9.20523801e-01-3.63571888e-01j,
           -7.31060836e-02+1.22329291e-01j,
           -2.70372939e-03-1.16111276e-02j,
            5.14560136e-04+2.56834197e-04j],
          [ 1.16423630e-01+8.21857237e-02j,
            9.75113011e-01-3.95084415e-02j,
           -1.06926874e-01+1.25336581e-01j,
           -2.70372939e-03-1.16111276e-02j],
          [ 9.13923872e-04+1.18866808e-02j,
            1.16853577e-01+1.16137230e-01j,
            9.75113011e-01-3.95084415e-02j,
           -7.31060836e-02+1.22329291e-01j],
          [-3.66522901e-04+4.43166900e-04j,
            9.13923872e-04+1.18866808e-02j,
            1.16423630e-01+8.21857237e-02j,
            9.20523801e-01-3.63571888e-01j]],
         input_dims=(2, 2), output_dims=(2, 2))"
"Operator([[ 9.20523801e-01-0.36357189j,  2.95292899e-02+0.13941656j,
           -1.17829369e-02+0.00181407j, -1.18990440e-04-0.00056265j],
          [ 2.95292899e-02+0.13941656j,  9.75113011e-01-0.03950844j,
            6.76696943e-03+0.16461113j, -1.17829369e-02+0.00181407j],
          [-1.17829369e-02+0.00181407j,  6.76696943e-03+0.16461113j,
            9.75113011e-01-0.03950844j,  2.95292899e-02+0.13941656j],
          [-1.18990440e-04-0.00056265j, -1.17829369e-02+0.00181407j,
            2.95292899e-02+0.13941656j,  9.20523801e-01-0.36357189j]],
         input_dims=(2, 2), output_dims=(2, 2))"
"Operator([[ 9.20523801e-01-0.36357189j,  2.95292899e-02+0.13941656j,
           -1.17829369e-02+0.00181407j, -1.18990440e-04-0.00056265j],
          [ 2.95292899e-02+0.13941656j,  9.75113011e-01-0.03950844j,
            6.76696943e-03+0.16461113j, -1.17829369e-02+0.00181407j],
          [-1.17829369e-02+0.00181407j,  6.76696943e-03+0.16461113j,
            9.75113011e-01-0.03950844j,  2.95292899e-02+0.13941656j],
          [-1.18990440e-04-0.00056265j, -1.17829369e-02+0.00181407j,
            2.95292899e-02+0.13941656j,  9.20523801e-01-0.36357189j]],
         input_dims=(2, 2), output_dims=(2, 2))"
