unitary
"Operator([[-1.54237267e-04-0.86654891j,  3.55821921e-01+0.30596449j,
           -1.36562893e-01+0.09538647j, -2.49012830e-02-0.02239153j],
          [ 3.55821921e-01+0.30596449j,  6.63892045e-01-0.04981138j,
            7.05879882e-02+0.55119144j, -1.36562893e-01+0.09538647j],
          [-1.36562893e-01+0.09538647j,  7.05879882e-02+0.55119144j,
            6.63892045e-01-0.04981138j,  3.55821921e-01+0.30596449j],
          [-2.49012830e-02-0.02239153j, -1.36562893e-01+0.09538647j,
            3.55821921e-01+0.30596449j, -1.54237267e-04-0.86654891j]],
         input_dims=(2, 2), output_dims=(2, 2))"
"Operator([[-1.54237267e-04-0.86654891j,  2.99538497e-01+0.36124811j,
           -1.60404852e-01+0.04492533j, -1.09616473e-02-0.03164328j],
          [ 4.02048871e-01+0.2420335j ,  6.63892045e-01-0.04981138j,
           -2.27451322e-02+0.55522728j, -1.60404852e-01+0.04492533j],
          [-9.73914948e-02+0.13514029j,  1.61926104e-01+0.53157747j,
            6.63892045e-01-0.04981138j,  2.99538497e-01+0.36124811j],
          [-3.26257113e-02-0.007551j  , -9.73914948e-02+0.13514029j,
            4.02048871e-01+0.2420335j , -1.54237267e-04-0.86654891j]],
         input_dims=(2, 2), output_dims=(2, 2))"
"Operator([[-1.54237267e-04-0.86654891j,  3.55821921e-01+0.30596449j,
           -1.36562893e-01+0.09538647j, -2.49012830e-02-0.02239153j],
          [ 3.55821921e-01+0.30596449j,  6.63892045e-01-0.04981138j,
            7.05879882e-02+0.55119144j, -1.36562893e-01+0.09538647j],
          [-1.36562893e-01+0.09538647j,  7.05879882e-02+0.55119144j,
            6.63892045e-01-0.04981138j,  3.55821921e-01+0.30596449j],
          [-2.49012830e-02-0.02239153j, -1.36562893e-01+0.09538647j,
            3.55821921e-01+0.30596449j, -1.54237267e-04-0.86654891j]],
         input_dims=(2, 2), output_dims=(2, 2))"
"Operator([[-1.54237267e-04-0.86654891j,  4.27413052e-01+0.19375653j,
           -6.36257221e-02+0.15394729j, -3.32417201e-02+0.00405496j],
          [ 2.55606637e-01+0.39355909j,  6.63892045e-01-0.04981138j,
            2.22502377e-01+0.50920267j, -6.36257221e-02+0.15394729j],
          [-1.66440523e-01+0.00674941j, -8.70048635e-02+0.54883952j,
            6.63892045e-01-0.04981138j,  4.27413052e-01+0.19375653j],
          [ 5.13927511e-04-0.03348418j, -1.66440523e-01+0.00674941j,
            2.55606637e-01+0.39355909j, -1.54237267e-04-0.86654891j]],
         input_dims=(2, 2), output_dims=(2, 2))"
"Operator([[-1.54237267e-04-0.86654891j, -4.69199779e-01+0.00866472j,
            7.93117577e-02+0.14648429j,  3.91494757e-03-0.0332585j ],
          [-6.17309063e-02-0.4652019j ,  6.63892045e-01-0.04981138j,
           -4.19688237e-01-0.36422033j,  7.93117577e-02+0.14648429j],
          [-1.10234538e-01-0.12488534j,  3.14362155e-01-0.45822604j,
            6.63892045e-01-0.04981138j, -4.69199779e-01+0.00866472j],
          [-3.26573455e-02+0.00741299j, -1.10234538e-01-0.12488534j,
           -6.17309063e-02-0.4652019j , -1.54237267e-04-0.86654891j]],
         input_dims=(2, 2), output_dims=(2, 2))"
"Operator([[-1.54237267e-04-0.86654891j, -3.83206547e-01+0.27088051j,
            1.65395836e-01-0.01980453j, -3.33119583e-02+0.00343046j],
          [ 2.10409070e-01-0.41946577j,  6.63892045e-01-0.04981138j,
           -5.51835574e-01-0.06536182j,  1.65395836e-01-0.01980453j],
          [ 7.55235573e-02-0.14847287j,  5.17555994e-01-0.20231278j,
            6.63892045e-01-0.04981138j, -3.83206547e-01+0.27088051j],
          [-1.14494105e-04-0.03348793j,  7.55235573e-02-0.14847287j,
            2.10409070e-01-0.41946577j, -1.54237267e-04-0.86654891j]],
         input_dims=(2, 2), output_dims=(2, 2))"
