unitary
"Operator([[-8.47005792e-01+0.17871629j, -5.12319815e-02-0.28768377j,
            8.52343281e-02+0.18811945j, -1.37036401e-01-0.32221455j],
          [-5.12319815e-02-0.28768377j, -8.66900861e-01-0.26843928j,
            6.46251898e-04-0.21995988j,  8.52343281e-02+0.18811945j],
          [ 8.52343281e-02+0.18811945j,  6.46251898e-04-0.21995988j,
           -8.66900861e-01-0.26843928j, -5.12319815e-02-0.28768377j],
          [-1.37036401e-01-0.32221455j,  8.52343281e-02+0.18811945j,
           -5.12319815e-02-0.28768377j, -8.47005792e-01+0.17871629j]],
         input_dims=(2, 2), output_dims=(2, 2))"
"Operator([[-8.47005792e-01+0.17871629j, -5.12319815e-02-0.28768377j,
            8.52343281e-02+0.18811945j, -1.37036401e-01-0.32221455j],
          [-5.12319815e-02-0.28768377j, -8.66900861e-01-0.26843928j,
            6.46251898e-04-0.21995988j,  8.52343281e-02+0.18811945j],
          [ 8.52343281e-02+0.18811945j,  6.46251898e-04-0.21995988j,
           -8.66900861e-01-0.26843928j, -5.12319815e-02-0.28768377j],
          [-1.37036401e-01-0.32221455j,  8.52343281e-02+0.18811945j,
           -5.12319815e-02-0.28768377j, -8.47005792e-01+0.17871629j]],
         input_dims=(2, 2), output_dims=(2, 2))"
"Operator([[-0.84700579+0.17871629j,  0.07069348-0.28352971j,
           -0.08341341+0.18893391j,  0.26527297-0.22854199j],
          [-0.1642276 -0.24169394j, -0.86690086-0.26843928j,
            0.09039898-0.20052629j, -0.08341341+0.18893391j],
          [ 0.19704551+0.06186184j, -0.08921912-0.20105401j,
           -0.86690086-0.26843928j,  0.07069348-0.28352971j],
          [-0.34862852+0.03254756j,  0.19704551+0.06186184j,
           -0.1642276 -0.24169394j, -0.84700579+0.17871629j]],
         input_dims=(2, 2), output_dims=(2, 2))"
"Operator([[-0.84700579+0.17871629j,  0.27992306+0.08384358j,
            0.10065922-0.1803373j , -0.18928741-0.29456997j],
          [-0.23376934+0.17532416j, -0.86690086-0.26843928j,
            0.19609072+0.0996554j ,  0.10065922-0.1803373j ],
          [-0.20195343-0.04322768j, -0.19667291+0.09850144j,
           -0.86690086-0.26843928j,  0.27992306+0.08384358j],
          [-0.08087957-0.34067534j, -0.20195343-0.04322768j,
           -0.23376934+0.17532416j, -0.84700579+0.17871629j]],
         input_dims=(2, 2), output_dims=(2, 2))"
