unitary
"Operator([[ 0.82465199-5.24388532e-01j, -0.19690572+7.40709730e-02j,
            0.02517161-8.37119874e-03j, -0.00173351+8.38884923e-04j],
          [ 0.20287574-5.56759236e-02j,  0.94479879-5.53159953e-02j,
           -0.24220399+2.58951316e-02j,  0.02517161-8.37119874e-03j],
          [ 0.02627805-3.62647130e-03j,  0.24355856-3.54385522e-03j,
            0.94479879-5.53159953e-02j, -0.19690572+7.40709730e-02j],
          [ 0.00189647-3.34961141e-04j,  0.02627805-3.62647130e-03j,
            0.20287574-5.56759236e-02j,  0.82465199-5.24388532e-01j]],
         input_dims=(2, 2), output_dims=(2, 2))"
"Operator([[ 8.24651986e-01-0.52438853j,  6.49420862e-02+0.20010222j,
           -2.58339895e-02+0.00602429j, -5.92551551e-04-0.0018324j ],
          [ 6.49420862e-02+0.20010222j,  9.44798788e-01-0.055316j  ,
            1.47350671e-02+0.24313825j, -2.58339895e-02+0.00602429j],
          [-2.58339895e-02+0.00602429j,  1.47350671e-02+0.24313825j,
            9.44798788e-01-0.055316j  ,  6.49420862e-02+0.20010222j],
          [-5.92551551e-04-0.0018324j , -2.58339895e-02+0.00602429j,
            6.49420862e-02+0.20010222j,  8.24651986e-01-0.52438853j]],
         input_dims=(2, 2), output_dims=(2, 2))"
"Operator([[ 8.24651986e-01-0.52438853j, -1.42832299e-01+0.15445811j,
            8.35384398e-03-0.02517738j,  5.21019754e-04+0.00185401j],
          [ 2.06314079e-01+0.04114456j,  9.44798788e-01-0.055316j  ,
           -2.04916815e-01+0.13169065j,  8.35384398e-03-0.02517738j],
          [ 1.86289040e-02+0.01888521j,  2.19320546e-01+0.10598032j,
            9.44798788e-01-0.055316j  , -1.42832299e-01+0.15445811j],
          [ 6.63191243e-04+0.00180803j,  1.86289040e-02+0.01888521j,
            2.06314079e-01+0.04114456j,  8.24651986e-01-0.52438853j]],
         input_dims=(2, 2), output_dims=(2, 2))"
"Operator([[ 8.24651986e-01-0.52438853j, -1.39733504e-01+0.15726704j,
            7.34640542e-03-0.02548955j,  6.30605840e-04+0.00181965j],
          [ 2.05455369e-01+0.04523787j,  9.44798788e-01-0.055316j  ,
           -2.02258360e-01+0.1357383j ,  7.34640542e-03-0.02548955j],
          [ 1.78634665e-02+0.0196108j ,  2.17170355e-01+0.11031938j,
            9.44798788e-01-0.055316j  , -1.39733504e-01+0.15726704j],
          [ 5.54239942e-04+0.00184435j,  1.78634665e-02+0.0196108j ,
            2.05455369e-01+0.04523787j,  8.24651986e-01-0.52438853j]],
         input_dims=(2, 2), output_dims=(2, 2))"
"Operator([[ 8.24651986e-01-0.52438853j, -1.43165738e-01+0.1541491j ,
            8.46257851e-03-0.02514104j,  5.08989787e-04+0.00185734j],
          [ 2.06402507e-01+0.04069863j,  9.44798788e-01-0.055316j  ,
           -2.05200911e-01+0.13124754j,  8.46257851e-03-0.02514104j],
          [ 1.87103488e-02+0.01880452j,  2.19549049e-01+0.10550614j,
            9.44798788e-01-0.055316j  , -1.43165738e-01+0.1541491j ],
          [ 6.74898285e-04+0.00180369j,  1.87103488e-02+0.01880452j,
            2.06402507e-01+0.04069863j,  8.24651986e-01-0.52438853j]],
         input_dims=(2, 2), output_dims=(2, 2))"
"Operator([[ 8.24651986e-01-0.52438853j,  6.49420862e-02+0.20010222j,
           -2.58339895e-02+0.00602429j, -5.92551551e-04-0.0018324j ],
          [ 6.49420862e-02+0.20010222j,  9.44798788e-01-0.055316j  ,
            1.47350671e-02+0.24313825j, -2.58339895e-02+0.00602429j],
          [-2.58339895e-02+0.00602429j,  1.47350671e-02+0.24313825j,
            9.44798788e-01-0.055316j  ,  6.49420862e-02+0.20010222j],
          [-5.92551551e-04-0.0018324j , -2.58339895e-02+0.00602429j,
            6.49420862e-02+0.20010222j,  8.24651986e-01-0.52438853j]],
         input_dims=(2, 2), output_dims=(2, 2))"
"Operator([[ 8.24651986e-01-0.52438853j,  7.09815827e-02+0.19804037j,
           -2.54211735e-02+0.00757965j, -7.56632242e-04-0.00177096j],
          [ 5.88428296e-02+0.20197994j,  9.44798788e-01-0.055316j  ,
            2.21030061e-02+0.24257944j, -2.54211735e-02+0.00757965j],
          [-2.61517373e-02+0.00444677j,  7.35356878e-03+0.24347331j,
            9.44798788e-01-0.055316j  ,  7.09815827e-02+0.19804037j],
          [-4.23566453e-04-0.00187867j, -2.61517373e-02+0.00444677j,
            5.88428296e-02+0.20197994j,  8.24651986e-01-0.52438853j]],
         input_dims=(2, 2), output_dims=(2, 2))"
"Operator([[ 8.24651986e-01-0.52438853j,  1.11668093e-01-0.17829361j,
           -1.40964827e-03-0.02648962j, -1.42664918e-03-0.00129363j],
          [-1.95086342e-01-0.07873813j,  9.44798788e-01-0.055316j  ,
            1.76900475e-01-0.16745015j, -1.40964827e-03-0.02648962j],
          [ 1.04529453e-02+0.02438079j, -1.95827700e-01-0.14486146j,
            9.44798788e-01-0.055316j  ,  1.11668093e-01-0.17829361j],
          [ 3.99077356e-04-0.00188402j,  1.04529453e-02+0.02438079j,
           -1.95086342e-01-0.07873813j,  8.24651986e-01-0.52438853j]],
         input_dims=(2, 2), output_dims=(2, 2))"
