unitary
"Operator([[-0.60522005-0.48632716j, -0.49154454+0.22179695j,
            0.18057568+0.25276022j, -0.00456964-0.09934021j],
          [-0.35348596-0.40725619j,  0.39143586+0.06411884j,
           -0.45968606-0.49401441j,  0.18057568+0.25276022j],
          [-0.28977942-0.11190708j,  0.34137795-0.58208471j,
            0.39143586+0.06411884j, -0.49154454+0.22179695j],
          [-0.0603365 +0.07904977j, -0.28977942-0.11190708j,
           -0.35348596-0.40725619j, -0.60522005-0.48632716j]],
         input_dims=(2, 2), output_dims=(2, 2))"
"Operator([[-0.60522005-0.48632716j,  0.11841373-0.52610656j,
            0.1929453 -0.24344901j,  0.03118873-0.09442787j],
          [-0.112787  +0.52734146j,  0.39143586+0.06411884j,
            0.67114747-0.07016109j,  0.1929453 -0.24344901j],
          [ 0.18770042-0.24751537j, -0.67035971+0.07732641j,
            0.39143586+0.06411884j,  0.11841373-0.52610656j],
          [-0.02814709+0.09537872j,  0.18770042-0.24751537j,
           -0.112787  +0.52734146j, -0.60522005-0.48632716j]],
         input_dims=(2, 2), output_dims=(2, 2))"
"Operator([[-0.60522005-0.48632716j,  0.52673153+0.11560201j,
           -0.19033372+0.24549619j, -0.09491548-0.02967172j],
          [ 0.52673153+0.11560201j,  0.39143586+0.06411884j,
            0.0737448 +0.67076316j, -0.19033372+0.24549619j],
          [-0.19033372+0.24549619j,  0.0737448 +0.67076316j,
            0.39143586+0.06411884j,  0.52673153+0.11560201j],
          [-0.09491548-0.02967172j, -0.19033372+0.24549619j,
            0.52673153+0.11560201j, -0.60522005-0.48632716j]],
         input_dims=(2, 2), output_dims=(2, 2))"
"Operator([[-0.60522005-0.48632716j,  0.52673153+0.11560201j,
           -0.19033372+0.24549619j, -0.09491548-0.02967172j],
          [ 0.52673153+0.11560201j,  0.39143586+0.06411884j,
            0.0737448 +0.67076316j, -0.19033372+0.24549619j],
          [-0.19033372+0.24549619j,  0.0737448 +0.67076316j,
            0.39143586+0.06411884j,  0.52673153+0.11560201j],
          [-0.09491548-0.02967172j, -0.19033372+0.24549619j,
            0.52673153+0.11560201j, -0.60522005-0.48632716j]],
         input_dims=(2, 2), output_dims=(2, 2))"
"Operator([[-0.60522005-0.48632716j,  0.06798072+0.53496593j,
           -0.00788508-0.31053684j,  0.06589659+0.07447818j],
          [ 0.28576041-0.4573302j ,  0.39143586+0.06411884j,
           -0.60705415+0.29469775j, -0.00788508-0.31053684j],
          [ 0.30270886-0.0697327j ,  0.65657951+0.15577179j,
            0.39143586+0.06411884j,  0.06798072+0.53496593j],
          [ 0.09658356-0.02368493j,  0.30270886-0.0697327j ,
            0.28576041-0.4573302j , -0.60522005-0.48632716j]],
         input_dims=(2, 2), output_dims=(2, 2))"
"Operator([[-0.60522005-0.48632716j,  0.48210772+0.24162382j,
           -0.28436879+0.12501879j, -0.04959919-0.08619327j],
          [ 0.53898313-0.01752454j,  0.39143586+0.06411884j,
           -0.0935268 +0.66829204j, -0.28436879+0.12501879j],
          [-0.05022697+0.30654944j,  0.23648415+0.63201009j,
            0.39143586+0.06411884j,  0.48210772+0.24162382j],
          [-0.08986043+0.04259652j, -0.05022697+0.30654944j,
            0.53898313-0.01752454j, -0.60522005-0.48632716j]],
         input_dims=(2, 2), output_dims=(2, 2))"
"Operator([[-0.60522005-0.48632716j, -0.3204741 +0.43371221j,
            0.30986184-0.02193045j, -0.09944293+0.00068107j],
          [-0.10939447-0.52805566j,  0.39143586+0.06411884j,
           -0.64247058-0.20638086j,  0.30986184-0.02193045j],
          [-0.05596207-0.3055545j ,  0.58228703-0.34103273j,
            0.39143586+0.06411884j, -0.3204741 +0.43371221j],
          [-0.08134898-0.0571988j , -0.05596207-0.3055545j ,
           -0.10939447-0.52805566j, -0.60522005-0.48632716j]],
         input_dims=(2, 2), output_dims=(2, 2))"
