unitary
"Operator([[ 0.84980762-4.89159468e-01j, -0.19394554+2.04672873e-02j,
            0.02239049+3.54967644e-03j, -0.00146513-3.96665768e-04j],
          [ 0.17353427-8.89923509e-02j,  0.95278545-5.20210443e-02j,
           -0.22385955-2.88595827e-02j,  0.02239049+3.54967644e-03j],
          [ 0.01896027-1.24274840e-02j,  0.21921592-5.37620300e-02j,
            0.95278545-5.20210443e-02j, -0.19394554+2.04672873e-02j],
          [ 0.00101116-1.13202861e-03j,  0.01896027-1.24274840e-02j,
            0.17353427-8.89923509e-02j,  0.84980762-4.89159468e-01j]],
         input_dims=(2, 2), output_dims=(2, 2))"
"Operator([[ 0.84980762-4.89159468e-01j, -0.17671469+8.24966782e-02j,
            0.0198291 -1.09882236e-02j, -0.0011306 +1.01275651e-03j],
          [ 0.19305326-2.76445179e-02j,  0.95278545-5.20210443e-02j,
           -0.22105861+4.55967545e-02j,  0.0198291 -1.09882236e-02j],
          [ 0.02259198+1.88062419e-03j,  0.2247757 +2.05392503e-02j,
            0.95278545-5.20210443e-02j, -0.17671469+8.24966782e-02j],
          [ 0.00150011+2.31535640e-04j,  0.02259198+1.88062419e-03j,
            0.19305326-2.76445179e-02j,  0.84980762-4.89159468e-01j]],
         input_dims=(2, 2), output_dims=(2, 2))"
"Operator([[ 8.49807622e-01-0.48915947j,  5.56732257e-02+0.18690713j,
           -2.21650333e-02+0.00475873j, -4.32099984e-04-0.00145507j],
          [ 5.56732257e-02+0.18690713j,  9.52785453e-01-0.05202104j,
            1.26658519e-02+0.2253565j , -2.21650333e-02+0.00475873j],
          [-2.21650333e-02+0.00475873j,  1.26658519e-02+0.2253565j ,
            9.52785453e-01-0.05202104j,  5.56732257e-02+0.18690713j],
          [-4.32099984e-04-0.00145507j, -2.21650333e-02+0.00475873j,
            5.56732257e-02+0.18690713j,  8.49807622e-01-0.48915947j]],
         input_dims=(2, 2), output_dims=(2, 2))"
"Operator([[ 8.49807622e-01-0.48915947j,  5.56732257e-02+0.18690713j,
           -2.21650333e-02+0.00475873j, -4.32099984e-04-0.00145507j],
          [ 5.56732257e-02+0.18690713j,  9.52785453e-01-0.05202104j,
            1.26658519e-02+0.2253565j , -2.21650333e-02+0.00475873j],
          [-2.21650333e-02+0.00475873j,  1.26658519e-02+0.2253565j ,
            9.52785453e-01-0.05202104j,  5.56732257e-02+0.18690713j],
          [-4.32099984e-04-0.00145507j, -2.21650333e-02+0.00475873j,
            5.56732257e-02+0.18690713j,  8.49807622e-01-0.48915947j]],
         input_dims=(2, 2), output_dims=(2, 2))"
"Operator([[ 0.84980762-4.89159468e-01j, -0.18804339+5.17055606e-02j,
            0.02234654-3.81659155e-03j, -0.00147955+3.38911066e-04j],
          [ 0.18568716-5.96159575e-02j,  0.95278545-5.20210443e-02j,
           -0.22557406+7.89417851e-03j,  0.02234654-3.81659155e-03j],
          [ 0.02194383-5.69233542e-03j,  0.22503801-1.74318530e-02j,
            0.95278545-5.20210443e-02j, -0.18804339+5.17055606e-02j],
          [ 0.00142472-5.23547774e-04j,  0.02194383-5.69233542e-03j,
            0.18568716-5.96159575e-02j,  0.84980762-4.89159468e-01j]],
         input_dims=(2, 2), output_dims=(2, 2))"
"Operator([[ 0.84980762-4.89159468e-01j,  0.01044089-1.94742831e-01j,
           -0.02016415-1.03605632e-02j, -0.00102406+1.12037607e-03j],
          [-0.11529916-1.57289180e-01j,  0.95278545-5.20210443e-02j,
            0.06387545-2.16485338e-01j, -0.02016415-1.03605632e-02j],
          [-0.01413446+1.77243091e-02j, -0.08773107-2.07964503e-01j,
            0.95278545-5.20210443e-02j,  0.01044089-1.94742831e-01j],
          [ 0.00146957+3.79863313e-04j, -0.01413446+1.77243091e-02j,
           -0.11529916-1.57289180e-01j,  0.84980762-4.89159468e-01j]],
         input_dims=(2, 2), output_dims=(2, 2))"
"Operator([[ 8.49807622e-01-0.48915947j,  5.78523068e-04-0.19502166j,
           -2.11076163e-02-0.00827059j, -8.42876530e-04+0.00126234j],
          [-1.07196800e-01-0.16291909j,  9.52785453e-01-0.05202104j,
            5.28450815e-02-0.21943877j, -2.11076163e-02-0.00827059j],
          [-1.58526566e-02+0.01620578j, -7.71011093e-02-0.21213532j,
            9.52785453e-01-0.05202104j,  5.78523068e-04-0.19502166j],
          [ 1.39523770e-03+0.0005977j , -1.58526566e-02+0.01620578j,
           -1.07196800e-01-0.16291909j,  8.49807622e-01-0.48915947j]],
         input_dims=(2, 2), output_dims=(2, 2))"
"Operator([[ 8.49807622e-01-0.48915947j, -1.63828260e-02-0.19433318j,
           -2.22213588e-02-0.00448836j, -4.88284730e-04+0.00143719j],
          [-9.26232085e-02-0.17162378j,  9.52785453e-01-0.05202104j,
            3.35624139e-02-0.22320291j, -2.22213588e-02-0.00448836j],
          [-1.84207427e-02+0.01321402j, -5.83616649e-02-0.21803644j,
            9.52785453e-01-0.05202104j, -1.63828260e-02-0.19433318j],
          [ 1.19355095e-03+0.00093775j, -1.84207427e-02+0.01321402j,
           -9.26232085e-02-0.17162378j,  8.49807622e-01-0.48915947j]],
         input_dims=(2, 2), output_dims=(2, 2))"
"Operator([[ 8.49807622e-01-0.48915947j, -1.83709431e-02-0.19415533j,
           -2.23085741e-02-0.00403258j, -4.43932357e-04+0.0014515j ],
          [-9.08618097e-02-0.17256278j,  9.52785453e-01-0.05202104j,
            3.12762029e-02-0.22353473j, -2.23085741e-02-0.00403258j],
          [-1.86873570e-02+0.01283421j, -5.61270330e-02-0.21862235j,
            9.52785453e-01-0.05202104j, -1.83709431e-02-0.19415533j],
          [ 1.16419913e-03+0.00097395j, -1.86873570e-02+0.01283421j,
           -9.08618097e-02-0.17256278j,  8.49807622e-01-0.48915947j]],
         input_dims=(2, 2), output_dims=(2, 2))"
"Operator([[ 8.49807622e-01-0.48915947j,  5.56732257e-02+0.18690713j,
           -2.21650333e-02+0.00475873j, -4.32099984e-04-0.00145507j],
          [ 5.56732257e-02+0.18690713j,  9.52785453e-01-0.05202104j,
            1.26658519e-02+0.2253565j , -2.21650333e-02+0.00475873j],
          [-2.21650333e-02+0.00475873j,  1.26658519e-02+0.2253565j ,
            9.52785453e-01-0.05202104j,  5.56732257e-02+0.18690713j],
          [-4.32099984e-04-0.00145507j, -2.21650333e-02+0.00475873j,
            5.56732257e-02+0.18690713j,  8.49807622e-01-0.48915947j]],
         input_dims=(2, 2), output_dims=(2, 2))"
"Operator([[ 0.84980762-4.89159468e-01j,  0.02903317-1.92849312e-01j,
           -0.01782041-1.40131051e-02j, -0.00129979+7.83894497e-04j],
          [-0.12982504-1.45530899e-01j,  0.95278545-5.20210443e-02j,
            0.08430351-2.09377391e-01j, -0.01782041-1.40131051e-02j],
          [-0.01049801+2.00929331e-02j, -0.10723401-1.98612288e-01j,
            0.95278545-5.20210443e-02j,  0.02903317-1.92849312e-01j],
          [ 0.00151696-5.25723181e-05j, -0.01049801+2.00929331e-02j,
           -0.12982504-1.45530899e-01j,  0.84980762-4.89159468e-01j]],
         input_dims=(2, 2), output_dims=(2, 2))"
"Operator([[ 0.84980762-4.89159468e-01j,  0.05758932-1.86325662e-01j,
           -0.01287069-1.86622464e-02j, -0.0015115 +1.38956821e-04j],
          [-0.15015727-1.24445074e-01j,  0.95278545-5.20210443e-02j,
            0.1147117 -1.94389302e-01j, -0.01287069-1.86622464e-02j],
          [-0.00407616+2.23006528e-02j, -0.13577123-1.80311254e-01j,
            0.95278545-5.20210443e-02j,  0.05758932-1.86325662e-01j],
          [ 0.00134236-7.08529357e-04j, -0.00407616+2.23006528e-02j,
           -0.15015727-1.24445074e-01j,  0.84980762-4.89159468e-01j]],
         input_dims=(2, 2), output_dims=(2, 2))"
"Operator([[ 8.49807622e-01-0.48915947j,  1.17597321e-01-0.15557844j,
            2.06489198e-03-0.02257588j, -8.81964624e-04-0.00123534j],
          [-1.83560380e-01-0.06587389j,  9.52785453e-01-0.05202104j,
            1.74051580e-01-0.14370811j,  2.06489198e-03-0.02257588j],
          [ 1.11496456e-02+0.01973878j, -1.89058405e-01-0.12330002j,
            9.52785453e-01-0.05202104j,  1.17597321e-01-0.15557844j],
          [ 6.47750384e-05-0.00151649j,  1.11496456e-02+0.01973878j,
           -1.83560380e-01-0.06587389j,  8.49807622e-01-0.48915947j]],
         input_dims=(2, 2), output_dims=(2, 2))"
