unitary
"Operator([[ 8.86340847e-01-0.43033515j, -1.46608327e-01-0.08616357j,
            3.23085634e-03+0.01679229j,  4.96800492e-04-0.00085752j],
          [ 8.71555807e-02-0.14602078j,  9.64342661e-01-0.04628868j,
           -1.46178138e-01-0.13161292j,  3.23085634e-03+0.01679229j],
          [-3.00286417e-03-0.01683455j,  1.32600966e-01-0.14528246j,
            9.64342661e-01-0.04628868j, -1.46608327e-01-0.08616357j],
          [-8.47237432e-04-0.00051414j, -3.00286417e-03-0.01683455j,
            8.71555807e-02-0.14602078j,  8.86340847e-01-0.43033515j]],
         input_dims=(2, 2), output_dims=(2, 2))"
"Operator([[ 8.86340847e-01-4.30335148e-01j,
           -1.67945747e-01+2.66906084e-02j,
            1.71002069e-02+4.84726925e-05j,
           -9.90615972e-04-2.88013247e-05j],
          [ 1.60105483e-01-5.73096563e-02j,
            9.64342661e-01-4.62886825e-02j,
           -1.96506760e-01-8.66609816e-03j,
            1.71002069e-02+4.84726925e-05j],
          [ 1.59465669e-02-6.17466013e-03j,
            1.94716286e-01-2.78491657e-02j,
            9.64342661e-01-4.62886825e-02j,
           -1.67945747e-01+2.66906084e-02j],
          [ 8.55405450e-04-5.00430850e-04j,
            1.59465669e-02-6.17466013e-03j,
            1.60105483e-01-5.73096563e-02j,
            8.86340847e-01-4.30335148e-01j]],
         input_dims=(2, 2), output_dims=(2, 2))"
"Operator([[ 8.86340847e-01-4.30335148e-01j,
           -5.10421064e-02+1.62212409e-01j,
           -1.02538964e-02-1.36849199e-02j,
            9.79252488e-04-1.52361695e-04j],
          [ 1.22720874e-01+1.17718943e-01j,
            9.64342661e-01-4.62886825e-02j,
           -9.54273825e-02+1.71998903e-01j,
           -1.02538964e-02-1.36849199e-02j],
          [-4.66732020e-03+1.64510044e-02j,
            1.11796600e-01+1.61837969e-01j,
            9.64342661e-01-4.62886825e-02j,
           -5.10421064e-02+1.62212409e-01j],
          [-9.32331192e-04+3.36017959e-04j,
           -4.66732020e-03+1.64510044e-02j,
            1.22720874e-01+1.17718943e-01j,
            8.86340847e-01-4.30335148e-01j]],
         input_dims=(2, 2), output_dims=(2, 2))"
"Operator([[ 8.86340847e-01-0.43033515j,  4.21826807e-02+0.16473853j,
           -1.68138086e-02+0.00311693j, -2.45314235e-04-0.00096019j],
          [ 4.21826807e-02+0.16473853j,  9.64342661e-01-0.04628868j,
            9.63322217e-03+0.19646172j, -1.68138086e-02+0.00311693j],
          [-1.68138086e-02+0.00311693j,  9.63322217e-03+0.19646172j,
            9.64342661e-01-0.04628868j,  4.21826807e-02+0.16473853j],
          [-2.45314235e-04-0.00096019j, -1.68138086e-02+0.00311693j,
            4.21826807e-02+0.16473853j,  8.86340847e-01-0.43033515j]],
         input_dims=(2, 2), output_dims=(2, 2))"
"Operator([[ 8.86340847e-01-0.43033515j,  7.23521370e-02+0.15389389j,
           -1.44800283e-02+0.0090966j , -7.22254090e-04-0.0006786j ],
          [ 1.05139779e-02+0.16972807j,  9.64342661e-01-0.04628868j,
            4.63351030e-02+0.19116241j, -1.44800283e-02+0.0090966j ],
          [-1.67784593e-02-0.00330193j, -2.74110403e-02+0.19477845j,
            9.64342661e-01-0.04628868j,  7.23521370e-02+0.15389389j],
          [ 3.08247412e-04-0.00094188j, -1.67784593e-02-0.00330193j,
            1.05139779e-02+0.16972807j,  8.86340847e-01-0.43033515j]],
         input_dims=(2, 2), output_dims=(2, 2))"
"Operator([[ 8.86340847e-01-0.43033515j,  4.21826807e-02+0.16473853j,
           -1.68138086e-02+0.00311693j, -2.45314235e-04-0.00096019j],
          [ 4.21826807e-02+0.16473853j,  9.64342661e-01-0.04628868j,
            9.63322217e-03+0.19646172j, -1.68138086e-02+0.00311693j],
          [-1.68138086e-02+0.00311693j,  9.63322217e-03+0.19646172j,
            9.64342661e-01-0.04628868j,  4.21826807e-02+0.16473853j],
          [-2.45314235e-04-0.00096019j, -1.68138086e-02+0.00311693j,
            4.21826807e-02+0.16473853j,  8.86340847e-01-0.43033515j]],
         input_dims=(2, 2), output_dims=(2, 2))"
"Operator([[ 8.86340847e-01-4.30335148e-01j,
            1.07550291e-01+1.31723564e-01j,
           -8.48815669e-03+1.48448853e-02j,
           -9.90864184e-04-1.83763514e-05j],
          [-3.10077651e-02+1.67202514e-01j,
            9.64342661e-01-4.62886825e-02j,
            9.13598525e-02+1.74193528e-01j,
           -8.48815669e-03+1.48448853e-02j],
          [-1.32451497e-02-1.08159804e-02j,
           -7.38799023e-02+1.82295826e-01j,
            9.64342661e-01-4.62886825e-02j,
            1.07550291e-01+1.31723564e-01j],
          [ 8.60623689e-04-4.91402469e-04j,
           -1.32451497e-02-1.08159804e-02j,
           -3.10077651e-02+1.67202514e-01j,
            8.86340847e-01-4.30335148e-01j]],
         input_dims=(2, 2), output_dims=(2, 2))"
"Operator([[ 8.86340847e-01-0.43033515j,  4.21826807e-02+0.16473853j,
           -1.68138086e-02+0.00311693j, -2.45314235e-04-0.00096019j],
          [ 4.21826807e-02+0.16473853j,  9.64342661e-01-0.04628868j,
            9.63322217e-03+0.19646172j, -1.68138086e-02+0.00311693j],
          [-1.68138086e-02+0.00311693j,  9.63322217e-03+0.19646172j,
            9.64342661e-01-0.04628868j,  4.21826807e-02+0.16473853j],
          [-2.45314235e-04-0.00096019j, -1.68138086e-02+0.00311693j,
            4.21826807e-02+0.16473853j,  8.86340847e-01-0.43033515j]],
         input_dims=(2, 2), output_dims=(2, 2))"
"Operator([[ 8.86340847e-01-0.43033515j,  4.21826807e-02+0.16473853j,
           -1.68138086e-02+0.00311693j, -2.45314235e-04-0.00096019j],
          [ 4.21826807e-02+0.16473853j,  9.64342661e-01-0.04628868j,
            9.63322217e-03+0.19646172j, -1.68138086e-02+0.00311693j],
          [-1.68138086e-02+0.00311693j,  9.63322217e-03+0.19646172j,
            9.64342661e-01-0.04628868j,  4.21826807e-02+0.16473853j],
          [-2.45314235e-04-0.00096019j, -1.68138086e-02+0.00311693j,
            4.21826807e-02+0.16473853j,  8.86340847e-01-0.43033515j]],
         input_dims=(2, 2), output_dims=(2, 2))"
"Operator([[ 8.86340847e-01-4.30335148e-01j,
            1.28889094e-01+1.10931347e-01j,
           -2.86888541e-03+1.68579038e-02j,
           -8.66013161e-04+4.81840975e-04j],
          [-5.97134023e-02+1.59224596e-01j,
            9.64342661e-01-4.62886825e-02j,
            1.20359346e-01+1.55575178e-01j,
           -2.86888541e-03+1.68579038e-02j],
          [-8.72081233e-03-1.47094139e-02j,
           -1.04561753e-01+1.66603865e-01j,
            9.64342661e-01-4.62886825e-02j,
            1.28889094e-01+1.10931347e-01j],
          [ 9.91006932e-04+7.40146172e-06j,
           -8.72081233e-03-1.47094139e-02j,
           -5.97134023e-02+1.59224596e-01j,
            8.86340847e-01-4.30335148e-01j]],
         input_dims=(2, 2), output_dims=(2, 2))"
"Operator([[ 8.86340847e-01-4.30335148e-01j,
            1.28677423e-01+1.11176810e-01j,
           -2.93312733e-03+1.68468451e-02j,
           -8.68754180e-04+4.76881216e-04j],
          [-5.94098092e-02+1.59338121e-01j,
            9.64342661e-01-4.62886825e-02j,
            1.20062598e-01+1.55804302e-01j,
           -2.93312733e-03+1.68468451e-02j],
          [-8.77682163e-03-1.46760630e-02j,
           -1.04244014e-01+1.66802859e-01j,
            9.64342661e-01-4.62886825e-02j,
            1.28677423e-01+1.11176810e-01j],
          [ 9.91033053e-04+1.73474203e-06j,
           -8.77682163e-03-1.46760630e-02j,
           -5.94098092e-02+1.59338121e-01j,
            8.86340847e-01-4.30335148e-01j]],
         input_dims=(2, 2), output_dims=(2, 2))"
"Operator([[ 8.86340847e-01-0.43033515j,  1.66645803e-01+0.03387239j,
            1.28662003e-02+0.01126412j,  4.46463985e-04+0.00088477j],
          [-1.29858610e-01+0.10979483j,  9.64342661e-01-0.04628868j,
            1.81001208e-01+0.07699721j,  1.28662003e-02+0.01126412j],
          [ 7.97375748e-03-0.01512741j, -1.72600148e-01+0.09433555j,
            9.64342661e-01-0.04628868j,  1.66645803e-01+0.03387239j],
          [ 3.26375409e-05+0.0009905j ,  7.97375748e-03-0.01512741j,
           -1.29858610e-01+0.10979483j,  8.86340847e-01-0.43033515j]],
         input_dims=(2, 2), output_dims=(2, 2))"
"Operator([[ 8.86340847e-01-0.43033515j, -4.06224363e-02-0.16513019j,
           -1.68697666e-02+0.00279829j,  2.17969647e-04+0.00096677j],
          [-4.37391503e-02-0.16433213j,  9.64342661e-01-0.04628868j,
           -7.77434613e-03-0.19654406j, -1.68697666e-02+0.00279829j],
          [-1.67518324e-02+0.00343446j, -1.14912362e-02-0.19636181j,
            9.64342661e-01-0.04628868j, -4.06224363e-02-0.16513019j],
          [ 2.72461265e-04+0.00095285j, -1.67518324e-02+0.00343446j,
           -4.37391503e-02-0.16433213j,  8.86340847e-01-0.43033515j]],
         input_dims=(2, 2), output_dims=(2, 2))"
"Operator([[ 8.86340847e-01-0.43033515j, -1.37071664e-02-0.16950008j,
           -1.68908604e-02-0.00266801j, -2.54589870e-04+0.00095778j],
          [-6.94423358e-02-0.15522862j,  9.64342661e-01-0.04628868j,
            2.37395700e-02-0.19525993j, -1.68908604e-02-0.00266801j],
          [-1.48121838e-02+0.00854509j, -4.27283496e-02-0.19200077j,
            9.64342661e-01-0.04628868j, -1.37071664e-02-0.16950008j],
          [ 6.82797629e-04+0.00071829j, -1.48121838e-02+0.00854509j,
           -6.94423358e-02-0.15522862j,  8.86340847e-01-0.43033515j]],
         input_dims=(2, 2), output_dims=(2, 2))"
"Operator([[ 8.86340847e-01-0.43033515j, -1.68951376e-01-0.01932861j,
            1.46152584e-02+0.00887771j, -6.58811713e-04-0.00074035j],
          [ 1.38870272e-01-0.09814892j,  9.64342661e-01-0.04628868j,
           -1.86983756e-01-0.06104984j,  1.46152584e-02+0.00887771j],
          [ 1.04619817e-02-0.01352651j,  1.80114161e-01-0.07904997j,
            9.64342661e-01-0.04628868j, -1.68951376e-01-0.01932861j],
          [ 2.22961294e-04-0.00096563j,  1.04619817e-02-0.01352651j,
            1.38870272e-01-0.09814892j,  8.86340847e-01-0.43033515j]],
         input_dims=(2, 2), output_dims=(2, 2))"
