unitary
"Operator([[-0.68594211-0.60098779j, -0.03165405-0.03039345j,
            0.01591848-0.20296612j, -0.35340159-0.00548033j],
          [ 0.01379196+0.0416596j , -0.89738439-0.3482817j ,
           -0.1727443 -0.0136436j ,  0.01591848-0.20296612j],
          [ 0.17662665-0.10125053j,  0.14636855+0.09275229j,
           -0.89738439-0.3482817j , -0.03165405-0.03039345j],
          [ 0.03432601+0.35177328j,  0.17662665-0.10125053j,
            0.01379196+0.0416596j , -0.68594211-0.60098779j]],
         input_dims=(2, 2), output_dims=(2, 2))"
"Operator([[-0.68594211-0.60098779j,  0.01379196+0.0416596j ,
            0.17662665-0.10125053j,  0.03432601+0.35177328j],
          [-0.03165405-0.03039345j, -0.89738439-0.3482817j ,
            0.14636855+0.09275229j,  0.17662665-0.10125053j],
          [ 0.01591848-0.20296612j, -0.1727443 -0.0136436j ,
           -0.89738439-0.3482817j ,  0.01379196+0.0416596j ],
          [-0.35340159-0.00548033j,  0.01591848-0.20296612j,
           -0.03165405-0.03039345j, -0.68594211-0.60098779j]],
         input_dims=(2, 2), output_dims=(2, 2))"
"Operator([[-0.68594211-0.60098779j, -0.03711704+0.02341082j,
           -0.10888031+0.17202826j,  0.23949915-0.2599286j ],
          [-0.03711704+0.02341082j, -0.89738439-0.3482817j ,
           -0.05480822+0.16438613j, -0.10888031+0.17202826j],
          [-0.10888031+0.17202826j, -0.05480822+0.16438613j,
           -0.89738439-0.3482817j , -0.03711704+0.02341082j],
          [ 0.23949915-0.2599286j , -0.10888031+0.17202826j,
           -0.03711704+0.02341082j, -0.68594211-0.60098779j]],
         input_dims=(2, 2), output_dims=(2, 2))"
