unitary
"Operator([[ 9.54987403e-01-2.76408553e-01j,
            1.67428684e-02+1.06168114e-01j,
           -6.68797857e-03+7.69645017e-04j,
           -3.78664076e-05-2.40318640e-04j],
          [ 1.67428684e-02+1.06168114e-01j,
            9.85930789e-01-3.03350869e-02j,
            3.84990788e-03+1.24129479e-01j,
           -6.68797857e-03+7.69645017e-04j],
          [-6.68797857e-03+7.69645017e-04j,
            3.84990788e-03+1.24129479e-01j,
            9.85930789e-01-3.03350869e-02j,
            1.67428684e-02+1.06168114e-01j],
          [-3.78664076e-05-2.40318640e-04j,
           -6.68797857e-03+7.69645017e-04j,
            1.67428684e-02+1.06168114e-01j,
            9.54987403e-01-2.76408553e-01j]],
         input_dims=(2, 2), output_dims=(2, 2))"
"Operator([[ 9.54987403e-01-2.76408553e-01j,
            1.05121399e-01-2.23938294e-02j,
            6.56760145e-03-1.47919642e-03j,
            2.31183569e-04-7.57698579e-05j],
          [-1.06911278e-01+1.10440370e-02j,
            9.85930789e-01-3.03350869e-02j,
            1.23746241e-01-1.04793709e-02j,
            6.56760145e-03-1.47919642e-03j],
          [ 6.73192241e-03-5.12977639e-05j,
           -1.24157811e-01-2.79056266e-03j,
            9.85930789e-01-3.03350869e-02j,
            1.05121399e-01-2.23938294e-02j],
          [-2.43281513e-04-1.00958069e-06j,
            6.73192241e-03-5.12977639e-05j,
           -1.06911278e-01+1.10440370e-02j,
            9.54987403e-01-2.76408553e-01j]],
         input_dims=(2, 2), output_dims=(2, 2))"
"Operator([[ 9.54987403e-01-2.76408553e-01j,
            1.00676833e-01-3.76319999e-02j,
            5.85171339e-03-3.32849234e-03j,
            1.76312041e-04-1.67633463e-04j],
          [-1.07371954e-01-4.82239875e-03j,
            9.85930789e-01-3.03350869e-02j,
            1.20853338e-01-2.85905570e-02j,
            5.85171339e-03-3.32849234e-03j],
          [ 6.45481452e-03+1.91227101e-03j,
           -1.22392835e-01-2.10462141e-02j,
            9.85930789e-01-3.03350869e-02j,
            1.00676833e-01-3.76319999e-02j],
          [-2.19316732e-04-1.05295226e-04j,
            6.45481452e-03+1.91227101e-03j,
           -1.07371954e-01-4.82239875e-03j,
            9.54987403e-01-2.76408553e-01j]],
         input_dims=(2, 2), output_dims=(2, 2))"
"Operator([[ 9.54987403e-01-2.76408553e-01j,
            1.67428684e-02+1.06168114e-01j,
           -6.68797857e-03+7.69645017e-04j,
           -3.78664076e-05-2.40318640e-04j],
          [ 1.67428684e-02+1.06168114e-01j,
            9.85930789e-01-3.03350869e-02j,
            3.84990788e-03+1.24129479e-01j,
           -6.68797857e-03+7.69645017e-04j],
          [-6.68797857e-03+7.69645017e-04j,
            3.84990788e-03+1.24129479e-01j,
            9.85930789e-01-3.03350869e-02j,
            1.67428684e-02+1.06168114e-01j],
          [-3.78664076e-05-2.40318640e-04j,
           -6.68797857e-03+7.69645017e-04j,
            1.67428684e-02+1.06168114e-01j,
            9.54987403e-01-2.76408553e-01j]],
         input_dims=(2, 2), output_dims=(2, 2))"
"Operator([[ 9.54987403e-01-2.76408553e-01j,
            1.67428684e-02+1.06168114e-01j,
           -6.68797857e-03+7.69645017e-04j,
           -3.78664076e-05-2.40318640e-04j],
          [ 1.67428684e-02+1.06168114e-01j,
            9.85930789e-01-3.03350869e-02j,
            3.84990788e-03+1.24129479e-01j,
           -6.68797857e-03+7.69645017e-04j],
          [-6.68797857e-03+7.69645017e-04j,
            3.84990788e-03+1.24129479e-01j,
            9.85930789e-01-3.03350869e-02j,
            1.67428684e-02+1.06168114e-01j],
          [-3.78664076e-05-2.40318640e-04j,
           -6.68797857e-03+7.69645017e-04j,
            1.67428684e-02+1.06168114e-01j,
            9.54987403e-01-2.76408553e-01j]],
         input_dims=(2, 2), output_dims=(2, 2))"
"Operator([[ 9.54987403e-01-2.76408553e-01j,
            1.67428684e-02+1.06168114e-01j,
           -6.68797857e-03+7.69645017e-04j,
           -3.78664076e-05-2.40318640e-04j],
          [ 1.67428684e-02+1.06168114e-01j,
            9.85930789e-01-3.03350869e-02j,
            3.84990788e-03+1.24129479e-01j,
           -6.68797857e-03+7.69645017e-04j],
          [-6.68797857e-03+7.69645017e-04j,
            3.84990788e-03+1.24129479e-01j,
            9.85930789e-01-3.03350869e-02j,
            1.67428684e-02+1.06168114e-01j],
          [-3.78664076e-05-2.40318640e-04j,
           -6.68797857e-03+7.69645017e-04j,
            1.67428684e-02+1.06168114e-01j,
            9.54987403e-01-2.76408553e-01j]],
         input_dims=(2, 2), output_dims=(2, 2))"
"Operator([[ 9.54987403e-01-2.76408553e-01j,
            9.28061914e-02-5.42125715e-02j,
            4.39681109e-03-5.09798618e-03j,
            7.13620969e-05-2.32581953e-04j],
          [-1.04985954e-01-2.30204579e-02j,
            9.85930789e-01-3.03350869e-02j,
            1.14226838e-01-4.87358060e-02j,
            4.39681109e-03-5.09798618e-03j],
          [ 5.43988329e-03+3.96599051e-03j,
           -1.17027491e-01-4.15633932e-02j,
            9.85930789e-01-3.03350869e-02j,
            9.28061914e-02-5.42125715e-02j],
          [-1.39423527e-04-1.99368989e-04j,
            5.43988329e-03+3.96599051e-03j,
           -1.04985954e-01-2.30204579e-02j,
            9.54987403e-01-2.76408553e-01j]],
         input_dims=(2, 2), output_dims=(2, 2))"
"Operator([[ 9.54987403e-01-2.76408553e-01j,
            9.89943015e-02-4.18583366e-02j,
            5.54932719e-03-3.81134866e-03j,
            1.53663594e-04-1.88611807e-04j],
          [-1.07071733e-01-9.36141859e-03j,
            9.85930789e-01-3.03350869e-02j,
            1.19535316e-01-3.36787407e-02j,
            5.54932719e-03-3.81134866e-03j],
          [ 6.27001333e-03+2.45119230e-03j,
           -1.21392666e-01-2.62062971e-02j,
            9.85930789e-01-3.03350869e-02j,
            9.89943015e-02-4.18583366e-02j],
          [-2.04216502e-04-1.32221534e-04j,
            6.27001333e-03+2.45119230e-03j,
           -1.07071733e-01-9.36141859e-03j,
            9.54987403e-01-2.76408553e-01j]],
         input_dims=(2, 2), output_dims=(2, 2))"
