unitary
"Operator([[ 8.49807622e-01-0.48915947j,  5.56732257e-02+0.18690713j,
           -2.21650333e-02+0.00475873j, -4.32099984e-04-0.00145507j],
          [ 5.56732257e-02+0.18690713j,  9.52785453e-01-0.05202104j,
            1.26658519e-02+0.2253565j , -2.21650333e-02+0.00475873j],
          [-2.21650333e-02+0.00475873j,  1.26658519e-02+0.2253565j ,
            9.52785453e-01-0.05202104j,  5.56732257e-02+0.18690713j],
          [-4.32099984e-04-0.00145507j, -2.21650333e-02+0.00475873j,
            5.56732257e-02+0.18690713j,  8.49807622e-01-0.48915947j]],
         input_dims=(2, 2), output_dims=(2, 2))"
"Operator([[ 8.49807622e-01-0.48915947j,  5.56732257e-02+0.18690713j,
           -2.21650333e-02+0.00475873j, -4.32099984e-04-0.00145507j],
          [ 5.56732257e-02+0.18690713j,  9.52785453e-01-0.05202104j,
            1.26658519e-02+0.2253565j , -2.21650333e-02+0.00475873j],
          [-2.21650333e-02+0.00475873j,  1.26658519e-02+0.2253565j ,
            9.52785453e-01-0.05202104j,  5.56732257e-02+0.18690713j],
          [-4.32099984e-04-0.00145507j, -2.21650333e-02+0.00475873j,
            5.56732257e-02+0.18690713j,  8.49807622e-01-0.48915947j]],
         input_dims=(2, 2), output_dims=(2, 2))"
"Operator([[ 8.49807622e-01-0.48915947j,  5.56732257e-02+0.18690713j,
           -2.21650333e-02+0.00475873j, -4.32099984e-04-0.00145507j],
          [ 5.56732257e-02+0.18690713j,  9.52785453e-01-0.05202104j,
            1.26658519e-02+0.2253565j , -2.21650333e-02+0.00475873j],
          [-2.21650333e-02+0.00475873j,  1.26658519e-02+0.2253565j ,
            9.52785453e-01-0.05202104j,  5.56732257e-02+0.18690713j],
          [-4.32099984e-04-0.00145507j, -2.21650333e-02+0.00475873j,
            5.56732257e-02+0.18690713j,  8.49807622e-01-0.48915947j]],
         input_dims=(2, 2), output_dims=(2, 2))"
"Operator([[ 8.49807622e-01-0.48915947j,  5.56732257e-02+0.18690713j,
           -2.21650333e-02+0.00475873j, -4.32099984e-04-0.00145507j],
          [ 5.56732257e-02+0.18690713j,  9.52785453e-01-0.05202104j,
            1.26658519e-02+0.2253565j , -2.21650333e-02+0.00475873j],
          [-2.21650333e-02+0.00475873j,  1.26658519e-02+0.2253565j ,
            9.52785453e-01-0.05202104j,  5.56732257e-02+0.18690713j],
          [-4.32099984e-04-0.00145507j, -2.21650333e-02+0.00475873j,
            5.56732257e-02+0.18690713j,  8.49807622e-01-0.48915947j]],
         input_dims=(2, 2), output_dims=(2, 2))"
"Operator([[ 8.49807622e-01-0.48915947j,  1.80791071e-01+0.07313256j,
            9.54318672e-03+0.0205636j , -2.45128350e-04+0.00149795j],
          [-1.11307552e-01+0.16013872j,  9.52785453e-01-0.05202104j,
            1.83997536e-01+0.1307321j ,  9.54318672e-03+0.0205636j ],
          [ 2.61440121e-04-0.02266861j, -1.68189795e-01+0.1505263j ,
            9.52785453e-01-0.05202104j,  1.80791071e-01+0.07313256j],
          [ 1.02296660e-03+0.00112137j,  2.61440121e-04-0.02266861j,
           -1.11307552e-01+0.16013872j,  8.49807622e-01-0.48915947j]],
         input_dims=(2, 2), output_dims=(2, 2))"
"Operator([[ 8.49807622e-01-0.48915947j,  1.93348900e-01+0.02549481j,
            1.83218709e-02+0.01335078j,  8.54124628e-04+0.00125475j],
          [-1.47885192e-01+0.12713675j,  9.52785453e-01-0.05202104j,
            2.10886897e-01+0.08045304j,  1.83218709e-02+0.01335078j],
          [ 1.12271443e-02-0.01969481j, -2.00543745e-01+0.10357693j,
            9.52785453e-01-0.05202104j,  1.93348900e-01+0.02549481j],
          [-3.08535301e-05+0.00151756j,  1.12271443e-02-0.01969481j,
           -1.47885192e-01+0.12713675j,  8.49807622e-01-0.48915947j]],
         input_dims=(2, 2), output_dims=(2, 2))"
"Operator([[ 8.49807622e-01-0.48915947j,  8.03617633e-02+0.17769572j,
           -2.00880785e-02+0.0105073j , -9.71241017e-04-0.00116646j],
          [ 2.99682750e-02+0.19270621j,  9.52785453e-01-0.05202104j,
            4.29302945e-02+0.22159189j, -2.00880785e-02+0.0105073j ],
          [-2.26307285e-02-0.00133577j, -1.78298281e-02+0.22500683j,
            9.52785453e-01-0.05202104j,  8.03617633e-02+0.17769572j],
          [ 1.77178279e-04-0.0015075j , -2.26307285e-02-0.00133577j,
            2.99682750e-02+0.19270621j,  8.49807622e-01-0.48915947j]],
         input_dims=(2, 2), output_dims=(2, 2))"
"Operator([[ 8.49807622e-01-0.48915947j,  5.56732257e-02+0.18690713j,
           -2.21650333e-02+0.00475873j, -4.32099984e-04-0.00145507j],
          [ 5.56732257e-02+0.18690713j,  9.52785453e-01-0.05202104j,
            1.26658519e-02+0.2253565j , -2.21650333e-02+0.00475873j],
          [-2.21650333e-02+0.00475873j,  1.26658519e-02+0.2253565j ,
            9.52785453e-01-0.05202104j,  5.56732257e-02+0.18690713j],
          [-4.32099984e-04-0.00145507j, -2.21650333e-02+0.00475873j,
            5.56732257e-02+0.18690713j,  8.49807622e-01-0.48915947j]],
         input_dims=(2, 2), output_dims=(2, 2))"
"Operator([[ 8.49807622e-01-0.48915947j, -1.95007617e-01-0.00241077j,
            2.09484888e-02+0.00866574j, -1.23808230e-03-0.00087812j],
          [ 1.61904758e-01-0.10872273j,  9.52785453e-01-0.05202104j,
           -2.18932589e-01-0.05490442j,  2.09484888e-02+0.00866574j],
          [ 1.55453577e-02-0.01650079j,  2.11401574e-01-0.07909076j,
            9.52785453e-01-0.05202104j, -1.95007617e-01-0.00241077j],
          [ 5.58145193e-04-0.00141153j,  1.55453577e-02-0.01650079j,
            1.61904758e-01-0.10872273j,  8.49807622e-01-0.48915947j]],
         input_dims=(2, 2), output_dims=(2, 2))"
"Operator([[ 8.49807622e-01-0.48915947j,  5.56732257e-02+0.18690713j,
           -2.21650333e-02+0.00475873j, -4.32099984e-04-0.00145507j],
          [ 5.56732257e-02+0.18690713j,  9.52785453e-01-0.05202104j,
            1.26658519e-02+0.2253565j , -2.21650333e-02+0.00475873j],
          [-2.21650333e-02+0.00475873j,  1.26658519e-02+0.2253565j ,
            9.52785453e-01-0.05202104j,  5.56732257e-02+0.18690713j],
          [-4.32099984e-04-0.00145507j, -2.21650333e-02+0.00475873j,
            5.56732257e-02+0.18690713j,  8.49807622e-01-0.48915947j]],
         input_dims=(2, 2), output_dims=(2, 2))"
"Operator([[ 0.84980762-4.89159468e-01j, -0.19413558+1.85784545e-02j,
            0.02231714+3.98488051e-03j, -0.00145292-4.39275787e-04j],
          [ 0.1726598 -9.06773150e-02j,  0.95278545-5.20210443e-02j,
           -0.22356803-3.10372611e-02j,  0.02231714+3.98488051e-03j],
          [ 0.01871475-1.27942295e-02j,  0.21868221-5.58933276e-02j,
            0.95278545-5.20210443e-02j, -0.19413558+1.85784545e-02j],
          [ 0.00097768-1.16107015e-03j,  0.01871475-1.27942295e-02j,
            0.1726598 -9.06773150e-02j,  0.84980762-4.89159468e-01j]],
         input_dims=(2, 2), output_dims=(2, 2))"
"Operator([[ 0.84980762-4.89159468e-01j, -0.17805532+7.95618384e-02j,
            0.02018177-1.03261974e-02j, -0.00117946+9.55416052e-04j],
          [ 0.1925695 -3.08345877e-02j,  0.95278545-5.20210443e-02j,
           -0.22178271+4.19333434e-02j,  0.02018177-1.03261974e-02j],
          [ 0.02264183+1.13217841e-03j,  0.22508473+1.68177736e-02j,
            0.95278545-5.20210443e-02j, -0.17805532+7.95618384e-02j],
          [ 0.00150975+1.56824694e-04j,  0.02264183+1.13217841e-03j,
            0.1925695 -3.08345877e-02j,  0.84980762-4.89159468e-01j]],
         input_dims=(2, 2), output_dims=(2, 2))"
"Operator([[ 8.49807622e-01-0.48915947j,  1.45699230e-01-0.12963609j,
            1.05501172e-02-0.02006562j, -4.66669703e-05-0.00151716j],
          [-1.92886822e-01-0.02878292j,  9.52785453e-01-0.05202104j,
            1.98751261e-01-0.10697621j,  1.05501172e-02-0.02006562j],
          [ 1.78567163e-02+0.01396681j, -2.09486602e-01-0.08403177j,
            9.52785453e-01-0.05202104j,  1.45699230e-01-0.12963609j],
          [-7.88948130e-04-0.00129673j,  1.78567163e-02+0.01396681j,
           -1.92886822e-01-0.02878292j,  8.49807622e-01-0.48915947j]],
         input_dims=(2, 2), output_dims=(2, 2))"
