unitary
"Operator([[ 0.5190507 -0.78013744j,  0.18982122+0.28324925j,
           -0.06621079+0.03516698j, -0.00594069-0.0073365j ],
          [ 0.16187451+0.30009811j,  0.84563433-0.07266066j,
            0.05735608+0.39300187j, -0.06621079+0.03516698j],
          [-0.07169348+0.02192329j,  0.01952416+0.39668501j,
            0.84563433-0.07266066j,  0.18982122+0.28324925j],
          [-0.00361895-0.0087189j , -0.07169348+0.02192329j,
            0.16187451+0.30009811j,  0.5190507 -0.78013744j]],
         input_dims=(2, 2), output_dims=(2, 2))"
"Operator([[ 5.19050705e-01-0.78013744j,  3.37536116e-01+0.04828668j,
            4.19613140e-02+0.06212756j,  5.08865964e-04+0.00942641j],
          [-1.14871833e-01+0.32104002j,  8.45634333e-01-0.07266066j,
            3.30553087e-01+0.22017003j,  4.19613140e-02+0.06212756j],
          [-1.42309375e-02-0.07360751j, -2.81878958e-01+0.27979356j,
            8.45634333e-01-0.07266066j,  3.37536116e-01+0.04828668j],
          [ 8.04476747e-03+0.00493941j, -1.42309375e-02-0.07360751j,
           -1.14871833e-01+0.32104002j,  5.19050705e-01-0.78013744j]],
         input_dims=(2, 2), output_dims=(2, 2))"
"Operator([[ 0.5190507 -0.78013744j,  0.17604954+0.2920082j ,
           -0.06926937+0.02867646j, -0.00482954-0.0081112j ],
          [ 0.17604954+0.2920082j ,  0.84563433-0.07266066j,
            0.03848421+0.39529628j, -0.06926937+0.02867646j],
          [-0.06926937+0.02867646j,  0.03848421+0.39529628j,
            0.84563433-0.07266066j,  0.17604954+0.2920082j ],
          [-0.00482954-0.0081112j , -0.06926937+0.02867646j,
            0.17604954+0.2920082j ,  0.5190507 -0.78013744j]],
         input_dims=(2, 2), output_dims=(2, 2))"
"Operator([[ 0.5190507 -0.78013744j, -0.33932597-0.03346821j,
            0.04723336+0.05822023j, -0.00173896-0.00927858j],
          [ 0.12881202-0.31570508j,  0.84563433-0.07266066j,
           -0.33987207-0.20549249j,  0.04723336+0.05822023j],
          [-0.00773976-0.07456998j,  0.29385399-0.26718911j,
            0.84563433-0.07266066j, -0.33932597-0.03346821j],
          [-0.00732862-0.00595041j, -0.00773976-0.07456998j,
            0.12881202-0.31570508j,  0.5190507 -0.78013744j]],
         input_dims=(2, 2), output_dims=(2, 2))"
"Operator([[ 0.5190507 -0.78013744j,  0.17604954+0.2920082j ,
           -0.06926937+0.02867646j, -0.00482954-0.0081112j ],
          [ 0.17604954+0.2920082j ,  0.84563433-0.07266066j,
            0.03848421+0.39529628j, -0.06926937+0.02867646j],
          [-0.06926937+0.02867646j,  0.03848421+0.39529628j,
            0.84563433-0.07266066j,  0.17604954+0.2920082j ],
          [-0.00482954-0.0081112j , -0.06926937+0.02867646j,
            0.17604954+0.2920082j ,  0.5190507 -0.78013744j]],
         input_dims=(2, 2), output_dims=(2, 2))"
"Operator([[ 0.5190507 -0.78013744j, -0.18987393+0.28321392j,
            0.02236924-0.07155559j,  0.00260159+0.00907457j],
          [ 0.33909847-0.03569956j,  0.84563433-0.07266066j,
           -0.34172915+0.20238916j,  0.02236924-0.07155559j],
          [ 0.0664013 +0.03480594j,  0.37434945+0.13267508j,
            0.84563433-0.07266066j, -0.18987393+0.28321392j],
          [ 0.00673818+0.00661158j,  0.0664013 +0.03480594j,
            0.33909847-0.03569956j,  0.5190507 -0.78013744j]],
         input_dims=(2, 2), output_dims=(2, 2))"
"Operator([[ 5.19050705e-01-0.78013744j, -3.35401822e-01+0.06138282j,
            7.09116109e-02+0.0243337j , -8.05995848e-03-0.00491458j],
          [ 2.10861047e-01-0.26795494j,  8.45634333e-01-0.07266066j,
           -3.83354720e-01-0.10382362j,  7.09116109e-02+0.0243337j ],
          [ 3.29618633e-02-0.06733573j,  3.56130266e-01-0.17581644j,
            8.45634333e-01-0.07266066j, -3.35401822e-01+0.06138282j],
          [-4.79799960e-04-0.00942793j,  3.29618633e-02-0.06733573j,
            2.10861047e-01-0.26795494j,  5.19050705e-01-0.78013744j]],
         input_dims=(2, 2), output_dims=(2, 2))"
