unitary
"Operator([[ 9.87115582e-01-1.49262703e-01j,
            4.79732348e-03+5.74174529e-02j,
           -1.91818285e-03+1.17365961e-04j,
           -3.07994935e-06-3.68716027e-05j],
          [ 4.79732348e-03+5.74174529e-02j,
            9.95979600e-01-1.65272526e-02j,
            1.10653851e-03+6.65341372e-02j,
           -1.91818285e-03+1.17365961e-04j],
          [-1.91818285e-03+1.17365961e-04j,
            1.10653851e-03+6.65341372e-02j,
            9.95979600e-01-1.65272526e-02j,
            4.79732348e-03+5.74174529e-02j],
          [-3.07994935e-06-3.68716027e-05j,
           -1.91818285e-03+1.17365961e-04j,
            4.79732348e-03+5.74174529e-02j,
            9.87115582e-01-1.49262703e-01j]],
         input_dims=(2, 2), output_dims=(2, 2))"
"Operator([[ 9.87115582e-01-1.49262703e-01j,
            4.79732348e-03+5.74174529e-02j,
           -1.91818285e-03+1.17365961e-04j,
           -3.07994935e-06-3.68716027e-05j],
          [ 4.79732348e-03+5.74174529e-02j,
            9.95979600e-01-1.65272526e-02j,
            1.10653851e-03+6.65341372e-02j,
           -1.91818285e-03+1.17365961e-04j],
          [-1.91818285e-03+1.17365961e-04j,
            1.10653851e-03+6.65341372e-02j,
            9.95979600e-01-1.65272526e-02j,
            4.79732348e-03+5.74174529e-02j],
          [-3.07994935e-06-3.68716027e-05j,
           -1.91818285e-03+1.17365961e-04j,
            4.79732348e-03+5.74174529e-02j,
            9.87115582e-01-1.49262703e-01j]],
         input_dims=(2, 2), output_dims=(2, 2))"
"Operator([[ 9.87115582e-01-1.49262703e-01j,
            5.67880868e-02+9.74122222e-03j,
            1.73430210e-03+8.27886727e-04j,
            2.88541225e-05+2.31611914e-05j],
          [-5.43842157e-02+1.90298526e-02j,
            9.95979600e-01-1.65272526e-02j,
            6.46892988e-02+1.55984123e-02j,
            1.73430210e-03+8.27886727e-04j],
          [ 1.62043271e-03-1.03314958e-03j,
           -6.41348280e-02+1.77409043e-02j,
            9.95979600e-01-1.65272526e-02j,
            5.67880868e-02+9.74122222e-03j],
          [-2.46116726e-05+2.76272826e-05j,
            1.62043271e-03-1.03314958e-03j,
           -5.43842157e-02+1.90298526e-02j,
            9.87115582e-01-1.49262703e-01j]],
         input_dims=(2, 2), output_dims=(2, 2))"
"Operator([[ 9.87115582e-01-1.49262703e-01j,
            5.74079417e-02+4.90983139e-03j,
            1.84891057e-03+5.24146848e-04j,
            3.37436150e-05+1.51779319e-05j],
          [-5.57972209e-02+1.43683106e-02j,
            9.95979600e-01-1.65272526e-02j,
            6.57756435e-02+1.00787184e-02j,
            1.84891057e-03+5.24146848e-04j],
          [ 1.77121688e-03-7.45648014e-04j,
           -6.54041188e-02+1.22603873e-02j,
            9.95979600e-01-1.65272526e-02j,
            5.74079417e-02+4.90983139e-03j],
          [-3.07578742e-05+2.05658539e-05j,
            1.77121688e-03-7.45648014e-04j,
           -5.57972209e-02+1.43683106e-02j,
            9.87115582e-01-1.49262703e-01j]],
         input_dims=(2, 2), output_dims=(2, 2))"
"Operator([[ 9.87115582e-01-1.49262703e-01j,
            5.76103079e-02+9.11389444e-04j,
            1.90369946e-03+2.62923112e-04j,
            3.61545115e-05+7.86463424e-06j],
          [-5.66603023e-02+1.04588886e-02j,
            9.95979600e-01-1.65272526e-02j,
            6.63167533e-02+5.48671854e-03j,
            1.90369946e-03+2.62923112e-04j],
          [ 1.85744433e-03-4.93052506e-04j,
           -6.60976274e-02+7.68892057e-03j,
            9.95979600e-01-1.65272526e-02j,
            5.76103079e-02+9.11389444e-04j],
          [-3.43486785e-05+1.37538888e-05j,
            1.85744433e-03-4.93052506e-04j,
           -5.66603023e-02+1.04588886e-02j,
            9.87115582e-01-1.49262703e-01j]],
         input_dims=(2, 2), output_dims=(2, 2))"
"Operator([[ 9.87115582e-01-1.49262703e-01j,
            5.75763600e-02-2.17737926e-03j,
            1.92090489e-03+5.76594458e-05j,
            3.69473965e-05+1.97257779e-06j],
          [-5.71393904e-02+7.40731206e-03j,
            9.95979600e-01-1.65272526e-02j,
            6.65154950e-02+1.92477774e-03j,
            1.92090489e-03+5.76594458e-05j],
          [ 1.89954626e-03-2.91417620e-04j,
           -6.64147047e-02+4.13555843e-03j,
            9.95979600e-01-1.65272526e-02j,
            5.75763600e-02-2.17737926e-03j],
          [-3.61081022e-05+8.07503116e-06j,
            1.89954626e-03-2.91417620e-04j,
           -5.71393904e-02+7.40731206e-03j,
            9.87115582e-01-1.49262703e-01j]],
         input_dims=(2, 2), output_dims=(2, 2))"
"Operator([[ 9.87115582e-01-1.49262703e-01j,
            5.74620538e-02-4.22972600e-03j,
            1.92012762e-03-7.94363321e-05j,
            3.69466929e-05-1.98571225e-06j],
          [-5.73672455e-02+5.36445253e-03j,
            9.95979600e-01-1.65272526e-02j,
            6.65418230e-02-4.49035865e-04j,
            1.92012762e-03-7.94363321e-05j],
          [ 1.91548890e-03-1.55249751e-04j,
           -6.65199548e-02+1.76393311e-03j,
            9.95979600e-01-1.65272526e-02j,
            5.74620538e-02-4.22972600e-03j],
          [-3.67641119e-05+4.17147999e-06j,
            1.91548890e-03-1.55249751e-04j,
           -5.73672455e-02+5.36445253e-03j,
            9.87115582e-01-1.49262703e-01j]],
         input_dims=(2, 2), output_dims=(2, 2))"
"Operator([[ 9.87115582e-01-1.49262703e-01j,
            5.73940824e-02-5.06927177e-03j,
            1.91698478e-03-1.35534399e-04j,
            3.68241088e-05-3.60363513e-06j],
          [-5.74395348e-02+4.52526752e-03j,
            9.95979600e-01-1.65272526e-02j,
            6.65281487e-02-1.42171644e-03j,
            1.91698478e-03-1.35534399e-04j],
          [ 1.91920873e-03-9.91869873e-05j,
           -6.65386326e-02+7.91335753e-04j,
            9.95979600e-01-1.65272526e-02j,
            5.73940824e-02-5.06927177e-03j],
          [-3.69116495e-05+2.55564150e-06j,
            1.91920873e-03-9.91869873e-05j,
           -5.74395348e-02+4.52526752e-03j,
            9.87115582e-01-1.49262703e-01j]],
         input_dims=(2, 2), output_dims=(2, 2))"
"Operator([[ 9.87115582e-01-1.49262703e-01j,
            5.74387830e-02-4.53480077e-03j,
            1.91917570e-03-9.98240485e-05j,
            3.69103724e-05-2.57401999e-06j],
          [-5.73949229e-02+5.05974594e-03j,
            9.95979600e-01-1.65272526e-02j,
            6.65385004e-02-8.02379237e-04j,
            1.91917570e-03-9.98240485e-05j],
          [ 1.91702966e-03-1.34898064e-04j,
           -6.65283837e-02+1.41067467e-03j,
            9.95979600e-01-1.65272526e-02j,
            5.74387830e-02-4.53480077e-03j],
          [-3.68258985e-05+3.58529947e-06j,
            1.91702966e-03-1.34898064e-04j,
           -5.73949229e-02+5.05974594e-03j,
            9.87115582e-01-1.49262703e-01j]],
         input_dims=(2, 2), output_dims=(2, 2))"
"Operator([[ 9.87115582e-01-1.49262703e-01j,
            4.79732348e-03+5.74174529e-02j,
           -1.91818285e-03+1.17365961e-04j,
           -3.07994935e-06-3.68716027e-05j],
          [ 4.79732348e-03+5.74174529e-02j,
            9.95979600e-01-1.65272526e-02j,
            1.10653851e-03+6.65341372e-02j,
           -1.91818285e-03+1.17365961e-04j],
          [-1.91818285e-03+1.17365961e-04j,
            1.10653851e-03+6.65341372e-02j,
            9.95979600e-01-1.65272526e-02j,
            4.79732348e-03+5.74174529e-02j],
          [-3.07994935e-06-3.68716027e-05j,
           -1.91818285e-03+1.17365961e-04j,
            4.79732348e-03+5.74174529e-02j,
            9.87115582e-01-1.49262703e-01j]],
         input_dims=(2, 2), output_dims=(2, 2))"
"Operator([[ 9.87115582e-01-1.49262703e-01j,
            5.76060882e-02-1.14752485e-03j,
            1.91761493e-03+1.26305888e-04j,
            3.67884777e-05+3.95083252e-06j],
          [-5.69978074e-02+8.42782081e-03j,
            9.95979600e-01-1.65272526e-02j,
            6.64704446e-02+3.11381443e-03j,
            1.91761493e-03+1.26305888e-04j],
          [ 1.88791177e-03-3.59150895e-04j,
           -6.63301401e-02+5.32243947e-03j,
            9.95979600e-01-1.65272526e-02j,
            5.76060882e-02-1.14752485e-03j],
          [-3.56231817e-05+9.99950487e-06j,
            1.88791177e-03-3.59150895e-04j,
           -5.69978074e-02+8.42782081e-03j,
            9.87115582e-01-1.49262703e-01j]],
         input_dims=(2, 2), output_dims=(2, 2))"
"Operator([[ 9.87115582e-01-1.49262703e-01j,
            5.75924491e-02+1.69941609e-03j,
            1.89579400e-03+3.14905239e-04j,
            3.58013812e-05+9.34142799e-06j],
          [-5.65119221e-02+1.12330257e-02j,
            9.95979600e-01-1.65272526e-02j,
            6.62354890e-02+6.39342166e-03j,
            1.89579400e-03+3.14905239e-04j],
          [ 1.84326041e-03-5.43683072e-04j,
           -6.59862574e-02+8.59241996e-03j,
            9.95979600e-01-1.65272526e-02j,
            5.75924491e-02+1.69941609e-03j],
          [-3.37554333e-05+1.51516302e-05j,
            1.84326041e-03-5.43683072e-04j,
           -5.65119221e-02+1.12330257e-02j,
            9.87115582e-01-1.49262703e-01j]],
         input_dims=(2, 2), output_dims=(2, 2))"
"Operator([[ 9.87115582e-01-1.49262703e-01j,
            5.73995032e-02+5.00751871e-03j,
            1.84711592e-03+5.30436600e-04j,
            3.36656881e-05+1.53500038e-05j],
          [-5.57726887e-02+1.44632432e-02j,
            9.95979600e-01-1.65272526e-02j,
            6.57583967e-02+1.01906380e-02j,
            1.84711592e-03+5.30436600e-04j],
          [ 1.76866880e-03-7.51672052e-04j,
           -6.53831598e-02+1.23716715e-02j,
            9.95979600e-01-1.65272526e-02j,
            5.73995032e-02+5.00751871e-03j],
          [-3.06524795e-05+2.07226127e-05j,
            1.76866880e-03-7.51672052e-04j,
           -5.57726887e-02+1.44632432e-02j,
            9.87115582e-01-1.49262703e-01j]],
         input_dims=(2, 2), output_dims=(2, 2))"
"Operator([[ 9.87115582e-01-1.49262703e-01j,
            4.79732348e-03+5.74174529e-02j,
           -1.91818285e-03+1.17365961e-04j,
           -3.07994935e-06-3.68716027e-05j],
          [ 4.79732348e-03+5.74174529e-02j,
            9.95979600e-01-1.65272526e-02j,
            1.10653851e-03+6.65341372e-02j,
           -1.91818285e-03+1.17365961e-04j],
          [-1.91818285e-03+1.17365961e-04j,
            1.10653851e-03+6.65341372e-02j,
            9.95979600e-01-1.65272526e-02j,
            4.79732348e-03+5.74174529e-02j],
          [-3.07994935e-06-3.68716027e-05j,
           -1.91818285e-03+1.17365961e-04j,
            4.79732348e-03+5.74174529e-02j,
            9.87115582e-01-1.49262703e-01j]],
         input_dims=(2, 2), output_dims=(2, 2))"
"Operator([[ 9.87115582e-01-1.49262703e-01j,
            4.79732348e-03+5.74174529e-02j,
           -1.91818285e-03+1.17365961e-04j,
           -3.07994935e-06-3.68716027e-05j],
          [ 4.79732348e-03+5.74174529e-02j,
            9.95979600e-01-1.65272526e-02j,
            1.10653851e-03+6.65341372e-02j,
           -1.91818285e-03+1.17365961e-04j],
          [-1.91818285e-03+1.17365961e-04j,
            1.10653851e-03+6.65341372e-02j,
            9.95979600e-01-1.65272526e-02j,
            4.79732348e-03+5.74174529e-02j],
          [-3.07994935e-06-3.68716027e-05j,
           -1.91818285e-03+1.17365961e-04j,
            4.79732348e-03+5.74174529e-02j,
            9.87115582e-01-1.49262703e-01j]],
         input_dims=(2, 2), output_dims=(2, 2))"
