unitary
"Operator([[ 9.41366246e-01-0.31421358j,  2.17999268e-02+0.12061082j,
           -8.70437146e-03+0.00114631j, -6.44524569e-05-0.00035699j],
          [ 2.17999268e-02+0.12061082j,  9.81660078e-01-0.03435118j,
            5.00604995e-03+0.14155967j, -8.70437146e-03+0.00114631j],
          [-8.70437146e-03+0.00114631j,  5.00604995e-03+0.14155967j,
            9.81660078e-01-0.03435118j,  2.17999268e-02+0.12061082j],
          [-6.44524569e-05-0.00035699j, -8.70437146e-03+0.00114631j,
            2.17999268e-02+0.12061082j,  9.41366246e-01-0.31421358j]],
         input_dims=(2, 2), output_dims=(2, 2))"
"Operator([[ 9.41366246e-01-3.14213578e-01j,
            1.05710270e-01-6.20285853e-02j,
            5.89527790e-03-6.50582817e-03j,
            1.19846264e-04-3.42392578e-04j],
          [-1.20735331e-01-2.10994418e-02j,
            9.81660078e-01-3.43511799e-02j,
            1.31163281e-01-5.34826568e-02j,
            5.89527790e-03-6.50582817e-03j],
          [ 7.37861440e-03+4.75774645e-03j,
           -1.34613578e-01-4.40838483e-02j,
            9.81660078e-01-3.43511799e-02j,
            1.05710270e-01-6.20285853e-02j],
          [-2.32011079e-04-2.78866748e-04j,
            7.37861440e-03+4.75774645e-03j,
           -1.20735331e-01-2.10994418e-02j,
            9.41366246e-01-3.14213578e-01j]],
         input_dims=(2, 2), output_dims=(2, 2))"
"Operator([[ 9.41366246e-01-0.31421358j,  9.54079249e-02-0.07693851j,
            3.74117758e-03-0.00794252j, -3.88499198e-05-0.00036068j],
          [-1.16304137e-01-0.0386724j ,  9.81660078e-01-0.03435118j,
            1.21842866e-01-0.0722393j ,  3.74117758e-03-0.00794252j],
          [ 5.66991336e-03+0.00670315j, -1.26641390e-01-0.06345202j,
            9.81660078e-01-0.03435118j,  9.54079249e-02-0.07693851j],
          [-8.97272990e-05-0.00035149j,  5.66991336e-03+0.00670315j,
           -1.16304137e-01-0.0386724j ,  9.41366246e-01-0.31421358j]],
         input_dims=(2, 2), output_dims=(2, 2))"
"Operator([[ 9.41366246e-01-0.31421358j,  8.57051820e-02-0.08761751j,
            1.78400325e-03-0.00859636j, -1.61265155e-04-0.00032495j],
          [-1.10953548e-01-0.05207223j,  9.81660078e-01-0.03435118j,
            1.12509190e-01-0.08605744j,  1.78400325e-03-0.00859636j],
          [ 3.94874483e-03+0.0078414j , -1.18307126e-01-0.07789496j,
            9.81660078e-01-0.03435118j,  8.57051820e-02-0.08761751j],
          [ 3.74536933e-05-0.00036082j,  3.94874483e-03+0.0078414j ,
           -1.10953548e-01-0.05207223j,  9.41366246e-01-0.31421358j]],
         input_dims=(2, 2), output_dims=(2, 2))"
"Operator([[ 9.41366246e-01-3.14213578e-01j,
            7.73133074e-02-9.51044645e-02j,
            1.84763219e-04-8.77758305e-03j,
           -2.43542621e-04-2.68854600e-04j],
          [-1.05713490e-01-6.20230975e-02j,
            9.81660078e-01-3.43511799e-02j,
            1.04147476e-01-9.60078345e-02j,
            1.84763219e-04-8.77758305e-03j],
          [ 2.45094829e-03+8.43047770e-03j,
           -1.10669183e-01-8.84111587e-02j,
            9.81660078e-01-3.43511799e-02j,
            7.73133074e-02-9.51044645e-02j],
          [ 1.34150915e-04-3.37045006e-04j,
            2.45094829e-03+8.43047770e-03j,
           -1.05713490e-01-6.20230975e-02j,
            9.41366246e-01-3.14213578e-01j]],
         input_dims=(2, 2), output_dims=(2, 2))"
"Operator([[ 9.41366246e-01-3.14213578e-01j,
            6.95699711e-02-1.00907016e-01j,
           -1.19807569e-03-8.69739710e-03j,
           -2.99838882e-04-2.04187290e-04j],
          [-1.00491303e-01-7.01691155e-02j,
            9.81660078e-01-3.43511799e-02j,
            9.62492516e-02-1.03924408e-01j,
           -1.19807569e-03-8.69739710e-03j],
          [ 1.09449728e-03+8.71103768e-03j,
           -1.03349905e-01-9.68658766e-02j,
            9.81660078e-01-3.43511799e-02j,
            6.95699711e-02-1.00907016e-01j],
          [ 2.09506448e-04-2.96146674e-04j,
            1.09449728e-03+8.71103768e-03j,
           -1.00491303e-01-7.01691155e-02j,
            9.41366246e-01-3.14213578e-01j]],
         input_dims=(2, 2), output_dims=(2, 2))"
"Operator([[ 9.41366246e-01-3.14213578e-01j,
           -9.51977889e-02-7.71983656e-02j,
           -1.63556208e-04+8.77800382e-03j,
            2.67970245e-04-2.44515341e-04j],
          [ 6.21507532e-02-1.05638490e-01j,
            9.81660078e-01-3.43511799e-02j,
           -9.61335737e-02-1.04031423e-01j,
           -1.63556208e-04+8.77800382e-03j],
          [-2.43057326e-03-8.43637454e-03j,
            8.85447816e-02-1.10562302e-01j,
            9.81660078e-01-3.43511799e-02j,
           -9.51977889e-02-7.71983656e-02j],
          [-3.36556635e-04-1.35371474e-04j,
           -2.43057326e-03-8.43637454e-03j,
            6.21507532e-02-1.05638490e-01j,
            9.41366246e-01-3.14213578e-01j]],
         input_dims=(2, 2), output_dims=(2, 2))"
"Operator([[ 9.41366246e-01-0.31421358j,  2.17999268e-02+0.12061082j,
           -8.70437146e-03+0.00114631j, -6.44524569e-05-0.00035699j],
          [ 2.17999268e-02+0.12061082j,  9.81660078e-01-0.03435118j,
            5.00604995e-03+0.14155967j, -8.70437146e-03+0.00114631j],
          [-8.70437146e-03+0.00114631j,  5.00604995e-03+0.14155967j,
            9.81660078e-01-0.03435118j,  2.17999268e-02+0.12061082j],
          [-6.44524569e-05-0.00035699j, -8.70437146e-03+0.00114631j,
            2.17999268e-02+0.12061082j,  9.41366246e-01-0.31421358j]],
         input_dims=(2, 2), output_dims=(2, 2))"
"Operator([[ 9.41366246e-01-0.31421358j,  2.17999268e-02+0.12061082j,
           -8.70437146e-03+0.00114631j, -6.44524569e-05-0.00035699j],
          [ 2.17999268e-02+0.12061082j,  9.81660078e-01-0.03435118j,
            5.00604995e-03+0.14155967j, -8.70437146e-03+0.00114631j],
          [-8.70437146e-03+0.00114631j,  5.00604995e-03+0.14155967j,
            9.81660078e-01-0.03435118j,  2.17999268e-02+0.12061082j],
          [-6.44524569e-05-0.00035699j, -8.70437146e-03+0.00114631j,
            2.17999268e-02+0.12061082j,  9.41366246e-01-0.31421358j]],
         input_dims=(2, 2), output_dims=(2, 2))"
"Operator([[ 9.41366246e-01-3.14213578e-01j,
           -8.14209537e-02+9.16124171e-02j,
            9.55331778e-04-8.72739611e-03j,
            2.06045675e-04+2.98564874e-04j],
          [ 1.08338829e-01+5.73140899e-02j,
            9.81660078e-01-3.43511799e-02j,
           -1.08268888e-01+9.13348168e-02j,
            9.55331778e-04-8.72739611e-03j],
          [ 3.18225117e-03+8.18250446e-03j,
            1.14450204e-01+8.34586831e-02j,
            9.81660078e-01-3.43511799e-02j,
           -8.14209537e-02+9.16124171e-02j],
          [-8.86319358e-05+3.51767230e-04j,
            3.18225117e-03+8.18250446e-03j,
            1.08338829e-01+5.73140899e-02j,
            9.41366246e-01-3.14213578e-01j]],
         input_dims=(2, 2), output_dims=(2, 2))"
"Operator([[ 9.41366246e-01-3.14213578e-01j,
           -6.67292902e-02+1.02807629e-01j,
           -1.68105018e-03-8.61708605e-03j,
            3.15852784e-04+1.78417552e-04j],
          [ 9.84956761e-02+7.29438719e-02j,
            9.81660078e-01-3.43511799e-02j,
           -9.33140621e-02+1.06567757e-01j,
           -1.68105018e-03-8.61708605e-03j],
          [ 6.07197519e-04+8.75850517e-03j,
            1.00608771e-01+9.97099604e-02j,
            9.81660078e-01-3.43511799e-02j,
           -6.67292902e-02+1.02807629e-01j],
          [-2.33520740e-04+2.77603797e-04j,
            6.07197519e-04+8.75850517e-03j,
            9.84956761e-02+7.29438719e-02j,
            9.41366246e-01-3.14213578e-01j]],
         input_dims=(2, 2), output_dims=(2, 2))"
"Operator([[ 9.41366246e-01-0.31421358j,  2.17999268e-02+0.12061082j,
           -8.70437146e-03+0.00114631j, -6.44524569e-05-0.00035699j],
          [ 2.17999268e-02+0.12061082j,  9.81660078e-01-0.03435118j,
            5.00604995e-03+0.14155967j, -8.70437146e-03+0.00114631j],
          [-8.70437146e-03+0.00114631j,  5.00604995e-03+0.14155967j,
            9.81660078e-01-0.03435118j,  2.17999268e-02+0.12061082j],
          [-6.44524569e-05-0.00035699j, -8.70437146e-03+0.00114631j,
            2.17999268e-02+0.12061082j,  9.41366246e-01-0.31421358j]],
         input_dims=(2, 2), output_dims=(2, 2))"
"Operator([[ 9.41366246e-01-3.14213578e-01j,
           -5.04292444e-02+1.11709883e-01j,
           -4.17842688e-03-7.72145391e-03j,
            3.62126761e-04+2.14479264e-05j],
          [ 8.63432423e-02+8.69887991e-02j,
            9.81660078e-01-3.43511799e-02j,
           -7.61406510e-02+1.19443720e-01j,
           -4.17842688e-03-7.72145391e-03j],
          [-2.03690729e-03+8.53997134e-03j,
            8.43878010e-02+1.13766867e-01j,
            9.81660078e-01-3.43511799e-02j,
           -5.04292444e-02+1.11709883e-01j],
          [-3.31763935e-04+1.46725920e-04j,
           -2.03690729e-03+8.53997134e-03j,
            8.63432423e-02+8.69887991e-02j,
            9.41366246e-01-3.14213578e-01j]],
         input_dims=(2, 2), output_dims=(2, 2))"
"Operator([[ 9.41366246e-01-3.14213578e-01j,
           -5.01845709e-02+1.11820014e-01j,
           -4.21219400e-03-7.70308532e-03j,
            3.62259810e-04+1.90692006e-05j],
          [ 8.61526015e-02+8.71776113e-02j,
            9.81660078e-01-3.43511799e-02j,
           -7.58789851e-02+1.19610119e-01j,
           -4.21219400e-03-7.70308532e-03j],
          [-2.07427869e-03+8.53097120e-03j,
            8.41385430e-02+1.13951334e-01j,
            9.81660078e-01-3.43511799e-02j,
           -5.01845709e-02+1.11820014e-01j],
          [-3.32720401e-04+1.44543900e-04j,
           -2.07427869e-03+8.53097120e-03j,
            8.61526015e-02+8.71776113e-02j,
            9.41366246e-01-3.14213578e-01j]],
         input_dims=(2, 2), output_dims=(2, 2))"
