unitary
"Operator([[-0.28186732-0.77701398j,  0.44485248+0.25560309j,
           -0.16735679+0.15001124j, -0.04682539-0.02948106j],
          [ 0.44485248+0.25560309j,  0.55222849-0.01350588j,
            0.08035206+0.61210007j, -0.16735679+0.15001124j],
          [-0.16735679+0.15001124j,  0.08035206+0.61210007j,
            0.55222849-0.01350588j,  0.44485248+0.25560309j],
          [-0.04682539-0.02948106j, -0.16735679+0.15001124j,
            0.44485248+0.25560309j, -0.28186732-0.77701398j]],
         input_dims=(2, 2), output_dims=(2, 2))"
"Operator([[-0.28186732-0.77701398j,  0.44485248+0.25560309j,
           -0.16735679+0.15001124j, -0.04682539-0.02948106j],
          [ 0.44485248+0.25560309j,  0.55222849-0.01350588j,
            0.08035206+0.61210007j, -0.16735679+0.15001124j],
          [-0.16735679+0.15001124j,  0.08035206+0.61210007j,
            0.55222849-0.01350588j,  0.44485248+0.25560309j],
          [-0.04682539-0.02948106j, -0.16735679+0.15001124j,
            0.44485248+0.25560309j, -0.28186732-0.77701398j]],
         input_dims=(2, 2), output_dims=(2, 2))"
"Operator([[-0.28186732-0.77701398j,  0.44485248+0.25560309j,
           -0.16735679+0.15001124j, -0.04682539-0.02948106j],
          [ 0.44485248+0.25560309j,  0.55222849-0.01350588j,
            0.08035206+0.61210007j, -0.16735679+0.15001124j],
          [-0.16735679+0.15001124j,  0.08035206+0.61210007j,
            0.55222849-0.01350588j,  0.44485248+0.25560309j],
          [-0.04682539-0.02948106j, -0.16735679+0.15001124j,
            0.44485248+0.25560309j, -0.28186732-0.77701398j]],
         input_dims=(2, 2), output_dims=(2, 2))"
"Operator([[-0.28186732-0.77701398j,  0.03320202-0.51198075j,
           -0.01650841-0.22414089j, -0.04001514-0.03821699j],
          [-0.42559875+0.28651766j,  0.55222849-0.01350588j,
            0.51391312-0.34207639j, -0.01650841-0.22414089j],
          [ 0.22100667+0.04083767j, -0.58479029-0.19784657j,
            0.55222849-0.01350588j,  0.03320202-0.51198075j],
          [-0.05175917-0.01956371j,  0.22100667+0.04083767j,
           -0.42559875+0.28651766j, -0.28186732-0.77701398j]],
         input_dims=(2, 2), output_dims=(2, 2))"
"Operator([[-0.28186732-0.77701398j,  0.18703706-0.47774868j,
            0.11618097-0.19238931j,  0.00644857-0.05495604j],
          [-0.31855316+0.40218224j,  0.55222849-0.01350588j,
            0.59349809-0.16994991j,  0.11618097-0.19238931j],
          [ 0.20390514-0.09452175j, -0.61725336-0.01101124j,
            0.55222849-0.01350588j,  0.18703706-0.47774868j],
          [-0.04676896+0.02957049j,  0.20390514-0.09452175j,
           -0.31855316+0.40218224j, -0.28186732-0.77701398j]],
         input_dims=(2, 2), output_dims=(2, 2))"
