unitary
"Operator([[ 9.41366246e-01-0.31421358j,  2.17999268e-02+0.12061082j,
           -8.70437146e-03+0.00114631j, -6.44524569e-05-0.00035699j],
          [ 2.17999268e-02+0.12061082j,  9.81660078e-01-0.03435118j,
            5.00604995e-03+0.14155967j, -8.70437146e-03+0.00114631j],
          [-8.70437146e-03+0.00114631j,  5.00604995e-03+0.14155967j,
            9.81660078e-01-0.03435118j,  2.17999268e-02+0.12061082j],
          [-6.44524569e-05-0.00035699j, -8.70437146e-03+0.00114631j,
            2.17999268e-02+0.12061082j,  9.41366246e-01-0.31421358j]],
         input_dims=(2, 2), output_dims=(2, 2))"
"Operator([[ 9.41366246e-01-3.14213578e-01j,
            6.81262616e-04+1.22563219e-01j,
           -8.57631375e-03-1.87801604e-03j,
            1.21369819e-04-3.41855483e-04j],
          [ 4.22658359e-02+1.15046972e-01j,
            9.81660078e-01-3.43511799e-02j,
           -1.94725898e-02+1.40303311e-01j,
           -8.57631375e-03-1.87801604e-03j],
          [-7.79769361e-03+4.03436193e-03j,
            2.93347935e-02+1.38577310e-01j,
            9.81660078e-01-3.43511799e-02j,
            6.81262616e-04+1.22563219e-01j],
          [-2.33250629e-04-2.77830791e-04j,
           -7.79769361e-03+4.03436193e-03j,
            4.22658359e-02+1.15046972e-01j,
            9.41366246e-01-3.14213578e-01j]],
         input_dims=(2, 2), output_dims=(2, 2))"
"Operator([[ 9.41366246e-01-0.31421358j,  2.65200975e-02+0.11966157j,
           -8.58754508e-03+0.00182597j, -1.05981171e-04-0.00034693j],
          [ 1.70461162e-02+0.12137395j,  9.81660078e-01-0.03435118j,
            1.05619444e-02+0.14125384j, -8.58754508e-03+0.00182597j],
          [-8.76749096e-03+0.00045957j, -5.57569413e-04+0.14164706j,
            9.81660078e-01-0.03435118j,  2.65200975e-02+0.11966157j],
          [-2.20295420e-05-0.00036209j, -8.76749096e-03+0.00045957j,
            1.70461162e-02+0.12137395j,  9.41366246e-01-0.31421358j]],
         input_dims=(2, 2), output_dims=(2, 2))"
"Operator([[ 9.41366246e-01-0.31421358j,  2.17999268e-02+0.12061082j,
           -8.70437146e-03+0.00114631j, -6.44524569e-05-0.00035699j],
          [ 2.17999268e-02+0.12061082j,  9.81660078e-01-0.03435118j,
            5.00604995e-03+0.14155967j, -8.70437146e-03+0.00114631j],
          [-8.70437146e-03+0.00114631j,  5.00604995e-03+0.14155967j,
            9.81660078e-01-0.03435118j,  2.17999268e-02+0.12061082j],
          [-6.44524569e-05-0.00035699j, -8.70437146e-03+0.00114631j,
            2.17999268e-02+0.12061082j,  9.41366246e-01-0.31421358j]],
         input_dims=(2, 2), output_dims=(2, 2))"
"Operator([[ 9.41366246e-01-0.31421358j,  2.17999268e-02+0.12061082j,
           -8.70437146e-03+0.00114631j, -6.44524569e-05-0.00035699j],
          [ 2.17999268e-02+0.12061082j,  9.81660078e-01-0.03435118j,
            5.00604995e-03+0.14155967j, -8.70437146e-03+0.00114631j],
          [-8.70437146e-03+0.00114631j,  5.00604995e-03+0.14155967j,
            9.81660078e-01-0.03435118j,  2.17999268e-02+0.12061082j],
          [-6.44524569e-05-0.00035699j, -8.70437146e-03+0.00114631j,
            2.17999268e-02+0.12061082j,  9.41366246e-01-0.31421358j]],
         input_dims=(2, 2), output_dims=(2, 2))"
"Operator([[ 9.41366246e-01-3.14213578e-01j,
            3.74296682e-02+1.16710011e-01j,
           -8.10686041e-03+3.37029910e-03j,
           -1.96735478e-04-3.04780176e-04j],
          [ 5.79359672e-03+1.22428105e-01j,
            9.81660078e-01-3.43511799e-02j,
            2.35282756e-02+1.39680425e-01j,
           -8.10686041e-03+3.37029910e-03j],
          [-8.70301607e-03-1.15655220e-03j,
           -1.36026541e-02+1.40993506e-01j,
            9.81660078e-01-3.43511799e-02j,
            3.74296682e-02+1.16710011e-01j],
          [ 7.77361049e-05-3.54334450e-04j,
           -8.70301607e-03-1.15655220e-03j,
            5.79359672e-03+1.22428105e-01j,
            9.41366246e-01-3.14213578e-01j]],
         input_dims=(2, 2), output_dims=(2, 2))"
"Operator([[ 9.41366246e-01-0.31421358j,  2.17999268e-02+0.12061082j,
           -8.70437146e-03+0.00114631j, -6.44524569e-05-0.00035699j],
          [ 2.17999268e-02+0.12061082j,  9.81660078e-01-0.03435118j,
            5.00604995e-03+0.14155967j, -8.70437146e-03+0.00114631j],
          [-8.70437146e-03+0.00114631j,  5.00604995e-03+0.14155967j,
            9.81660078e-01-0.03435118j,  2.17999268e-02+0.12061082j],
          [-6.44524569e-05-0.00035699j, -8.70437146e-03+0.00114631j,
            2.17999268e-02+0.12061082j,  9.41366246e-01-0.31421358j]],
         input_dims=(2, 2), output_dims=(2, 2))"
"Operator([[ 9.41366246e-01-0.31421358j,  2.17999268e-02+0.12061082j,
           -8.70437146e-03+0.00114631j, -6.44524569e-05-0.00035699j],
          [ 2.17999268e-02+0.12061082j,  9.81660078e-01-0.03435118j,
            5.00604995e-03+0.14155967j, -8.70437146e-03+0.00114631j],
          [-8.70437146e-03+0.00114631j,  5.00604995e-03+0.14155967j,
            9.81660078e-01-0.03435118j,  2.17999268e-02+0.12061082j],
          [-6.44524569e-05-0.00035699j, -8.70437146e-03+0.00114631j,
            2.17999268e-02+0.12061082j,  9.41366246e-01-0.31421358j]],
         input_dims=(2, 2), output_dims=(2, 2))"
"Operator([[ 9.41366246e-01-0.31421358j,  2.17999268e-02+0.12061082j,
           -8.70437146e-03+0.00114631j, -6.44524569e-05-0.00035699j],
          [ 2.17999268e-02+0.12061082j,  9.81660078e-01-0.03435118j,
            5.00604995e-03+0.14155967j, -8.70437146e-03+0.00114631j],
          [-8.70437146e-03+0.00114631j,  5.00604995e-03+0.14155967j,
            9.81660078e-01-0.03435118j,  2.17999268e-02+0.12061082j],
          [-6.44524569e-05-0.00035699j, -8.70437146e-03+0.00114631j,
            2.17999268e-02+0.12061082j,  9.41366246e-01-0.31421358j]],
         input_dims=(2, 2), output_dims=(2, 2))"
"Operator([[ 9.41366246e-01-0.31421358j,  2.17999268e-02+0.12061082j,
           -8.70437146e-03+0.00114631j, -6.44524569e-05-0.00035699j],
          [ 2.17999268e-02+0.12061082j,  9.81660078e-01-0.03435118j,
            5.00604995e-03+0.14155967j, -8.70437146e-03+0.00114631j],
          [-8.70437146e-03+0.00114631j,  5.00604995e-03+0.14155967j,
            9.81660078e-01-0.03435118j,  2.17999268e-02+0.12061082j],
          [-6.44524569e-05-0.00035699j, -8.70437146e-03+0.00114631j,
            2.17999268e-02+0.12061082j,  9.41366246e-01-0.31421358j]],
         input_dims=(2, 2), output_dims=(2, 2))"
"Operator([[ 9.41366246e-01-3.14213578e-01j,
            1.07523057e-01-5.88302540e-02j,
            6.27473805e-03-6.14066479e-03j,
            1.50131167e-04-3.30236941e-04j],
          [-1.21313826e-01-1.74688959e-02j,
            9.81660078e-01-3.43511799e-02j,
            1.32708312e-01-4.95247916e-02j,
            6.27473805e-03-6.14066479e-03j],
          [ 7.65059742e-03+4.30679241e-03j,
           -1.35875170e-01-4.00267310e-02j,
            9.81660078e-01-3.43511799e-02j,
            1.07523057e-01-5.88302540e-02j],
          [-2.56133255e-04-2.56888225e-04j,
            7.65059742e-03+4.30679241e-03j,
           -1.21313826e-01-1.74688959e-02j,
            9.41366246e-01-3.14213578e-01j]],
         input_dims=(2, 2), output_dims=(2, 2))"
"Operator([[ 9.41366246e-01-3.14213578e-01j,
            1.20933329e-01+1.99333025e-02j,
            7.46906506e-03+4.61445218e-03j,
            2.39986460e-04+2.72033644e-04j],
          [-1.06303955e-01+6.10055394e-02j,
            9.81660078e-01-3.43511799e-02j,
            1.35032740e-01+4.27827065e-02j,
            7.46906506e-03+4.61445218e-03j],
          [ 6.01974302e-03-6.39083686e-03j,
           -1.31673308e-01+5.22143744e-02j,
            9.81660078e-01-3.43511799e-02j,
            1.20933329e-01+1.99333025e-02j],
          [-1.29707591e-04+3.38779788e-04j,
            6.01974302e-03-6.39083686e-03j,
           -1.06303955e-01+6.10055394e-02j,
            9.41366246e-01-3.14213578e-01j]],
         input_dims=(2, 2), output_dims=(2, 2))"
"Operator([[ 9.41366246e-01-3.14213578e-01j,
            1.20205058e-01+2.39363884e-02j,
            7.14644632e-03+5.09984380e-03j,
            2.11748627e-04+2.94547658e-04j],
          [-1.04220458e-01+6.45004093e-02j,
            9.81660078e-01-3.43511799e-02j,
            1.33538273e-01+4.72411955e-02j,
            7.14644632e-03+5.09984380e-03j],
          [ 5.58245780e-03-6.77615427e-03j,
           -1.29867632e-01+5.65561586e-02j,
            9.81660078e-01-3.43511799e-02j,
            1.20205058e-01+2.39363884e-02j],
          [-9.53796153e-05+3.49997905e-04j,
            5.58245780e-03-6.77615427e-03j,
           -1.04220458e-01+6.45004093e-02j,
            9.41366246e-01-3.14213578e-01j]],
         input_dims=(2, 2), output_dims=(2, 2))"
"Operator([[ 9.41366246e-01-3.14213578e-01j,
            1.19862933e-01+2.55946057e-02j,
            7.00283482e-03+5.29531928e-03j,
            1.99363357e-04+3.03067742e-04j],
          [-1.03319511e-01+6.59339465e-02j,
            9.81660078e-01-3.43511799e-02j,
            1.32872946e-01+4.90813730e-02j,
            7.00283482e-03+5.29531928e-03j],
          [ 5.39313482e-03-6.92778453e-03j,
           -1.29073979e-01+5.83447414e-02j,
            9.81660078e-01-3.43511799e-02j,
            1.19862933e-01+2.55946057e-02j],
          [-8.07968951e-05+3.53649072e-04j,
            5.39313482e-03-6.92778453e-03j,
           -1.03319511e-01+6.59339465e-02j,
            9.41366246e-01-3.14213578e-01j]],
         input_dims=(2, 2), output_dims=(2, 2))"
