unitary
"Operator([[ 7.73442832e-01-0.58634141j, -2.24764533e-01-0.07922659j,
            1.45607078e-02+0.03120549j,  4.72120425e-04-0.00282312j],
          [ 1.17103390e-01-0.20756383j,  9.28465144e-01-0.0607864j ,
           -2.23237904e-01-0.16260561j,  1.45607078e-02+0.03120549j],
          [-2.99300014e-03-0.03430508j,  1.98946702e-01-0.19156188j,
            9.28465144e-01-0.0607864j , -2.24764533e-01-0.07922659j],
          [-2.20750195e-03-0.00182204j, -2.99300014e-03-0.03430508j,
            1.17103390e-01-0.20756383j,  7.73442832e-01-0.58634141j]],
         input_dims=(2, 2), output_dims=(2, 2))"
"Operator([[ 0.77344283-5.86341408e-01j, -0.23148702+5.66543002e-02j,
            0.03442581-8.12767812e-04j, -0.00286232+6.79930738e-07j],
          [ 0.2115833 -1.09674322e-01j,  0.92846514-6.07863960e-02j,
           -0.27582688-1.39740674e-02j,  0.03442581-8.12767812e-04j],
          [ 0.03021991-1.65092006e-02j,  0.27133608-5.15022041e-02j,
            0.92846514-6.07863960e-02j, -0.23148702+5.66543002e-02j],
          [ 0.00216164-1.87621988e-03j,  0.03021991-1.65092006e-02j,
            0.2115833 -1.09674322e-01j,  0.77344283-5.86341408e-01j]],
         input_dims=(2, 2), output_dims=(2, 2))"
"Operator([[ 0.77344283-0.58634141j,  0.08375764+0.22311568j,
           -0.03326202+0.00891263j, -0.00100171-0.00268132j],
          [ 0.08375764+0.22311568j,  0.92846514-0.0607864j ,
            0.01889794+0.27553332j, -0.03326202+0.00891263j],
          [-0.03326202+0.00891263j,  0.01889794+0.27553332j,
            0.92846514-0.0607864j ,  0.08375764+0.22311568j],
          [-0.00100171-0.00268132j, -0.03326202+0.00891263j,
            0.08375764+0.22311568j,  0.77344283-0.58634141j]],
         input_dims=(2, 2), output_dims=(2, 2))"
"Operator([[ 0.77344283-5.86341408e-01j, -0.07463675+2.26330078e-01j,
           -0.01581831-3.05872196e-02j,  0.00284666+2.99004237e-04j],
          [ 0.20513807+1.21302594e-01j,  0.92846514-6.07863960e-02j,
           -0.15802956+2.26500337e-01j, -0.01581831-3.05872196e-02j],
          [ 0.00159475+3.43984541e-02j,  0.18747411+2.02803358e-01j,
            0.92846514-6.07863960e-02j, -0.07463675+2.26330078e-01j],
          [-0.00195332+2.09222834e-03j,  0.00159475+3.43984541e-02j,
            0.20513807+1.21302594e-01j,  0.77344283-5.86341408e-01j]],
         input_dims=(2, 2), output_dims=(2, 2))"
"Operator([[ 0.77344283-0.58634141j,  0.08375764+0.22311568j,
           -0.03326202+0.00891263j, -0.00100171-0.00268132j],
          [ 0.08375764+0.22311568j,  0.92846514-0.0607864j ,
            0.01889794+0.27553332j, -0.03326202+0.00891263j],
          [-0.03326202+0.00891263j,  0.01889794+0.27553332j,
            0.92846514-0.0607864j ,  0.08375764+0.22311568j],
          [-0.00100171-0.00268132j, -0.03326202+0.00891263j,
            0.08375764+0.22311568j,  0.77344283-0.58634141j]],
         input_dims=(2, 2), output_dims=(2, 2))"
"Operator([[ 0.77344283-0.58634141j,  0.08375764+0.22311568j,
           -0.03326202+0.00891263j, -0.00100171-0.00268132j],
          [ 0.08375764+0.22311568j,  0.92846514-0.0607864j ,
            0.01889794+0.27553332j, -0.03326202+0.00891263j],
          [-0.03326202+0.00891263j,  0.01889794+0.27553332j,
            0.92846514-0.0607864j ,  0.08375764+0.22311568j],
          [-0.00100171-0.00268132j, -0.03326202+0.00891263j,
            0.08375764+0.22311568j,  0.77344283-0.58634141j]],
         input_dims=(2, 2), output_dims=(2, 2))"
"Operator([[ 7.73442832e-01-0.58634141j, -2.32789744e-01-0.05103806j,
            2.17248282e-02+0.02671757j, -5.78399997e-04-0.00280327j],
          [ 1.41695898e-01-0.19161999j,  9.28465144e-01-0.0607864j ,
           -2.41509272e-01-0.13397394j,  2.17248282e-02+0.02671757j],
          [ 5.45527073e-03-0.03400054j,  2.20956091e-01-0.16569294j,
            9.28465144e-01-0.0607864j , -2.32789744e-01-0.05103806j],
          [-1.40129647e-03-0.00249585j,  5.45527073e-03-0.03400054j,
            1.41695898e-01-0.19161999j,  7.73442832e-01-0.58634141j]],
         input_dims=(2, 2), output_dims=(2, 2))"
"Operator([[ 7.73442832e-01-5.86341408e-01j,
           -2.02217652e-01-1.26110942e-01j,
           -3.04781368e-05+3.44353880e-02j,
            2.09647229e-03-1.94876607e-03j],
          [ 6.92735834e-02-2.28028768e-01j,
            9.28465144e-01-6.07863960e-02j,
           -1.82634841e-01-2.07172053e-01j,
           -3.04781368e-05+3.44353880e-02j],
          [-1.72442604e-02-2.98065824e-02j,
            1.52639142e-01-2.30167410e-01j,
            9.28465144e-01-6.07863960e-02j,
           -2.02217652e-01-1.26110942e-01j],
          [-2.86068355e-03-9.68239043e-05j,
           -1.72442604e-02-2.98065824e-02j,
            6.92735834e-02-2.28028768e-01j,
            7.73442832e-01-5.86341408e-01j]],
         input_dims=(2, 2), output_dims=(2, 2))"
"Operator([[ 0.77344283-5.86341408e-01j, -0.19345071-1.39186099e-01j,
           -0.0045671 +3.41311950e-02j,  0.00243915-1.49780290e-03j],
          [ 0.05406813-2.32104687e-01j,  0.92846514-6.07863960e-02j,
           -0.16855902-2.18777516e-01j, -0.0045671 +3.41311950e-02j],
          [-0.02102098-2.72748109e-02j,  0.13711062-2.39742408e-01j,
            0.92846514-6.07863960e-02j, -0.19345071-1.39186099e-01j],
          [-0.00282374+4.68360874e-04j, -0.02102098-2.72748109e-02j,
            0.05406813-2.32104687e-01j,  0.77344283-5.86341408e-01j]],
         input_dims=(2, 2), output_dims=(2, 2))"
"Operator([[ 0.77344283-0.58634141j,  0.08375764+0.22311568j,
           -0.03326202+0.00891263j, -0.00100171-0.00268132j],
          [ 0.08375764+0.22311568j,  0.92846514-0.0607864j ,
            0.01889794+0.27553332j, -0.03326202+0.00891263j],
          [-0.03326202+0.00891263j,  0.01889794+0.27553332j,
            0.92846514-0.0607864j ,  0.08375764+0.22311568j],
          [-0.00100171-0.00268132j, -0.03326202+0.00891263j,
            0.08375764+0.22311568j,  0.77344283-0.58634141j]],
         input_dims=(2, 2), output_dims=(2, 2))"
"Operator([[ 7.73442832e-01-0.58634141j, -1.22853212e-01-0.20421321j,
           -2.78907540e-02+0.0201966j ,  2.25089433e-03+0.00176815j],
          [-4.18811046e-02-0.23461015j,  9.28465144e-01-0.0607864j ,
           -6.85818473e-02-0.26752995j, -2.78907540e-02+0.0201966j ],
          [-3.42524227e-02-0.0035452j ,  3.14134281e-02-0.2743883j ,
            9.28465144e-01-0.0607864j , -1.22853212e-01-0.20421321j],
          [-5.40215049e-04+0.00281088j, -3.42524227e-02-0.0035452j ,
           -4.18811046e-02-0.23461015j,  7.73442832e-01-0.58634141j]],
         input_dims=(2, 2), output_dims=(2, 2))"
"Operator([[ 7.73442832e-01-0.58634141j, -1.09196694e-01-0.21183019j,
           -3.02940978e-02+0.01637268j,  1.86154650e-03+0.00217429j],
          [-5.71764095e-02-0.23135861j,  9.28465144e-01-0.0607864j ,
           -5.08899168e-02-0.27145158j, -3.02940978e-02+0.01637268j],
          [-3.44217906e-02+0.00096809j,  1.33517440e-02-0.27585771j,
            9.28465144e-01-0.0607864j , -1.09196694e-01-0.21183019j],
          [ 2.00526721e-05+0.00286225j, -3.44217906e-02+0.00096809j,
           -5.71764095e-02-0.23135861j,  7.73442832e-01-0.58634141j]],
         input_dims=(2, 2), output_dims=(2, 2))"
"Operator([[ 0.77344283-5.86341408e-01j,  0.00631133-2.38235420e-01j,
           -0.03006319-1.67929070e-02j, -0.00205188+1.99566045e-03j],
          [-0.161526  -1.75229275e-01j,  0.92846514-6.07863960e-02j,
            0.08612382-2.62408903e-01j, -0.03006319-1.67929070e-02j],
          [-0.01763886+2.95747786e-02j, -0.12114435-2.48193050e-01j,
            0.92846514-6.07863960e-02j,  0.00631133-2.38235420e-01j],
          [ 0.00285776+1.61467126e-04j, -0.01763886+2.95747786e-02j,
           -0.161526  -1.75229275e-01j,  0.77344283-5.86341408e-01j]],
         input_dims=(2, 2), output_dims=(2, 2))"
"Operator([[ 0.77344283-0.58634141j,  0.08375764+0.22311568j,
           -0.03326202+0.00891263j, -0.00100171-0.00268132j],
          [ 0.08375764+0.22311568j,  0.92846514-0.0607864j ,
            0.01889794+0.27553332j, -0.03326202+0.00891263j],
          [-0.03326202+0.00891263j,  0.01889794+0.27553332j,
            0.92846514-0.0607864j ,  0.08375764+0.22311568j],
          [-0.00100171-0.00268132j, -0.03326202+0.00891263j,
            0.08375764+0.22311568j,  0.77344283-0.58634141j]],
         input_dims=(2, 2), output_dims=(2, 2))"
