unitary
"Operator([[-0.38954271-0.71094041j, -0.346007  +0.39524062j,
            0.24392096-0.05433691j, -0.06472231+0.01566225j],
          [ 0.08147475-0.51893917j,  0.50474029+0.00637966j,
           -0.63029726-0.0976523j ,  0.24392096-0.05433691j],
          [ 0.05573522-0.24360525j,  0.58504783-0.25402687j,
            0.50474029+0.00637966j, -0.346007  +0.39524062j],
          [-0.02325006-0.06239967j,  0.05573522-0.24360525j,
            0.08147475-0.51893917j, -0.38954271-0.71094041j]],
         input_dims=(2, 2), output_dims=(2, 2))"
"Operator([[-0.38954271-0.71094041j,  0.21810794+0.47787542j,
           -0.20223327-0.14680475j,  0.05719784-0.03409826j],
          [ 0.50656984-0.13900714j,  0.50474029+0.00637966j,
           -0.34807378+0.53446726j, -0.20223327-0.14680475j],
          [ 0.14564226+0.20307206j,  0.47203318+0.42894672j,
            0.50474029+0.00637966j,  0.21810794+0.47787542j],
          [ 0.00376106+0.06648412j,  0.14564226+0.20307206j,
            0.50656984-0.13900714j, -0.38954271-0.71094041j]],
         input_dims=(2, 2), output_dims=(2, 2))"
"Operator([[-0.38954271-0.71094041j, -0.42421739+0.30979928j,
            0.24372686+0.05520099j, -0.06065422-0.02748363j],
          [-0.03423882-0.52417907j,  0.50474029+0.00637966j,
           -0.59357164-0.23341662j,  0.24372686+0.05520099j],
          [-0.05380199-0.2440395j ,  0.51515064-0.37607237j,
            0.50474029+0.00637966j, -0.42421739+0.30979928j],
          [-0.05672608-0.03487745j, -0.05380199-0.2440395j ,
           -0.03423882-0.52417907j, -0.38954271-0.71094041j]],
         input_dims=(2, 2), output_dims=(2, 2))"
"Operator([[-0.38954271-0.71094041j,  0.47584188+0.22250954j,
           -0.17721197+0.17619833j, -0.05880647-0.03124234j],
          [ 0.47584188+0.22250954j,  0.50474029+0.00637966j,
            0.0813949 +0.63260215j, -0.17721197+0.17619833j],
          [-0.17721197+0.17619833j,  0.0813949 +0.63260215j,
            0.50474029+0.00637966j,  0.47584188+0.22250954j],
          [-0.05880647-0.03124234j, -0.17721197+0.17619833j,
            0.47584188+0.22250954j, -0.38954271-0.71094041j]],
         input_dims=(2, 2), output_dims=(2, 2))"
"Operator([[-0.38954271-0.71094041j,  0.21034603-0.48134244j,
            0.16803122-0.18497416j,  0.02667243-0.06101529j],
          [-0.23452935+0.47003402j,  0.50474029+0.00637966j,
            0.63032954-0.09744372j,  0.16803122-0.18497416j],
          [ 0.185935  -0.16696739j, -0.63446621+0.06529351j,
            0.50474029+0.00637966j,  0.21034603-0.48134244j],
          [-0.03563073+0.05625598j,  0.185935  -0.16696739j,
           -0.23452935+0.47003402j, -0.38954271-0.71094041j]],
         input_dims=(2, 2), output_dims=(2, 2))"
"Operator([[-0.38954271-0.71094041j, -0.1298454 +0.50899525j,
            0.10030132-0.2288877j ,  0.00495874+0.06640553j],
          [ 0.30736324-0.42598572j,  0.50474029+0.00637966j,
           -0.60631687+0.19796581j,  0.10030132-0.2288877j ],
          [ 0.22945929-0.0989867j ,  0.6366821 +0.0380331j ,
            0.50474029+0.00637966j, -0.1298454 +0.50899525j],
          [ 0.05780313-0.0330618j ,  0.22945929-0.0989867j ,
            0.30736324-0.42598572j, -0.38954271-0.71094041j]],
         input_dims=(2, 2), output_dims=(2, 2))"
"Operator([[-0.38954271-0.71094041j,  0.47584188+0.22250954j,
           -0.17721197+0.17619833j, -0.05880647-0.03124234j],
          [ 0.47584188+0.22250954j,  0.50474029+0.00637966j,
            0.0813949 +0.63260215j, -0.17721197+0.17619833j],
          [-0.17721197+0.17619833j,  0.0813949 +0.63260215j,
            0.50474029+0.00637966j,  0.47584188+0.22250954j],
          [-0.05880647-0.03124234j, -0.17721197+0.17619833j,
            0.47584188+0.22250954j, -0.38954271-0.71094041j]],
         input_dims=(2, 2), output_dims=(2, 2))"
