unitary
"Operator([[ 8.49807622e-01-0.48915947j,  5.56732257e-02+0.18690713j,
           -2.21650333e-02+0.00475873j, -4.32099984e-04-0.00145507j],
          [ 5.56732257e-02+0.18690713j,  9.52785453e-01-0.05202104j,
            1.26658519e-02+0.2253565j , -2.21650333e-02+0.00475873j],
          [-2.21650333e-02+0.00475873j,  1.26658519e-02+0.2253565j ,
            9.52785453e-01-0.05202104j,  5.56732257e-02+0.18690713j],
          [-4.32099984e-04-0.00145507j, -2.21650333e-02+0.00475873j,
            5.56732257e-02+0.18690713j,  8.49807622e-01-0.48915947j]],
         input_dims=(2, 2), output_dims=(2, 2))"
"Operator([[ 0.84980762-4.89159468e-01j,  0.01403834-1.94516599e-01j,
           -0.01976747-1.10987050e-02j, -0.00108458+1.06190011e-03j],
          [-0.11818648-1.55131356e-01j,  0.95278545-5.20210443e-02j,
            0.06786562-2.15267816e-01j, -0.01976747-1.10987050e-02j],
          [-0.01346976+1.82345772e-02j, -0.09155968-2.06307537e-01j,
            0.95278545-5.20210443e-02j,  0.01403834-1.94516599e-01j],
          [ 0.00148837+2.97834768e-04j, -0.01346976+1.82345772e-02j,
           -0.11818648-1.55131356e-01j,  0.84980762-4.89159468e-01j]],
         input_dims=(2, 2), output_dims=(2, 2))"
"Operator([[ 8.49807622e-01-0.48915947j, -6.00753835e-02-0.18553903j,
           -2.19153778e-02+0.0058009j ,  5.34112579e-04+0.0014208j ],
          [-5.12399615e-02-0.1881708j ,  9.52785453e-01-0.05202104j,
           -1.79888085e-02-0.22499417j, -2.19153778e-02+0.0058009j ],
          [-2.23651584e-02+0.00370592j, -7.33581857e-03-0.22559291j,
            9.52785453e-01-0.05202104j, -6.00753835e-02-0.18553903j],
          [ 3.27915344e-04+0.00148203j, -2.23651584e-02+0.00370592j,
           -5.12399615e-02-0.1881708j ,  8.49807622e-01-0.48915947j]],
         input_dims=(2, 2), output_dims=(2, 2))"
"Operator([[ 8.49807622e-01-0.48915947j, -9.92743828e-02-0.16786417j,
           -1.73298680e-02+0.0146154j ,  1.29528160e-03+0.00079132j],
          [-8.75850870e-03-0.19482574j,  9.52785453e-01-0.05202104j,
           -6.68570466e-02-0.21558319j, -1.73298680e-02+0.0146154j ],
          [-2.18018408e-02-0.00621401j,  4.22791890e-02-0.22171704j,
            9.52785453e-01-0.05202104j, -9.92743828e-02-0.16786417j],
          [-6.53448323e-04+0.00137002j, -2.18018408e-02-0.00621401j,
           -8.75850870e-03-0.19482574j,  8.49807622e-01-0.48915947j]],
         input_dims=(2, 2), output_dims=(2, 2))"
"Operator([[ 0.84980762-4.89159468e-01j, -0.11290293-1.59017958e-01j,
           -0.01466497+1.72879355e-02j,  0.00145079+4.46244446e-04j],
          [ 0.00748926-1.94878663e-01j,  0.95278545-5.20210443e-02j,
           -0.08457025-2.09269797e-01j, -0.01466497+1.72879355e-02j],
          [-0.02046879-9.74488639e-03j,  0.06058827-2.17428231e-01j,
            0.95278545-5.20210443e-02j, -0.11290293-1.59017958e-01j],
          [-0.00097209+1.16574943e-03j, -0.02046879-9.74488639e-03j,
            0.00748926-1.94878663e-01j,  0.84980762-4.89159468e-01j]],
         input_dims=(2, 2), output_dims=(2, 2))"
"Operator([[ 8.49807622e-01-0.48915947j, -1.10819127e-01-0.16047711j,
           -1.51109456e-02+0.01689951j,  1.43222530e-03+0.00050266j],
          [ 4.94666441e-03-0.19495977j,  9.52785453e-01-0.05202104j,
           -8.18333805e-02-0.21035511j, -1.51109456e-02+0.01689951j],
          [-2.07160236e-02-0.00920763j,  5.77470280e-02-0.21820003j,
            9.52785453e-01-0.05202104j, -1.10819127e-01-0.16047711j],
          [-9.25742460e-04+0.00120289j, -2.07160236e-02-0.00920763j,
            4.94666441e-03-0.19495977j,  8.49807622e-01-0.48915947j]],
         input_dims=(2, 2), output_dims=(2, 2))"
"Operator([[ 8.49807622e-01-0.48915947j, -1.07571603e-01-0.16267186j,
           -1.57778679e-02+0.01627861j,  1.39933265e-03+0.00058805j],
          [ 1.02751802e-03-0.19501981j,  9.52785453e-01-0.05202104j,
           -7.75893020e-02-0.21195725j, -1.57778679e-02+0.01627861j],
          [-2.10693100e-02-0.0083677j ,  5.33501532e-02-0.21931652j,
            9.52785453e-01-0.05202104j, -1.07571603e-01-0.16267186j],
          [-8.51575169e-04+0.00125649j, -2.10693100e-02-0.0083677j ,
            1.02751802e-03-0.19501981j,  8.49807622e-01-0.48915947j]],
         input_dims=(2, 2), output_dims=(2, 2))"
"Operator([[ 0.84980762-4.89159468e-01j, -0.12354067-1.50902241e-01j,
           -0.01216188+1.91317237e-02j,  0.00151138+1.40260891e-04j],
          [ 0.02083396-1.93906494e-01j,  0.95278545-5.20210443e-02j,
           -0.0987203 -2.02978511e-01j, -0.01216188+1.91317237e-02j],
          [-0.0189431 -1.24536344e-02j,  0.07535417-2.12762127e-01j,
            0.95278545-5.20210443e-02j, -0.12354067-1.50902241e-01j],
          [-0.00118986+9.42425896e-04j, -0.0189431 -1.24536344e-02j,
            0.02083396-1.93906494e-01j,  0.84980762-4.89159468e-01j]],
         input_dims=(2, 2), output_dims=(2, 2))"
"Operator([[ 8.49807622e-01-0.48915947j,  5.56732257e-02+0.18690713j,
           -2.21650333e-02+0.00475873j, -4.32099984e-04-0.00145507j],
          [ 5.56732257e-02+0.18690713j,  9.52785453e-01-0.05202104j,
            1.26658519e-02+0.2253565j , -2.21650333e-02+0.00475873j],
          [-2.21650333e-02+0.00475873j,  1.26658519e-02+0.2253565j ,
            9.52785453e-01-0.05202104j,  5.56732257e-02+0.18690713j],
          [-4.32099984e-04-0.00145507j, -2.21650333e-02+0.00475873j,
            5.56732257e-02+0.18690713j,  8.49807622e-01-0.48915947j]],
         input_dims=(2, 2), output_dims=(2, 2))"
"Operator([[ 8.49807622e-01-0.48915947j, -1.87086707e-01-0.05506674j,
            1.33702145e-02+0.01830769j, -2.00090351e-04-0.00150463j],
          [ 1.26462392e-01-0.14846227j,  9.52785453e-01-0.05202104j,
           -1.95921354e-01-0.11207496j,  1.33702145e-02+0.01830769j],
          [ 4.67719191e-03-0.02218238j,  1.82129112e-01-0.13332277j,
            9.52785453e-01-0.05202104j, -1.87086707e-01-0.05506674j],
          [-6.53553567e-04-0.00136997j,  4.67719191e-03-0.02218238j,
            1.26462392e-01-0.14846227j,  8.49807622e-01-0.48915947j]],
         input_dims=(2, 2), output_dims=(2, 2))"
"Operator([[ 8.49807622e-01-0.48915947j, -1.94502453e-01-0.01423299j,
            1.97452186e-02+0.01113825j, -1.05863933e-03-0.00108776j],
          [ 1.55013009e-01-0.11834166j,  9.52785453e-01-0.05202104j,
           -2.15199795e-01-0.068081j  ,  1.97452186e-02+0.01113825j],
          [ 1.34332358e-02-0.0182615j ,  2.06215810e-01-0.09176608j,
            9.52785453e-01-0.05202104j, -1.94502453e-01-0.01423299j],
          [ 2.93365216e-04-0.00148925j,  1.34332358e-02-0.0182615j ,
            1.55013009e-01-0.11834166j,  8.49807622e-01-0.48915947j]],
         input_dims=(2, 2), output_dims=(2, 2))"
"Operator([[ 8.49807622e-01-0.48915947j,  5.56732257e-02+0.18690713j,
           -2.21650333e-02+0.00475873j, -4.32099984e-04-0.00145507j],
          [ 5.56732257e-02+0.18690713j,  9.52785453e-01-0.05202104j,
            1.26658519e-02+0.2253565j , -2.21650333e-02+0.00475873j],
          [-2.21650333e-02+0.00475873j,  1.26658519e-02+0.2253565j ,
            9.52785453e-01-0.05202104j,  5.56732257e-02+0.18690713j],
          [-4.32099984e-04-0.00145507j, -2.21650333e-02+0.00475873j,
            5.56732257e-02+0.18690713j,  8.49807622e-01-0.48915947j]],
         input_dims=(2, 2), output_dims=(2, 2))"
"Operator([[ 8.49807622e-01-0.48915947j,  5.56732257e-02+0.18690713j,
           -2.21650333e-02+0.00475873j, -4.32099984e-04-0.00145507j],
          [ 5.56732257e-02+0.18690713j,  9.52785453e-01-0.05202104j,
            1.26658519e-02+0.2253565j , -2.21650333e-02+0.00475873j],
          [-2.21650333e-02+0.00475873j,  1.26658519e-02+0.2253565j ,
            9.52785453e-01-0.05202104j,  5.56732257e-02+0.18690713j],
          [-4.32099984e-04-0.00145507j, -2.21650333e-02+0.00475873j,
            5.56732257e-02+0.18690713j,  8.49807622e-01-0.48915947j]],
         input_dims=(2, 2), output_dims=(2, 2))"
