unitary
"Operator([[ 0.24802816-0.86580679j,  0.27168688+0.31625338j,
           -0.10565675+0.05888783j, -0.01283657-0.01532202j],
          [ 0.27168688+0.31625338j,  0.75346024-0.0674531j ,
            0.05687662+0.48585153j, -0.10565675+0.05888783j],
          [-0.10565675+0.05888783j,  0.05687662+0.48585153j,
            0.75346024-0.0674531j ,  0.27168688+0.31625338j],
          [-0.01283657-0.01532202j, -0.10565675+0.05888783j,
            0.27168688+0.31625338j,  0.24802816-0.86580679j]],
         input_dims=(2, 2), output_dims=(2, 2))"
"Operator([[ 0.24802816-0.86580679j,  0.37625457+0.17961754j,
           -0.02769374+0.11774626j, -0.01861005+0.00729437j],
          [ 0.12085012+0.39903034j,  0.75346024-0.0674531j ,
            0.24821897+0.42151394j, -0.02769374+0.11774626j],
          [-0.11470951-0.03837776j, -0.14415199+0.46744718j,
            0.75346024-0.0674531j ,  0.37625457+0.17961754j],
          [ 0.01044147-0.01704457j, -0.11470951-0.03837776j,
            0.12085012+0.39903034j,  0.24802816-0.86580679j]],
         input_dims=(2, 2), output_dims=(2, 2))"
"Operator([[ 0.24802816-0.86580679j,  0.27168688+0.31625338j,
           -0.10565675+0.05888783j, -0.01283657-0.01532202j],
          [ 0.27168688+0.31625338j,  0.75346024-0.0674531j ,
            0.05687662+0.48585153j, -0.10565675+0.05888783j],
          [-0.10565675+0.05888783j,  0.05687662+0.48585153j,
            0.75346024-0.0674531j ,  0.27168688+0.31625338j],
          [-0.01283657-0.01532202j, -0.10565675+0.05888783j,
            0.27168688+0.31625338j,  0.24802816-0.86580679j]],
         input_dims=(2, 2), output_dims=(2, 2))"
"Operator([[ 0.24802816-0.86580679j, -0.19873847-0.36651464j,
           -0.12054563+0.00999378j,  0.00117325+0.01995408j],
          [-0.33236982-0.25171465j,  0.75346024-0.0674531j ,
            0.04705437-0.48690096j, -0.12054563+0.00999378j],
          [-0.07190344+0.09726777j, -0.15823987-0.46286802j,
            0.75346024-0.0674531j , -0.19873847-0.36651464j],
          [ 0.01944004+0.00465042j, -0.07190344+0.09726777j,
           -0.33236982-0.25171465j,  0.24802816-0.86580679j]],
         input_dims=(2, 2), output_dims=(2, 2))"
"Operator([[ 0.24802816-0.86580679j,  0.34321441-0.23671466j,
            0.11567959-0.03534625j,  0.01856656-0.00740435j],
          [-0.28574474+0.30361144j,  0.75346024-0.0674531j ,
            0.48914202-0.00517175j,  0.11567959-0.03534625j],
          [ 0.09090634-0.07979449j, -0.47711096+0.10794347j,
            0.75346024-0.0674531j ,  0.34321441-0.23671466j],
          [-0.01054214+0.01698249j,  0.09090634-0.07979449j,
           -0.28574474+0.30361144j,  0.24802816-0.86580679j]],
         input_dims=(2, 2), output_dims=(2, 2))"
"Operator([[ 0.24802816-0.86580679j,  0.33536383-0.24771165j,
            0.11314719-0.0427649j ,  0.01776011-0.00917172j],
          [-0.29543271+0.29419292j,  0.75346024-0.0674531j ,
            0.48871757-0.02101887j,  0.11314719-0.0427649j ],
          [ 0.09588395-0.07373868j, -0.48035815+0.09242679j,
            0.75346024-0.0674531j ,  0.33536383-0.24771165j],
          [-0.01214091+0.01587892j,  0.09588395-0.07373868j,
           -0.29543271+0.29419292j,  0.24802816-0.86580679j]],
         input_dims=(2, 2), output_dims=(2, 2))"
"Operator([[ 0.24802816-0.86580679j,  0.06592359-0.41168439j,
           -0.04059081-0.11394521j, -0.01886143-0.00661726j],
          [-0.41691757+0.00311469j,  0.75346024-0.0674531j ,
            0.3341483 -0.35725562j, -0.04059081-0.11394521j],
          [ 0.0755609 +0.09445461j, -0.40762756-0.270419j  ,
            0.75346024-0.0674531j ,  0.06592359-0.41168439j],
          [-0.00321103-0.01972894j,  0.0755609 +0.09445461j,
           -0.41691757+0.00311469j,  0.24802816-0.86580679j]],
         input_dims=(2, 2), output_dims=(2, 2))"
"Operator([[ 0.24802816-0.86580679j,  0.27168688+0.31625338j,
           -0.10565675+0.05888783j, -0.01283657-0.01532202j],
          [ 0.27168688+0.31625338j,  0.75346024-0.0674531j ,
            0.05687662+0.48585153j, -0.10565675+0.05888783j],
          [-0.10565675+0.05888783j,  0.05687662+0.48585153j,
            0.75346024-0.0674531j ,  0.27168688+0.31625338j],
          [-0.01283657-0.01532202j, -0.10565675+0.05888783j,
            0.27168688+0.31625338j,  0.24802816-0.86580679j]],
         input_dims=(2, 2), output_dims=(2, 2))"
"Operator([[ 0.24802816-0.86580679j, -0.18577682+0.37325183j,
            0.03154845-0.11677251j,  0.00636829+0.01894694j],
          [ 0.39699034-0.12739165j,  0.75346024-0.0674531j ,
           -0.42553636+0.24125809j,  0.03154845-0.11677251j],
          [ 0.11590881+0.03458715j,  0.46975311+0.13645027j,
            0.75346024-0.0674531j , -0.18577682+0.37325183j],
          [ 0.01753848+0.00958872j,  0.11590881+0.03458715j,
            0.39699034-0.12739165j,  0.24802816-0.86580679j]],
         input_dims=(2, 2), output_dims=(2, 2))"
