unitary
"Operator([[ 0.6967498 -6.61162025e-01j, -0.22875288+1.51329675e-01j,
            0.03738812-2.75260893e-02j, -0.00276707+3.56786384e-03j],
          [ 0.26539437-6.92414839e-02j,  0.90380399-6.66315600e-02j,
           -0.30892881+7.66646466e-02j,  0.03738812-2.75260893e-02j],
          [ 0.04641478+1.10689838e-03j,  0.31712338+2.73357135e-02j,
            0.90380399-6.66315600e-02j, -0.22875288+1.51329675e-01j],
          [ 0.00450189+3.45360121e-04j,  0.04641478+1.10689838e-03j,
            0.26539437-6.92414839e-02j,  0.6967498 -6.61162025e-01j]],
         input_dims=(2, 2), output_dims=(2, 2))"
"Operator([[ 0.6967498 -6.61162025e-01j, -0.06276041+2.67001279e-01j,
           -0.02524133-3.89670685e-02j,  0.00451219-1.62515416e-04j],
          [ 0.24066589+1.31561709e-01j,  0.90380399-6.66315600e-02j,
           -0.17231707+2.67621572e-01j, -0.02524133-3.89670685e-02j],
          [ 0.00167032+4.63979200e-02j,  0.21210417+2.37331621e-01j,
            0.90380399-6.66315600e-02j, -0.06276041+2.67001279e-01j],
          [-0.00315032+3.23446366e-03j,  0.00167032+4.63979200e-02j,
            0.24066589+1.31561709e-01j,  0.6967498 -6.61162025e-01j]],
         input_dims=(2, 2), output_dims=(2, 2))"
"Operator([[ 6.96749798e-01-0.66116202j,  8.27202817e-02+0.26150699j,
           -4.62851474e-02+0.00363897j, -3.46823634e-04-0.00450178j],
          [ 1.39435827e-01+0.23619103j,  9.03803987e-01-0.06663156j,
           -1.10857428e-02+0.31810625j, -4.62851474e-02+0.00363897j],
          [-4.00037235e-02+0.02356394j,  6.07691367e-02+0.31244454j,
            9.03803987e-01-0.06663156j,  8.27202817e-02+0.26150699j],
          [-3.10298506e-03-0.00327991j, -4.00037235e-02+0.02356394j,
            1.39435827e-01+0.23619103j,  6.96749798e-01-0.66116202j]],
         input_dims=(2, 2), output_dims=(2, 2))"
"Operator([[ 6.96749798e-01-0.66116202j,  1.37912621e-01+0.23708366j,
           -4.03037554e-02+0.023047j  , -3.03907363e-03-0.00333921j],
          [ 8.44018387e-02+0.26096912j,  9.03803987e-01-0.06663156j,
            5.87567319e-02+0.31282923j, -4.03037554e-02+0.023047j  ],
          [-4.62344662e-02+0.00423451j, -9.03792385e-03+0.31817101j,
            9.03803987e-01-0.06663156j,  1.37912621e-01+0.23708366j],
          [-4.33685452e-04-0.00449424j, -4.62344662e-02+0.00423451j,
            8.44018387e-02+0.26096912j,  6.96749798e-01-0.66116202j]],
         input_dims=(2, 2), output_dims=(2, 2))"
"Operator([[ 0.6967498 -0.66116202j,  0.11179695+0.25045957j,
           -0.04427972+0.01395935j, -0.0018299 -0.00412768j],
          [ 0.11179695+0.25045957j,  0.90380399-0.06663156j,
            0.02500247+0.31731586j, -0.04427972+0.01395935j],
          [-0.04427972+0.01395935j,  0.02500247+0.31731586j,
            0.90380399-0.06663156j,  0.11179695+0.25045957j],
          [-0.0018299 -0.00412768j, -0.04427972+0.01395935j,
            0.11179695+0.25045957j,  0.6967498 -0.66116202j]],
         input_dims=(2, 2), output_dims=(2, 2))"
"Operator([[ 6.96749798e-01-0.66116202j,  1.88443355e-01-0.19929289j,
            2.13701348e-02-0.0412174j , -1.22450033e-04-0.00451346j],
          [-2.74183495e-01+0.0072086j ,  9.03803987e-01-0.06663156j,
            2.83471414e-01-0.14477029j,  2.13701348e-02-0.0412174j ],
          [ 4.11449646e-02+0.02150927j, -3.02646494e-01-0.09858792j,
            9.03803987e-01-0.06663156j,  1.88443355e-01-0.19929289j],
          [-3.26230458e-03-0.00312149j,  4.11449646e-02+0.02150927j,
           -2.74183495e-01+0.0072086j ,  6.96749798e-01-0.66116202j]],
         input_dims=(2, 2), output_dims=(2, 2))"
"Operator([[ 6.96749798e-01-0.66116202j, -1.38879456e-01-0.2365186j ,
           -4.01142170e-02+0.02337534j,  3.07974555e-03+0.00330174j],
          [-8.33356297e-02-0.26131155j,  9.03803987e-01-0.06663156j,
           -6.00334862e-02-0.31258672j, -4.01142170e-02+0.02337534j],
          [-4.62675025e-02+0.00385683j,  1.03369024e-02-0.31813146j,
            9.03803987e-01-0.06663156j, -1.38879456e-01-0.2365186j ],
          [ 3.78605786e-04+0.00449922j, -4.62675025e-02+0.00385683j,
           -8.33356297e-02-0.26131155j,  6.96749798e-01-0.66116202j]],
         input_dims=(2, 2), output_dims=(2, 2))"
"Operator([[ 0.6967498 -0.66116202j,  0.11179695+0.25045957j,
           -0.04427972+0.01395935j, -0.0018299 -0.00412768j],
          [ 0.11179695+0.25045957j,  0.90380399-0.06663156j,
            0.02500247+0.31731586j, -0.04427972+0.01395935j],
          [-0.04427972+0.01395935j,  0.02500247+0.31731586j,
            0.90380399-0.06663156j,  0.11179695+0.25045957j],
          [-0.0018299 -0.00412768j, -0.04427972+0.01395935j,
            0.11179695+0.25045957j,  0.6967498 -0.66116202j]],
         input_dims=(2, 2), output_dims=(2, 2))"
"Operator([[ 0.6967498 -0.66116202j, -0.25082678+0.11097062j,
            0.0443708 -0.01366709j, -0.00414558+0.00178899j],
          [ 0.25008963-0.11262207j,  0.90380399-0.06663156j,
           -0.31739656+0.0239562j ,  0.0443708 -0.01366709j],
          [ 0.04418671-0.01425101j,  0.31723171-0.02604847j,
            0.90380399-0.06663156j, -0.25082678+0.11097062j],
          [ 0.00410938-0.00187064j,  0.04418671-0.01425101j,
            0.25008963-0.11262207j,  0.6967498 -0.66116202j]],
         input_dims=(2, 2), output_dims=(2, 2))"
"Operator([[ 0.6967498 -0.66116202j,  0.11179695+0.25045957j,
           -0.04427972+0.01395935j, -0.0018299 -0.00412768j],
          [ 0.11179695+0.25045957j,  0.90380399-0.06663156j,
            0.02500247+0.31731586j, -0.04427972+0.01395935j],
          [-0.04427972+0.01395935j,  0.02500247+0.31731586j,
            0.90380399-0.06663156j,  0.11179695+0.25045957j],
          [-0.0018299 -0.00412768j, -0.04427972+0.01395935j,
            0.11179695+0.25045957j,  0.6967498 -0.66116202j]],
         input_dims=(2, 2), output_dims=(2, 2))"
"Operator([[ 0.6967498 -0.66116202j,  0.11179695+0.25045957j,
           -0.04427972+0.01395935j, -0.0018299 -0.00412768j],
          [ 0.11179695+0.25045957j,  0.90380399-0.06663156j,
            0.02500247+0.31731586j, -0.04427972+0.01395935j],
          [-0.04427972+0.01395935j,  0.02500247+0.31731586j,
            0.90380399-0.06663156j,  0.11179695+0.25045957j],
          [-0.0018299 -0.00412768j, -0.04427972+0.01395935j,
            0.11179695+0.25045957j,  0.6967498 -0.66116202j]],
         input_dims=(2, 2), output_dims=(2, 2))"
"Operator([[ 6.96749798e-01-0.66116202j,  7.72040364e-02+0.26318832j,
           -4.63972085e-02+0.00168997j, -6.23630464e-05-0.00451469j],
          [ 1.44370722e-01+0.23320731j,  9.03803987e-01-0.06663156j,
           -1.77712050e-02+0.31780287j, -4.63972085e-02+0.00168997j],
          [-3.89777547e-02+0.02522482j,  6.73245848e-02+0.31109786j,
            9.03803987e-01-0.06663156j,  7.72040364e-02+0.26318832j],
          [-3.30356393e-03-0.00307779j, -3.89777547e-02+0.02522482j,
            1.44370722e-01+0.23320731j,  6.96749798e-01-0.66116202j]],
         input_dims=(2, 2), output_dims=(2, 2))"
