unitary
"Operator([[ 8.86340847e-01-0.43033515j,  4.21826807e-02+0.16473853j,
           -1.68138086e-02+0.00311693j, -2.45314235e-04-0.00096019j],
          [ 4.21826807e-02+0.16473853j,  9.64342661e-01-0.04628868j,
            9.63322217e-03+0.19646172j, -1.68138086e-02+0.00311693j],
          [-1.68138086e-02+0.00311693j,  9.63322217e-03+0.19646172j,
            9.64342661e-01-0.04628868j,  4.21826807e-02+0.16473853j],
          [-2.45314235e-04-0.00096019j, -1.68138086e-02+0.00311693j,
            4.21826807e-02+0.16473853j,  8.86340847e-01-0.43033515j]],
         input_dims=(2, 2), output_dims=(2, 2))"
"Operator([[ 8.86340847e-01-0.43033515j,  4.28483157e-02+0.16456666j,
           -1.67880579e-02+0.00325277j, -2.56941103e-04-0.00095715j],
          [ 4.15163562e-02+0.16490772j,  9.64342661e-01-0.04628868j,
            1.04273689e-02+0.19642117j, -1.67880579e-02+0.00325277j],
          [-1.68384601e-02+0.00298089j,  8.83891803e-03+0.19649906j,
            9.64342661e-01-0.04628868j,  4.28483157e-02+0.16456666j],
          [-2.33651284e-04-0.0009631j , -1.68384601e-02+0.00298089j,
            4.15163562e-02+0.16490772j,  8.86340847e-01-0.43033515j]],
         input_dims=(2, 2), output_dims=(2, 2))"
"Operator([[ 8.86340847e-01-0.43033515j,  4.21826807e-02+0.16473853j,
           -1.68138086e-02+0.00311693j, -2.45314235e-04-0.00096019j],
          [ 4.21826807e-02+0.16473853j,  9.64342661e-01-0.04628868j,
            9.63322217e-03+0.19646172j, -1.68138086e-02+0.00311693j],
          [-1.68138086e-02+0.00311693j,  9.63322217e-03+0.19646172j,
            9.64342661e-01-0.04628868j,  4.21826807e-02+0.16473853j],
          [-2.45314235e-04-0.00096019j, -1.68138086e-02+0.00311693j,
            4.21826807e-02+0.16473853j,  8.86340847e-01-0.43033515j]],
         input_dims=(2, 2), output_dims=(2, 2))"
"Operator([[ 8.86340847e-01-4.30335148e-01j,
            1.08306732e-01+1.31102304e-01j,
           -8.31669782e-03+1.49416184e-02j,
           -9.91033765e-04-1.26363418e-06j],
          [-3.19696967e-02+1.67021259e-01j,
            9.64342661e-01-4.62886825e-02j,
            9.23610257e-02+1.73664760e-01j,
           -8.31669782e-03+1.49416184e-02j],
          [-1.31197570e-02-1.09677437e-02j,
           -7.49280032e-02+1.81867541e-01j,
            9.64342661e-01-4.62886825e-02j,
            1.08306732e-01+1.31102304e-01j],
          [ 8.68980777e-04-4.76468183e-04j,
           -1.31197570e-02-1.09677437e-02j,
           -3.19696967e-02+1.67021259e-01j,
            8.86340847e-01-4.30335148e-01j]],
         input_dims=(2, 2), output_dims=(2, 2))"
"Operator([[ 8.86340847e-01-0.43033515j,  4.21826807e-02+0.16473853j,
           -1.68138086e-02+0.00311693j, -2.45314235e-04-0.00096019j],
          [ 4.21826807e-02+0.16473853j,  9.64342661e-01-0.04628868j,
            9.63322217e-03+0.19646172j, -1.68138086e-02+0.00311693j],
          [-1.68138086e-02+0.00311693j,  9.63322217e-03+0.19646172j,
            9.64342661e-01-0.04628868j,  4.21826807e-02+0.16473853j],
          [-2.45314235e-04-0.00096019j, -1.68138086e-02+0.00311693j,
            4.21826807e-02+0.16473853j,  8.86340847e-01-0.43033515j]],
         input_dims=(2, 2), output_dims=(2, 2))"
"Operator([[ 8.86340847e-01-0.43033515j, -1.41013756e-01+0.09504358j,
            1.10517695e-02-0.01304905j, -2.86699626e-04+0.00094866j],
          [ 1.69338636e-01+0.01557526j,  9.64342661e-01-0.04628868j,
           -1.81823735e-01+0.07503424j,  1.10517695e-02-0.01304905j],
          [ 1.49947182e-02+0.00822057j,  1.88292263e-01+0.05688613j,
            9.64342661e-01-0.04628868j, -1.41013756e-01+0.09504358j],
          [ 7.06599484e-04+0.00069489j,  1.49947182e-02+0.00822057j,
            1.69338636e-01+0.01557526j,  8.86340847e-01-0.43033515j]],
         input_dims=(2, 2), output_dims=(2, 2))"
"Operator([[ 8.86340847e-01-4.30335148e-01j,
            1.02479686e-01+1.35705845e-01j,
           -9.58841659e-03+1.41591557e-02j,
           -9.82374914e-04-1.30725085e-04j],
          [-2.46472583e-02+1.68257764e-01j,
            9.64342661e-01-4.62886825e-02j,
            8.46909564e-02+1.77531546e-01j,
           -9.58841659e-03+1.41591557e-02j],
          [-1.40265068e-02-9.78143802e-03j,
           -6.69164325e-02+1.84965400e-01j,
            9.64342661e-01-4.62886825e-02j,
            1.02479686e-01+1.35705845e-01j],
          [ 7.99285532e-04-5.85911391e-04j,
           -1.40265068e-02-9.78143802e-03j,
           -2.46472583e-02+1.68257764e-01j,
            8.86340847e-01-4.30335148e-01j]],
         input_dims=(2, 2), output_dims=(2, 2))"
"Operator([[ 8.86340847e-01-0.43033515j,  1.69993589e-01+0.00451021j,
            1.59362590e-02+0.00620122j,  8.28169509e-04+0.00054432j],
          [-1.46906027e-01+0.08565502j,  9.64342661e-01-0.04628868j,
            1.91598244e-01+0.04449855j,  1.59362590e-02+0.00620122j],
          [ 1.26545676e-02-0.01150136j, -1.86325757e-01+0.06302952j,
            9.64342661e-01-0.04628868j,  1.69993589e-01+0.00451021j],
          [-4.65592100e-04+0.00087486j,  1.26545676e-02-0.01150136j,
           -1.46906027e-01+0.08565502j,  8.86340847e-01-0.43033515j]],
         input_dims=(2, 2), output_dims=(2, 2))"
"Operator([[ 8.86340847e-01-0.43033515j,  1.69417751e-01+0.01468972j,
            1.50798532e-02+0.00806334j,  7.17410974e-04+0.00068372j],
          [-1.41508726e-01+0.09430505j,  9.64342661e-01-0.04628868j,
            1.88587096e-01+0.05590094j,  1.50798532e-02+0.00806334j],
          [ 1.11876069e-02-0.01293278j, -1.82213536e-01+0.07408262j,
            9.64342661e-01-0.04628868j,  1.69417751e-01+0.01468972j],
          [-3.01542857e-04+0.00094405j,  1.11876069e-02-0.01293278j,
           -1.41508726e-01+0.09430505j,  8.86340847e-01-0.43033515j]],
         input_dims=(2, 2), output_dims=(2, 2))"
"Operator([[ 8.86340847e-01-0.43033515j,  1.69093344e-01+0.01804449j,
            1.47484592e-02+0.00865462j,  6.75513096e-04+0.00072514j],
          [-1.39611924e-01+0.09709106j,  9.64342661e-01-0.04628868j,
            1.87442169e-01+0.05962752j,  1.47484592e-02+0.00865462j],
          [ 1.06662959e-02-0.01336599j, -1.80709523e-01+0.07767932j,
            9.64342661e-01-0.04628868j,  1.69093344e-01+0.01804449j],
          [-2.44909972e-04+0.0009603j ,  1.06662959e-02-0.01336599j,
           -1.39611924e-01+0.09709106j,  8.86340847e-01-0.43033515j]],
         input_dims=(2, 2), output_dims=(2, 2))"
