unitary
"Operator([[ 8.69959337e-01-0.45800519j, -9.12834154e-02+0.1571113j ,
           -3.45244992e-03-0.01928665j,  1.04015568e-03+0.00063238j],
          [ 1.58839685e-01+0.08824158j,  9.59166425e-01-0.04901741j,
           -1.42172778e-01+0.1548659j , -3.45244992e-03-0.01928665j],
          [ 4.19241674e-03+0.01913944j,  1.57574489e-01+0.13916474j,
            9.59166425e-01-0.04901741j, -9.12834154e-02+0.1571113j ],
          [-5.71277811e-04+0.00107493j,  4.19241674e-03+0.01913944j,
            1.58839685e-01+0.08824158j,  8.69959337e-01-0.45800519j]],
         input_dims=(2, 2), output_dims=(2, 2))"
"Operator([[ 8.69959337e-01-4.58005189e-01j,
           -1.21454262e-02+1.81298402e-01j,
           -1.74261900e-02-8.95668869e-03j,
            8.19652374e-04-9.00000573e-04j],
          [ 1.03236469e-01+1.49528772e-01j,
            9.59166425e-01-4.90174130e-02j,
           -5.87531471e-02+2.01852948e-01j,
           -1.74261900e-02-8.95668869e-03j],
          [-1.26710447e-02+1.49445307e-02j,
            7.95203976e-02+1.94609998e-01j,
            9.59166425e-01-4.90174130e-02j,
           -1.21454262e-02+1.81298402e-01j],
          [-1.16434958e-03-3.55135332e-04j,
           -1.26710447e-02+1.49445307e-02j,
            1.03236469e-01+1.49528772e-01j,
            8.69959337e-01-4.58005189e-01j]],
         input_dims=(2, 2), output_dims=(2, 2))"
"Operator([[ 8.69959337e-01-0.45800519j,  4.82361054e-02+0.17518533j,
           -1.92166063e-02+0.00382314j, -3.22371794e-04-0.00117384j],
          [ 4.82361054e-02+0.17518533j,  9.59166425e-01-0.04901741j,
            1.09970339e-02+0.20994192j, -1.92166063e-02+0.00382314j],
          [-1.92166063e-02+0.00382314j,  1.09970339e-02+0.20994192j,
            9.59166425e-01-0.04901741j,  4.82361054e-02+0.17518533j],
          [-3.22371794e-04-0.00117384j, -1.92166063e-02+0.00382314j,
            4.82361054e-02+0.17518533j,  8.69959337e-01-0.45800519j]],
         input_dims=(2, 2), output_dims=(2, 2))"
"Operator([[ 8.69959337e-01-4.58005189e-01j,
            1.47860715e-01+1.05611699e-01j,
           -2.08858408e-04+1.95921094e-02j,
           -8.96597208e-04+8.23373848e-04j],
          [-7.29604497e-02+1.66413325e-01j,
            9.59166425e-01-4.90174130e-02j,
            1.40853939e-01+1.56066373e-01j,
           -2.08858408e-04+1.95921094e-02j],
          [-7.69183707e-03-1.80202667e-02j,
           -1.23777918e-01+1.69928138e-01j,
            9.59166425e-01-4.90174130e-02j,
            1.47860715e-01+1.05611699e-01j],
          [ 1.19136564e-03+2.49957889e-04j,
           -7.69183707e-03-1.80202667e-02j,
           -7.29604497e-02+1.66413325e-01j,
            8.69959337e-01-4.58005189e-01j]],
         input_dims=(2, 2), output_dims=(2, 2))"
"Operator([[ 8.69959337e-01-0.45800519j,  1.73656855e-01+0.05347821j,
            1.15802050e-02+0.01580485j,  1.65706691e-04+0.00120597j],
          [-1.21806859e-01+0.13483216j,  9.59166425e-01-0.04901741j,
            1.82952177e-01+0.1035618j ,  1.15802050e-02+0.01580485j],
          [ 4.64908632e-03-0.01903366j, -1.71131235e-01+0.12210915j,
            9.59166425e-01-0.04901741j,  1.73656855e-01+0.05347821j],
          [ 4.73472776e-04+0.00112145j,  4.64908632e-03-0.01903366j,
           -1.21806859e-01+0.13483216j,  8.69959337e-01-0.45800519j]],
         input_dims=(2, 2), output_dims=(2, 2))"
"Operator([[ 8.69959337e-01-0.45800519j,  4.82361054e-02+0.17518533j,
           -1.92166063e-02+0.00382314j, -3.22371794e-04-0.00117384j],
          [ 4.82361054e-02+0.17518533j,  9.59166425e-01-0.04901741j,
            1.09970339e-02+0.20994192j, -1.92166063e-02+0.00382314j],
          [-1.92166063e-02+0.00382314j,  1.09970339e-02+0.20994192j,
            9.59166425e-01-0.04901741j,  4.82361054e-02+0.17518533j],
          [-3.22371794e-04-0.00117384j, -1.92166063e-02+0.00382314j,
            4.82361054e-02+0.17518533j,  8.69959337e-01-0.45800519j]],
         input_dims=(2, 2), output_dims=(2, 2))"
"Operator([[ 8.69959337e-01-0.45800519j,  1.79184039e-01+0.03016127j,
            1.53025650e-02+0.01223625j,  6.17985529e-04+0.00104877j],
          [-1.38490479e-01+0.11763082j,  9.59166425e-01-0.04901741j,
            1.94989138e-01+0.07858614j,  1.53025650e-02+0.01223625j],
          [ 9.45387613e-03-0.01716154j, -1.85711679e-01+0.09852775j,
            9.59166425e-01-0.04901741j,  1.79184039e-01+0.03016127j],
          [ 4.34392503e-06+0.0012173j ,  9.45387613e-03-0.01716154j,
           -1.38490479e-01+0.11763082j,  8.69959337e-01-0.45800519j]],
         input_dims=(2, 2), output_dims=(2, 2))"
"Operator([[ 8.69959337e-01-0.45800519j,  4.82361054e-02+0.17518533j,
           -1.92166063e-02+0.00382314j, -3.22371794e-04-0.00117384j],
          [ 4.82361054e-02+0.17518533j,  9.59166425e-01-0.04901741j,
            1.09970339e-02+0.20994192j, -1.92166063e-02+0.00382314j],
          [-1.92166063e-02+0.00382314j,  1.09970339e-02+0.20994192j,
            9.59166425e-01-0.04901741j,  4.82361054e-02+0.17518533j],
          [-3.22371794e-04-0.00117384j, -1.92166063e-02+0.00382314j,
            4.82361054e-02+0.17518533j,  8.69959337e-01-0.45800519j]],
         input_dims=(2, 2), output_dims=(2, 2))"
"Operator([[ 8.69959337e-01-0.45800519j,  1.28491330e-02+0.18124989j,
           -1.92048464e-02-0.00388178j,  3.89519867e-04-0.0011533j ],
          [ 8.17398705e-02+0.16228129j,  9.59166425e-01-0.04901741j,
           -3.04969308e-02+0.20800597j, -1.92048464e-02-0.00388178j],
          [-1.62566804e-02+0.01093685j,  5.20616585e-02+0.20368144j,
            9.59166425e-01-0.04901741j,  1.28491330e-02+0.18124989j],
          [-9.23919743e-04-0.00079259j, -1.62566804e-02+0.01093685j,
            8.17398705e-02+0.16228129j,  8.69959337e-01-0.45800519j]],
         input_dims=(2, 2), output_dims=(2, 2))"
"Operator([[ 8.69959337e-01-0.45800519j, -1.05598742e-01+0.14786997j,
            2.05424627e-04-0.01959215j,  8.23609530e-04+0.00089638j],
          [ 1.66406931e-01+0.07297503j,  9.59166425e-01-0.04901741j,
           -1.56054029e-01+0.14086762j,  2.05424627e-04-0.01959215j],
          [ 7.68867866e-03+0.01802161j,  1.69917290e-01+0.12379281j,
            9.59166425e-01-0.04901741j, -1.05598742e-01+0.14786997j],
          [-2.50271084e-04+0.0011913j ,  7.68867866e-03+0.01802161j,
            1.66406931e-01+0.07297503j,  8.69959337e-01-0.45800519j]],
         input_dims=(2, 2), output_dims=(2, 2))"
"Operator([[ 8.69959337e-01-0.45800519j, -1.42361898e-01+0.11291462j,
            1.05843229e-02-0.01648837j, -1.18107510e-04+0.00121156j],
          [ 1.80095689e-01+0.02412809j,  9.59166425e-01-0.04901741j,
           -1.88915081e-01+0.09223685j,  1.05843229e-02-0.01648837j],
          [ 1.60892745e-02+0.01118166j,  1.97517761e-01+0.07199499j,
            9.59166425e-01-0.04901741j, -1.42361898e-01+0.11291462j],
          [ 7.20332172e-04+0.0009813j ,  1.60892745e-02+0.01118166j,
            1.80095689e-01+0.02412809j,  8.69959337e-01-0.45800519j]],
         input_dims=(2, 2), output_dims=(2, 2))"
"Operator([[ 8.69959337e-01-4.58005189e-01j,
           -1.62309997e-01+8.16828433e-02j,
            1.62643623e-02-1.09254240e-02j,
           -7.93566301e-04+9.23083729e-04j],
          [ 1.81245362e-01-1.29128195e-02j,
            9.59166425e-01-4.90174130e-02j,
           -2.03699720e-01+5.19900860e-02j,
            1.62643623e-02-1.09254240e-02j],
          [ 1.92075696e-02+3.86828653e-03j,
            2.08016670e-01+3.04238401e-02j,
            9.59166425e-01-4.90174130e-02j,
           -1.62309997e-01+8.16828433e-02j],
          [ 1.15371189e-03+3.88303914e-04j,
            1.92075696e-02+3.86828653e-03j,
            1.81245362e-01-1.29128195e-02j,
            8.69959337e-01-4.58005189e-01j]],
         input_dims=(2, 2), output_dims=(2, 2))"
"Operator([[ 0.86995934-4.58005189e-01j, -0.1765654 +4.29101610e-02j,
            0.01941277-2.65308003e-03j, -0.00119825+2.14556665e-04j],
          [ 0.17364465-5.35178261e-02j,  0.95916643-4.90174130e-02j,
           -0.21017862+4.63588526e-03j,  0.01941277-2.65308003e-03j],
          [ 0.01894999-4.97918666e-03j,  0.20951274-1.73481003e-02j,
            0.95916643-4.90174130e-02j, -0.1765654 +4.29101610e-02j],
          [ 0.00113976-4.27528538e-04j,  0.01894999-4.97918666e-03j,
            0.17364465-5.35178261e-02j,  0.86995934-4.58005189e-01j]],
         input_dims=(2, 2), output_dims=(2, 2))"
"Operator([[ 8.69959337e-01-0.45800519j,  4.82361054e-02+0.17518533j,
           -1.92166063e-02+0.00382314j, -3.22371794e-04-0.00117384j],
          [ 4.82361054e-02+0.17518533j,  9.59166425e-01-0.04901741j,
            1.09970339e-02+0.20994192j, -1.92166063e-02+0.00382314j],
          [-1.92166063e-02+0.00382314j,  1.09970339e-02+0.20994192j,
            9.59166425e-01-0.04901741j,  4.82361054e-02+0.17518533j],
          [-3.22371794e-04-0.00117384j, -1.92166063e-02+0.00382314j,
            4.82361054e-02+0.17518533j,  8.69959337e-01-0.45800519j]],
         input_dims=(2, 2), output_dims=(2, 2))"
