unitary
"Operator([[ 8.86340847e-01-4.30335148e-01j,
           -1.22879612e-01-1.17553236e-01j,
           -4.62290509e-03+1.64635407e-02j,
            9.30963282e-04-3.39789476e-04j],
          [ 5.12609503e-02-1.62143385e-01j,
            9.64342661e-01-4.62886825e-02j,
           -1.12014884e-01-1.61686963e-01j,
           -4.62290509e-03+1.64635407e-02j],
          [-1.02169261e-02-1.37125433e-02j,
            9.56593918e-02-1.71869976e-01j,
            9.64342661e-01-4.62886825e-02j,
           -1.22879612e-01-1.17553236e-01j],
          [-9.79861255e-04+1.48396230e-04j,
           -1.02169261e-02-1.37125433e-02j,
            5.12609503e-02-1.62143385e-01j,
            8.86340847e-01-4.30335148e-01j]],
         input_dims=(2, 2), output_dims=(2, 2))"
"Operator([[ 8.86340847e-01-0.43033515j, -1.61768488e-01-0.05243204j,
            1.00175572e-02+0.01385886j, -1.27107213e-04-0.00098285j],
          [ 1.16661643e-01-0.12372641j,  9.64342661e-01-0.04628868j,
           -1.71173788e-01-0.09689965j,  1.00175572e-02+0.01385886j],
          [ 4.38433828e-03-0.01652867j,  1.60872777e-01-0.11318108j,
            9.64342661e-01-0.04628868j, -1.61768488e-01-0.05243204j],
          [-3.59902992e-04-0.00092337j,  4.38433828e-03-0.01652867j,
            1.16661643e-01-0.12372641j,  8.86340847e-01-0.43033515j]],
         input_dims=(2, 2), output_dims=(2, 2))"
"Operator([[ 8.86340847e-01-4.30335148e-01j,
           -1.64903401e-01+4.15334870e-02j,
            1.68378404e-02-2.98438491e-03j,
           -9.63024535e-04+2.33951419e-04j],
          [ 1.64571106e-01-4.28312199e-02j,
            9.64342661e-01-4.62886825e-02j,
           -1.96498143e-01+8.85933079e-03j,
            1.68378404e-02-2.98438491e-03j],
          [ 1.67887334e-02-3.24928545e-03j,
            1.96422257e-01-1.04069641e-02j,
            9.64342661e-01-4.62886825e-02j,
           -1.64903401e-01+4.15334870e-02j],
          [ 9.57227243e-04-2.56642798e-04j,
            1.67887334e-02-3.24928545e-03j,
            1.64571106e-01-4.28312199e-02j,
            8.86340847e-01-4.30335148e-01j]],
         input_dims=(2, 2), output_dims=(2, 2))"
"Operator([[ 8.86340847e-01-0.43033515j,  4.21826807e-02+0.16473853j,
           -1.68138086e-02+0.00311693j, -2.45314235e-04-0.00096019j],
          [ 4.21826807e-02+0.16473853j,  9.64342661e-01-0.04628868j,
            9.63322217e-03+0.19646172j, -1.68138086e-02+0.00311693j],
          [-1.68138086e-02+0.00311693j,  9.63322217e-03+0.19646172j,
            9.64342661e-01-0.04628868j,  4.21826807e-02+0.16473853j],
          [-2.45314235e-04-0.00096019j, -1.68138086e-02+0.00311693j,
            4.21826807e-02+0.16473853j,  8.86340847e-01-0.43033515j]],
         input_dims=(2, 2), output_dims=(2, 2))"
"Operator([[ 8.86340847e-01-0.43033515j,  4.21826807e-02+0.16473853j,
           -1.68138086e-02+0.00311693j, -2.45314235e-04-0.00096019j],
          [ 4.21826807e-02+0.16473853j,  9.64342661e-01-0.04628868j,
            9.63322217e-03+0.19646172j, -1.68138086e-02+0.00311693j],
          [-1.68138086e-02+0.00311693j,  9.63322217e-03+0.19646172j,
            9.64342661e-01-0.04628868j,  4.21826807e-02+0.16473853j],
          [-2.45314235e-04-0.00096019j, -1.68138086e-02+0.00311693j,
            4.21826807e-02+0.16473853j,  8.86340847e-01-0.43033515j]],
         input_dims=(2, 2), output_dims=(2, 2))"
"Operator([[ 8.86340847e-01-0.43033515j,  4.21826807e-02+0.16473853j,
           -1.68138086e-02+0.00311693j, -2.45314235e-04-0.00096019j],
          [ 4.21826807e-02+0.16473853j,  9.64342661e-01-0.04628868j,
            9.63322217e-03+0.19646172j, -1.68138086e-02+0.00311693j],
          [-1.68138086e-02+0.00311693j,  9.63322217e-03+0.19646172j,
            9.64342661e-01-0.04628868j,  4.21826807e-02+0.16473853j],
          [-2.45314235e-04-0.00096019j, -1.68138086e-02+0.00311693j,
            4.21826807e-02+0.16473853j,  8.86340847e-01-0.43033515j]],
         input_dims=(2, 2), output_dims=(2, 2))"
"Operator([[ 8.86340847e-01-4.30335148e-01j,
            1.13185467e-01+1.26914193e-01j,
           -7.16403668e-03+1.55272664e-02j,
           -9.84807215e-04+1.10924610e-04j],
          [-3.82608692e-02+1.65693296e-01j,
            9.64342661e-01-4.62886825e-02j,
            9.88601785e-02+1.70049031e-01j,
           -7.16403668e-03+1.55272664e-02j],
          [-1.22536072e-02-1.19276374e-02j,
           -8.17497131e-02+1.78904982e-01j,
            9.64342661e-01-4.62886825e-02j,
            1.13185467e-01+1.26914193e-01j],
          [ 9.17329494e-04-3.75041491e-04j,
           -1.22536072e-02-1.19276374e-02j,
           -3.82608692e-02+1.65693296e-01j,
            8.86340847e-01-4.30335148e-01j]],
         input_dims=(2, 2), output_dims=(2, 2))"
"Operator([[ 8.86340847e-01-0.43033515j,  4.21826807e-02+0.16473853j,
           -1.68138086e-02+0.00311693j, -2.45314235e-04-0.00096019j],
          [ 4.21826807e-02+0.16473853j,  9.64342661e-01-0.04628868j,
            9.63322217e-03+0.19646172j, -1.68138086e-02+0.00311693j],
          [-1.68138086e-02+0.00311693j,  9.63322217e-03+0.19646172j,
            9.64342661e-01-0.04628868j,  4.21826807e-02+0.16473853j],
          [-2.45314235e-04-0.00096019j, -1.68138086e-02+0.00311693j,
            4.21826807e-02+0.16473853j,  8.86340847e-01-0.43033515j]],
         input_dims=(2, 2), output_dims=(2, 2))"
"Operator([[ 8.86340847e-01-0.43033515j,  4.21826807e-02+0.16473853j,
           -1.68138086e-02+0.00311693j, -2.45314235e-04-0.00096019j],
          [ 4.21826807e-02+0.16473853j,  9.64342661e-01-0.04628868j,
            9.63322217e-03+0.19646172j, -1.68138086e-02+0.00311693j],
          [-1.68138086e-02+0.00311693j,  9.63322217e-03+0.19646172j,
            9.64342661e-01-0.04628868j,  4.21826807e-02+0.16473853j],
          [-2.45314235e-04-0.00096019j, -1.68138086e-02+0.00311693j,
            4.21826807e-02+0.16473853j,  8.86340847e-01-0.43033515j]],
         input_dims=(2, 2), output_dims=(2, 2))"
"Operator([[ 8.86340847e-01-0.43033515j,  1.60483539e-01+0.0562423j ,
            9.35117119e-03+0.01431695j,  5.71228563e-05+0.00098939j],
          [-1.13703593e-01+0.12645021j,  9.64342661e-01-0.04628868j,
            1.68834800e-01+0.10091986j,  9.35117119e-03+0.01431695j],
          [ 3.59803396e-03-0.01671746j, -1.58151705e-01+0.11695318j,
            9.64342661e-01-0.04628868j,  1.60483539e-01+0.0562423j ],
          [ 4.24446782e-04+0.00089554j,  3.59803396e-03-0.01671746j,
           -1.13703593e-01+0.12645021j,  8.86340847e-01-0.43033515j]],
         input_dims=(2, 2), output_dims=(2, 2))"
"Operator([[ 8.86340847e-01-0.43033515j,  1.65351225e-01+0.03971315j,
            1.20424276e-02+0.01214081j,  3.50768688e-04+0.00092688j],
          [-1.25916242e-01+0.11429463j,  9.64342661e-01-0.04628868j,
            1.78180841e-01+0.08331624j,  1.20424276e-02+0.01214081j],
          [ 6.89047826e-03-0.01565058j, -1.69175108e-01+0.10034835j,
            9.64342661e-01-0.04628868j,  1.65351225e-01+0.03971315j],
          [ 1.36805000e-04+0.00098155j,  6.89047826e-03-0.01565058j,
           -1.25916242e-01+0.11429463j,  8.86340847e-01-0.43033515j]],
         input_dims=(2, 2), output_dims=(2, 2))"
"Operator([[ 8.86340847e-01-0.43033515j,  1.43977638e-01+0.0904909j ,
            2.22552780e-03+0.01695484j, -5.71331060e-04+0.00080977j],
          [-8.27688961e-02+0.14855124j,  9.64342661e-01-0.04628868j,
            1.42194302e-01+0.13590728j,  2.22552780e-03+0.01695484j],
          [-3.99965425e-03-0.01662595j, -1.28216115e-01+0.14916647j,
            9.64342661e-01-0.04628868j,  1.43977638e-01+0.0904909j ],
          [ 8.89732179e-04+0.00043649j, -3.99965425e-03-0.01662595j,
           -8.27688961e-02+0.14855124j,  8.86340847e-01-0.43033515j]],
         input_dims=(2, 2), output_dims=(2, 2))"
"Operator([[ 8.86340847e-01-0.43033515j,  4.21826807e-02+0.16473853j,
           -1.68138086e-02+0.00311693j, -2.45314235e-04-0.00096019j],
          [ 4.21826807e-02+0.16473853j,  9.64342661e-01-0.04628868j,
            9.63322217e-03+0.19646172j, -1.68138086e-02+0.00311693j],
          [-1.68138086e-02+0.00311693j,  9.63322217e-03+0.19646172j,
            9.64342661e-01-0.04628868j,  4.21826807e-02+0.16473853j],
          [-2.45314235e-04-0.00096019j, -1.68138086e-02+0.00311693j,
            4.21826807e-02+0.16473853j,  8.86340847e-01-0.43033515j]],
         input_dims=(2, 2), output_dims=(2, 2))"
"Operator([[ 8.86340847e-01-4.30335148e-01j,
            1.34234075e-01+1.04400074e-01j,
           -1.18405727e-03+1.70592331e-02j,
           -7.84948033e-04+6.04984385e-04j],
          [-6.75395791e-02+1.56065908e-01j,
            9.64342661e-01-4.62886825e-02j,
            1.27929775e-01+1.49412117e-01j,
           -1.18405727e-03+1.70592331e-02j],
          [-7.22010132e-03-1.55012761e-02j,
           -1.12698811e-01+1.61210998e-01j,
            9.64342661e-01-4.62886825e-02j,
            1.34234075e-01+1.04400074e-01j],
          [ 9.78942968e-04+1.54337894e-04j,
           -7.22010132e-03-1.55012761e-02j,
           -6.75395791e-02+1.56065908e-01j,
            8.86340847e-01-4.30335148e-01j]],
         input_dims=(2, 2), output_dims=(2, 2))"
"Operator([[ 8.86340847e-01-4.30335148e-01j,
           -4.92611514e-02+1.62762100e-01j,
           -1.05513952e-02-1.34568749e-02j,
            9.73714191e-04-1.84472746e-04j],
          [ 1.21423273e-01+1.19056924e-01j,
            9.64342661e-01-4.62886825e-02j,
           -9.35364990e-02+1.73034480e-01j,
           -1.05513952e-02-1.34568749e-02j],
          [-5.02679155e-03+1.63447481e-02j,
            1.10016100e-01+1.63053567e-01j,
            9.64342661e-01-4.62886825e-02j,
           -4.92611514e-02+1.62762100e-01j],
          [-9.42873981e-04+3.05185478e-04j,
           -5.02679155e-03+1.63447481e-02j,
            1.21423273e-01+1.19056924e-01j,
            8.86340847e-01-4.30335148e-01j]],
         input_dims=(2, 2), output_dims=(2, 2))"
