unitary
"Operator([[ 0.6967498 -0.66116202j,  0.11179695+0.25045957j,
           -0.04427972+0.01395935j, -0.0018299 -0.00412768j],
          [ 0.11179695+0.25045957j,  0.90380399-0.06663156j,
            0.02500247+0.31731586j, -0.04427972+0.01395935j],
          [-0.04427972+0.01395935j,  0.02500247+0.31731586j,
            0.90380399-0.06663156j,  0.11179695+0.25045957j],
          [-0.0018299 -0.00412768j, -0.04427972+0.01395935j,
            0.11179695+0.25045957j,  0.6967498 -0.66116202j]],
         input_dims=(2, 2), output_dims=(2, 2))"
"Operator([[ 0.6967498 -6.61162025e-01j,  0.19142807+1.96427714e-01j,
           -0.02466369+3.93352202e-02j, -0.00449456-4.30400512e-04j],
          [ 0.01840375+2.73660108e-01j,  0.90380399-6.66315600e-02j,
            0.13306882+2.89149039e-01j, -0.02466369+3.93352202e-02j],
          [-0.04276359-1.80785085e-02j, -0.08614166+3.06421432e-01j,
            0.90380399-6.66315600e-02j,  0.19142807+1.96427714e-01j],
          [ 0.00269913-3.61953388e-03j, -0.04276359-1.80785085e-02j,
            0.01840375+2.73660108e-01j,  0.6967498 -6.61162025e-01j]],
         input_dims=(2, 2), output_dims=(2, 2))"
"Operator([[ 0.6967498 -0.66116202j, -0.24332012+0.12658544j,
            0.04229473-0.01914974j, -0.00373429+0.00253798j],
          [ 0.25670119-0.09660771j,  0.90380399-0.06663156j,
           -0.31525084+0.04394757j,  0.04229473-0.01914974j],
          [ 0.04563036-0.00856898j,  0.3182434 -0.00596775j,
            0.90380399-0.06663156j, -0.24332012+0.12658544j],
          [ 0.00438822-0.00106292j,  0.04563036-0.00856898j,
            0.25670119-0.09660771j,  0.6967498 -0.66116202j]],
         input_dims=(2, 2), output_dims=(2, 2))"
"Operator([[ 0.6967498 -0.66116202j, -0.04764525-0.27010828j,
           -0.04563513-0.00854354j, -0.00141348+0.00428817j],
          [-0.16925897-0.2158239j ,  0.90380399-0.06663156j,
            0.05278388-0.31389224j, -0.04563513-0.00854354j],
          [-0.03248445+0.03317104j, -0.10129273-0.30175199j,
            0.90380399-0.06663156j, -0.04764525-0.27010828j],
          [ 0.00412672+0.00183207j, -0.03248445+0.03317104j,
           -0.16925897-0.2158239j ,  0.6967498 -0.66116202j]],
         input_dims=(2, 2), output_dims=(2, 2))"
"Operator([[ 0.6967498 -0.66116202j,  0.11179695+0.25045957j,
           -0.04427972+0.01395935j, -0.0018299 -0.00412768j],
          [ 0.11179695+0.25045957j,  0.90380399-0.06663156j,
            0.02500247+0.31731586j, -0.04427972+0.01395935j],
          [-0.04427972+0.01395935j,  0.02500247+0.31731586j,
            0.90380399-0.06663156j,  0.11179695+0.25045957j],
          [-0.0018299 -0.00412768j, -0.04427972+0.01395935j,
            0.11179695+0.25045957j,  0.6967498 -0.66116202j]],
         input_dims=(2, 2), output_dims=(2, 2))"
"Operator([[ 0.6967498 -0.66116202j, -0.27400771-0.01217903j,
            0.03770284+0.02709341j, -0.00253204-0.00373832j],
          [ 0.17389354-0.21210749j,  0.90380399-0.06663156j,
           -0.29492563-0.11972198j,  0.03770284+0.02709341j],
          [ 0.0153478 -0.04381783j,  0.27253591-0.16443435j,
            0.90380399-0.06663156j, -0.27400771-0.01217903j],
          [-0.0010699 -0.00438653j,  0.0153478 -0.04381783j,
            0.17389354-0.21210749j,  0.6967498 -0.66116202j]],
         input_dims=(2, 2), output_dims=(2, 2))"
