unitary
"Operator([[ 0.75140351-0.6097643j ,  0.22575795-0.10568385j,
            0.03493365-0.01460309j,  0.00280725-0.00174849j],
          [-0.23686896+0.07764551j,  0.92140335-0.0627214j ,
            0.28646703-0.0380683j ,  0.03493365-0.01460309j],
          [ 0.03741602-0.00580099j, -0.28896775+0.00319305j,
            0.92140335-0.0627214j ,  0.22575795-0.10568385j],
          [-0.0032453 +0.00063712j,  0.03741602-0.00580099j,
           -0.23686896+0.07764551j,  0.75140351-0.6097643j ]],
         input_dims=(2, 2), output_dims=(2, 2))"
"Operator([[ 7.51403505e-01-6.09764296e-01j,
            6.61542895e-02-2.40331726e-01j,
           -1.99152373e-02-3.22023810e-02j,
           -3.30712494e-03+2.82262722e-05j],
          [-2.12821591e-01-1.29779423e-01j,
            9.21403351e-01-6.27213955e-02j,
            1.56995989e-01-2.42620718e-01j,
           -1.99152373e-02-3.22023810e-02j],
          [-1.55455435e-04+3.78627238e-02j,
           -1.90005925e-01-2.17739069e-01j,
            9.21403351e-01-6.27213955e-02j,
            6.61542895e-02-2.40331726e-01j],
          [ 2.43700368e-03-2.23581867e-03j,
           -1.55455435e-04+3.78627238e-02j,
           -2.12821591e-01-1.29779423e-01j,
            7.51403505e-01-6.09764296e-01j]],
         input_dims=(2, 2), output_dims=(2, 2))"
"Operator([[ 0.75140351-6.09764296e-01j, -0.1717922 -1.80618849e-01j,
           -0.01913418+3.26725115e-02j,  0.00330372+1.52597028e-04j],
          [ 0.00143773-2.49266246e-01j,  0.92140335-6.27213955e-02j,
           -0.1269059 -2.59629442e-01j, -0.01913418+3.26725115e-02j],
          [-0.03338562-1.78608601e-02j,  0.08856477-2.75079690e-01j,
            0.92140335-6.27213955e-02j, -0.1717922 -1.80618849e-01j],
          [-0.00231114+2.36569235e-03j, -0.03338562-1.78608601e-02j,
            0.00143773-2.49266246e-01j,  0.75140351-6.09764296e-01j]],
         input_dims=(2, 2), output_dims=(2, 2))"
"Operator([[ 0.75140351-0.6097643j ,  0.09183288+0.23173789j,
           -0.03644157+0.01027726j, -0.00121275-0.00307687j],
          [ 0.09183288+0.23173789j,  0.92140335-0.0627214j ,
            0.02066853+0.28824532j, -0.03644157+0.01027726j],
          [-0.03644157+0.01027726j,  0.02066853+0.28824532j,
            0.92140335-0.0627214j ,  0.09183288+0.23173789j],
          [-0.00121275-0.00307687j, -0.03644157+0.01027726j,
            0.09183288+0.23173789j,  0.75140351-0.6097643j ]],
         input_dims=(2, 2), output_dims=(2, 2))"
"Operator([[ 7.51403505e-01-0.6097643j , -2.47966258e-01-0.02546495j,
            2.93366862e-02+0.02393677j, -1.60688433e-03-0.00289064j],
          [ 1.63213353e-01-0.18840682j,  9.21403351e-01-0.0627214j ,
           -2.65258763e-01-0.11467494j,  2.93366862e-02+0.02393677j],
          [ 1.25072972e-02-0.03573762j,  2.46183701e-01-0.15134774j,
            9.21403351e-01-0.0627214j , -2.47966258e-01-0.02546495j],
          [-7.97538133e-04-0.00320964j,  1.25072972e-02-0.03573762j,
            1.63213353e-01-0.18840682j,  7.51403505e-01-0.6097643j ]],
         input_dims=(2, 2), output_dims=(2, 2))"
"Operator([[ 0.75140351-0.6097643j , -0.24816555+0.02344335j,
            0.03626755+0.01087541j, -0.00294282-0.00150921j],
          [ 0.19686021-0.15291104j,  0.92140335-0.0627214j ,
           -0.28254442-0.06067292j,  0.03626755+0.01087541j],
          [ 0.02524125-0.02822214j,  0.2709973 -0.10036443j,
            0.92140335-0.0627214j , -0.24816555+0.02344335j],
          [ 0.00112168-0.00311122j,  0.02524125-0.02822214j,
            0.19686021-0.15291104j,  0.75140351-0.6097643j ]],
         input_dims=(2, 2), output_dims=(2, 2))"
"Operator([[ 0.75140351-0.6097643j ,  0.09183288+0.23173789j,
           -0.03644157+0.01027726j, -0.00121275-0.00307687j],
          [ 0.09183288+0.23173789j,  0.92140335-0.0627214j ,
            0.02066853+0.28824532j, -0.03644157+0.01027726j],
          [-0.03644157+0.01027726j,  0.02066853+0.28824532j,
            0.92140335-0.0627214j ,  0.09183288+0.23173789j],
          [-0.00121275-0.00307687j, -0.03644157+0.01027726j,
            0.09183288+0.23173789j,  0.75140351-0.6097643j ]],
         input_dims=(2, 2), output_dims=(2, 2))"
"Operator([[ 0.75140351-0.6097643j ,  0.09183288+0.23173789j,
           -0.03644157+0.01027726j, -0.00121275-0.00307687j],
          [ 0.09183288+0.23173789j,  0.92140335-0.0627214j ,
            0.02066853+0.28824532j, -0.03644157+0.01027726j],
          [-0.03644157+0.01027726j,  0.02066853+0.28824532j,
            0.92140335-0.0627214j ,  0.09183288+0.23173789j],
          [-0.00121275-0.00307687j, -0.03644157+0.01027726j,
            0.09183288+0.23173789j,  0.75140351-0.6097643j ]],
         input_dims=(2, 2), output_dims=(2, 2))"
"Operator([[ 7.51403505e-01-0.6097643j , -2.48249078e-01-0.02254159j,
            2.98925571e-02+0.02323887j, -1.70803585e-03-0.00283205j],
          [ 1.65421869e-01-0.18647073j,  9.21403351e-01-0.0627214j ,
           -2.66591473e-01-0.11154165j,  2.98925571e-02+0.02323887j],
          [ 1.33459011e-02-0.03543299j,  2.47949820e-01-0.14843665j,
            9.21403351e-01-0.0627214j , -2.48249078e-01-0.02254159j],
          [-6.83611099e-04-0.00323582j,  1.33459011e-02-0.03543299j,
            1.65421869e-01-0.18647073j,  7.51403505e-01-0.6097643j ]],
         input_dims=(2, 2), output_dims=(2, 2))"
"Operator([[ 7.51403505e-01-0.6097643j , -2.48606190e-01-0.01818491j,
            3.06890675e-02+0.02217636j, -1.85459731e-03-0.00273831j],
          [ 1.68666328e-01-0.18354127j,  9.21403351e-01-0.0627214j ,
           -2.68506442e-01-0.10684963j,  3.06890675e-02+0.02217636j],
          [ 1.45801869e-02-0.03494321j,  2.50514636e-01-0.14406586j,
            9.21403351e-01-0.0627214j , -2.48606190e-01-0.01818491j],
          [-5.12507816e-04-0.00326729j,  1.45801869e-02-0.03494321j,
            1.68666328e-01-0.18354127j,  7.51403505e-01-0.6097643j ]],
         input_dims=(2, 2), output_dims=(2, 2))"
