unitary
"Operator([[-0.10369782+0.72053634j, -0.00167689+0.42203368j,
            0.11212629+0.41703509j,  0.13385614-0.29588996j],
          [-0.11779155+0.40526582j,  0.02751085+0.25447648j,
            0.08563376-0.75003061j,  0.11212629+0.41703509j],
          [-0.12560341+0.41317594j,  0.28879713-0.6974778j ,
            0.02751085+0.25447648j, -0.00167689+0.42203368j],
          [ 0.30934775-0.09885495j, -0.12560341+0.41317594j,
           -0.11779155+0.40526582j, -0.10369782+0.72053634j]],
         input_dims=(2, 2), output_dims=(2, 2))"
"Operator([[-0.10369782+0.72053634j, -0.40793065-0.10820268j,
            0.10598387-0.41863826j, -0.1204746 -0.30158615j],
          [ 0.42187679+0.01162793j,  0.02751085+0.25447648j,
            0.70409367+0.27227038j,  0.10598387-0.41863826j],
          [-0.09233979-0.42185772j, -0.74780284-0.10329559j,
            0.02751085+0.25447648j, -0.40793065-0.10820268j],
          [ 0.28568788+0.15443694j, -0.09233979-0.42185772j,
            0.42187679+0.01162793j, -0.10369782+0.72053634j]],
         input_dims=(2, 2), output_dims=(2, 2))"
"Operator([[-0.10369782+0.72053634j,  0.06031971-0.41770417j,
           -0.00700939+0.43178865j, -0.24251417+0.21599817j],
          [ 0.06031971-0.41770417j,  0.02751085+0.25447648j,
           -0.18905045+0.73084813j, -0.00700939+0.43178865j],
          [-0.00700939+0.43178865j, -0.18905045+0.73084813j,
            0.02751085+0.25447648j,  0.06031971-0.41770417j],
          [-0.24251417+0.21599817j, -0.00700939+0.43178865j,
            0.06031971-0.41770417j, -0.10369782+0.72053634j]],
         input_dims=(2, 2), output_dims=(2, 2))"
"Operator([[-0.10369782+0.72053634j,  0.06031971-0.41770417j,
           -0.00700939+0.43178865j, -0.24251417+0.21599817j],
          [ 0.06031971-0.41770417j,  0.02751085+0.25447648j,
           -0.18905045+0.73084813j, -0.00700939+0.43178865j],
          [-0.00700939+0.43178865j, -0.18905045+0.73084813j,
            0.02751085+0.25447648j,  0.06031971-0.41770417j],
          [-0.24251417+0.21599817j, -0.00700939+0.43178865j,
            0.06031971-0.41770417j, -0.10369782+0.72053634j]],
         input_dims=(2, 2), output_dims=(2, 2))"
