unitary
"Operator([[ 0.77344283-0.58634141j,  0.08375764+0.22311568j,
           -0.03326202+0.00891263j, -0.00100171-0.00268132j],
          [ 0.08375764+0.22311568j,  0.92846514-0.0607864j ,
            0.01889794+0.27553332j, -0.03326202+0.00891263j],
          [-0.03326202+0.00891263j,  0.01889794+0.27553332j,
            0.92846514-0.0607864j ,  0.08375764+0.22311568j],
          [-0.00100171-0.00268132j, -0.03326202+0.00891263j,
            0.08375764+0.22311568j,  0.77344283-0.58634141j]],
         input_dims=(2, 2), output_dims=(2, 2))"
"Operator([[ 0.77344283-0.58634141j,  0.08375764+0.22311568j,
           -0.03326202+0.00891263j, -0.00100171-0.00268132j],
          [ 0.08375764+0.22311568j,  0.92846514-0.0607864j ,
            0.01889794+0.27553332j, -0.03326202+0.00891263j],
          [-0.03326202+0.00891263j,  0.01889794+0.27553332j,
            0.92846514-0.0607864j ,  0.08375764+0.22311568j],
          [-0.00100171-0.00268132j, -0.03326202+0.00891263j,
            0.08375764+0.22311568j,  0.77344283-0.58634141j]],
         input_dims=(2, 2), output_dims=(2, 2))"
"Operator([[ 0.77344283-5.86341408e-01j,  0.23130991-5.73731122e-02j,
            0.03442009-1.02662999e-03j,  0.00286219-2.73538852e-05j],
          [-0.21192297+1.09016536e-01j,  0.92846514-6.07863960e-02j,
            0.27586896+1.31171784e-02j,  0.03442009-1.02662999e-03j],
          [ 0.0303219 -1.63211342e-02j, -0.27149475+5.06590842e-02j,
            0.92846514-6.07863960e-02j,  0.23130991-5.73731122e-02j],
          [-0.00217903+1.85599409e-03j,  0.0303219 -1.63211342e-02j,
           -0.21192297+1.09016536e-01j,  0.77344283-5.86341408e-01j]],
         input_dims=(2, 2), output_dims=(2, 2))"
"Operator([[ 0.77344283-0.58634141j,  0.08375764+0.22311568j,
           -0.03326202+0.00891263j, -0.00100171-0.00268132j],
          [ 0.08375764+0.22311568j,  0.92846514-0.0607864j ,
            0.01889794+0.27553332j, -0.03326202+0.00891263j],
          [-0.03326202+0.00891263j,  0.01889794+0.27553332j,
            0.92846514-0.0607864j ,  0.08375764+0.22311568j],
          [-0.00100171-0.00268132j, -0.03326202+0.00891263j,
            0.08375764+0.22311568j,  0.77344283-0.58634141j]],
         input_dims=(2, 2), output_dims=(2, 2))"
"Operator([[ 0.77344283-0.58634141j, -0.21301456-0.10686789j,
            0.0063124 +0.03385189j,  0.00148152-0.00244908j],
          [ 0.09006639-0.2206445j ,  0.92846514-0.0607864j ,
           -0.20101279-0.18939272j,  0.0063124 +0.03385189j],
          [-0.01145943-0.03247273j,  0.17327243-0.21506373j,
            0.92846514-0.0607864j , -0.21301456-0.10686789j],
          [-0.0027244 -0.00087779j, -0.01145943-0.03247273j,
            0.09006639-0.2206445j ,  0.77344283-0.58634141j]],
         input_dims=(2, 2), output_dims=(2, 2))"
"Operator([[ 7.73442832e-01-0.58634141j, -2.38308836e-01+0.00220166j,
            3.11852911e-02+0.01460392j, -2.20369551e-03-0.00182664j],
          [ 1.80886637e-01-0.15516434j,  9.28465144e-01-0.0607864j ,
           -2.65317529e-01-0.0766965j ,  3.11852911e-02+0.01460392j],
          [ 1.97051315e-02-0.02824013j,  2.52361562e-01-0.11220244j,
            9.28465144e-01-0.0607864j , -2.38308836e-01+0.00220166j],
          [ 4.66229029e-04-0.0028241j ,  1.97051315e-02-0.02824013j,
            1.80886637e-01-0.15516434j,  7.73442832e-01-0.58634141j]],
         input_dims=(2, 2), output_dims=(2, 2))"
"Operator([[ 7.73442832e-01-0.58634141j, -1.37627183e-01+0.19456286j,
            4.01802350e-03-0.03420018j,  1.55616022e-03+0.00240234j],
          [ 2.31662744e-01+0.0559314j ,  9.28465144e-01-0.0607864j ,
           -2.17416042e-01+0.17031151j,  4.01802350e-03-0.03420018j],
          [ 2.05799597e-02+0.0276091j ,  2.38632952e-01+0.13903258j,
            9.28465144e-01-0.0607864j , -1.37627183e-01+0.19456286j],
          [ 4.00162332e-04+0.00283421j,  2.05799597e-02+0.0276091j ,
            2.31662744e-01+0.0559314j ,  7.73442832e-01-0.58634141j]],
         input_dims=(2, 2), output_dims=(2, 2))"
