unitary
"Operator([[ 0.49884414+0.30003938j, -0.49699374-0.09494468j,
            0.32617782-0.36106831j,  0.00952587+0.4101958j ],
          [-0.49699374-0.09494468j, -0.27227603-0.33615175j,
            0.18892234-0.53328843j,  0.32617782-0.36106831j],
          [ 0.32617782-0.36106831j,  0.18892234-0.53328843j,
           -0.27227603-0.33615175j, -0.49699374-0.09494468j],
          [ 0.00952587+0.4101958j ,  0.32617782-0.36106831j,
           -0.49699374-0.09494468j,  0.49884414+0.30003938j]],
         input_dims=(2, 2), output_dims=(2, 2))"
"Operator([[ 0.49884414+0.30003938j, -0.06028533-0.5023773j ,
           -0.05742268+0.48318209j,  0.23940315-0.33322284j],
          [-0.24122775+0.44477684j, -0.27227603-0.33615175j,
            0.5654688 +0.01825489j, -0.05742268+0.48318209j],
          [-0.4748822 +0.10606222j, -0.45085456-0.34178702j,
           -0.27227603-0.33615175j, -0.06028533-0.5023773j ],
          [-0.25461343-0.32175042j, -0.4748822 +0.10606222j,
           -0.24122775+0.44477684j,  0.49884414+0.30003938j]],
         input_dims=(2, 2), output_dims=(2, 2))"
"Operator([[ 0.49884414+0.30003938j, -0.49699374-0.09494468j,
            0.32617782-0.36106831j,  0.00952587+0.4101958j ],
          [-0.49699374-0.09494468j, -0.27227603-0.33615175j,
            0.18892234-0.53328843j,  0.32617782-0.36106831j],
          [ 0.32617782-0.36106831j,  0.18892234-0.53328843j,
           -0.27227603-0.33615175j, -0.49699374-0.09494468j],
          [ 0.00952587+0.4101958j ,  0.32617782-0.36106831j,
           -0.49699374-0.09494468j,  0.49884414+0.30003938j]],
         input_dims=(2, 2), output_dims=(2, 2))"
