unitary
"Operator([[ 9.71100551e-01-2.22516375e-01j,
            8.07353221e-02-3.02215744e-02j,
            3.66191551e-03-2.28493350e-03j,
            8.46918777e-05-9.15539182e-05j],
          [-8.57039471e-02-9.29350562e-03j,
            9.90974800e-01-2.45305156e-02j,
            9.62889567e-02-2.54061206e-02j,
            3.66191551e-03-2.28493350e-03j],
          [ 4.01709527e-03+1.57907946e-03j,
           -9.74332465e-02-2.05863210e-02j,
            9.90974800e-01-2.45305156e-02j,
            8.07353221e-02-3.02215744e-02j],
          [-1.04712074e-04-6.77511301e-05j,
            4.01709527e-03+1.57907946e-03j,
           -8.57039471e-02-9.29350562e-03j,
            9.71100551e-01-2.22516375e-01j]],
         input_dims=(2, 2), output_dims=(2, 2))"
"Operator([[ 9.71100551e-01-2.22516375e-01j,
            1.07548977e-02+8.55328473e-02j,
           -4.29819156e-03+3.95089414e-04j,
           -1.55513744e-05-1.23745662e-04j],
          [ 1.07548977e-02+8.55328473e-02j,
            9.90974800e-01-2.45305156e-02j,
            2.47688655e-03+9.95534991e-02j,
           -4.29819156e-03+3.95089414e-04j],
          [-4.29819156e-03+3.95089414e-04j,
            2.47688655e-03+9.95534991e-02j,
            9.90974800e-01-2.45305156e-02j,
            1.07548977e-02+8.55328473e-02j],
          [-1.55513744e-05-1.23745662e-04j,
           -4.29819156e-03+3.95089414e-04j,
            1.07548977e-02+8.55328473e-02j,
            9.71100551e-01-2.22516375e-01j]],
         input_dims=(2, 2), output_dims=(2, 2))"
"Operator([[ 9.71100551e-01-2.22516375e-01j,
            7.02725484e-02-4.99330024e-02j,
            2.04560543e-03-3.80079528e-03j,
           -4.02873569e-06-1.24653934e-04j],
          [-8.04467435e-02-3.09815631e-02j,
            9.90974800e-01-2.45305156e-02j,
            8.65411193e-02-4.92713792e-02j,
            2.04560543e-03-3.80079528e-03j],
          [ 2.70421052e-03+3.36419259e-03j,
           -8.88842683e-02-4.49068035e-02j,
            9.90974800e-01-2.45305156e-02j,
            7.02725484e-02-4.99330024e-02j],
          [-2.69404466e-05-1.21774572e-04j,
            2.70421052e-03+3.36419259e-03j,
           -8.04467435e-02-3.09815631e-02j,
            9.71100551e-01-2.22516375e-01j]],
         input_dims=(2, 2), output_dims=(2, 2))"
"Operator([[ 9.71100551e-01-2.22516375e-01j,
            1.07548977e-02+8.55328473e-02j,
           -4.29819156e-03+3.95089414e-04j,
           -1.55513744e-05-1.23745662e-04j],
          [ 1.07548977e-02+8.55328473e-02j,
            9.90974800e-01-2.45305156e-02j,
            2.47688655e-03+9.95534991e-02j,
           -4.29819156e-03+3.95089414e-04j],
          [-4.29819156e-03+3.95089414e-04j,
            2.47688655e-03+9.95534991e-02j,
            9.90974800e-01-2.45305156e-02j,
            1.07548977e-02+8.55328473e-02j],
          [-1.55513744e-05-1.23745662e-04j,
           -4.29819156e-03+3.95089414e-04j,
            1.07548977e-02+8.55328473e-02j,
            9.71100551e-01-2.22516375e-01j]],
         input_dims=(2, 2), output_dims=(2, 2))"
"Operator([[ 9.71100551e-01-2.22516375e-01j,
            1.07548977e-02+8.55328473e-02j,
           -4.29819156e-03+3.95089414e-04j,
           -1.55513744e-05-1.23745662e-04j],
          [ 1.07548977e-02+8.55328473e-02j,
            9.90974800e-01-2.45305156e-02j,
            2.47688655e-03+9.95534991e-02j,
           -4.29819156e-03+3.95089414e-04j],
          [-4.29819156e-03+3.95089414e-04j,
            2.47688655e-03+9.95534991e-02j,
            9.90974800e-01-2.45305156e-02j,
            1.07548977e-02+8.55328473e-02j],
          [-1.55513744e-05-1.23745662e-04j,
           -4.29819156e-03+3.95089414e-04j,
            1.07548977e-02+8.55328473e-02j,
            9.71100551e-01-2.22516375e-01j]],
         input_dims=(2, 2), output_dims=(2, 2))"
"Operator([[ 9.71100551e-01-2.22516375e-01j,
            5.00044589e-02-7.02217194e-02j,
           -7.50222736e-04-4.25061315e-03j,
           -1.07239206e-04-6.36756368e-05j],
          [-6.58323699e-02-5.56564000e-02j,
            9.90974800e-01-2.45305156e-02j,
            6.55898650e-02-7.49333287e-02j,
           -7.50222736e-04-4.25061315e-03j],
          [ 3.72335244e-05+4.31615106e-03j,
           -6.92350823e-02-7.15788902e-02j,
            9.90974800e-01-2.45305156e-02j,
            5.00044589e-02-7.02217194e-02j],
          [ 8.81488515e-05-8.82304599e-05j,
            3.72335244e-05+4.31615106e-03j,
           -6.58323699e-02-5.56564000e-02j,
            9.71100551e-01-2.22516375e-01j]],
         input_dims=(2, 2), output_dims=(2, 2))"
"Operator([[ 9.71100551e-01-2.22516375e-01j,
            4.44706330e-02-7.38505151e-02j,
           -1.39157634e-03-4.08583671e-03j,
           -1.18944857e-04-3.75093994e-05j],
          [-6.13691717e-02-6.05422212e-02j,
            9.90974800e-01-2.45305156e-02j,
            5.96487061e-02-7.97437521e-02j,
           -1.39157634e-03-4.08583671e-03j],
          [-6.23411609e-04+4.27105423e-03j,
           -6.35404924e-02-7.66788104e-02j,
            9.90974800e-01-2.45305156e-02j,
            4.44706330e-02-7.38505151e-02j],
          [ 1.05964982e-04-6.57742861e-05j,
           -6.23411609e-04+4.27105423e-03j,
           -6.13691717e-02-6.05422212e-02j,
            9.71100551e-01-2.22516375e-01j]],
         input_dims=(2, 2), output_dims=(2, 2))"
"Operator([[ 9.71100551e-01-2.22516375e-01j,
            4.04895670e-02-7.61060494e-02j,
           -1.81671002e-03-3.91536857e-03j,
           -1.23387968e-04-1.81725991e-05j],
          [-5.80704250e-02-6.37131189e-02j,
            9.90974800e-01-2.45305156e-02j,
            5.53335716e-02-8.27963163e-02j,
           -1.81671002e-03-3.91536857e-03j],
          [-1.07249761e-03+4.18094429e-03j,
           -5.93824981e-02-7.99421857e-02j,
            9.90974800e-01-2.45305156e-02j,
            4.04895670e-02-7.61060494e-02j],
          [ 1.15054557e-04-4.81381666e-05j,
           -1.07249761e-03+4.18094429e-03j,
           -5.80704250e-02-6.37131189e-02j,
            9.71100551e-01-2.22516375e-01j]],
         input_dims=(2, 2), output_dims=(2, 2))"
"Operator([[ 9.71100551e-01-2.22516375e-01j,
            3.74595073e-02-7.76422636e-02j,
           -2.11936518e-03-3.76016457e-03j,
           -1.24670145e-04-3.49126165e-06j],
          [-5.55150019e-02-6.59516516e-02j,
            9.90974800e-01-2.45305156e-02j,
            5.20283853e-02-8.49121974e-02j,
           -2.11936518e-03-3.76016457e-03j],
          [-1.39837480e-03+4.08351493e-03j,
           -5.61866222e-02-8.22198129e-02j,
            9.90974800e-01-2.45305156e-02j,
            3.74595073e-02-7.76422636e-02j],
          [ 1.19929559e-04-3.42306146e-05j,
           -1.39837480e-03+4.08351493e-03j,
           -5.55150019e-02-6.59516516e-02j,
            9.71100551e-01-2.22516375e-01j]],
         input_dims=(2, 2), output_dims=(2, 2))"
"Operator([[ 9.71100551e-01-2.22516375e-01j,
            3.51135411e-02-7.87310296e-02j,
           -2.34104369e-03-3.62630125e-03j,
           -1.24479305e-04+7.72895146e-06j],
          [-5.35116043e-02-6.75873064e-02j,
            9.90974800e-01-2.45305156e-02j,
            4.94577796e-02-8.64347279e-02j,
           -2.34104369e-03-3.62630125e-03j],
          [-1.64074188e-03+3.99230665e-03j,
           -5.36949110e-02-8.38682936e-02j,
            9.90974800e-01-2.45305156e-02j,
            3.51135411e-02-7.87310296e-02j],
          [ 1.22520941e-04-2.33120825e-05j,
           -1.64074188e-03+3.99230665e-03j,
           -5.35116043e-02-6.75873064e-02j,
            9.71100551e-01-2.22516375e-01j]],
         input_dims=(2, 2), output_dims=(2, 2))"
