unitary
"Operator([[ 9.41366246e-01-0.31421358j,  2.17999268e-02+0.12061082j,
           -8.70437146e-03+0.00114631j, -6.44524569e-05-0.00035699j],
          [ 2.17999268e-02+0.12061082j,  9.81660078e-01-0.03435118j,
            5.00604995e-03+0.14155967j, -8.70437146e-03+0.00114631j],
          [-8.70437146e-03+0.00114631j,  5.00604995e-03+0.14155967j,
            9.81660078e-01-0.03435118j,  2.17999268e-02+0.12061082j],
          [-6.44524569e-05-0.00035699j, -8.70437146e-03+0.00114631j,
            2.17999268e-02+0.12061082j,  9.41366246e-01-0.31421358j]],
         input_dims=(2, 2), output_dims=(2, 2))"
"Operator([[ 9.41366246e-01-3.14213578e-01j,
            1.21278068e-01-1.77154434e-02j,
            8.76188673e-03-5.56275635e-04j,
            3.61677677e-04-2.80189644e-05j],
          [-1.19806052e-01+2.58595540e-02j,
            9.81660078e-01-3.43511799e-02j,
            1.41647982e-01-2.23866862e-04j,
            8.76188673e-03-5.56275635e-04j],
          [ 8.60716882e-03-1.73111136e-03j,
           -1.41309954e-01+9.78252517e-03j,
            9.81660078e-01-3.43511799e-02j,
            1.21278068e-01-1.77154434e-02j],
          [-3.48641280e-04+1.00225057e-04j,
            8.60716882e-03-1.73111136e-03j,
           -1.19806052e-01+2.58595540e-02j,
            9.41366246e-01-3.14213578e-01j]],
         input_dims=(2, 2), output_dims=(2, 2))"
"Operator([[ 9.41366246e-01-3.14213578e-01j,
            1.16042636e-01-3.94501379e-02j,
            7.98497340e-03-3.64969883e-03j,
            2.94124896e-04-2.12335465e-04j],
          [-1.22510233e-01+3.66734595e-03j,
            9.81660078e-01-3.43511799e-02j,
            1.39250920e-01-2.59496115e-02j,
            7.98497340e-03-3.64969883e-03j],
          [ 8.65762037e-03+1.45798193e-03j,
           -1.40736113e-01-1.60482811e-02j,
            9.81660078e-01-3.43511799e-02j,
            1.16042636e-01-3.94501379e-02j],
          [-3.49807044e-04-9.60772392e-05j,
            8.65762037e-03+1.45798193e-03j,
           -1.22510233e-01+3.66734595e-03j,
            9.41366246e-01-3.14213578e-01j]],
         input_dims=(2, 2), output_dims=(2, 2))"
"Operator([[ 9.41366246e-01-3.14213578e-01j,
            1.10172032e-01-5.37059599e-02j,
            6.82417210e-03-5.52365612e-03j,
            1.95113866e-04-3.05820836e-04j],
          [-1.22001406e-01-1.17415329e-02j,
            9.81660078e-01-3.43511799e-02j,
            1.34891555e-01-4.32257960e-02j,
            6.82417210e-03-5.52365612e-03j],
          [ 8.02155725e-03+3.56857409e-03j,
           -1.37608006e-01-3.35892490e-02j,
            9.81660078e-01-3.43511799e-02j,
            1.10172032e-01-5.37059599e-02j],
          [-2.89737926e-04-2.18283620e-04j,
            8.02155725e-03+3.56857409e-03j,
           -1.22001406e-01-1.17415329e-02j,
            9.41366246e-01-3.14213578e-01j]],
         input_dims=(2, 2), output_dims=(2, 2))"
"Operator([[ 9.41366246e-01-0.31421358j,  2.17999268e-02+0.12061082j,
           -8.70437146e-03+0.00114631j, -6.44524569e-05-0.00035699j],
          [ 2.17999268e-02+0.12061082j,  9.81660078e-01-0.03435118j,
            5.00604995e-03+0.14155967j, -8.70437146e-03+0.00114631j],
          [-8.70437146e-03+0.00114631j,  5.00604995e-03+0.14155967j,
            9.81660078e-01-0.03435118j,  2.17999268e-02+0.12061082j],
          [-6.44524569e-05-0.00035699j, -8.70437146e-03+0.00114631j,
            2.17999268e-02+0.12061082j,  9.41366246e-01-0.31421358j]],
         input_dims=(2, 2), output_dims=(2, 2))"
"Operator([[ 9.41366246e-01-0.31421358j,  2.17999268e-02+0.12061082j,
           -8.70437146e-03+0.00114631j, -6.44524569e-05-0.00035699j],
          [ 2.17999268e-02+0.12061082j,  9.81660078e-01-0.03435118j,
            5.00604995e-03+0.14155967j, -8.70437146e-03+0.00114631j],
          [-8.70437146e-03+0.00114631j,  5.00604995e-03+0.14155967j,
            9.81660078e-01-0.03435118j,  2.17999268e-02+0.12061082j],
          [-6.44524569e-05-0.00035699j, -8.70437146e-03+0.00114631j,
            2.17999268e-02+0.12061082j,  9.41366246e-01-0.31421358j]],
         input_dims=(2, 2), output_dims=(2, 2))"
"Operator([[ 9.41366246e-01-0.31421358j,  2.17999268e-02+0.12061082j,
           -8.70437146e-03+0.00114631j, -6.44524569e-05-0.00035699j],
          [ 2.17999268e-02+0.12061082j,  9.81660078e-01-0.03435118j,
            5.00604995e-03+0.14155967j, -8.70437146e-03+0.00114631j],
          [-8.70437146e-03+0.00114631j,  5.00604995e-03+0.14155967j,
            9.81660078e-01-0.03435118j,  2.17999268e-02+0.12061082j],
          [-6.44524569e-05-0.00035699j, -8.70437146e-03+0.00114631j,
            2.17999268e-02+0.12061082j,  9.41366246e-01-0.31421358j]],
         input_dims=(2, 2), output_dims=(2, 2))"
