unitary
"Operator([[ 9.20523801e-01-3.63571888e-01j,
           -1.16625351e-02+1.42031476e-01j,
           -1.08437073e-02-4.95403371e-03j,
            3.54207123e-04-4.53070913e-04j],
          [ 6.82440686e-02+1.25106762e-01j,
            9.75113011e-01-3.95084415e-02j,
           -4.06902885e-02+1.59646219e-01j,
           -1.08437073e-02-4.95403371e-03j],
          [-8.85146036e-03+7.98624361e-03j,
            5.36565843e-02+1.55767730e-01j,
            9.75113011e-01-3.95084415e-02j,
           -1.16625351e-02+1.42031476e-01j],
          [-5.07308527e-04-2.70876348e-04j,
           -8.85146036e-03+7.98624361e-03j,
            6.82440686e-02+1.25106762e-01j,
            9.20523801e-01-3.63571888e-01j]],
         input_dims=(2, 2), output_dims=(2, 2))"
"Operator([[ 9.20523801e-01-0.36357189j,  2.95292899e-02+0.13941656j,
           -1.17829369e-02+0.00181407j, -1.18990440e-04-0.00056265j],
          [ 2.95292899e-02+0.13941656j,  9.75113011e-01-0.03950844j,
            6.76696943e-03+0.16461113j, -1.17829369e-02+0.00181407j],
          [-1.17829369e-02+0.00181407j,  6.76696943e-03+0.16461113j,
            9.75113011e-01-0.03950844j,  2.95292899e-02+0.13941656j],
          [-1.18990440e-04-0.00056265j, -1.17829369e-02+0.00181407j,
            2.95292899e-02+0.13941656j,  9.20523801e-01-0.36357189j]],
         input_dims=(2, 2), output_dims=(2, 2))"
"Operator([[ 9.20523801e-01-3.63571888e-01j,
            7.45388440e-02+1.21461581e-01j,
           -7.99142092e-03+8.84678638e-03j,
           -5.42692288e-04-1.90318204e-04j],
          [-1.88946148e-02+1.41251366e-01j,
            9.75113011e-01-3.95084415e-02j,
            6.15348633e-02+1.52826946e-01j,
           -7.99142092e-03+8.84678638e-03j],
          [-1.02823325e-02-6.03341321e-03j,
           -4.87833613e-02+1.57361998e-01j,
            9.75113011e-01-3.95084415e-02j,
            7.45388440e-02+1.21461581e-01j],
          [ 4.19175785e-04-3.93735443e-04j,
           -1.02823325e-02-6.03341321e-03j,
           -1.88946148e-02+1.41251366e-01j,
            9.20523801e-01-3.63571888e-01j]],
         input_dims=(2, 2), output_dims=(2, 2))"
"Operator([[ 9.20523801e-01-0.36357189j,  2.95292899e-02+0.13941656j,
           -1.17829369e-02+0.00181407j, -1.18990440e-04-0.00056265j],
          [ 2.95292899e-02+0.13941656j,  9.75113011e-01-0.03950844j,
            6.76696943e-03+0.16461113j, -1.17829369e-02+0.00181407j],
          [-1.17829369e-02+0.00181407j,  6.76696943e-03+0.16461113j,
            9.75113011e-01-0.03950844j,  2.95292899e-02+0.13941656j],
          [-1.18990440e-04-0.00056265j, -1.17829369e-02+0.00181407j,
            2.95292899e-02+0.13941656j,  9.20523801e-01-0.36357189j]],
         input_dims=(2, 2), output_dims=(2, 2))"
"Operator([[ 9.20523801e-01-0.36357189j,  1.25549191e-01+0.06742667j,
            3.75485315e-03+0.01131501j, -1.83908888e-04+0.0005449j ],
          [-8.74316999e-02+0.11253734j,  9.75113011e-01-0.03950844j,
            1.30102322e-01+0.10107423j,  3.75485315e-03+0.01131501j],
          [ 1.77591325e-04-0.01192044j, -1.21367270e-01+0.11141185j,
            9.75113011e-01-0.03950844j,  1.25549191e-01+0.06742667j],
          [ 3.88767746e-04+0.00042379j,  1.77591325e-04-0.01192044j,
           -8.74316999e-02+0.11253734j,  9.20523801e-01-0.36357189j]],
         input_dims=(2, 2), output_dims=(2, 2))"
"Operator([[ 9.20523801e-01-0.36357189j,  1.36738830e-01+0.04014283j,
            7.99467674e-03+0.00884384j,  1.67969344e-04+0.00055002j],
          [-1.08721998e-01+0.09213296j,  9.75113011e-01-0.03950844j,
            1.48119746e-01+0.0721329j ,  7.99467674e-03+0.00884384j],
          [ 4.96436712e-03-0.01083898j, -1.41699373e-01+0.08404702j,
            9.75113011e-01-0.03950844j,  1.36738830e-01+0.04014283j],
          [ 6.90910541e-05+0.00057093j,  4.96436712e-03-0.01083898j,
           -1.08721998e-01+0.09213296j,  9.20523801e-01-0.36357189j]],
         input_dims=(2, 2), output_dims=(2, 2))"
"Operator([[ 9.20523801e-01-0.36357189j,  2.95292899e-02+0.13941656j,
           -1.17829369e-02+0.00181407j, -1.18990440e-04-0.00056265j],
          [ 2.95292899e-02+0.13941656j,  9.75113011e-01-0.03950844j,
            6.76696943e-03+0.16461113j, -1.17829369e-02+0.00181407j],
          [-1.17829369e-02+0.00181407j,  6.76696943e-03+0.16461113j,
            9.75113011e-01-0.03950844j,  2.95292899e-02+0.13941656j],
          [-1.18990440e-04-0.00056265j, -1.17829369e-02+0.00181407j,
            2.95292899e-02+0.13941656j,  9.20523801e-01-0.36357189j]],
         input_dims=(2, 2), output_dims=(2, 2))"
"Operator([[ 9.20523801e-01-3.63571888e-01j,
            1.41469980e-01-1.71813769e-02j,
            1.19186179e-02+2.73833197e-04j,
            5.74221061e-04+3.17192514e-05j],
          [-1.36287505e-01+4.16493787e-02j,
            9.75113011e-01-3.95084415e-02j,
            1.64569934e-01+7.70399510e-03j,
            1.19186179e-02+2.73833197e-04j],
          [ 1.12843267e-02-3.84609009e-03j,
           -1.63382312e-01+2.11857255e-02j,
            9.75113011e-01-3.95084415e-02j,
            1.41469980e-01-1.71813769e-02j],
          [-5.12214807e-04+2.61480266e-04j,
            1.12843267e-02-3.84609009e-03j,
           -1.36287505e-01+4.16493787e-02j,
            9.20523801e-01-3.63571888e-01j]],
         input_dims=(2, 2), output_dims=(2, 2))"
"Operator([[ 9.20523801e-01-0.36357189j,  4.49810690e-02+0.13522447j,
           -1.10820434e-02+0.00439508j, -2.98447958e-04-0.00049159j],
          [ 1.37048047e-02+0.14184898j,  9.75113011e-01-0.03950844j,
            2.51884314e-02+0.16281326j, -1.10820434e-02+0.00439508j],
          [-1.18908305e-02-0.00085825j, -1.17399024e-02+0.16433134j,
            9.75113011e-01-0.03950844j,  4.49810690e-02+0.13522447j],
          [ 7.38702060e-05-0.00057033j, -1.18908305e-02-0.00085825j,
            1.37048047e-02+0.14184898j,  9.20523801e-01-0.36357189j]],
         input_dims=(2, 2), output_dims=(2, 2))"
"Operator([[ 9.20523801e-01-3.63571888e-01j,
            1.28459498e-01-6.17018012e-02j,
            9.62695288e-03-7.03208474e-03j,
            3.45842434e-04-4.59487703e-04j],
          [-1.42443913e-01-4.32278083e-03j,
            9.75113011e-01-3.95084415e-02j,
            1.58327428e-01-4.55526098e-02j,
            9.62695288e-03-7.03208474e-03j],
          [ 1.12962920e-02+3.81080368e-03j,
           -1.61532114e-01-3.24035609e-02j,
            9.75113011e-01-3.95084415e-02j,
            1.28459498e-01-6.17018012e-02j],
          [-5.02257894e-04-2.80130230e-04j,
            1.12962920e-02+3.81080368e-03j,
           -1.42443913e-01-4.32278083e-03j,
            9.20523801e-01-3.63571888e-01j]],
         input_dims=(2, 2), output_dims=(2, 2))"
"Operator([[ 9.20523801e-01-0.36357189j,  2.58013745e-02+0.14015436j,
           -1.18628886e-02+0.00118335j, -7.36447080e-05-0.00057036j],
          [ 3.32362070e-02+0.13857961j,  9.75113011e-01-0.03950844j,
            2.37535675e-03+0.16473303j, -1.18628886e-02+0.00118335j],
          [-1.16694757e-02+0.00243963j,  1.11537701e-02+0.16437216j,
            9.75113011e-01-0.03950844j,  2.58013745e-02+0.14015436j],
          [-1.63575006e-04-0.00055134j, -1.16694757e-02+0.00243963j,
            3.32362070e-02+0.13857961j,  9.20523801e-01-0.36357189j]],
         input_dims=(2, 2), output_dims=(2, 2))"
"Operator([[ 9.20523801e-01-0.36357189j,  1.37984155e-01+0.03562763j,
            8.55835045e-03+0.00829958j,  2.21299848e-04+0.00053081j],
          [-1.11690961e-01+0.08851036j,  9.75113011e-01-0.03950844j,
            1.50410186e-01+0.06722641j,  8.55835045e-03+0.00829958j],
          [ 5.66564377e-03-0.01048947j, -1.44384804e-01+0.07934509j,
            9.75113011e-01-0.03950844j,  1.37984155e-01+0.03562763j],
          [ 1.25504798e-05+0.00057496j,  5.66564377e-03-0.01048947j,
           -1.11690961e-01+0.08851036j,  9.20523801e-01-0.36357189j]],
         input_dims=(2, 2), output_dims=(2, 2))"
