unitary
"Operator([[-0.1739374 +0.70686762j, -0.41470211+0.09094628j,
           -0.3340905 -0.28132427j, -0.27957535+0.14461223j],
          [ 0.32490576+0.27328613j,  0.03843495+0.25873113j,
            0.72992854-0.16666256j, -0.3340905 -0.28132427j],
          [ 0.35766081-0.25067619j, -0.5770958 -0.47700369j,
            0.03843495+0.25873113j, -0.41470211+0.09094628j],
          [-0.20216407+0.24125664j,  0.35766081-0.25067619j,
            0.32490576+0.27328613j, -0.1739374 +0.70686762j]],
         input_dims=(2, 2), output_dims=(2, 2))"
"Operator([[-0.1739374 +0.70686762j,  0.40293256+0.13377001j,
            0.08759644-0.42788629j,  0.13374641+0.28493328j],
          [-0.41893756-0.06885044j,  0.03843495+0.25873113j,
           -0.7125783 -0.22979174j,  0.08759644-0.42788629j],
          [-0.04941244-0.43395647j,  0.7398187 +0.11506681j,
            0.03843495+0.25873113j,  0.40293256+0.13377001j],
          [-0.24885768-0.19273021j, -0.04941244-0.43395647j,
           -0.41893756-0.06885044j, -0.1739374 +0.70686762j]],
         input_dims=(2, 2), output_dims=(2, 2))"
"Operator([[-0.1739374 +0.70686762j,  0.15329472+0.3959164j ,
            0.40349523+0.16718675j, -0.25380533-0.18616641j],
          [-0.31975779+0.279292j  ,  0.03843495+0.25873113j,
           -0.2763263 -0.69585621j,  0.40349523+0.16718675j],
          [-0.41669967+0.13084797j,  0.55964526-0.49736231j,
            0.03843495+0.25873113j,  0.15329472+0.3959164j ],
          [ 0.12626073+0.28832847j, -0.41669967+0.13084797j,
           -0.31975779+0.279292j  , -0.1739374 +0.70686762j]],
         input_dims=(2, 2), output_dims=(2, 2))"
"Operator([[-0.1739374 +0.70686762j, -0.42309306-0.03523248j,
           -0.11775643-0.42058677j, -0.28746333-0.12821822j],
          [ 0.39098556+0.16546708j,  0.03843495+0.25873113j,
            0.74663735+0.05572026j, -0.11775643-0.42058677j],
          [ 0.15449027-0.40852487j, -0.69199062-0.28586896j,
            0.03843495+0.25873113j, -0.42309306-0.03523248j],
          [ 0.06236191+0.3085224j ,  0.15449027-0.40852487j,
            0.39098556+0.16546708j, -0.1739374 +0.70686762j]],
         input_dims=(2, 2), output_dims=(2, 2))"
"Operator([[-0.1739374 +0.70686762j, -0.2104987 -0.36869956j,
            0.43482777+0.04104411j,  0.30940201+0.05784008j],
          [ 0.35775556-0.22860451j,  0.03843495+0.25873113j,
            0.37679029+0.64699394j,  0.43482777+0.04104411j],
          [-0.43675383+0.00242864j, -0.62742043+0.40855317j,
            0.03843495+0.25873113j, -0.2104987 -0.36869956j],
          [ 0.01110825-0.31456586j, -0.43675383+0.00242864j,
            0.35775556-0.22860451j, -0.1739374 +0.70686762j]],
         input_dims=(2, 2), output_dims=(2, 2))"
"Operator([[-0.1739374 +0.70686762j,  0.10162579-0.41221507j,
           -0.01933174+0.43633255j, -0.24566899+0.19677861j],
          [ 0.10162579-0.41221507j,  0.03843495+0.25873113j,
           -0.17296637+0.72846051j, -0.01933174+0.43633255j],
          [-0.01933174+0.43633255j, -0.17296637+0.72846051j,
            0.03843495+0.25873113j,  0.10162579-0.41221507j],
          [-0.24566899+0.19677861j, -0.01933174+0.43633255j,
            0.10162579-0.41221507j, -0.1739374 +0.70686762j]],
         input_dims=(2, 2), output_dims=(2, 2))"
"Operator([[-0.1739374 +0.70686762j,  0.10162579-0.41221507j,
           -0.01933174+0.43633255j, -0.24566899+0.19677861j],
          [ 0.10162579-0.41221507j,  0.03843495+0.25873113j,
           -0.17296637+0.72846051j, -0.01933174+0.43633255j],
          [-0.01933174+0.43633255j, -0.17296637+0.72846051j,
            0.03843495+0.25873113j,  0.10162579-0.41221507j],
          [-0.24566899+0.19677861j, -0.01933174+0.43633255j,
            0.10162579-0.41221507j, -0.1739374 +0.70686762j]],
         input_dims=(2, 2), output_dims=(2, 2))"
