unitary
"Operator([[ 0.57532448-0.74905336j,  0.15581789+0.28151575j,
           -0.06144206+0.02357565j, -0.00370673-0.00676778j],
          [ 0.15581789+0.28151575j,  0.8642233 -0.07169777j,
            0.0343219 +0.37274422j, -0.06144206+0.02357565j],
          [-0.06144206+0.02357565j,  0.0343219 +0.37274422j,
            0.8642233 -0.07169777j,  0.15581789+0.28151575j],
          [-0.00370673-0.00676778j, -0.06144206+0.02357565j,
            0.15581789+0.28151575j,  0.57532448-0.74905336j]],
         input_dims=(2, 2), output_dims=(2, 2))"
"Operator([[ 5.75324479e-01-0.74905336j,  1.21055116e-01-0.29812077j,
           -1.01395713e-02-0.06502405j, -6.36051705e-03-0.00436882j],
          [-3.16901119e-01-0.05571366j,  8.64223300e-01-0.07169777j,
            2.68371106e-01-0.26094673j, -1.01395713e-02-0.06502405j],
          [ 3.59591625e-02+0.05511694j, -3.11509974e-01-0.20755188j,
            8.64223300e-01-0.07169777j,  1.21055116e-01-0.29812077j],
          [-2.56259827e-04-0.00771214j,  3.59591625e-02+0.05511694j,
           -3.16901119e-01-0.05571366j,  5.75324479e-01-0.74905336j]],
         input_dims=(2, 2), output_dims=(2, 2))"
"Operator([[ 0.57532448-0.74905336j,  0.15581789+0.28151575j,
           -0.06144206+0.02357565j, -0.00370673-0.00676778j],
          [ 0.15581789+0.28151575j,  0.8642233 -0.07169777j,
            0.0343219 +0.37274422j, -0.06144206+0.02357565j],
          [-0.06144206+0.02357565j,  0.0343219 +0.37274422j,
            0.8642233 -0.07169777j,  0.15581789+0.28151575j],
          [-0.00370673-0.00676778j, -0.06144206+0.02357565j,
            0.15581789+0.28151575j,  0.57532448-0.74905336j]],
         input_dims=(2, 2), output_dims=(2, 2))"
"Operator([[ 0.57532448-0.74905336j, -0.1557119 -0.28157439j,
           -0.0614598 +0.02352938j,  0.00369909+0.00677197j],
          [-0.15592386-0.28145707j,  0.8642233 -0.07169777j,
           -0.03418157-0.37275712j, -0.0614598 +0.02352938j],
          [-0.06142429+0.0236219j , -0.03446223-0.37273127j,
            0.8642233 -0.07169777j, -0.1557119 -0.28157439j],
          [ 0.00371438+0.00676359j, -0.06142429+0.0236219j ,
           -0.15592386-0.28145707j,  0.57532448-0.74905336j]],
         input_dims=(2, 2), output_dims=(2, 2))"
"Operator([[ 0.57532448-0.74905336j, -0.08820455-0.30943544j,
           -0.06554766-0.00586871j, -0.00139996+0.00758834j],
          [-0.21537762-0.23904563j,  0.8642233 -0.07169777j,
            0.05075757-0.37086374j, -0.06554766-0.00586871j],
          [-0.04479781+0.04820886j, -0.11762742-0.35535903j,
            0.8642233 -0.07169777j, -0.08820455-0.30943544j],
          [ 0.00714805+0.00290657j, -0.04479781+0.04820886j,
           -0.21537762-0.23904563j,  0.57532448-0.74905336j]],
         input_dims=(2, 2), output_dims=(2, 2))"
