theta
0.5882183952244784
