unitary
"Operator([[-0.54049164+0.48893212j, -0.3872134 -0.24747341j,
           -0.10687286-0.42889958j, -0.21851746-0.1204588j ],
          [ 0.23523384+0.39476873j,  0.10994311+0.24837607j,
            0.71495607-0.09222629j, -0.10687286-0.42889958j],
          [ 0.27973699-0.34223366j, -0.68046397-0.23798457j,
            0.10994311+0.24837607j, -0.3872134 -0.24747341j],
          [-0.08019337+0.23628209j,  0.27973699-0.34223366j,
            0.23523384+0.39476873j, -0.54049164+0.48893212j]],
         input_dims=(2, 2), output_dims=(2, 2))"
"Operator([[-0.54049164+0.48893212j,  0.32998968-0.31981888j,
           -0.09668634+0.43131011j, -0.23264362+0.09020614j],
          [ 0.32998968-0.31981888j,  0.10994311+0.24837607j,
           -0.07489189+0.71697914j, -0.09668634+0.43131011j],
          [-0.09668634+0.43131011j, -0.07489189+0.71697914j,
            0.10994311+0.24837607j,  0.32998968-0.31981888j],
          [-0.23264362+0.09020614j, -0.09668634+0.43131011j,
            0.32998968-0.31981888j, -0.54049164+0.48893212j]],
         input_dims=(2, 2), output_dims=(2, 2))"
"Operator([[-0.54049164+0.48893212j, -0.30977276-0.33943798j,
            0.12238546-0.4247334j , -0.06892289-0.23981209j],
          [ 0.32957696+0.32024418j,  0.10994311+0.24837607j,
            0.71440896+0.09637277j,  0.12238546-0.4247334j ],
          [ 0.07063897-0.43633335j, -0.71890357-0.05334356j,
            0.10994311+0.24837607j, -0.30977276-0.33943798j],
          [ 0.11075863+0.22359054j,  0.07063897-0.43633335j,
            0.32957696+0.32024418j, -0.54049164+0.48893212j]],
         input_dims=(2, 2), output_dims=(2, 2))"
"Operator([[-0.54049164+0.48893212j,  0.40306801+0.22071131j,
           -0.16379218-0.41054693j,  0.23832386+0.07390494j],
          [-0.20798866-0.40977802j,  0.10994311+0.24837607j,
           -0.70707902+0.1403821j , -0.16379218-0.41054693j],
          [ 0.32337495-0.30133918j,  0.66280533+0.28347306j,
            0.10994311+0.24837607j,  0.40306801+0.22071131j],
          [ 0.12620612-0.2152492j ,  0.32337495-0.30133918j,
           -0.20798866-0.40977802j, -0.54049164+0.48893212j]],
         input_dims=(2, 2), output_dims=(2, 2))"
"Operator([[-0.54049164+0.48893212j,  0.32998968-0.31981888j,
           -0.09668634+0.43131011j, -0.23264362+0.09020614j],
          [ 0.32998968-0.31981888j,  0.10994311+0.24837607j,
           -0.07489189+0.71697914j, -0.09668634+0.43131011j],
          [-0.09668634+0.43131011j, -0.07489189+0.71697914j,
            0.10994311+0.24837607j,  0.32998968-0.31981888j],
          [-0.23264362+0.09020614j, -0.09668634+0.43131011j,
            0.32998968-0.31981888j, -0.54049164+0.48893212j]],
         input_dims=(2, 2), output_dims=(2, 2))"
"Operator([[-0.54049164+0.48893212j, -0.43021879-0.16152121j,
           -0.27214412-0.34830193j, -0.24758   +0.03105394j],
          [ 0.14797783+0.43506306j,  0.10994311+0.24837607j,
            0.68013648-0.23891892j, -0.27214412-0.34830193j],
          [ 0.39478666-0.19879676j, -0.61608126-0.37431505j,
            0.10994311+0.24837607j, -0.43021879-0.16152121j],
          [-0.20379921+0.14396557j,  0.39478666-0.19879676j,
            0.14797783+0.43506306j, -0.54049164+0.48893212j]],
         input_dims=(2, 2), output_dims=(2, 2))"
