unitary
"Operator([[-0.18022564-0.82166568j,  0.4137995 +0.27911324j,
           -0.15693415+0.12832648j, -0.03761045-0.02719267j],
          [ 0.4137995 +0.27911324j,  0.59419143-0.02890261j,
            0.07778015+0.59145684j, -0.15693415+0.12832648j],
          [-0.15693415+0.12832648j,  0.07778015+0.59145684j,
            0.59419143-0.02890261j,  0.4137995 +0.27911324j],
          [-0.03761045-0.02719267j, -0.15693415+0.12832648j,
            0.4137995 +0.27911324j, -0.18022564-0.82166568j]],
         input_dims=(2, 2), output_dims=(2, 2))"
"Operator([[-0.18022564-0.82166568j, -0.4910046 +0.08971461j,
            0.12476005+0.15978405j, -0.00581467-0.04604538j],
          [-0.10074845-0.48885988j,  0.59419143-0.02890261j,
           -0.46910217-0.36852965j,  0.12476005+0.15978405j],
          [-0.13182783-0.15400467j,  0.35787283-0.47728187j,
            0.59419143-0.02890261j, -0.4910046 +0.08971461j],
          [-0.04554779+0.00890989j, -0.13182783-0.15400467j,
           -0.10074845-0.48885988j, -0.18022564-0.82166568j]],
         input_dims=(2, 2), output_dims=(2, 2))"
"Operator([[-0.18022564-0.82166568j,  0.4137995 +0.27911324j,
           -0.15693415+0.12832648j, -0.03761045-0.02719267j],
          [ 0.4137995 +0.27911324j,  0.59419143-0.02890261j,
            0.07778015+0.59145684j, -0.15693415+0.12832648j],
          [-0.15693415+0.12832648j,  0.07778015+0.59145684j,
            0.59419143-0.02890261j,  0.4137995 +0.27911324j],
          [-0.03761045-0.02719267j, -0.15693415+0.12832648j,
            0.4137995 +0.27911324j, -0.18022564-0.82166568j]],
         input_dims=(2, 2), output_dims=(2, 2))"
"Operator([[-0.18022564-0.82166568j,  0.03512981-0.4978957j ,
           -0.03241743-0.20011278j, -0.03755953-0.02726297j],
          [-0.44848241+0.21908389j,  0.59419143-0.02890261j,
            0.47355284-0.36279286j, -0.03241743-0.20011278j],
          [ 0.18969037+0.07150927j, -0.55124899-0.22802522j,
            0.59419143-0.02890261j,  0.03512981-0.4978957j ],
          [-0.03766124-0.02712229j,  0.18969037+0.07150927j,
           -0.44848241+0.21908389j, -0.18022564-0.82166568j]],
         input_dims=(2, 2), output_dims=(2, 2))"
