unitary
"Operator([[ 8.69959337e-01-0.45800519j,  4.82361054e-02+0.17518533j,
           -1.92166063e-02+0.00382314j, -3.22371794e-04-0.00117384j],
          [ 4.82361054e-02+0.17518533j,  9.59166425e-01-0.04901741j,
            1.09970339e-02+0.20994192j, -1.92166063e-02+0.00382314j],
          [-1.92166063e-02+0.00382314j,  1.09970339e-02+0.20994192j,
            9.59166425e-01-0.04901741j,  4.82361054e-02+0.17518533j],
          [-3.22371794e-04-0.00117384j, -1.92166063e-02+0.00382314j,
            4.82361054e-02+0.17518533j,  8.69959337e-01-0.45800519j]],
         input_dims=(2, 2), output_dims=(2, 2))"
"Operator([[ 8.69959337e-01-0.45800519j,  4.82361054e-02+0.17518533j,
           -1.92166063e-02+0.00382314j, -3.22371794e-04-0.00117384j],
          [ 4.82361054e-02+0.17518533j,  9.59166425e-01-0.04901741j,
            1.09970339e-02+0.20994192j, -1.92166063e-02+0.00382314j],
          [-1.92166063e-02+0.00382314j,  1.09970339e-02+0.20994192j,
            9.59166425e-01-0.04901741j,  4.82361054e-02+0.17518533j],
          [-3.22371794e-04-0.00117384j, -1.92166063e-02+0.00382314j,
            4.82361054e-02+0.17518533j,  8.69959337e-01-0.45800519j]],
         input_dims=(2, 2), output_dims=(2, 2))"
"Operator([[ 8.69959337e-01-0.45800519j, -1.15004619e-01+0.14067892j,
            2.75014721e-03-0.01939925j,  6.33777720e-04+0.00103931j],
          [ 1.70806176e-01+0.06198284j,  9.59166425e-01-0.04901741j,
           -1.64896766e-01+0.13040553j,  2.75014721e-03-0.01939925j],
          [ 9.96579618e-03+0.01686942j,  1.77618598e-01+0.11246412j,
            9.59166425e-01-0.04901741j, -1.15004619e-01+0.14067892j],
          [-1.40684122e-05+0.00121722j,  9.96579618e-03+0.01686942j,
            1.70806176e-01+0.06198284j,  8.69959337e-01-0.45800519j]],
         input_dims=(2, 2), output_dims=(2, 2))"
"Operator([[ 0.86995934-4.58005189e-01j, -0.04326602+1.76478535e-01j,
           -0.01334071-1.43499041e-02j,  0.00115872-3.73086189e-04j],
          [ 0.12750366+1.29458247e-01j,  0.95916643-4.90174130e-02j,
           -0.09272271+1.88677087e-01j, -0.01334071-1.43499041e-02j],
          [-0.00683242+1.83633460e-02j,  0.1119275 +1.77957239e-01j,
            0.95916643-4.90174130e-02j, -0.04326602+1.76478535e-01j],
          [-0.00118675+2.71048132e-04j, -0.00683242+1.83633460e-02j,
            0.12750366+1.29458247e-01j,  0.86995934-4.58005189e-01j]],
         input_dims=(2, 2), output_dims=(2, 2))"
"Operator([[ 8.69959337e-01-0.45800519j,  5.26811152e-02+0.17390032j,
           -1.89970585e-02+0.00479647j, -4.11020794e-04-0.00114582j],
          [ 4.37598173e-02+0.17635674j,  9.59166425e-01-0.04901741j,
            1.63391056e-02+0.20959384j, -1.89970585e-02+0.00479647j],
          [-1.93863187e-02+0.0028399j ,  5.64783131e-03+0.21015387j,
            9.59166425e-01-0.04901741j,  5.26811152e-02+0.17390032j],
          [-2.31842252e-04-0.00119502j, -1.93863187e-02+0.0028399j ,
            4.37598173e-02+0.17635674j,  8.69959337e-01-0.45800519j]],
         input_dims=(2, 2), output_dims=(2, 2))"
"Operator([[ 0.86995934-4.58005189e-01j,  0.1431013 +1.11976063e-01j,
           -0.00191979+1.94989425e-02j, -0.00099662+6.98980956e-04j],
          [-0.06561406+1.69444438e-01j,  0.95916643-4.90174130e-02j,
            0.13389504+1.62076101e-01j, -0.00191979+1.94989425e-02j],
          [-0.00923683-1.72793331e-02j, -0.11622923+1.75177939e-01j,
            0.95916643-4.90174130e-02j,  0.1431013 +1.11976063e-01j],
          [ 0.00121383+9.19259999e-05j, -0.00923683-1.72793331e-02j,
           -0.06561406+1.69444438e-01j,  0.86995934-4.58005189e-01j]],
         input_dims=(2, 2), output_dims=(2, 2))"
"Operator([[ 8.69959337e-01-0.45800519j,  1.79024312e-01+0.0310953j ,
            1.51741108e-02+0.01239519j,  6.01502511e-04+0.00105831j],
          [-1.37875154e-01+0.11835144j,  9.59166425e-01-0.04901741j,
            1.94576661e-01+0.07960193j,  1.51741108e-02+0.01239519j],
          [ 9.27437023e-03-0.01725921j, -1.85195334e-01+0.09949489j,
            9.59166425e-01-0.04901741j,  1.79024312e-01+0.0310953j ],
          [ 2.33872325e-05+0.00121708j,  9.27437023e-03-0.01725921j,
           -1.37875154e-01+0.11835144j,  8.69959337e-01-0.45800519j]],
         input_dims=(2, 2), output_dims=(2, 2))"
"Operator([[ 8.69959337e-01-4.58005189e-01j,
            1.81151494e-01-1.41689149e-02j,
            1.92593528e-02+3.60162471e-03j,
            1.16153714e-03+3.64228650e-04j],
          [-1.62872328e-01+8.05557364e-02j,
            9.59166425e-01-4.90174130e-02j,
            2.08222572e-01+2.89811229e-02j,
            1.92593528e-02+3.60162471e-03j],
          [ 1.64142672e-02-1.06988880e-02j,
           -2.04055225e-01+5.05767760e-02j,
            9.59166425e-01-4.90174130e-02j,
            1.81151494e-01-1.41689149e-02j],
          [-8.12590117e-04+9.06382010e-04j,
            1.64142672e-02-1.06988880e-02j,
           -1.62872328e-01+8.05557364e-02j,
            8.69959337e-01-4.58005189e-01j]],
         input_dims=(2, 2), output_dims=(2, 2))"
"Operator([[ 8.69959337e-01-0.45800519j,  4.82361054e-02+0.17518533j,
           -1.92166063e-02+0.00382314j, -3.22371794e-04-0.00117384j],
          [ 4.82361054e-02+0.17518533j,  9.59166425e-01-0.04901741j,
            1.09970339e-02+0.20994192j, -1.92166063e-02+0.00382314j],
          [-1.92166063e-02+0.00382314j,  1.09970339e-02+0.20994192j,
            9.59166425e-01-0.04901741j,  4.82361054e-02+0.17518533j],
          [-3.22371794e-04-0.00117384j, -1.92166063e-02+0.00382314j,
            4.82361054e-02+0.17518533j,  8.69959337e-01-0.45800519j]],
         input_dims=(2, 2), output_dims=(2, 2))"
"Operator([[ 8.69959337e-01-0.45800519j,  1.81188925e-01+0.01368194j,
            1.72718304e-02+0.00925085j,  8.78865749e-04+0.00084227j],
          [-1.48648213e-01+0.10450039j,  9.59166425e-01-0.04901741j,
            2.01347616e-01+0.06046224j,  1.72718304e-02+0.00925085j],
          [ 1.24158485e-02-0.01515721j, -1.93928872e-01+0.08116734j,
            9.59166425e-01-0.04901741j,  1.81188925e-01+0.01368194j],
          [-3.25411062e-04+0.001173j  ,  1.24158485e-02-0.01515721j,
           -1.48648213e-01+0.10450039j,  8.69959337e-01-0.45800519j]],
         input_dims=(2, 2), output_dims=(2, 2))"
"Operator([[ 8.69959337e-01-0.45800519j,  1.67683123e-01+0.0699928j ,
            8.32709922e-03+0.01773566j, -1.86140097e-04+0.00120299j],
          [-1.08221606e-01+0.14596132j,  9.59166425e-01-0.04901741j,
            1.72100094e-01+0.12073981j,  8.32709922e-03+0.01773566j],
          [ 9.04678162e-04-0.01957233j, -1.58543851e-01+0.13805938j,
            9.59166425e-01-0.04901741j,  1.67683123e-01+0.0699928j ],
          [ 7.74443949e-04+0.00093918j,  9.04678162e-04-0.01957233j,
           -1.08221606e-01+0.14596132j,  8.69959337e-01-0.45800519j]],
         input_dims=(2, 2), output_dims=(2, 2))"
"Operator([[ 0.86995934-4.58005189e-01j,  0.14029511+1.15472526e-01j,
           -0.00287931+1.93805046e-02j, -0.00104559+6.23361710e-04j],
          [-0.06141361+1.71011668e-01j,  0.95916643-4.90174130e-02j,
            0.1298556 +1.65330180e-01j, -0.00287931+1.93805046e-02j],
          [-0.01007794-1.68026604e-02j, -0.11187192+1.77992185e-01j,
            0.95916643-4.90174130e-02j,  0.14029511+1.15472526e-01j],
          [ 0.0012173 +1.90564791e-06j, -0.01007794-1.68026604e-02j,
           -0.06141361+1.71011668e-01j,  0.86995934-4.58005189e-01j]],
         input_dims=(2, 2), output_dims=(2, 2))"
"Operator([[ 0.86995934-4.58005189e-01j,  0.1767347 -4.22074246e-02j,
            0.01943326-2.49854497e-03j,  0.00120072-2.00241404e-04j],
          [-0.17343038+5.42081804e-02j,  0.95916643-4.90174130e-02j,
            0.2101954 -3.79973457e-03j,  0.01943326-2.49854497e-03j],
          [ 0.01890977-5.12979821e-03j, -0.20944207+1.81814280e-02j,
            0.95916643-4.90174130e-02j,  0.1767347 -4.22074246e-02j],
          [-0.00113458+4.41100069e-04j,  0.01890977-5.12979821e-03j,
           -0.17343038+5.42081804e-02j,  0.86995934-4.58005189e-01j]],
         input_dims=(2, 2), output_dims=(2, 2))"
"Operator([[ 0.86995934-4.58005189e-01j, -0.12133119-1.35260355e-01j,
           -0.00851266+1.76473514e-02j,  0.00121294-1.02942958e-04j],
          [ 0.03499354-1.78303321e-01j,  0.95916643-4.90174130e-02j,
           -0.10351148-1.82980652e-01j, -0.00851266+1.76473514e-02j],
          [-0.01461896-1.30453176e-02j,  0.08382792-1.92793736e-01j,
            0.95916643-4.90174130e-02j, -0.12133119-1.35260355e-01j],
          [-0.00109539+5.30993216e-04j, -0.01461896-1.30453176e-02j,
            0.03499354-1.78303321e-01j,  0.86995934-4.58005189e-01j]],
         input_dims=(2, 2), output_dims=(2, 2))"
