unitary
"Operator([[ 8.86340847e-01-0.43033515j, -7.61902788e-02-0.15203027j,
           -1.40055098e-02+0.00981148j,  7.71240588e-04+0.00062236j],
          [-6.25250288e-03-0.16993843j,  9.64342661e-01-0.04628868j,
           -5.11164324e-02-0.18993978j, -1.40055098e-02+0.00981148j],
          [-1.65917116e-02-0.00413939j,  3.22890459e-02-0.19402944j,
            9.64342661e-01-0.04628868j, -7.61902788e-02-0.15203027j],
          [-3.78205001e-04+0.00091603j, -1.65917116e-02-0.00413939j,
           -6.25250288e-03-0.16993843j,  8.86340847e-01-0.43033515j]],
         input_dims=(2, 2), output_dims=(2, 2))"
"Operator([[ 8.86340847e-01-4.30335148e-01j,
           -1.24986690e-01-1.15310406e-01j,
           -4.02413944e-03+1.66200399e-02j,
            9.11153626e-04-3.89805837e-04j],
          [ 5.41866405e-02-1.61189238e-01j,
            9.64342661e-01-4.62886825e-02j,
           -1.14922367e-01-1.59633510e-01j,
           -4.02413944e-03+1.66200399e-02j],
          [-9.71404258e-03-1.40732655e-02j,
            9.87538209e-02-1.70110819e-01j,
            9.64342661e-01-4.62886825e-02j,
           -1.24986690e-01-1.15310406e-01j],
          [-9.86470041e-04+9.50072533e-05j,
           -9.71404258e-03-1.40732655e-02j,
            5.41866405e-02-1.61189238e-01j,
            8.86340847e-01-4.30335148e-01j]],
         input_dims=(2, 2), output_dims=(2, 2))"
"Operator([[ 8.86340847e-01-0.43033515j, -1.51875810e-01-0.07649772j,
            5.37212549e-03+0.01623452j,  3.21947386e-04-0.00093728j],
          [ 9.64202929e-02-0.14007601j,  9.64342661e-01-0.04628868j,
           -1.54387024e-01-0.12187967j,  5.37212549e-03+0.01623452j],
          [-8.03950212e-04-0.01708137j,  1.41722696e-01-0.13639899j,
            9.64342661e-01-0.04628868j, -1.51875810e-01-0.07649772j],
          [-7.32071432e-04-0.000668j  , -8.03950212e-04-0.01708137j,
            9.64202929e-02-0.14007601j,  8.86340847e-01-0.43033515j]],
         input_dims=(2, 2), output_dims=(2, 2))"
"Operator([[ 8.86340847e-01-0.43033515j,  4.21826807e-02+0.16473853j,
           -1.68138086e-02+0.00311693j, -2.45314235e-04-0.00096019j],
          [ 4.21826807e-02+0.16473853j,  9.64342661e-01-0.04628868j,
            9.63322217e-03+0.19646172j, -1.68138086e-02+0.00311693j],
          [-1.68138086e-02+0.00311693j,  9.63322217e-03+0.19646172j,
            9.64342661e-01-0.04628868j,  4.21826807e-02+0.16473853j],
          [-2.45314235e-04-0.00096019j, -1.68138086e-02+0.00311693j,
            4.21826807e-02+0.16473853j,  8.86340847e-01-0.43033515j]],
         input_dims=(2, 2), output_dims=(2, 2))"
"Operator([[ 8.86340847e-01-0.43033515j, -1.70021860e-01-0.00327556j,
            1.60246449e-02+0.0059691j , -8.39831064e-04-0.00052615j],
          [ 1.47524199e-01-0.08458589j,  9.64342661e-01-0.04628868j,
           -1.91916350e-01-0.04310595j,  1.60246449e-02+0.0059691j ],
          [ 1.28202794e-02-0.01131635j,  1.86778578e-01-0.06167472j,
            9.64342661e-01-0.04628868j, -1.70021860e-01-0.00327556j],
          [ 4.84540474e-04-0.00086451j,  1.28202794e-02-0.01131635j,
            1.47524199e-01-0.08458589j,  8.86340847e-01-0.43033515j]],
         input_dims=(2, 2), output_dims=(2, 2))"
"Operator([[ 8.86340847e-01-4.30335148e-01j,
           -1.65601367e-01+3.86568196e-02j,
            1.69315164e-02-2.39649283e-03j,
           -9.73923513e-04+1.83364422e-04j],
          [ 1.63800636e-01-4.56893218e-02j,
            9.64342661e-01-4.62886825e-02j,
           -1.96622582e-01+5.43766282e-03j,
            1.69315164e-02-2.39649283e-03j],
          [ 1.66654604e-02-3.83169084e-03j,
            1.96211351e-01-1.38243923e-02j,
            9.64342661e-01-4.62886825e-02j,
           -1.65601367e-01+3.86568196e-02j],
          [ 9.42526033e-04-3.06258384e-04j,
            1.66654604e-02-3.83169084e-03j,
            1.63800636e-01-4.56893218e-02j,
            8.86340847e-01-4.30335148e-01j]],
         input_dims=(2, 2), output_dims=(2, 2))"
"Operator([[ 8.86340847e-01-0.43033515j,  4.21826807e-02+0.16473853j,
           -1.68138086e-02+0.00311693j, -2.45314235e-04-0.00096019j],
          [ 4.21826807e-02+0.16473853j,  9.64342661e-01-0.04628868j,
            9.63322217e-03+0.19646172j, -1.68138086e-02+0.00311693j],
          [-1.68138086e-02+0.00311693j,  9.63322217e-03+0.19646172j,
            9.64342661e-01-0.04628868j,  4.21826807e-02+0.16473853j],
          [-2.45314235e-04-0.00096019j, -1.68138086e-02+0.00311693j,
            4.21826807e-02+0.16473853j,  8.86340847e-01-0.43033515j]],
         input_dims=(2, 2), output_dims=(2, 2))"
"Operator([[ 8.86340847e-01-0.43033515j,  4.21826807e-02+0.16473853j,
           -1.68138086e-02+0.00311693j, -2.45314235e-04-0.00096019j],
          [ 4.21826807e-02+0.16473853j,  9.64342661e-01-0.04628868j,
            9.63322217e-03+0.19646172j, -1.68138086e-02+0.00311693j],
          [-1.68138086e-02+0.00311693j,  9.63322217e-03+0.19646172j,
            9.64342661e-01-0.04628868j,  4.21826807e-02+0.16473853j],
          [-2.45314235e-04-0.00096019j, -1.68138086e-02+0.00311693j,
            4.21826807e-02+0.16473853j,  8.86340847e-01-0.43033515j]],
         input_dims=(2, 2), output_dims=(2, 2))"
"Operator([[ 8.86340847e-01-4.30335148e-01j,
           -1.66358342e-01+3.52571206e-02j,
            1.70154545e-02-1.70109765e-03j,
           -9.83345392e-04+1.23212662e-04j],
          [ 1.62830541e-01-4.90344497e-02j,
            9.64342661e-01-4.62886825e-02j,
           -1.96692707e-01+1.40960283e-03j,
            1.70154545e-02-1.70109765e-03j],
          [ 1.64945631e-02-4.51096561e-03j,
            1.95887066e-01-1.78399899e-02j,
            9.64342661e-01-4.62886825e-02j,
           -1.66358342e-01+3.52571206e-02j],
          [ 9.21940900e-04-3.63558109e-04j,
            1.64945631e-02-4.51096561e-03j,
            1.62830541e-01-4.90344497e-02j,
            8.86340847e-01-4.30335148e-01j]],
         input_dims=(2, 2), output_dims=(2, 2))"
"Operator([[ 8.86340847e-01-4.30335148e-01j,
           -1.69625485e-01+1.20564170e-02j,
            1.68357147e-02+2.99635338e-03j,
           -9.49932413e-04-2.82449872e-04j],
          [ 1.54545236e-01-7.09502109e-02j,
            9.64342661e-01-4.62886825e-02j,
           -1.95019572e-01-2.56393196e-02j,
            1.68357147e-02+2.99635338e-03j],
          [ 1.46430095e-02-8.83185691e-03j,
            1.91575708e-01-4.45954711e-02j,
            9.64342661e-01-4.62886825e-02j,
           -1.69625485e-01+1.20564170e-02j],
          [ 6.98042385e-04-7.03481591e-04j,
            1.46430095e-02-8.83185691e-03j,
            1.54545236e-01-7.09502109e-02j,
            8.86340847e-01-4.30335148e-01j]],
         input_dims=(2, 2), output_dims=(2, 2))"
