unitary
"Operator([[ 0.6959921 +0.23858773j,  0.20169069-0.4180607j ,
           -0.08765213-0.25031j   ,  0.41526443-0.02084401j],
          [-0.22957865+0.40341979j, -0.17174122+0.0355456j ,
           -0.76743099-0.30740734j, -0.08765213-0.25031j   ],
          [-0.05297262-0.25986899j,  0.74481614+0.35874575j,
           -0.17174122+0.0355456j ,  0.20169069-0.4180607j ],
          [-0.41090095-0.06355651j, -0.05297262-0.25986899j,
           -0.22957865+0.40341979j,  0.6959921 +0.23858773j]],
         input_dims=(2, 2), output_dims=(2, 2))"
"Operator([[ 0.6959921 +0.23858773j, -0.41097686-0.21575889j,
            0.07047463+0.25567815j, -0.0214674 +0.41523267j],
          [-0.41097686-0.21575889j, -0.17174122+0.0355456j ,
           -0.33326842+0.75655915j,  0.07047463+0.25567815j],
          [ 0.07047463+0.25567815j, -0.33326842+0.75655915j,
           -0.17174122+0.0355456j , -0.41097686-0.21575889j],
          [-0.0214674 +0.41523267j,  0.07047463+0.25567815j,
           -0.41097686-0.21575889j,  0.6959921 +0.23858773j]],
         input_dims=(2, 2), output_dims=(2, 2))"
"Operator([[ 0.6959921 +0.23858773j, -0.41097686-0.21575889j,
            0.07047463+0.25567815j, -0.0214674 +0.41523267j],
          [-0.41097686-0.21575889j, -0.17174122+0.0355456j ,
           -0.33326842+0.75655915j,  0.07047463+0.25567815j],
          [ 0.07047463+0.25567815j, -0.33326842+0.75655915j,
           -0.17174122+0.0355456j , -0.41097686-0.21575889j],
          [-0.0214674 +0.41523267j,  0.07047463+0.25567815j,
           -0.41097686-0.21575889j,  0.6959921 +0.23858773j]],
         input_dims=(2, 2), output_dims=(2, 2))"
"Operator([[ 0.6959921 +0.23858773j, -0.34854762-0.30654272j,
           -0.05447984+0.25955719j, -0.28807715+0.29981757j],
          [-0.45025083-0.11281876j, -0.17174122+0.0355456j ,
           -0.50219121+0.65669901j, -0.05447984+0.25955719j],
          [ 0.17977007+0.19498901j, -0.14556861+0.8137932j ,
           -0.17174122+0.0355456j , -0.34854762-0.30654272j],
          [ 0.25562296+0.3279267j ,  0.17977007+0.19498901j,
           -0.45025083-0.11281876j,  0.6959921 +0.23858773j]],
         input_dims=(2, 2), output_dims=(2, 2))"
