unitary
"Operator([[ 0.71296075-0.27085499j, -0.4658417 -0.01630513j,
            0.02323021+0.1552622j ,  0.16539686+0.38606747j],
          [-0.4658417 -0.01630513j, -0.33603063-0.12922871j,
           -0.31886292+0.72580262j,  0.02323021+0.1552622j ],
          [ 0.02323021+0.1552622j , -0.31886292+0.72580262j,
           -0.33603063-0.12922871j, -0.4658417 -0.01630513j],
          [ 0.16539686+0.38606747j,  0.02323021+0.1552622j ,
           -0.4658417 -0.01630513j,  0.71296075-0.27085499j]],
         input_dims=(2, 2), output_dims=(2, 2))"
"Operator([[ 0.71296075-0.27085499j, -0.4658417 -0.01630513j,
            0.02323021+0.1552622j ,  0.16539686+0.38606747j],
          [-0.4658417 -0.01630513j, -0.33603063-0.12922871j,
           -0.31886292+0.72580262j,  0.02323021+0.1552622j ],
          [ 0.02323021+0.1552622j , -0.31886292+0.72580262j,
           -0.33603063-0.12922871j, -0.4658417 -0.01630513j],
          [ 0.16539686+0.38606747j,  0.02323021+0.1552622j ,
           -0.4658417 -0.01630513j,  0.71296075-0.27085499j]],
         input_dims=(2, 2), output_dims=(2, 2))"
"Operator([[ 0.71296075-0.27085499j, -0.37608615-0.27537892j,
           -0.13582905+0.07871761j, -0.41288153+0.0770263j ],
          [-0.39441952+0.24841012j, -0.33603063-0.12922871j,
           -0.67174445+0.42097791j, -0.13582905+0.07871761j],
          [ 0.15292047+0.03551513j,  0.14434278+0.77950508j,
           -0.33603063-0.12922871j, -0.37608615-0.27537892j],
          [ 0.34058878-0.24577122j,  0.15292047+0.03551513j,
           -0.39441952+0.24841012j,  0.71296075-0.27085499j]],
         input_dims=(2, 2), output_dims=(2, 2))"
"Operator([[ 0.71296075-0.27085499j, -0.4658417 -0.01630513j,
            0.02323021+0.1552622j ,  0.16539686+0.38606747j],
          [-0.4658417 -0.01630513j, -0.33603063-0.12922871j,
           -0.31886292+0.72580262j,  0.02323021+0.1552622j ],
          [ 0.02323021+0.1552622j , -0.31886292+0.72580262j,
           -0.33603063-0.12922871j, -0.4658417 -0.01630513j],
          [ 0.16539686+0.38606747j,  0.02323021+0.1552622j ,
           -0.4658417 -0.01630513j,  0.71296075-0.27085499j]],
         input_dims=(2, 2), output_dims=(2, 2))"
"Operator([[ 0.71296075-0.27085499j, -0.4658417 -0.01630513j,
            0.02323021+0.1552622j ,  0.16539686+0.38606747j],
          [-0.4658417 -0.01630513j, -0.33603063-0.12922871j,
           -0.31886292+0.72580262j,  0.02323021+0.1552622j ],
          [ 0.02323021+0.1552622j , -0.31886292+0.72580262j,
           -0.33603063-0.12922871j, -0.4658417 -0.01630513j],
          [ 0.16539686+0.38606747j,  0.02323021+0.1552622j ,
           -0.4658417 -0.01630513j,  0.71296075-0.27085499j]],
         input_dims=(2, 2), output_dims=(2, 2))"
"Operator([[ 0.71296075-0.27085499j, -0.09500943-0.45634149j,
           -0.09236616-0.12694285j,  0.18090002-0.37905065j],
          [-0.12668305+0.44858193j, -0.33603063-0.12922871j,
           -0.78082888-0.13700099j, -0.09236616-0.12694285j],
          [ 0.05116686-0.14841815j,  0.6290831 +0.48240798j,
           -0.33603063-0.12922871j, -0.09500943-0.45634149j],
          [-0.39920896-0.13052361j,  0.05116686-0.14841815j,
           -0.12668305+0.44858193j,  0.71296075-0.27085499j]],
         input_dims=(2, 2), output_dims=(2, 2))"
