unitary
"Operator([[-0.7307733 +0.09634608j,  0.48607654-0.14811629j,
           -0.16055783+0.37394084j, -0.18077362+0.0137586j ],
          [ 0.48607654-0.14811629j,  0.20637616+0.18607586j,
            0.00970678+0.70630802j, -0.16055783+0.37394084j],
          [-0.16055783+0.37394084j,  0.00970678+0.70630802j,
            0.20637616+0.18607586j,  0.48607654-0.14811629j],
          [-0.18077362+0.0137586j , -0.16055783+0.37394084j,
            0.48607654-0.14811629j, -0.7307733 +0.09634608j]],
         input_dims=(2, 2), output_dims=(2, 2))"
"Operator([[-0.7307733 +0.09634608j, -0.02981905-0.50726685j,
            0.31357408-0.25938748j,  0.10757414-0.1459322j ],
          [ 0.25812844+0.43769687j,  0.20637616+0.18607586j,
            0.6888335 +0.15644058j,  0.31357408-0.25938748j],
          [-0.02788014-0.40599664j, -0.68427424+0.17531119j,
            0.20637616+0.18607586j, -0.02981905-0.50726685j],
          [ 0.12842077+0.12797073j, -0.02788014-0.40599664j,
            0.25812844+0.43769687j, -0.7307733 +0.09634608j]],
         input_dims=(2, 2), output_dims=(2, 2))"
"Operator([[-0.7307733 +0.09634608j, -0.39659709+0.31767843j,
            0.14091496+0.38177683j,  0.06320415-0.16992245j],
          [-0.50635948-0.04253128j,  0.20637616+0.18607586j,
           -0.2707226 -0.65243737j,  0.14091496+0.38177683j],
          [-0.37385816+0.16075027j,  0.25269086-0.65963063j,
            0.20637616+0.18607586j, -0.39659709+0.31767843j],
          [ 0.08819259+0.15839971j, -0.37385816+0.16075027j,
           -0.50635948-0.04253128j, -0.7307733 +0.09634608j]],
         input_dims=(2, 2), output_dims=(2, 2))"
"Operator([[-0.7307733 +0.09634608j,  0.31531924+0.39847536j,
           -0.13637383-0.38342242j,  0.16877032+0.06621919j],
          [ 0.03952556-0.50660297j,  0.20637616+0.18607586j,
           -0.65403247+0.26684597j, -0.13637383-0.38342242j],
          [ 0.37192392-0.16517617j,  0.6611186 +0.24877186j,
            0.20637616+0.18607586j,  0.31531924+0.39847536j],
          [ 0.15680455-0.09099854j,  0.37192392-0.16517617j,
            0.03952556-0.50660297j, -0.7307733 +0.09634608j]],
         input_dims=(2, 2), output_dims=(2, 2))"
"Operator([[-0.7307733 +0.09634608j,  0.29921154+0.41070828j,
           -0.10544833-0.39305371j,  0.15967913+0.08585439j],
          [ 0.01933324-0.50777462j,  0.20637616+0.18607586j,
           -0.66413388+0.2406064j , -0.10544833-0.39305371j],
          [ 0.35760941-0.19423203j,  0.67049511+0.2222646j ,
            0.20637616+0.18607586j,  0.29921154+0.41070828j],
          [ 0.14484644-0.10903169j,  0.35760941-0.19423203j,
            0.01933324-0.50777462j, -0.7307733 +0.09634608j]],
         input_dims=(2, 2), output_dims=(2, 2))"
"Operator([[-0.7307733 +0.09634608j,  0.48607654-0.14811629j,
           -0.16055783+0.37394084j, -0.18077362+0.0137586j ],
          [ 0.48607654-0.14811629j,  0.20637616+0.18607586j,
            0.00970678+0.70630802j, -0.16055783+0.37394084j],
          [-0.16055783+0.37394084j,  0.00970678+0.70630802j,
            0.20637616+0.18607586j,  0.48607654-0.14811629j],
          [-0.18077362+0.0137586j , -0.16055783+0.37394084j,
            0.48607654-0.14811629j, -0.7307733 +0.09634608j]],
         input_dims=(2, 2), output_dims=(2, 2))"
"Operator([[-0.7307733 +0.09634608j,  0.31214541+0.40096644j,
           -0.13026807-0.38553962j,  0.16714523+0.07022017j],
          [ 0.03550188-0.50690083j,  0.20637616+0.18607586j,
           -0.65613061+0.26164453j, -0.13026807-0.38553962j],
          [ 0.36925411-0.17106131j,  0.66307301+0.24351473j,
            0.20637616+0.18607586j,  0.31214541+0.40096644j],
          [ 0.15459266-0.0947075j ,  0.36925411-0.17106131j,
            0.03550188-0.50690083j, -0.7307733 +0.09634608j]],
         input_dims=(2, 2), output_dims=(2, 2))"
