unitary
"Operator([[ 0.6967498 -0.66116202j,  0.11179695+0.25045957j,
           -0.04427972+0.01395935j, -0.0018299 -0.00412768j],
          [ 0.11179695+0.25045957j,  0.90380399-0.06663156j,
            0.02500247+0.31731586j, -0.04427972+0.01395935j],
          [-0.04427972+0.01395935j,  0.02500247+0.31731586j,
            0.90380399-0.06663156j,  0.11179695+0.25045957j],
          [-0.0018299 -0.00412768j, -0.04427972+0.01395935j,
            0.11179695+0.25045957j,  0.6967498 -0.66116202j]],
         input_dims=(2, 2), output_dims=(2, 2))"
"Operator([[ 0.6967498 -6.61162025e-01j,  0.20041569+1.87248773e-01j,
           -0.02087589+4.14699208e-02j, -0.00451054+2.03360212e-04j],
          [ 0.00556962+2.74221684e-01j,  0.90380399-6.66315600e-02j,
            0.14646207+2.82601027e-01j, -0.02087589+4.14699208e-02j],
          [-0.0408849 -2.19995921e-02j, -0.10039514+3.02051807e-01j,
            0.90380399-6.66315600e-02j,  0.20041569+1.87248773e-01j],
          [ 0.00317948-3.20580941e-03j, -0.0408849 -2.19995921e-02j,
            0.00556962+2.74221684e-01j,  0.6967498 -6.61162025e-01j]],
         input_dims=(2, 2), output_dims=(2, 2))"
"Operator([[ 0.6967498 -0.66116202j,  0.11179695+0.25045957j,
           -0.04427972+0.01395935j, -0.0018299 -0.00412768j],
          [ 0.11179695+0.25045957j,  0.90380399-0.06663156j,
            0.02500247+0.31731586j, -0.04427972+0.01395935j],
          [-0.04427972+0.01395935j,  0.02500247+0.31731586j,
            0.90380399-0.06663156j,  0.11179695+0.25045957j],
          [-0.0018299 -0.00412768j, -0.04427972+0.01395935j,
            0.11179695+0.25045957j,  0.6967498 -0.66116202j]],
         input_dims=(2, 2), output_dims=(2, 2))"
"Operator([[ 0.6967498 -6.61162025e-01j,  0.26411172-7.39834627e-02j,
            0.04642465-5.56077376e-04j,  0.00451394+1.03085063e-04j],
          [-0.23142644+1.47208551e-01j,  0.90380399-6.66315600e-02j,
            0.31756209+2.16518034e-02j,  0.04642465-5.56077376e-04j],
          [ 0.03834993-2.61694399e-02j, -0.31025229+7.11195854e-02j,
            0.90380399-6.66315600e-02j,  0.26411172-7.39834627e-02j],
          [-0.00295469+3.41410795e-03j,  0.03834993-2.61694399e-02j,
           -0.23142644+1.47208551e-01j,  0.6967498 -6.61162025e-01j]],
         input_dims=(2, 2), output_dims=(2, 2))"
"Operator([[ 0.6967498 -0.66116202j,  0.24984988-0.11315294j,
            0.04412578-0.01443857j,  0.00409738-0.00189678j],
          [-0.25106189+0.11043768j,  0.90380399-0.06663156j,
            0.31717567-0.02672213j,  0.04412578-0.01443857j],
          [ 0.04442845-0.0134785j , -0.31744673+0.02328208j,
            0.90380399-0.06663156j,  0.24984988-0.11315294j],
          [-0.00415689+0.00176254j,  0.04442845-0.0134785j ,
           -0.25106189+0.11043768j,  0.6967498 -0.66116202j]],
         input_dims=(2, 2), output_dims=(2, 2))"
"Operator([[ 0.6967498 -0.66116202j,  0.24900391-0.11500263j,
            0.04390679-0.01509141j,  0.00405417-0.00198746j],
          [-0.25187395+0.10857285j,  0.90380399-0.06663156j,
            0.31696879-0.02907347j,  0.04390679-0.01509141j],
          [ 0.04462346-0.0128181j , -0.31761065+0.02092736j,
            0.90380399-0.06663156j,  0.24900391-0.11500263j],
          [-0.00419507+0.00166963j,  0.04462346-0.0128181j ,
           -0.25187395+0.10857285j,  0.6967498 -0.66116202j]],
         input_dims=(2, 2), output_dims=(2, 2))"
"Operator([[ 0.6967498 -0.66116202j,  0.02461294+0.27317166j,
           -0.04354029-0.01611832j,  0.00244647-0.00379488j],
          [ 0.18691848+0.20072378j,  0.90380399-0.06663156j,
           -0.07916161+0.30829842j, -0.04354029-0.01611832j],
          [-0.02642414+0.03817488j,  0.12646888+0.29209605j,
            0.90380399-0.06663156j,  0.02461294+0.27317166j],
          [-0.00445483-0.00073536j, -0.02642414+0.03817488j,
            0.18691848+0.20072378j,  0.6967498 -0.66116202j]],
         input_dims=(2, 2), output_dims=(2, 2))"
"Operator([[ 0.6967498 -0.66116202j,  0.11179695+0.25045957j,
           -0.04427972+0.01395935j, -0.0018299 -0.00412768j],
          [ 0.11179695+0.25045957j,  0.90380399-0.06663156j,
            0.02500247+0.31731586j, -0.04427972+0.01395935j],
          [-0.04427972+0.01395935j,  0.02500247+0.31731586j,
            0.90380399-0.06663156j,  0.11179695+0.25045957j],
          [-0.0018299 -0.00412768j, -0.04427972+0.01395935j,
            0.11179695+0.25045957j,  0.6967498 -0.66116202j]],
         input_dims=(2, 2), output_dims=(2, 2))"
"Operator([[ 0.6967498 -6.61162025e-01j, -0.22899591+1.50961670e-01j,
            0.03747644-2.74057152e-02j, -0.00278424+3.55447497e-03j],
          [ 0.26528269-6.96681192e-02j,  0.90380399-6.66315600e-02j,
           -0.30905168+7.61678242e-02j,  0.03747644-2.74057152e-02j],
          [ 0.0464181 +9.57633207e-04j,  0.31716692+2.68257789e-02j,
            0.90380399-6.66315600e-02j, -0.22899591+1.50961670e-01j],
          [ 0.00450351+3.23640548e-04j,  0.0464181 +9.57633207e-04j,
            0.26528269-6.96681192e-02j,  0.6967498 -6.61162025e-01j]],
         input_dims=(2, 2), output_dims=(2, 2))"
