unitary
"Operator([[ 8.24651986e-01-0.52438853j,  6.49420862e-02+0.20010222j,
           -2.58339895e-02+0.00602429j, -5.92551551e-04-0.0018324j ],
          [ 6.49420862e-02+0.20010222j,  9.44798788e-01-0.055316j  ,
            1.47350671e-02+0.24313825j, -2.58339895e-02+0.00602429j],
          [-2.58339895e-02+0.00602429j,  1.47350671e-02+0.24313825j,
            9.44798788e-01-0.055316j  ,  6.49420862e-02+0.20010222j],
          [-5.92551551e-04-0.0018324j , -2.58339895e-02+0.00602429j,
            6.49420862e-02+0.20010222j,  8.24651986e-01-0.52438853j]],
         input_dims=(2, 2), output_dims=(2, 2))"
"Operator([[ 8.24651986e-01-0.52438853j,  9.60344081e-02-0.18717843j,
           -5.89683543e-03-0.02586338j, -1.70816672e-03-0.00088936j],
          [-1.87649682e-01-0.09511031j,  9.44798788e-01-0.055316j  ,
            1.61954496e-01-0.18194524j, -5.89683543e-03-0.02586338j],
          [ 6.15159825e-03+0.02580397j, -1.82741589e-01-0.1610554j ,
            9.44798788e-01-0.055316j  ,  9.60344081e-02-0.18717843j],
          [ 8.63997301e-04-0.00172114j,  6.15159825e-03+0.02580397j,
           -1.87649682e-01-0.09511031j,  8.24651986e-01-0.52438853j]],
         input_dims=(2, 2), output_dims=(2, 2))"
"Operator([[ 0.82465199-5.24388532e-01j,  0.06947849-1.98572689e-01j,
           -0.01269686-2.32911311e-02j, -0.00192142-1.30146033e-04j],
          [-0.17284602-1.19927588e-01j,  0.94479879-5.53159953e-02j,
            0.13549383-2.02422208e-01j, -0.01269686-2.32911311e-02j],
          [-0.0010848 +2.65049106e-02j, -0.15894746-1.84577989e-01j,
            0.94479879-5.53159953e-02j,  0.06947849-1.98572689e-01j],
          [ 0.00148141-1.23053679e-03j, -0.0010848 +2.65049106e-02j,
           -0.17284602-1.19927588e-01j,  0.82465199-5.24388532e-01j]],
         input_dims=(2, 2), output_dims=(2, 2))"
"Operator([[ 0.82465199-5.24388532e-01j,  0.0600953 -2.01610833e-01j,
           -0.01482193-2.19999432e-02j, -0.00192069+1.40511331e-04j],
          [-0.16703523-1.27896857e-01j,  0.94479879-5.53159953e-02j,
            0.12585768-2.08550173e-01j, -0.01482193-2.19999432e-02j],
          [-0.00356181+2.62868907e-02j, -0.15012186-1.91824804e-01j,
            0.94479879-5.53159953e-02j,  0.0600953 -2.01610833e-01j],
          [ 0.00163929-1.01069895e-03j, -0.00356181+2.62868907e-02j,
           -0.16703523-1.27896857e-01j,  0.82465199-5.24388532e-01j]],
         input_dims=(2, 2), output_dims=(2, 2))"
"Operator([[ 8.24651986e-01-0.52438853j, -1.43097060e-01+0.15421286j,
            8.44017787e-03-0.02514857j,  5.11471298e-04+0.00185666j],
          [ 2.06384358e-01+0.04079056j,  9.44798788e-01-0.055316j  ,
           -2.05142428e-01+0.13133893j,  8.44017787e-03-0.02514857j],
          [ 1.86935891e-02+0.01882118j,  2.19502031e-01+0.10560392j,
            9.44798788e-01-0.055316j  , -1.43097060e-01+0.15421286j],
          [ 6.72487410e-04+0.00180459j,  1.86935891e-02+0.01882118j,
            2.06384358e-01+0.04079056j,  8.24651986e-01-0.52438853j]],
         input_dims=(2, 2), output_dims=(2, 2))"
"Operator([[ 0.82465199-5.24388532e-01j, -0.06516487+2.00029779e-01j,
           -0.01369283-2.27198937e-02j,  0.00192582+5.20431157e-06j],
          [ 0.17021017+1.23640091e-01j,  0.94479879-5.53159953e-02j,
           -0.13108145+2.05307046e-01j, -0.01369283-2.27198937e-02j],
          [-0.00223071+2.64331422e-02j,  0.15491575+1.87974570e-01j,
            0.94479879-5.53159953e-02j, -0.06516487+2.00029779e-01j],
          [-0.00155813+1.13182562e-03j, -0.00223071+2.64331422e-02j,
            0.17021017+1.23640091e-01j,  0.82465199-5.24388532e-01j]],
         input_dims=(2, 2), output_dims=(2, 2))"
"Operator([[ 0.82465199-5.24388532e-01j, -0.0325646 +2.07841093e-01j,
           -0.02012794-1.72786847e-02j,  0.00171187-8.82204933e-04j],
          [ 0.14841008+1.49106745e-01j,  0.94479879-5.53159953e-02j,
           -0.09680607+2.23521621e-01j, -0.02012794-1.72786847e-02j],
          [-0.01040888+2.43996391e-02j,  0.12309088+2.10195062e-01j,
            0.94479879-5.53159953e-02j, -0.0325646 +2.07841093e-01j],
          [-0.00190429+2.87172884e-04j, -0.01040888+2.43996391e-02j,
            0.14841008+1.49106745e-01j,  0.82465199-5.24388532e-01j]],
         input_dims=(2, 2), output_dims=(2, 2))"
"Operator([[ 8.24651986e-01-0.52438853j,  6.49420862e-02+0.20010222j,
           -2.58339895e-02+0.00602429j, -5.92551551e-04-0.0018324j ],
          [ 6.49420862e-02+0.20010222j,  9.44798788e-01-0.055316j  ,
            1.47350671e-02+0.24313825j, -2.58339895e-02+0.00602429j],
          [-2.58339895e-02+0.00602429j,  1.47350671e-02+0.24313825j,
            9.44798788e-01-0.055316j  ,  6.49420862e-02+0.20010222j],
          [-5.92551551e-04-0.0018324j , -2.58339895e-02+0.00602429j,
            6.49420862e-02+0.20010222j,  8.24651986e-01-0.52438853j]],
         input_dims=(2, 2), output_dims=(2, 2))"
