unitary
"Operator([[ 9.05698036e-01-0.39428106j, -1.52104742e-01-0.03027358j,
            1.09970577e-02+0.00892644j, -3.74064733e-04-0.00064514j],
          [ 1.23273507e-01-0.09410624j,  9.70446769e-01-0.04265846j,
           -1.66570814e-01-0.06644192j,  1.09970577e-02+0.00892644j],
          [ 7.47169144e-03-0.01203289j,  1.59973657e-01-0.0810481j ,
            9.70446769e-01-0.04265846j, -1.52104742e-01-0.03027358j],
          [ 5.26803134e-05-0.00074388j,  7.47169144e-03-0.01203289j,
            1.23273507e-01-0.09410624j,  9.05698036e-01-0.39428106j]],
         input_dims=(2, 2), output_dims=(2, 2))"
"Operator([[ 9.05698036e-01-3.94281058e-01j,
           -1.53414750e-01+2.27212908e-02j,
            1.41637311e-02-7.30260168e-05j,
           -7.45661987e-04-1.10768481e-05j],
          [ 1.47765555e-01-4.70922829e-02j,
            9.70446769e-01-4.26584628e-02j,
           -1.79216642e-01-6.46223983e-03j,
            1.41637311e-02-7.30260168e-05j],
          [ 1.34082486e-02-4.56459005e-03j,
            1.77923994e-01-2.24369660e-02j,
            9.70446769e-01-4.26584628e-02j,
           -1.53414750e-01+2.27212908e-02j],
          [ 6.65016906e-04-3.37471494e-04j,
            1.34082486e-02-4.56459005e-03j,
            1.47765555e-01-4.70922829e-02j,
            9.05698036e-01-3.94281058e-01j]],
         input_dims=(2, 2), output_dims=(2, 2))"
"Operator([[ 9.05698036e-01-0.39428106j,  3.50208811e-02+0.15108236j,
           -1.39677146e-02+0.00234937j, -1.68104948e-04-0.00072655j],
          [ 3.50208811e-02+0.15108236j,  9.70446769e-01-0.04265846j,
            8.01347011e-03+0.17915398j, -1.39677146e-02+0.00234937j],
          [-1.39677146e-02+0.00234937j,  8.01347011e-03+0.17915398j,
            9.70446769e-01-0.04265846j,  3.50208811e-02+0.15108236j],
          [-1.68104948e-04-0.00072655j, -1.39677146e-02+0.00234937j,
            3.50208811e-02+0.15108236j,  9.05698036e-01-0.39428106j]],
         input_dims=(2, 2), output_dims=(2, 2))"
"Operator([[ 9.05698036e-01-0.39428106j, -1.02102189e-01+0.11673682j,
            2.19173258e-03-0.01399332j,  3.76846248e-04+0.00064352j],
          [ 1.43049089e-01+0.05991077j,  9.70446769e-01-0.04265846j,
           -1.40665882e-01+0.11123612j,  2.19173258e-03-0.01399332j],
          [ 6.64897799e-03+0.01250631j,  1.50035343e-01+0.0982332j ,
            9.70446769e-01-0.04265846j, -1.02102189e-01+0.11673682j],
          [-5.58910620e-05+0.00074365j,  6.64897799e-03+0.01250631j,
            1.43049089e-01+0.05991077j,  9.05698036e-01-0.39428106j]],
         input_dims=(2, 2), output_dims=(2, 2))"
"Operator([[ 9.05698036e-01-0.39428106j,  3.50208811e-02+0.15108236j,
           -1.39677146e-02+0.00234937j, -1.68104948e-04-0.00072655j],
          [ 3.50208811e-02+0.15108236j,  9.70446769e-01-0.04265846j,
            8.01347011e-03+0.17915398j, -1.39677146e-02+0.00234937j],
          [-1.39677146e-02+0.00234937j,  8.01347011e-03+0.17915398j,
            9.70446769e-01-0.04265846j,  3.50208811e-02+0.15108236j],
          [-1.68104948e-04-0.00072655j, -1.39677146e-02+0.00234937j,
            3.50208811e-02+0.15108236j,  9.05698036e-01-0.39428106j]],
         input_dims=(2, 2), output_dims=(2, 2))"
"Operator([[ 9.05698036e-01-0.39428106j,  3.50208811e-02+0.15108236j,
           -1.39677146e-02+0.00234937j, -1.68104948e-04-0.00072655j],
          [ 3.50208811e-02+0.15108236j,  9.70446769e-01-0.04265846j,
            8.01347011e-03+0.17915398j, -1.39677146e-02+0.00234937j],
          [-1.39677146e-02+0.00234937j,  8.01347011e-03+0.17915398j,
            9.70446769e-01-0.04265846j,  3.50208811e-02+0.15108236j],
          [-1.68104948e-04-0.00072655j, -1.39677146e-02+0.00234937j,
            3.50208811e-02+0.15108236j,  9.05698036e-01-0.39428106j]],
         input_dims=(2, 2), output_dims=(2, 2))"
"Operator([[ 9.05698036e-01-3.94281058e-01j,
           -3.84637186e-02+1.50242753e-01j,
           -9.96750806e-03-1.00630708e-02j,
            6.97160281e-04-2.64767894e-04j],
          [ 1.00641924e-01+1.17998075e-01j,
            9.70446769e-01-4.26584628e-02j,
           -7.53621719e-02+1.62729556e-01j,
           -9.96750806e-03-1.00630708e-02j],
          [-6.12695043e-03+1.27701641e-02j,
            8.95897748e-02+1.55351336e-01j,
            9.70446769e-01-4.26584628e-02j,
           -3.84637186e-02+1.50242753e-01j],
          [-7.42604793e-04+6.83565426e-05j,
           -6.12695043e-03+1.27701641e-02j,
            1.00641924e-01+1.17998075e-01j,
            9.05698036e-01-3.94281058e-01j]],
         input_dims=(2, 2), output_dims=(2, 2))"
"Operator([[ 9.05698036e-01-3.94281058e-01j,
           -1.10207800e-01-1.09117291e-01j,
           -3.90025313e-03+1.36163371e-02j,
            7.01963925e-04-2.51756118e-04j],
          [ 5.09612326e-02-1.46476262e-01j,
            9.70446769e-01-4.26584628e-02j,
           -1.02335788e-01-1.47267619e-01j,
           -3.90025313e-03+1.36163371e-02j],
          [-8.14015841e-03-1.15911360e-02j,
            8.87790022e-02-1.55816090e-01j,
            9.70446769e-01-4.26584628e-02j,
           -1.10207800e-01-1.09117291e-01j],
          [-7.41205036e-04+8.21558900e-05j,
           -8.14015841e-03-1.15911360e-02j,
            5.09612326e-02-1.46476262e-01j,
            9.05698036e-01-3.94281058e-01j]],
         input_dims=(2, 2), output_dims=(2, 2))"
"Operator([[ 9.05698036e-01-3.94281058e-01j,
           -7.55512629e-02-1.35441313e-01j,
           -1.05665429e-02+9.43211445e-03j,
            6.54350769e-04+3.57714364e-04j],
          [ 8.25754106e-03-1.54868187e-01j,
            9.70446769e-01-4.26584628e-02j,
           -5.73894503e-02-1.69902373e-01j,
           -1.05665429e-02+9.43211445e-03j],
          [-1.30707806e-02-5.45630885e-03j,
            4.19913161e-02-1.74347626e-01j,
            9.70446769e-01-4.26584628e-02j,
           -7.55512629e-02-1.35441313e-01j],
          [-4.30730314e-04+6.08774089e-04j,
           -1.30707806e-02-5.45630885e-03j,
            8.25754106e-03-1.54868187e-01j,
            9.05698036e-01-3.94281058e-01j]],
         input_dims=(2, 2), output_dims=(2, 2))"
"Operator([[ 9.05698036e-01-3.94281058e-01j,
           -7.79119620e-02-1.34097236e-01j,
           -1.02296985e-02+9.79642178e-03j,
            6.72236220e-04+3.22851297e-04j],
          [ 1.09688300e-02-1.54699797e-01j,
            9.70446769e-01-4.26584628e-02j,
           -6.03565298e-02-1.68871118e-01j,
           -1.02296985e-02+9.79642178e-03j],
          [-1.28716528e-02-5.91076688e-03j,
            4.50386174e-02-1.73585392e-01j,
            9.70446769e-01-4.26584628e-02j,
           -7.79119620e-02-1.34097236e-01j],
          [-4.62111168e-04+5.85309972e-04j,
           -1.28716528e-02-5.91076688e-03j,
            1.09688300e-02-1.54699797e-01j,
            9.05698036e-01-3.94281058e-01j]],
         input_dims=(2, 2), output_dims=(2, 2))"
"Operator([[ 9.05698036e-01-3.94281058e-01j,
           -8.65069708e-02-1.28720187e-01j,
           -8.86496080e-03+1.10466774e-02j,
            7.22267553e-04+1.85645028e-04j],
          [ 2.10529840e-02-1.53652577e-01j,
            9.70446769e-01-4.26584628e-02j,
           -7.12610645e-02-1.64566783e-01j,
           -8.86496080e-03+1.10466774e-02j],
          [-1.19910263e-02-7.53869350e-03j,
            5.62838980e-02-1.70271806e-01j,
            9.70446769e-01-4.26584628e-02j,
           -8.65069708e-02-1.28720187e-01j],
          [-5.67323649e-04+4.84023111e-04j,
           -1.19910263e-02-7.53869350e-03j,
            2.10529840e-02-1.53652577e-01j,
            9.05698036e-01-3.94281058e-01j]],
         input_dims=(2, 2), output_dims=(2, 2))"
