unitary
"Operator([[-0.1739374 +0.70686762j,  0.10162579-0.41221507j,
           -0.01933174+0.43633255j, -0.24566899+0.19677861j],
          [ 0.10162579-0.41221507j,  0.03843495+0.25873113j,
           -0.17296637+0.72846051j, -0.01933174+0.43633255j],
          [-0.01933174+0.43633255j, -0.17296637+0.72846051j,
            0.03843495+0.25873113j,  0.10162579-0.41221507j],
          [-0.24566899+0.19677861j, -0.01933174+0.43633255j,
            0.10162579-0.41221507j, -0.1739374 +0.70686762j]],
         input_dims=(2, 2), output_dims=(2, 2))"
"Operator([[-0.1739374 +0.70686762j,  0.37182449+0.20492831j,
            0.23505899-0.36811287j, -0.0347631 +0.31283638j],
          [-0.42447011+0.00861314j,  0.03843495+0.25873113j,
           -0.65879892-0.35574719j,  0.23505899-0.36811287j],
          [-0.20158336-0.38745833j,  0.7484014 -0.02162018j,
            0.03843495+0.25873113j,  0.37182449+0.20492831j],
          [-0.3128789 -0.03437832j, -0.20158336-0.38745833j,
           -0.42447011+0.00861314j, -0.1739374 +0.70686762j]],
         input_dims=(2, 2), output_dims=(2, 2))"
"Operator([[-0.1739374 +0.70686762j,  0.10162579-0.41221507j,
           -0.01933174+0.43633255j, -0.24566899+0.19677861j],
          [ 0.10162579-0.41221507j,  0.03843495+0.25873113j,
           -0.17296637+0.72846051j, -0.01933174+0.43633255j],
          [-0.01933174+0.43633255j, -0.17296637+0.72846051j,
            0.03843495+0.25873113j,  0.10162579-0.41221507j],
          [-0.24566899+0.19677861j, -0.01933174+0.43633255j,
            0.10162579-0.41221507j, -0.1739374 +0.70686762j]],
         input_dims=(2, 2), output_dims=(2, 2))"
"Operator([[-0.1739374 +0.70686762j, -0.41776933+0.07561648j,
           -0.31248372-0.30514543j, -0.29381473+0.11290696j],
          [ 0.33474709+0.26113875j,  0.03843495+0.25873113j,
            0.7355697 -0.13967569j, -0.31248372-0.30514543j],
          [ 0.33824535-0.27631484j, -0.59426645-0.45543328j,
            0.03843495+0.25873113j, -0.41776933+0.07561648j],
          [-0.17433265+0.26207481j,  0.33824535-0.27631484j,
            0.33474709+0.26113875j, -0.1739374 +0.70686762j]],
         input_dims=(2, 2), output_dims=(2, 2))"
"Operator([[-0.1739374 +0.70686762j, -0.39365298+0.15901696j,
           -0.40817155-0.15542136j, -0.1749577 +0.26165794j],
          [ 0.27462815+0.32377221j,  0.03843495+0.25873113j,
            0.69177809-0.28638289j, -0.40817155-0.15542136j],
          [ 0.42031718-0.11871512j, -0.48919867-0.56679516j,
            0.03843495+0.25873113j, -0.39365298+0.15901696j],
          [-0.29354439+0.11360795j,  0.42031718-0.11871512j,
            0.27462815+0.32377221j, -0.1739374 +0.70686762j]],
         input_dims=(2, 2), output_dims=(2, 2))"
"Operator([[-0.1739374 +0.70686762j, -0.4170316 +0.07958461j,
           -0.31822875-0.29914925j, -0.29047556+0.12123954j],
          [ 0.33224944+0.26430924j,  0.03843495+0.25873113j,
            0.73420863-0.14666212j, -0.31822875-0.29914925j],
          [ 0.34343759-0.26983409j, -0.58990999-0.46106213j,
            0.03843495+0.25873113j, -0.4170316 +0.07958461j],
          [-0.18173514+0.25699691j,  0.34343759-0.26983409j,
            0.33224944+0.26430924j, -0.1739374 +0.70686762j]],
         input_dims=(2, 2), output_dims=(2, 2))"
"Operator([[-0.1739374 +0.70686762j,  0.35708074-0.22965715j,
           -0.43673195+0.00500117j,  0.00832855-0.31465173j],
          [-0.20941192-0.3693179j ,  0.03843495+0.25873113j,
           -0.62621447+0.41039923j, -0.43673195+0.00500117j],
          [ 0.43457847+0.04360463j,  0.37488318+0.64810083j,
            0.03843495+0.25873113j,  0.35708074-0.22965715j],
          [ 0.3088789 +0.06057147j,  0.43457847+0.04360463j,
           -0.20941192-0.3693179j , -0.1739374 +0.70686762j]],
         input_dims=(2, 2), output_dims=(2, 2))"
