unitary
"Operator([[ 8.60421815e-01-0.47311191j,  5.17573063e-02+0.18087494j,
           -2.06130761e-02+0.00425699j, -3.72237781e-04-0.0013045j ],
          [ 5.17573063e-02+0.18087494j,  9.56148263e-01-0.05048357j,
            1.17880916e-02+0.21738299j, -2.06130761e-02+0.00425699j],
          [-2.06130761e-02+0.00425699j,  1.17880916e-02+0.21738299j,
            9.56148263e-01-0.05048357j,  5.17573063e-02+0.18087494j],
          [-3.72237781e-04-0.0013045j , -2.06130761e-02+0.00425699j,
            5.17573063e-02+0.18087494j,  8.60421815e-01-0.47311191j]],
         input_dims=(2, 2), output_dims=(2, 2))"
"Operator([[ 8.60421815e-01-0.47311191j,  5.17573063e-02+0.18087494j,
           -2.06130761e-02+0.00425699j, -3.72237781e-04-0.0013045j ],
          [ 5.17573063e-02+0.18087494j,  9.56148263e-01-0.05048357j,
            1.17880916e-02+0.21738299j, -2.06130761e-02+0.00425699j],
          [-2.06130761e-02+0.00425699j,  1.17880916e-02+0.21738299j,
            9.56148263e-01-0.05048357j,  5.17573063e-02+0.18087494j],
          [-3.72237781e-04-0.0013045j , -2.06130761e-02+0.00425699j,
            5.17573063e-02+0.18087494j,  8.60421815e-01-0.47311191j]],
         input_dims=(2, 2), output_dims=(2, 2))"
"Operator([[ 8.60421815e-01-0.47311191j,  1.03180731e-01+0.15731593j,
           -1.45544719e-02+0.01520487j, -1.25602081e-03-0.00051254j],
          [-4.34457972e-03+0.18808426j,  9.56148263e-01-0.05048357j,
            7.58694979e-02+0.20405426j, -1.45544719e-02+0.01520487j],
          [-1.93870519e-02-0.00819531j, -5.33588673e-02+0.21106197j,
            9.56148263e-01-0.05048357j,  1.03180731e-01+0.15731593j],
          [ 7.96398208e-04-0.0010982j , -1.93870519e-02-0.00819531j,
           -4.34457972e-03+0.18808426j,  8.60421815e-01-0.47311191j]],
         input_dims=(2, 2), output_dims=(2, 2))"
"Operator([[ 0.86042181-4.73111906e-01j,  0.13714412+1.28786859e-01j,
           -0.00603722+2.01636519e-02j, -0.00128706+4.28665123e-04j],
          [-0.04825842+1.81839734e-01j,  0.95614826-5.04835675e-02j,
            0.12153439+1.80620360e-01j, -0.00603722+2.01636519e-02j],
          [-0.01353098-1.61224483e-02j, -0.10129005+1.92703527e-01j,
            0.95614826-5.04835675e-02j,  0.13714412+1.28786859e-01j],
          [ 0.00131947-3.15104888e-04j, -0.01353098-1.61224483e-02j,
           -0.04825842+1.81839734e-01j,  0.86042181-4.73111906e-01j]],
         input_dims=(2, 2), output_dims=(2, 2))"
"Operator([[ 8.60421815e-01-4.73111906e-01j,
            1.52685964e-01+1.09916152e-01j,
           -6.49128756e-04+2.10380488e-02j,
           -1.02734993e-03+8.85912989e-04j],
          [-7.14300367e-02+1.74046873e-01j,
            9.56148263e-01-5.04835675e-02j,
            1.43929245e-01+1.63336142e-01j,
           -6.49128756e-04+2.10380488e-02j],
          [-8.93008407e-03-1.90597604e-02j,
           -1.25422634e-01+1.77942366e-01j,
            9.56148263e-01-5.04835675e-02j,
            1.52685964e-01+1.09916152e-01j],
          [ 1.34016569e-03+2.10346440e-04j,
           -8.93008407e-03-1.90597604e-02j,
           -7.14300367e-02+1.74046873e-01j,
            8.60421815e-01-4.73111906e-01j]],
         input_dims=(2, 2), output_dims=(2, 2))"
"Operator([[ 8.60421815e-01-4.73111906e-01j,
            1.57661975e-01+1.02651185e-01j,
            1.32040598e-03+2.10066036e-02j,
           -8.93237365e-04+1.02098810e-03j],
          [-7.94958948e-02+1.70513832e-01j,
            9.56148263e-01-5.04835675e-02j,
            1.51414507e-01+1.56422409e-01j,
            1.32040598e-03+2.10066036e-02j],
          [-7.10922191e-03-1.98111037e-02j,
           -1.33611630e-01+1.71878606e-01j,
            9.56148263e-01-5.04835675e-02j,
            1.57661975e-01+1.02651185e-01j],
          [ 1.29753141e-03+3.95855967e-04j,
           -7.10922191e-03-1.98111037e-02j,
           -7.94958948e-02+1.70513832e-01j,
            8.60421815e-01-4.73111906e-01j]],
         input_dims=(2, 2), output_dims=(2, 2))"
"Operator([[ 8.60421815e-01-0.47311191j,  1.87980178e-01-0.00761689j,
            2.02699727e-02+0.00567002j,  1.22928869e-03+0.00057371j],
          [-1.63555038e-01+0.0929748j ,  9.56148263e-01-0.05048357j,
            2.14026280e-01+0.0398381j ,  2.02699727e-02+0.00567002j],
          [ 1.63655357e-02-0.01323594j, -2.08463282e-01+0.06274857j,
            9.56148263e-01-0.05048357j,  1.87980178e-01-0.00761689j],
          [-7.41414566e-04+0.00113604j,  1.63655357e-02-0.01323594j,
           -1.63555038e-01+0.0929748j ,  8.60421815e-01-0.47311191j]],
         input_dims=(2, 2), output_dims=(2, 2))"
"Operator([[ 8.60421815e-01-0.47311191j,  4.37325980e-04-0.18813392j,
           -1.97106696e-02-0.00738311j, -7.26466621e-04+0.00114566j],
          [-9.98911847e-02-0.15942495j,  9.56148263e-01-0.05048357j,
            4.89638179e-02-0.21212465j, -1.97106696e-02-0.00738311j],
          [-1.51733587e-02+0.01458733j, -7.16151358e-02-0.20558598j,
            9.56148263e-01-0.05048357j,  4.37325980e-04-0.18813392j],
          [ 1.22166655e-03+0.00058976j, -1.51733587e-02+0.01458733j,
           -9.98911847e-02-0.15942495j,  8.60421815e-01-0.47311191j]],
         input_dims=(2, 2), output_dims=(2, 2))"
"Operator([[ 0.86042181-4.73111906e-01j,  0.04026647-1.83774796e-01j,
           -0.01488697-1.48794810e-02j, -0.00126694+4.84929770e-04j],
          [-0.13138552-1.34656635e-01j,  0.95614826-5.04835675e-02j,
            0.09277273-1.96945535e-01j, -0.01488697-1.48794810e-02j],
          [-0.00777466+1.95595367e-02j, -0.11352573-1.85758528e-01j,
            0.95614826-5.04835675e-02j,  0.04026647-1.83774796e-01j],
          [ 0.00133207-2.56691621e-04j, -0.00777466+1.95595367e-02j,
           -0.13138552-1.34656635e-01j,  0.86042181-4.73111906e-01j]],
         input_dims=(2, 2), output_dims=(2, 2))"
