unitary
"Operator([[ 0.36987224-0.83919507j, -0.38058346-0.0625336j ,
            0.04170877+0.09074282j,  0.00291447-0.0144765j ],
          [ 0.05226493-0.38212903j,  0.79549348-0.07168081j,
           -0.34775695-0.2870348j ,  0.04170877+0.09074282j],
          [-0.04653247-0.08836635j,  0.27756851-0.35535841j,
            0.79549348-0.07168081j, -0.38058346-0.0625336j ],
          [-0.01466446-0.00173689j, -0.04653247-0.08836635j,
            0.05226493-0.38212903j,  0.36987224-0.83919507j]],
         input_dims=(2, 2), output_dims=(2, 2))"
"Operator([[ 0.36987224-0.83919507j,  0.00953624+0.38556877j,
           -0.07205835-0.06914821j,  0.01379902-0.00525835j],
          [ 0.3656791 +0.1226092j ,  0.79549348-0.07168081j,
           -0.21714837+0.39518409j, -0.07205835-0.06914821j],
          [ 0.01091626+0.09927093j,  0.29736249+0.33896818j,
            0.79549348-0.07168081j,  0.00953624+0.38556877j],
          [-0.00929272+0.01147644j,  0.01091626+0.09927093j,
            0.3656791 +0.1226092j ,  0.36987224-0.83919507j]],
         input_dims=(2, 2), output_dims=(2, 2))"
"Operator([[ 0.36987224-0.83919507j,  0.3601087 +0.13811568j,
            0.00240434+0.09984038j, -0.01068342+0.0101945j ],
          [ 0.0259954 +0.38480964j,  0.79549348-0.07168081j,
            0.28261362+0.35135939j,  0.00240434+0.09984038j],
          [-0.07769679-0.06274625j, -0.20007168+0.40409801j,
            0.79549348-0.07168081j,  0.3601087 +0.13811568j],
          [ 0.01301371-0.00697901j, -0.07769679-0.06274625j,
            0.0259954 +0.38480964j,  0.36987224-0.83919507j]],
         input_dims=(2, 2), output_dims=(2, 2))"
"Operator([[ 0.36987224-0.83919507j,  0.22909293+0.31027511j,
           -0.08958706+0.04413662j, -0.00866545-0.01195714j],
          [ 0.22909293+0.31027511j,  0.79549348-0.07168081j,
            0.04897584+0.44824686j, -0.08958706+0.04413662j],
          [-0.08958706+0.04413662j,  0.04897584+0.44824686j,
            0.79549348-0.07168081j,  0.22909293+0.31027511j],
          [-0.00866545-0.01195714j, -0.08958706+0.04413662j,
            0.22909293+0.31027511j,  0.36987224-0.83919507j]],
         input_dims=(2, 2), output_dims=(2, 2))"
"Operator([[ 3.69872239e-01-0.83919507j,  3.84453885e-01-0.03081282j,
            7.92439876e-02+0.06078053j,  7.46294621e-03+0.01274236j],
          [-1.42614941e-01+0.35835066j,  7.95493485e-01-0.07168081j,
            4.06572060e-01+0.19499497j,  7.92439876e-02+0.06078053j],
          [ 9.70719503e-05-0.09986928j, -3.54871357e-01+0.27819094j,
            7.95493485e-01-0.07168081j,  3.84453885e-01-0.03081282j],
          [ 9.78598668e-03+0.01105883j,  9.70719503e-05-0.09986928j,
           -1.42614941e-01+0.35835066j,  3.69872239e-01-0.83919507j]],
         input_dims=(2, 2), output_dims=(2, 2))"
"Operator([[ 0.36987224-0.83919507j,  0.22909293+0.31027511j,
           -0.08958706+0.04413662j, -0.00866545-0.01195714j],
          [ 0.22909293+0.31027511j,  0.79549348-0.07168081j,
            0.04897584+0.44824686j, -0.08958706+0.04413662j],
          [-0.08958706+0.04413662j,  0.04897584+0.44824686j,
            0.79549348-0.07168081j,  0.22909293+0.31027511j],
          [-0.00866545-0.01195714j, -0.08958706+0.04413662j,
            0.22909293+0.31027511j,  0.36987224-0.83919507j]],
         input_dims=(2, 2), output_dims=(2, 2))"
