unitary
"Operator([[ 0.77344283-0.58634141j,  0.08375764+0.22311568j,
           -0.03326202+0.00891263j, -0.00100171-0.00268132j],
          [ 0.08375764+0.22311568j,  0.92846514-0.0607864j ,
            0.01889794+0.27553332j, -0.03326202+0.00891263j],
          [-0.03326202+0.00891263j,  0.01889794+0.27553332j,
            0.92846514-0.0607864j ,  0.08375764+0.22311568j],
          [-0.00100171-0.00268132j, -0.03326202+0.00891263j,
            0.08375764+0.22311568j,  0.77344283-0.58634141j]],
         input_dims=(2, 2), output_dims=(2, 2))"
"Operator([[ 0.77344283-0.58634141j,  0.08375764+0.22311568j,
           -0.03326202+0.00891263j, -0.00100171-0.00268132j],
          [ 0.08375764+0.22311568j,  0.92846514-0.0607864j ,
            0.01889794+0.27553332j, -0.03326202+0.00891263j],
          [-0.03326202+0.00891263j,  0.01889794+0.27553332j,
            0.92846514-0.0607864j ,  0.08375764+0.22311568j],
          [-0.00100171-0.00268132j, -0.03326202+0.00891263j,
            0.08375764+0.22311568j,  0.77344283-0.58634141j]],
         input_dims=(2, 2), output_dims=(2, 2))"
"Operator([[ 0.77344283-5.86341408e-01j,  0.20485227+1.21784633e-01j,
            0.00143296+3.44055737e-02j, -0.00196803+2.07839690e-03j],
          [-0.07410433+2.26504958e-01j,  0.92846514-6.07863960e-02j,
            0.18699671+2.03243636e-01j,  0.00143296+3.44055737e-02j],
          [-0.01596198-3.05124893e-02j, -0.15749652+2.26871311e-01j,
            0.92846514-6.07863960e-02j,  0.20485227+1.21784633e-01j],
          [ 0.0028487 +2.78915497e-04j, -0.01596198-3.05124893e-02j,
           -0.07410433+2.26504958e-01j,  0.77344283-5.86341408e-01j]],
         input_dims=(2, 2), output_dims=(2, 2))"
"Operator([[ 0.77344283-0.58634141j,  0.08375764+0.22311568j,
           -0.03326202+0.00891263j, -0.00100171-0.00268132j],
          [ 0.08375764+0.22311568j,  0.92846514-0.0607864j ,
            0.01889794+0.27553332j, -0.03326202+0.00891263j],
          [-0.03326202+0.00891263j,  0.01889794+0.27553332j,
            0.92846514-0.0607864j ,  0.08375764+0.22311568j],
          [-0.00100171-0.00268132j, -0.03326202+0.00891263j,
            0.08375764+0.22311568j,  0.77344283-0.58634141j]],
         input_dims=(2, 2), output_dims=(2, 2))"
"Operator([[ 0.77344283-0.58634141j,  0.08375764+0.22311568j,
           -0.03326202+0.00891263j, -0.00100171-0.00268132j],
          [ 0.08375764+0.22311568j,  0.92846514-0.0607864j ,
            0.01889794+0.27553332j, -0.03326202+0.00891263j],
          [-0.03326202+0.00891263j,  0.01889794+0.27553332j,
            0.92846514-0.0607864j ,  0.08375764+0.22311568j],
          [-0.00100171-0.00268132j, -0.03326202+0.00891263j,
            0.08375764+0.22311568j,  0.77344283-0.58634141j]],
         input_dims=(2, 2), output_dims=(2, 2))"
"Operator([[ 7.73442832e-01-0.58634141j,  1.32039004e-01-0.19839771j,
            2.06730187e-03-0.03437329j, -1.75521556e-03-0.002261j  ],
          [-2.29978618e-01-0.06249627j,  9.28465144e-01-0.0607864j ,
            2.12485202e-01-0.17642501j,  2.06730187e-03-0.03437329j],
          [ 1.89771469e-02+0.02873438j, -2.34582969e-01-0.14576205j,
            9.28465144e-01-0.0607864j ,  1.32039004e-01-0.19839771j],
          [-1.57189300e-04-0.002858j  ,  1.89771469e-02+0.02873438j,
           -2.29978618e-01-0.06249627j,  7.73442832e-01-0.58634141j]],
         input_dims=(2, 2), output_dims=(2, 2))"
"Operator([[ 0.77344283-5.86341408e-01j,  0.07331837-2.26760590e-01j,
           -0.01617323-3.04010434e-02j, -0.00285145-2.49262940e-04j],
          [-0.20442869-1.22494329e-01j,  0.92846514-6.07863960e-02j,
            0.15670878-2.27416146e-01j, -0.01617323-3.04010434e-02j],
          [ 0.00119429+3.44146850e-02j, -0.18629073-2.03890920e-01j,
            0.92846514-6.07863960e-02j,  0.07331837-2.26760590e-01j],
          [ 0.00198955-2.05780929e-03j,  0.00119429+3.44146850e-02j,
           -0.20442869-1.22494329e-01j,  0.77344283-5.86341408e-01j]],
         input_dims=(2, 2), output_dims=(2, 2))"
