unitary
"Operator([[-0.38954271-0.71094041j,  0.47584188+0.22250954j,
           -0.17721197+0.17619833j, -0.05880647-0.03124234j],
          [ 0.47584188+0.22250954j,  0.50474029+0.00637966j,
            0.0813949 +0.63260215j, -0.17721197+0.17619833j],
          [-0.17721197+0.17619833j,  0.0813949 +0.63260215j,
            0.50474029+0.00637966j,  0.47584188+0.22250954j],
          [-0.05880647-0.03124234j, -0.17721197+0.17619833j,
            0.47584188+0.22250954j, -0.38954271-0.71094041j]],
         input_dims=(2, 2), output_dims=(2, 2))"
"Operator([[-0.38954271-0.71094041j,  0.39397712-0.34744499j,
            0.24971161+0.00969776j,  0.0658469 +0.00992321j],
          [-0.01403963+0.52510845j,  0.50474029+0.00637966j,
            0.61249774+0.17792452j,  0.24971161+0.00969776j],
          [-0.00826518-0.24976313j, -0.54750772+0.32717871j,
            0.50474029+0.00637966j,  0.39397712-0.34744499j],
          [ 0.04508114+0.04900995j, -0.00826518-0.24976313j,
           -0.01403963+0.52510845j, -0.38954271-0.71094041j]],
         input_dims=(2, 2), output_dims=(2, 2))"
"Operator([[-0.38954271-0.71094041j, -0.51702805-0.09283314j,
           -0.06636139+0.24092758j,  0.06379303-0.01909798j],
          [-0.40273197-0.33725799j,  0.50474029+0.00637966j,
           -0.24113835-0.59047685j, -0.06636139+0.24092758j],
          [-0.24130429+0.06497826j,  0.08380926-0.63228682j,
            0.50474029+0.00637966j, -0.51702805-0.09283314j],
          [ 0.01988285+0.06355278j, -0.24130429+0.06497826j,
           -0.40273197-0.33725799j, -0.38954271-0.71094041j]],
         input_dims=(2, 2), output_dims=(2, 2))"
"Operator([[-0.38954271-0.71094041j, -0.26023337-0.45630536j,
           -0.22527556-0.1081705j , -0.04601237+0.04813674j],
          [-0.51702507+0.09284972j,  0.50474029+0.00637966j,
            0.29855696-0.56362607j, -0.22527556-0.1081705j ],
          [ 0.10687647+0.22589235j, -0.43151052-0.46969062j,
            0.50474029+0.00637966j, -0.26023337-0.45630536j],
          [ 0.01413318-0.06507332j,  0.10687647+0.22589235j,
           -0.51702507+0.09284972j, -0.38954271-0.71094041j]],
         input_dims=(2, 2), output_dims=(2, 2))"
"Operator([[-0.38954271-0.71094041j, -0.4877059 -0.19513827j,
           -0.15609732+0.19515009j,  0.06325263+0.02081799j],
          [-0.46244319-0.24916318j,  0.50474029+0.00637966j,
           -0.11717502-0.62696142j, -0.15609732+0.19515009j],
          [-0.1960423 +0.15497531j, -0.04535227-0.63620263j,
            0.50474029+0.00637966j, -0.4877059 -0.19513827j],
          [ 0.05265702+0.04076178j, -0.1960423 +0.15497531j,
           -0.46244319-0.24916318j, -0.38954271-0.71094041j]],
         input_dims=(2, 2), output_dims=(2, 2))"
"Operator([[-0.38954271-0.71094041j,  0.1554684 +0.50176246j,
           -0.1585821 -0.19313635j,  0.06579771-0.01024426j],
          [ 0.48474019-0.20239302j,  0.50474029+0.00637966j,
           -0.41331015+0.48578321j, -0.1585821 -0.19313635j],
          [ 0.1922235 +0.15968738j,  0.52282072+0.36533424j,
            0.50474029+0.00637966j,  0.1554684 +0.50176246j],
          [ 0.02834168+0.06025805j,  0.1922235 +0.15968738j,
            0.48474019-0.20239302j, -0.38954271-0.71094041j]],
         input_dims=(2, 2), output_dims=(2, 2))"
"Operator([[-0.38954271-0.71094041j,  0.47584188+0.22250954j,
           -0.17721197+0.17619833j, -0.05880647-0.03124234j],
          [ 0.47584188+0.22250954j,  0.50474029+0.00637966j,
            0.0813949 +0.63260215j, -0.17721197+0.17619833j],
          [-0.17721197+0.17619833j,  0.0813949 +0.63260215j,
            0.50474029+0.00637966j,  0.47584188+0.22250954j],
          [-0.05880647-0.03124234j, -0.17721197+0.17619833j,
            0.47584188+0.22250954j, -0.38954271-0.71094041j]],
         input_dims=(2, 2), output_dims=(2, 2))"
