unitary
"Operator([[ 0.82465199-5.24388532e-01j,  0.20319241-5.45088725e-02j,
            0.026318  -3.32414380e-03j,  0.00190196-3.02210008e-04j],
          [-0.19647671+7.52015650e-02j,  0.94479879-5.53159953e-02j,
            0.2435749 -2.14382018e-03j,  0.026318  -3.32414380e-03j],
          [ 0.02507372-8.66001406e-03j, -0.24205114+2.72868943e-02j,
            0.94479879-5.53159953e-02j,  0.20319241-5.45088725e-02j],
          [-0.00171879+8.68651634e-04j,  0.02507372-8.66001406e-03j,
           -0.19647671+7.52015650e-02j,  0.82465199-5.24388532e-01j]],
         input_dims=(2, 2), output_dims=(2, 2))"
"Operator([[ 8.24651986e-01-0.52438853j,  6.49420862e-02+0.20010222j,
           -2.58339895e-02+0.00602429j, -5.92551551e-04-0.0018324j ],
          [ 6.49420862e-02+0.20010222j,  9.44798788e-01-0.055316j  ,
            1.47350671e-02+0.24313825j, -2.58339895e-02+0.00602429j],
          [-2.58339895e-02+0.00602429j,  1.47350671e-02+0.24313825j,
            9.44798788e-01-0.055316j  ,  6.49420862e-02+0.20010222j],
          [-5.92551551e-04-0.0018324j , -2.58339895e-02+0.00602429j,
            6.49420862e-02+0.20010222j,  8.24651986e-01-0.52438853j]],
         input_dims=(2, 2), output_dims=(2, 2))"
"Operator([[ 8.24651986e-01-0.52438853j,  1.27718735e-01-0.16717146j,
            3.50575787e-03-0.02629442j, -1.01593594e-03-0.00163605j],
          [-2.01546661e-01-0.06031017j,  9.44798788e-01-0.055316j  ,
            1.91664674e-01-0.15032625j,  3.50575787e-03-0.02629442j],
          [ 1.47749943e-02+0.02203149j, -2.08415898e-01-0.12607991j,
            9.44798788e-01-0.055316j  ,  1.27718735e-01-0.16717146j],
          [-1.34368601e-04-0.00192113j,  1.47749943e-02+0.02203149j,
           -2.01546661e-01-0.06031017j,  8.24651986e-01-0.52438853j]],
         input_dims=(2, 2), output_dims=(2, 2))"
"Operator([[ 8.24651986e-01-0.52438853j,  6.49420862e-02+0.20010222j,
           -2.58339895e-02+0.00602429j, -5.92551551e-04-0.0018324j ],
          [ 6.49420862e-02+0.20010222j,  9.44798788e-01-0.055316j  ,
            1.47350671e-02+0.24313825j, -2.58339895e-02+0.00602429j],
          [-2.58339895e-02+0.00602429j,  1.47350671e-02+0.24313825j,
            9.44798788e-01-0.055316j  ,  6.49420862e-02+0.20010222j],
          [-5.92551551e-04-0.0018324j , -2.58339895e-02+0.00602429j,
            6.49420862e-02+0.20010222j,  8.24651986e-01-0.52438853j]],
         input_dims=(2, 2), output_dims=(2, 2))"
"Operator([[ 8.24651986e-01-0.52438853j, -2.80073855e-02-0.2085041j ,
           -2.62981117e-02-0.00347799j, -4.35518542e-04+0.00187593j],
          [-9.97715005e-02-0.18521345j,  9.44798788e-01-0.055316j  ,
            2.91029919e-02-0.2418395j , -2.62981117e-02-0.00347799j],
          [-2.20470818e-02+0.01475172j, -5.80954460e-02-0.23655496j,
            9.44798788e-01-0.055316j  , -2.80073855e-02-0.2085041j ],
          [ 1.45145429e-03+0.00126573j, -2.20470818e-02+0.01475172j,
           -9.97715005e-02-0.18521345j,  8.24651986e-01-0.52438853j]],
         input_dims=(2, 2), output_dims=(2, 2))"
"Operator([[ 0.82465199-5.24388532e-01j, -0.14574891-1.51709023e-01j,
           -0.01126556+2.40161232e-02j,  0.00191685-1.85740604e-04j],
          [ 0.02888246-2.08384685e-01j,  0.94479879-5.53159953e-02j,
           -0.11935293-2.12339842e-01j, -0.01126556+2.40161232e-02j],
          [-0.02072662-1.65557881e-02j,  0.09283645-2.25199294e-01j,
            0.94479879-5.53159953e-02j, -0.14574891-1.51709023e-01j],
          [-0.00166266+9.71782072e-04j, -0.02072662-1.65557881e-02j,
            0.02888246-2.08384685e-01j,  0.82465199-5.24388532e-01j]],
         input_dims=(2, 2), output_dims=(2, 2))"
"Operator([[ 0.82465199-5.24388532e-01j, -0.16846759-1.26004147e-01j,
           -0.00296778+2.63605651e-02j,  0.00160415-1.06559645e-03j],
          [ 0.06236614-2.00919978e-01j,  0.94479879-5.53159953e-02j,
           -0.15227657-1.90118849e-01j, -0.00296778+2.63605651e-02j],
          [-0.01432176-2.23287768e-02j,  0.12820263-2.07116914e-01j,
            0.94479879-5.53159953e-02j, -0.16846759-1.26004147e-01j],
          [-0.00192435+7.54314868e-05j, -0.01432176-2.23287768e-02j,
            0.06236614-2.00919978e-01j,  0.82465199-5.24388532e-01j]],
         input_dims=(2, 2), output_dims=(2, 2))"
"Operator([[ 0.82465199-5.24388532e-01j, -0.13530872-1.61089801e-01j,
           -0.01436101+2.23035544e-02j,  0.0019155 +1.99136443e-04j],
          [ 0.01492327-2.09846776e-01j,  0.94479879-5.53159953e-02j,
           -0.10492867-2.19825622e-01j, -0.01436101+2.23035544e-02j],
          [-0.02274526-1.36506555e-02j,  0.07761375-2.30888361e-01j,
            0.94479879-5.53159953e-02j, -0.13530872-1.61089801e-01j],
          [-0.00143622+1.28299764e-03j, -0.02274526-1.36506555e-02j,
            0.01492327-2.09846776e-01j,  0.82465199-5.24388532e-01j]],
         input_dims=(2, 2), output_dims=(2, 2))"
