unitary
"Operator([[-0.74011024-0.08357735j, -0.51025101-0.11896688j,
           -0.35690125+0.1390409j ,  0.06804252+0.1392903j ],
          [-0.46249399+0.24618799j,  0.25498727+0.15159152j,
            0.21250962-0.66754856j, -0.35690125+0.1390409j ],
          [ 0.08997862+0.37230998j, -0.27926093-0.64249105j,
            0.25498727+0.15159152j, -0.51025101-0.11896688j],
          [ 0.07870754-0.13355409j,  0.08997862+0.37230998j,
           -0.46249399+0.24618799j, -0.74011024-0.08357735j]],
         input_dims=(2, 2), output_dims=(2, 2))"
"Operator([[-0.74011024-0.08357735j,  0.51951201-0.06794472j,
           -0.17724429+0.33955167j, -0.15490291-0.00605489j],
          [ 0.51951201-0.06794472j,  0.25498727+0.15159152j,
            0.03564974+0.69965028j, -0.17724429+0.33955167j],
          [-0.17724429+0.33955167j,  0.03564974+0.69965028j,
            0.25498727+0.15159152j,  0.51951201-0.06794472j],
          [-0.15490291-0.00605489j, -0.17724429+0.33955167j,
            0.51951201-0.06794472j, -0.74011024-0.08357735j]],
         input_dims=(2, 2), output_dims=(2, 2))"
"Operator([[-0.74011024-0.08357735j, -0.02127299-0.52350422j,
            0.23482814-0.30259976j,  0.04690224-0.14775572j],
          [ 0.11407336+0.51136726j,  0.25498727+0.15159152j,
            0.70003814+0.02698196j,  0.23482814-0.30259976j],
          [ 0.11400481-0.36566894j, -0.69367003+0.09799649j,
            0.25498727+0.15159152j, -0.02127299-0.52350422j],
          [ 0.03522571+0.15096596j,  0.11400481-0.36566894j,
            0.11407336+0.51136726j, -0.74011024-0.08357735j]],
         input_dims=(2, 2), output_dims=(2, 2))"
"Operator([[-0.74011024-0.08357735j, -0.16342631-0.4977962j ,
            0.04081322-0.38084794j, -0.07735353-0.13434286j],
          [-0.0299101 +0.52308183j,  0.25498727+0.15159152j,
            0.68079774-0.16521457j,  0.04081322-0.38084794j],
          [ 0.28912779-0.25122897j, -0.69406479-0.0951603j ,
            0.25498727+0.15159152j, -0.16342631-0.4977962j ],
          [-0.08760396+0.12789495j,  0.28912779-0.25122897j,
           -0.0299101 +0.52308183j, -0.74011024-0.08357735j]],
         input_dims=(2, 2), output_dims=(2, 2))"
"Operator([[-0.74011024-0.08357735j,  0.51951201-0.06794472j,
           -0.17724429+0.33955167j, -0.15490291-0.00605489j],
          [ 0.51951201-0.06794472j,  0.25498727+0.15159152j,
            0.03564974+0.69965028j, -0.17724429+0.33955167j],
          [-0.17724429+0.33955167j,  0.03564974+0.69965028j,
            0.25498727+0.15159152j,  0.51951201-0.06794472j],
          [-0.15490291-0.00605489j, -0.17724429+0.33955167j,
            0.51951201-0.06794472j, -0.74011024-0.08357735j]],
         input_dims=(2, 2), output_dims=(2, 2))"
