unitary
"Operator([[ 9.71100551e-01-2.22516375e-01j,
            1.07548977e-02+8.55328473e-02j,
           -4.29819156e-03+3.95089414e-04j,
           -1.55513744e-05-1.23745662e-04j],
          [ 1.07548977e-02+8.55328473e-02j,
            9.90974800e-01-2.45305156e-02j,
            2.47688655e-03+9.95534991e-02j,
           -4.29819156e-03+3.95089414e-04j],
          [-4.29819156e-03+3.95089414e-04j,
            2.47688655e-03+9.95534991e-02j,
            9.90974800e-01-2.45305156e-02j,
            1.07548977e-02+8.55328473e-02j],
          [-1.55513744e-05-1.23745662e-04j,
           -4.29819156e-03+3.95089414e-04j,
            1.07548977e-02+8.55328473e-02j,
            9.71100551e-01-2.22516375e-01j]],
         input_dims=(2, 2), output_dims=(2, 2))"
"Operator([[ 9.71100551e-01-2.22516375e-01j,
            8.59740724e-02-6.32413269e-03j,
            4.31601865e-03+5.02923993e-05j,
            1.24663070e-04+3.73537264e-06j],
          [-8.48634317e-02+1.51569700e-02j,
            9.90974800e-01-2.45305156e-02j,
            9.95485933e-02+2.66678101e-03j,
            4.31601865e-03+5.02923993e-05j],
          [ 4.23452702e-03-8.36257853e-04j,
           -9.92928092e-02+7.61394610e-03j,
            9.90974800e-01-2.45305156e-02j,
            8.59740724e-02-6.32413269e-03j],
          [-1.19862302e-04+3.44653841e-05j,
            4.23452702e-03-8.36257853e-04j,
           -8.48634317e-02+1.51569700e-02j,
            9.71100551e-01-2.22516375e-01j]],
         input_dims=(2, 2), output_dims=(2, 2))"
"Operator([[ 9.71100551e-01-2.22516375e-01j,
            8.43019513e-02-1.80198998e-02j,
            4.16826767e-03-1.12075463e-03j,
            1.15751621e-04-4.64370137e-05j],
          [-8.61388338e-02+3.41131945e-03j,
            9.90974800e-01-2.45305156e-02j,
            9.89783065e-02-1.09694570e-02j,
            4.16826767e-03-1.12075463e-03j],
          [ 4.30273323e-03+3.42100930e-04j,
           -9.94013463e-02-6.03378021e-03j,
            9.90974800e-01-2.45305156e-02j,
            8.43019513e-02-1.80198998e-02j],
          [-1.23642430e-04-1.63518659e-05j,
            4.30273323e-03+3.42100930e-04j,
           -8.61388338e-02+3.41131945e-03j,
            9.71100551e-01-2.22516375e-01j]],
         input_dims=(2, 2), output_dims=(2, 2))"
"Operator([[ 9.71100551e-01-2.22516375e-01j,
            1.07548977e-02+8.55328473e-02j,
           -4.29819156e-03+3.95089414e-04j,
           -1.55513744e-05-1.23745662e-04j],
          [ 1.07548977e-02+8.55328473e-02j,
            9.90974800e-01-2.45305156e-02j,
            2.47688655e-03+9.95534991e-02j,
           -4.29819156e-03+3.95089414e-04j],
          [-4.29819156e-03+3.95089414e-04j,
            2.47688655e-03+9.95534991e-02j,
            9.90974800e-01-2.45305156e-02j,
            1.07548977e-02+8.55328473e-02j],
          [-1.55513744e-05-1.23745662e-04j,
           -4.29819156e-03+3.95089414e-04j,
            1.07548977e-02+8.55328473e-02j,
            9.71100551e-01-2.22516375e-01j]],
         input_dims=(2, 2), output_dims=(2, 2))"
"Operator([[ 9.71100551e-01-2.22516375e-01j,
            7.89712014e-02-3.45700034e-02j,
            3.39192932e-03-2.66933733e-03j,
            6.86781125e-05-1.04106440e-04j],
          [-8.50712638e-02-1.39433087e-02j,
            9.90974800e-01-2.45305156e-02j,
            9.47638244e-02-3.06080337e-02j,
            3.39192932e-03-2.66933733e-03j],
          [ 3.82170986e-03+2.00626021e-03j,
           -9.61686878e-02-2.58576415e-02j,
            9.90974800e-01-2.45305156e-02j,
            7.89712014e-02-3.45700034e-02j],
          [-9.23022195e-05-8.38757077e-05j,
            3.82170986e-03+2.00626021e-03j,
           -8.50712638e-02-1.39433087e-02j,
            9.71100551e-01-2.22516375e-01j]],
         input_dims=(2, 2), output_dims=(2, 2))"
"Operator([[ 9.71100551e-01-2.22516375e-01j,
            1.07548977e-02+8.55328473e-02j,
           -4.29819156e-03+3.95089414e-04j,
           -1.55513744e-05-1.23745662e-04j],
          [ 1.07548977e-02+8.55328473e-02j,
            9.90974800e-01-2.45305156e-02j,
            2.47688655e-03+9.95534991e-02j,
           -4.29819156e-03+3.95089414e-04j],
          [-4.29819156e-03+3.95089414e-04j,
            2.47688655e-03+9.95534991e-02j,
            9.90974800e-01-2.45305156e-02j,
            1.07548977e-02+8.55328473e-02j],
          [-1.55513744e-05-1.23745662e-04j,
           -4.29819156e-03+3.95089414e-04j,
            1.07548977e-02+8.55328473e-02j,
            9.71100551e-01-2.22516375e-01j]],
         input_dims=(2, 2), output_dims=(2, 2))"
"Operator([[ 9.71100551e-01-2.22516375e-01j,
            1.07548977e-02+8.55328473e-02j,
           -4.29819156e-03+3.95089414e-04j,
           -1.55513744e-05-1.23745662e-04j],
          [ 1.07548977e-02+8.55328473e-02j,
            9.90974800e-01-2.45305156e-02j,
            2.47688655e-03+9.95534991e-02j,
           -4.29819156e-03+3.95089414e-04j],
          [-4.29819156e-03+3.95089414e-04j,
            2.47688655e-03+9.95534991e-02j,
            9.90974800e-01-2.45305156e-02j,
            1.07548977e-02+8.55328473e-02j],
          [-1.55513744e-05-1.23745662e-04j,
           -4.29819156e-03+3.95089414e-04j,
            1.07548977e-02+8.55328473e-02j,
            9.71100551e-01-2.22516375e-01j]],
         input_dims=(2, 2), output_dims=(2, 2))"
"Operator([[ 9.71100551e-01-2.22516375e-01j,
            1.07548977e-02+8.55328473e-02j,
           -4.29819156e-03+3.95089414e-04j,
           -1.55513744e-05-1.23745662e-04j],
          [ 1.07548977e-02+8.55328473e-02j,
            9.90974800e-01-2.45305156e-02j,
            2.47688655e-03+9.95534991e-02j,
           -4.29819156e-03+3.95089414e-04j],
          [-4.29819156e-03+3.95089414e-04j,
            2.47688655e-03+9.95534991e-02j,
            9.90974800e-01-2.45305156e-02j,
            1.07548977e-02+8.55328473e-02j],
          [-1.55513744e-05-1.23745662e-04j,
           -4.29819156e-03+3.95089414e-04j,
            1.07548977e-02+8.55328473e-02j,
            9.71100551e-01-2.22516375e-01j]],
         input_dims=(2, 2), output_dims=(2, 2))"
"Operator([[ 9.71100551e-01-2.22516375e-01j,
            7.77279507e-02-3.72813823e-02j,
            3.19922469e-03-2.89750025e-03j,
            5.75207041e-05-1.10662562e-04j],
          [-8.45379588e-02-1.68780716e-02j,
            9.90974800e-01-2.45305156e-02j,
            9.36481876e-02-3.38681429e-02j,
            3.19922469e-03-2.89750025e-03j],
          [ 3.67382837e-03+2.26572978e-03j,
           -9.52165537e-02-2.91691967e-02j,
            9.90974800e-01-2.45305156e-02j,
            7.77279507e-02-3.72813823e-02j],
          [-8.31139824e-05-9.29887090e-05j,
            3.67382837e-03+2.26572978e-03j,
           -8.45379588e-02-1.68780716e-02j,
            9.71100551e-01-2.22516375e-01j]],
         input_dims=(2, 2), output_dims=(2, 2))"
"Operator([[ 9.71100551e-01-2.22516375e-01j,
            8.10326386e-02-2.94150858e-02j,
            3.70674985e-03-2.21145922e-03j,
            8.73921934e-05-8.89799900e-05j],
          [-8.57923494e-02-8.43851675e-03j,
            9.90974800e-01-2.45305156e-02j,
            9.65374867e-02-2.44447910e-02j,
            3.70674985e-03-2.21145922e-03j],
          [ 4.04778399e-03+1.49866310e-03j,
           -9.76336630e-02-1.96138216e-02j,
            9.90974800e-01-2.45305156e-02j,
            8.10326386e-02-2.94150858e-02j],
          [-1.06691538e-04-6.45890843e-05j,
            4.04778399e-03+1.49866310e-03j,
           -8.57923494e-02-8.43851675e-03j,
            9.71100551e-01-2.22516375e-01j]],
         input_dims=(2, 2), output_dims=(2, 2))"
