unitary
"Operator([[ 0.36987224-0.83919507j,  0.22909293+0.31027511j,
           -0.08958706+0.04413662j, -0.00866545-0.01195714j],
          [ 0.22909293+0.31027511j,  0.79549348-0.07168081j,
            0.04897584+0.44824686j, -0.08958706+0.04413662j],
          [-0.08958706+0.04413662j,  0.04897584+0.44824686j,
            0.79549348-0.07168081j,  0.22909293+0.31027511j],
          [-0.00866545-0.01195714j, -0.08958706+0.04413662j,
            0.22909293+0.31027511j,  0.36987224-0.83919507j]],
         input_dims=(2, 2), output_dims=(2, 2))"
"Operator([[ 0.36987224-0.83919507j,  0.22909293+0.31027511j,
           -0.08958706+0.04413662j, -0.00866545-0.01195714j],
          [ 0.22909293+0.31027511j,  0.79549348-0.07168081j,
            0.04897584+0.44824686j, -0.08958706+0.04413662j],
          [-0.08958706+0.04413662j,  0.04897584+0.44824686j,
            0.79549348-0.07168081j,  0.22909293+0.31027511j],
          [-0.00866545-0.01195714j, -0.08958706+0.04413662j,
            0.22909293+0.31027511j,  0.36987224-0.83919507j]],
         input_dims=(2, 2), output_dims=(2, 2))"
"Operator([[ 0.36987224-0.83919507j, -0.29788516-0.24498704j,
           -0.05802585+0.08128273j,  0.01446046+0.00299304j],
          [-0.14644787-0.3568014j ,  0.79549348-0.07168081j,
           -0.15688397-0.42274259j, -0.05802585+0.08128273j],
          [-0.09980715-0.00352356j,  0.06189377-0.44664643j,
            0.79549348-0.07168081j, -0.29788516-0.24498704j],
          [-0.00165723+0.01467368j, -0.09980715-0.00352356j,
           -0.14644787-0.3568014j ,  0.36987224-0.83919507j]],
         input_dims=(2, 2), output_dims=(2, 2))"
"Operator([[ 0.36987224-0.83919507j, -0.18270477+0.33966629j,
            0.02281225-0.09722903j,  0.00547992+0.01371254j],
          [ 0.3783981 -0.07462637j,  0.79549348-0.07168081j,
           -0.38438797+0.2357324j ,  0.02281225-0.09722903j],
          [ 0.09099255+0.04116111j,  0.4262236 +0.14716427j,
            0.79549348-0.07168081j, -0.18270477+0.33966629j],
          [ 0.01132528+0.00947635j,  0.09099255+0.04116111j,
            0.3783981 -0.07462637j,  0.36987224-0.83919507j]],
         input_dims=(2, 2), output_dims=(2, 2))"
