unitary
"Operator([[-0.62820575+0.37233769j,  0.39234183-0.26931951j,
           -0.1207171 +0.41748586j, -0.21843222+0.0606414j ],
          [ 0.39234183-0.26931951j,  0.13847679+0.23244208j,
           -0.0441791 +0.71380032j, -0.1207171 +0.41748586j],
          [-0.1207171 +0.41748586j, -0.0441791 +0.71380032j,
            0.13847679+0.23244208j,  0.39234183-0.26931951j],
          [-0.21843222+0.0606414j , -0.1207171 +0.41748586j,
            0.39234183-0.26931951j, -0.62820575+0.37233769j]],
         input_dims=(2, 2), output_dims=(2, 2))"
"Operator([[-0.62820575+0.37233769j,  0.39234183-0.26931951j,
           -0.1207171 +0.41748586j, -0.21843222+0.0606414j ],
          [ 0.39234183-0.26931951j,  0.13847679+0.23244208j,
           -0.0441791 +0.71380032j, -0.1207171 +0.41748586j],
          [-0.1207171 +0.41748586j, -0.0441791 +0.71380032j,
            0.13847679+0.23244208j,  0.39234183-0.26931951j],
          [-0.21843222+0.0606414j , -0.1207171 +0.41748586j,
            0.39234183-0.26931951j, -0.62820575+0.37233769j]],
         input_dims=(2, 2), output_dims=(2, 2))"
"Operator([[-0.62820575+0.37233769j, -0.08147151+0.46885765j,
            0.42021433+0.11084666j, -0.20115457-0.10453158j],
          [-0.46680783-0.09249625j,  0.13847679+0.23244208j,
           -0.47977565-0.5303565j ,  0.42021433+0.11084666j],
          [-0.41452558-0.13052051j,  0.54151387-0.46714603j,
            0.13847679+0.23244208j, -0.08147151+0.46885765j],
          [-0.11847895+0.1932686j , -0.41452558-0.13052051j,
           -0.46680783-0.09249625j, -0.62820575+0.37233769j]],
         input_dims=(2, 2), output_dims=(2, 2))"
"Operator([[-0.62820575+0.37233769j, -0.25083014+0.40441235j,
            0.22591227+0.37125558j,  0.01309626-0.22631505j],
          [-0.4675425 +0.08870806j,  0.13847679+0.23244208j,
           -0.2467399 -0.67125413j,  0.22591227+0.37125558j],
          [-0.38918359+0.19339905j,  0.32763123-0.6357047j ,
            0.13847679+0.23244208j, -0.25083014+0.40441235j],
          [ 0.12788966+0.18717438j, -0.38918359+0.19339905j,
           -0.4675425 +0.08870806j, -0.62820575+0.37233769j]],
         input_dims=(2, 2), output_dims=(2, 2))"
"Operator([[-0.62820575+0.37233769j, -0.05342132-0.47287553j,
            0.41371723-0.13306057j,  0.21099187-0.08290021j],
          [ 0.42207221+0.21981845j,  0.13847679+0.23244208j,
            0.60936471+0.37434922j,  0.41371723-0.13306057j],
          [-0.27886167-0.33332152j, -0.65087612+0.2963494j ,
            0.13847679+0.23244208j, -0.05342132-0.47287553j],
          [ 0.22353135-0.03773261j, -0.27886167-0.33332152j,
            0.42207221+0.21981845j, -0.62820575+0.37233769j]],
         input_dims=(2, 2), output_dims=(2, 2))"
"Operator([[-0.62820575+0.37233769j, -0.19007668+0.4362751j ,
            0.32222198+0.29161629j, -0.08304073-0.2109366j ],
          [-0.47543906+0.02056218j,  0.13847679+0.23244208j,
           -0.34069033-0.62880266j,  0.32222198+0.29161629j],
          [-0.42812893+0.07465042j,  0.41562979-0.5819919j ,
            0.13847679+0.23244208j, -0.19007668+0.4362751j ],
          [ 0.03758371+0.22355643j, -0.42812893+0.07465042j,
           -0.47543906+0.02056218j, -0.62820575+0.37233769j]],
         input_dims=(2, 2), output_dims=(2, 2))"
"Operator([[-0.62820575+0.37233769j, -0.4490859 +0.15743875j,
           -0.31483734+0.29957388j,  0.19646516+0.11309932j],
          [-0.30833369+0.36248509j,  0.13847679+0.23244208j,
            0.22916784-0.67745464j, -0.31483734+0.29957388j],
          [ 0.10637502+0.42136851j, -0.14387967-0.70054359j,
            0.13847679+0.23244208j, -0.4490859 +0.15743875j],
          [ 0.11004392-0.19819271j,  0.10637502+0.42136851j,
           -0.30833369+0.36248509j, -0.62820575+0.37233769j]],
         input_dims=(2, 2), output_dims=(2, 2))"
