unitary
"Operator([[ 9.05698036e-01-0.39428106j,  3.50208811e-02+0.15108236j,
           -1.39677146e-02+0.00234937j, -1.68104948e-04-0.00072655j],
          [ 3.50208811e-02+0.15108236j,  9.70446769e-01-0.04265846j,
            8.01347011e-03+0.17915398j, -1.39677146e-02+0.00234937j],
          [-1.39677146e-02+0.00234937j,  8.01347011e-03+0.17915398j,
            9.70446769e-01-0.04265846j,  3.50208811e-02+0.15108236j],
          [-1.68104948e-04-0.00072655j, -1.39677146e-02+0.00234937j,
            3.50208811e-02+0.15108236j,  9.05698036e-01-0.39428106j]],
         input_dims=(2, 2), output_dims=(2, 2))"
"Operator([[ 9.05698036e-01-0.39428106j,  1.49291321e-02+0.15436795j,
           -1.40985787e-02-0.00135893j,  1.23758242e-04-0.0007354j ],
          [ 5.45091452e-02+0.1451933j ,  9.70446769e-01-0.04265846j,
           -1.55226320e-02+0.17866005j, -1.40985787e-02-0.00135893j],
          [-1.28782235e-02+0.00589644j,  3.14114830e-02+0.17656071j,
            9.70446769e-01-0.04265846j,  1.49291321e-02+0.15436795j],
          [-4.34195508e-04-0.00060631j, -1.28782235e-02+0.00589644j,
            5.45091452e-02+0.1451933j ,  9.05698036e-01-0.39428106j]],
         input_dims=(2, 2), output_dims=(2, 2))"
"Operator([[ 9.05698036e-01-0.39428106j,  3.50208811e-02+0.15108236j,
           -1.39677146e-02+0.00234937j, -1.68104948e-04-0.00072655j],
          [ 3.50208811e-02+0.15108236j,  9.70446769e-01-0.04265846j,
            8.01347011e-03+0.17915398j, -1.39677146e-02+0.00234937j],
          [-1.39677146e-02+0.00234937j,  8.01347011e-03+0.17915398j,
            9.70446769e-01-0.04265846j,  3.50208811e-02+0.15108236j],
          [-1.68104948e-04-0.00072655j, -1.39677146e-02+0.00234937j,
            3.50208811e-02+0.15108236j,  9.05698036e-01-0.39428106j]],
         input_dims=(2, 2), output_dims=(2, 2))"
"Operator([[ 9.05698036e-01-0.39428106j,  5.61644688e-02+0.14456104j,
           -1.27401327e-02+0.00618915j, -4.54718638e-04-0.00059107j],
          [ 1.31644529e-02+0.15452844j,  9.70446769e-01-0.04265846j,
            3.34266971e-02+0.1761903j , -1.27401327e-02+0.00618915j],
          [-1.40638475e-02-0.00168072j, -1.75628689e-02+0.17847104j,
            9.70446769e-01-0.04265846j,  5.61644688e-02+0.14456104j],
          [ 1.48887847e-04-0.00073073j, -1.40638475e-02-0.00168072j,
            1.31644529e-02+0.15452844j,  9.05698036e-01-0.39428106j]],
         input_dims=(2, 2), output_dims=(2, 2))"
"Operator([[ 9.05698036e-01-0.39428106j,  4.23488885e-02+0.14919422j,
           -1.36723155e-02+0.00369924j, -2.72291358e-04-0.00069426j],
          [ 2.76094947e-02+0.15261081j,  9.70446769e-01-0.04265846j,
            1.67429425e-02+0.17854982j, -1.36723155e-02+0.00369924j],
          [-1.41301734e-02+0.00097714j, -7.35081083e-04+0.17933161j,
            9.70446769e-01-0.04265846j,  4.23488885e-02+0.14919422j],
          [-6.03221731e-05-0.0007433j , -1.41301734e-02+0.00097714j,
            2.76094947e-02+0.15261081j,  9.05698036e-01-0.39428106j]],
         input_dims=(2, 2), output_dims=(2, 2))"
"Operator([[ 9.05698036e-01-3.94281058e-01j,
           -2.38391354e-02+1.53245026e-01j,
           -1.17094308e-02-7.96905531e-03j,
            5.92833553e-04-4.52418913e-04j],
          [ 8.88296768e-02+1.27128404e-01j,
            9.70446769e-01-4.26584628e-02j,
           -5.93659710e-02+1.69221886e-01j,
           -1.17094308e-02-7.96905531e-03j],
          [-8.45806949e-03+1.13612355e-02j,
            7.42370920e-02+1.63245886e-01j,
            9.70446769e-01-4.26584628e-02j,
           -2.38391354e-02+1.53245026e-01j],
          [-7.31303301e-04-1.46047859e-04j,
           -8.45806949e-03+1.13612355e-02j,
            8.88296768e-02+1.27128404e-01j,
            9.05698036e-01-3.94281058e-01j]],
         input_dims=(2, 2), output_dims=(2, 2))"
"Operator([[ 9.05698036e-01-0.39428106j,  9.22730372e-02-0.12465163j,
           -1.05126005e-04-0.01416353j, -5.21246210e-04-0.00053333j],
          [-1.37704543e-01-0.07134284j,  9.70446769e-01-0.04265846j,
            1.31156287e-01-0.12230451j, -1.05126005e-04-0.01416353j],
          [ 4.53419035e-03+0.01341856j, -1.41551914e-01-0.11010641j,
            9.70446769e-01-0.04265846j,  9.22730372e-02-0.12465163j],
          [ 2.34018066e-04-0.00070807j,  4.53419035e-03+0.01341856j,
           -1.37704543e-01-0.07134284j,  9.05698036e-01-0.39428106j]],
         input_dims=(2, 2), output_dims=(2, 2))"
"Operator([[ 9.05698036e-01-0.39428106j,  3.50208811e-02+0.15108236j,
           -1.39677146e-02+0.00234937j, -1.68104948e-04-0.00072655j],
          [ 3.50208811e-02+0.15108236j,  9.70446769e-01-0.04265846j,
            8.01347011e-03+0.17915398j, -1.39677146e-02+0.00234937j],
          [-1.39677146e-02+0.00234937j,  8.01347011e-03+0.17915398j,
            9.70446769e-01-0.04265846j,  3.50208811e-02+0.15108236j],
          [-1.68104948e-04-0.00072655j, -1.39677146e-02+0.00234937j,
            3.50208811e-02+0.15108236j,  9.05698036e-01-0.39428106j]],
         input_dims=(2, 2), output_dims=(2, 2))"
"Operator([[ 9.05698036e-01-0.39428106j,  3.50208811e-02+0.15108236j,
           -1.39677146e-02+0.00234937j, -1.68104948e-04-0.00072655j],
          [ 3.50208811e-02+0.15108236j,  9.70446769e-01-0.04265846j,
            8.01347011e-03+0.17915398j, -1.39677146e-02+0.00234937j],
          [-1.39677146e-02+0.00234937j,  8.01347011e-03+0.17915398j,
            9.70446769e-01-0.04265846j,  3.50208811e-02+0.15108236j],
          [-1.68104948e-04-0.00072655j, -1.39677146e-02+0.00234937j,
            3.50208811e-02+0.15108236j,  9.05698036e-01-0.39428106j]],
         input_dims=(2, 2), output_dims=(2, 2))"
"Operator([[ 9.05698036e-01-0.39428106j,  1.54964672e-01+0.00618813j,
            1.32118701e-02+0.0051052j ,  6.25541854e-04+0.00040599j],
          [-1.36438416e-01+0.07373534j,  9.70446769e-01-0.04265846j,
            1.74892976e-01+0.0396587j ,  1.32118701e-02+0.0051052j ],
          [ 1.08147314e-02-0.00914649j, -1.70653803e-01+0.05511483j,
            9.70446769e-01-0.04265846j,  1.54964672e-01+0.00618813j],
          [-3.83642693e-04+0.00063949j,  1.08147314e-02-0.00914649j,
           -1.36438416e-01+0.07373534j,  9.05698036e-01-0.39428106j]],
         input_dims=(2, 2), output_dims=(2, 2))"
"Operator([[ 9.05698036e-01-0.39428106j,  1.54656647e-01+0.01156132j,
            1.28259938e-02+0.0060092j ,  5.79961169e-04+0.00046881j],
          [-1.33797815e-01+0.07842504j,  9.70446769e-01-0.04265846j,
            1.73411601e-01+0.04570319j,  1.28259938e-02+0.0060092j ],
          [ 1.01543497e-02-0.0098745j , -1.68638687e-01+0.06100294j,
            9.70446769e-01-0.04265846j,  1.54656647e-01+0.01156132j],
          [-3.15105257e-04+0.0006759j ,  1.01543497e-02-0.0098745j ,
           -1.33797815e-01+0.07842504j,  9.05698036e-01-0.39428106j]],
         input_dims=(2, 2), output_dims=(2, 2))"
