unitary
"Operator([[ 0.5190507 -0.78013744j, -0.12801419+0.31602943j,
           -0.00811636-0.07452993j,  0.0073735 +0.0058947j ],
          [ 0.33924035+0.03432519j,  0.84563433-0.07266066j,
           -0.29317817+0.26793049j, -0.00811636-0.07452993j],
          [ 0.04693865+0.05845809j,  0.33935194+0.2063503j ,
            0.84563433-0.07266066j, -0.12801419+0.31602943j],
          [ 0.0016686 +0.00929149j,  0.04693865+0.05845809j,
            0.33924035+0.03432519j,  0.5190507 -0.78013744j]],
         input_dims=(2, 2), output_dims=(2, 2))"
"Operator([[ 0.5190507 -0.78013744j, -0.33345115-0.07122191j,
            0.03310533+0.06726532j,  0.00142077-0.0093326j ],
          [ 0.09268219-0.32813449j,  0.84563433-0.07266066j,
           -0.31474773-0.24222727j,  0.03310533+0.06726532j],
          [-0.02412704-0.07098219j,  0.26211594-0.29838803j,
            0.84563433-0.07266066j, -0.33345115-0.07122191j],
          [-0.00888185-0.00319826j, -0.02412704-0.07098219j,
            0.09268219-0.32813449j,  0.5190507 -0.78013744j]],
         input_dims=(2, 2), output_dims=(2, 2))"
"Operator([[ 0.5190507 -0.78013744j,  0.17604954+0.2920082j ,
           -0.06926937+0.02867646j, -0.00482954-0.0081112j ],
          [ 0.17604954+0.2920082j ,  0.84563433-0.07266066j,
            0.03848421+0.39529628j, -0.06926937+0.02867646j],
          [-0.06926937+0.02867646j,  0.03848421+0.39529628j,
            0.84563433-0.07266066j,  0.17604954+0.2920082j ],
          [-0.00482954-0.0081112j , -0.06926937+0.02867646j,
            0.17604954+0.2920082j ,  0.5190507 -0.78013744j]],
         input_dims=(2, 2), output_dims=(2, 2))"
"Operator([[ 0.5190507 -0.78013744j,  0.17604954+0.2920082j ,
           -0.06926937+0.02867646j, -0.00482954-0.0081112j ],
          [ 0.17604954+0.2920082j ,  0.84563433-0.07266066j,
            0.03848421+0.39529628j, -0.06926937+0.02867646j],
          [-0.06926937+0.02867646j,  0.03848421+0.39529628j,
            0.84563433-0.07266066j,  0.17604954+0.2920082j ],
          [-0.00482954-0.0081112j , -0.06926937+0.02867646j,
            0.17604954+0.2920082j ,  0.5190507 -0.78013744j]],
         input_dims=(2, 2), output_dims=(2, 2))"
"Operator([[ 0.5190507 -0.78013744j, -0.2364882 -0.24563299j,
           -0.05002433+0.05584041j,  0.00882803+0.00334395j],
          [-0.10682298-0.32380717j,  0.84563433-0.07266066j,
           -0.12528865-0.37688584j, -0.05002433+0.05584041j],
          [-0.07485607-0.00414183j,  0.05024127-0.39397462j,
            0.84563433-0.07266066j, -0.2364882 -0.24563299j],
          [-0.00126704+0.00935471j, -0.07485607-0.00414183j,
           -0.10682298-0.32380717j,  0.5190507 -0.78013744j]],
         input_dims=(2, 2), output_dims=(2, 2))"
"Operator([[ 0.5190507 -0.78013744j, -0.18678414+0.28526114j,
            0.02080841-0.07202496j,  0.00289609+0.00898492j],
          [ 0.3394665 -0.0320114j ,  0.84563433-0.07266066j,
           -0.33950897+0.20609184j,  0.02080841-0.07202496j],
          [ 0.06562896+0.03624121j,  0.37288514+0.13673647j,
            0.84563433-0.07266066j, -0.18678414+0.28526114j],
          [ 0.00651903+0.00682776j,  0.06562896+0.03624121j,
            0.3394665 -0.0320114j ,  0.5190507 -0.78013744j]],
         input_dims=(2, 2), output_dims=(2, 2))"
"Operator([[ 0.5190507 -0.78013744j, -0.33975048+0.02884176j,
            0.06494108+0.03745987j, -0.00632533-0.00700759j],
          [ 0.18411366-0.28699198j,  0.84563433-0.07266066j,
           -0.37159273-0.14021066j,  0.06494108+0.03745987j],
          [ 0.01946043-0.07240081j,  0.33757072-0.20925151j,
            0.84563433-0.07266066j, -0.33975048+0.02884176j],
          [-0.00314649-0.00890032j,  0.01946043-0.07240081j,
            0.18411366-0.28699198j,  0.5190507 -0.78013744j]],
         input_dims=(2, 2), output_dims=(2, 2))"
