unitary
"Operator([[ 9.05698036e-01-0.39428106j,  3.50208811e-02+0.15108236j,
           -1.39677146e-02+0.00234937j, -1.68104948e-04-0.00072655j],
          [ 3.50208811e-02+0.15108236j,  9.70446769e-01-0.04265846j,
            8.01347011e-03+0.17915398j, -1.39677146e-02+0.00234937j],
          [-1.39677146e-02+0.00234937j,  8.01347011e-03+0.17915398j,
            9.70446769e-01-0.04265846j,  3.50208811e-02+0.15108236j],
          [-1.68104948e-04-0.00072655j, -1.39677146e-02+0.00234937j,
            3.50208811e-02+0.15108236j,  9.05698036e-01-0.39428106j]],
         input_dims=(2, 2), output_dims=(2, 2))"
"Operator([[ 9.05698036e-01-0.39428106j,  3.50208811e-02+0.15108236j,
           -1.39677146e-02+0.00234937j, -1.68104948e-04-0.00072655j],
          [ 3.50208811e-02+0.15108236j,  9.70446769e-01-0.04265846j,
            8.01347011e-03+0.17915398j, -1.39677146e-02+0.00234937j],
          [-1.39677146e-02+0.00234937j,  8.01347011e-03+0.17915398j,
            9.70446769e-01-0.04265846j,  3.50208811e-02+0.15108236j],
          [-1.68104948e-04-0.00072655j, -1.39677146e-02+0.00234937j,
            3.50208811e-02+0.15108236j,  9.05698036e-01-0.39428106j]],
         input_dims=(2, 2), output_dims=(2, 2))"
"Operator([[ 9.05698036e-01-0.39428106j,  3.50208811e-02+0.15108236j,
           -1.39677146e-02+0.00234937j, -1.68104948e-04-0.00072655j],
          [ 3.50208811e-02+0.15108236j,  9.70446769e-01-0.04265846j,
            8.01347011e-03+0.17915398j, -1.39677146e-02+0.00234937j],
          [-1.39677146e-02+0.00234937j,  8.01347011e-03+0.17915398j,
            9.70446769e-01-0.04265846j,  3.50208811e-02+0.15108236j],
          [-1.68104948e-04-0.00072655j, -1.39677146e-02+0.00234937j,
            3.50208811e-02+0.15108236j,  9.05698036e-01-0.39428106j]],
         input_dims=(2, 2), output_dims=(2, 2))"
"Operator([[ 9.05698036e-01-3.94281058e-01j,
            4.46511814e-02-1.48521428e-01j,
           -9.10077540e-03-1.08532253e-02j,
           -7.24597461e-04+1.76332113e-04j],
          [-1.05441057e-01-1.13730057e-01j,
            9.70446769e-01-4.26584628e-02j,
            8.20349823e-02-1.59469831e-01j,
           -9.10077540e-03-1.08532253e-02j],
          [-5.04941526e-03+1.32332920e-02j,
           -9.59449079e-02-1.51508877e-01j,
            9.70446769e-01-4.26584628e-02j,
            4.46511814e-02-1.48521428e-01j],
          [ 7.28409569e-04-1.59856170e-04j,
           -5.04941526e-03+1.32332920e-02j,
           -1.05441057e-01-1.13730057e-01j,
            9.05698036e-01-3.94281058e-01j]],
         input_dims=(2, 2), output_dims=(2, 2))"
"Operator([[ 9.05698036e-01-3.94281058e-01j,
            1.71262770e-02-1.54139655e-01j,
           -1.23599347e-02-6.91727006e-03j,
           -5.28650763e-04+5.25987514e-04j],
          [-8.31950151e-02-1.30885186e-01j,
            9.70446769e-01-4.26584628e-02j,
            5.19217489e-02-1.71652257e-01j,
           -1.23599347e-02-6.91727006e-03j],
          [-9.41686543e-03+1.05801350e-02j,
           -6.70395826e-02-1.66331175e-01j,
            9.70446769e-01-4.26584628e-02j,
            1.71262770e-02-1.54139655e-01j],
          [ 7.05957103e-04+2.40331155e-04j,
           -9.41686543e-03+1.05801350e-02j,
           -8.31950151e-02-1.30885186e-01j,
            9.05698036e-01-3.94281058e-01j]],
         input_dims=(2, 2), output_dims=(2, 2))"
"Operator([[ 9.05698036e-01-0.39428106j,  3.50208811e-02+0.15108236j,
           -1.39677146e-02+0.00234937j, -1.68104948e-04-0.00072655j],
          [ 3.50208811e-02+0.15108236j,  9.70446769e-01-0.04265846j,
            8.01347011e-03+0.17915398j, -1.39677146e-02+0.00234937j],
          [-1.39677146e-02+0.00234937j,  8.01347011e-03+0.17915398j,
            9.70446769e-01-0.04265846j,  3.50208811e-02+0.15108236j],
          [-1.68104948e-04-0.00072655j, -1.39677146e-02+0.00234937j,
            3.50208811e-02+0.15108236j,  9.05698036e-01-0.39428106j]],
         input_dims=(2, 2), output_dims=(2, 2))"
"Operator([[ 9.05698036e-01-0.39428106j, -5.63671161e-02-0.14448215j,
           -1.27227258e-02+0.00622486j,  4.57200998e-04+0.00058915j],
          [-1.29477612e-02-0.15454675j,  9.70446769e-01-0.04265846j,
           -3.36737171e-02-0.17614325j, -1.27227258e-02+0.00622486j],
          [-1.40590788e-02-0.00172015j,  1.78131026e-02-0.17844623j,
            9.70446769e-01-0.04265846j, -5.63671161e-02-0.14448215j],
          [-1.51960397e-04+0.0007301j , -1.40590788e-02-0.00172015j,
           -1.29477612e-02-0.15454675j,  9.05698036e-01-0.39428106j]],
         input_dims=(2, 2), output_dims=(2, 2))"
"Operator([[ 9.05698036e-01-3.94281058e-01j,
           -8.71429676e-02-1.28290474e-01j,
           -8.75518441e-03+1.11338833e-02j,
            7.24944211e-04+1.74901073e-04j],
          [ 2.18131766e-02-1.53546500e-01j,
            9.70446769e-01-4.26584628e-02j,
           -7.20746583e-02-1.64212085e-01j,
           -8.75518441e-03+1.11338833e-02j],
          [-1.19158195e-02-7.65701365e-03j,
            5.71259103e-02-1.69991163e-01j,
            9.70446769e-01-4.26584628e-02j,
           -8.71429676e-02-1.28290474e-01j],
          [-5.74447400e-04+4.75546717e-04j,
           -1.19158195e-02-7.65701365e-03j,
            2.18131766e-02-1.53546500e-01j,
            9.05698036e-01-3.94281058e-01j]],
         input_dims=(2, 2), output_dims=(2, 2))"
"Operator([[ 9.05698036e-01-3.94281058e-01j,
           -1.03276980e-01-1.15698781e-01j,
           -5.54497840e-03+1.30334119e-02j,
            7.36285335e-04-1.18399324e-04j],
          [ 4.18416425e-02-1.49337267e-01j,
            9.70446769e-01-4.26584628e-02j,
           -9.30698895e-02-1.53291751e-01j,
           -5.54497840e-03+1.30334119e-02j],
          [-9.50367989e-03-1.05022226e-02j,
            7.90122695e-02-1.60988902e-01j,
            9.70446769e-01-4.26584628e-02j,
           -1.03276980e-01-1.15698781e-01j],
          [-7.13463563e-04+2.17035111e-04j,
           -9.50367989e-03-1.05022226e-02j,
            4.18416425e-02-1.49337267e-01j,
            9.05698036e-01-3.94281058e-01j]],
         input_dims=(2, 2), output_dims=(2, 2))"
"Operator([[ 9.05698036e-01-3.94281058e-01j,
           -1.01554765e-01-1.17213361e-01j,
           -5.92798015e-03+1.28637344e-02j,
            7.40811901e-04-8.56283932e-05j],
          [ 3.96287089e-02-1.49939681e-01j,
            9.70446769e-01-4.26584628e-02j,
           -9.07928766e-02-1.54651281e-01j,
           -5.92798015e-03+1.28637344e-02j],
          [-9.81009741e-03-1.02165846e-02j,
            7.66229703e-02-1.62139710e-01j,
            9.70446769e-01-4.26584628e-02j,
           -1.01554765e-01-1.17213361e-01j],
          [-7.03135987e-04+2.48463838e-04j,
           -9.81009741e-03-1.02165846e-02j,
            3.96287089e-02-1.49939681e-01j,
            9.05698036e-01-3.94281058e-01j]],
         input_dims=(2, 2), output_dims=(2, 2))"
"Operator([[ 9.05698036e-01-3.94281058e-01j,
           -8.17415004e-02-1.31797836e-01j,
           -9.64871144e-03+1.03691359e-02j,
            6.97590620e-04+2.63631981e-04j],
          [ 1.54194660e-02-1.54319741e-01j,
            9.70446769e-01-4.26584628e-02j,
           -6.51947997e-02-1.67062872e-01j,
           -9.64871144e-03+1.03691359e-02j],
          [-1.25099958e-02-6.64203403e-03j,
            5.00190068e-02-1.72216330e-01j,
            9.70446769e-01-4.26584628e-02j,
           -8.17415004e-02-1.31797836e-01j],
          [-5.10900022e-04+5.43245490e-04j,
           -1.25099958e-02-6.64203403e-03j,
            1.54194660e-02-1.54319741e-01j,
            9.05698036e-01-3.94281058e-01j]],
         input_dims=(2, 2), output_dims=(2, 2))"
