unitary
"Operator([[-0.74011024-0.08357735j,  0.28804582+0.43765148j,
           -0.1572326 -0.34926892j,  0.15005781+0.03891304j],
          [ 0.16580566-0.49700875j,  0.25498727+0.15159152j,
           -0.61380256+0.33768007j, -0.1572326 -0.34926892j],
          [ 0.37644897-0.07068979j,  0.64494657+0.2735422j ,
            0.25498727+0.15159152j,  0.28804582+0.43765148j],
          [ 0.15263742-0.02708119j,  0.37644897-0.07068979j,
            0.16580566-0.49700875j, -0.74011024-0.08357735j]],
         input_dims=(2, 2), output_dims=(2, 2))"
"Operator([[-0.74011024-0.08357735j,  0.12111551+0.50974527j,
            0.10387547-0.36867433j,  0.04144053+0.14937957j],
          [-0.01405058-0.52374783j,  0.25498727+0.15159152j,
           -0.69225244+0.10755456j,  0.10387547-0.36867433j],
          [ 0.24308518-0.29600755j,  0.6995994 +0.03663462j,
            0.25498727+0.15159152j,  0.12111551+0.50974527j],
          [ 0.05297427-0.14568905j,  0.24308518-0.29600755j,
           -0.01405058-0.52374783j, -0.74011024-0.08357735j]],
         input_dims=(2, 2), output_dims=(2, 2))"
"Operator([[-0.74011024-0.08357735j, -0.47004234+0.23145067j,
            0.06628139+0.37725011j,  0.09099773-0.12550293j],
          [-0.51375544-0.10278402j,  0.25498727+0.15159152j,
           -0.25881936-0.65099459j,  0.06628139+0.37725011j],
          [-0.34740578+0.16130746j,  0.19130959-0.67393031j,
            0.25498727+0.15159152j, -0.47004234+0.23145067j],
          [ 0.08092366+0.13222304j, -0.34740578+0.16130746j,
           -0.51375544-0.10278402j, -0.74011024-0.08357735j]],
         input_dims=(2, 2), output_dims=(2, 2))"
"Operator([[-0.74011024-0.08357735j,  0.08332688-0.51726767j,
            0.33425311-0.18704473j,  0.12223419-0.09534346j],
          [ 0.21355121+0.47844027j,  0.25498727+0.15159152j,
            0.68066855+0.16574604j,  0.33425311-0.18704473j],
          [-0.03764571-0.38117407j, -0.6602963 +0.2340731j ,
            0.25498727+0.15159152j,  0.08332688-0.51726767j],
          [ 0.11441897+0.10459384j, -0.03764571-0.38117407j,
            0.21355121+0.47844027j, -0.74011024-0.08357735j]],
         input_dims=(2, 2), output_dims=(2, 2))"
"Operator([[-0.74011024-0.08357735j,  0.51401838-0.1014609j ,
           -0.13184993+0.35961989j, -0.15315228+0.02399902j],
          [ 0.52282259-0.03414304j,  0.25498727+0.15159152j,
            0.08090484+0.69587055j, -0.13184993+0.35961989j],
          [-0.21966259+0.31378212j, -0.00975517+0.70049001j,
            0.25498727+0.15159152j,  0.51401838-0.1014609j ],
          [-0.15081169-0.03588046j, -0.21966259+0.31378212j,
            0.52282259-0.03414304j, -0.74011024-0.08357735j]],
         input_dims=(2, 2), output_dims=(2, 2))"
"Operator([[-0.74011024-0.08357735j, -0.29521386-0.43284869j,
           -0.16864905-0.34390169j, -0.15179644-0.03145493j],
          [-0.17396775+0.49421092j,  0.25498727+0.15159152j,
            0.60815853-0.34774218j, -0.16864905-0.34390169j],
          [ 0.37857267-0.05825466j, -0.64035451-0.28412588j,
            0.25498727+0.15159152j, -0.29521386-0.43284869j],
          [-0.15378858+0.01951013j,  0.37857267-0.05825466j,
           -0.17396775+0.49421092j, -0.74011024-0.08357735j]],
         input_dims=(2, 2), output_dims=(2, 2))"
"Operator([[-0.74011024-0.08357735j, -0.50534959-0.13831487j,
           -0.36644957+0.11147009j,  0.05171362+0.14614128j],
          [-0.45278165+0.26362471j,  0.25498727+0.15159152j,
            0.23778085-0.65897017j, -0.36644957+0.11147009j],
          [ 0.11805788+0.36438058j, -0.30352934-0.63138844j,
            0.25498727+0.15159152j, -0.50534959-0.13831487j],
          [ 0.06296324-0.14165875j,  0.11805788+0.36438058j,
           -0.45278165+0.26362471j, -0.74011024-0.08357735j]],
         input_dims=(2, 2), output_dims=(2, 2))"
"Operator([[-0.74011024-0.08357735j,  0.51951201-0.06794472j,
           -0.17724429+0.33955167j, -0.15490291-0.00605489j],
          [ 0.51951201-0.06794472j,  0.25498727+0.15159152j,
            0.03564974+0.69965028j, -0.17724429+0.33955167j],
          [-0.17724429+0.33955167j,  0.03564974+0.69965028j,
            0.25498727+0.15159152j,  0.51951201-0.06794472j],
          [-0.15490291-0.00605489j, -0.17724429+0.33955167j,
            0.51951201-0.06794472j, -0.74011024-0.08357735j]],
         input_dims=(2, 2), output_dims=(2, 2))"
"Operator([[-0.74011024-0.08357735j,  0.51951201-0.06794472j,
           -0.17724429+0.33955167j, -0.15490291-0.00605489j],
          [ 0.51951201-0.06794472j,  0.25498727+0.15159152j,
            0.03564974+0.69965028j, -0.17724429+0.33955167j],
          [-0.17724429+0.33955167j,  0.03564974+0.69965028j,
            0.25498727+0.15159152j,  0.51951201-0.06794472j],
          [-0.15490291-0.00605489j, -0.17724429+0.33955167j,
            0.51951201-0.06794472j, -0.74011024-0.08357735j]],
         input_dims=(2, 2), output_dims=(2, 2))"
"Operator([[-0.74011024-0.08357735j,  0.51951201-0.06794472j,
           -0.17724429+0.33955167j, -0.15490291-0.00605489j],
          [ 0.51951201-0.06794472j,  0.25498727+0.15159152j,
            0.03564974+0.69965028j, -0.17724429+0.33955167j],
          [-0.17724429+0.33955167j,  0.03564974+0.69965028j,
            0.25498727+0.15159152j,  0.51951201-0.06794472j],
          [-0.15490291-0.00605489j, -0.17724429+0.33955167j,
            0.51951201-0.06794472j, -0.74011024-0.08357735j]],
         input_dims=(2, 2), output_dims=(2, 2))"
