unitary
"Operator([[ 8.86340847e-01-0.43033515j,  4.21826807e-02+0.16473853j,
           -1.68138086e-02+0.00311693j, -2.45314235e-04-0.00096019j],
          [ 4.21826807e-02+0.16473853j,  9.64342661e-01-0.04628868j,
            9.63322217e-03+0.19646172j, -1.68138086e-02+0.00311693j],
          [-1.68138086e-02+0.00311693j,  9.63322217e-03+0.19646172j,
            9.64342661e-01-0.04628868j,  4.21826807e-02+0.16473853j],
          [-2.45314235e-04-0.00096019j, -1.68138086e-02+0.00311693j,
            4.21826807e-02+0.16473853j,  8.86340847e-01-0.43033515j]],
         input_dims=(2, 2), output_dims=(2, 2))"
"Operator([[ 8.86340847e-01-4.30335148e-01j,
            1.62352771e-01-5.05938740e-02j,
            1.64050049e-02-4.82651417e-03j,
            9.11100112e-04-3.89930900e-04j],
          [-1.66688835e-01+3.36599850e-02j,
            9.64342661e-01-4.62886825e-02j,
            1.95706957e-01-1.97178883e-02j,
            1.64050049e-02-4.82651417e-03j],
          [ 1.70449525e-02-1.37441516e-03j,
           -1.96697180e-01-4.76907663e-04j,
            9.64342661e-01-4.62886825e-02j,
            1.62352771e-01-5.05938740e-02j],
          [-9.86483073e-04+9.48718471e-05j,
            1.70449525e-02-1.37441516e-03j,
           -1.66688835e-01+3.36599850e-02j,
            8.86340847e-01-4.30335148e-01j]],
         input_dims=(2, 2), output_dims=(2, 2))"
"Operator([[ 8.86340847e-01-4.30335148e-01j,
            1.57217494e-01-6.48137489e-02j,
            1.52922063e-02-7.65296351e-03j,
            7.76058008e-04-6.16346890e-04j],
          [-1.69019670e-01+1.87220089e-02j,
            9.64342661e-01-4.62886825e-02j,
            1.93182199e-01-3.70222365e-02j,
            1.52922063e-02-7.65296351e-03j],
          [ 1.70192108e-02+1.66309598e-03j,
           -1.95877452e-01-1.79452480e-02j,
            9.64342661e-01-4.62886825e-02j,
            1.57217494e-01-6.48137489e-02j],
          [-9.76592518e-04-1.68572164e-04j,
            1.70192108e-02+1.66309598e-03j,
           -1.69019670e-01+1.87220089e-02j,
            8.86340847e-01-4.30335148e-01j]],
         input_dims=(2, 2), output_dims=(2, 2))"
"Operator([[ 8.86340847e-01-0.43033515j,  4.21826807e-02+0.16473853j,
           -1.68138086e-02+0.00311693j, -2.45314235e-04-0.00096019j],
          [ 4.21826807e-02+0.16473853j,  9.64342661e-01-0.04628868j,
            9.63322217e-03+0.19646172j, -1.68138086e-02+0.00311693j],
          [-1.68138086e-02+0.00311693j,  9.63322217e-03+0.19646172j,
            9.64342661e-01-0.04628868j,  4.21826807e-02+0.16473853j],
          [-2.45314235e-04-0.00096019j, -1.68138086e-02+0.00311693j,
            4.21826807e-02+0.16473853j,  8.86340847e-01-0.43033515j]],
         input_dims=(2, 2), output_dims=(2, 2))"
"Operator([[ 8.86340847e-01-4.30335148e-01j,
            1.65967366e-01-3.70539581e-02j,
            1.69746881e-02-2.06866807e-03j,
            9.78831578e-04-1.55042774e-04j],
          [-1.63351250e-01+4.72708314e-02j,
            9.64342661e-01-4.62886825e-02j,
            1.96665965e-01-3.53643689e-03j,
            1.69746881e-02-2.06866807e-03j],
          [ 1.65882578e-02-4.15320699e-03j,
           -1.96068524e-01+1.57207421e-02j,
            9.64342661e-01-4.62886825e-02j,
            1.65967366e-01-3.70539581e-02j],
          [-9.33247870e-04+3.33463542e-04j,
            1.65882578e-02-4.15320699e-03j,
           -1.63351250e-01+4.72708314e-02j,
            8.86340847e-01-4.30335148e-01j]],
         input_dims=(2, 2), output_dims=(2, 2))"
