unitary
"Operator([[ 8.24651986e-01-0.52438853j,  6.49420862e-02+0.20010222j,
           -2.58339895e-02+0.00602429j, -5.92551551e-04-0.0018324j ],
          [ 6.49420862e-02+0.20010222j,  9.44798788e-01-0.055316j  ,
            1.47350671e-02+0.24313825j, -2.58339895e-02+0.00602429j],
          [-2.58339895e-02+0.00602429j,  1.47350671e-02+0.24313825j,
            9.44798788e-01-0.055316j  ,  6.49420862e-02+0.20010222j],
          [-5.92551551e-04-0.0018324j , -2.58339895e-02+0.00602429j,
            6.49420862e-02+0.20010222j,  8.24651986e-01-0.52438853j]],
         input_dims=(2, 2), output_dims=(2, 2))"
"Operator([[ 8.24651986e-01-0.52438853j,  1.75354608e-01-0.1162288j ,
            1.90047097e-02-0.01850697j,  8.26355229e-04-0.00173952j],
          [-2.10188522e-01+0.00889712j,  9.44798788e-01-0.055316j  ,
            2.30279156e-01-0.07940302j,  1.90047097e-02-0.01850697j],
          [ 2.52306216e-02+0.00819163j, -2.38182815e-01-0.05101251j,
            9.44798788e-01-0.055316j  ,  1.75354608e-01-0.1162288j ],
          [-1.68841743e-03-0.00092631j,  2.52306216e-02+0.00819163j,
           -2.10188522e-01+0.00889712j,  8.24651986e-01-0.52438853j]],
         input_dims=(2, 2), output_dims=(2, 2))"
"Operator([[ 8.24651986e-01-0.52438853j,  6.49420862e-02+0.20010222j,
           -2.58339895e-02+0.00602429j, -5.92551551e-04-0.0018324j ],
          [ 6.49420862e-02+0.20010222j,  9.44798788e-01-0.055316j  ,
            1.47350671e-02+0.24313825j, -2.58339895e-02+0.00602429j],
          [-2.58339895e-02+0.00602429j,  1.47350671e-02+0.24313825j,
            9.44798788e-01-0.055316j  ,  6.49420862e-02+0.20010222j],
          [-5.92551551e-04-0.0018324j , -2.58339895e-02+0.00602429j,
            6.49420862e-02+0.20010222j,  8.24651986e-01-0.52438853j]],
         input_dims=(2, 2), output_dims=(2, 2))"
"Operator([[ 8.24651986e-01-0.52438853j, -3.67317680e-02-0.20714524j,
           -2.64971270e-02-0.00126069j, -1.96476520e-04+0.00191578j],
          [-9.19118766e-02-0.18923684j,  9.44798788e-01-0.055316j  ,
            1.89295210e-02-0.24284769j, -2.64971270e-02-0.00126069j],
          [-2.32063488e-02+0.01285117j, -4.81181849e-02-0.23878436j,
            9.44798788e-01-0.055316j  , -3.67317680e-02-0.20714524j],
          [ 1.28100218e-03+0.001438j  , -2.32063488e-02+0.01285117j,
           -9.19118766e-02-0.18923684j,  8.24651986e-01-0.52438853j]],
         input_dims=(2, 2), output_dims=(2, 2))"
"Operator([[ 0.82465199-5.24388532e-01j, -0.13449849-1.61766899e-01j,
           -0.01458417+2.21582741e-02j,  0.00191228+2.27955116e-04j],
          [ 0.01386985-2.09919034e-01j,  0.94479879-5.53159953e-02j,
           -0.10382402-2.20349500e-01j, -0.01458417+2.21582741e-02j],
          [-0.02288114-1.34216496e-02j,  0.07645392-2.31275003e-01j,
            0.94479879-5.53159953e-02j, -0.13449849-1.61766899e-01j],
          [-0.00141673+1.30447697e-03j, -0.02288114-1.34216496e-02j,
            0.01386985-2.09919034e-01j,  0.82465199-5.24388532e-01j]],
         input_dims=(2, 2), output_dims=(2, 2))"
"Operator([[ 0.82465199-5.24388532e-01j, -0.17084925-1.22755476e-01j,
           -0.00195636+2.64548626e-02j,  0.00154033-1.15593570e-03j],
          [ 0.06620164-1.99689051e-01j,  0.94479879-5.53159953e-02j,
           -0.15588877-1.87168428e-01j, -0.00195636+2.64548626e-02j],
          [-0.01345638-2.28607298e-02j,  0.1321447 -2.04624310e-01j,
            0.94479879-5.53159953e-02j, -0.17084925-1.22755476e-01j],
          [-0.0019255 -3.51726502e-05j, -0.01345638-2.28607298e-02j,
            0.06620164-1.99689051e-01j,  0.82465199-5.24388532e-01j]],
         input_dims=(2, 2), output_dims=(2, 2))"
"Operator([[ 0.82465199-0.52438853j, -0.15768188-0.13926521j,
           -0.00719468+0.0255328j ,  0.00181395-0.00064681j],
          [ 0.04584865-0.20531993j,  0.94479879-0.055316j  ,
           -0.13633917-0.20185381j, -0.00719468+0.0255328j ],
          [-0.01774652-0.0197167j ,  0.11096471-0.21684133j,
            0.94479879-0.055316j  , -0.15768188-0.13926521j],
          [-0.00184922+0.00053776j, -0.01774652-0.0197167j ,
            0.04584865-0.20531993j,  0.82465199-0.52438853j]],
         input_dims=(2, 2), output_dims=(2, 2))"
"Operator([[ 8.24651986e-01-0.52438853j, -8.29706596e-02-0.19332419j,
           -2.43045105e-02+0.0106291j ,  1.06747554e-03+0.0016029j ],
          [-4.63691719e-02-0.20520301j,  9.44798788e-01-0.055316j  ,
           -3.69100014e-02-0.24077164j, -2.43045105e-02+0.0106291j ],
          [-2.64991276e-02+0.00121792j,  7.56337580e-03-0.24346689j,
            9.44798788e-01-0.055316j  , -8.29706596e-02-0.19332419j],
          [ 7.31764049e-05+0.00192443j, -2.64991276e-02+0.00121792j,
           -4.63691719e-02-0.20520301j,  8.24651986e-01-0.52438853j]],
         input_dims=(2, 2), output_dims=(2, 2))"
