unitary
"Operator([[-0.73683885-0.12201266j,  0.52426504-0.05069395j,
           -0.17997091+0.33164456j, -0.14929999-0.00946455j],
          [ 0.52426504-0.05069395j,  0.26608688+0.14386483j,
            0.04044412+0.69789943j, -0.17997091+0.33164456j],
          [-0.17997091+0.33164456j,  0.04044412+0.69789943j,
            0.26608688+0.14386483j,  0.52426504-0.05069395j],
          [-0.14929999-0.00946455j, -0.17997091+0.33164456j,
            0.52426504-0.05069395j, -0.73683885-0.12201266j]],
         input_dims=(2, 2), output_dims=(2, 2))"
"Operator([[-0.73683885-0.12201266j,  0.42082316-0.31675159j,
            0.21320096+0.31132458j,  0.00185204+0.14958822j],
          [ 0.47371601+0.23025388j,  0.26608688+0.14386483j,
            0.39859005+0.57430419j,  0.21320096+0.31132458j],
          [-0.37722048-0.00907472j, -0.32958135+0.61650261j,
            0.26608688+0.14386483j,  0.42082316-0.31675159j],
          [ 0.02072694-0.14815687j, -0.37722048-0.00907472j,
            0.47371601+0.23025388j, -0.73683885-0.12201266j]],
         input_dims=(2, 2), output_dims=(2, 2))"
"Operator([[-0.73683885-0.12201266j,  0.52426504-0.05069395j,
           -0.17997091+0.33164456j, -0.14929999-0.00946455j],
          [ 0.52426504-0.05069395j,  0.26608688+0.14386483j,
            0.04044412+0.69789943j, -0.17997091+0.33164456j],
          [-0.17997091+0.33164456j,  0.04044412+0.69789943j,
            0.26608688+0.14386483j,  0.52426504-0.05069395j],
          [-0.14929999-0.00946455j, -0.17997091+0.33164456j,
            0.52426504-0.05069395j, -0.73683885-0.12201266j]],
         input_dims=(2, 2), output_dims=(2, 2))"
"Operator([[-0.73683885-0.12201266j,  0.1980938 -0.4880395j ,
            0.3750634 -0.04129275j,  0.14931629-0.0092039j ],
          [ 0.2879317 +0.44104313j,  0.26608688+0.14386483j,
            0.63714253+0.28766079j,  0.3750634 -0.04129275j],
          [-0.16979605-0.33696728j, -0.59964838+0.35933432j,
            0.26608688+0.14386483j,  0.1980938 -0.4880395j ],
          [ 0.14695874+0.02798561j, -0.16979605-0.33696728j,
            0.2879317 +0.44104313j, -0.73683885-0.12201266j]],
         input_dims=(2, 2), output_dims=(2, 2))"
"Operator([[-0.73683885-0.12201266j, -0.29625297-0.43549728j,
           -0.18246593-0.33027841j, -0.14831357-0.01957425j],
          [-0.20732348+0.48419075j,  0.26608688+0.14386483j,
            0.59271838-0.37065383j, -0.18246593-0.33027841j],
          [ 0.37636063-0.02702446j, -0.63156649-0.29970503j,
            0.26608688+0.14386483j, -0.29625297-0.43549728j],
          [-0.1495981 +0.00068879j,  0.37636063-0.02702446j,
           -0.20732348+0.48419075j, -0.73683885-0.12201266j]],
         input_dims=(2, 2), output_dims=(2, 2))"
"Operator([[-0.73683885-0.12201266j,  0.44954745-0.27446456j,
            0.14911764+0.34661444j, -0.04118471+0.14381893j],
          [ 0.49380597+0.18324674j,  0.26608688+0.14386483j,
            0.34103891+0.61023913j,  0.14911764+0.34661444j],
          [-0.37188167+0.0638879j , -0.26826446+0.645549j  ,
            0.26608688+0.14386483j,  0.44954745-0.27446456j],
          [-0.02269383-0.14786837j, -0.37188167+0.0638879j ,
            0.49380597+0.18324674j, -0.73683885-0.12201266j]],
         input_dims=(2, 2), output_dims=(2, 2))"
"Operator([[-0.73683885-0.12201266j, -0.51201965+0.12352969j,
           -0.08105952+0.36852001j,  0.14013007-0.05237966j],
          [-0.52620178-0.02313858j,  0.26608688+0.14386483j,
           -0.13766858-0.68538069j, -0.08105952+0.36852001j],
          [-0.26479678+0.26881278j,  0.0575756 -0.69669533j,
            0.26608688+0.14386483j, -0.51201965+0.12352969j],
          [ 0.1323939 +0.06965572j, -0.26479678+0.26881278j,
           -0.52620178-0.02313858j, -0.73683885-0.12201266j]],
         input_dims=(2, 2), output_dims=(2, 2))"
"Operator([[-0.73683885-0.12201266j,  0.48199582+0.2123764j ,
           -0.37684356+0.01914611j,  0.0040049 -0.14954607j],
          [ 0.43237489-0.30079172j,  0.26608688+0.14386483j,
           -0.30629433+0.62839726j, -0.37684356+0.01914611j],
          [ 0.18933453+0.32638946j,  0.37683292+0.58880921j,
            0.26608688+0.14386483j,  0.48199582+0.2123764j ],
          [-0.01491156+0.14885466j,  0.18933453+0.32638946j,
            0.43237489-0.30079172j, -0.73683885-0.12201266j]],
         input_dims=(2, 2), output_dims=(2, 2))"
"Operator([[-0.73683885-0.12201266j,  0.52426504-0.05069395j,
           -0.17997091+0.33164456j, -0.14929999-0.00946455j],
          [ 0.52426504-0.05069395j,  0.26608688+0.14386483j,
            0.04044412+0.69789943j, -0.17997091+0.33164456j],
          [-0.17997091+0.33164456j,  0.04044412+0.69789943j,
            0.26608688+0.14386483j,  0.52426504-0.05069395j],
          [-0.14929999-0.00946455j, -0.17997091+0.33164456j,
            0.52426504-0.05069395j, -0.73683885-0.12201266j]],
         input_dims=(2, 2), output_dims=(2, 2))"
"Operator([[-0.73683885-0.12201266j,  0.08855758+0.51921215j,
            0.13013367-0.35417915j,  0.02299359+0.14782205j],
          [-0.01256369-0.5265604j ,  0.26608688+0.14386483j,
           -0.69313278+0.09091913j,  0.13013367-0.35417915j],
          [ 0.2260267 -0.30214165j,  0.69899528+0.01024362j,
            0.26608688+0.14386483j,  0.08855758+0.51921215j],
          [ 0.04147622-0.14373513j,  0.2260267 -0.30214165j,
           -0.01256369-0.5265604j , -0.73683885-0.12201266j]],
         input_dims=(2, 2), output_dims=(2, 2))"
"Operator([[-0.73683885-0.12201266j,  0.52118015-0.07612462j,
           -0.14690793+0.34755676j, -0.14908945+0.01234502j],
          [ 0.52610979-0.02514337j,  0.26608688+0.14386483j,
            0.07432929+0.69510754j, -0.14690793+0.34755676j],
          [-0.21133204+0.31259625j,  0.00646328+0.69904046j,
            0.26608688+0.14386483j,  0.52118015-0.07612462j],
          [-0.14633707-0.03107294j, -0.21133204+0.31259625j,
            0.52610979-0.02514337j, -0.73683885-0.12201266j]],
         input_dims=(2, 2), output_dims=(2, 2))"
