unitary
"Operator([[ 0.62259735-0.7185402j , -0.27070079+0.13915866j,
            0.05474207-0.01977357j, -0.00568107+0.00291665j],
          [ 0.27113281-0.13831505j,  0.87971529-0.07024829j,
           -0.35235644+0.03129529j,  0.05474207-0.01977357j],
          [ 0.05486416-0.01943226j,  0.35245218-0.03019793j,
            0.87971529-0.07024829j, -0.27070079+0.13915866j],
          [ 0.00570807-0.00286345j,  0.05486416-0.01943226j,
            0.27113281-0.13831505j,  0.62259735-0.7185402j ]],
         input_dims=(2, 2), output_dims=(2, 2))"
"Operator([[ 0.62259735-0.7185402j , -0.18997982+0.23780606j,
            0.02160921-0.05404379j,  0.00107538+0.00629483j],
          [ 0.30399707-0.01516017j,  0.87971529-0.07024829j,
           -0.30864453+0.17283809j,  0.02160921-0.05404379j],
          [ 0.05098375+0.0280775j ,  0.33391283+0.11677617j,
            0.87971529-0.07024829j, -0.18997982+0.23780606j],
          [ 0.00444587+0.00458428j,  0.05098375+0.0280775j ,
            0.30399707-0.01516017j,  0.62259735-0.7185402j ]],
         input_dims=(2, 2), output_dims=(2, 2))"
"Operator([[ 0.62259735-0.7185402j ,  0.13873702+0.27091713j,
           -0.05480338+0.01960301j, -0.00289008-0.00569463j],
          [ 0.13873702+0.27091713j,  0.87971529-0.07024829j,
            0.03074665+0.35240473j, -0.05480338+0.01960301j],
          [-0.05480338+0.01960301j,  0.03074665+0.35240473j,
            0.87971529-0.07024829j,  0.13873702+0.27091713j],
          [-0.00289008-0.00569463j, -0.05480338+0.01960301j,
            0.13873702+0.27091713j,  0.62259735-0.7185402j ]],
         input_dims=(2, 2), output_dims=(2, 2))"
"Operator([[ 0.62259735-0.7185402j ,  0.13873702+0.27091713j,
           -0.05480338+0.01960301j, -0.00289008-0.00569463j],
          [ 0.13873702+0.27091713j,  0.87971529-0.07024829j,
            0.03074665+0.35240473j, -0.05480338+0.01960301j],
          [-0.05480338+0.01960301j,  0.03074665+0.35240473j,
            0.87971529-0.07024829j,  0.13873702+0.27091713j],
          [-0.00289008-0.00569463j, -0.05480338+0.01960301j,
            0.13873702+0.27091713j,  0.62259735-0.7185402j ]],
         input_dims=(2, 2), output_dims=(2, 2))"
"Operator([[ 0.62259735-0.7185402j , -0.23335164+0.19542534j,
            0.04091261-0.04139864j, -0.00265912+0.00580607j],
          [ 0.29495861-0.07512304j,  0.87971529-0.07024829j,
           -0.33678221+0.10822289j,  0.04091261-0.04139864j],
          [ 0.05788773+0.00605805j,  0.35043544+0.04826445j,
            0.87971529-0.07024829j, -0.23335164+0.19542534j],
          [ 0.00625613+0.0012815j ,  0.05788773+0.00605805j,
            0.29495861-0.07512304j,  0.62259735-0.7185402j ]],
         input_dims=(2, 2), output_dims=(2, 2))"
"Operator([[ 0.62259735-0.7185402j , -0.1005016 +0.28730381j,
           -0.01690759-0.055694j  ,  0.0059091 +0.00242156j],
          [ 0.29186236+0.0863737j ,  0.87971529-0.07024829j,
           -0.23398592+0.2653018j , -0.01690759-0.055694j  ],
          [ 0.0222518 +0.0537824j ,  0.27639494+0.22077203j,
            0.87971529-0.07024829j, -0.1005016 +0.28730381j],
          [-0.00153407+0.00619903j,  0.0222518 +0.0537824j ,
            0.29186236+0.0863737j ,  0.62259735-0.7185402j ]],
         input_dims=(2, 2), output_dims=(2, 2))"
"Operator([[ 0.62259735-0.7185402j ,  0.18447015-0.24210497j,
            0.01910559-0.05497877j, -0.00150608-0.00620589j],
          [-0.304265  +0.00817696j,  0.87971529-0.07024829j,
            0.30459514-0.17987845j,  0.01910559-0.05497877j],
          [ 0.04964113+0.03038827j, -0.33114385-0.12441142j,
            0.87971529-0.07024829j,  0.18447015-0.24210497j],
          [-0.00411981-0.0048794j ,  0.04964113+0.03038827j,
           -0.304265  +0.00817696j,  0.62259735-0.7185402j ]],
         input_dims=(2, 2), output_dims=(2, 2))"
"Operator([[ 0.62259735-0.7185402j ,  0.13873702+0.27091713j,
           -0.05480338+0.01960301j, -0.00289008-0.00569463j],
          [ 0.13873702+0.27091713j,  0.87971529-0.07024829j,
            0.03074665+0.35240473j, -0.05480338+0.01960301j],
          [-0.05480338+0.01960301j,  0.03074665+0.35240473j,
            0.87971529-0.07024829j,  0.13873702+0.27091713j],
          [-0.00289008-0.00569463j, -0.05480338+0.01960301j,
            0.13873702+0.27091713j,  0.62259735-0.7185402j ]],
         input_dims=(2, 2), output_dims=(2, 2))"
