unitary
"Operator([[ 0.5427715 -0.76768682j, -0.22309963-0.24729043j,
           -0.04976298+0.05077487j,  0.00791065+0.00360867j],
          [-0.10482319-0.31612989j,  0.8534902 -0.07235098j,
           -0.11525971-0.37020882j, -0.04976298+0.05077487j],
          [-0.07105769-0.0022904j ,  0.04334235-0.38530613j,
            0.8534902 -0.07235098j, -0.22309963-0.24729043j],
          [-0.00085688+0.00865255j, -0.07105769-0.0022904j ,
           -0.10482319-0.31612989j,  0.5427715 -0.76768682j]],
         input_dims=(2, 2), output_dims=(2, 2))"
"Operator([[ 0.5427715 -0.76768682j, -0.2837229 +0.17443429j,
            0.06462554-0.02963074j, -0.00720323+0.00486974j],
          [ 0.29181049-0.1605386j ,  0.8534902 -0.07235098j,
           -0.3849921 +0.04604844j,  0.06462554-0.02963074j],
          [ 0.06718114-0.02326234j,  0.3867658 -0.02741509j,
            0.8534902 -0.07235098j, -0.2837229 +0.17443429j],
          [ 0.00783066-0.00377911j,  0.06718114-0.02326234j,
            0.29181049-0.1605386j ,  0.5427715 -0.76768682j]],
         input_dims=(2, 2), output_dims=(2, 2))"
"Operator([[ 0.5427715 -0.76768682j,  0.16753525+0.28785056j,
           -0.06598022+0.02647739j, -0.00433579-0.0075367j ],
          [ 0.16753525+0.28785056j,  0.8534902 -0.07235098j,
            0.03674247+0.3859914j , -0.06598022+0.02647739j],
          [-0.06598022+0.02647739j,  0.03674247+0.3859914j ,
            0.8534902 -0.07235098j,  0.16753525+0.28785056j],
          [-0.00433579-0.0075367j , -0.06598022+0.02647739j,
            0.16753525+0.28785056j,  0.5427715 -0.76768682j]],
         input_dims=(2, 2), output_dims=(2, 2))"
"Operator([[ 0.5427715 -0.76768682j,  0.16753525+0.28785056j,
           -0.06598022+0.02647739j, -0.00433579-0.0075367j ],
          [ 0.16753525+0.28785056j,  0.8534902 -0.07235098j,
            0.03674247+0.3859914j , -0.06598022+0.02647739j],
          [-0.06598022+0.02647739j,  0.03674247+0.3859914j ,
            0.8534902 -0.07235098j,  0.16753525+0.28785056j],
          [-0.00433579-0.0075367j , -0.06598022+0.02647739j,
            0.16753525+0.28785056j,  0.5427715 -0.76768682j]],
         input_dims=(2, 2), output_dims=(2, 2))"
"Operator([[ 0.5427715 -0.76768682j, -0.17645685+0.28246944j,
            0.01541305-0.06940374j,  0.0034437 +0.00798385j],
          [ 0.33276501-0.0139087j ,  0.8534902 -0.07235098j,
           -0.32427881+0.21256205j,  0.01541305-0.06940374j],
          [ 0.05911397+0.03949658j,  0.35855905+0.1475628j ,
            0.8534902 -0.07235098j, -0.17645685+0.28246944j],
          [ 0.00517078+0.00699028j,  0.05911397+0.03949658j,
            0.33276501-0.0139087j ,  0.5427715 -0.76768682j]],
         input_dims=(2, 2), output_dims=(2, 2))"
"Operator([[ 0.5427715 -0.76768682j, -0.27414837+0.18912609j,
            0.0611526 -0.03626019j, -0.00634743+0.00594232j],
          [ 0.29985586-0.14495679j,  0.8534902 -0.07235098j,
           -0.38203471+0.06624844j,  0.0611526 -0.03626019j],
          [ 0.06925431-0.01607117j,  0.38767266-0.0070199j ,
            0.8534902 -0.07235098j, -0.27414837+0.18912609j],
          [ 0.00832768-0.00250013j,  0.06925431-0.01607117j,
            0.29985586-0.14495679j,  0.5427715 -0.76768682j]],
         input_dims=(2, 2), output_dims=(2, 2))"
"Operator([[ 0.5427715 -0.76768682j, -0.33279663-0.0131304j ,
            0.05194936+0.04853561j, -0.0033319 -0.00803115j],
          [ 0.15296195-0.29585241j,  0.8534902 -0.07235098j,
           -0.34540741-0.17616213j,  0.05194936+0.04853561j],
          [ 0.00398752-0.07098268j,  0.30596753-0.23816642j,
            0.8534902 -0.07235098j, -0.33279663-0.0131304j ],
          [-0.00526787-0.00691741j,  0.00398752-0.07098268j,
            0.15296195-0.29585241j,  0.5427715 -0.76768682j]],
         input_dims=(2, 2), output_dims=(2, 2))"
"Operator([[ 0.5427715 -0.76768682j,  0.16753525+0.28785056j,
           -0.06598022+0.02647739j, -0.00433579-0.0075367j ],
          [ 0.16753525+0.28785056j,  0.8534902 -0.07235098j,
            0.03674247+0.3859914j , -0.06598022+0.02647739j],
          [-0.06598022+0.02647739j,  0.03674247+0.3859914j ,
            0.8534902 -0.07235098j,  0.16753525+0.28785056j],
          [-0.00433579-0.0075367j , -0.06598022+0.02647739j,
            0.16753525+0.28785056j,  0.5427715 -0.76768682j]],
         input_dims=(2, 2), output_dims=(2, 2))"
"Operator([[ 0.5427715 -0.76768682j,  0.04277345-0.3302975j ,
           -0.042495  -0.05699663j, -0.00862681+0.00108588j],
          [-0.30832105-0.1259529j ,  0.8534902 -0.07235098j,
            0.20628012-0.32831065j, -0.042495  -0.05699663j],
          [ 0.00869301+0.07056113j, -0.26451786-0.28349546j,
            0.8534902 -0.07235098j,  0.04277345-0.3302975j ],
          [ 0.0052752 -0.00691182j,  0.00869301+0.07056113j,
           -0.30832105-0.1259529j ,  0.5427715 -0.76768682j]],
         input_dims=(2, 2), output_dims=(2, 2))"
"Operator([[ 0.5427715 -0.76768682j, -0.02988457-0.3317121j ,
           -0.06263276-0.03363894j, -0.00617451+0.0061218j ],
          [-0.27366295-0.18982781j,  0.8534902 -0.07235098j,
            0.13016076-0.36523629j, -0.06263276-0.03363894j],
          [-0.02200492+0.06760344j, -0.19673233-0.33411938j,
            0.8534902 -0.07235098j, -0.02988457-0.3317121j ],
          [ 0.00839592-0.00226043j, -0.02200492+0.06760344j,
           -0.27366295-0.18982781j,  0.5427715 -0.76768682j]],
         input_dims=(2, 2), output_dims=(2, 2))"
"Operator([[ 0.5427715 -0.76768682j, -0.32195643+0.08526466j,
            0.07024457+0.0109609j , -0.00835007-0.0024243j ],
          [ 0.2331622 -0.2378264j ,  0.8534902 -0.07235098j,
           -0.38192824-0.06685951j,  0.07024457+0.0109609j ],
          [ 0.04318179-0.05647809j,  0.36245461-0.13771721j,
            0.8534902 -0.07235098j, -0.32195643+0.08526466j],
          [ 0.00210163-0.00843707j,  0.04318179-0.05647809j,
            0.2331622 -0.2378264j ,  0.5427715 -0.76768682j]],
         input_dims=(2, 2), output_dims=(2, 2))"
"Operator([[ 0.5427715 -0.76768682j,  0.16753525+0.28785056j,
           -0.06598022+0.02647739j, -0.00433579-0.0075367j ],
          [ 0.16753525+0.28785056j,  0.8534902 -0.07235098j,
            0.03674247+0.3859914j , -0.06598022+0.02647739j],
          [-0.06598022+0.02647739j,  0.03674247+0.3859914j ,
            0.8534902 -0.07235098j,  0.16753525+0.28785056j],
          [-0.00433579-0.0075367j , -0.06598022+0.02647739j,
            0.16753525+0.28785056j,  0.5427715 -0.76768682j]],
         input_dims=(2, 2), output_dims=(2, 2))"
