unitary
"Operator([[ 0.60464667-0.73063395j,  0.14523193+0.2751467j ,
           -0.05733088+0.02107765j, -0.00318692-0.00609579j],
          [ 0.14523193+0.2751467j ,  0.87384544-0.0708715j ,
            0.03211247+0.360293j  , -0.05733088+0.02107765j],
          [-0.05733088+0.02107765j,  0.03211247+0.360293j  ,
            0.87384544-0.0708715j ,  0.14523193+0.2751467j ],
          [-0.00318692-0.00609579j, -0.05733088+0.02107765j,
            0.14523193+0.2751467j ,  0.60464667-0.73063395j]],
         input_dims=(2, 2), output_dims=(2, 2))"
"Operator([[ 0.60464667-0.73063395j,  0.14523193+0.2751467j ,
           -0.05733088+0.02107765j, -0.00318692-0.00609579j],
          [ 0.14523193+0.2751467j ,  0.87384544-0.0708715j ,
            0.03211247+0.360293j  , -0.05733088+0.02107765j],
          [-0.05733088+0.02107765j,  0.03211247+0.360293j  ,
            0.87384544-0.0708715j ,  0.14523193+0.2751467j ],
          [-0.00318692-0.00609579j, -0.05733088+0.02107765j,
            0.14523193+0.2751467j ,  0.60464667-0.73063395j]],
         input_dims=(2, 2), output_dims=(2, 2))"
"Operator([[ 6.04646673e-01-0.73063395j,  3.05117684e-01+0.06083762j,
            3.23507392e-02+0.05181242j,  3.50440317e-05+0.00687851j],
          [-1.21917359e-01+0.28624146j,  8.73845444e-01-0.0708715j ,
            2.99846053e-01+0.20232301j,  3.23507392e-02+0.05181242j],
          [-8.91461340e-03-0.06042869j, -2.59338332e-01+0.25216242j,
            8.73845444e-01-0.0708715j ,  3.05117684e-01+0.06083762j],
          [ 5.62840767e-03+0.00395426j, -8.91461340e-03-0.06042869j,
           -1.21917359e-01+0.28624146j,  6.04646673e-01-0.73063395j]],
         input_dims=(2, 2), output_dims=(2, 2))"
"Operator([[ 0.60464667-0.73063395j,  0.14523193+0.2751467j ,
           -0.05733088+0.02107765j, -0.00318692-0.00609579j],
          [ 0.14523193+0.2751467j ,  0.87384544-0.0708715j ,
            0.03211247+0.360293j  , -0.05733088+0.02107765j],
          [-0.05733088+0.02107765j,  0.03211247+0.360293j  ,
            0.87384544-0.0708715j ,  0.14523193+0.2751467j ],
          [-0.00318692-0.00609579j, -0.05733088+0.02107765j,
            0.14523193+0.2751467j ,  0.60464667-0.73063395j]],
         input_dims=(2, 2), output_dims=(2, 2))"
"Operator([[ 0.60464667-0.73063395j,  0.14523193+0.2751467j ,
           -0.05733088+0.02107765j, -0.00318692-0.00609579j],
          [ 0.14523193+0.2751467j ,  0.87384544-0.0708715j ,
            0.03211247+0.360293j  , -0.05733088+0.02107765j],
          [-0.05733088+0.02107765j,  0.03211247+0.360293j  ,
            0.87384544-0.0708715j ,  0.14523193+0.2751467j ],
          [-0.00318692-0.00609579j, -0.05733088+0.02107765j,
            0.14523193+0.2751467j ,  0.60464667-0.73063395j]],
         input_dims=(2, 2), output_dims=(2, 2))"
"Operator([[ 0.60464667-0.73063395j,  0.10898503-0.29141085j,
           -0.01428222-0.05938952j, -0.0061072 -0.003165j  ],
          [-0.30208931-0.07443162j,  0.87384544-0.0708715j ,
            0.24779346-0.26351595j, -0.01428222-0.05938952j],
          [ 0.02758827+0.05449756j, -0.29049106-0.21553933j,
            0.87384544-0.0708715j ,  0.10898503-0.29141085j],
          [ 0.00088631-0.00682126j,  0.02758827+0.05449756j,
           -0.30208931-0.07443162j,  0.60464667-0.73063395j]],
         input_dims=(2, 2), output_dims=(2, 2))"
"Operator([[ 6.04646673e-01-0.73063395j, -8.69047414e-02-0.29873999j,
           -6.09974540e-02-0.00322609j, -8.64403898e-04+0.00682407j],
          [-1.97619629e-01-0.24030085j,  8.73845444e-01-0.0708715j ,
            4.10324161e-02-0.35938642j, -6.09974540e-02-0.00322609j],
          [-4.43816524e-02+0.04196863j, -1.03944061e-01-0.34646484j,
            8.73845444e-01-0.0708715j , -8.69047414e-02-0.29873999j],
          [ 6.09700739e-03+0.00318459j, -4.43816524e-02+0.04196863j,
           -1.97619629e-01-0.24030085j,  6.04646673e-01-0.73063395j]],
         input_dims=(2, 2), output_dims=(2, 2))"
"Operator([[ 0.60464667-0.73063395j, -0.22149868-0.21848651j,
           -0.03475813+0.05022917j,  0.00678021+0.00115924j],
          [-0.05542143-0.30614781j,  0.87384544-0.0708715j ,
           -0.1393507 -0.33380179j, -0.03475813+0.05022917j],
          [-0.05901643-0.01575303j,  0.07812045-0.35318473j,
            0.87384544-0.0708715j , -0.22149868-0.21848651j],
          [-0.00291745+0.00622925j, -0.05901643-0.01575303j,
           -0.05542143-0.30614781j,  0.60464667-0.73063395j]],
         input_dims=(2, 2), output_dims=(2, 2))"
"Operator([[ 0.60464667-0.73063395j,  0.25745013+0.17469244j,
           -0.01455471+0.05932333j, -0.00639359+0.00253716j],
          [-0.00102043+0.31112212j,  0.87384544-0.0708715j ,
            0.19757794+0.30299375j, -0.01455471+0.05932333j],
          [-0.04951501-0.03576815j, -0.14087836+0.33315994j,
            0.87384544-0.0708715j ,  0.25745013+0.17469244j],
          [ 0.00573217-0.00380228j, -0.04951501-0.03576815j,
           -0.00102043+0.31112212j,  0.60464667-0.73063395j]],
         input_dims=(2, 2), output_dims=(2, 2))"
"Operator([[ 0.60464667-7.30633952e-01j,  0.0603883 -3.05206930e-01j,
           -0.03250318-5.17169277e-02j, -0.00687829+6.54272935e-05j],
          [-0.28606164-1.22338688e-01j,  0.87384544-7.08714987e-02j,
            0.2018813 -3.00143628e-01j, -0.03250318-5.17169277e-02j],
          [ 0.00873662+6.04546808e-02j, -0.2517803 -2.59709334e-01j,
            0.87384544-7.08714987e-02j,  0.0603883 -3.05206930e-01j],
          [ 0.00397908-5.61088610e-03j,  0.00873662+6.04546808e-02j,
           -0.28606164-1.22338688e-01j,  0.60464667-7.30633952e-01j]],
         input_dims=(2, 2), output_dims=(2, 2))"
"Operator([[ 0.60464667-0.73063395j,  0.21968218-0.22031286j,
            0.03529982-0.04984997j,  0.00126918-0.0067605j ],
          [-0.30584335+0.05707766j,  0.87384544-0.0708715j ,
            0.33455115-0.13754194j,  0.03529982-0.04984997j],
          [ 0.0591835 +0.01511326j, -0.35360239-0.07620767j,
            0.87384544-0.0708715j ,  0.21968218-0.22031286j],
          [-0.0062758 -0.00281592j,  0.0591835 +0.01511326j,
           -0.30584335+0.05707766j,  0.60464667-0.73063395j]],
         input_dims=(2, 2), output_dims=(2, 2))"
"Operator([[ 0.60464667-0.73063395j,  0.26069104-0.16981813j,
            0.0525252 -0.03118012j,  0.00500083-0.00472301j],
          [-0.28729014+0.11942526j,  0.87384544-0.0708715j ,
            0.35583844-0.0649712j ,  0.0525252 -0.03118012j],
          [ 0.06021347-0.01026816j, -0.36171981-0.00101613j,
            0.87384544-0.0708715j ,  0.26069104-0.16981813j],
          [-0.00673229+0.00141115j,  0.06021347-0.01026816j,
           -0.28729014+0.11942526j,  0.60464667-0.73063395j]],
         input_dims=(2, 2), output_dims=(2, 2))"
"Operator([[ 0.60464667-0.73063395j,  0.20170231+0.23688435j,
           -0.04291969+0.0434626j , -0.00625238-0.00286756j],
          [ 0.08178049+0.30018322j,  0.87384544-0.0708715j ,
            0.10985696+0.34463561j, -0.04291969+0.0434626j ],
          [-0.06085136-0.00531126j, -0.04717561+0.35863173j,
            0.87384544-0.0708715j ,  0.20170231+0.23688435j],
          [ 0.00121341-0.00677073j, -0.06085136-0.00531126j,
            0.08178049+0.30018322j,  0.60464667-0.73063395j]],
         input_dims=(2, 2), output_dims=(2, 2))"
