unitary
"Operator([[ 9.05698036e-01-0.39428106j, -8.37520268e-02+0.13052946j,
           -1.98966890e-03-0.01402347j,  6.16927913e-04+0.00041897j],
          [ 1.32638541e-01+0.08037014j,  9.70446769e-01-0.04265846j,
           -1.22705237e-01+0.13078146j, -1.98966890e-03-0.01402347j],
          [ 2.70752787e-03+0.01390273j,  1.33891438e-01+0.11930402j,
            9.70446769e-01-0.04265846j, -8.37520268e-02+0.13052946j],
          [-3.70205811e-04+0.00064737j,  2.70752787e-03+0.01390273j,
            1.32638541e-01+0.08037014j,  9.05698036e-01-0.39428106j]],
         input_dims=(2, 2), output_dims=(2, 2))"
"Operator([[ 9.05698036e-01-3.94281058e-01j,
           -6.82450938e-02+1.39265752e-01j,
           -5.12974358e-03-1.32023612e-02j,
            7.22172975e-04+1.86012603e-04j],
          [ 1.22556668e-01+9.50379169e-02j,
            9.70446769e-01-4.26584628e-02j,
           -1.06912910e-01+1.43979148e-01j,
           -5.12974358e-03-1.32023612e-02j],
          [-5.28384478e-04+1.41540602e-02j,
            1.19340472e-01+1.33858944e-01j,
            9.70446769e-01-4.26584628e-02j,
           -6.82450938e-02+1.39265752e-01j],
          [-5.67077232e-04+4.84311788e-04j,
           -5.28384478e-04+1.41540602e-02j,
            1.22556668e-01+9.50379169e-02j,
            9.05698036e-01-3.94281058e-01j]],
         input_dims=(2, 2), output_dims=(2, 2))"
"Operator([[ 9.05698036e-01-0.39428106j, -9.20062187e-02+0.1248487j ,
           -1.65711382e-04-0.01416295j,  5.24657526e-04+0.00052997j],
          [ 1.37551638e-01+0.07163721j,  9.70446769e-01-0.04265846j,
           -1.30894400e-01+0.12258475j, -1.65711382e-04-0.01416295j],
          [ 4.47674923e-03+0.01343783j,  1.41316092e-01+0.11040891j,
            9.70446769e-01-0.04265846j, -9.20062187e-02+0.1248487j ],
          [-2.38556555e-04+0.00070656j,  4.47674923e-03+0.01343783j,
            1.37551638e-01+0.07163721j,  9.05698036e-01-0.39428106j]],
         input_dims=(2, 2), output_dims=(2, 2))"
"Operator([[ 9.05698036e-01-0.39428106j, -1.26596108e-01+0.08958665j,
            8.32188824e-03-0.01146136j, -1.32934369e-04+0.0007338j ],
          [ 1.53100054e-01+0.0247531j ,  9.70446769e-01-0.04265846j,
           -1.62800019e-01+0.07520983j,  8.32188824e-03-0.01146136j],
          [ 1.16134985e-02+0.00810822j,  1.68864646e-01+0.06037463j,
            9.70446769e-01-0.04265846j, -1.26596108e-01+0.08958665j],
          [ 4.41734902e-04+0.00060084j,  1.16134985e-02+0.00810822j,
            1.53100054e-01+0.0247531j ,  9.05698036e-01-0.39428106j]],
         input_dims=(2, 2), output_dims=(2, 2))"
"Operator([[ 9.05698036e-01-3.94281058e-01j,
           -1.38661343e-01+6.94649149e-02j,
            1.13614140e-02-8.45782977e-03j,
           -4.41451282e-04+6.01045141e-04j],
          [ 1.55082079e-01+1.37521023e-03j,
            9.70446769e-01-4.26584628e-02j,
           -1.72282283e-01+4.97913668e-02j,
            1.13614140e-02-8.45782977e-03j],
          [ 1.35031805e-02+4.27559679e-03j,
            1.76039672e-01+3.42110960e-02j,
            9.70446769e-01-4.26584628e-02j,
           -1.38661343e-01+6.94649149e-02j],
          [ 6.60587372e-04+3.46061872e-04j,
            1.35031805e-02+4.27559679e-03j,
            1.55082079e-01+1.37521023e-03j,
            9.05698036e-01-3.94281058e-01j]],
         input_dims=(2, 2), output_dims=(2, 2))"
"Operator([[ 9.05698036e-01-3.94281058e-01j,
           -1.40243315e-01+6.62129522e-02j,
            1.17433650e-02-7.91896392e-03j,
           -4.82383623e-04+5.68718327e-04j],
          [ 1.55071983e-01-2.24111327e-03j,
            9.70446769e-01-4.26584628e-02j,
           -1.73396399e-01+4.57608346e-02j,
            1.17433650e-02-7.91896392e-03j],
          [ 1.36878269e-02+3.64142905e-03j,
            1.76789492e-01+3.00971908e-02j,
            9.70446769e-01-4.26584628e-02j,
           -1.40243315e-01+6.62129522e-02j],
          [ 6.83160816e-04+2.99041460e-04j,
            1.36878269e-02+3.64142905e-03j,
            1.55071983e-01-2.24111327e-03j,
            9.05698036e-01-3.94281058e-01j]],
         input_dims=(2, 2), output_dims=(2, 2))"
"Operator([[ 9.05698036e-01-0.39428106j,  3.50208811e-02+0.15108236j,
           -1.39677146e-02+0.00234937j, -1.68104948e-04-0.00072655j],
          [ 3.50208811e-02+0.15108236j,  9.70446769e-01-0.04265846j,
            8.01347011e-03+0.17915398j, -1.39677146e-02+0.00234937j],
          [-1.39677146e-02+0.00234937j,  8.01347011e-03+0.17915398j,
            9.70446769e-01-0.04265846j,  3.50208811e-02+0.15108236j],
          [-1.68104948e-04-0.00072655j, -1.39677146e-02+0.00234937j,
            3.50208811e-02+0.15108236j,  9.05698036e-01-0.39428106j]],
         input_dims=(2, 2), output_dims=(2, 2))"
"Operator([[ 9.05698036e-01-0.39428106j,  3.50208811e-02+0.15108236j,
           -1.39677146e-02+0.00234937j, -1.68104948e-04-0.00072655j],
          [ 3.50208811e-02+0.15108236j,  9.70446769e-01-0.04265846j,
            8.01347011e-03+0.17915398j, -1.39677146e-02+0.00234937j],
          [-1.39677146e-02+0.00234937j,  8.01347011e-03+0.17915398j,
            9.70446769e-01-0.04265846j,  3.50208811e-02+0.15108236j],
          [-1.68104948e-04-0.00072655j, -1.39677146e-02+0.00234937j,
            3.50208811e-02+0.15108236j,  9.05698036e-01-0.39428106j]],
         input_dims=(2, 2), output_dims=(2, 2))"
"Operator([[ 9.05698036e-01-0.39428106j,  3.50208811e-02+0.15108236j,
           -1.39677146e-02+0.00234937j, -1.68104948e-04-0.00072655j],
          [ 3.50208811e-02+0.15108236j,  9.70446769e-01-0.04265846j,
            8.01347011e-03+0.17915398j, -1.39677146e-02+0.00234937j],
          [-1.39677146e-02+0.00234937j,  8.01347011e-03+0.17915398j,
            9.70446769e-01-0.04265846j,  3.50208811e-02+0.15108236j],
          [-1.68104948e-04-0.00072655j, -1.39677146e-02+0.00234937j,
            3.50208811e-02+0.15108236j,  9.05698036e-01-0.39428106j]],
         input_dims=(2, 2), output_dims=(2, 2))"
"Operator([[ 9.05698036e-01-0.39428106j,  1.48295951e-01+0.04539442j,
            8.99161391e-03+0.01094383j,  1.65426178e-04+0.00072716j],
          [-1.13200580e-01+0.1060093j ,  9.70446769e-01-0.04265846j,
            1.59056998e-01+0.08283258j,  8.99161391e-03+0.01094383j],
          [ 4.91661844e-03-0.0132832j , -1.51026483e-01+0.09670246j,
            9.70446769e-01-0.04265846j,  1.48295951e-01+0.04539442j],
          [ 1.70781434e-04+0.00072593j,  4.91661844e-03-0.0132832j ,
           -1.13200580e-01+0.1060093j ,  9.05698036e-01-0.39428106j]],
         input_dims=(2, 2), output_dims=(2, 2))"
"Operator([[ 9.05698036e-01-3.94281058e-01j,
           -2.09774950e-02-1.53662901e-01j,
           -1.41617360e-02-2.48686889e-04j,
           -3.64714861e-05+7.44851882e-04j],
          [-4.87674183e-02-1.47221199e-01j,
            9.70446769e-01-4.26584628e-02j,
            8.49718537e-03-1.79131692e-01j,
           -1.41617360e-02-2.48686889e-04j],
          [-1.33011164e-02+4.86794770e-03j,
           -2.44562007e-02-1.77657703e-01j,
            9.70446769e-01-4.26584628e-02j,
           -2.09774950e-02-1.53662901e-01j],
          [ 3.59929513e-04+6.53134933e-04j,
           -1.33011164e-02+4.86794770e-03j,
           -4.87674183e-02-1.47221199e-01j,
            9.05698036e-01-3.94281058e-01j]],
         input_dims=(2, 2), output_dims=(2, 2))"
