unitary
"Operator([[ 8.69959337e-01-0.45800519j,  4.82361054e-02+0.17518533j,
           -1.92166063e-02+0.00382314j, -3.22371794e-04-0.00117384j],
          [ 4.82361054e-02+0.17518533j,  9.59166425e-01-0.04901741j,
            1.09970339e-02+0.20994192j, -1.92166063e-02+0.00382314j],
          [-1.92166063e-02+0.00382314j,  1.09970339e-02+0.20994192j,
            9.59166425e-01-0.04901741j,  4.82361054e-02+0.17518533j],
          [-3.22371794e-04-0.00117384j, -1.92166063e-02+0.00382314j,
            4.82361054e-02+0.17518533j,  8.69959337e-01-0.45800519j]],
         input_dims=(2, 2), output_dims=(2, 2))"
"Operator([[ 8.69959337e-01-0.45800519j,  4.82361054e-02+0.17518533j,
           -1.92166063e-02+0.00382314j, -3.22371794e-04-0.00117384j],
          [ 4.82361054e-02+0.17518533j,  9.59166425e-01-0.04901741j,
            1.09970339e-02+0.20994192j, -1.92166063e-02+0.00382314j],
          [-1.92166063e-02+0.00382314j,  1.09970339e-02+0.20994192j,
            9.59166425e-01-0.04901741j,  4.82361054e-02+0.17518533j],
          [-3.22371794e-04-0.00117384j, -1.92166063e-02+0.00382314j,
            4.82361054e-02+0.17518533j,  8.69959337e-01-0.45800519j]],
         input_dims=(2, 2), output_dims=(2, 2))"
"Operator([[ 8.69959337e-01-0.45800519j,  4.82361054e-02+0.17518533j,
           -1.92166063e-02+0.00382314j, -3.22371794e-04-0.00117384j],
          [ 4.82361054e-02+0.17518533j,  9.59166425e-01-0.04901741j,
            1.09970339e-02+0.20994192j, -1.92166063e-02+0.00382314j],
          [-1.92166063e-02+0.00382314j,  1.09970339e-02+0.20994192j,
            9.59166425e-01-0.04901741j,  4.82361054e-02+0.17518533j],
          [-3.22371794e-04-0.00117384j, -1.92166063e-02+0.00382314j,
            4.82361054e-02+0.17518533j,  8.69959337e-01-0.45800519j]],
         input_dims=(2, 2), output_dims=(2, 2))"
"Operator([[ 8.69959337e-01-0.45800519j,  1.65438501e-01+0.07514469j,
            7.21479754e-03+0.01821651j, -2.96799309e-04+0.00118057j],
          [-1.03656203e-01+0.14923811j,  9.59166425e-01-0.04901741j,
            1.68284080e-01+0.12600402j,  7.21479754e-03+0.01821651j],
          [-3.06965829e-04-0.01959082j, -1.54198738e-01+0.1428961j ,
            9.59166425e-01-0.04901741j,  1.65438501e-01+0.07514469j],
          [ 8.58130435e-04+0.00086339j, -3.06965829e-04-0.01959082j,
           -1.03656203e-01+0.14923811j,  8.69959337e-01-0.45800519j]],
         input_dims=(2, 2), output_dims=(2, 2))"
"Operator([[ 8.69959337e-01-0.45800519j,  1.80170816e-01+0.02356054j,
            1.61594152e-02+0.01108006j,  7.29575287e-04+0.00097445j],
          [-1.42716954e-01+0.11246552j,  9.59166425e-01-0.04901741j,
            1.97743617e-01+0.07137231j,  1.61594152e-02+0.01108006j],
          [ 1.06880127e-02-0.01642135j, -1.89204756e-01+0.09164118j,
            9.59166425e-01-0.04901741j,  1.80170816e-01+0.02356054j],
          [-1.29553953e-04+0.00121039j,  1.06880127e-02-0.01642135j,
           -1.42716954e-01+0.11246552j,  8.69959337e-01-0.45800519j]],
         input_dims=(2, 2), output_dims=(2, 2))"
"Operator([[ 8.69959337e-01-0.45800519j,  4.82361054e-02+0.17518533j,
           -1.92166063e-02+0.00382314j, -3.22371794e-04-0.00117384j],
          [ 4.82361054e-02+0.17518533j,  9.59166425e-01-0.04901741j,
            1.09970339e-02+0.20994192j, -1.92166063e-02+0.00382314j],
          [-1.92166063e-02+0.00382314j,  1.09970339e-02+0.20994192j,
            9.59166425e-01-0.04901741j,  4.82361054e-02+0.17518533j],
          [-3.22371794e-04-0.00117384j, -1.92166063e-02+0.00382314j,
            4.82361054e-02+0.17518533j,  8.69959337e-01-0.45800519j]],
         input_dims=(2, 2), output_dims=(2, 2))"
"Operator([[ 0.86995934-4.58005189e-01j,  0.17917258-3.02292426e-02j,
            0.01959278+1.31303626e-04j,  0.00121649+4.45545416e-05j],
          [-0.16939328+6.57460281e-02j,  0.95916643-4.90174130e-02j,
            0.20997525+1.03412528e-02j,  0.01959278+1.31303626e-04j],
          [ 0.01805057-7.62044563e-03j, -0.20774572+3.22220265e-02j,
            0.95916643-4.90174130e-02j,  0.17917258-3.02292426e-02j],
          [-0.0010231 +6.59612692e-04j,  0.01805057-7.62044563e-03j,
           -0.16939328+6.57460281e-02j,  0.86995934-4.58005189e-01j]],
         input_dims=(2, 2), output_dims=(2, 2))"
"Operator([[ 0.86995934-4.58005189e-01j,  0.1788822 -3.19026674e-02j,
            0.01959181-2.34974990e-04j,  0.00121726+1.04290351e-05j],
          [-0.17000041+6.41598189e-02j,  0.95916643-4.90174130e-02j,
            0.21006273+8.37813997e-03j,  0.01959181-2.34974990e-04j],
          [ 0.01818987-7.28168752e-03j, -0.20803783+3.02787974e-02j,
            0.95916643-4.90174130e-02j,  0.1788822 -3.19026674e-02j],
          [-0.0010412 +6.30667519e-04j,  0.01818987-7.28168752e-03j,
           -0.17000041+6.41598189e-02j,  0.86995934-4.58005189e-01j]],
         input_dims=(2, 2), output_dims=(2, 2))"
"Operator([[ 8.69959337e-01-4.58005189e-01j,
            1.81470319e-01-9.22741538e-03j,
            1.90345418e-02+4.64549136e-03j,
            1.12791188e-03+4.57870976e-04j],
          [-1.60616768e-01+8.49639687e-02j,
            9.59166425e-01-4.90174130e-02j,
            2.07355540e-01+3.46442655e-02j,
            1.90345418e-02+4.64549136e-03j],
          [ 1.58070350e-02-1.15772197e-02j,
           -2.02601275e-01+5.61183425e-02j,
            9.59166425e-01-4.90174130e-02j,
            1.81470319e-01-9.22741538e-03j],
          [-7.35854545e-04+9.69716008e-04j,
            1.58070350e-02-1.15772197e-02j,
           -1.60616768e-01+8.49639687e-02j,
            8.69959337e-01-4.58005189e-01j]],
         input_dims=(2, 2), output_dims=(2, 2))"
"Operator([[ 8.69959337e-01-0.45800519j,  1.74949109e-01+0.04908596j,
            1.23616547e-02+0.01520144j,  2.56309618e-04+0.00119002j],
          [-1.25165280e-01+0.13172044j,  9.59166425e-01-0.04901741j,
            1.85503333e-01+0.09891945j,  1.23616547e-02+0.01520144j],
          [ 5.60198357e-03-0.01877531j, -1.74153444e-01+0.11775875j,
            9.59166425e-01-0.04901741j,  1.74949109e-01+0.04908596j],
          [ 3.87427639e-04+0.00115401j,  5.60198357e-03-0.01877531j,
           -1.25165280e-01+0.13172044j,  8.69959337e-01-0.45800519j]],
         input_dims=(2, 2), output_dims=(2, 2))"
"Operator([[ 8.69959337e-01-0.45800519j,  7.94938468e-02+0.16339324j,
           -1.65521575e-02+0.0104843j , -8.90341941e-04-0.00083013j],
          [ 1.53477820e-02+0.18105543j,  9.59166425e-01-0.04901741j,
            4.92474502e-02+0.20438012j, -1.65521575e-02+0.0104843j ],
          [-1.93046078e-02-0.0033506j , -2.76251281e-02+0.20840681j,
            9.59166425e-01-0.04901741j,  7.94938468e-02+0.16339324j],
          [ 3.41478145e-04-0.00116843j, -1.93046078e-02-0.0033506j ,
            1.53477820e-02+0.18105543j,  8.69959337e-01-0.45800519j]],
         input_dims=(2, 2), output_dims=(2, 2))"
"Operator([[ 8.69959337e-01-4.58005189e-01j,
           -1.61371329e-01+8.35219506e-02j,
            1.60118798e-02-1.12922131e-02j,
           -7.61642733e-04+9.49595384e-04j],
          [ 1.81380392e-01-1.08524360e-02j,
            9.59166425e-01-4.90174130e-02j,
           -2.03095788e-01+5.43014352e-02j,
            1.60118798e-02-1.12922131e-02j],
          [ 1.91147017e-02+4.30378305e-03j,
            2.07657523e-01+3.27856366e-02j,
            9.59166425e-01-4.90174130e-02j,
           -1.61371329e-01+8.35219506e-02j],
          [ 1.13980655e-03+4.27401532e-04j,
            1.91147017e-02+4.30378305e-03j,
            1.81380392e-01-1.08524360e-02j,
            8.69959337e-01-4.58005189e-01j]],
         input_dims=(2, 2), output_dims=(2, 2))"
"Operator([[ 0.86995934-4.58005189e-01j, -0.17694933+4.12983718e-02j,
            0.01945792-2.29862432e-03j, -0.00120367+1.81701501e-04j],
          [ 0.17314943-5.50989736e-02j,  0.95916643-4.90174130e-02j,
           -0.21021216+2.71918636e-03j,  0.01945792-2.29862432e-03j],
          [ 0.01885604-5.32393386e-03j,  0.20934584-1.92578134e-02j,
            0.95916643-4.90174130e-02j, -0.17694933+4.12983718e-02j],
          [ 0.00112764-4.58543675e-04j,  0.01885604-5.32393386e-03j,
            0.17314943-5.50989736e-02j,  0.86995934-4.58005189e-01j]],
         input_dims=(2, 2), output_dims=(2, 2))"
"Operator([[ 0.86995934-4.58005189e-01j, -0.17803709+3.63237985e-02j,
            0.01955614-1.20496893e-03j, -0.00121467+7.99805083e-05j],
          [ 0.17153749-5.99292158e-02j,  0.95916643-4.90174130e-02j,
           -0.21020581-3.17230666e-03j,  0.01955614-1.20496893e-03j],
          [ 0.01852817-6.37190086e-03j,  0.20872401-2.51164013e-02j,
            0.95916643-4.90174130e-02j, -0.17803709+3.63237985e-02j],
          [ 0.00108515-5.51618568e-04j,  0.01852817-6.37190086e-03j,
            0.17153749-5.99292158e-02j,  0.86995934-4.58005189e-01j]],
         input_dims=(2, 2), output_dims=(2, 2))"
