unitary
"Operator([[ 9.32123565e-01-0.3371526j ,  2.52288575e-02+0.1293585j ,
           -1.00705999e-02+0.00142954j, -8.65582110e-05-0.0004444j ],
          [ 2.52288575e-02+0.1293585j ,  9.78758589e-01-0.03676126j,
            5.78816283e-03+0.15222731j, -1.00705999e-02+0.00142954j],
          [-1.00705999e-02+0.00142954j,  5.78816283e-03+0.15222731j,
            9.78758589e-01-0.03676126j,  2.52288575e-02+0.1293585j ],
          [-8.65582110e-05-0.0004444j , -1.00705999e-02+0.00142954j,
            2.52288575e-02+0.1293585j ,  9.32123565e-01-0.3371526j ]],
         input_dims=(2, 2), output_dims=(2, 2))"
"Operator([[ 9.32123565e-01-0.3371526j ,  1.20838573e-01+0.05261326j,
            4.92361896e-03+0.00890048j, -2.10975180e-05+0.00045226j],
          [-9.22123872e-02+0.0941647j ,  9.78758589e-01-0.03676126j,
            1.28641530e-01+0.08159666j,  4.92361896e-03+0.00890048j],
          [ 2.25214422e-03-0.00991909j, -1.22073931e-01+0.09112965j,
            9.78758589e-01-0.03676126j,  1.20838573e-01+0.05261326j],
          [ 1.89293786e-04+0.00041128j,  2.25214422e-03-0.00991909j,
           -9.22123872e-02+0.0941647j ,  9.32123565e-01-0.3371526j ]],
         input_dims=(2, 2), output_dims=(2, 2))"
"Operator([[ 9.32123565e-01-0.3371526j ,  2.52288575e-02+0.1293585j ,
           -1.00705999e-02+0.00142954j, -8.65582110e-05-0.0004444j ],
          [ 2.52288575e-02+0.1293585j ,  9.78758589e-01-0.03676126j,
            5.78816283e-03+0.15222731j, -1.00705999e-02+0.00142954j],
          [-1.00705999e-02+0.00142954j,  5.78816283e-03+0.15222731j,
            9.78758589e-01-0.03676126j,  2.52288575e-02+0.1293585j ],
          [-8.65582110e-05-0.0004444j , -1.00705999e-02+0.00142954j,
            2.52288575e-02+0.1293585j ,  9.32123565e-01-0.3371526j ]],
         input_dims=(2, 2), output_dims=(2, 2))"
"Operator([[ 9.32123565e-01-3.37152602e-01j,
            1.31596160e-01+7.25027722e-03j,
            9.53981809e-03+3.52880170e-03j,
            3.85839437e-04+2.36872113e-04j],
          [-1.19227550e-01+5.61685610e-02j,
            9.78758589e-01-3.67612587e-02j,
            1.49001801e-01+3.17036417e-02j,
            9.53981809e-03+3.52880170e-03j],
          [ 8.18089905e-03-6.04429163e-03j,
           -1.46164117e-01+4.29267814e-02j,
            9.78758589e-01-3.67612587e-02j,
            1.31596160e-01+7.25027722e-03j],
          [-2.68731757e-04+3.64367551e-04j,
            8.18089905e-03-6.04429163e-03j,
           -1.19227550e-01+5.61685610e-02j,
            9.32123565e-01-3.37152602e-01j]],
         input_dims=(2, 2), output_dims=(2, 2))"
"Operator([[ 9.32123565e-01-3.37152602e-01j,
            1.31758258e-01-3.14283060e-03j,
            9.97577771e-03+1.98605884e-03j,
            4.30621518e-04+1.39805497e-04j],
          [-1.23283166e-01+4.65980361e-02j,
            9.78758589e-01-3.67612587e-02j,
            1.51036837e-01+1.98628154e-02j,
            9.97577771e-03+1.98605884e-03j],
          [ 9.02897554e-03-4.68382017e-03j,
           -1.49092429e-01+3.12746772e-02j,
            9.78758589e-01-3.67612587e-02j,
            1.31758258e-01-3.14283060e-03j],
          [-3.46670731e-04+2.91204178e-04j,
            9.02897554e-03-4.68382017e-03j,
           -1.23283166e-01+4.65980361e-02j,
            9.32123565e-01-3.37152602e-01j]],
         input_dims=(2, 2), output_dims=(2, 2))"
"Operator([[ 9.32123565e-01-3.37152602e-01j,
            1.31433309e-01-9.76735463e-03j,
            1.01248588e-02+9.73552521e-04j,
            4.46751151e-04+7.34430266e-05j],
          [-1.25471315e-01+4.03368931e-02j,
            9.78758589e-01-3.67612587e-02j,
            1.51844847e-01+1.22392923e-02j,
            1.01248588e-02+9.73552521e-04j],
          [ 9.45394380e-03-3.75280126e-03j,
           -1.50477009e-01+2.37345233e-02j,
            9.78758589e-01-3.67612587e-02j,
            1.31433309e-01-9.76735463e-03j],
          [-3.86528094e-04+2.35746689e-04j,
            9.45394380e-03-3.75280126e-03j,
           -1.25471315e-01+4.03368931e-02j,
            9.32123565e-01-3.37152602e-01j]],
         input_dims=(2, 2), output_dims=(2, 2))"
"Operator([[ 9.32123565e-01-0.3371526j ,  2.52288575e-02+0.1293585j ,
           -1.00705999e-02+0.00142954j, -8.65582110e-05-0.0004444j ],
          [ 2.52288575e-02+0.1293585j ,  9.78758589e-01-0.03676126j,
            5.78816283e-03+0.15222731j, -1.00705999e-02+0.00142954j],
          [-1.00705999e-02+0.00142954j,  5.78816283e-03+0.15222731j,
            9.78758589e-01-0.03676126j,  2.52288575e-02+0.1293585j ],
          [-8.65582110e-05-0.0004444j , -1.00705999e-02+0.00142954j,
            2.52288575e-02+0.1293585j ,  9.32123565e-01-0.3371526j ]],
         input_dims=(2, 2), output_dims=(2, 2))"
"Operator([[ 9.32123565e-01-0.3371526j ,  2.52288575e-02+0.1293585j ,
           -1.00705999e-02+0.00142954j, -8.65582110e-05-0.0004444j ],
          [ 2.52288575e-02+0.1293585j ,  9.78758589e-01-0.03676126j,
            5.78816283e-03+0.15222731j, -1.00705999e-02+0.00142954j],
          [-1.00705999e-02+0.00142954j,  5.78816283e-03+0.15222731j,
            9.78758589e-01-0.03676126j,  2.52288575e-02+0.1293585j ],
          [-8.65582110e-05-0.0004444j , -1.00705999e-02+0.00142954j,
            2.52288575e-02+0.1293585j ,  9.32123565e-01-0.3371526j ]],
         input_dims=(2, 2), output_dims=(2, 2))"
"Operator([[ 9.32123565e-01-0.3371526j , -9.83671296e-02+0.08771558j,
            3.56958572e-03-0.00952463j,  1.02507746e-04+0.00044099j],
          [ 1.24118884e-01+0.04432402j,  9.78758589e-01-0.03676126j,
           -1.27955187e-01+0.08266878j,  3.56958572e-03-0.00952463j],
          [ 6.07923846e-03+0.00815496j,  1.33863317e-01+0.07271362j,
            9.78758589e-01-0.03676126j, -9.83671296e-02+0.08771558j],
          [ 7.04963560e-05+0.00044723j,  6.07923846e-03+0.00815496j,
            1.24118884e-01+0.04432402j,  9.32123565e-01-0.3371526j ]],
         input_dims=(2, 2), output_dims=(2, 2))"
"Operator([[ 9.32123565e-01-0.3371526j , -9.39046660e-02+0.09247718j,
            2.61031957e-03-0.00983091j,  1.66651183e-04+0.00042096j],
          [ 1.21772715e-01+0.05041351j,  9.78758589e-01-0.03676126j,
           -1.23706268e-01+0.08890116j,  2.61031957e-03-0.00983091j],
          [ 5.24310372e-03+0.0087161j ,  1.30099930e-01+0.07925065j,
            9.78758589e-01-0.03676126j, -9.39046660e-02+0.09247718j],
          [ 3.52446240e-06+0.00045273j,  5.24310372e-03+0.0087161j ,
            1.21772715e-01+0.05041351j,  9.32123565e-01-0.3371526j ]],
         input_dims=(2, 2), output_dims=(2, 2))"
"Operator([[ 9.32123565e-01-0.3371526j , -8.91185967e-02+0.09709785j,
            1.60614605e-03-0.01004395j,  2.28252936e-04+0.000391j  ],
          [ 1.19073696e-01+0.05649399j,  9.78758589e-01-0.03676126j,
           -1.19062680e-01+0.09503018j,  1.60614605e-03-0.01004395j],
          [ 4.33788687e-03+0.00920018j,  1.25935167e-01+0.08571459j,
            9.78758589e-01-0.03676126j, -8.91185967e-02+0.09709785j],
          [-6.48186810e-05+0.00044808j,  4.33788687e-03+0.00920018j,
            1.19073696e-01+0.05649399j,  9.32123565e-01-0.3371526j ]],
         input_dims=(2, 2), output_dims=(2, 2))"
"Operator([[ 9.32123565e-01-0.3371526j , -8.49166408e-02+0.10079325j,
            7.48431283e-04-0.01014398j,  2.76075722e-04+0.00035884j],
          [ 1.16568301e-01+0.06149754j,  9.78758589e-01-0.03676126j,
           -1.14921503e-01+0.09999853j,  7.48431283e-04-0.01014398j],
          [ 3.54189596e-03+0.00953496j,  1.22183226e-01+0.09098306j,
            9.78758589e-01-0.03676126j, -8.49166408e-02+0.10079325j],
          [-1.21217480e-04+0.00043622j,  3.54189596e-03+0.00953496j,
            1.16568301e-01+0.06149754j,  9.32123565e-01-0.3371526j ]],
         input_dims=(2, 2), output_dims=(2, 2))"
"Operator([[ 9.32123565e-01-3.37152602e-01j,
           -8.12998193e-02+1.03732615e-01j,
            2.96907524e-05-1.01715136e-02j,
            3.12521830e-04+3.27582928e-04j],
          [ 1.14321061e-01+6.55805685e-02j,
            9.78758589e-01-3.67612587e-02j,
           -1.11314020e-01+1.03999262e-01j,
            2.96907524e-05-1.01715136e-02j],
          [ 2.85921028e-03+9.76142854e-03j,
            1.18889961e-01+9.52461803e-02j,
            9.78758589e-01-3.67612587e-02j,
           -8.12998193e-02+1.03732615e-01j],
          [-1.66728713e-04+4.20929929e-04j,
            2.85921028e-03+9.76142854e-03j,
            1.14321061e-01+6.55805685e-02j,
            9.32123565e-01-3.37152602e-01j]],
         input_dims=(2, 2), output_dims=(2, 2))"
