unitary
"Operator([[ 8.24651986e-01-0.52438853j, -4.80327928e-02-0.20481998j,
           -2.64758725e-02+0.00164781j,  1.19998829e-04+0.00192208j],
          [-8.13991725e-02-0.1939911j ,  9.44798788e-01-0.055316j  ,
            5.58748170e-03-0.24352024j, -2.64758725e-02+0.00164781j],
          [-2.44738066e-02+0.01023327j, -3.49550121e-02-0.24106322j,
            9.44798788e-01-0.055316j  , -4.80327928e-02-0.20481998j],
          [ 1.02814178e-03+0.00162841j, -2.44738066e-02+0.01023327j,
           -8.13991725e-02-0.1939911j ,  8.24651986e-01-0.52438853j]],
         input_dims=(2, 2), output_dims=(2, 2))"
"Operator([[ 8.24651986e-01-0.52438853j, -4.82114050e-02-0.20477801j,
           -2.64729580e-02+0.00169398j,  1.25027351e-04+0.00192176j],
          [-8.12299553e-02-0.19406202j,  9.44798788e-01-0.055316j  ,
            5.37509732e-03-0.24352502j, -2.64729580e-02+0.00169398j],
          [-2.44916190e-02+0.01019057j, -3.47447594e-02-0.24109361j,
            9.44798788e-01-0.055316j  , -4.82114050e-02-0.20477801j],
          [ 1.02387768e-03+0.0016311j , -2.44916190e-02+0.01019057j,
           -8.12299553e-02-0.19406202j,  8.24651986e-01-0.52438853j]],
         input_dims=(2, 2), output_dims=(2, 2))"
"Operator([[ 8.24651986e-01-0.52438853j, -3.32679508e-02-0.20772967j,
           -2.64402592e-02-0.00214471j, -2.92157274e-04+0.00190353j],
          [-9.50587444e-02-0.18767581j,  9.44798788e-01-0.055316j  ,
            2.29817013e-02-0.24249777j, -2.64402592e-02-0.00214471j],
          [-2.27643184e-02+0.01361884j, -5.20984509e-02-0.23794764j,
            9.44798788e-01-0.055316j  , -3.32679508e-02-0.20772967j],
          [ 1.35139898e-03+0.00137205j, -2.27643184e-02+0.01361884j,
           -9.50587444e-02-0.18767581j,  8.24651986e-01-0.52438853j]],
         input_dims=(2, 2), output_dims=(2, 2))"
"Operator([[ 8.24651986e-01-0.52438853j, -3.59919572e-02-0.20727506j,
           -2.64874494e-02-0.00144987j, -2.16984743e-04+0.00191356j],
          [-9.25869285e-02-0.18890748j,  9.44798788e-01-0.055316j  ,
            1.97964465e-02-0.24277856j, -2.64874494e-02-0.00144987j],
          [-2.31139919e-02+0.01301655j, -4.89704170e-02-0.23861104j,
            9.44798788e-01-0.055316j  , -3.59919572e-02-0.20727506j],
          [ 1.29633079e-03+0.00142419j, -2.31139919e-02+0.01301655j,
           -9.25869285e-02-0.18890748j,  8.24651986e-01-0.52438853j]],
         input_dims=(2, 2), output_dims=(2, 2))"
"Operator([[ 8.24651986e-01-0.52438853j,  6.49420862e-02+0.20010222j,
           -2.58339895e-02+0.00602429j, -5.92551551e-04-0.0018324j ],
          [ 6.49420862e-02+0.20010222j,  9.44798788e-01-0.055316j  ,
            1.47350671e-02+0.24313825j, -2.58339895e-02+0.00602429j],
          [-2.58339895e-02+0.00602429j,  1.47350671e-02+0.24313825j,
            9.44798788e-01-0.055316j  ,  6.49420862e-02+0.20010222j],
          [-5.92551551e-04-0.0018324j , -2.58339895e-02+0.00602429j,
            6.49420862e-02+0.20010222j,  8.24651986e-01-0.52438853j]],
         input_dims=(2, 2), output_dims=(2, 2))"
"Operator([[ 8.24651986e-01-0.52438853j, -6.33595296e-02-0.20060893j,
           -2.59259302e-02+0.00561545j,  5.48968597e-04+0.00184592j],
          [-6.65205911e-02-0.19958303j,  9.44798788e-01-0.055316j  ,
           -1.28141516e-02-0.24324705j, -2.59259302e-02+0.00561545j],
          [-2.57356019e-02+0.00643163j, -1.66550632e-02-0.24301428j,
            9.44798788e-01-0.055316j  , -6.33595296e-02-0.20060893j],
          [ 6.35801799e-04+0.00181784j, -2.57356019e-02+0.00643163j,
           -6.65205911e-02-0.19958303j,  8.24651986e-01-0.52438853j]],
         input_dims=(2, 2), output_dims=(2, 2))"
"Operator([[ 8.24651986e-01-0.52438853j, -9.76009650e-02-0.18636637j,
           -2.23857097e-02+0.01423261j,  1.40621086e-03+0.00131581j],
          [-3.04412907e-02-0.20816268j,  9.44798788e-01-0.055316j  ,
           -5.53279654e-02-0.23721751j, -2.23857097e-02+0.01423261j],
          [-2.63721901e-02-0.00286263j,  2.62757538e-02-0.24216299j,
            9.44798788e-01-0.055316j  , -9.76009650e-02-0.18636637j],
          [-3.69517203e-04+0.00189004j, -2.63721901e-02-0.00286263j,
           -3.04412907e-02-0.20816268j,  8.24651986e-01-0.52438853j]],
         input_dims=(2, 2), output_dims=(2, 2))"
"Operator([[ 8.24651986e-01-0.52438853j,  2.07462799e-01+0.03489356j,
            1.97353332e-02+0.01772579j,  8.24117633e-04+0.00174058j],
          [-1.47432901e-01+0.15007303j,  9.44798788e-01-0.055316j  ,
            2.22421852e-01+0.09930684j,  1.97353332e-02+0.01772579j],
          [ 9.85899221e-03-0.02462696j, -2.08801339e-01+0.12544055j,
            9.44798788e-01-0.055316j  ,  2.07462799e-01+0.03489356j],
          [ 3.51071341e-04+0.00189355j,  9.85899221e-03-0.02462696j,
           -1.47432901e-01+0.15007303j,  8.24651986e-01-0.52438853j]],
         input_dims=(2, 2), output_dims=(2, 2))"
"Operator([[ 0.82465199-0.52438853j, -0.00124158+0.21037308j,
           -0.02432491-0.01058234j,  0.00115996-0.0015373j ],
          [ 0.12454361+0.16955018j,  0.94479879-0.055316j  ,
           -0.06243058+0.23544798j, -0.02432491-0.01058234j],
          [-0.01713493+0.02025046j,  0.09040725+0.22618545j,
            0.94479879-0.055316j  , -0.00124158+0.21037308j],
          [-0.00184045-0.00056704j, -0.01713493+0.02025046j,
            0.12454361+0.16955018j,  0.82465199-0.52438853j]],
         input_dims=(2, 2), output_dims=(2, 2))"
"Operator([[ 8.24651986e-01-0.52438853j,  6.49420862e-02+0.20010222j,
           -2.58339895e-02+0.00602429j, -5.92551551e-04-0.0018324j ],
          [ 6.49420862e-02+0.20010222j,  9.44798788e-01-0.055316j  ,
            1.47350671e-02+0.24313825j, -2.58339895e-02+0.00602429j],
          [-2.58339895e-02+0.00602429j,  1.47350671e-02+0.24313825j,
            9.44798788e-01-0.055316j  ,  6.49420862e-02+0.20010222j],
          [-5.92551551e-04-0.0018324j , -2.58339895e-02+0.00602429j,
            6.49420862e-02+0.20010222j,  8.24651986e-01-0.52438853j]],
         input_dims=(2, 2), output_dims=(2, 2))"
"Operator([[ 8.24651986e-01-0.52438853j,  6.49420862e-02+0.20010222j,
           -2.58339895e-02+0.00602429j, -5.92551551e-04-0.0018324j ],
          [ 6.49420862e-02+0.20010222j,  9.44798788e-01-0.055316j  ,
            1.47350671e-02+0.24313825j, -2.58339895e-02+0.00602429j],
          [-2.58339895e-02+0.00602429j,  1.47350671e-02+0.24313825j,
            9.44798788e-01-0.055316j  ,  6.49420862e-02+0.20010222j],
          [-5.92551551e-04-0.0018324j , -2.58339895e-02+0.00602429j,
            6.49420862e-02+0.20010222j,  8.24651986e-01-0.52438853j]],
         input_dims=(2, 2), output_dims=(2, 2))"
"Operator([[ 8.24651986e-01-0.52438853j,  6.49420862e-02+0.20010222j,
           -2.58339895e-02+0.00602429j, -5.92551551e-04-0.0018324j ],
          [ 6.49420862e-02+0.20010222j,  9.44798788e-01-0.055316j  ,
            1.47350671e-02+0.24313825j, -2.58339895e-02+0.00602429j],
          [-2.58339895e-02+0.00602429j,  1.47350671e-02+0.24313825j,
            9.44798788e-01-0.055316j  ,  6.49420862e-02+0.20010222j],
          [-5.92551551e-04-0.0018324j , -2.58339895e-02+0.00602429j,
            6.49420862e-02+0.20010222j,  8.24651986e-01-0.52438853j]],
         input_dims=(2, 2), output_dims=(2, 2))"
