unitary
"Operator([[ 9.79896396e-01-1.86061205e-01j,
            7.48359637e-03+7.15490740e-02j,
           -2.99161851e-03+2.28964423e-04j,
           -7.51053336e-06-7.18334464e-05j],
          [ 7.48359637e-03+7.15490740e-02j,
            9.93724598e-01-2.05613108e-02j,
            1.72495521e-03+8.30746916e-02j,
           -2.99161851e-03+2.28964423e-04j],
          [-2.99161851e-03+2.28964423e-04j,
            1.72495521e-03+8.30746916e-02j,
            9.93724598e-01-2.05613108e-02j,
            7.48359637e-03+7.15490740e-02j],
          [-7.51053336e-06-7.18334464e-05j,
           -2.99161851e-03+2.28964423e-04j,
            7.48359637e-03+7.15490740e-02j,
            9.79896396e-01-1.86061205e-01j]],
         input_dims=(2, 2), output_dims=(2, 2))"
"Operator([[ 9.79896396e-01-1.86061205e-01j,
            7.08656175e-02+1.23829908e-02j,
            2.66403727e-03+1.38025775e-03j,
            5.39430677e-05+4.80270504e-05j],
          [-6.67695346e-02+2.67787875e-02j,
            9.93724598e-01-2.05613108e-02j,
            8.03752549e-02+2.10760113e-02j,
            2.66403727e-03+1.38025775e-03j],
          [ 2.42296251e-03-1.76959280e-03j,
           -7.94311153e-02+2.43942160e-02j,
            9.93724598e-01-2.05613108e-02j,
            7.08656175e-02+1.23829908e-02j],
          [-4.28421204e-05+5.81464087e-05j,
            2.42296251e-03-1.76959280e-03j,
           -6.67695346e-02+2.67787875e-02j,
            9.79896396e-01-1.86061205e-01j]],
         input_dims=(2, 2), output_dims=(2, 2))"
"Operator([[ 9.79896396e-01-1.86061205e-01j,
            7.18171346e-02+4.19206230e-03j,
            2.90809006e-03+7.38388936e-04j,
            6.69817695e-05+2.70165631e-05j],
          [-6.93953582e-02+1.89620270e-02j,
            9.93724598e-01-2.05613108e-02j,
            8.22590943e-02+1.17397299e-02j,
            2.90809006e-03+7.38388936e-04j],
          [ 2.76185187e-03-1.17233965e-03j,
           -8.17008793e-02+1.51441796e-02j,
            9.93724598e-01-2.05613108e-02j,
            7.18171346e-02+4.19206230e-03j],
          [-5.99448206e-05+4.02873505e-05j,
            2.76185187e-03-1.17233965e-03j,
           -6.93953582e-02+1.89620270e-02j,
            9.79896396e-01-1.86061205e-01j]],
         input_dims=(2, 2), output_dims=(2, 2))"
"Operator([[ 9.79896396e-01-1.86061205e-01j,
            7.19032530e-02-2.27956543e-03j,
            2.99329861e-03+2.05838374e-04j,
            7.17611927e-05+8.17210833e-06j],
          [-7.08187483e-02+1.26482847e-02j,
            9.93724598e-01-2.05613108e-02j,
            8.29813102e-02+4.29907095e-03j,
            2.99329861e-03+2.05838374e-04j],
          [ 2.92711111e-03-6.58958712e-04j,
           -8.27313338e-02+7.73991296e-03j,
            9.93724598e-01-2.05613108e-02j,
            7.19032530e-02-2.27956543e-03j],
          [-6.85188253e-05+2.28390609e-05j,
            2.92711111e-03-6.58958712e-04j,
           -7.08187483e-02+1.26482847e-02j,
            9.79896396e-01-1.86061205e-01j]],
         input_dims=(2, 2), output_dims=(2, 2))"
"Operator([[ 9.79896396e-01-1.86061205e-01j,
            7.48359637e-03+7.15490740e-02j,
           -2.99161851e-03+2.28964423e-04j,
           -7.51053336e-06-7.18334464e-05j],
          [ 7.48359637e-03+7.15490740e-02j,
            9.93724598e-01-2.05613108e-02j,
            1.72495521e-03+8.30746916e-02j,
           -2.99161851e-03+2.28964423e-04j],
          [-2.99161851e-03+2.28964423e-04j,
            1.72495521e-03+8.30746916e-02j,
            9.93724598e-01-2.05613108e-02j,
            7.48359637e-03+7.15490740e-02j],
          [-7.51053336e-06-7.18334464e-05j,
           -2.99161851e-03+2.28964423e-04j,
            7.48359637e-03+7.15490740e-02j,
            9.79896396e-01-1.86061205e-01j]],
         input_dims=(2, 2), output_dims=(2, 2))"
"Operator([[ 9.79896396e-01-1.86061205e-01j,
            7.12111389e-02-1.02101865e-02j,
            2.96542181e-03-4.56595550e-04j,
            7.05037419e-05-1.56740073e-05j],
          [-7.17826499e-02+4.74609094e-03j,
            9.93724598e-01-2.05613108e-02j,
            8.29482404e-02-4.89584205e-03j,
            2.96542181e-03-4.56595550e-04j],
          [ 3.00036765e-03+2.05905002e-09j,
           -8.30799726e-02-1.44844760e-03j,
            9.93724598e-01-2.05613108e-02j,
            7.12111389e-02-1.02101865e-02j],
          [-7.22211013e-05-7.51436430e-07j,
            3.00036765e-03+2.05905002e-09j,
           -7.17826499e-02+4.74609094e-03j,
            9.79896396e-01-1.86061205e-01j]],
         input_dims=(2, 2), output_dims=(2, 2))"
"Operator([[ 9.79896396e-01-1.86061205e-01j,
            7.48359637e-03+7.15490740e-02j,
           -2.99161851e-03+2.28964423e-04j,
           -7.51053336e-06-7.18334464e-05j],
          [ 7.48359637e-03+7.15490740e-02j,
            9.93724598e-01-2.05613108e-02j,
            1.72495521e-03+8.30746916e-02j,
           -2.99161851e-03+2.28964423e-04j],
          [-2.99161851e-03+2.28964423e-04j,
            1.72495521e-03+8.30746916e-02j,
            9.93724598e-01-2.05613108e-02j,
            7.48359637e-03+7.15490740e-02j],
          [-7.51053336e-06-7.18334464e-05j,
           -2.99161851e-03+2.28964423e-04j,
            7.48359637e-03+7.15490740e-02j,
            9.79896396e-01-1.86061205e-01j]],
         input_dims=(2, 2), output_dims=(2, 2))"
"Operator([[ 9.79896396e-01-1.86061205e-01j,
            7.10405741e-02-1.13362714e-02j,
            2.94948018e-03-5.50247838e-04j,
            6.96800630e-05-1.90037089e-05j],
          [-7.18487907e-02+3.60908392e-03j,
            9.93724598e-01-2.05613108e-02j,
            8.28603375e-02-6.20840646e-03j,
            2.94948018e-03-5.50247838e-04j],
          [ 2.99886362e-03+9.49895560e-05j,
           -8.30466300e-02-2.76352953e-03j,
            9.93724598e-01-2.05613108e-02j,
            7.10405741e-02-1.13362714e-02j],
          [-7.21039796e-05-4.17950321e-06j,
            2.99886362e-03+9.49895560e-05j,
           -7.18487907e-02+3.60908392e-03j,
            9.79896396e-01-1.86061205e-01j]],
         input_dims=(2, 2), output_dims=(2, 2))"
"Operator([[ 9.79896396e-01-1.86061205e-01j,
            7.14258519e-02-8.58031976e-03j,
            2.98318639e-03-3.20632158e-04j,
            7.14118430e-05-1.08074425e-05j],
          [-7.16554573e-02+6.38511174e-03j,
            9.93724598e-01-2.05613108e-02j,
            8.30384541e-02-2.99916585e-03j,
            2.98318639e-03-3.20632158e-04j],
          [ 2.99723452e-03-1.37081155e-04j,
           -8.30913777e-02+4.50338608e-04j,
            9.93724598e-01-2.05613108e-02j,
            7.14258519e-02-8.58031976e-03j],
          [-7.21029215e-05+4.19771847e-06j,
            2.99723452e-03-1.37081155e-04j,
           -7.16554573e-02+6.38511174e-03j,
            9.79896396e-01-1.86061205e-01j]],
         input_dims=(2, 2), output_dims=(2, 2))"
"Operator([[ 9.79896396e-01-1.86061205e-01j,
            7.18261079e-02-4.03539838e-03j,
            2.99977979e-03+5.93907010e-05j,
            7.21669579e-05+2.89522395e-06j],
          [-7.11065969e-02+1.09144900e-02j,
            9.93724598e-01-2.05613108e-02j,
            8.30615675e-02+2.27065063e-03j,
            2.99977979e-03+5.93907010e-05j],
          [ 2.95580308e-03-5.15203027e-04j,
           -8.28957215e-02+5.71657242e-03j,
            9.93724598e-01-2.05613108e-02j,
            7.18261079e-02-4.03539838e-03j],
          [-7.00073303e-05+1.77602317e-05j,
            2.95580308e-03-5.15203027e-04j,
           -7.11065969e-02+1.09144900e-02j,
            9.79896396e-01-1.86061205e-01j]],
         input_dims=(2, 2), output_dims=(2, 2))"
"Operator([[ 9.79896396e-01-1.86061205e-01j,
            7.19256244e-02+1.40668409e-03j,
            2.95652914e-03+5.11020008e-04j,
            6.96632983e-05+1.90650726e-05j],
          [-7.00778618e-02+1.62593819e-02j,
            9.93724598e-01-2.05613108e-02j,
            8.26521457e-02+8.54415899e-03j,
            2.95652914e-03+5.11020008e-04j],
          [ 2.84432760e-03-9.54990324e-04j,
           -8.22262398e-02+1.19676785e-02j,
            9.93724598e-01-2.05613108e-02j,
            7.19256244e-02+1.40668409e-03j],
          [-6.42131095e-05+3.30624969e-05j,
            2.84432760e-03-9.54990324e-04j,
           -7.00778618e-02+1.62593819e-02j,
            9.79896396e-01-1.86061205e-01j]],
         input_dims=(2, 2), output_dims=(2, 2))"
"Operator([[ 9.79896396e-01-1.86061205e-01j,
            7.48359637e-03+7.15490740e-02j,
           -2.99161851e-03+2.28964423e-04j,
           -7.51053336e-06-7.18334464e-05j],
          [ 7.48359637e-03+7.15490740e-02j,
            9.93724598e-01-2.05613108e-02j,
            1.72495521e-03+8.30746916e-02j,
           -2.99161851e-03+2.28964423e-04j],
          [-2.99161851e-03+2.28964423e-04j,
            1.72495521e-03+8.30746916e-02j,
            9.93724598e-01-2.05613108e-02j,
            7.48359637e-03+7.15490740e-02j],
          [-7.51053336e-06-7.18334464e-05j,
           -2.99161851e-03+2.28964423e-04j,
            7.48359637e-03+7.15490740e-02j,
            9.79896396e-01-1.86061205e-01j]],
         input_dims=(2, 2), output_dims=(2, 2))"
