unitary
"Operator([[ 0.36987224-0.83919507j,  0.09722552+0.37323105j,
           -0.09527261-0.02995016j,  0.00729124-0.01284138j],
          [ 0.32807591+0.20278169j,  0.79549348-0.07168081j,
           -0.12129116+0.43429521j, -0.09527261-0.02995016j],
          [-0.03430939+0.09379098j,  0.21221275+0.39785629j,
            0.79549348-0.07168081j,  0.09722552+0.37323105j],
          [-0.01447308+0.00293141j, -0.03430939+0.09379098j,
            0.32807591+0.20278169j,  0.36987224-0.83919507j]],
         input_dims=(2, 2), output_dims=(2, 2))"
"Operator([[ 0.36987224-0.83919507j,  0.22909293+0.31027511j,
           -0.08958706+0.04413662j, -0.00866545-0.01195714j],
          [ 0.22909293+0.31027511j,  0.79549348-0.07168081j,
            0.04897584+0.44824686j, -0.08958706+0.04413662j],
          [-0.08958706+0.04413662j,  0.04897584+0.44824686j,
            0.79549348-0.07168081j,  0.22909293+0.31027511j],
          [-0.00866545-0.01195714j, -0.08958706+0.04413662j,
            0.22909293+0.31027511j,  0.36987224-0.83919507j]],
         input_dims=(2, 2), output_dims=(2, 2))"
"Operator([[ 0.36987224-0.83919507j,  0.19078443+0.33519475j,
           -0.09744818+0.02185713j, -0.00395924-0.0142263j ],
          [ 0.26418495+0.28099917j,  0.79549348-0.07168081j,
           -0.00438794+0.45089314j, -0.09744818+0.02185713j],
          [-0.07671233+0.06394607j,  0.10165199+0.43930712j,
            0.79549348-0.07168081j,  0.19078443+0.33519475j],
          [-0.0122869 -0.00819117j, -0.07671233+0.06394607j,
            0.26418495+0.28099917j,  0.36987224-0.83919507j]],
         input_dims=(2, 2), output_dims=(2, 2))"
"Operator([[ 0.36987224-0.83919507j,  0.22909293+0.31027511j,
           -0.08958706+0.04413662j, -0.00866545-0.01195714j],
          [ 0.22909293+0.31027511j,  0.79549348-0.07168081j,
            0.04897584+0.44824686j, -0.08958706+0.04413662j],
          [-0.08958706+0.04413662j,  0.04897584+0.44824686j,
            0.79549348-0.07168081j,  0.22909293+0.31027511j],
          [-0.00866545-0.01195714j, -0.08958706+0.04413662j,
            0.22909293+0.31027511j,  0.36987224-0.83919507j]],
         input_dims=(2, 2), output_dims=(2, 2))"
"Operator([[ 0.36987224-0.83919507j,  0.22909293+0.31027511j,
           -0.08958706+0.04413662j, -0.00866545-0.01195714j],
          [ 0.22909293+0.31027511j,  0.79549348-0.07168081j,
            0.04897584+0.44824686j, -0.08958706+0.04413662j],
          [-0.08958706+0.04413662j,  0.04897584+0.44824686j,
            0.79549348-0.07168081j,  0.22909293+0.31027511j],
          [-0.00866545-0.01195714j, -0.08958706+0.04413662j,
            0.22909293+0.31027511j,  0.36987224-0.83919507j]],
         input_dims=(2, 2), output_dims=(2, 2))"
"Operator([[ 3.69872239e-01-0.83919507j, -3.83915600e-01-0.03691926j,
            5.34554284e-02+0.08435875j, -3.37405061e-05-0.01476693j],
          [ 7.77252835e-02-0.37777374j,  7.95493485e-01-0.07168081j,
           -3.66189556e-01-0.26311421j,  5.34554284e-02+0.08435875j],
          [-3.43125595e-02-0.09378982j,  3.00731717e-01-0.33598261j,
            7.95493485e-01-0.07168081j, -3.83915600e-01-0.03691926j],
          [-1.40226754e-02-0.00462902j, -3.43125595e-02-0.09378982j,
            7.77252835e-02-0.37777374j,  3.69872239e-01-0.83919507j]],
         input_dims=(2, 2), output_dims=(2, 2))"
"Operator([[ 0.36987224-0.83919507j,  0.22909293+0.31027511j,
           -0.08958706+0.04413662j, -0.00866545-0.01195714j],
          [ 0.22909293+0.31027511j,  0.79549348-0.07168081j,
            0.04897584+0.44824686j, -0.08958706+0.04413662j],
          [-0.08958706+0.04413662j,  0.04897584+0.44824686j,
            0.79549348-0.07168081j,  0.22909293+0.31027511j],
          [-0.00866545-0.01195714j, -0.08958706+0.04413662j,
            0.22909293+0.31027511j,  0.36987224-0.83919507j]],
         input_dims=(2, 2), output_dims=(2, 2))"
"Operator([[ 0.36987224-0.83919507j, -0.34780963+0.16668138j,
            0.09955355-0.00793552j, -0.01474058+0.00088232j],
          [ 0.26167731-0.28333586j,  0.79549348-0.07168081j,
           -0.44946217-0.03616124j,  0.09955355-0.00793552j],
          [ 0.06695705-0.07409882j,  0.43104867-0.13236662j,
            0.79549348-0.07168081j, -0.34780963+0.16668138j],
          [ 0.00542724-0.01373348j,  0.06695705-0.07409882j,
            0.26167731-0.28333586j,  0.36987224-0.83919507j]],
         input_dims=(2, 2), output_dims=(2, 2))"
"Operator([[ 0.36987224-0.83919507j,  0.22909293+0.31027511j,
           -0.08958706+0.04413662j, -0.00866545-0.01195714j],
          [ 0.22909293+0.31027511j,  0.79549348-0.07168081j,
            0.04897584+0.44824686j, -0.08958706+0.04413662j],
          [-0.08958706+0.04413662j,  0.04897584+0.44824686j,
            0.79549348-0.07168081j,  0.22909293+0.31027511j],
          [-0.00866545-0.01195714j, -0.08958706+0.04413662j,
            0.22909293+0.31027511j,  0.36987224-0.83919507j]],
         input_dims=(2, 2), output_dims=(2, 2))"
"Operator([[ 0.36987224-0.83919507j,  0.37494948-0.09037206j,
            0.09411155+0.03342003j,  0.01242147+0.00798563j],
          [-0.19673771+0.33173558j,  0.79549348-0.07168081j,
            0.43200043+0.12922657j,  0.09411155+0.03342003j],
          [ 0.03085067-0.09498483j, -0.39390204+0.21946539j,
            0.79549348-0.07168081j,  0.37494948-0.09037206j],
          [ 0.00372202+0.0142902j ,  0.03085067-0.09498483j,
           -0.19673771+0.33173558j,  0.36987224-0.83919507j]],
         input_dims=(2, 2), output_dims=(2, 2))"
