unitary
"Operator([[ 8.86340847e-01-4.30335148e-01j,
           -1.63672160e-01+4.61474435e-02j,
            1.66437580e-02-3.92488763e-03j,
           -9.39922201e-04+3.14158841e-04j],
          [ 1.65708877e-01-3.81933295e-02j,
            9.64342661e-01-4.62886825e-02j,
           -1.96171903e-01+1.43733212e-02j,
            1.66437580e-02-3.92488763e-03j],
          [ 1.69446616e-02-2.30170973e-03j,
            1.96637027e-01-4.88750793e-03j,
            9.64342661e-01-4.62886825e-02j,
           -1.63672160e-01+4.61474435e-02j],
          [ 9.75428303e-04-1.75183178e-04j,
            1.69446616e-02-2.30170973e-03j,
            1.65708877e-01-3.81933295e-02j,
            8.86340847e-01-4.30335148e-01j]],
         input_dims=(2, 2), output_dims=(2, 2))"
"Operator([[ 8.86340847e-01-0.43033515j, -1.45513023e-01+0.0880007j ,
            1.22790860e-02-0.01190141j, -4.22963399e-04+0.00089624j],
          [ 1.69899359e-01+0.00723671j,  9.64342661e-01-0.04628868j,
           -1.85290644e-01+0.06601049j,  1.22790860e-02-0.01190141j],
          [ 1.57291191e-02+0.00670927j,  1.90859731e-01+0.04756649j,
            9.64342661e-01-0.04628868j, -1.45513023e-01+0.0880007j ],
          [ 8.01023117e-04+0.00058353j,  1.57291191e-02+0.00670927j,
            1.69899359e-01+0.00723671j,  8.86340847e-01-0.43033515j]],
         input_dims=(2, 2), output_dims=(2, 2))"
"Operator([[ 8.86340847e-01-0.43033515j,  4.21826807e-02+0.16473853j,
           -1.68138086e-02+0.00311693j, -2.45314235e-04-0.00096019j],
          [ 4.21826807e-02+0.16473853j,  9.64342661e-01-0.04628868j,
            9.63322217e-03+0.19646172j, -1.68138086e-02+0.00311693j],
          [-1.68138086e-02+0.00311693j,  9.63322217e-03+0.19646172j,
            9.64342661e-01-0.04628868j,  4.21826807e-02+0.16473853j],
          [-2.45314235e-04-0.00096019j, -1.68138086e-02+0.00311693j,
            4.21826807e-02+0.16473853j,  8.86340847e-01-0.43033515j]],
         input_dims=(2, 2), output_dims=(2, 2))"
"Operator([[ 8.86340847e-01-0.43033515j,  4.21826807e-02+0.16473853j,
           -1.68138086e-02+0.00311693j, -2.45314235e-04-0.00096019j],
          [ 4.21826807e-02+0.16473853j,  9.64342661e-01-0.04628868j,
            9.63322217e-03+0.19646172j, -1.68138086e-02+0.00311693j],
          [-1.68138086e-02+0.00311693j,  9.63322217e-03+0.19646172j,
            9.64342661e-01-0.04628868j,  4.21826807e-02+0.16473853j],
          [-2.45314235e-04-0.00096019j, -1.68138086e-02+0.00311693j,
            4.21826807e-02+0.16473853j,  8.86340847e-01-0.43033515j]],
         input_dims=(2, 2), output_dims=(2, 2))"
"Operator([[ 8.86340847e-01-0.43033515j, -1.48373438e-01+0.08308721j,
            1.30468934e-02-0.01105432j, -5.10584037e-04+0.00084938j],
          [ 1.70046317e-01+0.00155317j,  9.64342661e-01-0.04628868j,
           -1.87393726e-01+0.05977959j,  1.30468934e-02-0.01105432j],
          [ 1.61422776e-02+0.00564325j,  1.92343143e-01+0.04115973j,
            9.64342661e-01-0.04628868j, -1.48373438e-01+0.08308721j],
          [ 8.55429920e-04+0.00050039j,  1.61422776e-02+0.00564325j,
            1.70046317e-01+0.00155317j,  8.86340847e-01-0.43033515j]],
         input_dims=(2, 2), output_dims=(2, 2))"
