unitary
"Operator([[ 9.20523801e-01-3.63571888e-01j,
           -9.99290737e-03+1.42158703e-01j,
           -1.09571217e-02-4.69786352e-03j,
            3.38019727e-04-4.65272610e-04j],
          [ 6.67693948e-02+1.25899971e-01j,
            9.75113011e-01-3.95084415e-02j,
           -3.88116896e-02+1.60113296e-01j,
           -1.09571217e-02-4.69786352e-03j],
          [-9.03667486e-03+7.77604945e-03j,
            5.18226612e-02+1.56387424e-01j,
            9.75113011e-01-3.95084415e-02j,
           -9.99290737e-03+1.42158703e-01j],
          [-4.97447018e-04-2.88586906e-04j,
           -9.03667486e-03+7.77604945e-03j,
            6.67693948e-02+1.25899971e-01j,
            9.20523801e-01-3.63571888e-01j]],
         input_dims=(2, 2), output_dims=(2, 2))"
"Operator([[ 9.20523801e-01-0.36357189j,  3.46741258e-02+0.13822684j,
           -1.16162685e-02+0.00268156j, -1.80676903e-04-0.00054598j],
          [ 2.43439095e-02+0.14041485j,  9.75113011e-01-0.03950844j,
            1.28608411e-02+0.16424742j, -1.16162685e-02+0.00268156j],
          [-1.18849143e-02+0.00093662j,  6.63806514e-04+0.16474882j,
            9.75113011e-01-0.03950844j,  3.46741258e-02+0.13822684j],
          [-5.58349281e-05-0.00057238j, -1.18849143e-02+0.00093662j,
            2.43439095e-02+0.14041485j,  9.20523801e-01-0.36357189j]],
         input_dims=(2, 2), output_dims=(2, 2))"
"Operator([[ 9.20523801e-01-0.36357189j,  2.95292899e-02+0.13941656j,
           -1.17829369e-02+0.00181407j, -1.18990440e-04-0.00056265j],
          [ 2.95292899e-02+0.13941656j,  9.75113011e-01-0.03950844j,
            6.76696943e-03+0.16461113j, -1.17829369e-02+0.00181407j],
          [-1.17829369e-02+0.00181407j,  6.76696943e-03+0.16461113j,
            9.75113011e-01-0.03950844j,  2.95292899e-02+0.13941656j],
          [-1.18990440e-04-0.00056265j, -1.17829369e-02+0.00181407j,
            2.95292899e-02+0.13941656j,  9.20523801e-01-0.36357189j]],
         input_dims=(2, 2), output_dims=(2, 2))"
"Operator([[ 9.20523801e-01-3.63571888e-01j,
            1.03180510e-01+9.82992228e-02j,
           -2.55792260e-03+1.16441174e-02j,
           -5.20243091e-04+2.45118470e-04j],
          [-5.44673644e-02+1.31690019e-01j,
            9.75113011e-01-3.95084415e-02j,
            9.86501362e-02+1.31949859e-01j,
           -2.55792260e-03+1.16441174e-02j],
          [-5.94184251e-03-1.03355186e-02j,
           -8.74869700e-02+1.39601736e-01j,
            9.75113011e-01-3.95084415e-02j,
            1.03180510e-01+9.82992228e-02j],
          [ 5.74937797e-04+1.35080468e-05j,
           -5.94184251e-03-1.03355186e-02j,
           -5.44673644e-02+1.31690019e-01j,
            9.20523801e-01-3.63571888e-01j]],
         input_dims=(2, 2), output_dims=(2, 2))"
"Operator([[ 9.20523801e-01-0.36357189j,  1.23041912e-01+0.07190023j,
            2.93143801e-03+0.01155574j, -2.41552307e-04+0.00052191j],
          [-8.33260341e-02+0.11561024j,  9.75113011e-01-0.03950844j,
            1.26381467e-01+0.10568983j,  2.93143801e-03+0.01155574j],
          [-6.80099974e-04-0.01190235j, -1.17280126e-01+0.11570647j,
            9.75113011e-01-0.03950844j,  1.23041912e-01+0.07190023j],
          [ 4.32168443e-04+0.00037943j, -6.80099974e-04-0.01190235j,
           -8.33260341e-02+0.11561024j,  9.20523801e-01-0.36357189j]],
         input_dims=(2, 2), output_dims=(2, 2))"
"Operator([[ 9.20523801e-01-0.36357189j,  1.35664890e-01+0.04363476j,
            7.53091882e-03+0.00924195j,  1.25212747e-04+0.0005613j ],
          [-1.06324566e-01+0.09488963j,  9.75113011e-01-0.03950844j,
            1.46222043e-01+0.07590605j,  7.53091882e-03+0.00924195j],
          [ 4.40233980e-03-0.01107916j, -1.39498377e-01+0.08765168j,
            9.75113011e-01-0.03950844j,  1.35664890e-01+0.04363476j],
          [ 1.12753546e-04+0.00056393j,  4.40233980e-03-0.01107916j,
           -1.06324566e-01+0.09488963j,  9.20523801e-01-0.36357189j]],
         input_dims=(2, 2), output_dims=(2, 2))"
"Operator([[ 9.20523801e-01-0.36357189j,  2.95292899e-02+0.13941656j,
           -1.17829369e-02+0.00181407j, -1.18990440e-04-0.00056265j],
          [ 2.95292899e-02+0.13941656j,  9.75113011e-01-0.03950844j,
            6.76696943e-03+0.16461113j, -1.17829369e-02+0.00181407j],
          [-1.17829369e-02+0.00181407j,  6.76696943e-03+0.16461113j,
            9.75113011e-01-0.03950844j,  2.95292899e-02+0.13941656j],
          [-1.18990440e-04-0.00056265j, -1.17829369e-02+0.00181407j,
            2.95292899e-02+0.13941656j,  9.20523801e-01-0.36357189j]],
         input_dims=(2, 2), output_dims=(2, 2))"
"Operator([[ 9.20523801e-01-3.63571888e-01j,
            1.41349850e-01-1.81431788e-02j,
            1.19212400e-02+1.11684133e-04j,
            5.74748699e-04+1.99967846e-05j],
          [-1.36567629e-01+4.07214644e-02j,
            9.75113011e-01-3.95084415e-02j,
            1.64618526e-01+6.58450472e-03j,
            1.19212400e-02+1.11684133e-04j],
          [ 1.13355993e-02-3.69223851e-03j,
           -1.63522626e-01+2.00740008e-02j,
            9.75113011e-01-3.95084415e-02j,
            1.41349850e-01-1.81431788e-02j],
          [-5.17443179e-04+2.50975088e-04j,
            1.13355993e-02-3.69223851e-03j,
           -1.36567629e-01+4.07214644e-02j,
            9.20523801e-01-3.63571888e-01j]],
         input_dims=(2, 2), output_dims=(2, 2))"
"Operator([[ 9.20523801e-01-0.36357189j,  1.47670416e-02+0.14174233j,
           -1.19023542e-02-0.00068j   ,  6.10350575e-05-0.00057185j],
          [ 4.39668109e-02+0.13555764j,  9.75113011e-01-0.03950844j,
           -1.05085312e-02+0.16441468j, -1.19023542e-02-0.00068j   ],
          [-1.11466468e-02+0.00422856j,  2.39680551e-02+0.16299738j,
            9.75113011e-01-0.03950844j,  1.47670416e-02+0.14174233j],
          [-2.87325505e-04-0.00049818j, -1.11466468e-02+0.00422856j,
            4.39668109e-02+0.13555764j,  9.20523801e-01-0.36357189j]],
         input_dims=(2, 2), output_dims=(2, 2))"
"Operator([[ 9.20523801e-01-3.63571888e-01j,
            1.26778148e-01-6.50865282e-02j,
            9.24059853e-03-7.53258099e-03j,
            3.08229284e-04-4.85521005e-04j],
          [-1.42279194e-01-8.09851686e-03j,
            9.75113011e-01-3.95084415e-02j,
            1.57063811e-01-4.97350384e-02j,
            9.24059853e-03-7.53258099e-03j],
          [ 1.10783705e-02+4.40433246e-03j,
           -1.60616050e-01-3.66755937e-02j,
            9.75113011e-01-3.95084415e-02j,
            1.26778148e-01-6.50865282e-02j],
          [-4.78404901e-04-3.19162480e-04j,
            1.10783705e-02+4.40433246e-03j,
           -1.42279194e-01-8.09851686e-03j,
            9.20523801e-01-3.63571888e-01j]],
         input_dims=(2, 2), output_dims=(2, 2))"
"Operator([[ 9.20523801e-01-0.36357189j,  2.95292899e-02+0.13941656j,
           -1.17829369e-02+0.00181407j, -1.18990440e-04-0.00056265j],
          [ 2.95292899e-02+0.13941656j,  9.75113011e-01-0.03950844j,
            6.76696943e-03+0.16461113j, -1.17829369e-02+0.00181407j],
          [-1.17829369e-02+0.00181407j,  6.76696943e-03+0.16461113j,
            9.75113011e-01-0.03950844j,  2.95292899e-02+0.13941656j],
          [-1.18990440e-04-0.00056265j, -1.17829369e-02+0.00181407j,
            2.95292899e-02+0.13941656j,  9.20523801e-01-0.36357189j]],
         input_dims=(2, 2), output_dims=(2, 2))"
"Operator([[ 9.20523801e-01-0.36357189j,  1.37755270e-01+0.03650261j,
            8.45231841e-03+0.00840754j,  2.11154047e-04+0.00053493j],
          [-1.11126990e-01+0.08921741j,  9.75113011e-01-0.03950844j,
            1.49980512e-01+0.06817962j,  8.45231841e-03+0.00840754j],
          [ 5.53204960e-03-0.01056053j, -1.43878341e-01+0.08025981j,
            9.75113011e-01-0.03950844j,  1.37755270e-01+0.03650261j],
          [ 2.34943665e-05+0.00057462j,  5.53204960e-03-0.01056053j,
           -1.11126990e-01+0.08921741j,  9.20523801e-01-0.36357189j]],
         input_dims=(2, 2), output_dims=(2, 2))"
