unitary
"Operator([[ 8.60421815e-01-0.47311191j, -9.10618044e-02-0.1646278j ,
           -1.66696683e-02+0.0128508j ,  1.10942356e-03+0.00078068j],
          [-9.80778890e-03-0.18787861j,  9.56148263e-01-0.05048357j,
           -6.03140989e-02-0.20918062j, -1.66696683e-02+0.0128508j ],
          [-2.03966532e-02-0.0051959j ,  3.73403375e-02-0.21447616j,
            9.56148263e-01-0.05048357j, -9.10618044e-02-0.1646278j ],
          [-5.30371216e-04+0.0012486j , -2.03966532e-02-0.0051959j ,
           -9.80778890e-03-0.18787861j,  8.60421815e-01-0.47311191j]],
         input_dims=(2, 2), output_dims=(2, 2))"
"Operator([[ 8.60421815e-01-0.47311191j, -1.08626625e-01+0.15360606j,
            2.94764254e-04-0.021046j  ,  9.11579073e-04+0.00100465j],
          [ 1.73439255e-01+0.072893j  ,  9.56148263e-01-0.05048357j,
           -1.62118453e-01+0.14529945j,  2.94764254e-04-0.021046j  ],
          [ 8.60785896e-03+0.01920744j,  1.76879987e-01+0.12691648j,
            9.56148263e-01-0.05048357j, -1.08626625e-01+0.15360606j],
          [-2.44129126e-04+0.00133443j,  8.60785896e-03+0.01920744j,
            1.73439255e-01+0.072893j  ,  8.60421815e-01-0.47311191j]],
         input_dims=(2, 2), output_dims=(2, 2))"
"Operator([[ 8.60421815e-01-0.47311191j, -9.28365741e-02+0.16363354j,
           -3.87014741e-03-0.0206892j ,  1.16664718e-03+0.00069226j],
          [ 1.65343716e-01+0.08975533j,  9.56148263e-01-0.05048357j,
           -1.46888869e-01+0.16067975j, -3.87014741e-03-0.0206892j ],
          [ 4.64233841e-03+0.02052972j,  1.63402882e-01+0.14385347j,
            9.56148263e-01-0.05048357j, -9.28365741e-02+0.16363354j],
          [-6.25641974e-04+0.00120369j,  4.64233841e-03+0.02052972j,
            1.65343716e-01+0.08975533j,  8.60421815e-01-0.47311191j]],
         input_dims=(2, 2), output_dims=(2, 2))"
"Operator([[ 8.60421815e-01-0.47311191j,  5.17573063e-02+0.18087494j,
           -2.06130761e-02+0.00425699j, -3.72237781e-04-0.0013045j ],
          [ 5.17573063e-02+0.18087494j,  9.56148263e-01-0.05048357j,
            1.17880916e-02+0.21738299j, -2.06130761e-02+0.00425699j],
          [-2.06130761e-02+0.00425699j,  1.17880916e-02+0.21738299j,
            9.56148263e-01-0.05048357j,  5.17573063e-02+0.18087494j],
          [-3.72237781e-04-0.0013045j , -2.06130761e-02+0.00425699j,
            5.17573063e-02+0.18087494j,  8.60421815e-01-0.47311191j]],
         input_dims=(2, 2), output_dims=(2, 2))"
"Operator([[ 8.60421815e-01-0.47311191j,  5.17573063e-02+0.18087494j,
           -2.06130761e-02+0.00425699j, -3.72237781e-04-0.0013045j ],
          [ 5.17573063e-02+0.18087494j,  9.56148263e-01-0.05048357j,
            1.17880916e-02+0.21738299j, -2.06130761e-02+0.00425699j],
          [-2.06130761e-02+0.00425699j,  1.17880916e-02+0.21738299j,
            9.56148263e-01-0.05048357j,  5.17573063e-02+0.18087494j],
          [-3.72237781e-04-0.0013045j , -2.06130761e-02+0.00425699j,
            5.17573063e-02+0.18087494j,  8.60421815e-01-0.47311191j]],
         input_dims=(2, 2), output_dims=(2, 2))"
"Operator([[ 0.86042181-4.73111906e-01j, -0.17321765+7.34180573e-02j,
            0.01897056-9.11804500e-03j, -0.00108441+8.15070510e-04j],
          [ 0.18583494-2.93247231e-02j,  0.95614826-5.04835675e-02j,
           -0.21432529+3.81967928e-02j,  0.01897056-9.11804500e-03j],
          [ 0.0210306 +8.57048727e-04j,  0.21719896+1.47963998e-02j,
            0.95614826-5.04835675e-02j, -0.17321765+7.34180573e-02j],
          [ 0.00135125+1.20058554e-04j,  0.0210306 +8.57048727e-04j,
            0.18583494-2.93247231e-02j,  0.86042181-4.73111906e-01j]],
         input_dims=(2, 2), output_dims=(2, 2))"
"Operator([[ 8.60421815e-01-0.47311191j,  5.17573063e-02+0.18087494j,
           -2.06130761e-02+0.00425699j, -3.72237781e-04-0.0013045j ],
          [ 5.17573063e-02+0.18087494j,  9.56148263e-01-0.05048357j,
            1.17880916e-02+0.21738299j, -2.06130761e-02+0.00425699j],
          [-2.06130761e-02+0.00425699j,  1.17880916e-02+0.21738299j,
            9.56148263e-01-0.05048357j,  5.17573063e-02+0.18087494j],
          [-3.72237781e-04-0.0013045j , -2.06130761e-02+0.00425699j,
            5.17573063e-02+0.18087494j,  8.60421815e-01-0.47311191j]],
         input_dims=(2, 2), output_dims=(2, 2))"
"Operator([[ 8.60421815e-01-0.47311191j,  6.40756261e-03+0.18802528j,
           -2.01953531e-02-0.00593031j,  5.97320122e-04-0.00121799j],
          [ 9.40249312e-02+0.1629536j ,  9.56148263e-01-0.05048357j,
           -4.12139842e-02+0.2137656j , -2.01953531e-02-0.00593031j],
          [-1.61939069e-02+0.01344538j,  6.40881931e-02+0.20805534j,
            9.56148263e-01-0.05048357j,  6.40756261e-03+0.18802528j],
          [-1.15013814e-03-0.00071936j, -1.61939069e-02+0.01344538j,
            9.40249312e-02+0.1629536j ,  8.60421815e-01-0.47311191j]],
         input_dims=(2, 2), output_dims=(2, 2))"
"Operator([[ 8.60421815e-01-0.47311191j,  1.24792660e-01-0.14078834j,
            4.86886930e-03-0.02047718j, -5.37907000e-04-0.00124537j],
          [-1.80377872e-01-0.05346389j,  9.56148263e-01-0.05048357j,
            1.77053321e-01-0.12667456j,  4.86886930e-03-0.02047718j],
          [ 1.25824208e-02+0.01687316j, -1.89713245e-01-0.1067858j ,
            9.56148263e-01-0.05048357j,  1.24792660e-01-0.14078834j],
          [-2.00309668e-04-0.0013417j ,  1.25824208e-02+0.01687316j,
           -1.80377872e-01-0.05346389j,  8.60421815e-01-0.47311191j]],
         input_dims=(2, 2), output_dims=(2, 2))"
