unitary
"Operator([[-0.18022564-0.82166568j, -0.21168548+0.45202155j,
            0.11015659-0.1701809j , -0.00737943+0.04582065j],
          [ 0.33981068-0.36559941j,  0.59419143-0.02890261j,
           -0.5722843 +0.16840911j,  0.11015659-0.1701809j ],
          [ 0.18866622-0.07416921j,  0.59636746+0.01472433j,
            0.59419143-0.02890261j, -0.21168548+0.45202155j],
          [ 0.04119907-0.02136876j,  0.18866622-0.07416921j,
            0.33981068-0.36559941j, -0.18022564-0.82166568j]],
         input_dims=(2, 2), output_dims=(2, 2))"
"Operator([[-0.18022564-0.82166568j,  0.39821287-0.30093311j,
            0.2026583 -0.00506222j,  0.04636216+0.00213016j],
          [-0.12985028+0.48194723j,  0.59419143-0.02890261j,
            0.58471943+0.11821225j,  0.2026583 -0.00506222j],
          [ 0.04520429-0.19761727j, -0.53427644+0.26536698j,
            0.59419143-0.02890261j,  0.39821287-0.30093311j],
          [ 0.0165537 +0.04335854j,  0.04520429-0.19761727j,
           -0.12985028+0.48194723j, -0.18022564-0.82166568j]],
         input_dims=(2, 2), output_dims=(2, 2))"
"Operator([[-0.18022564-0.82166568j,  0.4137995 +0.27911324j,
           -0.15693415+0.12832648j, -0.03761045-0.02719267j],
          [ 0.4137995 +0.27911324j,  0.59419143-0.02890261j,
            0.07778015+0.59145684j, -0.15693415+0.12832648j],
          [-0.15693415+0.12832648j,  0.07778015+0.59145684j,
            0.59419143-0.02890261j,  0.4137995 +0.27911324j],
          [-0.03761045-0.02719267j, -0.15693415+0.12832648j,
            0.4137995 +0.27911324j, -0.18022564-0.82166568j]],
         input_dims=(2, 2), output_dims=(2, 2))"
"Operator([[-0.18022564-0.82166568j,  0.4137995 +0.27911324j,
           -0.15693415+0.12832648j, -0.03761045-0.02719267j],
          [ 0.4137995 +0.27911324j,  0.59419143-0.02890261j,
            0.07778015+0.59145684j, -0.15693415+0.12832648j],
          [-0.15693415+0.12832648j,  0.07778015+0.59145684j,
            0.59419143-0.02890261j,  0.4137995 +0.27911324j],
          [-0.03761045-0.02719267j, -0.15693415+0.12832648j,
            0.4137995 +0.27911324j, -0.18022564-0.82166568j]],
         input_dims=(2, 2), output_dims=(2, 2))"
