unitary
"Operator([[ 0.62259735-0.7185402j ,  0.13873702+0.27091713j,
           -0.05480338+0.01960301j, -0.00289008-0.00569463j],
          [ 0.13873702+0.27091713j,  0.87971529-0.07024829j,
            0.03074665+0.35240473j, -0.05480338+0.01960301j],
          [-0.05480338+0.01960301j,  0.03074665+0.35240473j,
            0.87971529-0.07024829j,  0.13873702+0.27091713j],
          [-0.00289008-0.00569463j, -0.05480338+0.01960301j,
            0.13873702+0.27091713j,  0.62259735-0.7185402j ]],
         input_dims=(2, 2), output_dims=(2, 2))"
"Operator([[ 0.62259735-0.7185402j ,  0.13873702+0.27091713j,
           -0.05480338+0.01960301j, -0.00289008-0.00569463j],
          [ 0.13873702+0.27091713j,  0.87971529-0.07024829j,
            0.03074665+0.35240473j, -0.05480338+0.01960301j],
          [-0.05480338+0.01960301j,  0.03074665+0.35240473j,
            0.87971529-0.07024829j,  0.13873702+0.27091713j],
          [-0.00289008-0.00569463j, -0.05480338+0.01960301j,
            0.13873702+0.27091713j,  0.62259735-0.7185402j ]],
         input_dims=(2, 2), output_dims=(2, 2))"
"Operator([[ 0.62259735-0.7185402j ,  0.23480102+0.19368153j,
           -0.02329149+0.05334037j, -0.0063384 +0.00077848j],
          [ 0.01992016+0.30372231j,  0.87971529-0.07024829j,
            0.16798224+0.31131402j, -0.02329149+0.05334037j],
          [-0.05183824-0.02646669j, -0.1115314 +0.33570106j,
            0.87971529-0.07024829j,  0.23480102+0.19368153j],
          [ 0.00437036-0.00465632j, -0.05183824-0.02646669j,
            0.01992016+0.30372231j,  0.62259735-0.7185402j ]],
         input_dims=(2, 2), output_dims=(2, 2))"
"Operator([[ 0.62259735-0.7185402j ,  0.29403301-0.0786679j ,
            0.05801678+0.00466285j,  0.00629832+0.0010548j ],
          [-0.23568699+0.19260242j,  0.87971529-0.07024829j,
            0.35099099+0.0440429j ,  0.05801678+0.00466285j],
          [ 0.04189728-0.04040182j, -0.33806045+0.10416134j,
            0.87971529-0.07024829j,  0.29403301-0.0786679j ],
          [-0.002867  +0.00570628j,  0.04189728-0.04040182j,
           -0.23568699+0.19260242j,  0.62259735-0.7185402j ]],
         input_dims=(2, 2), output_dims=(2, 2))"
"Operator([[ 0.62259735-0.7185402j ,  0.13770614-0.27144257j,
           -0.00167532-0.05817974j, -0.00450451-0.00452668j],
          [-0.30073748-0.04691501j,  0.87971529-0.07024829j,
            0.26709493-0.23193696j, -0.00167532-0.05817974j],
          [ 0.03560493+0.04604322j, -0.30322564-0.18217757j,
            0.87971529-0.07024829j,  0.13770614-0.27144257j],
          [-0.00099427-0.00630815j,  0.03560493+0.04604322j,
           -0.30073748-0.04691501j,  0.62259735-0.7185402j ]],
         input_dims=(2, 2), output_dims=(2, 2))"
"Operator([[ 0.62259735-0.7185402j , -0.07491091+0.29501255j,
           -0.02638103-0.05188189j,  0.00633587+0.00079883j],
          [ 0.2831602 +0.11164386j,  0.87971529-0.07024829j,
           -0.20981072+0.28480505j, -0.02638103-0.05188189j],
          [ 0.01250976+0.0568436j ,  0.25596255+0.24416721j,
            0.87971529-0.07024829j, -0.07491091+0.29501255j],
          [-0.00309578+0.00558548j,  0.01250976+0.0568436j ,
            0.2831602 +0.11164386j,  0.62259735-0.7185402j ]],
         input_dims=(2, 2), output_dims=(2, 2))"
"Operator([[ 0.62259735-0.7185402j ,  0.13873702+0.27091713j,
           -0.05480338+0.01960301j, -0.00289008-0.00569463j],
          [ 0.13873702+0.27091713j,  0.87971529-0.07024829j,
            0.03074665+0.35240473j, -0.05480338+0.01960301j],
          [-0.05480338+0.01960301j,  0.03074665+0.35240473j,
            0.87971529-0.07024829j,  0.13873702+0.27091713j],
          [-0.00289008-0.00569463j, -0.05480338+0.01960301j,
            0.13873702+0.27091713j,  0.62259735-0.7185402j ]],
         input_dims=(2, 2), output_dims=(2, 2))"
"Operator([[ 0.62259735-0.7185402j ,  0.27296781+0.13465745j,
            0.002978  +0.05812762j, -0.0043728 +0.00465403j],
          [-0.05028021+0.30019319j,  0.87971529-0.07024829j,
            0.23491378+0.26448057j,  0.002978  +0.05812762j],
          [-0.03456473-0.04682914j, -0.18556215+0.3011663j ,
            0.87971529-0.07024829j,  0.27296781+0.13465745j],
          [ 0.00633799-0.0007818j , -0.03456473-0.04682914j,
           -0.05028021+0.30019319j,  0.62259735-0.7185402j ]],
         input_dims=(2, 2), output_dims=(2, 2))"
