unitary
"Operator([[ 0.82465199-0.52438853j,  0.20966471-0.017294j  ,
            0.02580448+0.00614946j,  0.00178715+0.00071755j],
          [-0.17986158+0.10912464j,  0.94479879-0.055316j  ,
            0.24003199+0.04144843j,  0.02580448+0.00614946j],
          [ 0.0204227 -0.01692928j, -0.23326979+0.07013225j,
            0.94479879-0.055316j  ,  0.20966471-0.017294j  ],
          [-0.00102862+0.00162811j,  0.0204227 -0.01692928j,
           -0.17986158+0.10912464j,  0.82465199-0.52438853j]],
         input_dims=(2, 2), output_dims=(2, 2))"
"Operator([[ 8.24651986e-01-0.52438853j,  6.49420862e-02+0.20010222j,
           -2.58339895e-02+0.00602429j, -5.92551551e-04-0.0018324j ],
          [ 6.49420862e-02+0.20010222j,  9.44798788e-01-0.055316j  ,
            1.47350671e-02+0.24313825j, -2.58339895e-02+0.00602429j],
          [-2.58339895e-02+0.00602429j,  1.47350671e-02+0.24313825j,
            9.44798788e-01-0.055316j  ,  6.49420862e-02+0.20010222j],
          [-5.92551551e-04-0.0018324j , -2.58339895e-02+0.00602429j,
            6.49420862e-02+0.20010222j,  8.24651986e-01-0.52438853j]],
         input_dims=(2, 2), output_dims=(2, 2))"
"Operator([[ 8.24651986e-01-0.52438853j,  1.74265412e-01-0.11785559j,
            1.86569881e-02-0.01885746j,  7.77475833e-04-0.00176191j],
          [-2.10262216e-01+0.00694076j,  9.44798788e-01-0.055316j  ,
            2.29530275e-01-0.08154252j,  1.86569881e-02-0.01885746j],
          [ 2.50737987e-02+0.00865977j, -2.37697788e-01-0.05322679j,
            9.44798788e-01-0.055316j  ,  1.74265412e-01-0.11785559j],
          [-1.66190236e-03-0.00097308j,  2.50737987e-02+0.00865977j,
           -2.10262216e-01+0.00694076j,  8.24651986e-01-0.52438853j]],
         input_dims=(2, 2), output_dims=(2, 2))"
"Operator([[ 8.24651986e-01-0.52438853j,  6.49420862e-02+0.20010222j,
           -2.58339895e-02+0.00602429j, -5.92551551e-04-0.0018324j ],
          [ 6.49420862e-02+0.20010222j,  9.44798788e-01-0.055316j  ,
            1.47350671e-02+0.24313825j, -2.58339895e-02+0.00602429j],
          [-2.58339895e-02+0.00602429j,  1.47350671e-02+0.24313825j,
            9.44798788e-01-0.055316j  ,  6.49420862e-02+0.20010222j],
          [-5.92551551e-04-0.0018324j , -2.58339895e-02+0.00602429j,
            6.49420862e-02+0.20010222j,  8.24651986e-01-0.52438853j]],
         input_dims=(2, 2), output_dims=(2, 2))"
