unitary
"Operator([[ 8.49807622e-01-0.48915947j, -1.18782431e-01+0.15467552j,
            2.40957778e-03-0.0225417j ,  8.53422957e-04+0.00125523j],
          [ 1.84058267e-01+0.06446966j,  9.52785453e-01-0.05202104j,
           -1.75144360e-01+0.14237425j,  2.40957778e-03-0.0225417j ],
          [ 1.14499243e-02+0.01956613j,  1.89994839e-01+0.12185211j,
            9.52785453e-01-0.05202104j, -1.18782431e-01+0.15467552j],
          [-3.00050528e-05+0.00151758j,  1.14499243e-02+0.01956613j,
            1.84058267e-01+0.06446966j,  8.49807622e-01-0.48915947j]],
         input_dims=(2, 2), output_dims=(2, 2))"
"Operator([[ 8.49807622e-01-0.48915947j,  5.56732257e-02+0.18690713j,
           -2.21650333e-02+0.00475873j, -4.32099984e-04-0.00145507j],
          [ 5.56732257e-02+0.18690713j,  9.52785453e-01-0.05202104j,
            1.26658519e-02+0.2253565j , -2.21650333e-02+0.00475873j],
          [-2.21650333e-02+0.00475873j,  1.26658519e-02+0.2253565j ,
            9.52785453e-01-0.05202104j,  5.56732257e-02+0.18690713j],
          [-4.32099984e-04-0.00145507j, -2.21650333e-02+0.00475873j,
            5.56732257e-02+0.18690713j,  8.49807622e-01-0.48915947j]],
         input_dims=(2, 2), output_dims=(2, 2))"
"Operator([[ 8.49807622e-01-0.48915947j,  1.00533832e-01+0.16711293j,
           -1.71081134e-02+0.01487436j, -1.31280164e-03-0.0007619j ],
          [ 7.29326794e-03+0.1948861j ,  9.52785453e-01-0.05202104j,
            6.84762352e-02+0.21507436j, -1.71081134e-02+0.01487436j],
          [-2.17059254e-02-0.00654117j, -4.39451961e-02+0.22139285j,
            9.52785453e-01-0.05202104j,  1.00533832e-01+0.16711293j],
          [ 6.84185252e-04-0.00135493j, -2.17059254e-02-0.00654117j,
            7.29326794e-03+0.1948861j ,  8.49807622e-01-0.48915947j]],
         input_dims=(2, 2), output_dims=(2, 2))"
"Operator([[ 8.49807622e-01-0.48915947j,  1.72296861e-01+0.09136506j,
            5.12713114e-03+0.02208272j, -6.89796048e-04+0.00135208j],
          [-9.42212724e-02+0.17075167j,  9.52785453e-01-0.05202104j,
            1.69553525e-01+0.14898851j,  5.12713114e-03+0.02208272j],
          [-4.38900023e-03-0.0222412j , -1.51791058e-01+0.16704924j,
            9.52785453e-01-0.05202104j,  1.72296861e-01+0.09136506j],
          [ 1.31594871e-03+0.00075645j, -4.38900023e-03-0.0222412j ,
           -9.42212724e-02+0.17075167j,  8.49807622e-01-0.48915947j]],
         input_dims=(2, 2), output_dims=(2, 2))"
"Operator([[ 8.49807622e-01-0.48915947j,  5.56732257e-02+0.18690713j,
           -2.21650333e-02+0.00475873j, -4.32099984e-04-0.00145507j],
          [ 5.56732257e-02+0.18690713j,  9.52785453e-01-0.05202104j,
            1.26658519e-02+0.2253565j , -2.21650333e-02+0.00475873j],
          [-2.21650333e-02+0.00475873j,  1.26658519e-02+0.2253565j ,
            9.52785453e-01-0.05202104j,  5.56732257e-02+0.18690713j],
          [-4.32099984e-04-0.00145507j, -2.21650333e-02+0.00475873j,
            5.56732257e-02+0.18690713j,  8.49807622e-01-0.48915947j]],
         input_dims=(2, 2), output_dims=(2, 2))"
"Operator([[ 8.49807622e-01-0.48915947j,  1.89088737e-01+0.0477413j ,
            1.47541194e-02+0.01721192j,  3.74106495e-04+0.00147105j],
          [-1.32146474e-01+0.14342626j,  9.52785453e-01-0.05202104j,
            2.00136139e-01+0.10436235j,  1.47541194e-02+0.01721192j],
          [ 6.38892070e-03-0.02175123j, -1.87181577e-01+0.12613101j,
            9.52785453e-01-0.05202104j,  1.89088737e-01+0.0477413j ],
          [ 4.89414818e-04+0.00143681j,  6.38892070e-03-0.02175123j,
           -1.32146474e-01+0.14342626j,  8.49807622e-01-0.48915947j]],
         input_dims=(2, 2), output_dims=(2, 2))"
"Operator([[ 8.49807622e-01-4.89159468e-01j,
            1.59374715e-01+1.12398766e-01j,
           -5.71079387e-04+2.26629221e-02j,
           -1.14209798e-03+9.99775025e-04j],
          [-7.18959790e-02+1.81286377e-01j,
            9.52785453e-01-5.20210443e-02j,
            1.49373988e-01+1.69214025e-01j,
           -5.71079387e-04+2.26629221e-02j],
          [-9.82320457e-03-2.04313196e-02j,
           -1.29472272e-01+1.84886195e-01j,
            9.52785453e-01-5.20210443e-02j,
            1.59374715e-01+1.12398766e-01j],
          [ 1.50265677e-03+2.14384077e-04j,
           -9.82320457e-03-2.04313196e-02j,
           -7.18959790e-02+1.81286377e-01j,
            8.49807622e-01-4.89159468e-01j]],
         input_dims=(2, 2), output_dims=(2, 2))"
"Operator([[ 0.84980762-4.89159468e-01j, -0.04677575+1.89329902e-01j,
           -0.01492902-1.70604413e-02j,  0.00146515-3.96582437e-04j],
          [ 0.14275004+1.32876667e-01j,  0.95278545-5.20210443e-02j,
           -0.10333968+2.00666101e-01j, -0.01492902-1.70604413e-02j],
          [-0.00661058+2.16848885e-02j,  0.12517417+1.87822795e-01j,
            0.95278545-5.20210443e-02j, -0.04677575+1.89329902e-01j],
          [-0.00144413+4.67361887e-04j, -0.00661058+2.16848885e-02j,
            0.14275004+1.32876667e-01j,  0.84980762-4.89159468e-01j]],
         input_dims=(2, 2), output_dims=(2, 2))"
"Operator([[ 8.49807622e-01-0.48915947j,  5.56732257e-02+0.18690713j,
           -2.21650333e-02+0.00475873j, -4.32099984e-04-0.00145507j],
          [ 5.56732257e-02+0.18690713j,  9.52785453e-01-0.05202104j,
            1.26658519e-02+0.2253565j , -2.21650333e-02+0.00475873j],
          [-2.21650333e-02+0.00475873j,  1.26658519e-02+0.2253565j ,
            9.52785453e-01-0.05202104j,  5.56732257e-02+0.18690713j],
          [-4.32099984e-04-0.00145507j, -2.21650333e-02+0.00475873j,
            5.56732257e-02+0.18690713j,  8.49807622e-01-0.48915947j]],
         input_dims=(2, 2), output_dims=(2, 2))"
"Operator([[ 8.49807622e-01-0.48915947j, -1.66041994e-01+0.1022929j ,
            1.67901750e-02-0.01523234j, -7.19933905e-04+0.00133628j],
          [ 1.94952246e-01-0.0052349j ,  9.52785453e-01-0.05202104j,
           -2.14339271e-01+0.07074356j,  1.67901750e-02-0.01523234j],
          [ 2.15629453e-02+0.00699811j,  2.20916454e-01+0.04628061j,
            9.52785453e-01-0.05202104j, -1.66041994e-01+0.1022929j ],
          [ 1.33257625e-03+0.00072676j,  2.15629453e-02+0.00699811j,
            1.94952246e-01-0.0052349j ,  8.49807622e-01-0.48915947j]],
         input_dims=(2, 2), output_dims=(2, 2))"
"Operator([[ 0.84980762-4.89159468e-01j, -0.17647479+8.30086184e-02j,
            0.01976506-1.11030055e-02j, -0.00112175+1.02255078e-03j],
          [ 0.19313259-2.70847502e-02j,  0.95278545-5.20210443e-02j,
           -0.2209255 +4.62374005e-02j,  0.01976506-1.11030055e-02j],
          [ 0.02258069+2.01157801e-03j,  0.22471521+2.11907773e-02j,
            0.95278545-5.20210443e-02j, -0.17647479+8.30086184e-02j],
          [ 0.00149804+2.44572962e-04j,  0.02258069+2.01157801e-03j,
            0.19313259-2.70847502e-02j,  0.84980762-4.89159468e-01j]],
         input_dims=(2, 2), output_dims=(2, 2))"
"Operator([[ 0.84980762-4.89159468e-01j, -0.18453331+6.30970618e-02j,
            0.02171427-6.51342356e-03j, -0.00139294+6.03048064e-04j],
          [ 0.18898241-4.81604672e-02j,  0.95278545-5.20210443e-02j,
           -0.22467043+2.16603657e-02j,  0.02171427-6.51342356e-03j],
          [ 0.02247424-2.97363645e-03j,  0.22568262-3.65110799e-03j,
            0.95278545-5.20210443e-02j, -0.18453331+6.30970618e-02j],
          [ 0.00149631-2.54947084e-04j,  0.02247424-2.97363645e-03j,
            0.18898241-4.81604672e-02j,  0.84980762-4.89159468e-01j]],
         input_dims=(2, 2), output_dims=(2, 2))"
"Operator([[ 8.49807622e-01-0.48915947j,  5.56732257e-02+0.18690713j,
           -2.21650333e-02+0.00475873j, -4.32099984e-04-0.00145507j],
          [ 5.56732257e-02+0.18690713j,  9.52785453e-01-0.05202104j,
            1.26658519e-02+0.2253565j , -2.21650333e-02+0.00475873j],
          [-2.21650333e-02+0.00475873j,  1.26658519e-02+0.2253565j ,
            9.52785453e-01-0.05202104j,  5.56732257e-02+0.18690713j],
          [-4.32099984e-04-0.00145507j, -2.21650333e-02+0.00475873j,
            5.56732257e-02+0.18690713j,  8.49807622e-01-0.48915947j]],
         input_dims=(2, 2), output_dims=(2, 2))"
