unitary
"Operator([[ 9.20523801e-01-3.63571888e-01j,
           -2.00158315e-02+1.41096851e-01j,
           -1.01852042e-02-6.19597069e-03j,
            4.28437115e-04-3.83637298e-04j],
          [ 7.55011362e-02+1.20865766e-01j,
            9.75113011e-01-3.95084415e-02j,
           -5.00315854e-02+1.56969600e-01j,
           -1.01852042e-02-6.19597069e-03j],
          [-7.84989560e-03+8.97260144e-03j,
            6.27466680e-02+1.52333418e-01j,
            9.75113011e-01-3.95084415e-02j,
           -2.00158315e-02+1.41096851e-01j],
          [-5.47072373e-04-1.77335153e-04j,
           -7.84989560e-03+8.97260144e-03j,
            7.55011362e-02+1.20865766e-01j,
            9.20523801e-01-3.63571888e-01j]],
         input_dims=(2, 2), output_dims=(2, 2))"
"Operator([[ 9.20523801e-01-0.36357189j,  2.95292899e-02+0.13941656j,
           -1.17829369e-02+0.00181407j, -1.18990440e-04-0.00056265j],
          [ 2.95292899e-02+0.13941656j,  9.75113011e-01-0.03950844j,
            6.76696943e-03+0.16461113j, -1.17829369e-02+0.00181407j],
          [-1.17829369e-02+0.00181407j,  6.76696943e-03+0.16461113j,
            9.75113011e-01-0.03950844j,  2.95292899e-02+0.13941656j],
          [-1.18990440e-04-0.00056265j, -1.17829369e-02+0.00181407j,
            2.95292899e-02+0.13941656j,  9.20523801e-01-0.36357189j]],
         input_dims=(2, 2), output_dims=(2, 2))"
"Operator([[ 9.20523801e-01-0.36357189j,  2.95292899e-02+0.13941656j,
           -1.17829369e-02+0.00181407j, -1.18990440e-04-0.00056265j],
          [ 2.95292899e-02+0.13941656j,  9.75113011e-01-0.03950844j,
            6.76696943e-03+0.16461113j, -1.17829369e-02+0.00181407j],
          [-1.17829369e-02+0.00181407j,  6.76696943e-03+0.16461113j,
            9.75113011e-01-0.03950844j,  2.95292899e-02+0.13941656j],
          [-1.18990440e-04-0.00056265j, -1.17829369e-02+0.00181407j,
            2.95292899e-02+0.13941656j,  9.20523801e-01-0.36357189j]],
         input_dims=(2, 2), output_dims=(2, 2))"
"Operator([[ 9.20523801e-01-3.63571888e-01j,
            9.32528919e-02+1.07762948e-01j,
           -4.73903075e-03+1.09393796e-02j,
           -5.68511938e-04+8.67762297e-05j],
          [-4.15554200e-02+1.36316184e-01j,
            9.75113011e-01-3.95084415e-02j,
            8.55085825e-02+1.40822218e-01j,
           -4.73903075e-03+1.09393796e-02j],
          [-7.80997375e-03-9.00737185e-03j,
           -7.36615244e-02+1.47365513e-01j,
            9.75113011e-01-3.95084415e-02j,
            9.32528919e-02+1.07762948e-01j],
          [ 5.54968095e-04-1.50818938e-04j,
           -7.80997375e-03-9.00737185e-03j,
           -4.15554200e-02+1.36316184e-01j,
            9.20523801e-01-3.63571888e-01j]],
         input_dims=(2, 2), output_dims=(2, 2))"
"Operator([[ 9.20523801e-01-0.36357189j,  1.25000002e-01+0.06843942j,
            3.57142401e-03+0.01137424j, -1.97068741e-04+0.00054028j],
          [-8.65190751e-02+0.11324047j,  9.75113011e-01-0.03950844j,
            1.29280973e-01+0.1021227j ,  3.57142401e-03+0.01137424j],
          [-1.51586415e-05-0.01192175j, -1.20462635e-01+0.11238936j,
            9.75113011e-01-0.03950844j,  1.25000002e-01+0.06843942j],
          [ 3.98930388e-04+0.00041423j, -1.51586415e-05-0.01192175j,
           -8.65190751e-02+0.11324047j,  9.20523801e-01-0.36357189j]],
         input_dims=(2, 2), output_dims=(2, 2))"
"Operator([[ 9.20523801e-01-0.36357189j,  1.41704737e-01+0.01512357j,
            1.05891927e-02+0.00547699j,  4.25958695e-04+0.00038639j],
          [-1.23404894e-01+0.07127543j,  9.75113011e-01-0.03950844j,
            1.58606179e-01+0.04457235j,  1.05891927e-02+0.00547699j],
          [ 8.45143419e-03-0.00840843j, -1.54412564e-01+0.05744018j,
            9.75113011e-01-0.03950844j,  1.41704737e-01+0.01512357j],
          [-2.33057139e-04+0.00052576j,  8.45143419e-03-0.00840843j,
           -1.23404894e-01+0.07127543j,  9.20523801e-01-0.36357189j]],
         input_dims=(2, 2), output_dims=(2, 2))"
