unitary
"Operator([[ 8.24651986e-01-0.52438853j,  8.84346874e-03+0.21019079j,
           -2.52264365e-02-0.00820451j,  9.27599279e-04-0.00168771j],
          [ 1.16273559e-01+0.17532494j,  9.44798788e-01-0.055316j  ,
           -5.10733058e-02+0.23816979j, -2.52264365e-02-0.00820451j],
          [-1.89952595e-02+0.01851667j,  7.94617963e-02+0.23025888j,
            9.44798788e-01-0.055316j  ,  8.84346874e-03+0.21019079j],
          [-1.74015360e-03-0.00082502j, -1.89952595e-02+0.01851667j,
            1.16273559e-01+0.17532494j,  8.24651986e-01-0.52438853j]],
         input_dims=(2, 2), output_dims=(2, 2))"
"Operator([[ 8.24651986e-01-0.52438853j,  6.49420862e-02+0.20010222j,
           -2.58339895e-02+0.00602429j, -5.92551551e-04-0.0018324j ],
          [ 6.49420862e-02+0.20010222j,  9.44798788e-01-0.055316j  ,
            1.47350671e-02+0.24313825j, -2.58339895e-02+0.00602429j],
          [-2.58339895e-02+0.00602429j,  1.47350671e-02+0.24313825j,
            9.44798788e-01-0.055316j  ,  6.49420862e-02+0.20010222j],
          [-5.92551551e-04-0.0018324j , -2.58339895e-02+0.00602429j,
            6.49420862e-02+0.20010222j,  8.24651986e-01-0.52438853j]],
         input_dims=(2, 2), output_dims=(2, 2))"
"Operator([[ 0.82465199-5.24388532e-01j,  0.162566  +1.33531526e-01j,
           -0.00534945+2.59821184e-02j, -0.00173416+8.37552338e-04j],
          [-0.05316896+2.03547133e-01j,  0.94479879-5.53159953e-02j,
            0.14347741+1.96844005e-01j, -0.00534945+2.59821184e-02j],
          [-0.01629037-2.09358771e-02j, -0.11865571+2.12730231e-01j,
            0.94479879-5.53159953e-02j,  0.162566  +1.33531526e-01j],
          [ 0.00189621-3.36418624e-04j, -0.01629037-2.09358771e-02j,
           -0.05316896+2.03547133e-01j,  0.82465199-5.24388532e-01j]],
         input_dims=(2, 2), output_dims=(2, 2))"
"Operator([[ 8.24651986e-01-0.52438853j,  1.90535058e-01+0.08918949j,
            7.75429032e-03+0.02536845j, -6.98764257e-04+0.00179458j],
          [-1.01846795e-01+0.18408043j,  9.44798788e-01-0.055316j  ,
            1.87693723e-01+0.1552559j ,  7.75429032e-03+0.02536845j],
          [-4.26681205e-03-0.0261817j , -1.67570756e-01+0.17678623j,
            9.44798788e-01-0.055316j  ,  1.90535058e-01+0.08918949j],
          [ 1.61722433e-03+0.00104565j, -4.26681205e-03-0.0261817j ,
           -1.01846795e-01+0.18408043j,  8.24651986e-01-0.52438853j]],
         input_dims=(2, 2), output_dims=(2, 2))"
"Operator([[ 0.82465199-5.24388532e-01j,  0.13613771+1.60389831e-01j,
           -0.01413019+2.24504941e-02j, -0.00191835-1.69477221e-04j],
          [-0.01600532+2.09767021e-01j,  0.94479879-5.53159953e-02j,
            0.10606098+2.19281550e-01j, -0.01413019+2.24504941e-02j],
          [-0.02260325-1.38845345e-02j, -0.07880348+2.30485012e-01j,
            0.94479879-5.53159953e-02j,  0.13613771+1.60389831e-01j],
          [ 0.00145589-1.26062389e-03j, -0.02260325-1.38845345e-02j,
           -0.01600532+2.09767021e-01j,  0.82465199-5.24388532e-01j]],
         input_dims=(2, 2), output_dims=(2, 2))"
"Operator([[ 0.82465199-0.52438853j,  0.18188821-0.10571212j,
            0.02104679-0.01614682j,  0.00111908-0.00156731j],
          [-0.20930115+0.02124625j,  0.94479879-0.055316j  ,
            0.23455133-0.06571913j,  0.02104679-0.01614682j],
          [ 0.02601809+0.00517165j, -0.2407712 -0.03691284j,
            0.94479879-0.055316j  ,  0.18188821-0.10571212j],
          [-0.00182488-0.00061531j,  0.02601809+0.00517165j,
           -0.20930115+0.02124625j,  0.82465199-0.52438853j]],
         input_dims=(2, 2), output_dims=(2, 2))"
"Operator([[ 8.24651986e-01-0.52438853j,  6.49420862e-02+0.20010222j,
           -2.58339895e-02+0.00602429j, -5.92551551e-04-0.0018324j ],
          [ 6.49420862e-02+0.20010222j,  9.44798788e-01-0.055316j  ,
            1.47350671e-02+0.24313825j, -2.58339895e-02+0.00602429j],
          [-2.58339895e-02+0.00602429j,  1.47350671e-02+0.24313825j,
            9.44798788e-01-0.055316j  ,  6.49420862e-02+0.20010222j],
          [-5.92551551e-04-0.0018324j , -2.58339895e-02+0.00602429j,
            6.49420862e-02+0.20010222j,  8.24651986e-01-0.52438853j]],
         input_dims=(2, 2), output_dims=(2, 2))"
"Operator([[ 8.24651986e-01-0.52438853j,  2.08535746e-01+0.02777078j,
            2.09020206e-02+0.01633379j,  9.98256605e-04+0.0016469j ],
          [-1.52484116e-01+0.14493781j,  9.44798788e-01-0.055316j  ,
            2.25691170e-01+0.09163419j,  2.09020206e-02+0.01633379j],
          [ 1.15210651e-02-0.0238946j , -2.12973308e-01+0.11821886j,
            9.44798788e-01-0.055316j  ,  2.08535746e-01+0.02777078j],
          [ 1.55051520e-04+0.00191957j,  1.15210651e-02-0.0238946j ,
           -1.52484116e-01+0.14493781j,  8.24651986e-01-0.52438853j]],
         input_dims=(2, 2), output_dims=(2, 2))"
