unitary
"Operator([[ 9.85214685e-01-1.59807648e-01j,
           -2.04548839e-02+5.82260264e-02j,
           -1.55427629e-03-1.56496562e-03j,
            4.22787270e-05-1.68199580e-05j],
          [ 3.04752166e-02+5.36650128e-02j,
            9.95385996e-01-1.76857145e-02j,
           -2.83683768e-02+6.53883210e-02j,
           -1.55427629e-03-1.56496562e-03j],
          [-1.33662333e-03+1.75451710e-03j,
            3.06792218e-02+6.43364802e-02j,
            9.95385996e-01-1.76857145e-02j,
           -2.04548839e-02+5.82260264e-02j],
          [-4.45941659e-05-9.04224025e-06j,
           -1.33662333e-03+1.75451710e-03j,
            3.04752166e-02+5.36650128e-02j,
            9.85214685e-01-1.59807648e-01j]],
         input_dims=(2, 2), output_dims=(2, 2))"
"Operator([[ 9.85214685e-01-1.59807648e-01j,
            5.50476864e-03+6.14684467e-02j,
           -2.20092402e-03+1.44310927e-04j,
           -4.05752853e-06-4.53203950e-05j],
          [ 5.50476864e-03+6.14684467e-02j,
            9.95385996e-01-1.76857145e-02j,
            1.26948548e-03+7.12656000e-02j,
           -2.20092402e-03+1.44310927e-04j],
          [-2.20092402e-03+1.44310927e-04j,
            1.26948548e-03+7.12656000e-02j,
            9.95385996e-01-1.76857145e-02j,
            5.50476864e-03+6.14684467e-02j],
          [-4.05752853e-06-4.53203950e-05j,
           -2.20092402e-03+1.44310927e-04j,
            5.50476864e-03+6.14684467e-02j,
            9.85214685e-01-1.59807648e-01j]],
         input_dims=(2, 2), output_dims=(2, 2))"
"Operator([[ 9.85214685e-01-1.59807648e-01j,
           -3.89552700e-03+6.15913735e-02j,
           -2.14270128e-03-5.23185849e-04j,
            1.63755085e-05-4.24528499e-05j],
          [ 1.47773255e-02+5.99191378e-02j,
            9.95385996e-01-1.76857145e-02j,
           -9.56975708e-03+7.06315587e-02j,
           -2.14270128e-03-5.23185849e-04j],
          [-2.05604116e-03+7.98490406e-04j,
            1.20792695e-02+7.02459150e-02j,
            9.95385996e-01-1.76857145e-02j,
           -3.89552700e-03+6.15913735e-02j],
          [-2.36562256e-05-3.88688144e-05j,
           -2.05604116e-03+7.98490406e-04j,
            1.47773255e-02+5.99191378e-02j,
            9.85214685e-01-1.59807648e-01j]],
         input_dims=(2, 2), output_dims=(2, 2))"
"Operator([[ 9.85214685e-01-1.59807648e-01j,
            4.43355383e-03+6.15549837e-02j,
           -2.20461440e-03+6.75834964e-05j,
           -1.68539117e-06-4.54704431e-05j],
          [ 6.57431411e-03+6.13632693e-02j,
            9.95385996e-01-1.76857145e-02j,
            2.83102241e-05+7.12769004e-02j,
           -2.20461440e-03+6.75834964e-05j],
          [-2.19456410e-03+2.20863320e-04j,
            2.51027575e-03+7.12326880e-02j,
            9.95385996e-01-1.76857145e-02j,
            4.43355383e-03+6.15549837e-02j],
          [-6.41859402e-06-4.50466802e-05j,
           -2.19456410e-03+2.20863320e-04j,
            6.57431411e-03+6.13632693e-02j,
            9.85214685e-01-1.59807648e-01j]],
         input_dims=(2, 2), output_dims=(2, 2))"
"Operator([[ 9.85214685e-01-1.59807648e-01j,
            5.50476864e-03+6.14684467e-02j,
           -2.20092402e-03+1.44310927e-04j,
           -4.05752853e-06-4.53203950e-05j],
          [ 5.50476864e-03+6.14684467e-02j,
            9.95385996e-01-1.76857145e-02j,
            1.26948548e-03+7.12656000e-02j,
           -2.20092402e-03+1.44310927e-04j],
          [-2.20092402e-03+1.44310927e-04j,
            1.26948548e-03+7.12656000e-02j,
            9.95385996e-01-1.76857145e-02j,
            5.50476864e-03+6.14684467e-02j],
          [-4.05752853e-06-4.53203950e-05j,
           -2.20092402e-03+1.44310927e-04j,
            5.50476864e-03+6.14684467e-02j,
            9.85214685e-01-1.59807648e-01j]],
         input_dims=(2, 2), output_dims=(2, 2))"
"Operator([[ 9.85214685e-01-1.59807648e-01j,
            5.50476864e-03+6.14684467e-02j,
           -2.20092402e-03+1.44310927e-04j,
           -4.05752853e-06-4.53203950e-05j],
          [ 5.50476864e-03+6.14684467e-02j,
            9.95385996e-01-1.76857145e-02j,
            1.26948548e-03+7.12656000e-02j,
           -2.20092402e-03+1.44310927e-04j],
          [-2.20092402e-03+1.44310927e-04j,
            1.26948548e-03+7.12656000e-02j,
            9.95385996e-01-1.76857145e-02j,
            5.50476864e-03+6.14684467e-02j],
          [-4.05752853e-06-4.53203950e-05j,
           -2.20092402e-03+1.44310927e-04j,
            5.50476864e-03+6.14684467e-02j,
            9.85214685e-01-1.59807648e-01j]],
         input_dims=(2, 2), output_dims=(2, 2))"
"Operator([[ 9.85214685e-01-1.59807648e-01j,
            5.50476864e-03+6.14684467e-02j,
           -2.20092402e-03+1.44310927e-04j,
           -4.05752853e-06-4.53203950e-05j],
          [ 5.50476864e-03+6.14684467e-02j,
            9.95385996e-01-1.76857145e-02j,
            1.26948548e-03+7.12656000e-02j,
           -2.20092402e-03+1.44310927e-04j],
          [-2.20092402e-03+1.44310927e-04j,
            1.26948548e-03+7.12656000e-02j,
            9.95385996e-01-1.76857145e-02j,
            5.50476864e-03+6.14684467e-02j],
          [-4.05752853e-06-4.53203950e-05j,
           -2.20092402e-03+1.44310927e-04j,
            5.50476864e-03+6.14684467e-02j,
            9.85214685e-01-1.59807648e-01j]],
         input_dims=(2, 2), output_dims=(2, 2))"
"Operator([[ 9.85214685e-01-1.59807648e-01j,
            5.50476864e-03+6.14684467e-02j,
           -2.20092402e-03+1.44310927e-04j,
           -4.05752853e-06-4.53203950e-05j],
          [ 5.50476864e-03+6.14684467e-02j,
            9.95385996e-01-1.76857145e-02j,
            1.26948548e-03+7.12656000e-02j,
           -2.20092402e-03+1.44310927e-04j],
          [-2.20092402e-03+1.44310927e-04j,
            1.26948548e-03+7.12656000e-02j,
            9.95385996e-01-1.76857145e-02j,
            5.50476864e-03+6.14684467e-02j],
          [-4.05752853e-06-4.53203950e-05j,
           -2.20092402e-03+1.44310927e-04j,
            5.50476864e-03+6.14684467e-02j,
            9.85214685e-01-1.59807648e-01j]],
         input_dims=(2, 2), output_dims=(2, 2))"
"Operator([[ 9.85214685e-01-1.59807648e-01j,
            4.33585683e-02+4.39170465e-02j,
           -2.77079720e-04+2.18817710e-03j,
           -3.78712264e-05+2.52224494e-05j],
          [-3.48652863e-02+5.09223353e-02j,
            9.95385996e-01-1.76857145e-02j,
            4.63251266e-02+5.41699177e-02j,
           -2.77079720e-04+2.18817710e-03j],
          [-5.60429360e-04-2.13326302e-03j,
           -4.43664433e-02+5.57854465e-02j,
            9.95385996e-01-1.76857145e-02j,
            4.33585683e-02+4.39170465e-02j],
          [ 4.17493447e-05+1.80940310e-05j,
           -5.60429360e-04-2.13326302e-03j,
           -3.48652863e-02+5.09223353e-02j,
            9.85214685e-01-1.59807648e-01j]],
         input_dims=(2, 2), output_dims=(2, 2))"
"Operator([[ 9.85214685e-01-1.59807648e-01j,
            4.98950866e-02+3.63201426e-02j,
            4.36435909e-04+2.16203975e-03j,
           -2.16363046e-05+4.00283907e-05j],
          [-4.26476394e-02+4.46077491e-02j,
            9.95385996e-01-1.76857145e-02j,
            5.44820150e-02+4.59576694e-02j,
            4.36435909e-04+2.16203975e-03j],
          [ 1.50390322e-04-2.20051697e-03j,
           -5.28106406e-02+4.78689207e-02j,
            9.95385996e-01-1.76857145e-02j,
            4.98950866e-02+3.63201426e-02j],
          [ 2.84026846e-05+3.55484072e-05j,
            1.50390322e-04-2.20051697e-03j,
           -4.26476394e-02+4.46077491e-02j,
            9.85214685e-01-1.59807648e-01j]],
         input_dims=(2, 2), output_dims=(2, 2))"
"Operator([[ 9.85214685e-01-1.59807648e-01j,
            5.53823294e-02+2.72299470e-02j,
            1.14101947e-03+1.88758225e-03j,
            9.66854466e-07+4.54913941e-05j],
          [-4.96627472e-02+3.66371937e-02j,
            9.95385996e-01-1.76857145e-02j,
            6.15533596e-02+3.59385760e-02j,
            1.14101947e-03+1.88758225e-03j],
          [ 8.84778887e-04-2.02041048e-03j,
           -6.02343348e-02+3.81080338e-02j,
            9.95385996e-01-1.76857145e-02j,
            5.53823294e-02+2.72299470e-02j],
          [ 7.12942496e-06+4.49396600e-05j,
            8.84778887e-04-2.02041048e-03j,
           -4.96627472e-02+3.66371937e-02j,
            9.85214685e-01-1.59807648e-01j]],
         input_dims=(2, 2), output_dims=(2, 2))"
"Operator([[ 9.85214685e-01-1.59807648e-01j,
            5.92433897e-02+1.72885280e-02j,
            1.71362078e-03+1.38866699e-03j,
            2.34068378e-05+3.90195039e-05j],
          [-5.52287974e-02+2.75400137e-02j,
            9.95385996e-01-1.76857145e-02j,
            6.68215866e-02+2.48046950e-02j,
            1.71362078e-03+1.38866699e-03j],
          [ 1.51762382e-03-1.60053432e-03j,
           -6.58957591e-02+2.71688474e-02j,
            9.95385996e-01-1.76857145e-02j,
            5.92433897e-02+1.72885280e-02j],
          [-1.61033191e-05+4.25568427e-05j,
            1.51762382e-03-1.60053432e-03j,
           -5.52287974e-02+2.75400137e-02j,
            9.85214685e-01-1.59807648e-01j]],
         input_dims=(2, 2), output_dims=(2, 2))"
"Operator([[ 9.85214685e-01-1.59807648e-01j,
            6.12526027e-02+7.53598600e-03j,
            2.06581862e-03+7.72842554e-04j,
            3.88883575e-05+2.36240850e-05j],
          [-5.89389072e-02+1.82996622e-02j,
            9.95385996e-01-1.76857145e-02j,
            6.99409087e-02+1.37355967e-02j,
            2.06581862e-03+7.72842554e-04j],
          [ 1.94721775e-03-1.03597067e-03j,
           -6.94073345e-02+1.62178683e-02j,
            9.95385996e-01-1.76857145e-02j,
            6.12526027e-02+7.53598600e-03j],
          [-3.40734036e-05+3.01563411e-05j,
            1.94721775e-03-1.03597067e-03j,
           -5.89389072e-02+1.82996622e-02j,
            9.85214685e-01-1.59807648e-01j]],
         input_dims=(2, 2), output_dims=(2, 2))"
"Operator([[ 9.85214685e-01-1.59807648e-01j,
            5.50476864e-03+6.14684467e-02j,
           -2.20092402e-03+1.44310927e-04j,
           -4.05752853e-06-4.53203950e-05j],
          [ 5.50476864e-03+6.14684467e-02j,
            9.95385996e-01-1.76857145e-02j,
            1.26948548e-03+7.12656000e-02j,
           -2.20092402e-03+1.44310927e-04j],
          [-2.20092402e-03+1.44310927e-04j,
            1.26948548e-03+7.12656000e-02j,
            9.95385996e-01-1.76857145e-02j,
            5.50476864e-03+6.14684467e-02j],
          [-4.05752853e-06-4.53203950e-05j,
           -2.20092402e-03+1.44310927e-04j,
            5.50476864e-03+6.14684467e-02j,
            9.85214685e-01-1.59807648e-01j]],
         input_dims=(2, 2), output_dims=(2, 2))"
