unitary
"Operator([[ 0.36987224-0.83919507j,  0.22909293+0.31027511j,
           -0.08958706+0.04413662j, -0.00866545-0.01195714j],
          [ 0.22909293+0.31027511j,  0.79549348-0.07168081j,
            0.04897584+0.44824686j, -0.08958706+0.04413662j],
          [-0.08958706+0.04413662j,  0.04897584+0.44824686j,
            0.79549348-0.07168081j,  0.22909293+0.31027511j],
          [-0.00866545-0.01195714j, -0.08958706+0.04413662j,
            0.22909293+0.31027511j,  0.36987224-0.83919507j]],
         input_dims=(2, 2), output_dims=(2, 2))"
"Operator([[ 0.36987224-8.39195068e-01j, -0.25060836+2.93171743e-01j,
            0.06107523-7.90170751e-02j, -0.00381286+1.42662303e-02j],
          [ 0.3539515 -1.53207564e-01j,  0.79549348-7.16808055e-02j,
           -0.42564998+1.48815238e-01j,  0.06107523-7.90170751e-02j],
          [ 0.09986895-2.74868581e-04j,  0.44774283+5.33875804e-02j,
            0.79549348-7.16808055e-02j, -0.25060836+2.93171743e-01j],
          [ 0.01474431+8.17681708e-04j,  0.09986895-2.74868581e-04j,
            0.3539515 -1.53207564e-01j,  0.36987224-8.39195068e-01j]],
         input_dims=(2, 2), output_dims=(2, 2))"
"Operator([[ 0.36987224-0.83919507j,  0.22909293+0.31027511j,
           -0.08958706+0.04413662j, -0.00866545-0.01195714j],
          [ 0.22909293+0.31027511j,  0.79549348-0.07168081j,
            0.04897584+0.44824686j, -0.08958706+0.04413662j],
          [-0.08958706+0.04413662j,  0.04897584+0.44824686j,
            0.79549348-0.07168081j,  0.22909293+0.31027511j],
          [-0.00866545-0.01195714j, -0.08958706+0.04413662j,
            0.22909293+0.31027511j,  0.36987224-0.83919507j]],
         input_dims=(2, 2), output_dims=(2, 2))"
"Operator([[ 0.36987224-0.83919507j,  0.30565358-0.23522352j,
            0.08775935-0.04766737j,  0.01141865-0.00936364j],
          [-0.3147737 +0.22287157j,  0.79549348-0.07168081j,
            0.44718319-0.05788842j,  0.08775935-0.04766737j],
          [ 0.09127278-0.04053592j, -0.4491329 +0.04004386j,
            0.79549348-0.07168081j,  0.30565358-0.23522352j],
          [-0.01245301+0.00793636j,  0.09127278-0.04053592j,
           -0.3147737 +0.22287157j,  0.36987224-0.83919507j]],
         input_dims=(2, 2), output_dims=(2, 2))"
"Operator([[ 3.69872239e-01-0.83919507j,  2.19445750e-01-0.31717153j,
            4.37961238e-02-0.08975401j, -6.63084508e-04-0.01475207j],
          [-3.67714999e-01+0.11636107j,  7.95493485e-01-0.07168081j,
            4.08279759e-01-0.19139361j,  4.37961238e-02-0.08975401j],
          [ 9.78526996e-02+0.01996825j, -4.39976988e-01-0.09871234j,
            7.95493485e-01-0.07168081j,  2.19445750e-01-0.31717153j],
          [-1.38126419e-02-0.00522247j,  9.78526996e-02+0.01996825j,
           -3.67714999e-01+0.11636107j,  3.69872239e-01-0.83919507j]],
         input_dims=(2, 2), output_dims=(2, 2))"
"Operator([[ 0.36987224-0.83919507j,  0.37063658-0.10668993j,
            0.09667278+0.02506503j,  0.01336003+0.0062907j ],
          [-0.21106308+0.32281046j,  0.79549348-0.07168081j,
            0.43724056+0.11020239j,  0.09667278+0.02506503j],
          [ 0.03903596-0.09192429j, -0.40312669+0.20202165j,
            0.79549348-0.07168081j,  0.37063658-0.10668993j],
          [ 0.00181914+0.01465449j,  0.03903596-0.09192429j,
           -0.21106308+0.32281046j,  0.36987224-0.83919507j]],
         input_dims=(2, 2), output_dims=(2, 2))"
"Operator([[ 0.36987224-0.83919507j, -0.0598645 +0.38101242j,
           -0.04297671-0.09014924j,  0.01453458+0.00260944j],
          [ 0.38175331+0.05494205j,  0.79549348-0.07168081j,
           -0.28459027+0.34976028j, -0.04297671-0.09014924j],
          [ 0.04528918+0.08900995j,  0.35340416+0.28005246j,
            0.79549348-0.07168081j, -0.0598645 +0.38101242j],
          [-0.00204485+0.0146247j ,  0.04528918+0.08900995j,
            0.38175331+0.05494205j,  0.36987224-0.83919507j]],
         input_dims=(2, 2), output_dims=(2, 2))"
"Operator([[ 0.36987224-0.83919507j,  0.22909293+0.31027511j,
           -0.08958706+0.04413662j, -0.00866545-0.01195714j],
          [ 0.22909293+0.31027511j,  0.79549348-0.07168081j,
            0.04897584+0.44824686j, -0.08958706+0.04413662j],
          [-0.08958706+0.04413662j,  0.04897584+0.44824686j,
            0.79549348-0.07168081j,  0.22909293+0.31027511j],
          [-0.00866545-0.01195714j, -0.08958706+0.04413662j,
            0.22909293+0.31027511j,  0.36987224-0.83919507j]],
         input_dims=(2, 2), output_dims=(2, 2))"
