unitary
"Operator([[ 0.75140351-0.6097643j ,  0.09183288+0.23173789j,
           -0.03644157+0.01027726j, -0.00121275-0.00307687j],
          [ 0.09183288+0.23173789j,  0.92140335-0.0627214j ,
            0.02066853+0.28824532j, -0.03644157+0.01027726j],
          [-0.03644157+0.01027726j,  0.02066853+0.28824532j,
            0.92140335-0.0627214j ,  0.09183288+0.23173789j],
          [-0.00121275-0.00307687j, -0.03644157+0.01027726j,
            0.09183288+0.23173789j,  0.75140351-0.6097643j ]],
         input_dims=(2, 2), output_dims=(2, 2))"
"Operator([[ 0.75140351-6.09764296e-01j,  0.17204635+1.80376775e-01j,
           -0.0190421 +3.27262664e-02j, -0.00330434-1.38640082e-04j],
          [-0.00178872+2.49263974e-01j,  0.92140335-6.27213955e-02j,
            0.12727135+2.59450492e-01j, -0.0190421 +3.27262664e-02j],
          [-0.03333519-1.79548078e-02j, -0.08895201+2.74954711e-01j,
            0.92140335-6.27213955e-02j,  0.17204635+1.80376775e-01j],
          [ 0.00232111-2.35590853e-03j, -0.03333519-1.79548078e-02j,
           -0.00178872+2.49263974e-01j,  0.75140351-6.09764296e-01j]],
         input_dims=(2, 2), output_dims=(2, 2))"
"Operator([[ 0.75140351-0.6097643j ,  0.09183288+0.23173789j,
           -0.03644157+0.01027726j, -0.00121275-0.00307687j],
          [ 0.09183288+0.23173789j,  0.92140335-0.0627214j ,
            0.02066853+0.28824532j, -0.03644157+0.01027726j],
          [-0.03644157+0.01027726j,  0.02066853+0.28824532j,
            0.92140335-0.0627214j ,  0.09183288+0.23173789j],
          [-0.00121275-0.00307687j, -0.03644157+0.01027726j,
            0.09183288+0.23173789j,  0.75140351-0.6097643j ]],
         input_dims=(2, 2), output_dims=(2, 2))"
"Operator([[ 0.75140351-0.6097643j ,  0.23360841-0.0869646j ,
            0.03683959-0.00874381j,  0.00314688-0.00101736j],
          [-0.22976594+0.09666096j,  0.92140335-0.0627214j ,
            0.28861464-0.01463363j,  0.03683959-0.00874381j],
          [ 0.03597974-0.01179272j, -0.28774983+0.02669438j,
            0.92140335-0.0627214j ,  0.23360841-0.0869646j ],
          [-0.00299474+0.00140336j,  0.03597974-0.01179272j,
           -0.22976594+0.09666096j,  0.75140351-0.6097643j ]],
         input_dims=(2, 2), output_dims=(2, 2))"
"Operator([[ 0.75140351-6.09764296e-01j,  0.21915912-1.18764514e-01j,
            0.03297961-1.85998719e-02j,  0.00245696-2.21387164e-03j],
          [-0.24102147+6.35954218e-02j,  0.92140335-6.27213955e-02j,
            0.28373573-5.48323977e-02j,  0.03297961-1.85998719e-02j],
          [ 0.03783817-1.37218030e-03j, -0.28865622-1.37892359e-02j,
            0.92140335-6.27213955e-02j,  0.21915912-1.18764514e-01j],
          [-0.00330674+5.78862317e-05j,  0.03783817-1.37218030e-03j,
           -0.24102147+6.35954218e-02j,  0.75140351-6.09764296e-01j]],
         input_dims=(2, 2), output_dims=(2, 2))"
"Operator([[ 0.75140351-6.09764296e-01j,  0.22061662-1.16034635e-01j,
            0.03343122-1.77753582e-02j,  0.00253769-2.12085023e-03j],
          [-0.2402134 +6.65826561e-02j,  0.92140335-6.27213955e-02j,
            0.28439457-5.13057658e-02j,  0.03343122-1.77753582e-02j],
          [ 0.03779244-2.31116070e-03j, -0.28880516-1.02046819e-02j,
            0.92140335-6.27213955e-02j,  0.22061662-1.16034635e-01j],
          [-0.00330229+1.80974234e-04j,  0.03779244-2.31116070e-03j,
           -0.2402134 +6.65826561e-02j,  0.75140351-6.09764296e-01j]],
         input_dims=(2, 2), output_dims=(2, 2))"
"Operator([[ 0.75140351-0.6097643j ,  0.24646345+0.03730274j,
            0.02691384+0.02663185j,  0.00117659+0.00309087j],
          [-0.15400972+0.19600188j,  0.92140335-0.0627214j ,
            0.2594668 +0.12723809j,  0.02691384+0.02663185j],
          [ 0.00903332-0.03676968j, -0.23865854+0.16295599j,
            0.92140335-0.0627214j ,  0.24646345+0.03730274j],
          [ 0.00124873+0.00306244j,  0.00903332-0.03676968j,
           -0.15400972+0.19600188j,  0.75140351-0.6097643j ]],
         input_dims=(2, 2), output_dims=(2, 2))"
"Operator([[ 0.75140351-0.6097643j ,  0.09183288+0.23173789j,
           -0.03644157+0.01027726j, -0.00121275-0.00307687j],
          [ 0.09183288+0.23173789j,  0.92140335-0.0627214j ,
            0.02066853+0.28824532j, -0.03644157+0.01027726j],
          [-0.03644157+0.01027726j,  0.02066853+0.28824532j,
            0.92140335-0.0627214j ,  0.09183288+0.23173789j],
          [-0.00121275-0.00307687j, -0.03644157+0.01027726j,
            0.09183288+0.23173789j,  0.75140351-0.6097643j ]],
         input_dims=(2, 2), output_dims=(2, 2))"
"Operator([[ 7.51403505e-01-0.6097643j , -1.89545203e-01+0.16188991j,
            2.25134006e-02-0.03044268j, -6.78506620e-04+0.0032369j ],
          [ 2.48986608e-01-0.01189106j,  9.21403351e-01-0.0627214j ,
           -2.66042997e-01+0.1128436j ,  2.25134006e-02-0.03044268j],
          [ 3.51018534e-02+0.01419401j,  2.79421282e-01+0.07373127j,
            9.21403351e-01-0.0627214j , -1.89545203e-01+0.16188991j],
          [ 2.70457424e-03+0.00190346j,  3.51018534e-02+0.01419401j,
            2.48986608e-01-0.01189106j,  7.51403505e-01-0.6097643j ]],
         input_dims=(2, 2), output_dims=(2, 2))"
"Operator([[ 0.75140351-0.6097643j ,  0.09183288+0.23173789j,
           -0.03644157+0.01027726j, -0.00121275-0.00307687j],
          [ 0.09183288+0.23173789j,  0.92140335-0.0627214j ,
            0.02066853+0.28824532j, -0.03644157+0.01027726j],
          [-0.03644157+0.01027726j,  0.02066853+0.28824532j,
            0.92140335-0.0627214j ,  0.09183288+0.23173789j],
          [-0.00121275-0.00307687j, -0.03644157+0.01027726j,
            0.09183288+0.23173789j,  0.75140351-0.6097643j ]],
         input_dims=(2, 2), output_dims=(2, 2))"
