unitary
"Operator([[ 0.7927205 -5.64359367e-01j, -0.05744651+2.20901189e-01j,
           -0.018442  -2.54744650e-02j,  0.00247535-3.00747378e-04j],
          [ 0.18428015+1.34678373e-01j,  0.93462602-5.88990813e-02j,
           -0.1339993 +2.27953501e-01j, -0.018442  -2.54744650e-02j],
          [-0.00397682+3.11968038e-02j,  0.16267756+2.08457725e-01j,
            0.93462602-5.88990813e-02j, -0.05744651+2.20901189e-01j],
          [-0.00211056+1.32790595e-03j, -0.00397682+3.11968038e-02j,
            0.18428015+1.34678373e-01j,  0.7927205 -5.64359367e-01j]],
         input_dims=(2, 2), output_dims=(2, 2))"
"Operator([[ 7.92720502e-01-0.56435937j,  7.66830245e-02+0.21498175j,
           -3.04722668e-02+0.00777796j, -8.34503107e-04-0.00234977j],
          [ 7.66830245e-02+0.21498175j,  9.34626018e-01-0.05889908j,
            1.73387408e-02+0.26385219j, -3.04722668e-02+0.00777796j],
          [-3.04722668e-02+0.00777796j,  1.73387408e-02+0.26385219j,
            9.34626018e-01-0.05889908j,  7.66830245e-02+0.21498175j],
          [-8.34503107e-04-0.00234977j, -3.04722668e-02+0.00777796j,
            7.66830245e-02+0.21498175j,  7.92720502e-01-0.56435937j]],
         input_dims=(2, 2), output_dims=(2, 2))"
"Operator([[ 7.92720502e-01-0.56435937j,  2.22648241e-01+0.05025135j,
            2.00548568e-02+0.02422516j,  5.39850725e-04+0.00243441j],
          [-1.40584646e-01+0.17981489j,  9.34626018e-01-0.05889908j,
            2.32179835e-01+0.12653511j,  2.00548568e-02+0.02422516j],
          [ 5.99112822e-03-0.03087332j, -2.13624498e-01+0.15583063j,
            9.34626018e-01-0.05889908j,  2.22648241e-01+0.05025135j],
          [ 1.11654163e-03+0.00222961j,  5.99112822e-03-0.03087332j,
           -1.40584646e-01+0.17981489j,  7.92720502e-01-0.56435937j]],
         input_dims=(2, 2), output_dims=(2, 2))"
"Operator([[ 7.92720502e-01-0.56435937j,  7.66830245e-02+0.21498175j,
           -3.04722668e-02+0.00777796j, -8.34503107e-04-0.00234977j],
          [ 7.66830245e-02+0.21498175j,  9.34626018e-01-0.05889908j,
            1.73387408e-02+0.26385219j, -3.04722668e-02+0.00777796j],
          [-3.04722668e-02+0.00777796j,  1.73387408e-02+0.26385219j,
            9.34626018e-01-0.05889908j,  7.66830245e-02+0.21498175j],
          [-8.34503107e-04-0.00234977j, -3.04722668e-02+0.00777796j,
            7.66830245e-02+0.21498175j,  7.92720502e-01-0.56435937j]],
         input_dims=(2, 2), output_dims=(2, 2))"
"Operator([[ 0.7927205 -5.64359367e-01j,  0.20940136-9.08212873e-02j,
            0.02916926-1.17562714e-02j,  0.00213738-1.28430083e-03j],
          [-0.21960877+6.22047034e-02j,  0.93462602-5.88990813e-02j,
            0.26211316-3.48612016e-02j,  0.02916926-1.17562714e-02j],
          [ 0.03123534-3.66182911e-03j, -0.26442115-2.60610219e-04j,
            0.93462602-5.88990813e-02j,  0.20940136-9.08212873e-02j],
          [-0.00246866+3.51497616e-04j,  0.03123534-3.66182911e-03j,
           -0.21960877+6.22047034e-02j,  0.7927205 -5.64359367e-01j]],
         input_dims=(2, 2), output_dims=(2, 2))"
"Operator([[ 0.7927205 -5.64359367e-01j,  0.20231448-1.05670662e-01j,
            0.02717704-1.58260551e-02j,  0.00181192-1.71310799e-03j],
          [-0.22351941+4.62223783e-02j,  0.93462602-5.88990813e-02j,
            0.2589207 -5.36533543e-02j,  0.02717704-1.58260551e-02j],
          [ 0.03143736+8.64898122e-04j, -0.26371533-1.93089335e-02j,
            0.93462602-5.88990813e-02j,  0.20231448-1.05670662e-01j],
          [-0.00248657-1.86530343e-04j,  0.03143736+8.64898122e-04j,
           -0.22351941+4.62223783e-02j,  0.7927205 -5.64359367e-01j]],
         input_dims=(2, 2), output_dims=(2, 2))"
"Operator([[ 7.92720502e-01-0.56435937j,  7.66830245e-02+0.21498175j,
           -3.04722668e-02+0.00777796j, -8.34503107e-04-0.00234977j],
          [ 7.66830245e-02+0.21498175j,  9.34626018e-01-0.05889908j,
            1.73387408e-02+0.26385219j, -3.04722668e-02+0.00777796j],
          [-3.04722668e-02+0.00777796j,  1.73387408e-02+0.26385219j,
            9.34626018e-01-0.05889908j,  7.66830245e-02+0.21498175j],
          [-8.34503107e-04-0.00234977j, -3.04722668e-02+0.00777796j,
            7.66830245e-02+0.21498175j,  7.92720502e-01-0.56435937j]],
         input_dims=(2, 2), output_dims=(2, 2))"
"Operator([[ 0.7927205 -5.64359367e-01j,  0.20433481-1.01709010e-01j,
            0.02777296-1.47552876e-02j,  0.00190891-1.60433339e-03j],
          [-0.22257646+5.05683256e-02j,  0.93462602-5.88990813e-02j,
            0.25991686-4.85987442e-02j,  0.02777296-1.47552876e-02j],
          [ 0.03144719-3.60483681e-04j, -0.26404146-1.41674306e-02j,
            0.93462602-5.88990813e-02j,  0.20433481-1.01709010e-01j],
          [-0.00249322-4.09515744e-05j,  0.03144719-3.60483681e-04j,
           -0.22257646+5.05683256e-02j,  0.7927205 -5.64359367e-01j]],
         input_dims=(2, 2), output_dims=(2, 2))"
"Operator([[ 7.92720502e-01-0.56435937j,  7.66830245e-02+0.21498175j,
           -3.04722668e-02+0.00777796j, -8.34503107e-04-0.00234977j],
          [ 7.66830245e-02+0.21498175j,  9.34626018e-01-0.05889908j,
            1.73387408e-02+0.26385219j, -3.04722668e-02+0.00777796j],
          [-3.04722668e-02+0.00777796j,  1.73387408e-02+0.26385219j,
            9.34626018e-01-0.05889908j,  7.66830245e-02+0.21498175j],
          [-8.34503107e-04-0.00234977j, -3.04722668e-02+0.00777796j,
            7.66830245e-02+0.21498175j,  7.92720502e-01-0.56435937j]],
         input_dims=(2, 2), output_dims=(2, 2))"
"Operator([[ 7.92720502e-01-0.56435937j,  7.66830245e-02+0.21498175j,
           -3.04722668e-02+0.00777796j, -8.34503107e-04-0.00234977j],
          [ 7.66830245e-02+0.21498175j,  9.34626018e-01-0.05889908j,
            1.73387408e-02+0.26385219j, -3.04722668e-02+0.00777796j],
          [-3.04722668e-02+0.00777796j,  1.73387408e-02+0.26385219j,
            9.34626018e-01-0.05889908j,  7.66830245e-02+0.21498175j],
          [-8.34503107e-04-0.00234977j, -3.04722668e-02+0.00777796j,
            7.66830245e-02+0.21498175j,  7.92720502e-01-0.56435937j]],
         input_dims=(2, 2), output_dims=(2, 2))"
"Operator([[ 0.7927205 -5.64359367e-01j, -0.2009826 +1.08182397e-01j,
            0.0267744 -1.64981006e-02j, -0.00174666+1.77960351e-03j],
          [ 0.2240778 -4.34347416e-02j,  0.93462602-5.88990813e-02j,
           -0.25823233+5.68741848e-02j,  0.0267744 -1.64981006e-02j],
          [ 0.03140606+1.64770650e-03j,  0.26345437+2.25921479e-02j,
            0.93462602-5.88990813e-02j, -0.2009826 +1.08182397e-01j],
          [ 0.00247786+2.79295398e-04j,  0.03140606+1.64770650e-03j,
            0.2240778 -4.34347416e-02j,  0.7927205 -5.64359367e-01j]],
         input_dims=(2, 2), output_dims=(2, 2))"
