unitary
"Operator([[-0.65689471+0.32102359j,  0.4825724 +0.00072534j,
           -0.42285971+0.08013799j, -0.04026308-0.21378261j],
          [ 0.2291854 -0.42467717j,  0.15083031+0.22458278j,
           -0.39342622+0.59491136j, -0.42285971+0.08013799j],
          [ 0.30002109+0.30857702j,  0.3376352 +0.62825647j,
            0.15083031+0.22458278j,  0.4825724 +0.00072534j],
          [ 0.05945545+0.20925861j,  0.30002109+0.30857702j,
            0.2291854 -0.42467717j, -0.65689471+0.32102359j]],
         input_dims=(2, 2), output_dims=(2, 2))"
"Operator([[-0.65689471+0.32102359j,  0.41459814-0.24695147j,
           -0.12968589+0.41038275j, -0.21173818+0.04991055j],
          [ 0.41459814-0.24695147j,  0.15083031+0.22458278j,
           -0.03249821+0.71249392j, -0.12968589+0.41038275j],
          [-0.12968589+0.41038275j, -0.03249821+0.71249392j,
            0.15083031+0.22458278j,  0.41459814-0.24695147j],
          [-0.21173818+0.04991055j, -0.12968589+0.41038275j,
            0.41459814-0.24695147j, -0.65689471+0.32102359j]],
         input_dims=(2, 2), output_dims=(2, 2))"
"Operator([[-0.65689471+0.32102359j,  0.46061132-0.14392309j,
           -0.30108622+0.30753783j, -0.19379652-0.09882828j],
          [ 0.34591764-0.33647828j,  0.15083031+0.22458278j,
           -0.1970645 +0.68547013j, -0.30108622+0.30753783j],
          [ 0.06968806+0.42470696j,  0.13384486+0.70056354j,
            0.15083031+0.22458278j,  0.46061132-0.14392309j],
          [-0.1292555 +0.17497752j,  0.06968806+0.42470696j,
            0.34591764-0.33647828j, -0.65689471+0.32102359j]],
         input_dims=(2, 2), output_dims=(2, 2))"
"Operator([[-0.65689471+0.32102359j,  0.41658913-0.2435778j ,
           -0.13633121+0.40822326j, -0.21289074+0.04473979j],
          [ 0.41257983-0.25030887j,  0.15083031+0.22458278j,
           -0.03828087+0.71220663j, -0.13633121+0.40822326j],
          [-0.12300638+0.41243407j, -0.02671341+0.71273425j,
            0.15083031+0.22458278j,  0.41658913-0.2435778j ],
          [-0.21046004+0.0550517j , -0.12300638+0.41243407j,
            0.41257983-0.25030887j, -0.65689471+0.32102359j]],
         input_dims=(2, 2), output_dims=(2, 2))"
"Operator([[-0.65689471+0.32102359j,  0.41459814-0.24695147j,
           -0.12968589+0.41038275j, -0.21173818+0.04991055j],
          [ 0.41459814-0.24695147j,  0.15083031+0.22458278j,
           -0.03249821+0.71249392j, -0.12968589+0.41038275j],
          [-0.12968589+0.41038275j, -0.03249821+0.71249392j,
            0.15083031+0.22458278j,  0.41459814-0.24695147j],
          [-0.21173818+0.04991055j, -0.12968589+0.41038275j,
            0.41459814-0.24695147j, -0.65689471+0.32102359j]],
         input_dims=(2, 2), output_dims=(2, 2))"
