unitary
"Operator([[-0.60522005-0.48632716j, -0.5136998 +0.1640806j ,
            0.11836655+0.28720144j,  0.02921191-0.095058j  ],
          [-0.39777485-0.36412236j,  0.39143586+0.06411884j,
           -0.40012377-0.54338061j,  0.11836655+0.28720144j],
          [-0.30763538-0.04307875j,  0.27251318-0.61733142j,
            0.39143586+0.06411884j, -0.5136998 +0.1640806j ],
          [-0.03013084+0.09477074j, -0.30763538-0.04307875j,
           -0.39777485-0.36412236j, -0.60522005-0.48632716j]],
         input_dims=(2, 2), output_dims=(2, 2))"
"Operator([[-0.60522005-0.48632716j,  0.20209708-0.4999667j ,
            0.26066588-0.16896332j,  0.07183956-0.06876364j],
          [-0.02584819+0.53864812j,  0.39143586+0.06411884j,
            0.67364678+0.03951616j,  0.26066588-0.16896332j],
          [ 0.09869124-0.2945426j , -0.64897114+0.18492695j,
            0.39143586+0.06411884j,  0.20209708-0.4999667j ],
          [ 0.01988316+0.09743726j,  0.09869124-0.2945426j ,
           -0.02584819+0.53864812j, -0.60522005-0.48632716j]],
         input_dims=(2, 2), output_dims=(2, 2))"
"Operator([[-0.60522005-0.48632716j,  0.21957971-0.49253901j,
            0.27191309-0.15019513j,  0.078692  -0.06080237j],
          [-0.00686186+0.5392243j ,  0.39143586+0.06411884j,
            0.67183718+0.06321637j,  0.27191309-0.15019513j],
          [ 0.07771268-0.30075911j, -0.64205572+0.20766791j,
            0.39143586+0.06411884j,  0.21957971-0.49253901j],
          [ 0.03004995+0.09479641j,  0.07771268-0.30075911j,
           -0.00686186+0.5392243j , -0.60522005-0.48632716j]],
         input_dims=(2, 2), output_dims=(2, 2))"
"Operator([[-0.60522005-0.48632716j,  0.52673153+0.11560201j,
           -0.19033372+0.24549619j, -0.09491548-0.02967172j],
          [ 0.52673153+0.11560201j,  0.39143586+0.06411884j,
            0.0737448 +0.67076316j, -0.19033372+0.24549619j],
          [-0.19033372+0.24549619j,  0.0737448 +0.67076316j,
            0.39143586+0.06411884j,  0.52673153+0.11560201j],
          [-0.09491548-0.02967172j, -0.19033372+0.24549619j,
            0.52673153+0.11560201j, -0.60522005-0.48632716j]],
         input_dims=(2, 2), output_dims=(2, 2))"
"Operator([[-0.60522005-0.48632716j,  0.38767209+0.37486034j,
           -0.30482114-0.05982789j,  0.03779411-0.0919835j ],
          [ 0.5090223 -0.17806241j,  0.39143586+0.06411884j,
           -0.28928747+0.60965094j, -0.30482114-0.05982789j],
          [ 0.13388635+0.28030296j,  0.41482876+0.53223924j,
            0.39143586+0.06411884j,  0.38767209+0.37486034j],
          [-0.0213256 +0.09713176j,  0.13388635+0.28030296j,
            0.5090223 -0.17806241j, -0.60522005-0.48632716j]],
         input_dims=(2, 2), output_dims=(2, 2))"
"Operator([[-0.60522005-0.48632716j,  0.52673153+0.11560201j,
           -0.19033372+0.24549619j, -0.09491548-0.02967172j],
          [ 0.52673153+0.11560201j,  0.39143586+0.06411884j,
            0.0737448 +0.67076316j, -0.19033372+0.24549619j],
          [-0.19033372+0.24549619j,  0.0737448 +0.67076316j,
            0.39143586+0.06411884j,  0.52673153+0.11560201j],
          [-0.09491548-0.02967172j, -0.19033372+0.24549619j,
            0.52673153+0.11560201j, -0.60522005-0.48632716j]],
         input_dims=(2, 2), output_dims=(2, 2))"
