unitary
"Operator([[ 0.57532448-7.49053357e-01j,  0.2481454 -2.04827220e-01j,
            0.04879999-4.41531287e-02j,  0.0038081 -6.71127381e-03j],
          [-0.30532689+1.01517579e-01j,  0.8642233 -7.16977729e-02j,
            0.36011807-1.02133352e-01j,  0.04879999-4.41531287e-02j],
          [ 0.06580963+1.76810429e-04j, -0.3727134 -3.46549876e-02j,
            0.8642233 -7.16977729e-02j,  0.2481454 -2.04827220e-01j],
          [-0.00770576-4.05105635e-04j,  0.06580963+1.76810429e-04j,
           -0.30532689+1.01517579e-01j,  0.57532448-7.49053357e-01j]],
         input_dims=(2, 2), output_dims=(2, 2))"
"Operator([[ 0.57532448-0.74905336j, -0.03499665-0.31985241j,
           -0.05990903-0.02723685j, -0.00490313+0.00595837j],
          [-0.25245685-0.19948903j,  0.8642233 -0.07169777j,
            0.11230676-0.35707624j, -0.05990903-0.02723685j],
          [-0.02631277+0.06032061j, -0.17562395-0.33056388j,
            0.8642233 -0.07169777j, -0.03499665-0.31985241j],
          [ 0.00766099-0.00092304j, -0.02631277+0.06032061j,
           -0.25245685-0.19948903j,  0.57532448-0.74905336j]],
         input_dims=(2, 2), output_dims=(2, 2))"
"Operator([[ 0.57532448-0.74905336j,  0.15581789+0.28151575j,
           -0.06144206+0.02357565j, -0.00370673-0.00676778j],
          [ 0.15581789+0.28151575j,  0.8642233 -0.07169777j,
            0.0343219 +0.37274422j, -0.06144206+0.02357565j],
          [-0.06144206+0.02357565j,  0.0343219 +0.37274422j,
            0.8642233 -0.07169777j,  0.15581789+0.28151575j],
          [-0.00370673-0.00676778j, -0.06144206+0.02357565j,
            0.15581789+0.28151575j,  0.57532448-0.74905336j]],
         input_dims=(2, 2), output_dims=(2, 2))"
"Operator([[ 0.57532448-0.74905336j,  0.15581789+0.28151575j,
           -0.06144206+0.02357565j, -0.00370673-0.00676778j],
          [ 0.15581789+0.28151575j,  0.8642233 -0.07169777j,
            0.0343219 +0.37274422j, -0.06144206+0.02357565j],
          [-0.06144206+0.02357565j,  0.0343219 +0.37274422j,
            0.8642233 -0.07169777j,  0.15581789+0.28151575j],
          [-0.00370673-0.00676778j, -0.06144206+0.02357565j,
            0.15581789+0.28151575j,  0.57532448-0.74905336j]],
         input_dims=(2, 2), output_dims=(2, 2))"
"Operator([[ 5.75324479e-01-0.74905336j, -2.14110011e-01+0.24018167j,
            3.32697890e-02-0.0567808j , -4.48178382e-04+0.00770337j],
          [ 3.17213934e-01-0.0539041j ,  8.64223300e-01-0.07169777j,
           -3.40397527e-01+0.15571054j,  3.32697890e-02-0.0567808j ],
          [ 6.27125240e-02+0.01995188j,  3.63108160e-01+0.09093246j,
            8.64223300e-01-0.07169777j, -2.14110011e-01+0.24018167j],
          [ 6.73245812e-03+0.00377052j,  6.27125240e-02+0.01995188j,
            3.17213934e-01-0.0539041j ,  5.75324479e-01-0.74905336j]],
         input_dims=(2, 2), output_dims=(2, 2))"
