unitary
"Operator([[ 8.24651986e-01-0.52438853j, -7.32329864e-02-0.19721892j,
           -2.52418973e-02+0.00815682j,  8.16702548e-04+0.00174407j],
          [-5.65381238e-02-0.20263715j,  9.44798788e-01-0.055316j  ,
           -2.48649555e-02-0.24231191j, -2.52418973e-02+0.00815682j],
          [-2.62462554e-02+0.00384983j, -4.57952535e-03-0.24354128j,
            9.44798788e-01-0.055316j  , -7.32329864e-02-0.19721892j],
          [ 3.59126803e-04+0.00189204j, -2.62462554e-02+0.00384983j,
           -5.65381238e-02-0.20263715j,  8.24651986e-01-0.52438853j]],
         input_dims=(2, 2), output_dims=(2, 2))"
"Operator([[ 0.82465199-5.24388532e-01j, -0.15362391-1.43729145e-01j,
           -0.00864644+2.50783997e-02j,  0.00186282-4.88559270e-04j],
          [ 0.03994268-2.06550129e-01j,  0.94479879-5.53159953e-02j,
           -0.13049538-2.05680055e-01j, -0.00864644+2.50783997e-02j],
          [-0.01884754-1.86670121e-02j,  0.10470162-2.19933854e-01j,
            0.94479879-5.53159953e-02j, -0.15362391-1.43729145e-01j],
          [-0.00179617+6.94668129e-04j, -0.01884754-1.86670121e-02j,
            0.03994268-2.06550129e-01j,  0.82465199-5.24388532e-01j]],
         input_dims=(2, 2), output_dims=(2, 2))"
"Operator([[ 8.24651986e-01-0.52438853j,  6.49420862e-02+0.20010222j,
           -2.58339895e-02+0.00602429j, -5.92551551e-04-0.0018324j ],
          [ 6.49420862e-02+0.20010222j,  9.44798788e-01-0.055316j  ,
            1.47350671e-02+0.24313825j, -2.58339895e-02+0.00602429j],
          [-2.58339895e-02+0.00602429j,  1.47350671e-02+0.24313825j,
            9.44798788e-01-0.055316j  ,  6.49420862e-02+0.20010222j],
          [-5.92551551e-04-0.0018324j , -2.58339895e-02+0.00602429j,
            6.49420862e-02+0.20010222j,  8.24651986e-01-0.52438853j]],
         input_dims=(2, 2), output_dims=(2, 2))"
"Operator([[ 8.24651986e-01-0.52438853j,  6.49420862e-02+0.20010222j,
           -2.58339895e-02+0.00602429j, -5.92551551e-04-0.0018324j ],
          [ 6.49420862e-02+0.20010222j,  9.44798788e-01-0.055316j  ,
            1.47350671e-02+0.24313825j, -2.58339895e-02+0.00602429j],
          [-2.58339895e-02+0.00602429j,  1.47350671e-02+0.24313825j,
            9.44798788e-01-0.055316j  ,  6.49420862e-02+0.20010222j],
          [-5.92551551e-04-0.0018324j , -2.58339895e-02+0.00602429j,
            6.49420862e-02+0.20010222j,  8.24651986e-01-0.52438853j]],
         input_dims=(2, 2), output_dims=(2, 2))"
