unitary
"Operator([[-0.60522005-0.48632716j,  0.52673153+0.11560201j,
           -0.19033372+0.24549619j, -0.09491548-0.02967172j],
          [ 0.52673153+0.11560201j,  0.39143586+0.06411884j,
            0.0737448 +0.67076316j, -0.19033372+0.24549619j],
          [-0.19033372+0.24549619j,  0.0737448 +0.67076316j,
            0.39143586+0.06411884j,  0.52673153+0.11560201j],
          [-0.09491548-0.02967172j, -0.19033372+0.24549619j,
            0.52673153+0.11560201j, -0.60522005-0.48632716j]],
         input_dims=(2, 2), output_dims=(2, 2))"
"Operator([[-0.60522005-0.48632716j,  0.14853831-0.51840746j,
            0.21967855-0.21962841j,  0.04697754-0.0876497j ],
          [-0.08220694+0.53296524j,  0.39143586+0.06411884j,
            0.67407553-0.03136382j,  0.21967855-0.21962841j],
          [ 0.1579705 -0.2674708j , -0.66478884+0.11583312j,
            0.39143586+0.06411884j,  0.14853831-0.51840746j],
          [-0.01130893+0.09880014j,  0.1579705 -0.2674708j ,
           -0.08220694+0.53296524j, -0.60522005-0.48632716j]],
         input_dims=(2, 2), output_dims=(2, 2))"
"Operator([[-0.60522005-0.48632716j,  0.52673153+0.11560201j,
           -0.19033372+0.24549619j, -0.09491548-0.02967172j],
          [ 0.52673153+0.11560201j,  0.39143586+0.06411884j,
            0.0737448 +0.67076316j, -0.19033372+0.24549619j],
          [-0.19033372+0.24549619j,  0.0737448 +0.67076316j,
            0.39143586+0.06411884j,  0.52673153+0.11560201j],
          [-0.09491548-0.02967172j, -0.19033372+0.24549619j,
            0.52673153+0.11560201j, -0.60522005-0.48632716j]],
         input_dims=(2, 2), output_dims=(2, 2))"
"Operator([[-0.60522005-0.48632716j,  0.21278932-0.49551048j,
            0.26768207-0.15761223j,  0.07611867-0.06399459j],
          [-0.01427252+0.53907905j,  0.39143586+0.06411884j,
            0.67264259+0.05397641j,  0.26768207-0.15761223j],
          [ 0.08595004-0.29850946j, -0.64484934+0.19882364j,
            0.39143586+0.06411884j,  0.21278932-0.49551048j],
          [ 0.02611663+0.09595458j,  0.08595004-0.29850946j,
           -0.01427252+0.53907905j, -0.60522005-0.48632716j]],
         input_dims=(2, 2), output_dims=(2, 2))"
