unitary
"Operator([[ 0.5190507 -0.78013744j,  0.30315032-0.15608369j,
            0.0724822 -0.01915503j,  0.00891276-0.00311106j],
          [-0.27955305+0.19522378j,  0.84563433-0.07266066j,
            0.39698671-0.01190539j,  0.0724822 -0.01915503j],
          [ 0.06481204-0.03768269j, -0.39182838+0.06488997j,
            0.84563433-0.07266066j,  0.30315032-0.15608369j],
          [-0.00698237+0.00635315j,  0.06481204-0.03768269j,
           -0.27955305+0.19522378j,  0.5190507 -0.78013744j]],
         input_dims=(2, 2), output_dims=(2, 2))"
"Operator([[ 5.19050705e-01-0.78013744j,  3.35981979e-01-0.05812351j,
            7.04257527e-02+0.02570601j,  7.91341059e-03+0.00514723j],
          [-2.08249534e-01+0.26998956j,  8.45634333e-01-0.07266066j,
            3.82328628e-01+0.10754072j,  7.04257527e-02+0.02570601j],
          [ 3.16481857e-02-0.06796306j, -3.54406479e-01+0.17926582j,
            8.45634333e-01-0.07266066j,  3.35981979e-01-0.05812351j],
          [ 7.54169167e-04+0.00940996j,  3.16481857e-02-0.06796306j,
           -2.08249534e-01+0.26998956j,  5.19050705e-01-0.78013744j]],
         input_dims=(2, 2), output_dims=(2, 2))"
"Operator([[ 0.5190507 -0.78013744j,  0.17604954+0.2920082j ,
           -0.06926937+0.02867646j, -0.00482954-0.0081112j ],
          [ 0.17604954+0.2920082j ,  0.84563433-0.07266066j,
            0.03848421+0.39529628j, -0.06926937+0.02867646j],
          [-0.06926937+0.02867646j,  0.03848421+0.39529628j,
            0.84563433-0.07266066j,  0.17604954+0.2920082j ],
          [-0.00482954-0.0081112j , -0.06926937+0.02867646j,
            0.17604954+0.2920082j ,  0.5190507 -0.78013744j]],
         input_dims=(2, 2), output_dims=(2, 2))"
"Operator([[ 0.5190507 -0.78013744j,  0.33648478-0.05513822j,
            0.06995821+0.02695245j,  0.00777352+0.00535616j],
          [-0.20584424+0.27182786j,  0.84563433-0.07266066j,
            0.38135876+0.11093097j,  0.06995821+0.02695245j],
          [ 0.03043643-0.0685143j , -0.35280091+0.18240534j,
            0.84563433-0.07266066j,  0.33648478-0.05513822j],
          [ 0.00100451+0.00938653j,  0.03043643-0.0685143j ,
           -0.20584424+0.27182786j,  0.5190507 -0.78013744j]],
         input_dims=(2, 2), output_dims=(2, 2))"
"Operator([[ 0.5190507 -0.78013744j, -0.32802082-0.09308369j,
            0.02395323+0.07104103j,  0.00323085-0.00887004j],
          [ 0.07081378-0.33353807j,  0.84563433-0.07266066j,
           -0.29806703-0.26248092j,  0.02395323+0.07104103j],
          [-0.03326987-0.06718408j,  0.2418419 -0.31504394j,
            0.84563433-0.07266066j, -0.32802082-0.09308369j],
          [-0.00933776-0.0013865j , -0.03326987-0.06718408j,
            0.07081378-0.33353807j,  0.5190507 -0.78013744j]],
         input_dims=(2, 2), output_dims=(2, 2))"
"Operator([[ 0.5190507 -0.78013744j, -0.03765242+0.33888719j,
           -0.0457824 -0.05936798j,  0.00933658-0.00139439j],
          [ 0.31727038+0.12490691j,  0.84563433-0.07266066j,
           -0.20967034+0.33731074j, -0.0457824 -0.05936798j],
          [ 0.00957742+0.07435629j,  0.27079447+0.29053492j,
            0.84563433-0.07266066j, -0.03765242+0.33888719j],
          [-0.00567511+0.00754381j,  0.00957742+0.07435629j,
            0.31727038+0.12490691j,  0.5190507 -0.78013744j]],
         input_dims=(2, 2), output_dims=(2, 2))"
"Operator([[ 0.5190507 -0.78013744j,  0.17604954+0.2920082j ,
           -0.06926937+0.02867646j, -0.00482954-0.0081112j ],
          [ 0.17604954+0.2920082j ,  0.84563433-0.07266066j,
            0.03848421+0.39529628j, -0.06926937+0.02867646j],
          [-0.06926937+0.02867646j,  0.03848421+0.39529628j,
            0.84563433-0.07266066j,  0.17604954+0.2920082j ],
          [-0.00482954-0.0081112j , -0.06926937+0.02867646j,
            0.17604954+0.2920082j ,  0.5190507 -0.78013744j]],
         input_dims=(2, 2), output_dims=(2, 2))"
