unitary
"Operator([[ 8.86340847e-01-0.43033515j, -1.67570004e-01-0.02895611j,
            1.35062839e-02+0.01048808j, -5.22708831e-04-0.00084198j],
          [ 1.33031867e-01-0.10592773j,  9.64342661e-01-0.04628868j,
           -1.83187646e-01-0.07164003j,  1.35062839e-02+0.01048808j],
          [ 8.84947371e-03-0.01463237j,  1.75300202e-01-0.08921798j,
            9.64342661e-01-0.04628868j, -1.67570004e-01-0.02895611j],
          [ 5.47904053e-05-0.00098952j,  8.84947371e-03-0.01463237j,
            1.33031867e-01-0.10592773j,  8.86340847e-01-0.43033515j]],
         input_dims=(2, 2), output_dims=(2, 2))"
"Operator([[ 8.86340847e-01-0.43033515j,  4.21826807e-02+0.16473853j,
           -1.68138086e-02+0.00311693j, -2.45314235e-04-0.00096019j],
          [ 4.21826807e-02+0.16473853j,  9.64342661e-01-0.04628868j,
            9.63322217e-03+0.19646172j, -1.68138086e-02+0.00311693j],
          [-1.68138086e-02+0.00311693j,  9.63322217e-03+0.19646172j,
            9.64342661e-01-0.04628868j,  4.21826807e-02+0.16473853j],
          [-2.45314235e-04-0.00096019j, -1.68138086e-02+0.00311693j,
            4.21826807e-02+0.16473853j,  8.86340847e-01-0.43033515j]],
         input_dims=(2, 2), output_dims=(2, 2))"
"Operator([[ 8.86340847e-01-0.43033515j, -1.41314800e-01+0.0945954j ,
            1.11344054e-02-0.01297861j, -2.95722216e-04+0.00094588j],
          [ 1.69387233e-01+0.01503754j,  9.64342661e-01-0.04628868j,
           -1.82061046e-01+0.07445659j,  1.11344054e-02-0.01297861j],
          [ 1.50466148e-02+0.0081252j ,  1.88471923e-01+0.05628803j,
            9.64342661e-01-0.04628868j, -1.41314800e-01+0.0945954j ],
          [ 7.13185947e-04+0.00068812j,  1.50466148e-02+0.0081252j ,
            1.69387233e-01+0.01503754j,  8.86340847e-01-0.43033515j]],
         input_dims=(2, 2), output_dims=(2, 2))"
"Operator([[ 8.86340847e-01-0.43033515j, -1.01752257e-01+0.13625212j,
            5.15363416e-04-0.01709251j,  6.50016874e-04+0.00074808j],
          [ 1.54713823e-01+0.07058183j,  9.64342661e-01-0.04628868j,
           -1.46879089e-01+0.1308302j ,  5.15363416e-04-0.01709251j],
          [ 6.60776751e-03+0.01577203j,  1.58973876e-01+0.11583313j,
            9.64342661e-01-0.04628868j, -1.01752257e-01+0.13625212j],
          [-2.11534724e-04+0.0009682j ,  6.60776751e-03+0.01577203j,
            1.54713823e-01+0.07058183j,  8.86340847e-01-0.43033515j]],
         input_dims=(2, 2), output_dims=(2, 2))"
"Operator([[ 8.86340847e-01-4.30335148e-01j,
           -6.39051724e-02+1.57588995e-01j,
           -7.93052922e-03-1.51501198e-02j,
            9.87299268e-04+8.59632236e-05j],
          [ 1.31778933e-01+1.07482441e-01j,
            9.64342661e-01-4.62886825e-02j,
           -1.08933060e-01+1.63779109e-01j,
           -7.93052922e-03-1.51501198e-02j],
          [-1.97314771e-03+1.69860564e-02j,
            1.24433332e-01+1.52336318e-01j,
            9.64342661e-01-4.62886825e-02j,
           -6.39051724e-02+1.57588995e-01j],
          [-8.25076909e-04+5.48996917e-04j,
           -1.97314771e-03+1.69860564e-02j,
            1.31778933e-01+1.07482441e-01j,
            8.86340847e-01-4.30335148e-01j]],
         input_dims=(2, 2), output_dims=(2, 2))"
"Operator([[ 8.86340847e-01-4.30335148e-01j,
           -4.14544489e-02+1.64923288e-01j,
           -1.17837329e-02-1.23920565e-02j,
            9.37512733e-04-3.21277756e-04j],
          [ 1.15615966e-01+1.24704093e-01j,
            9.64342661e-01-4.62886825e-02j,
           -8.51903900e-02+1.77292429e-01j,
           -1.17837329e-02-1.23920565e-02j],
          [-6.55891761e-03+1.57924040e-02j,
            1.02126591e-01+1.68107607e-01j,
            9.64342661e-01-4.62886825e-02j,
           -4.14544489e-02+1.64923288e-01j],
          [-9.76728765e-04+1.67780930e-04j,
           -6.55891761e-03+1.57924040e-02j,
            1.15615966e-01+1.24704093e-01j,
            8.86340847e-01-4.30335148e-01j]],
         input_dims=(2, 2), output_dims=(2, 2))"
"Operator([[ 8.86340847e-01-4.30335148e-01j,
           -4.37288218e-02+1.64334879e-01j,
           -1.14368884e-02-1.27128678e-02j,
            9.50019144e-04-2.82158018e-04j],
          [ 1.17327655e-01+1.23095020e-01j,
            9.64342661e-01-4.62886825e-02j,
           -8.76314626e-02+1.76098651e-01j,
           -1.14368884e-02-1.27128678e-02j],
          [-6.12012830e-03+1.59675751e-02j,
            1.04439164e-01+1.66680740e-01j,
            9.64342661e-01-4.62886825e-02j,
           -4.37288218e-02+1.64334879e-01j],
          [-9.68938391e-04+2.08105540e-04j,
           -6.12012830e-03+1.59675751e-02j,
            1.17327655e-01+1.23095020e-01j,
            8.86340847e-01-4.30335148e-01j]],
         input_dims=(2, 2), output_dims=(2, 2))"
"Operator([[ 8.86340847e-01-4.30335148e-01j,
           -7.69074871e-02+1.51668720e-01j,
           -5.28438434e-03-1.62632932e-02j,
            9.34644592e-04+3.29528461e-04j],
          [ 1.40335828e-01+9.60417503e-02j,
            9.64342661e-01-4.62886825e-02j,
           -1.22296058e-01+1.54057399e-01j,
           -5.28438434e-03-1.62632932e-02j],
          [ 8.96174097e-04+1.70767765e-02j,
            1.36781134e-01+1.41353916e-01j,
            9.64342661e-01-4.62886825e-02j,
           -7.69074871e-02+1.51668720e-01j],
          [-6.62046297e-04+7.37457945e-04j,
            8.96174097e-04+1.70767765e-02j,
            1.40335828e-01+9.60417503e-02j,
            8.86340847e-01-4.30335148e-01j]],
         input_dims=(2, 2), output_dims=(2, 2))"
"Operator([[ 8.86340847e-01-0.43033515j,  4.21826807e-02+0.16473853j,
           -1.68138086e-02+0.00311693j, -2.45314235e-04-0.00096019j],
          [ 4.21826807e-02+0.16473853j,  9.64342661e-01-0.04628868j,
            9.63322217e-03+0.19646172j, -1.68138086e-02+0.00311693j],
          [-1.68138086e-02+0.00311693j,  9.63322217e-03+0.19646172j,
            9.64342661e-01-0.04628868j,  4.21826807e-02+0.16473853j],
          [-2.45314235e-04-0.00096019j, -1.68138086e-02+0.00311693j,
            4.21826807e-02+0.16473853j,  8.86340847e-01-0.43033515j]],
         input_dims=(2, 2), output_dims=(2, 2))"
"Operator([[ 8.86340847e-01-0.43033515j, -1.39539641e-01+0.09719491j,
            1.06463932e-02-0.01338184j, -2.42765733e-04+0.00096084j],
          [ 1.69079870e-01+0.0181703j ,  9.64342661e-01-0.04628868j,
           -1.80651673e-01+0.07781376j,  1.06463932e-02-0.01338184j],
          [ 1.47355633e-02+0.00867655j,  1.87397749e-01+0.05976698j,
            9.64342661e-01-0.04628868j, -1.39539641e-01+0.09719491j],
          [ 6.73892708e-04+0.00072665j,  1.47355633e-02+0.00867655j,
            1.69079870e-01+0.0181703j ,  8.86340847e-01-0.43033515j]],
         input_dims=(2, 2), output_dims=(2, 2))"
"Operator([[ 8.86340847e-01-0.43033515j, -1.22695720e-01+0.11774516j,
            6.01149654e-03-0.01600879j,  2.17969706e-04+0.00096677j],
          [ 1.64185374e-01+0.04428685j,  9.64342661e-01-0.04628868j,
           -1.66324974e-01+0.10500481j,  6.01149654e-03-0.01600879j],
          [ 1.13502478e-02+0.01279028j,  1.75799930e-01+0.0882292j ,
            9.64342661e-01-0.04628868j, -1.22695720e-01+0.11774516j],
          [ 2.72461207e-04+0.00095285j,  1.13502478e-02+0.01279028j,
            1.64185374e-01+0.04428685j,  8.86340847e-01-0.43033515j]],
         input_dims=(2, 2), output_dims=(2, 2))"
"Operator([[ 8.86340847e-01-0.43033515j,  1.12933367e-01-0.12713857j,
            3.39467012e-03-0.01675994j, -4.40695527e-04-0.00088766j],
          [-1.60138932e-01-0.05721612j,  9.64342661e-01-0.04628868j,
            1.57438349e-01-0.11791172j,  3.39467012e-03-0.01675994j],
          [ 9.17654631e-03+0.0144295j , -1.68218643e-01-0.10194359j,
            9.64342661e-01-0.04628868j,  1.12933367e-01-0.12713857j],
          [-3.90840242e-05-0.00099026j,  9.17654631e-03+0.0144295j ,
           -1.60138932e-01-0.05721612j,  8.86340847e-01-0.43033515j]],
         input_dims=(2, 2), output_dims=(2, 2))"
"Operator([[ 8.86340847e-01-4.30335148e-01j,
            1.56945177e-01-6.54704038e-02j,
            1.52276885e-02-7.78054790e-03j,
            7.68267559e-04-6.26030733e-04j],
          [-1.69096457e-01+1.80152872e-02j,
            9.64342661e-01-4.62886825e-02j,
            1.93025746e-01-3.78294786e-02j,
            1.52276885e-02-7.78054790e-03j],
          [ 1.70047115e-02+1.80532848e-03j,
           -1.95800723e-01-1.87639239e-02j,
            9.64342661e-01-4.62886825e-02j,
            1.56945177e-01-6.54704038e-02j],
          [-9.74401708e-04-1.80806063e-04j,
            1.70047115e-02+1.80532848e-03j,
           -1.69096457e-01+1.80152872e-02j,
            8.86340847e-01-4.30335148e-01j]],
         input_dims=(2, 2), output_dims=(2, 2))"
"Operator([[ 8.86340847e-01-0.43033515j,  4.21826807e-02+0.16473853j,
           -1.68138086e-02+0.00311693j, -2.45314235e-04-0.00096019j],
          [ 4.21826807e-02+0.16473853j,  9.64342661e-01-0.04628868j,
            9.63322217e-03+0.19646172j, -1.68138086e-02+0.00311693j],
          [-1.68138086e-02+0.00311693j,  9.63322217e-03+0.19646172j,
            9.64342661e-01-0.04628868j,  4.21826807e-02+0.16473853j],
          [-2.45314235e-04-0.00096019j, -1.68138086e-02+0.00311693j,
            4.21826807e-02+0.16473853j,  8.86340847e-01-0.43033515j]],
         input_dims=(2, 2), output_dims=(2, 2))"
"Operator([[ 8.86340847e-01-0.43033515j,  4.21826807e-02+0.16473853j,
           -1.68138086e-02+0.00311693j, -2.45314235e-04-0.00096019j],
          [ 4.21826807e-02+0.16473853j,  9.64342661e-01-0.04628868j,
            9.63322217e-03+0.19646172j, -1.68138086e-02+0.00311693j],
          [-1.68138086e-02+0.00311693j,  9.63322217e-03+0.19646172j,
            9.64342661e-01-0.04628868j,  4.21826807e-02+0.16473853j],
          [-2.45314235e-04-0.00096019j, -1.68138086e-02+0.00311693j,
            4.21826807e-02+0.16473853j,  8.86340847e-01-0.43033515j]],
         input_dims=(2, 2), output_dims=(2, 2))"
