unitary
"Operator([[ 8.69959337e-01-0.45800519j, -1.71488064e-01-0.06007051j,
            1.03402573e-02+0.01664252j, -2.67337857e-05-0.00121701j],
          [ 1.16569283e-01-0.13938517j,  9.59166425e-01-0.04901741j,
           -1.78864102e-01-0.11047252j,  1.03402573e-02+0.01664252j],
          [ 3.18293953e-03-0.01933296j,  1.66343528e-01-0.12855495j,
            9.59166425e-01-0.04901741j, -1.71488064e-01-0.06007051j],
          [-5.98590163e-04-0.00105996j,  3.18293953e-03-0.01933296j,
            1.16569283e-01-0.13938517j,  8.69959337e-01-0.45800519j]],
         input_dims=(2, 2), output_dims=(2, 2))"
"Operator([[ 8.69959337e-01-0.45800519j, -1.53245980e-01+0.09763346j,
            1.37414455e-02-0.01396664j, -4.81950396e-04+0.00111783j],
          [ 1.81623633e-01+0.00542935j,  9.59166425e-01-0.04901741j,
           -1.97418883e-01+0.07226569j,  1.37414455e-02-0.01396664j],
          [ 1.80407942e-02+0.00764357j,  2.03888519e-01+0.05124468j,
            9.59166425e-01-0.04901741j, -1.53245980e-01+0.09763346j],
          [ 9.85271258e-04+0.00071489j,  1.80407942e-02+0.00764357j,
            1.81623633e-01+0.00542935j,  8.69959337e-01-0.45800519j]],
         input_dims=(2, 2), output_dims=(2, 2))"
"Operator([[ 8.69959337e-01-4.58005189e-01j,
           -1.61435854e-02+1.80986206e-01j,
           -1.70139769e-02-9.71694203e-03j,
            8.77404562e-04-8.43796350e-04j],
          [ 1.06511311e-01+1.47214003e-01j,
            9.59166425e-01-4.90174130e-02j,
           -6.31935779e-02+2.00507149e-01j,
           -1.70139769e-02-9.71694203e-03j],
          [-1.19992337e-02+1.54891175e-02j,
            8.37959240e-02+1.92807645e-01j,
            9.59166425e-01-4.90174130e-02j,
           -1.61435854e-02+1.80986206e-01j],
          [-1.18529558e-03-2.77318273e-04j,
           -1.19992337e-02+1.54891175e-02j,
            1.06511311e-01+1.47214003e-01j,
            8.69959337e-01-4.58005189e-01j]],
         input_dims=(2, 2), output_dims=(2, 2))"
"Operator([[ 8.69959337e-01-0.45800519j,  4.82361054e-02+0.17518533j,
           -1.92166063e-02+0.00382314j, -3.22371794e-04-0.00117384j],
          [ 4.82361054e-02+0.17518533j,  9.59166425e-01-0.04901741j,
            1.09970339e-02+0.20994192j, -1.92166063e-02+0.00382314j],
          [-1.92166063e-02+0.00382314j,  1.09970339e-02+0.20994192j,
            9.59166425e-01-0.04901741j,  4.82361054e-02+0.17518533j],
          [-3.22371794e-04-0.00117384j, -1.92166063e-02+0.00382314j,
            4.82361054e-02+0.17518533j,  8.69959337e-01-0.45800519j]],
         input_dims=(2, 2), output_dims=(2, 2))"
"Operator([[ 8.69959337e-01-0.45800519j,  4.82361054e-02+0.17518533j,
           -1.92166063e-02+0.00382314j, -3.22371794e-04-0.00117384j],
          [ 4.82361054e-02+0.17518533j,  9.59166425e-01-0.04901741j,
            1.09970339e-02+0.20994192j, -1.92166063e-02+0.00382314j],
          [-1.92166063e-02+0.00382314j,  1.09970339e-02+0.20994192j,
            9.59166425e-01-0.04901741j,  4.82361054e-02+0.17518533j],
          [-3.22371794e-04-0.00117384j, -1.92166063e-02+0.00382314j,
            4.82361054e-02+0.17518533j,  8.69959337e-01-0.45800519j]],
         input_dims=(2, 2), output_dims=(2, 2))"
"Operator([[ 8.69959337e-01-0.45800519j,  4.82361054e-02+0.17518533j,
           -1.92166063e-02+0.00382314j, -3.22371794e-04-0.00117384j],
          [ 4.82361054e-02+0.17518533j,  9.59166425e-01-0.04901741j,
            1.09970339e-02+0.20994192j, -1.92166063e-02+0.00382314j],
          [-1.92166063e-02+0.00382314j,  1.09970339e-02+0.20994192j,
            9.59166425e-01-0.04901741j,  4.82361054e-02+0.17518533j],
          [-3.22371794e-04-0.00117384j, -1.92166063e-02+0.00382314j,
            4.82361054e-02+0.17518533j,  8.69959337e-01-0.45800519j]],
         input_dims=(2, 2), output_dims=(2, 2))"
"Operator([[ 8.69959337e-01-0.45800519j,  4.82361054e-02+0.17518533j,
           -1.92166063e-02+0.00382314j, -3.22371794e-04-0.00117384j],
          [ 4.82361054e-02+0.17518533j,  9.59166425e-01-0.04901741j,
            1.09970339e-02+0.20994192j, -1.92166063e-02+0.00382314j],
          [-1.92166063e-02+0.00382314j,  1.09970339e-02+0.20994192j,
            9.59166425e-01-0.04901741j,  4.82361054e-02+0.17518533j],
          [-3.22371794e-04-0.00117384j, -1.92166063e-02+0.00382314j,
            4.82361054e-02+0.17518533j,  8.69959337e-01-0.45800519j]],
         input_dims=(2, 2), output_dims=(2, 2))"
"Operator([[ 8.69959337e-01-0.45800519j,  4.82361054e-02+0.17518533j,
           -1.92166063e-02+0.00382314j, -3.22371794e-04-0.00117384j],
          [ 4.82361054e-02+0.17518533j,  9.59166425e-01-0.04901741j,
            1.09970339e-02+0.20994192j, -1.92166063e-02+0.00382314j],
          [-1.92166063e-02+0.00382314j,  1.09970339e-02+0.20994192j,
            9.59166425e-01-0.04901741j,  4.82361054e-02+0.17518533j],
          [-3.22371794e-04-0.00117384j, -1.92166063e-02+0.00382314j,
            4.82361054e-02+0.17518533j,  8.69959337e-01-0.45800519j]],
         input_dims=(2, 2), output_dims=(2, 2))"
"Operator([[ 8.69959337e-01-0.45800519j,  1.55739688e-01+0.09360434j,
            2.87870379e-03+0.01938059j, -6.78038763e-04+0.00101099j],
          [-8.58752588e-02+0.16013139j,  9.59166425e-01-0.04901741j,
            1.52739519e-01+0.14445478j,  2.87870379e-03+0.01938059j],
          [-4.75842947e-03-0.01900662j, -1.36811586e-01+0.15962185j,
            9.59166425e-01-0.04901741j,  1.55739688e-01+0.09360434j],
          [ 1.09928417e-03+0.00052288j, -4.75842947e-03-0.01900662j,
           -8.58752588e-02+0.16013139j,  8.69959337e-01-0.45800519j]],
         input_dims=(2, 2), output_dims=(2, 2))"
"Operator([[ 8.69959337e-01-0.45800519j,  1.61844291e-01+0.08260174j,
            5.52721492e-03+0.01879745j, -4.54894804e-04+0.00112912j],
          [-9.67514608e-02+0.15380435j,  9.59166425e-01-0.04901741j,
            1.62370486e-01+0.1335379j ,  5.52721492e-03+0.01879745j],
          [-2.08840029e-03-0.01948161j, -1.47530398e-01+0.14977091j,
            9.59166425e-01-0.04901741j,  1.61844291e-01+0.08260174j],
          [ 9.67772007e-04+0.00073841j, -2.08840029e-03-0.01948161j,
           -9.67514608e-02+0.15380435j,  8.69959337e-01-0.45800519j]],
         input_dims=(2, 2), output_dims=(2, 2))"
"Operator([[ 0.86995934-4.58005189e-01j,  0.13136555+1.25537704e-01j,
           -0.00570821+1.87432855e-02j, -0.00115726+3.77612134e-04j],
          [-0.04859045+1.75087380e-01j,  0.95916643-4.90174130e-02j,
            0.11726522+1.74486143e-01j, -0.00570821+1.87432855e-02j],
          [-0.01244753-1.51312030e-02j, -0.09839386+1.85782649e-01j,
            0.95916643-4.90174130e-02j,  0.13136555+1.25537704e-01j],
          [ 0.0011878 -2.66407743e-04j, -0.01244753-1.51312030e-02j,
           -0.04859045+1.75087380e-01j,  0.86995934-4.58005189e-01j]],
         input_dims=(2, 2), output_dims=(2, 2))"
"Operator([[ 8.69959337e-01-0.45800519j, -4.48395364e-02-0.17608531j,
           -1.93500636e-02+0.00307724j,  2.53767762e-04+0.00119056j],
          [-5.16146365e-02-0.17421984j,  9.59166425e-01-0.04901741j,
           -6.93534123e-03-0.21011532j, -1.93500636e-02+0.00307724j],
          [-1.90544072e-02+0.00456333j, -1.50546142e-02-0.20969002j,
            9.59166425e-01-0.04901741j, -4.48395364e-02-0.17608531j],
          [ 3.89891130e-04+0.00115318j, -1.90544072e-02+0.00456333j,
           -5.16146365e-02-0.17421984j,  8.69959337e-01-0.45800519j]],
         input_dims=(2, 2), output_dims=(2, 2))"
"Operator([[ 8.69959337e-01-0.45800519j, -9.25607847e-03-0.18146886j,
           -1.90360083e-02-0.00463948j, -4.57336464e-04+0.00112813j],
          [-8.49385983e-02-0.16063019j,  9.59166425e-01-0.04901741j,
            3.46115132e-02-0.20736101j, -1.90360083e-02-0.00463948j],
          [-1.58106914e-02+0.01157223j, -5.60863410e-02-0.20261014j,
            9.59166425e-01-0.04901741j, -9.25607847e-03-0.18146886j],
          [ 9.69367214e-04+0.00073631j, -1.58106914e-02+0.01157223j,
           -8.49385983e-02-0.16063019j,  8.69959337e-01-0.45800519j]],
         input_dims=(2, 2), output_dims=(2, 2))"
"Operator([[ 8.69959337e-01-0.45800519j, -1.80731626e-01-0.01878035j,
            1.67234612e-02+0.01020883j, -8.04626994e-04-0.00091346j],
          [ 1.45645600e-01-0.10864613j,  9.59166425e-01-0.04901741j,
           -1.99564583e-01-0.06610992j,  1.67234612e-02+0.01020883j],
          [ 1.15425700e-02-0.01583235j,  1.91565550e-01-0.08659784j,
            9.59166425e-01-0.04901741j, -1.80731626e-01-0.01878035j],
          [ 2.25228827e-04-0.00119629j,  1.15425700e-02-0.01583235j,
            1.45645600e-01-0.10864613j,  8.69959337e-01-0.45800519j]],
         input_dims=(2, 2), output_dims=(2, 2))"
