unitary
"Operator([[ 0.48685911-0.79560294j,  0.18757092+0.29706667j,
           -0.07370849+0.03177452j, -0.00554864-0.00890874j],
          [ 0.18757092+0.29706667j,  0.83492436-0.07286679j,
            0.04081714+0.40749441j, -0.07370849+0.03177452j],
          [-0.07370849+0.03177452j,  0.04081714+0.40749441j,
            0.83492436-0.07286679j,  0.18757092+0.29706667j],
          [-0.00554864-0.00890874j, -0.07370849+0.03177452j,
            0.18757092+0.29706667j,  0.48685911-0.79560294j]],
         input_dims=(2, 2), output_dims=(2, 2))"
"Operator([[ 4.86859110e-01-0.79560294j,  3.19782914e-01+0.14550033j,
           -2.07593383e-04+0.0802653j , -7.83460771e-03+0.00698369j],
          [-6.11396829e-03+0.35127493j,  8.34924357e-01-0.07286679j,
            2.57649405e-01+0.31833083j, -2.07593383e-04+0.0802653j ],
          [-5.84998994e-02-0.05495746j, -1.89392179e-01+0.36310926j,
            8.34924357e-01-0.07286679j,  3.19782914e-01+0.14550033j],
          [ 9.72301095e-03-0.00395172j, -5.84998994e-02-0.05495746j,
           -6.11396829e-03+0.35127493j,  4.86859110e-01-0.79560294j]],
         input_dims=(2, 2), output_dims=(2, 2))"
"Operator([[ 0.48685911-0.79560294j,  0.18757092+0.29706667j,
           -0.07370849+0.03177452j, -0.00554864-0.00890874j],
          [ 0.18757092+0.29706667j,  0.83492436-0.07286679j,
            0.04081714+0.40749441j, -0.07370849+0.03177452j],
          [-0.07370849+0.03177452j,  0.04081714+0.40749441j,
            0.83492436-0.07286679j,  0.18757092+0.29706667j],
          [-0.00554864-0.00890874j, -0.07370849+0.03177452j,
            0.18757092+0.29706667j,  0.48685911-0.79560294j]],
         input_dims=(2, 2), output_dims=(2, 2))"
"Operator([[ 0.48685911-0.79560294j, -0.23320586+0.26276698j,
            0.04534223-0.06623174j, -0.00176069+0.01034664j],
          [ 0.33750359-0.09758476j,  0.83492436-0.07286679j,
           -0.38008074+0.15250037j,  0.04534223-0.06623174j],
          [ 0.07928517+0.01250692j,  0.40277687+0.07408455j,
            0.83492436-0.07286679j, -0.23320586+0.26276698j],
          [ 0.01006262+0.00298273j,  0.07928517+0.01250692j,
            0.33750359-0.09758476j,  0.48685911-0.79560294j]],
         input_dims=(2, 2), output_dims=(2, 2))"
"Operator([[ 0.48685911-7.95602938e-01j,  0.33513161+1.05443177e-01j,
            0.01921692+7.79311943e-02j, -0.00481143+9.32755008e-03j],
          [-0.04887895+3.47911347e-01j,  0.83492436-7.28667893e-02j,
            0.29452444+2.84557699e-01j,  0.01921692+7.79311943e-02j],
          [-0.04346643-6.74776255e-02j, -0.23223325+3.37320987e-01j,
            0.83492436-7.28667893e-02j,  0.33513161+1.05443177e-01j],
          [ 0.01049339-2.04753138e-04j, -0.04346643-6.74776255e-02j,
           -0.04887895+3.47911347e-01j,  0.48685911-7.95602938e-01j]],
         input_dims=(2, 2), output_dims=(2, 2))"
"Operator([[ 0.48685911-0.79560294j,  0.18757092+0.29706667j,
           -0.07370849+0.03177452j, -0.00554864-0.00890874j],
          [ 0.18757092+0.29706667j,  0.83492436-0.07286679j,
            0.04081714+0.40749441j, -0.07370849+0.03177452j],
          [-0.07370849+0.03177452j,  0.04081714+0.40749441j,
            0.83492436-0.07286679j,  0.18757092+0.29706667j],
          [-0.00554864-0.00890874j, -0.07370849+0.03177452j,
            0.18757092+0.29706667j,  0.48685911-0.79560294j]],
         input_dims=(2, 2), output_dims=(2, 2))"
"Operator([[ 0.48685911-0.79560294j, -0.13904677-0.32264137j,
           -0.07990786+0.00756929j,  0.00092433+0.0104546j ],
          [-0.231523  -0.26425094j,  0.83492436-0.07286679j,
            0.02310639-0.40888119j, -0.07990786+0.00756929j],
          [-0.06036629+0.05290059j, -0.10374576-0.3961749j ,
            0.83492436-0.07286679j, -0.13904677-0.32264137j],
          [ 0.0089754 +0.00544015j, -0.06036629+0.05290059j,
           -0.231523  -0.26425094j,  0.48685911-0.79560294j]],
         input_dims=(2, 2), output_dims=(2, 2))"
"Operator([[ 0.48685911-0.79560294j, -0.03285528-0.34978849j,
           -0.06916953-0.04072023j, -0.00789596+0.00691426j],
          [-0.30168716-0.18004531j,  0.83492436-0.07286679j,
            0.14798224-0.38186252j, -0.06916953-0.04072023j],
          [-0.0178844 +0.07824774j, -0.22078173-0.34492486j,
            0.83492436-0.07286679j, -0.03285528-0.34978849j],
          [ 0.00968775-0.0040374j , -0.0178844 +0.07824774j,
           -0.30168716-0.18004531j,  0.48685911-0.79560294j]],
         input_dims=(2, 2), output_dims=(2, 2))"
"Operator([[ 0.48685911-0.79560294j,  0.13049569-0.3261937j ,
           -0.0072388 -0.07993848j, -0.00800417-0.0067887j ],
          [-0.35061221-0.02241729j,  0.83492436-0.07286679j,
            0.30602469-0.27215183j, -0.0072388 -0.07993848j],
          [ 0.05314976+0.06014702j, -0.35392405-0.20604731j,
            0.83492436-0.07286679j,  0.13049569-0.3261937j ],
          [-0.00256298-0.01017763j,  0.05314976+0.06014702j,
           -0.35061221-0.02241729j,  0.48685911-0.79560294j]],
         input_dims=(2, 2), output_dims=(2, 2))"
