unitary
"Operator([[ 0.71296075-0.27085499j, -0.4658417 -0.01630513j,
            0.02323021+0.1552622j ,  0.16539686+0.38606747j],
          [-0.4658417 -0.01630513j, -0.33603063-0.12922871j,
           -0.31886292+0.72580262j,  0.02323021+0.1552622j ],
          [ 0.02323021+0.1552622j , -0.31886292+0.72580262j,
           -0.33603063-0.12922871j, -0.4658417 -0.01630513j],
          [ 0.16539686+0.38606747j,  0.02323021+0.1552622j ,
           -0.4658417 -0.01630513j,  0.71296075-0.27085499j]],
         input_dims=(2, 2), output_dims=(2, 2))"
"Operator([[ 0.71296075-0.27085499j, -0.4658417 -0.01630513j,
            0.02323021+0.1552622j ,  0.16539686+0.38606747j],
          [-0.4658417 -0.01630513j, -0.33603063-0.12922871j,
           -0.31886292+0.72580262j,  0.02323021+0.1552622j ],
          [ 0.02323021+0.1552622j , -0.31886292+0.72580262j,
           -0.33603063-0.12922871j, -0.4658417 -0.01630513j],
          [ 0.16539686+0.38606747j,  0.02323021+0.1552622j ,
           -0.4658417 -0.01630513j,  0.71296075-0.27085499j]],
         input_dims=(2, 2), output_dims=(2, 2))"
"Operator([[ 0.71296075-0.27085499j,  0.43656252-0.16336313j,
            0.1262804 +0.0932698j , -0.41996875+0.00551881j],
          [ 0.42407227+0.19348658j, -0.33603063-0.12922871j,
            0.01655291-0.79258376j,  0.1262804 +0.0932698j ],
          [-0.09345158+0.12614593j,  0.57254104-0.54832451j,
           -0.33603063-0.12922871j,  0.43656252-0.16336313j],
          [ 0.29370968-0.3002313j , -0.09345158+0.12614593j,
            0.42407227+0.19348658j,  0.71296075-0.27085499j]],
         input_dims=(2, 2), output_dims=(2, 2))"
"Operator([[ 0.71296075-0.27085499j,  0.01157296+0.46598327j,
           -0.04159472-0.1513799j , -0.35034592+0.23165048j],
          [ 0.04412488-0.46403377j, -0.33603063-0.12922871j,
            0.74356674+0.27490274j, -0.04159472-0.1513799j ],
          [-0.00453362-0.15692495j, -0.70544225-0.36168252j,
           -0.33603063-0.12922871j,  0.01157296+0.46598327j],
          [ 0.40938969-0.09383119j, -0.00453362-0.15692495j,
            0.04412488-0.46403377j,  0.71296075-0.27085499j]],
         input_dims=(2, 2), output_dims=(2, 2))"
