unitary
"Operator([[ 0.14873993-8.74537320e-01j, -0.43934508-1.30629126e-02j,
            0.0690963 +1.20301680e-01j,  0.00181951-2.48207604e-02j],
          [ 0.00091536-4.39538280e-01j,  0.71834518-6.18549188e-02j,
           -0.40311479-3.24362625e-01j,  0.0690963 +1.20301680e-01j],
          [-0.07563797-1.16300004e-01j,  0.31309748-4.11925495e-01j,
            0.71834518-6.18549188e-02j, -0.43934508-1.30629126e-02j],
          [-0.02488618+2.42627180e-04j, -0.07563797-1.16300004e-01j,
            0.00091536-4.39538280e-01j,  0.14873993-8.74537320e-01j]],
         input_dims=(2, 2), output_dims=(2, 2))"
"Operator([[ 0.14873993-0.87453732j, -0.40682611-0.16639488j,
           -0.02697627+0.1360848j ,  0.02270351-0.01019468j],
          [-0.1533732 -0.41191188j,  0.71834518-0.06185492j,
           -0.26366699-0.44518801j, -0.02697627+0.1360848j ],
          [-0.13343998-0.03795478j,  0.14864825-0.49559696j,
            0.71834518-0.06185492j, -0.40682611-0.16639488j],
          [-0.01161321+0.02201168j, -0.13343998-0.03795478j,
           -0.1533732 -0.41191188j,  0.14873993-0.87453732j]],
         input_dims=(2, 2), output_dims=(2, 2))"
"Operator([[ 0.14873993-0.87453732j,  0.34685185+0.26997876j,
           -0.09375292+0.10226037j, -0.0229475 -0.00963291j],
          [ 0.25881193+0.35526205j,  0.71834518-0.06185492j,
            0.13378803+0.49981338j, -0.09375292+0.10226037j],
          [-0.1337357 +0.03689925j, -0.00943464+0.51732353j,
            0.71834518-0.06185492j,  0.34685185+0.26997876j],
          [-0.00815905-0.02351192j, -0.1337357 +0.03689925j,
            0.25881193+0.35526205j,  0.14873993-0.87453732j]],
         input_dims=(2, 2), output_dims=(2, 2))"
"Operator([[ 0.14873993-0.87453732j,  0.30581933+0.31570441j,
           -0.11834605+0.07239479j, -0.01703118-0.01814716j],
          [ 0.30581933+0.31570441j,  0.71834518-0.06185492j,
            0.06279007+0.51358549j, -0.11834605+0.07239479j],
          [-0.11834605+0.07239479j,  0.06279007+0.51358549j,
            0.71834518-0.06185492j,  0.30581933+0.31570441j],
          [-0.01703118-0.01814716j, -0.11834605+0.07239479j,
            0.30581933+0.31570441j,  0.14873993-0.87453732j]],
         input_dims=(2, 2), output_dims=(2, 2))"
"Operator([[ 0.14873993-0.87453732j,  0.30581933+0.31570441j,
           -0.11834605+0.07239479j, -0.01703118-0.01814716j],
          [ 0.30581933+0.31570441j,  0.71834518-0.06185492j,
            0.06279007+0.51358549j, -0.11834605+0.07239479j],
          [-0.11834605+0.07239479j,  0.06279007+0.51358549j,
            0.71834518-0.06185492j,  0.30581933+0.31570441j],
          [-0.01703118-0.01814716j, -0.11834605+0.07239479j,
            0.30581933+0.31570441j,  0.14873993-0.87453732j]],
         input_dims=(2, 2), output_dims=(2, 2))"
