unitary
"Operator([[ 0.82465199-5.24388532e-01j, -0.14442019-1.52974449e-01j,
           -0.01168276+2.38159644e-02j,  0.00192105-1.35526943e-04j],
          [ 0.02706387-2.08628667e-01j,  0.94479879-5.53159953e-02j,
           -0.1174964 -2.13372740e-01j, -0.01168276+2.38159644e-02j],
          [-0.02101225-1.61917352e-02j,  0.09086878-2.26000432e-01j,
            0.94479879-5.53159953e-02j, -0.14442019-1.52974449e-01j],
          [-0.00163667+1.01494928e-03j, -0.02101225-1.61917352e-02j,
            0.02706387-2.08628667e-01j,  0.82465199-5.24388532e-01j]],
         input_dims=(2, 2), output_dims=(2, 2))"
"Operator([[ 8.24651986e-01-0.52438853j, -1.95990120e-01-0.07646075j,
            1.10179637e-02+0.02413072j,  3.33020019e-04-0.00189681j],
          [ 1.13736982e-01-0.17698099j,  9.44798788e-01-0.055316j  ,
           -1.97501520e-01-0.14257096j,  1.10179637e-02+0.02413072j],
          [-7.92295069e-04-0.02651527j,  1.78838654e-01-0.16537855j,
            9.44798788e-01-0.055316j  , -1.95990120e-01-0.07646075j],
          [-1.38058870e-03-0.00134267j, -7.92295069e-04-0.02651527j,
            1.13736982e-01-0.17698099j,  8.24651986e-01-0.52438853j]],
         input_dims=(2, 2), output_dims=(2, 2))"
"Operator([[ 8.24651986e-01-0.52438853j,  6.49420862e-02+0.20010222j,
           -2.58339895e-02+0.00602429j, -5.92551551e-04-0.0018324j ],
          [ 6.49420862e-02+0.20010222j,  9.44798788e-01-0.055316j  ,
            1.47350671e-02+0.24313825j, -2.58339895e-02+0.00602429j],
          [-2.58339895e-02+0.00602429j,  1.47350671e-02+0.24313825j,
            9.44798788e-01-0.055316j  ,  6.49420862e-02+0.20010222j],
          [-5.92551551e-04-0.0018324j , -2.58339895e-02+0.00602429j,
            6.49420862e-02+0.20010222j,  8.24651986e-01-0.52438853j]],
         input_dims=(2, 2), output_dims=(2, 2))"
"Operator([[ 8.24651986e-01-0.52438853j,  6.49420862e-02+0.20010222j,
           -2.58339895e-02+0.00602429j, -5.92551551e-04-0.0018324j ],
          [ 6.49420862e-02+0.20010222j,  9.44798788e-01-0.055316j  ,
            1.47350671e-02+0.24313825j, -2.58339895e-02+0.00602429j],
          [-2.58339895e-02+0.00602429j,  1.47350671e-02+0.24313825j,
            9.44798788e-01-0.055316j  ,  6.49420862e-02+0.20010222j],
          [-5.92551551e-04-0.0018324j , -2.58339895e-02+0.00602429j,
            6.49420862e-02+0.20010222j,  8.24651986e-01-0.52438853j]],
         input_dims=(2, 2), output_dims=(2, 2))"
