unitary
"Operator([[ 0.48685911-0.79560294j,  0.18757092+0.29706667j,
           -0.07370849+0.03177452j, -0.00554864-0.00890874j],
          [ 0.18757092+0.29706667j,  0.83492436-0.07286679j,
            0.04081714+0.40749441j, -0.07370849+0.03177452j],
          [-0.07370849+0.03177452j,  0.04081714+0.40749441j,
            0.83492436-0.07286679j,  0.18757092+0.29706667j],
          [-0.00554864-0.00890874j, -0.07370849+0.03177452j,
            0.18757092+0.29706667j,  0.48685911-0.79560294j]],
         input_dims=(2, 2), output_dims=(2, 2))"
"Operator([[ 0.48685911-0.79560294j,  0.18757092+0.29706667j,
           -0.07370849+0.03177452j, -0.00554864-0.00890874j],
          [ 0.18757092+0.29706667j,  0.83492436-0.07286679j,
            0.04081714+0.40749441j, -0.07370849+0.03177452j],
          [-0.07370849+0.03177452j,  0.04081714+0.40749441j,
            0.83492436-0.07286679j,  0.18757092+0.29706667j],
          [-0.00554864-0.00890874j, -0.07370849+0.03177452j,
            0.18757092+0.29706667j,  0.48685911-0.79560294j]],
         input_dims=(2, 2), output_dims=(2, 2))"
"Operator([[ 0.48685911-0.79560294j,  0.26199997+0.23406724j,
           -0.04577612+0.0659326j , -0.0103288 -0.0018625j ],
          [ 0.09869223+0.33718141j,  0.83492436-0.07286679j,
            0.15125179+0.38057933j, -0.04577612+0.0659326j ],
          [-0.07936558-0.01198608j, -0.07276187+0.40301792j,
            0.83492436-0.07286679j,  0.26199997+0.23406724j],
          [ 0.00288348-0.01009151j, -0.07936558-0.01198608j,
            0.09869223+0.33718141j,  0.48685911-0.79560294j]],
         input_dims=(2, 2), output_dims=(2, 2))"
"Operator([[ 0.48685911-0.79560294j,  0.11469762+0.33207817j,
           -0.08014749-0.00435218j,  0.00141106-0.01040009j],
          [ 0.25051138+0.24632399j,  0.83492436-0.07286679j,
           -0.0534133 +0.40603541j, -0.08014749-0.00435218j],
          [-0.05186323+0.06125982j,  0.13288611+0.38737451j,
            0.83492436-0.07286679j,  0.11469762+0.33207817j],
          [-0.00995641-0.00332009j, -0.05186323+0.06125982j,
            0.25051138+0.24632399j,  0.48685911-0.79560294j]],
         input_dims=(2, 2), output_dims=(2, 2))"
"Operator([[ 0.48685911-0.79560294j,  0.18757092+0.29706667j,
           -0.07370849+0.03177452j, -0.00554864-0.00890874j],
          [ 0.18757092+0.29706667j,  0.83492436-0.07286679j,
            0.04081714+0.40749441j, -0.07370849+0.03177452j],
          [-0.07370849+0.03177452j,  0.04081714+0.40749441j,
            0.83492436-0.07286679j,  0.18757092+0.29706667j],
          [-0.00554864-0.00890874j, -0.07370849+0.03177452j,
            0.18757092+0.29706667j,  0.48685911-0.79560294j]],
         input_dims=(2, 2), output_dims=(2, 2))"
"Operator([[ 0.48685911-0.79560294j, -0.30593303-0.17273227j,
           -0.01409829+0.07901771j,  0.00937121-0.00472583j],
          [-0.02442719-0.35047792j,  0.83492436-0.07286679j,
           -0.2290193 -0.33951125j, -0.01409829+0.07901771j],
          [-0.06712989-0.04400158j,  0.1571299 -0.37819033j,
            0.83492436-0.07286679j, -0.30593303-0.17273227j],
          [-0.00837422+0.00632657j, -0.06712989-0.04400158j,
           -0.02442719-0.35047792j,  0.48685911-0.79560294j]],
         input_dims=(2, 2), output_dims=(2, 2))"
"Operator([[ 0.48685911-0.79560294j, -0.03790657-0.34927718j,
           -0.0703174 -0.03870432j, -0.00758887+0.00724997j],
          [-0.29905387-0.18438613j,  0.83492436-0.07286679j,
            0.14244858-0.38396111j, -0.0703174 -0.03870432j],
          [-0.02013817+0.07769823j, -0.21577425-0.34807931j,
            0.83492436-0.07286679j, -0.03790657-0.34927718j],
          [ 0.00985363-0.00361374j, -0.02013817+0.07769823j,
           -0.29905387-0.18438613j,  0.48685911-0.79560294j]],
         input_dims=(2, 2), output_dims=(2, 2))"
"Operator([[ 0.48685911-0.79560294j, -0.08827696-0.34005681j,
           -0.07847866-0.01684221j, -0.00380101+0.00978291j],
          [-0.26907382-0.22589984j,  0.83492436-0.07286679j,
            0.08512058-0.40058984j, -0.07847866-0.01684221j],
          [-0.0416365 +0.06862188j, -0.16288338-0.37574824j,
            0.83492436-0.07286679j, -0.08827696-0.34005681j],
          [ 0.01045647+0.00090293j, -0.0416365 +0.06862188j,
           -0.26907382-0.22589984j,  0.48685911-0.79560294j]],
         input_dims=(2, 2), output_dims=(2, 2))"
"Operator([[ 0.48685911-0.79560294j,  0.3498987 +0.03165999j,
            0.04990304+0.0628669j ,  0.00175012+0.01034844j],
          [-0.12184401+0.32952313j,  0.83492436-0.07286679j,
            0.34836452+0.21531347j,  0.04990304+0.0628669j ],
          [-0.01144542-0.07944535j, -0.29873774+0.28013121j,
            0.83492436-0.07286679j,  0.3498987 +0.03165999j],
          [ 0.00851594+0.00613448j, -0.01144542-0.07944535j,
           -0.12184401+0.32952313j,  0.48685911-0.79560294j]],
         input_dims=(2, 2), output_dims=(2, 2))"
