unitary
"Operator([[ 7.92720502e-01-0.56435937j,  7.66830245e-02+0.21498175j,
           -3.04722668e-02+0.00777796j, -8.34503107e-04-0.00234977j],
          [ 7.66830245e-02+0.21498175j,  9.34626018e-01-0.05889908j,
            1.73387408e-02+0.26385219j, -3.04722668e-02+0.00777796j],
          [-3.04722668e-02+0.00777796j,  1.73387408e-02+0.26385219j,
            9.34626018e-01-0.05889908j,  7.66830245e-02+0.21498175j],
          [-8.34503107e-04-0.00234977j, -3.04722668e-02+0.00777796j,
            7.66830245e-02+0.21498175j,  7.92720502e-01-0.56435937j]],
         input_dims=(2, 2), output_dims=(2, 2))"
"Operator([[ 7.92720502e-01-0.56435937j,  7.66830245e-02+0.21498175j,
           -3.04722668e-02+0.00777796j, -8.34503107e-04-0.00234977j],
          [ 7.66830245e-02+0.21498175j,  9.34626018e-01-0.05889908j,
            1.73387408e-02+0.26385219j, -3.04722668e-02+0.00777796j],
          [-3.04722668e-02+0.00777796j,  1.73387408e-02+0.26385219j,
            9.34626018e-01-0.05889908j,  7.66830245e-02+0.21498175j],
          [-8.34503107e-04-0.00234977j, -3.04722668e-02+0.00777796j,
            7.66830245e-02+0.21498175j,  7.92720502e-01-0.56435937j]],
         input_dims=(2, 2), output_dims=(2, 2))"
"Operator([[ 0.7927205 -0.56435937j, -0.08553677+0.21161498j,
           -0.01129019-0.02935281j,  0.00240439+0.00066085j],
          [ 0.20015229+0.10971097j,  0.93462602-0.05889908j,
           -0.16235866+0.20870619j, -0.01129019-0.02935281j],
          [ 0.00415886+0.03117306j,  0.18827429+0.18566476j,
            0.93462602-0.05889908j, -0.08553677+0.21161498j],
          [-0.00144899+0.00202934j,  0.00415886+0.03117306j,
            0.20015229+0.10971097j,  0.7927205 -0.56435937j]],
         input_dims=(2, 2), output_dims=(2, 2))"
"Operator([[ 7.92720502e-01-0.56435937j,  4.61046911e-02+0.22354372j,
           -3.14364322e-02-0.000898j  ,  1.90457570e-04-0.00248627j],
          [ 1.05777164e-01+0.20225882j,  9.34626018e-01-0.05889908j,
           -1.94477744e-02+0.26370513j, -3.14364322e-02-0.000898j  ],
          [-2.71603632e-02+0.01585466j,  5.37896661e-02+0.25889242j,
            9.34626018e-01-0.05889908j,  4.61046911e-02+0.22354372j],
          [-1.71596774e-03-0.00180922j, -2.71603632e-02+0.01585466j,
            1.05777164e-01+0.20225882j,  7.92720502e-01-0.56435937j]],
         input_dims=(2, 2), output_dims=(2, 2))"
"Operator([[ 0.7927205 -5.64359367e-01j,  0.18408913+1.34939354e-01j,
           -0.00406521+3.11854086e-02j, -0.00211619+1.31892228e-03j],
          [-0.05713345+2.20982366e-01j,  0.93462602-5.88990813e-02j,
            0.16238202+2.08688022e-01j, -0.00406521+3.11854086e-02j],
          [-0.01851412-2.54220999e-02j, -0.13367617+2.28143142e-01j,
            0.93462602-5.88990813e-02j,  0.18408913+1.34939354e-01j],
          [ 0.00247405-3.11266989e-04j, -0.01851412-2.54220999e-02j,
           -0.05713345+2.20982366e-01j,  0.7927205 -5.64359367e-01j]],
         input_dims=(2, 2), output_dims=(2, 2))"
"Operator([[ 7.92720502e-01-0.56435937j,  2.27724435e-01+0.01546023j,
            2.64616126e-02+0.01699526j,  1.56949071e-03+0.00193766j],
          [-1.66533185e-01+0.15609015j,  9.34626018e-01-0.05889908j,
            2.48858815e-01+0.08937506j,  2.64616126e-02+0.01699526j],
          [ 1.50792032e-02-0.02759843j, -2.35022908e-01+0.12117279j,
            9.34626018e-01-0.05889908j,  2.27724435e-01+0.01546023j],
          [ 4.21924308e-06+0.00249355j,  1.50792032e-02-0.02759843j,
           -1.66533185e-01+0.15609015j,  7.92720502e-01-0.56435937j]],
         input_dims=(2, 2), output_dims=(2, 2))"
"Operator([[ 0.7927205 -0.56435937j,  0.22688923-0.02487395j,
            0.03071201+0.00676966j,  0.00233454+0.0008762j ],
          [-0.19141281+0.12433251j,  0.93462602-0.05889908j,
            0.26070678+0.04416544j,  0.03071201+0.00676966j],
          [ 0.02371045-0.02066084j, -0.25268523+0.0779024j ,
            0.93462602-0.05889908j,  0.22688923-0.02487395j],
          [-0.00125896+0.0021524j ,  0.02371045-0.02066084j,
           -0.19141281+0.12433251j,  0.7927205 -0.56435937j]],
         input_dims=(2, 2), output_dims=(2, 2))"
"Operator([[ 7.92720502e-01-0.56435937j,  2.26808419e-01+0.02560035j,
            2.48420410e-02+0.01928545j,  1.29691084e-03+0.00212975j],
          [-1.59406569e-01+0.16336151j,  9.34626018e-01-0.05889908j,
            2.44625496e-01+0.10038415j,  2.48420410e-02+0.01928545j],
          [ 1.25601366e-02-0.02883225j, -2.29385314e-01+0.13153322j,
            9.34626018e-01-0.05889908j,  2.26808419e-01+0.02560035j],
          [ 3.36901089e-04+0.00247069j,  1.25601366e-02-0.02883225j,
           -1.59406569e-01+0.16336151j,  7.92720502e-01-0.56435937j]],
         input_dims=(2, 2), output_dims=(2, 2))"
"Operator([[ 7.92720502e-01-0.56435937j,  7.66830245e-02+0.21498175j,
           -3.04722668e-02+0.00777796j, -8.34503107e-04-0.00234977j],
          [ 7.66830245e-02+0.21498175j,  9.34626018e-01-0.05889908j,
            1.73387408e-02+0.26385219j, -3.04722668e-02+0.00777796j],
          [-3.04722668e-02+0.00777796j,  1.73387408e-02+0.26385219j,
            9.34626018e-01-0.05889908j,  7.66830245e-02+0.21498175j],
          [-8.34503107e-04-0.00234977j, -3.04722668e-02+0.00777796j,
            7.66830245e-02+0.21498175j,  7.92720502e-01-0.56435937j]],
         input_dims=(2, 2), output_dims=(2, 2))"
"Operator([[ 7.92720502e-01-0.56435937j,  2.24651950e-01+0.04036011j,
            2.21161227e-02+0.02235918j,  8.57104740e-04+0.00234162j],
          [-1.48395904e-01+0.1734246j ,  9.34626018e-01-0.05889908j,
            2.37546336e-01+0.11614796j,  2.21161227e-02+0.02235918j],
          [ 8.69454383e-03-0.03022351j, -2.20304139e-01+0.14623508j,
            9.34626018e-01-0.05889908j,  2.24651950e-01+0.04036011j],
          [ 8.11824000e-04+0.0023577j ,  8.69454383e-03-0.03022351j,
           -1.48395904e-01+0.1734246j ,  7.92720502e-01-0.56435937j]],
         input_dims=(2, 2), output_dims=(2, 2))"
"Operator([[ 7.92720502e-01-0.56435937j, -7.06003313e-02-0.21705536j,
           -3.08617301e-02+0.00605056j,  6.33281034e-04+0.0024118j ],
          [-8.27049289e-02-0.21273771j,  9.34626018e-01-0.05889908j,
           -9.90373862e-03-0.26423574j, -3.08617301e-02+0.00605056j],
          [-2.99861978e-02+0.0094807j , -2.47599982e-02-0.26325948j,
            9.34626018e-01-0.05889908j, -7.06003313e-02-0.21705536j],
          [ 1.02977453e-03+0.00227099j, -2.99861978e-02+0.0094807j ,
           -8.27049289e-02-0.21273771j,  7.92720502e-01-0.56435937j]],
         input_dims=(2, 2), output_dims=(2, 2))"
