unitary
"Operator([[ 9.41366246e-01-3.14213578e-01j,
           -3.20576236e-02+1.18298417e-01j,
           -6.38810810e-03-6.02263868e-03j,
            3.31371024e-04-1.47611140e-04j],
          [ 7.14403727e-02+9.95915649e-02j,
            9.81660078e-01-3.43511799e-02j,
           -5.62154133e-02+1.30015492e-01j,
           -6.38810810e-03-6.02263868e-03j],
          [-4.61106678e-03+7.47115552e-03j,
            6.52591138e-02+1.25719724e-01j,
            9.81660078e-01-3.43511799e-02j,
           -3.20576236e-02+1.18298417e-01j],
          [-3.62068208e-04-2.24146560e-05j,
           -4.61106678e-03+7.47115552e-03j,
            7.14403727e-02+9.95915649e-02j,
            9.41366246e-01-3.14213578e-01j]],
         input_dims=(2, 2), output_dims=(2, 2))"
"Operator([[ 9.41366246e-01-0.31421358j,  2.17999268e-02+0.12061082j,
           -8.70437146e-03+0.00114631j, -6.44524569e-05-0.00035699j],
          [ 2.17999268e-02+0.12061082j,  9.81660078e-01-0.03435118j,
            5.00604995e-03+0.14155967j, -8.70437146e-03+0.00114631j],
          [-8.70437146e-03+0.00114631j,  5.00604995e-03+0.14155967j,
            9.81660078e-01-0.03435118j,  2.17999268e-02+0.12061082j],
          [-6.44524569e-05-0.00035699j, -8.70437146e-03+0.00114631j,
            2.17999268e-02+0.12061082j,  9.41366246e-01-0.31421358j]],
         input_dims=(2, 2), output_dims=(2, 2))"
"Operator([[ 9.41366246e-01-0.31421358j,  1.75250441e-02+0.12130573j,
           -8.76358999e-03+0.00052876j, -2.63154171e-05-0.00036181j],
          [ 2.60475890e-02+0.11976531j,  9.81660078e-01-0.03435118j,
            1.51314661e-06+0.14164816j, -8.76358999e-03+0.00052876j],
          [-8.60169155e-03+0.00175813j,  1.00043359e-02+0.14129442j,
            9.81660078e-01-0.03435118j,  1.75250441e-02+0.12130573j],
          [-1.01865791e-04-0.00034817j, -8.60169155e-03+0.00175813j,
            2.60475890e-02+0.11976531j,  9.41366246e-01-0.31421358j]],
         input_dims=(2, 2), output_dims=(2, 2))"
"Operator([[ 9.41366246e-01-0.31421358j,  3.32980124e-02+0.11795528j,
           -8.32390566e-03+0.00279154j, -1.63505289e-04-0.00032382j],
          [ 1.00997530e-02+0.12214828j,  9.81660078e-01-0.03435118j,
            1.85966251e-02+0.1404221j , -8.32390566e-03+0.00279154j],
          [-8.76282258e-03-0.00054133j, -8.63093190e-03+0.14138496j,
            9.81660078e-01-0.03435118j,  3.32980124e-02+0.11795528j],
          [ 3.99445392e-05-0.00036056j, -8.76282258e-03-0.00054133j,
            1.00997530e-02+0.12214828j,  9.41366246e-01-0.31421358j]],
         input_dims=(2, 2), output_dims=(2, 2))"
"Operator([[ 9.41366246e-01-0.31421358j,  2.17999268e-02+0.12061082j,
           -8.70437146e-03+0.00114631j, -6.44524569e-05-0.00035699j],
          [ 2.17999268e-02+0.12061082j,  9.81660078e-01-0.03435118j,
            5.00604995e-03+0.14155967j, -8.70437146e-03+0.00114631j],
          [-8.70437146e-03+0.00114631j,  5.00604995e-03+0.14155967j,
            9.81660078e-01-0.03435118j,  2.17999268e-02+0.12061082j],
          [-6.44524569e-05-0.00035699j, -8.70437146e-03+0.00114631j,
            2.17999268e-02+0.12061082j,  9.41366246e-01-0.31421358j]],
         input_dims=(2, 2), output_dims=(2, 2))"
"Operator([[ 9.41366246e-01-3.14213578e-01j,
            4.27182878e-02+1.14879739e-01j,
           -7.76569700e-03+4.09561373e-03j,
           -2.36514599e-04-2.75057537e-04j],
          [ 1.98897183e-04+1.22564951e-01j,
            9.81660078e-01-3.43511799e-02j,
            2.98799516e-02+1.38460787e-01j,
           -7.76569700e-03+4.09561373e-03j],
          [-8.56126593e-03-1.94546327e-03j,
           -2.00246171e-02+1.40225589e-01j,
            9.81660078e-01-3.43511799e-02j,
            4.27182878e-02+1.14879739e-01j],
          [ 1.25397499e-04-3.40398695e-04j,
           -8.56126593e-03-1.94546327e-03j,
            1.98897183e-04+1.22564951e-01j,
            9.41366246e-01-3.14213578e-01j]],
         input_dims=(2, 2), output_dims=(2, 2))"
"Operator([[ 9.41366246e-01-0.31421358j,  2.17999268e-02+0.12061082j,
           -8.70437146e-03+0.00114631j, -6.44524569e-05-0.00035699j],
          [ 2.17999268e-02+0.12061082j,  9.81660078e-01-0.03435118j,
            5.00604995e-03+0.14155967j, -8.70437146e-03+0.00114631j],
          [-8.70437146e-03+0.00114631j,  5.00604995e-03+0.14155967j,
            9.81660078e-01-0.03435118j,  2.17999268e-02+0.12061082j],
          [-6.44524569e-05-0.00035699j, -8.70437146e-03+0.00114631j,
            2.17999268e-02+0.12061082j,  9.41366246e-01-0.31421358j]],
         input_dims=(2, 2), output_dims=(2, 2))"
"Operator([[ 9.41366246e-01-0.31421358j,  2.17999268e-02+0.12061082j,
           -8.70437146e-03+0.00114631j, -6.44524569e-05-0.00035699j],
          [ 2.17999268e-02+0.12061082j,  9.81660078e-01-0.03435118j,
            5.00604995e-03+0.14155967j, -8.70437146e-03+0.00114631j],
          [-8.70437146e-03+0.00114631j,  5.00604995e-03+0.14155967j,
            9.81660078e-01-0.03435118j,  2.17999268e-02+0.12061082j],
          [-6.44524569e-05-0.00035699j, -8.70437146e-03+0.00114631j,
            2.17999268e-02+0.12061082j,  9.41366246e-01-0.31421358j]],
         input_dims=(2, 2), output_dims=(2, 2))"
"Operator([[ 9.41366246e-01-3.14213578e-01j,
           -1.18705885e-01+3.05142527e-02j,
            8.44598366e-03-2.39696927e-03j,
           -3.34547103e-04+1.40264179e-04j],
          [ 1.21876915e-01-1.29701330e-02j,
            9.81660078e-01-3.43511799e-02j,
           -1.40820679e-01+1.52884680e-02j,
            8.44598366e-03-2.39696927e-03j],
          [ 8.77858537e-03+1.28610168e-04j,
            1.41548862e-01+5.30288369e-03j,
            9.81660078e-01-3.43511799e-02j,
           -1.18705885e-01+3.05142527e-02j],
          [ 3.62474609e-04+1.44208985e-05j,
            8.77858537e-03+1.28610168e-04j,
            1.21876915e-01-1.29701330e-02j,
            9.41366246e-01-3.14213578e-01j]],
         input_dims=(2, 2), output_dims=(2, 2))"
"Operator([[ 9.41366246e-01-3.14213578e-01j,
            1.19018553e-01-2.92709874e-02j,
            8.49427482e-03-2.21977409e-03j,
            3.38783023e-04-1.29699143e-04j],
          [-1.21734588e-01+1.42441869e-02j,
            9.81660078e-01-3.43511799e-02j,
            1.40972885e-01-1.38147273e-02j,
            8.49427482e-03-2.21977409e-03j],
          [ 8.77935485e-03-5.50459662e-05j,
           -1.41596584e-01-3.82207287e-03j,
            9.81660078e-01-3.43511799e-02j,
            1.19018553e-01-2.92709874e-02j],
          [-3.62748608e-04-3.04162257e-06j,
            8.77935485e-03-5.50459662e-05j,
           -1.21734588e-01+1.42441869e-02j,
            9.41366246e-01-3.14213578e-01j]],
         input_dims=(2, 2), output_dims=(2, 2))"
"Operator([[ 9.41366246e-01-0.31421358j,  2.17999268e-02+0.12061082j,
           -8.70437146e-03+0.00114631j, -6.44524569e-05-0.00035699j],
          [ 2.17999268e-02+0.12061082j,  9.81660078e-01-0.03435118j,
            5.00604995e-03+0.14155967j, -8.70437146e-03+0.00114631j],
          [-8.70437146e-03+0.00114631j,  5.00604995e-03+0.14155967j,
            9.81660078e-01-0.03435118j,  2.17999268e-02+0.12061082j],
          [-6.44524569e-05-0.00035699j, -8.70437146e-03+0.00114631j,
            2.17999268e-02+0.12061082j,  9.41366246e-01-0.31421358j]],
         input_dims=(2, 2), output_dims=(2, 2))"
"Operator([[ 9.41366246e-01-3.14213578e-01j,
            1.22489488e-01+4.30488466e-03j,
            8.39527170e-03+2.56895209e-03j,
            3.24533336e-04+1.62092313e-04j],
          [-1.13232475e-01+4.69106936e-02j,
            9.81660078e-01-3.43511799e-02j,
            1.39395086e-01+2.51636814e-02j,
            8.39527170e-03+2.56895209e-03j],
          [ 7.44394332e-03-4.65486944e-03j,
           -1.37269342e-01+3.49475128e-02j,
            9.81660078e-01-3.43511799e-02j,
            1.22489488e-01+4.30488466e-03j],
          [-2.47362022e-04+2.65344746e-04j,
            7.44394332e-03-4.65486944e-03j,
           -1.13232475e-01+4.69106936e-02j,
            9.41366246e-01-3.14213578e-01j]],
         input_dims=(2, 2), output_dims=(2, 2))"
"Operator([[ 9.41366246e-01-3.14213578e-01j,
            1.21874104e-01+1.29965166e-02j,
            7.94640825e-03+3.73292079e-03j,
            2.82861235e-04+2.27124032e-04j],
          [-1.09613469e-01+5.48369764e-02j,
            9.81660078e-01-3.43511799e-02j,
            1.37255027e-01+3.50036946e-02j,
            7.94640825e-03+3.73292079e-03j],
          [ 6.70903653e-03-5.66294362e-03j,
           -1.34439542e-01+4.46117742e-02j,
            9.81660078e-01-3.43511799e-02j,
            1.21874104e-01+1.29965166e-02j],
          [-1.85579928e-04+3.11698403e-04j,
            6.70903653e-03-5.66294362e-03j,
           -1.09613469e-01+5.48369764e-02j,
            9.41366246e-01-3.14213578e-01j]],
         input_dims=(2, 2), output_dims=(2, 2))"
"Operator([[ 9.41366246e-01-0.31421358j,  2.17999268e-02+0.12061082j,
           -8.70437146e-03+0.00114631j, -6.44524569e-05-0.00035699j],
          [ 2.17999268e-02+0.12061082j,  9.81660078e-01-0.03435118j,
            5.00604995e-03+0.14155967j, -8.70437146e-03+0.00114631j],
          [-8.70437146e-03+0.00114631j,  5.00604995e-03+0.14155967j,
            9.81660078e-01-0.03435118j,  2.17999268e-02+0.12061082j],
          [-6.44524569e-05-0.00035699j, -8.70437146e-03+0.00114631j,
            2.17999268e-02+0.12061082j,  9.41366246e-01-0.31421358j]],
         input_dims=(2, 2), output_dims=(2, 2))"
