unitary
"Operator([[ 8.24651986e-01-0.52438853j,  6.49420862e-02+0.20010222j,
           -2.58339895e-02+0.00602429j, -5.92551551e-04-0.0018324j ],
          [ 6.49420862e-02+0.20010222j,  9.44798788e-01-0.055316j  ,
            1.47350671e-02+0.24313825j, -2.58339895e-02+0.00602429j],
          [-2.58339895e-02+0.00602429j,  1.47350671e-02+0.24313825j,
            9.44798788e-01-0.055316j  ,  6.49420862e-02+0.20010222j],
          [-5.92551551e-04-0.0018324j , -2.58339895e-02+0.00602429j,
            6.49420862e-02+0.20010222j,  8.24651986e-01-0.52438853j]],
         input_dims=(2, 2), output_dims=(2, 2))"
"Operator([[ 8.24651986e-01-0.52438853j,  1.75285675e-01-0.11633274j,
            1.89827538e-02-0.01852949j,  8.23260269e-04-0.00174099j],
          [-2.10193759e-01+0.00877251j,  9.44798788e-01-0.055316j  ,
            2.30232044e-01-0.07953952j,  1.89827538e-02-0.01852949j],
          [ 2.52208916e-02+0.00822154j, -2.38152532e-01-0.0511537j ,
            9.44798788e-01-0.055316j  ,  1.75285675e-01-0.11633274j],
          [-1.68676737e-03-0.00092931j,  2.52208916e-02+0.00822154j,
           -2.10193759e-01+0.00877251j,  8.24651986e-01-0.52438853j]],
         input_dims=(2, 2), output_dims=(2, 2))"
"Operator([[ 8.24651986e-01-0.52438853j,  6.49420862e-02+0.20010222j,
           -2.58339895e-02+0.00602429j, -5.92551551e-04-0.0018324j ],
          [ 6.49420862e-02+0.20010222j,  9.44798788e-01-0.055316j  ,
            1.47350671e-02+0.24313825j, -2.58339895e-02+0.00602429j],
          [-2.58339895e-02+0.00602429j,  1.47350671e-02+0.24313825j,
            9.44798788e-01-0.055316j  ,  6.49420862e-02+0.20010222j],
          [-5.92551551e-04-0.0018324j , -2.58339895e-02+0.00602429j,
            6.49420862e-02+0.20010222j,  8.24651986e-01-0.52438853j]],
         input_dims=(2, 2), output_dims=(2, 2))"
"Operator([[ 8.24651986e-01-0.52438853j,  1.68766157e-01-0.12560397j,
            1.68797125e-02-0.02046368j,  5.32331711e-04-0.00185079j],
          [-2.10361162e-01-0.00256026j,  9.44798788e-01-0.055316j  ,
            2.25614295e-01-0.0918233j ,  1.68797125e-02-0.02046368j],
          [ 2.41903288e-02+0.01088646j, -2.35052015e-01-0.06390524j,
            9.44798788e-01-0.055316j  ,  1.68766157e-01-0.12560397j],
          [-1.51521486e-03-0.00118866j,  2.41903288e-02+0.01088646j,
           -2.10361162e-01-0.00256026j,  8.24651986e-01-0.52438853j]],
         input_dims=(2, 2), output_dims=(2, 2))"
"Operator([[ 8.24651986e-01-0.52438853j, -1.98201724e-01-0.07052978j,
            1.24493057e-02+0.02342439j,  1.60674151e-04-0.00191911j],
          [ 1.19009967e-01-0.17347911j,  9.44798788e-01-0.055316j  ,
           -2.01701364e-01-0.1365646j ,  1.24493057e-02+0.02342439j],
          [ 8.03839140e-04-0.02651492j,  1.83733111e-01-0.15992334j,
            9.44798788e-01-0.055316j  , -1.98201724e-01-0.07052978j],
          [-1.25393107e-03-0.00146166j,  8.03839140e-04-0.02651492j,
            1.19009967e-01-0.17347911j,  8.24651986e-01-0.52438853j]],
         input_dims=(2, 2), output_dims=(2, 2))"
"Operator([[ 8.24651986e-01-5.24388532e-01j,
           -7.61818302e-02+1.96098705e-01j,
           -1.10865824e-02-2.40992692e-02j,
            1.89821595e-03+3.24921009e-04j],
          [ 1.76818997e-01+1.13988665e-01j,
            9.44798788e-01-5.53159953e-02j,
           -1.42289824e-01+1.97704162e-01j,
           -1.10865824e-02-2.40992692e-02j],
          [ 7.16843388e-04+2.65174136e-02j,
            1.65123944e-01+1.79073763e-01j,
            9.44798788e-01-5.53159953e-02j,
           -7.61818302e-02+1.96098705e-01j],
          [-1.34855396e-03+1.37484532e-03j,
            7.16843388e-04+2.65174136e-02j,
            1.76818997e-01+1.13988665e-01j,
            8.24651986e-01-5.24388532e-01j]],
         input_dims=(2, 2), output_dims=(2, 2))"
"Operator([[ 8.24651986e-01-0.52438853j, -1.38251839e-01+0.15857113j,
            6.86683581e-03-0.02562291j,  6.81567181e-04+0.00180118j],
          [ 2.05021894e-01+0.04716351j,  9.44798788e-01-0.055316j  ,
           -2.00975931e-01+0.13762996j,  6.86683581e-03-0.02562291j],
          [ 1.74923520e-02+0.01994254j,  2.16125756e-01+0.11235207j,
            9.44798788e-01-0.055316j  , -1.38251839e-01+0.15857113j],
          [ 5.02114284e-04+0.00185921j,  1.74923520e-02+0.01994254j,
            2.05021894e-01+0.04716351j,  8.24651986e-01-0.52438853j]],
         input_dims=(2, 2), output_dims=(2, 2))"
"Operator([[ 8.24651986e-01-0.52438853j,  6.49420862e-02+0.20010222j,
           -2.58339895e-02+0.00602429j, -5.92551551e-04-0.0018324j ],
          [ 6.49420862e-02+0.20010222j,  9.44798788e-01-0.055316j  ,
            1.47350671e-02+0.24313825j, -2.58339895e-02+0.00602429j],
          [-2.58339895e-02+0.00602429j,  1.47350671e-02+0.24313825j,
            9.44798788e-01-0.055316j  ,  6.49420862e-02+0.20010222j],
          [-5.92551551e-04-0.0018324j , -2.58339895e-02+0.00602429j,
            6.49420862e-02+0.20010222j,  8.24651986e-01-0.52438853j]],
         input_dims=(2, 2), output_dims=(2, 2))"
