unitary
"Operator([[ 9.87115582e-01-1.49262703e-01j,
            7.12521400e-03-5.71752528e-02j,
           -1.80289495e-03-6.65409654e-04j,
           -1.89811359e-05+3.17603157e-05j],
          [-1.65143635e-02-5.52001269e-02j,
            9.95979600e-01-1.65272526e-02j,
            1.26136839e-02-6.53369025e-02j,
           -1.80289495e-03-6.65409654e-04j],
          [-1.70832238e-03+8.80247044e-04j,
           -1.47793614e-02-6.48813249e-02j,
            9.95979600e-01-1.65272526e-02j,
            7.12521400e-03-5.71752528e-02j],
          [ 2.39873105e-05+2.81710863e-05j,
           -1.70832238e-03+8.80247044e-04j,
           -1.65143635e-02-5.52001269e-02j,
            9.87115582e-01-1.49262703e-01j]],
         input_dims=(2, 2), output_dims=(2, 2))"
"Operator([[ 9.87115582e-01-1.49262703e-01j,
           -1.71632326e-04-5.76172609e-02j,
           -1.91223653e-03-1.91184952e-04j,
           -5.81437946e-06+3.65403087e-05j],
          [-9.39203667e-03-5.68468808e-02j,
            9.95979600e-01-1.65272526e-02j,
            4.23923949e-03-6.64081674e-02j,
           -1.91223653e-03-1.91184952e-04j],
          [-1.87466371e-03+4.22890280e-04j,
           -6.44517121e-03-6.62304735e-02j,
            9.95979600e-01-1.65272526e-02j,
           -1.71632326e-04-5.76172609e-02j],
          [ 1.17960533e-05+3.50692785e-05j,
           -1.87466371e-03+4.22890280e-04j,
           -9.39203667e-03-5.68468808e-02j,
            9.87115582e-01-1.49262703e-01j]],
         input_dims=(2, 2), output_dims=(2, 2))"
"Operator([[ 9.87115582e-01-1.49262703e-01j,
           -7.09896264e-03-5.71785182e-02j,
           -1.90257979e-03+2.70906540e-04j,
            7.48963484e-06+3.62340522e-05j],
          [-2.48794647e-03-5.75637762e-02j,
            9.95979600e-01-1.65272526e-02j,
           -3.77722041e-03-6.64360478e-02j,
           -1.90257979e-03+2.70906540e-04j],
          [-1.92141518e-03-3.69315336e-05j,
            1.56592818e-03-6.65249105e-02j,
            9.95979600e-01-1.65272526e-02j,
           -7.09896264e-03-5.71785182e-02j],
          [-1.37439829e-06+3.69744804e-05j,
           -1.92141518e-03-3.69315336e-05j,
           -2.48794647e-03-5.75637762e-02j,
            9.87115582e-01-1.49262703e-01j]],
         input_dims=(2, 2), output_dims=(2, 2))"
"Operator([[ 9.87115582e-01-1.49262703e-01j,
           -1.37586382e-02-5.59506754e-02j,
           -1.78706606e-03+7.06820415e-04j,
            1.95481763e-05+3.14144867e-05j],
          [ 4.28314714e-03-5.74580966e-02j,
            9.95979600e-01-1.65272526e-02j,
           -1.15460172e-02-6.55340013e-02j,
           -1.78706606e-03+7.06820415e-04j],
          [-1.85990783e-03-4.83676622e-04j,
            9.36042438e-03-6.58816993e-02j,
            9.95979600e-01-1.65272526e-02j,
           -1.37586382e-02-5.59506754e-02j],
          [-1.40654218e-05+3.42222893e-05j,
           -1.85990783e-03-4.83676622e-04j,
            4.28314714e-03-5.74580966e-02j,
            9.87115582e-01-1.49262703e-01j]],
         input_dims=(2, 2), output_dims=(2, 2))"
"Operator([[ 9.87115582e-01-1.49262703e-01j,
           -2.05819353e-02-5.38160027e-02j,
           -1.55852271e-03+1.12436968e-03j,
            2.96405346e-05+2.21458773e-05j],
          [ 1.13660774e-02-5.64853122e-02j,
            9.95979600e-01-1.65272526e-02j,
           -1.95731960e-02-6.35995742e-02j,
           -1.55852271e-03+1.12436968e-03j],
          [-1.68397508e-03-9.25974162e-04j,
            1.74474895e-02-6.42152704e-02j,
            9.95979600e-01-1.65272526e-02j,
           -2.05819353e-02-5.38160027e-02j],
          [-2.55556328e-05+2.67565096e-05j,
           -1.68397508e-03-9.25974162e-04j,
            1.13660774e-02-5.64853122e-02j,
            9.87115582e-01-1.49262703e-01j]],
         input_dims=(2, 2), output_dims=(2, 2))"
"Operator([[ 9.87115582e-01-1.49262703e-01j,
           -2.85466798e-02-5.00486292e-02j,
           -1.14720018e-03+1.54179505e-03j,
            3.63857670e-05+6.71395035e-06j],
          [ 1.98455673e-02-5.40918817e-02j,
            9.95979600e-01-1.65272526e-02j,
           -2.90414476e-02-5.98716140e-02j,
           -1.14720018e-03+1.54179505e-03j],
          [-1.32661148e-03-1.39043238e-03j,
            2.70344710e-02-6.08042205e-02j,
            9.95979600e-01-1.65272526e-02j,
           -2.85466798e-02-5.00486292e-02j],
          [-3.47676344e-05+1.26575182e-05j,
           -1.32661148e-03-1.39043238e-03j,
            1.98455673e-02-5.40918817e-02j,
            9.87115582e-01-1.49262703e-01j]],
         input_dims=(2, 2), output_dims=(2, 2))"
"Operator([[ 9.87115582e-01-1.49262703e-01j,
           -3.92536751e-02-4.21773304e-02j,
           -3.39103288e-04+1.89161549e-03j,
            3.22735155e-05-1.80947884e-05j],
          [ 3.17103122e-02-4.81064893e-02j,
            9.95979600e-01-1.65272526e-02j,
           -4.19857548e-02-5.16256936e-02j,
           -3.39103288e-04+1.89161549e-03j],
          [-5.67191189e-04-1.83616295e-03j,
            4.02458217e-02-5.29932984e-02j,
            9.95979600e-01-1.65272526e-02j,
           -3.92536751e-02-4.21773304e-02j],
          [-3.48282877e-05-1.24896576e-05j,
           -5.67191189e-04-1.83616295e-03j,
            3.17103122e-02-4.81064893e-02j,
            9.87115582e-01-1.49262703e-01j]],
         input_dims=(2, 2), output_dims=(2, 2))"
"Operator([[ 9.87115582e-01-1.49262703e-01j,
           -5.25744403e-02-2.35734266e-02j,
            1.12001537e-03+1.56165482e-03j,
           -5.14617009e-06-3.66403890e-05j],
          [ 4.79336078e-02-3.19710408e-02j,
            9.95979600e-01-1.65272526e-02j,
           -5.87685278e-02-3.12133943e-02j,
            1.12001537e-03+1.56165482e-03j],
          [ 9.21270483e-04-1.68655297e-03j,
            5.76980852e-02-3.31503667e-02j,
            9.95979600e-01-1.65272526e-02j,
           -5.25744403e-02-2.35734266e-02j],
          [-1.00400343e-06-3.69863914e-05j,
            9.21270483e-04-1.68655297e-03j,
            4.79336078e-02-3.19710408e-02j,
            9.87115582e-01-1.49262703e-01j]],
         input_dims=(2, 2), output_dims=(2, 2))"
"Operator([[ 9.87115582e-01-1.49262703e-01j,
            4.79732348e-03+5.74174529e-02j,
           -1.91818285e-03+1.17365961e-04j,
           -3.07994935e-06-3.68716027e-05j],
          [ 4.79732348e-03+5.74174529e-02j,
            9.95979600e-01-1.65272526e-02j,
            1.10653851e-03+6.65341372e-02j,
           -1.91818285e-03+1.17365961e-04j],
          [-1.91818285e-03+1.17365961e-04j,
            1.10653851e-03+6.65341372e-02j,
            9.95979600e-01-1.65272526e-02j,
            4.79732348e-03+5.74174529e-02j],
          [-3.07994935e-06-3.68716027e-05j,
           -1.91818285e-03+1.17365961e-04j,
            4.79732348e-03+5.74174529e-02j,
            9.87115582e-01-1.49262703e-01j]],
         input_dims=(2, 2), output_dims=(2, 2))"
"Operator([[ 9.87115582e-01-1.49262703e-01j,
           -5.11543604e-02+2.65143287e-02j,
            1.26720111e-03-1.44478426e-03j,
           -1.10382775e-05+3.53151186e-05j],
          [ 5.48450237e-02+1.76579042e-02j,
            9.95979600e-01-1.65272526e-02j,
           -6.09892893e-02+2.66143276e-02j,
            1.26720111e-03-1.44478426e-03j],
          [ 1.43389014e-03+1.27951526e-03j,
            6.18405684e-02+2.45715271e-02j,
            9.95979600e-01-1.65272526e-02j,
           -5.11543604e-02+2.65143287e-02j],
          [ 1.67442903e-05+3.29943922e-05j,
            1.43389014e-03+1.27951526e-03j,
            5.48450237e-02+1.76579042e-02j,
            9.87115582e-01-1.49262703e-01j]],
         input_dims=(2, 2), output_dims=(2, 2))"
"Operator([[ 9.87115582e-01-1.49262703e-01j,
            4.79732348e-03+5.74174529e-02j,
           -1.91818285e-03+1.17365961e-04j,
           -3.07994935e-06-3.68716027e-05j],
          [ 4.79732348e-03+5.74174529e-02j,
            9.95979600e-01-1.65272526e-02j,
            1.10653851e-03+6.65341372e-02j,
           -1.91818285e-03+1.17365961e-04j],
          [-1.91818285e-03+1.17365961e-04j,
            1.10653851e-03+6.65341372e-02j,
            9.95979600e-01-1.65272526e-02j,
            4.79732348e-03+5.74174529e-02j],
          [-3.07994935e-06-3.68716027e-05j,
           -1.91818285e-03+1.17365961e-04j,
            4.79732348e-03+5.74174529e-02j,
            9.87115582e-01-1.49262703e-01j]],
         input_dims=(2, 2), output_dims=(2, 2))"
"Operator([[ 9.87115582e-01-1.49262703e-01j,
            4.79732348e-03+5.74174529e-02j,
           -1.91818285e-03+1.17365961e-04j,
           -3.07994935e-06-3.68716027e-05j],
          [ 4.79732348e-03+5.74174529e-02j,
            9.95979600e-01-1.65272526e-02j,
            1.10653851e-03+6.65341372e-02j,
           -1.91818285e-03+1.17365961e-04j],
          [-1.91818285e-03+1.17365961e-04j,
            1.10653851e-03+6.65341372e-02j,
            9.95979600e-01-1.65272526e-02j,
            4.79732348e-03+5.74174529e-02j],
          [-3.07994935e-06-3.68716027e-05j,
           -1.91818285e-03+1.17365961e-04j,
            4.79732348e-03+5.74174529e-02j,
            9.87115582e-01-1.49262703e-01j]],
         input_dims=(2, 2), output_dims=(2, 2))"
"Operator([[ 9.87115582e-01-1.49262703e-01j,
            4.79732348e-03+5.74174529e-02j,
           -1.91818285e-03+1.17365961e-04j,
           -3.07994935e-06-3.68716027e-05j],
          [ 4.79732348e-03+5.74174529e-02j,
            9.95979600e-01-1.65272526e-02j,
            1.10653851e-03+6.65341372e-02j,
           -1.91818285e-03+1.17365961e-04j],
          [-1.91818285e-03+1.17365961e-04j,
            1.10653851e-03+6.65341372e-02j,
            9.95979600e-01-1.65272526e-02j,
            4.79732348e-03+5.74174529e-02j],
          [-3.07994935e-06-3.68716027e-05j,
           -1.91818285e-03+1.17365961e-04j,
            4.79732348e-03+5.74174529e-02j,
            9.87115582e-01-1.49262703e-01j]],
         input_dims=(2, 2), output_dims=(2, 2))"
"Operator([[ 9.87115582e-01-1.49262703e-01j,
            4.79732348e-03+5.74174529e-02j,
           -1.91818285e-03+1.17365961e-04j,
           -3.07994935e-06-3.68716027e-05j],
          [ 4.79732348e-03+5.74174529e-02j,
            9.95979600e-01-1.65272526e-02j,
            1.10653851e-03+6.65341372e-02j,
           -1.91818285e-03+1.17365961e-04j],
          [-1.91818285e-03+1.17365961e-04j,
            1.10653851e-03+6.65341372e-02j,
            9.95979600e-01-1.65272526e-02j,
            4.79732348e-03+5.74174529e-02j],
          [-3.07994935e-06-3.68716027e-05j,
           -1.91818285e-03+1.17365961e-04j,
            4.79732348e-03+5.74174529e-02j,
            9.87115582e-01-1.49262703e-01j]],
         input_dims=(2, 2), output_dims=(2, 2))"
"Operator([[ 9.87115582e-01-1.49262703e-01j,
           -3.97190884e-02+4.17393367e-02j,
            1.07590675e-04-1.91875597e-03j,
            2.36388103e-05+2.84641497e-05j],
          [ 4.60948135e-02+3.45694428e-02j,
            9.95979600e-01-1.65272526e-02j,
           -4.89843683e-02+4.50393995e-02j,
            1.07590675e-04-1.91875597e-03j],
          [ 3.40714398e-04+1.89132597e-03j,
            5.04549770e-02+4.33856099e-02j,
            9.95979600e-01-1.65272526e-02j,
           -3.97190884e-02+4.17393367e-02j],
          [-1.85888444e-05+3.19914994e-05j,
            3.40714398e-04+1.89132597e-03j,
            4.60948135e-02+3.45694428e-02j,
            9.87115582e-01-1.49262703e-01j]],
         input_dims=(2, 2), output_dims=(2, 2))"
