unitary
"Operator([[ 0.24802816-0.86580679j,  0.27168688+0.31625338j,
           -0.10565675+0.05888783j, -0.01283657-0.01532202j],
          [ 0.27168688+0.31625338j,  0.75346024-0.0674531j ,
            0.05687662+0.48585153j, -0.10565675+0.05888783j],
          [-0.10565675+0.05888783j,  0.05687662+0.48585153j,
            0.75346024-0.0674531j ,  0.27168688+0.31625338j],
          [-0.01283657-0.01532202j, -0.10565675+0.05888783j,
            0.27168688+0.31625338j,  0.24802816-0.86580679j]],
         input_dims=(2, 2), output_dims=(2, 2))"
"Operator([[ 0.24802816-0.86580679j,  0.27168688+0.31625338j,
           -0.10565675+0.05888783j, -0.01283657-0.01532202j],
          [ 0.27168688+0.31625338j,  0.75346024-0.0674531j ,
            0.05687662+0.48585153j, -0.10565675+0.05888783j],
          [-0.10565675+0.05888783j,  0.05687662+0.48585153j,
            0.75346024-0.0674531j ,  0.27168688+0.31625338j],
          [-0.01283657-0.01532202j, -0.10565675+0.05888783j,
            0.27168688+0.31625338j,  0.24802816-0.86580679j]],
         input_dims=(2, 2), output_dims=(2, 2))"
"Operator([[ 0.24802816-0.86580679j, -0.23374943-0.34524073j,
           -0.11627134+0.03334816j,  0.00692213+0.01875169j],
          [-0.30606157-0.28311884j,  0.75346024-0.0674531j ,
           -0.0009581 -0.48916842j, -0.11627134+0.03334816j],
          [-0.08951821+0.08134872j, -0.11204929-0.47616343j,
            0.75346024-0.0674531j , -0.23374943-0.34524073j],
          [ 0.01724922+0.0100998j , -0.08951821+0.08134872j,
           -0.30606157-0.28311884j,  0.24802816-0.86580679j]],
         input_dims=(2, 2), output_dims=(2, 2))"
"Operator([[ 0.24802816-0.86580679j, -0.31463785-0.27355618j,
           -0.08433876+0.08670696j,  0.01810779+0.00846461j],
          [-0.22300329-0.35227758j,  0.75346024-0.0674531j ,
           -0.12666442-0.47248575j, -0.08433876+0.08670696j],
          [-0.11810428+0.02612474j,  0.01411128-0.48896578j,
            0.75346024-0.0674531j , -0.31463785-0.27355618j],
          [ 0.00516183+0.01931055j, -0.11810428+0.02612474j,
           -0.22300329-0.35227758j,  0.24802816-0.86580679j]],
         input_dims=(2, 2), output_dims=(2, 2))"
"Operator([[ 0.24802816-0.86580679j,  0.3754374 +0.18131938j,
           -0.0287589 +0.11749064j, -0.01870742+0.0070409j ],
          [ 0.1226557 +0.39847903j,  0.75346024-0.0674531j ,
            0.2463078 +0.42263356j, -0.0287589 +0.11749064j],
          [-0.11505235-0.03733738j, -0.1420339 +0.46809511j,
            0.75346024-0.0674531j ,  0.3754374 +0.18131938j],
          [ 0.01020897-0.01718484j, -0.11505235-0.03733738j,
            0.1226557 +0.39847903j,  0.24802816-0.86580679j]],
         input_dims=(2, 2), output_dims=(2, 2))"
"Operator([[ 0.24802816-8.65806794e-01j,  0.28245398-3.06675256e-01j,
            0.08916429-8.17364857e-02j,  0.00998729-1.73146125e-02j],
          [-0.34574719+2.32999664e-01j,  0.75346024-6.74531029e-02j,
            0.47591915-1.13082362e-01j,  0.08916429-8.17364857e-02j],
          [ 0.11641498-3.28431963e-02j, -0.48916935-1.03461377e-04j,
            0.75346024-6.74531029e-02j,  0.28245398-3.06675256e-01j],
          [-0.01879636+6.79990750e-03j,  0.11641498-3.28431963e-02j,
           -0.34574719+2.32999664e-01j,  0.24802816-8.65806794e-01j]],
         input_dims=(2, 2), output_dims=(2, 2))"
"Operator([[ 0.24802816-0.86580679j,  0.41114452-0.06921088j,
            0.10134539+0.06603209j,  0.01192506+0.01604165j],
          [-0.13039437+0.39601423j,  0.75346024-0.0674531j ,
            0.44536278+0.20233302j,  0.10134539+0.06603209j],
          [-0.00285548-0.12092547j, -0.3865888 +0.29972614j,
            0.75346024-0.0674531j ,  0.41114452-0.06921088j],
          [ 0.01370474+0.01455067j, -0.00285548-0.12092547j,
           -0.13039437+0.39601423j,  0.24802816-0.86580679j]],
         input_dims=(2, 2), output_dims=(2, 2))"
"Operator([[ 2.48028162e-01-0.86580679j,  4.15350161e-02-0.41485516j,
           -5.37221576e-02-0.1083746j , -1.97318627e-02-0.00319301j],
          [-4.16375868e-01-0.02147317j,  7.53460241e-01-0.0674531j ,
            3.12502313e-01-0.37633624j, -5.37221576e-02-0.1083746j ],
          [ 6.39163630e-02+0.10269286j, -3.90973826e-01-0.29398321j,
            7.53460241e-01-0.0674531j ,  4.15350161e-02-0.41485516j],
          [ 3.12745141e-04-0.01998609j,  6.39163630e-02+0.10269286j,
           -4.16375868e-01-0.02147317j,  2.48028162e-01-0.86580679j]],
         input_dims=(2, 2), output_dims=(2, 2))"
"Operator([[ 0.24802816-0.86580679j,  0.27168688+0.31625338j,
           -0.10565675+0.05888783j, -0.01283657-0.01532202j],
          [ 0.27168688+0.31625338j,  0.75346024-0.0674531j ,
            0.05687662+0.48585153j, -0.10565675+0.05888783j],
          [-0.10565675+0.05888783j,  0.05687662+0.48585153j,
            0.75346024-0.0674531j ,  0.27168688+0.31625338j],
          [-0.01283657-0.01532202j, -0.10565675+0.05888783j,
            0.27168688+0.31625338j,  0.24802816-0.86580679j]],
         input_dims=(2, 2), output_dims=(2, 2))"
