unitary
"Operator([[ 0.6967498 -0.66116202j,  0.25573395-0.09913981j,
            0.04545209-0.00946914j,  0.00435479-0.00119254j],
          [-0.2445592 +0.12417468j,  0.90380399-0.06663156j,
            0.31816889-0.00911246j,  0.04545209-0.00946914j],
          [ 0.04266494-0.0183101j , -0.31566975+0.04082999j,
            0.90380399-0.06663156j,  0.25573395-0.09913981j],
          [-0.00380789+0.00242617j,  0.04266494-0.0183101j ,
           -0.2445592 +0.12417468j,  0.6967498 -0.66116202j]],
         input_dims=(2, 2), output_dims=(2, 2))"
"Operator([[ 0.6967498 -0.66116202j,  0.08443485-0.26095844j,
           -0.01853552-0.04256749j, -0.00441576-0.00094201j],
          [-0.25063992-0.11139204j,  0.90380399-0.06663156j,
            0.19367369-0.25259648j, -0.01853552-0.04256749j],
          [ 0.00922859+0.04550154j, -0.23084409-0.21914718j,
            0.90380399-0.06663156j,  0.08443485-0.26095844j],
          [ 0.0022671 -0.00390469j,  0.00922859+0.04550154j,
           -0.25063992-0.11139204j,  0.6967498 -0.66116202j]],
         input_dims=(2, 2), output_dims=(2, 2))"
"Operator([[ 0.6967498 -0.66116202j,  0.11179695+0.25045957j,
           -0.04427972+0.01395935j, -0.0018299 -0.00412768j],
          [ 0.11179695+0.25045957j,  0.90380399-0.06663156j,
            0.02500247+0.31731586j, -0.04427972+0.01395935j],
          [-0.04427972+0.01395935j,  0.02500247+0.31731586j,
            0.90380399-0.06663156j,  0.11179695+0.25045957j],
          [-0.0018299 -0.00412768j, -0.04427972+0.01395935j,
            0.11179695+0.25045957j,  0.6967498 -0.66116202j]],
         input_dims=(2, 2), output_dims=(2, 2))"
"Operator([[ 0.6967498 -0.66116202j,  0.11179695+0.25045957j,
           -0.04427972+0.01395935j, -0.0018299 -0.00412768j],
          [ 0.11179695+0.25045957j,  0.90380399-0.06663156j,
            0.02500247+0.31731586j, -0.04427972+0.01395935j],
          [-0.04427972+0.01395935j,  0.02500247+0.31731586j,
            0.90380399-0.06663156j,  0.11179695+0.25045957j],
          [-0.0018299 -0.00412768j, -0.04427972+0.01395935j,
            0.11179695+0.25045957j,  0.6967498 -0.66116202j]],
         input_dims=(2, 2), output_dims=(2, 2))"
"Operator([[ 0.6967498 -0.66116202j, -0.26947381+0.05111184j,
            0.04583959+0.00736812j, -0.00433945-0.00124717j],
          [ 0.21798083-0.16647196j,  0.90380399-0.06663156j,
           -0.31454453-0.04874644j,  0.04583959+0.00736812j],
          [ 0.03332605-0.03232539j,  0.30302855-0.09740727j,
            0.90380399-0.06663156j, -0.26947381+0.05111184j],
          [ 0.00198974-0.00405305j,  0.03332605-0.03232539j,
            0.21798083-0.16647196j,  0.6967498 -0.66116202j]],
         input_dims=(2, 2), output_dims=(2, 2))"
"Operator([[ 0.6967498 -0.66116202j, -0.16407557+0.21979026j,
            0.01130629-0.04503026j,  0.0016563 +0.00420035j],
          [ 0.27317124+0.02461759j,  0.90380399-0.06663156j,
           -0.26478236+0.17664875j,  0.01130629-0.04503026j],
          [ 0.03508739+0.03040448j,  0.28918071+0.13299999j,
            0.90380399-0.06663156j, -0.16407557+0.21979026j],
          [ 0.00200032+0.00404784j,  0.03508739+0.03040448j,
            0.27317124+0.02461759j,  0.6967498 -0.66116202j]],
         input_dims=(2, 2), output_dims=(2, 2))"
