unitary
"Operator([[ 0.86042181-4.73111906e-01j, -0.17437428+7.06270154e-02j,
            0.01925358-8.50415245e-03j, -0.00112241+7.61901421e-04j],
          [ 0.18534007-3.23051290e-02j,  0.95614826-5.04835675e-02j,
           -0.21491102+3.47501750e-02j,  0.01925358-8.50415245e-03j],
          [ 0.02104728+1.81263686e-04j,  0.21740856+1.13066531e-02j,
            0.95614826-5.04835675e-02j, -0.17437428+7.06270154e-02j],
          [ 0.00135546+5.48454513e-05j,  0.02104728+1.81263686e-04j,
            0.18534007-3.23051290e-02j,  0.86042181-4.73111906e-01j]],
         input_dims=(2, 2), output_dims=(2, 2))"
"Operator([[ 8.60421815e-01-0.47311191j, -1.60005077e-01-0.09895928j,
            2.29513273e-03+0.02092255j,  8.19932555e-04-0.00108074j],
          [ 8.34372857e-02-0.16862023j,  9.56148263e-01-0.05048357j,
           -1.55008977e-01-0.15286118j,  2.29513273e-03+0.02092255j],
          [-6.18094249e-03-0.02012006j,  1.37570123e-01-0.16872695j,
            9.56148263e-01-0.05048357j, -1.60005077e-01-0.09895928j],
          [-1.26679831e-03-0.0004853j , -6.18094249e-03-0.02012006j,
            8.34372857e-02-0.16862023j,  8.60421815e-01-0.47311191j]],
         input_dims=(2, 2), output_dims=(2, 2))"
"Operator([[ 8.60421815e-01-0.47311191j,  5.17573063e-02+0.18087494j,
           -2.06130761e-02+0.00425699j, -3.72237781e-04-0.0013045j ],
          [ 5.17573063e-02+0.18087494j,  9.56148263e-01-0.05048357j,
            1.17880916e-02+0.21738299j, -2.06130761e-02+0.00425699j],
          [-2.06130761e-02+0.00425699j,  1.17880916e-02+0.21738299j,
            9.56148263e-01-0.05048357j,  5.17573063e-02+0.18087494j],
          [-3.72237781e-04-0.0013045j , -2.06130761e-02+0.00425699j,
            5.17573063e-02+0.18087494j,  8.60421815e-01-0.47311191j]],
         input_dims=(2, 2), output_dims=(2, 2))"
"Operator([[ 8.60421815e-01-0.47311191j, -1.33507627e-01+0.13255292j,
            7.43290843e-03-0.01969195j,  2.91393323e-04+0.00132491j],
          [ 1.83417251e-01+0.04186497j,  9.56148263e-01-0.05048357j,
           -1.84763079e-01+0.11513873j,  7.43290843e-03-0.01969195j],
          [ 1.46256286e-02+0.01513644j,  1.96130348e-01+0.09448391j,
            9.56148263e-01-0.05048357j, -1.33507627e-01+0.13255292j],
          [ 4.51676018e-04+0.00127917j,  1.46256286e-02+0.01513644j,
            1.83417251e-01+0.04186497j,  8.60421815e-01-0.47311191j]],
         input_dims=(2, 2), output_dims=(2, 2))"
"Operator([[ 8.60421815e-01-0.47311191j,  5.17573063e-02+0.18087494j,
           -2.06130761e-02+0.00425699j, -3.72237781e-04-0.0013045j ],
          [ 5.17573063e-02+0.18087494j,  9.56148263e-01-0.05048357j,
            1.17880916e-02+0.21738299j, -2.06130761e-02+0.00425699j],
          [-2.06130761e-02+0.00425699j,  1.17880916e-02+0.21738299j,
            9.56148263e-01-0.05048357j,  5.17573063e-02+0.18087494j],
          [-3.72237781e-04-0.0013045j , -2.06130761e-02+0.00425699j,
            5.17573063e-02+0.18087494j,  8.60421815e-01-0.47311191j]],
         input_dims=(2, 2), output_dims=(2, 2))"
"Operator([[ 8.60421815e-01-0.47311191j,  5.17573063e-02+0.18087494j,
           -2.06130761e-02+0.00425699j, -3.72237781e-04-0.0013045j ],
          [ 5.17573063e-02+0.18087494j,  9.56148263e-01-0.05048357j,
            1.17880916e-02+0.21738299j, -2.06130761e-02+0.00425699j],
          [-2.06130761e-02+0.00425699j,  1.17880916e-02+0.21738299j,
            9.56148263e-01-0.05048357j,  5.17573063e-02+0.18087494j],
          [-3.72237781e-04-0.0013045j , -2.06130761e-02+0.00425699j,
            5.17573063e-02+0.18087494j,  8.60421815e-01-0.47311191j]],
         input_dims=(2, 2), output_dims=(2, 2))"
"Operator([[ 8.60421815e-01-0.47311191j, -1.58742573e-01+0.10097207j,
            1.49737385e-02-0.01479216j, -5.64740720e-04+0.00123343j],
          [ 1.88126609e-01+0.00171557j,  9.56148263e-01-0.05048357j,
           -2.05094654e-01+0.07301031j,  1.49737385e-02-0.01479216j],
          [ 1.96085246e-02+0.00765027j,  2.11787075e-01+0.05040395j,
            9.56148263e-01-0.05048357j, -1.58742573e-01+0.10097207j],
          [ 1.13061484e-03+0.00074967j,  1.96085246e-02+0.00765027j,
            1.88126609e-01+0.00171557j,  8.60421815e-01-0.47311191j]],
         input_dims=(2, 2), output_dims=(2, 2))"
"Operator([[ 8.60421815e-01-0.47311191j,  5.74291868e-02+0.17915483j,
           -2.03041119e-02+0.00554652j, -4.93688933e-04-0.00126355j],
          [ 4.60340568e-02+0.18241554j,  9.56148263e-01-0.05048357j,
            1.86298110e-02+0.21690379j, -2.03041119e-02+0.00554652j],
          [-2.08402268e-02+0.00295056j,  4.93467251e-03+0.21764644j,
            9.56148263e-01-0.05048357j,  5.74291868e-02+0.17915483j],
          [-2.47463822e-04-0.00133381j, -2.08402268e-02+0.00295056j,
            4.60340568e-02+0.18241554j,  8.60421815e-01-0.47311191j]],
         input_dims=(2, 2), output_dims=(2, 2))"
"Operator([[ 8.60421815e-01-0.47311191j,  1.40085694e-01-0.1255809j ,
            9.39768977e-03-0.01883359j, -8.62500166e-05-0.00135383j],
          [-1.85311506e-01-0.0324686j ,  9.56148263e-01-0.05048357j,
            1.90387658e-01-0.1055787j ,  9.39768977e-03-0.01883359j],
          [ 1.60896402e-02+0.01356998j, -2.00688155e-01-0.08437172j,
            9.56148263e-01-0.05048357j,  1.40085694e-01-0.1255809j ],
          [-6.41189863e-04-0.00119548j,  1.60896402e-02+0.01356998j,
           -1.85311506e-01-0.0324686j ,  8.60421815e-01-0.47311191j]],
         input_dims=(2, 2), output_dims=(2, 2))"
