unitary
"Operator([[ 8.49807622e-01-0.48915947j, -1.86765034e-01-0.05614806j,
            1.31575154e-02+0.01846115j, -1.73950085e-04-0.00150787j],
          [ 1.25601471e-01-0.14919133j,  9.52785453e-01-0.05202104j,
           -1.95269759e-01-0.11320643j,  1.31575154e-02+0.01846115j],
          [ 4.42024774e-03-0.02223501j,  1.81354836e-01-0.1343741j ,
            9.52785453e-01-0.05202104j, -1.86765034e-01-0.05614806j],
          [-6.77228485e-04-0.00135842j,  4.42024774e-03-0.02223501j,
            1.25601471e-01-0.14919133j,  8.49807622e-01-0.48915947j]],
         input_dims=(2, 2), output_dims=(2, 2))"
"Operator([[ 8.49807622e-01-0.48915947j,  5.56732257e-02+0.18690713j,
           -2.21650333e-02+0.00475873j, -4.32099984e-04-0.00145507j],
          [ 5.56732257e-02+0.18690713j,  9.52785453e-01-0.05202104j,
            1.26658519e-02+0.2253565j , -2.21650333e-02+0.00475873j],
          [-2.21650333e-02+0.00475873j,  1.26658519e-02+0.2253565j ,
            9.52785453e-01-0.05202104j,  5.56732257e-02+0.18690713j],
          [-4.32099984e-04-0.00145507j, -2.21650333e-02+0.00475873j,
            5.56732257e-02+0.18690713j,  8.49807622e-01-0.48915947j]],
         input_dims=(2, 2), output_dims=(2, 2))"
"Operator([[ 8.49807622e-01-0.48915947j,  5.56732257e-02+0.18690713j,
           -2.21650333e-02+0.00475873j, -4.32099984e-04-0.00145507j],
          [ 5.56732257e-02+0.18690713j,  9.52785453e-01-0.05202104j,
            1.26658519e-02+0.2253565j , -2.21650333e-02+0.00475873j],
          [-2.21650333e-02+0.00475873j,  1.26658519e-02+0.2253565j ,
            9.52785453e-01-0.05202104j,  5.56732257e-02+0.18690713j],
          [-4.32099984e-04-0.00145507j, -2.21650333e-02+0.00475873j,
            5.56732257e-02+0.18690713j,  8.49807622e-01-0.48915947j]],
         input_dims=(2, 2), output_dims=(2, 2))"
"Operator([[ 8.49807622e-01-0.48915947j,  5.56732257e-02+0.18690713j,
           -2.21650333e-02+0.00475873j, -4.32099984e-04-0.00145507j],
          [ 5.56732257e-02+0.18690713j,  9.52785453e-01-0.05202104j,
            1.26658519e-02+0.2253565j , -2.21650333e-02+0.00475873j],
          [-2.21650333e-02+0.00475873j,  1.26658519e-02+0.2253565j ,
            9.52785453e-01-0.05202104j,  5.56732257e-02+0.18690713j],
          [-4.32099984e-04-0.00145507j, -2.21650333e-02+0.00475873j,
            5.56732257e-02+0.18690713j,  8.49807622e-01-0.48915947j]],
         input_dims=(2, 2), output_dims=(2, 2))"
"Operator([[ 8.49807622e-01-0.48915947j, -1.02750648e-01+0.16575912j,
           -2.11586589e-03-0.02257116j,  1.18619387e-03+0.00094704j],
          [ 1.76704218e-01+0.0825191j ,  9.52785453e-01-0.05202104j,
           -1.60058942e-01+0.15914493j, -2.11586589e-03-0.02257116j],
          [ 7.33538344e-03+0.02145056j,  1.76883636e-01+0.14020754j,
            9.52785453e-01-0.05202104j, -1.02750648e-01+0.16575912j],
          [-4.77050178e-04+0.00144096j,  7.33538344e-03+0.02145056j,
            1.76704218e-01+0.0825191j ,  8.49807622e-01-0.48915947j]],
         input_dims=(2, 2), output_dims=(2, 2))"
"Operator([[ 8.49807622e-01-0.48915947j, -8.76843759e-02+0.17419883j,
           -6.06048947e-03-0.02184501j,  1.39326766e-03+0.00060228j],
          [ 1.68711620e-01+0.09782725j,  9.52785453e-01-0.05202104j,
           -1.45353102e-01+0.1726802j , -6.06048947e-03-0.02184501j],
          [ 3.44032217e-03+0.02240755j,  1.63787081e-01+0.1553054j ,
            9.52785453e-01-0.05202104j, -8.76843759e-02+0.17419883j],
          [-8.38727193e-04+0.0012651j ,  3.44032217e-03+0.02240755j,
            1.68711620e-01+0.09782725j,  8.49807622e-01-0.48915947j]],
         input_dims=(2, 2), output_dims=(2, 2))"
"Operator([[ 8.49807622e-01-0.48915947j, -8.40873635e-02+0.17596334j,
           -6.95269479e-03-0.02157763j,  1.42771883e-03+0.00051532j],
          [ 1.66666386e-01+0.1012724j ,  9.52785453e-01-0.05202104j,
           -1.41775117e-01+0.1756297j , -6.95269479e-03-0.02157763j],
          [ 2.51699099e-03+0.02252996j,  1.60562131e-01+0.15863725j,
            9.52785453e-01-0.05202104j, -8.40873635e-02+0.17596334j],
          [-9.15056365e-04+0.00121104j,  2.51699099e-03+0.02252996j,
            1.66666386e-01+0.1012724j ,  8.49807622e-01-0.48915947j]],
         input_dims=(2, 2), output_dims=(2, 2))"
"Operator([[ 0.84980762-4.89159468e-01j, -0.03084443+1.92567919e-01j,
           -0.01755386-1.43455941e-02j,  0.00132137-7.46938044e-04j],
          [ 0.13118711+1.44304276e-01j,  0.95278545-5.20210443e-02j,
           -0.08626768+2.08575795e-01j, -0.01755386-1.43455941e-02j],
          [-0.01011847+2.02867110e-02j,  0.10909599+1.97595649e-01j,
            0.95278545-5.20210443e-02j, -0.03084443+1.92567919e-01j],
          [-0.00151488+9.53190723e-05j, -0.01011847+2.02867110e-02j,
            0.13118711+1.44304276e-01j,  0.84980762-4.89159468e-01j]],
         input_dims=(2, 2), output_dims=(2, 2))"
"Operator([[ 8.49807622e-01-0.48915947j, -1.14937220e-02-0.19468353j,
           -2.19677593e-02-0.00559926j, -5.95163275e-04+0.00139632j],
          [-9.69071563e-02-0.1692418j ,  9.52785453e-01-0.05202104j,
            3.91612889e-02-0.22228893j, -2.19677593e-02-0.00559926j],
          [-1.77335007e-02+0.01412293j, -6.38228647e-02-0.21650085j,
            9.52785453e-01-0.05202104j, -1.14937220e-02-0.19468353j],
          [ 1.26080177e-03+0.00084517j, -1.77335007e-02+0.01412293j,
           -9.69071563e-02-0.1692418j ,  8.49807622e-01-0.48915947j]],
         input_dims=(2, 2), output_dims=(2, 2))"
"Operator([[ 8.49807622e-01-0.48915947j,  5.56732257e-02+0.18690713j,
           -2.21650333e-02+0.00475873j, -4.32099984e-04-0.00145507j],
          [ 5.56732257e-02+0.18690713j,  9.52785453e-01-0.05202104j,
            1.26658519e-02+0.2253565j , -2.21650333e-02+0.00475873j],
          [-2.21650333e-02+0.00475873j,  1.26658519e-02+0.2253565j ,
            9.52785453e-01-0.05202104j,  5.56732257e-02+0.18690713j],
          [-4.32099984e-04-0.00145507j, -2.21650333e-02+0.00475873j,
            5.56732257e-02+0.18690713j,  8.49807622e-01-0.48915947j]],
         input_dims=(2, 2), output_dims=(2, 2))"
"Operator([[ 8.49807622e-01-0.48915947j,  5.56732257e-02+0.18690713j,
           -2.21650333e-02+0.00475873j, -4.32099984e-04-0.00145507j],
          [ 5.56732257e-02+0.18690713j,  9.52785453e-01-0.05202104j,
            1.26658519e-02+0.2253565j , -2.21650333e-02+0.00475873j],
          [-2.21650333e-02+0.00475873j,  1.26658519e-02+0.2253565j ,
            9.52785453e-01-0.05202104j,  5.56732257e-02+0.18690713j],
          [-4.32099984e-04-0.00145507j, -2.21650333e-02+0.00475873j,
            5.56732257e-02+0.18690713j,  8.49807622e-01-0.48915947j]],
         input_dims=(2, 2), output_dims=(2, 2))"
"Operator([[ 8.49807622e-01-0.48915947j,  1.47160762e-01-0.12797458j,
            1.10027191e-02-0.01982106j,  4.99423593e-06-0.00151786j],
          [-1.93200989e-01-0.02659248j,  9.52785453e-01-0.05202104j,
            1.99952269e-01-0.1047142j ,  1.10027191e-02-0.01982106j],
          [ 1.81690459e-02+0.01355802j, -2.10426580e-01-0.08164943j,
            9.52785453e-01-0.05202104j,  1.47160762e-01-0.12797458j],
          [-8.32623273e-04-0.00126912j,  1.81690459e-02+0.01355802j,
           -1.93200989e-01-0.02659248j,  8.49807622e-01-0.48915947j]],
         input_dims=(2, 2), output_dims=(2, 2))"
"Operator([[ 8.49807622e-01-0.48915947j,  5.56732257e-02+0.18690713j,
           -2.21650333e-02+0.00475873j, -4.32099984e-04-0.00145507j],
          [ 5.56732257e-02+0.18690713j,  9.52785453e-01-0.05202104j,
            1.26658519e-02+0.2253565j , -2.21650333e-02+0.00475873j],
          [-2.21650333e-02+0.00475873j,  1.26658519e-02+0.2253565j ,
            9.52785453e-01-0.05202104j,  5.56732257e-02+0.18690713j],
          [-4.32099984e-04-0.00145507j, -2.21650333e-02+0.00475873j,
            5.56732257e-02+0.18690713j,  8.49807622e-01-0.48915947j]],
         input_dims=(2, 2), output_dims=(2, 2))"
