unitary
"Operator([[ 8.60421815e-01-0.47311191j,  5.17573063e-02+0.18087494j,
           -2.06130761e-02+0.00425699j, -3.72237781e-04-0.0013045j ],
          [ 5.17573063e-02+0.18087494j,  9.56148263e-01-0.05048357j,
            1.17880916e-02+0.21738299j, -2.06130761e-02+0.00425699j],
          [-2.06130761e-02+0.00425699j,  1.17880916e-02+0.21738299j,
            9.56148263e-01-0.05048357j,  5.17573063e-02+0.18087494j],
          [-3.72237781e-04-0.0013045j , -2.06130761e-02+0.00425699j,
            5.17573063e-02+0.18087494j,  8.60421815e-01-0.47311191j]],
         input_dims=(2, 2), output_dims=(2, 2))"
"Operator([[ 8.60421815e-01-0.47311191j,  9.17023201e-02+0.16427187j,
           -1.65690585e-02+0.01298026j, -1.11846968e-03-0.00076767j],
          [ 9.07594880e-03+0.18791538j,  9.56148263e-01-0.05048357j,
            6.11283760e-02+0.20894412j, -1.65690585e-02+0.01298026j],
          [-2.03555597e-02-0.00535463j, -3.81754144e-02+0.21432909j,
            9.56148263e-01-0.05048357j,  9.17023201e-02+0.16427187j],
          [ 5.44924150e-04-0.00124232j, -2.03555597e-02-0.00535463j,
            9.07594880e-03+0.18791538j,  8.60421815e-01-0.47311191j]],
         input_dims=(2, 2), output_dims=(2, 2))"
"Operator([[ 8.60421815e-01-0.47311191j,  5.17573063e-02+0.18087494j,
           -2.06130761e-02+0.00425699j, -3.72237781e-04-0.0013045j ],
          [ 5.17573063e-02+0.18087494j,  9.56148263e-01-0.05048357j,
            1.17880916e-02+0.21738299j, -2.06130761e-02+0.00425699j],
          [-2.06130761e-02+0.00425699j,  1.17880916e-02+0.21738299j,
            9.56148263e-01-0.05048357j,  5.17573063e-02+0.18087494j],
          [-3.72237781e-04-0.0013045j , -2.06130761e-02+0.00425699j,
            5.17573063e-02+0.18087494j,  8.60421815e-01-0.47311191j]],
         input_dims=(2, 2), output_dims=(2, 2))"
"Operator([[ 8.60421815e-01-0.47311191j,  5.17573063e-02+0.18087494j,
           -2.06130761e-02+0.00425699j, -3.72237781e-04-0.0013045j ],
          [ 5.17573063e-02+0.18087494j,  9.56148263e-01-0.05048357j,
            1.17880916e-02+0.21738299j, -2.06130761e-02+0.00425699j],
          [-2.06130761e-02+0.00425699j,  1.17880916e-02+0.21738299j,
            9.56148263e-01-0.05048357j,  5.17573063e-02+0.18087494j],
          [-3.72237781e-04-0.0013045j , -2.06130761e-02+0.00425699j,
            5.17573063e-02+0.18087494j,  8.60421815e-01-0.47311191j]],
         input_dims=(2, 2), output_dims=(2, 2))"
"Operator([[ 8.60421815e-01-0.47311191j,  1.85959341e-01+0.02852521j,
            1.66514518e-02+0.01287439j,  7.16019225e-04+0.00115222j],
          [-1.42721459e-01+0.12257712j,  9.56148263e-01-0.05048357j,
            2.02434956e-01+0.08009002j,  1.66514518e-02+0.01287439j],
          [ 1.01890900e-02-0.01841747j, -1.92587223e-01+0.10151101j,
            9.56148263e-01-0.05048357j,  1.85959341e-01+0.02852521j],
          [-1.40070802e-07+0.00135657j,  1.01890900e-02-0.01841747j,
           -1.42721459e-01+0.12257712j,  8.60421815e-01-0.47311191j]],
         input_dims=(2, 2), output_dims=(2, 2))"
"Operator([[ 0.86042181-4.73111906e-01j,  0.14013202+1.25529202e-01j,
           -0.00508335+2.04249943e-02j, -0.00125368+5.18249965e-04j],
          [-0.0525173 +1.80655743e-01j,  0.95614826-5.04835675e-02j,
            0.1257444 +1.77715136e-01j, -0.00508335+2.04249943e-02j],
          [-0.01275868-1.67402766e-02j, -0.10578953+1.90270594e-01j,
            0.95614826-5.04835675e-02j,  0.14013202+1.25529202e-01j],
          [ 0.00133839-2.21390739e-04j, -0.01275868-1.67402766e-02j,
           -0.0525173 +1.80655743e-01j,  0.86042181-4.73111906e-01j]],
         input_dims=(2, 2), output_dims=(2, 2))"
"Operator([[ 8.60421815e-01-0.47311191j,  1.47469460e-01-0.11682175j,
            1.16164253e-02-0.01755219j,  1.61166915e-04-0.00134697j],
          [-1.86944142e-01-0.02112941j,  9.56148263e-01-0.05048357j,
            1.96460730e-01-0.09379501j,  1.16164253e-02-0.01755219j],
          [ 1.76192422e-02+0.01151448j, -2.05451368e-01-0.07200041j,
            9.56148263e-01-0.05048357j,  1.47469460e-01-0.11682175j],
          [-8.47727437e-04-0.00105908j,  1.76192422e-02+0.01151448j,
           -1.86944142e-01-0.02112941j,  8.60421815e-01-0.47311191j]],
         input_dims=(2, 2), output_dims=(2, 2))"
"Operator([[ 0.86042181-4.73111906e-01j,  0.14764822+1.16595740e-01j,
           -0.00251538+2.08972187e-02j, -0.00113607+7.41375664e-04j],
          [-0.06362145+1.77050488e-01j,  0.95614826-5.04835675e-02j,
            0.13652516+1.69573593e-01j, -0.00251538+2.08972187e-02j],
          [-0.01058786-1.81911522e-02j, -0.11738747+1.83342589e-01j,
            0.95614826-5.04835675e-02j,  0.14764822+1.16595740e-01j],
          [ 0.00135624+3.02006352e-05j, -0.01058786-1.81911522e-02j,
           -0.06362145+1.77050488e-01j,  0.86042181-4.73111906e-01j]],
         input_dims=(2, 2), output_dims=(2, 2))"
"Operator([[ 8.60421815e-01-0.47311191j,  5.17573063e-02+0.18087494j,
           -2.06130761e-02+0.00425699j, -3.72237781e-04-0.0013045j ],
          [ 5.17573063e-02+0.18087494j,  9.56148263e-01-0.05048357j,
            1.17880916e-02+0.21738299j, -2.06130761e-02+0.00425699j],
          [-2.06130761e-02+0.00425699j,  1.17880916e-02+0.21738299j,
            9.56148263e-01-0.05048357j,  5.17573063e-02+0.18087494j],
          [-3.72237781e-04-0.0013045j , -2.06130761e-02+0.00425699j,
            5.17573063e-02+0.18087494j,  8.60421815e-01-0.47311191j]],
         input_dims=(2, 2), output_dims=(2, 2))"
