unitary
"Operator([[ 9.20523801e-01-0.36357189j,  2.95292899e-02+0.13941656j,
           -1.17829369e-02+0.00181407j, -1.18990440e-04-0.00056265j],
          [ 2.95292899e-02+0.13941656j,  9.75113011e-01-0.03950844j,
            6.76696943e-03+0.16461113j, -1.17829369e-02+0.00181407j],
          [-1.17829369e-02+0.00181407j,  6.76696943e-03+0.16461113j,
            9.75113011e-01-0.03950844j,  2.95292899e-02+0.13941656j],
          [-1.18990440e-04-0.00056265j, -1.17829369e-02+0.00181407j,
            2.95292899e-02+0.13941656j,  9.20523801e-01-0.36357189j]],
         input_dims=(2, 2), output_dims=(2, 2))"
"Operator([[ 9.20523801e-01-0.36357189j,  2.95292899e-02+0.13941656j,
           -1.17829369e-02+0.00181407j, -1.18990440e-04-0.00056265j],
          [ 2.95292899e-02+0.13941656j,  9.75113011e-01-0.03950844j,
            6.76696943e-03+0.16461113j, -1.17829369e-02+0.00181407j],
          [-1.17829369e-02+0.00181407j,  6.76696943e-03+0.16461113j,
            9.75113011e-01-0.03950844j,  2.95292899e-02+0.13941656j],
          [-1.18990440e-04-0.00056265j, -1.17829369e-02+0.00181407j,
            2.95292899e-02+0.13941656j,  9.20523801e-01-0.36357189j]],
         input_dims=(2, 2), output_dims=(2, 2))"
"Operator([[ 9.20523801e-01-0.36357189j,  2.95292899e-02+0.13941656j,
           -1.17829369e-02+0.00181407j, -1.18990440e-04-0.00056265j],
          [ 2.95292899e-02+0.13941656j,  9.75113011e-01-0.03950844j,
            6.76696943e-03+0.16461113j, -1.17829369e-02+0.00181407j],
          [-1.17829369e-02+0.00181407j,  6.76696943e-03+0.16461113j,
            9.75113011e-01-0.03950844j,  2.95292899e-02+0.13941656j],
          [-1.18990440e-04-0.00056265j, -1.17829369e-02+0.00181407j,
            2.95292899e-02+0.13941656j,  9.20523801e-01-0.36357189j]],
         input_dims=(2, 2), output_dims=(2, 2))"
"Operator([[ 9.20523801e-01-3.63571888e-01j,
            7.63487947e-02+1.20332109e-01j,
           -7.72299252e-03+9.08206056e-03j,
           -5.50689792e-04-1.65760946e-04j],
          [-2.10070578e-02+1.40952681e-01j,
            9.75113011e-01-3.95084415e-02j,
            6.38158167e-02+1.51888631e-01j,
           -7.72299252e-03+9.08206056e-03j],
          [-1.00971014e-02-6.33853148e-03j,
           -5.11336343e-02+1.56614068e-01j,
            9.75113011e-01-3.95084415e-02j,
            7.63487947e-02+1.20332109e-01j],
          [ 4.36430699e-04-3.74518602e-04j,
           -1.00971014e-02-6.33853148e-03j,
           -2.10070578e-02+1.40952681e-01j,
            9.20523801e-01-3.63571888e-01j]],
         input_dims=(2, 2), output_dims=(2, 2))"
"Operator([[ 9.20523801e-01-3.63571888e-01j,
            9.64183525e-02+1.04940251e-01j,
           -4.07986858e-03+1.12019244e-02j,
           -5.58509782e-04+1.37123163e-04j],
          [-4.55934484e-02+1.35019230e-01j,
            9.75113011e-01-3.95084415e-02j,
            8.96612345e-02+1.38215331e-01j,
           -4.07986858e-03+1.12019244e-02j],
          [-7.26030546e-03-9.45602465e-03j,
           -7.80141352e-02+1.45108268e-01j,
            9.75113011e-01-3.95084415e-02j,
            9.64183525e-02+1.04940251e-01j],
          [ 5.66205572e-04-1.00733252e-04j,
           -7.26030546e-03-9.45602465e-03j,
           -4.55934484e-02+1.35019230e-01j,
            9.20523801e-01-3.63571888e-01j]],
         input_dims=(2, 2), output_dims=(2, 2))"
"Operator([[ 9.20523801e-01-3.63571888e-01j,
            1.08036907e-01+9.29353626e-02j,
           -1.36422052e-03+1.18434514e-02j,
           -4.77021847e-04+3.21225926e-04j],
          [-6.10813749e-02+1.28755662e-01j,
            9.75113011e-01-3.95084415e-02j,
            1.05220385e-01+1.26772573e-01j,
           -1.36422052e-03+1.18434514e-02j],
          [-4.86337490e-03-1.08846691e-02j,
           -9.44599957e-02+1.34981198e-01j,
            9.75113011e-01-3.95084415e-02j,
            1.08036907e-01+9.29353626e-02j],
          [ 5.66229690e-04+1.00597597e-04j,
           -4.86337490e-03-1.08846691e-02j,
           -6.10813749e-02+1.28755662e-01j,
            9.20523801e-01-3.63571888e-01j]],
         input_dims=(2, 2), output_dims=(2, 2))"
"Operator([[ 9.20523801e-01-3.63571888e-01j,
            1.13851328e-01+8.57136517e-02j,
            1.84281631e-04+1.19203388e-02j,
           -4.05652420e-04+4.07654330e-04j],
          [-6.93243604e-02+1.24511397e-01j,
            9.75113011e-01-3.95084415e-02j,
            1.13241009e-01+1.19662394e-01j,
            1.84281631e-04+1.19203388e-02j],
          [-3.40970723e-03-1.14237618e-02j,
           -1.03037153e-01+1.28553335e-01j,
            9.75113011e-01-3.95084415e-02j,
            1.13851328e-01+8.57136517e-02j],
          [ 5.35961930e-04+2.08520378e-04j,
           -3.40970723e-03-1.14237618e-02j,
           -6.93243604e-02+1.24511397e-01j,
            9.20523801e-01-3.63571888e-01j]],
         input_dims=(2, 2), output_dims=(2, 2))"
"Operator([[ 9.20523801e-01-3.63571888e-01j,
            1.16881081e-01+8.15338450e-02j,
            1.04671440e-03+1.18757243e-02j,
           -3.59042224e-04+4.49248950e-04j],
          [-7.37885395e-02+1.21918851e-01j,
            9.75113011e-01-3.95084415e-02j,
            1.17500748e-01+1.15482418e-01j,
            1.04671440e-03+1.18757243e-02j],
          [-2.57379255e-03-1.16406198e-02j,
           -1.07625607e-01+1.24737098e-01j,
            9.75113011e-01-3.95084415e-02j,
            1.16881081e-01+8.15338450e-02j],
          [ 5.10182305e-04+2.65424101e-04j,
           -2.57379255e-03-1.16406198e-02j,
           -7.37885395e-02+1.21918851e-01j,
            9.20523801e-01-3.63571888e-01j]],
         input_dims=(2, 2), output_dims=(2, 2))"
"Operator([[ 9.20523801e-01-0.36357189j,  1.32651802e-01+0.05208123j,
            6.31106165e-03+0.01011429j,  1.76344743e-05+0.00057483j],
          [-1.00145814e-01+0.1013892j ,  9.75113011e-01-0.03950844j,
            1.41158299e-01+0.08495263j,  6.31106165e-03+0.01011429j],
          [ 2.97658501e-03-0.01154419j, -1.33709185e-01+0.09625211j,
            9.75113011e-01-0.03950844j,  1.32651802e-01+0.05208123j],
          [ 2.16597107e-04+0.00053275j,  2.97658501e-03-0.01154419j,
           -1.00145814e-01+0.1013892j ,  9.20523801e-01-0.36357189j]],
         input_dims=(2, 2), output_dims=(2, 2))"
"Operator([[ 9.20523801e-01-3.63571888e-01j,
            4.26857242e-02-1.35966481e-01j,
           -7.65933864e-03-9.13580698e-03j,
           -5.58552044e-04+1.36950912e-04j],
          [-9.41443572e-02-1.06985022e-01j,
            9.75113011e-01-3.95084415e-02j,
            7.48824568e-02-1.46748875e-01j,
           -7.65933864e-03-9.13580698e-03j],
          [-4.55673992e-03+1.10165584e-02j,
           -8.66747823e-02-1.40107447e-01j,
            9.75113011e-01-3.95084415e-02j,
            4.26857242e-02-1.35966481e-01j],
          [ 5.66174479e-04-1.00907865e-04j,
           -4.55673992e-03+1.10165584e-02j,
           -9.41443572e-02-1.06985022e-01j,
            9.20523801e-01-3.63571888e-01j]],
         input_dims=(2, 2), output_dims=(2, 2))"
"Operator([[ 9.20523801e-01-3.63571888e-01j,
            2.52057589e-02-1.40262699e-01j,
           -9.70080447e-03-6.92985066e-03j,
           -4.68184193e-04+3.33975298e-04j],
          [-7.99072117e-02-1.17999120e-01j,
            9.75113011e-01-3.95084415e-02j,
            5.57864687e-02-1.55017691e-01j,
           -9.70080447e-03-6.92985066e-03j],
          [-7.16718756e-03+9.52679694e-03j,
           -6.83219229e-02-1.49915742e-01j,
            9.75113011e-01-3.95084415e-02j,
            2.52057589e-02-1.40262699e-01j],
          [ 5.63310370e-04+1.15833349e-04j,
           -7.16718756e-03+9.52679694e-03j,
           -7.99072117e-02-1.17999120e-01j,
            9.20523801e-01-3.63571888e-01j]],
         input_dims=(2, 2), output_dims=(2, 2))"
"Operator([[ 9.20523801e-01-3.63571888e-01j,
            4.74967885e-02-1.34361490e-01j,
           -6.99019567e-03-9.65741177e-03j,
           -5.69965970e-04+7.66467978e-05j],
          [-9.78915865e-02-1.03567332e-01j,
            9.75113011e-01-3.95084415e-02j,
            8.00568017e-02-1.43991400e-01j,
           -6.99019567e-03-9.65741177e-03j],
          [-3.76169284e-03+1.13127408e-02j,
           -9.16053374e-02-1.36934572e-01j,
            9.75113011e-01-3.95084415e-02j,
            4.74967885e-02-1.34361490e-01j],
          [ 5.52196672e-04-1.60669766e-04j,
           -3.76169284e-03+1.13127408e-02j,
           -9.78915865e-02-1.03567332e-01j,
            9.20523801e-01-3.63571888e-01j]],
         input_dims=(2, 2), output_dims=(2, 2))"
