unitary
"Operator([[ 0.5190507 -0.78013744j, -0.24515605+0.23698258j,
            0.04979893-0.05604152j, -0.00329053+0.00884808j],
          [ 0.32402172-0.10617041j,  0.84563433-0.07266066j,
           -0.37663267+0.12604769j,  0.04979893-0.05604152j],
          [ 0.07483877+0.00444341j,  0.3938726 +0.05103489j,
            0.84563433-0.07266066j, -0.24515605+0.23698258j],
          [ 0.00934688+0.00132356j,  0.07483877+0.00444341j,
            0.32402172-0.10617041j,  0.5190507 -0.78013744j]],
         input_dims=(2, 2), output_dims=(2, 2))"
"Operator([[ 0.5190507 -7.80137444e-01j, -0.06055194+3.35552821e-01j,
           -0.03732599-6.50181198e-02j,  0.00942565+5.22633796e-04j],
          [ 0.32501197+1.03099249e-01j,  0.84563433-7.26606562e-02j,
           -0.23206677+3.22312270e-01j, -0.03732599-6.50181198e-02j],
          [ 0.01955302+7.23758565e-02j,  0.2898774 +2.71498216e-01j,
            0.84563433-7.26606562e-02j, -0.06055194+3.35552821e-01j],
          [-0.0040322 +8.53565393e-03j,  0.01955302+7.23758565e-02j,
            0.32501197+1.03099249e-01j,  0.5190507 -7.80137444e-01j]],
         input_dims=(2, 2), output_dims=(2, 2))"
"Operator([[ 0.5190507 -0.78013744j,  0.17604954+0.2920082j ,
           -0.06926937+0.02867646j, -0.00482954-0.0081112j ],
          [ 0.17604954+0.2920082j ,  0.84563433-0.07266066j,
            0.03848421+0.39529628j, -0.06926937+0.02867646j],
          [-0.06926937+0.02867646j,  0.03848421+0.39529628j,
            0.84563433-0.07266066j,  0.17604954+0.2920082j ],
          [-0.00482954-0.0081112j , -0.06926937+0.02867646j,
            0.17604954+0.2920082j ,  0.5190507 -0.78013744j]],
         input_dims=(2, 2), output_dims=(2, 2))"
"Operator([[ 0.5190507 -0.78013744j,  0.17604954+0.2920082j ,
           -0.06926937+0.02867646j, -0.00482954-0.0081112j ],
          [ 0.17604954+0.2920082j ,  0.84563433-0.07266066j,
            0.03848421+0.39529628j, -0.06926937+0.02867646j],
          [-0.06926937+0.02867646j,  0.03848421+0.39529628j,
            0.84563433-0.07266066j,  0.17604954+0.2920082j ],
          [-0.00482954-0.0081112j , -0.06926937+0.02867646j,
            0.17604954+0.2920082j ,  0.5190507 -0.78013744j]],
         input_dims=(2, 2), output_dims=(2, 2))"
"Operator([[ 0.5190507 -0.78013744j, -0.31689795-0.12584882j,
            0.0091355 +0.07441188j,  0.00574212-0.00749294j],
          [ 0.03664558-0.33899754j,  0.84563433-0.07266066j,
           -0.26993023-0.29133804j,  0.0091355 +0.07441188j],
          [-0.0461343 -0.05909494j,  0.20866742-0.33793208j,
            0.84563433-0.07266066j, -0.31689795-0.12584882j],
          [-0.00932378+0.00147753j, -0.0461343 -0.05909494j,
            0.03664558-0.33899754j,  0.5190507 -0.78013744j]],
         input_dims=(2, 2), output_dims=(2, 2))"
"Operator([[ 0.5190507 -0.78013744j, -0.18509583+0.2863595j ,
            0.01995607-0.07226576j,  0.00305485+0.00893219j],
          [ 0.33964967-0.0300056j ,  0.84563433-0.07266066j,
           -0.33828565+0.20809374j,  0.01995607-0.07226576j],
          [ 0.06519623+0.03701401j,  0.37207092+0.13893673j,
            0.84563433-0.07266066j, -0.18509583+0.2863595j ],
          [ 0.00639702+0.00694221j,  0.06519623+0.03701401j,
            0.33964967-0.0300056j ,  0.5190507 -0.78013744j]],
         input_dims=(2, 2), output_dims=(2, 2))"
"Operator([[ 0.5190507 -0.78013744j,  0.17604954+0.2920082j ,
           -0.06926937+0.02867646j, -0.00482954-0.0081112j ],
          [ 0.17604954+0.2920082j ,  0.84563433-0.07266066j,
            0.03848421+0.39529628j, -0.06926937+0.02867646j],
          [-0.06926937+0.02867646j,  0.03848421+0.39529628j,
            0.84563433-0.07266066j,  0.17604954+0.2920082j ],
          [-0.00482954-0.0081112j , -0.06926937+0.02867646j,
            0.17604954+0.2920082j ,  0.5190507 -0.78013744j]],
         input_dims=(2, 2), output_dims=(2, 2))"
