unitary
"Operator([[-0.70824248+0.19306771j, -0.38447854+0.31634248j,
            0.09378879+0.40730422j,  0.10175443-0.16785147j],
          [-0.4954915 +0.04883121j,  0.18198795+0.20336148j,
           -0.19964219-0.68049843j,  0.09378879+0.40730422j],
          [-0.34098827+0.24170242j,  0.21287822-0.67647467j,
            0.18198795+0.20336148j, -0.38447854+0.31634248j],
          [ 0.14429801+0.13306452j, -0.34098827+0.24170242j,
           -0.4954915 +0.04883121j, -0.70824248+0.19306771j]],
         input_dims=(2, 2), output_dims=(2, 2))"
"Operator([[-0.70824248+0.19306771j, -0.03796899-0.49644201j,
            0.35124452-0.22653995j,  0.14225108-0.13525055j],
          [ 0.32468611+0.37745893j,  0.18198795+0.20336148j,
            0.67165075+0.22764093j,  0.35124452-0.22653995j],
          [-0.11153324-0.4028069j , -0.67596339+0.21449618j,
            0.18198795+0.20336148j, -0.03796899-0.49644201j],
          [ 0.17416985+0.09051487j, -0.11153324-0.4028069j ,
            0.32468611+0.37745893j, -0.70824248+0.19306771j]],
         input_dims=(2, 2), output_dims=(2, 2))"
"Operator([[-0.70824248+0.19306771j,  0.06661005-0.49341607j,
            0.41315748-0.06319774j,  0.19466446-0.02517596j],
          [ 0.39639486+0.30127633j,  0.18198795+0.20336148j,
            0.60925248+0.36296905j,  0.41315748-0.06319774j],
          [-0.26642364-0.32204271j, -0.61621676+0.35101572j,
            0.18198795+0.20336148j,  0.06661005-0.49341607j],
          [ 0.19401417-0.02977552j, -0.26642364-0.32204271j,
            0.39639486+0.30127633j, -0.70824248+0.19306771j]],
         input_dims=(2, 2), output_dims=(2, 2))"
"Operator([[-0.70824248+0.19306771j,  0.45986671-0.19083743j,
           -0.14877125+0.39058953j, -0.19435292+0.02747767j],
          [ 0.45986671-0.19083743j,  0.18198795+0.20336148j,
           -0.00691707+0.70914545j, -0.14877125+0.39058953j],
          [-0.14877125+0.39058953j, -0.00691707+0.70914545j,
            0.18198795+0.20336148j,  0.45986671-0.19083743j],
          [-0.19435292+0.02747767j, -0.14877125+0.39058953j,
            0.45986671-0.19083743j, -0.70824248+0.19306771j]],
         input_dims=(2, 2), output_dims=(2, 2))"
"Operator([[-0.70824248+0.19306771j,  0.49667161+0.03483717j,
           -0.40167334+0.11554909j, -0.06194908-0.18625357j],
          [ 0.32607167-0.37626265j,  0.18198795+0.20336148j,
           -0.32315944+0.63127102j, -0.40167334+0.11554909j],
          [ 0.22302202+0.35348867j,  0.31078418+0.63745456j,
            0.18198795+0.20336148j,  0.49667161+0.03483717j],
          [-0.00788799+0.19612715j,  0.22302202+0.35348867j,
            0.32607167-0.37626265j, -0.70824248+0.19306771j]],
         input_dims=(2, 2), output_dims=(2, 2))"
"Operator([[-0.70824248+0.19306771j,  0.45986671-0.19083743j,
           -0.14877125+0.39058953j, -0.19435292+0.02747767j],
          [ 0.45986671-0.19083743j,  0.18198795+0.20336148j,
           -0.00691707+0.70914545j, -0.14877125+0.39058953j],
          [-0.14877125+0.39058953j, -0.00691707+0.70914545j,
            0.18198795+0.20336148j,  0.45986671-0.19083743j],
          [-0.19435292+0.02747767j, -0.14877125+0.39058953j,
            0.45986671-0.19083743j, -0.70824248+0.19306771j]],
         input_dims=(2, 2), output_dims=(2, 2))"
