unitary
"Operator([[ 7.51403505e-01-0.6097643j , -2.47729784e-01-0.02767097j,
            2.89059549e-02+0.02445518j, -1.52913495e-03-0.00293251j],
          [ 1.61529966e-01-0.18985204j,  9.21403351e-01-0.0627214j ,
           -2.64227588e-01-0.11703134j,  2.89059549e-02+0.02445518j],
          [ 1.18691728e-02-0.03595459j,  2.44826873e-01-0.15353291j,
            9.21403351e-01-0.0627214j , -2.47729784e-01-0.02767097j],
          [-8.82947397e-04-0.00318721j,  1.18691728e-02-0.03595459j,
            1.61529966e-01-0.18985204j,  7.51403505e-01-0.6097643j ]],
         input_dims=(2, 2), output_dims=(2, 2))"
"Operator([[ 0.75140351-0.6097643j , -0.19455836+0.1558293j ,
            0.02438852-0.02896222j, -0.00098143+0.00315827j],
          [ 0.24848751-0.0197405j ,  0.92140335-0.0627214j ,
           -0.2694707 +0.10439395j,  0.02438852-0.02896222j],
          [ 0.03592715+0.01195198j,  0.28160836+0.06487902j,
            0.92140335-0.0627214j , -0.19455836+0.1558293j ],
          [ 0.00287238+0.00163929j,  0.03592715+0.01195198j,
            0.24848751-0.0197405j ,  0.75140351-0.6097643j ]],
         input_dims=(2, 2), output_dims=(2, 2))"
"Operator([[ 0.75140351-6.09764296e-01j, -0.0027112 +2.49255647e-01j,
           -0.03320138-1.82010536e-02j,  0.00234713-2.32999328e-03j],
          [ 0.17271273+1.79738816e-01j,  0.92140335-6.27213955e-02j,
           -0.08996898+2.74623627e-01j, -0.03320138-1.82010536e-02j],
          [-0.01879935+3.28663141e-02j,  0.12823067+2.58977699e-01j,
            0.92140335-6.27213955e-02j, -0.0027112 +2.49255647e-01j],
          [-0.00330567-1.01945292e-04j, -0.01879935+3.28663141e-02j,
            0.17271273+1.79738816e-01j,  0.75140351-6.09764296e-01j]],
         input_dims=(2, 2), output_dims=(2, 2))"
"Operator([[ 0.75140351-0.6097643j ,  0.14454401+0.20308313j,
           -0.02751154+0.02601394j, -0.00294635-0.0015023j ],
          [ 0.03380181+0.24696795j,  0.92140335-0.0627214j ,
            0.08894276+0.2749577j , -0.02751154+0.02601394j],
          [-0.03704956-0.0078064j , -0.04880304+0.28483472j,
            0.92140335-0.0627214j ,  0.14454401+0.20308313j],
          [ 0.00112897-0.00310859j, -0.03704956-0.0078064j ,
            0.03380181+0.24696795j,  0.75140351-0.6097643j ]],
         input_dims=(2, 2), output_dims=(2, 2))"
"Operator([[ 0.75140351-0.6097643j ,  0.22222992+0.11291409j,
            0.00569119+0.03743288j, -0.00185633+0.00273714j],
          [-0.08456133+0.23448904j,  0.92140335-0.0627214j ,
            0.20629223+0.20237606j,  0.00569119+0.03743288j],
          [-0.01470551-0.03489066j, -0.17530761+0.22973854j,
            0.92140335-0.0627214j ,  0.22222992+0.11291409j],
          [ 0.00322466+0.00073447j, -0.01470551-0.03489066j,
           -0.08456133+0.23448904j,  0.75140351-0.6097643j ]],
         input_dims=(2, 2), output_dims=(2, 2))"
"Operator([[ 0.75140351-0.6097643j ,  0.09183288+0.23173789j,
           -0.03644157+0.01027726j, -0.00121275-0.00307687j],
          [ 0.09183288+0.23173789j,  0.92140335-0.0627214j ,
            0.02066853+0.28824532j, -0.03644157+0.01027726j],
          [-0.03644157+0.01027726j,  0.02066853+0.28824532j,
            0.92140335-0.0627214j ,  0.09183288+0.23173789j],
          [-0.00121275-0.00307687j, -0.03644157+0.01027726j,
            0.09183288+0.23173789j,  0.75140351-0.6097643j ]],
         input_dims=(2, 2), output_dims=(2, 2))"
"Operator([[ 0.75140351-6.09764296e-01j,  0.22019032-1.16841559e-01j,
            0.03330017-1.80196708e-02j,  0.00251424-2.14859408e-03j],
          [-0.24045556+6.57027622e-02j,  0.92140335-6.27213955e-02j,
            0.28420483-5.23466217e-02j,  0.03330017-1.80196708e-02j],
          [ 0.03780835-2.03437605e-03j, -0.28876586-1.12619609e-02j,
            0.92140335-6.27213955e-02j,  0.22019032-1.16841559e-01j],
          [-0.00330408+1.44693825e-04j,  0.03780835-2.03437605e-03j,
           -0.24045556+6.57027622e-02j,  0.75140351-6.09764296e-01j]],
         input_dims=(2, 2), output_dims=(2, 2))"
"Operator([[ 0.75140351-0.6097643j ,  0.09183288+0.23173789j,
           -0.03644157+0.01027726j, -0.00121275-0.00307687j],
          [ 0.09183288+0.23173789j,  0.92140335-0.0627214j ,
            0.02066853+0.28824532j, -0.03644157+0.01027726j],
          [-0.03644157+0.01027726j,  0.02066853+0.28824532j,
            0.92140335-0.0627214j ,  0.09183288+0.23173789j],
          [-0.00121275-0.00307687j, -0.03644157+0.01027726j,
            0.09183288+0.23173789j,  0.75140351-0.6097643j ]],
         input_dims=(2, 2), output_dims=(2, 2))"
"Operator([[ 0.75140351-0.6097643j ,  0.09183288+0.23173789j,
           -0.03644157+0.01027726j, -0.00121275-0.00307687j],
          [ 0.09183288+0.23173789j,  0.92140335-0.0627214j ,
            0.02066853+0.28824532j, -0.03644157+0.01027726j],
          [-0.03644157+0.01027726j,  0.02066853+0.28824532j,
            0.92140335-0.0627214j ,  0.09183288+0.23173789j],
          [-0.00121275-0.00307687j, -0.03644157+0.01027726j,
            0.09183288+0.23173789j,  0.75140351-0.6097643j ]],
         input_dims=(2, 2), output_dims=(2, 2))"
"Operator([[ 7.51403505e-01-0.6097643j ,  1.16973919e-01+0.22012004j,
           -3.32784810e-02+0.0180597j , -2.15312538e-03-0.00251036j],
          [ 6.55581851e-02+0.24049502j,  9.21403351e-01-0.0627214j ,
            5.25174801e-02+0.28417331j, -3.32784810e-02+0.0180597j ],
          [-3.78107689e-02+0.00198891j, -1.14355689e-02+0.28875904j,
            9.21403351e-01-0.0627214j ,  1.16973919e-01+0.22012004j],
          [-1.38734219e-04-0.00330433j, -3.78107689e-02+0.00198891j,
            6.55581851e-02+0.24049502j,  7.51403505e-01-0.6097643j ]],
         input_dims=(2, 2), output_dims=(2, 2))"
