unitary
"Operator([[ 0.14873993-0.87453732j,  0.30581933+0.31570441j,
           -0.11834605+0.07239479j, -0.01703118-0.01814716j],
          [ 0.30581933+0.31570441j,  0.71834518-0.06185492j,
            0.06279007+0.51358549j, -0.11834605+0.07239479j],
          [-0.11834605+0.07239479j,  0.06279007+0.51358549j,
            0.71834518-0.06185492j,  0.30581933+0.31570441j],
          [-0.01703118-0.01814716j, -0.11834605+0.07239479j,
            0.30581933+0.31570441j,  0.14873993-0.87453732j]],
         input_dims=(2, 2), output_dims=(2, 2))"
"Operator([[ 0.14873993-0.87453732j,  0.37881127-0.22292769j,
            0.13835483-0.01023394j,  0.0248665 -0.00101876j],
          [-0.23486156+0.37153033j,  0.71834518-0.06185492j,
            0.51393681+0.05984648j,  0.13835483-0.01023394j],
          [ 0.0721165 -0.11851584j, -0.48438141+0.18189913j,
            0.71834518-0.06185492j,  0.37881127-0.22292769j],
          [-0.00259284+0.02475193j,  0.0721165 -0.11851584j,
           -0.23486156+0.37153033j,  0.14873993-0.87453732j]],
         input_dims=(2, 2), output_dims=(2, 2))"
"Operator([[ 0.14873993-0.87453732j,  0.30581933+0.31570441j,
           -0.11834605+0.07239479j, -0.01703118-0.01814716j],
          [ 0.30581933+0.31570441j,  0.71834518-0.06185492j,
            0.06279007+0.51358549j, -0.11834605+0.07239479j],
          [-0.11834605+0.07239479j,  0.06279007+0.51358549j,
            0.71834518-0.06185492j,  0.30581933+0.31570441j],
          [-0.01703118-0.01814716j, -0.11834605+0.07239479j,
            0.30581933+0.31570441j,  0.14873993-0.87453732j]],
         input_dims=(2, 2), output_dims=(2, 2))"
"Operator([[ 0.14873993-0.87453732j,  0.39608899-0.19054724j,
            0.13813052+0.01291325j,  0.02434254+0.00517895j],
          [-0.20304694+0.38982904j,  0.71834518-0.06185492j,
            0.5071523 +0.10251433j,  0.13813052+0.01291325j],
          [ 0.05140658-0.12885712j, -0.46751739+0.22167576j,
            0.71834518-0.06185492j,  0.39608899-0.19054724j],
          [ 0.00362562+0.02462185j,  0.05140658-0.12885712j,
           -0.20304694+0.38982904j,  0.14873993-0.87453732j]],
         input_dims=(2, 2), output_dims=(2, 2))"
"Operator([[ 0.14873993-0.87453732j, -0.37707395+0.22585387j,
            0.13817978-0.012375j  , -0.02483613+0.00159601j],
          [ 0.23773101-0.36970083j,  0.71834518-0.06185492j,
           -0.51438476-0.05586565j,  0.13817978-0.012375j  ],
          [ 0.07394296-0.11738497j,  0.48577521-0.17814347j,
            0.71834518-0.06185492j, -0.37707395+0.22585387j],
          [ 0.003167  -0.02468503j,  0.07394296-0.11738497j,
            0.23773101-0.36970083j,  0.14873993-0.87453732j]],
         input_dims=(2, 2), output_dims=(2, 2))"
