unitary
"Operator([[-0.34591771-0.74033543j, -0.44006728+0.278277j  ,
            0.22821553+0.07245685j, -0.05262732-0.03232853j],
          [-0.03199458-0.51968611j,  0.52443395-0.00218088j,
           -0.5788013 -0.24803973j,  0.22821553+0.07245685j],
          [-0.06123371-0.23147949j,  0.49609211-0.38784955j,
            0.52443395-0.00218088j, -0.44006728+0.278277j  ],
          [-0.05457722-0.02891532j, -0.06123371-0.23147949j,
           -0.03199458-0.51968611j, -0.34591771-0.74033543j]],
         input_dims=(2, 2), output_dims=(2, 2))"
"Operator([[-0.34591771-0.74033543j,  0.03747341-0.51931979j,
            0.00201954-0.23943317j, -0.03898177-0.04790814j],
          [-0.39910473+0.33438409j,  0.52443395-0.00218088j,
            0.54330899-0.31835514j,  0.00201954-0.23943317j],
          [ 0.23924646+0.0096671j , -0.60666983-0.16877906j,
            0.52443395-0.00218088j,  0.03747341-0.51931979j],
          [-0.06106752-0.00924806j,  0.23924646+0.0096671j ,
           -0.39910473+0.33438409j, -0.34591771-0.74033543j]],
         input_dims=(2, 2), output_dims=(2, 2))"
"Operator([[-0.34591771-0.74033543j,  0.2320211 -0.46611534j,
            0.1697678 -0.16885264j,  0.02887533-0.05459839j],
          [-0.24208354+0.46096948j,  0.52443395-0.00218088j,
            0.62353167-0.0879938j ,  0.1697678 -0.16885264j],
          [ 0.17693606-0.16132561j, -0.62529469+0.07443923j,
            0.52443395-0.00218088j,  0.2320211 -0.46611534j],
          [-0.03236708+0.05260362j,  0.17693606-0.16132561j,
           -0.24208354+0.46096948j, -0.34591771-0.74033543j]],
         input_dims=(2, 2), output_dims=(2, 2))"
"Operator([[-0.34591771-0.74033543j,  0.46356971+0.23706628j,
           -0.17339278+0.16512803j, -0.05362943-0.03063744j],
          [ 0.46356971+0.23706628j,  0.52443395-0.00218088j,
            0.0812213 +0.62444996j, -0.17339278+0.16512803j],
          [-0.17339278+0.16512803j,  0.0812213 +0.62444996j,
            0.52443395-0.00218088j,  0.46356971+0.23706628j],
          [-0.05362943-0.03063744j, -0.17339278+0.16512803j,
            0.46356971+0.23706628j, -0.34591771-0.74033543j]],
         input_dims=(2, 2), output_dims=(2, 2))"
"Operator([[-0.34591771-0.74033543j,  0.46356971+0.23706628j,
           -0.17339278+0.16512803j, -0.05362943-0.03063744j],
          [ 0.46356971+0.23706628j,  0.52443395-0.00218088j,
            0.0812213 +0.62444996j, -0.17339278+0.16512803j],
          [-0.17339278+0.16512803j,  0.0812213 +0.62444996j,
            0.52443395-0.00218088j,  0.46356971+0.23706628j],
          [-0.05362943-0.03063744j, -0.17339278+0.16512803j,
            0.46356971+0.23706628j, -0.34591771-0.74033543j]],
         input_dims=(2, 2), output_dims=(2, 2))"
"Operator([[-0.34591771-0.74033543j,  0.46356971+0.23706628j,
           -0.17339278+0.16512803j, -0.05362943-0.03063744j],
          [ 0.46356971+0.23706628j,  0.52443395-0.00218088j,
            0.0812213 +0.62444996j, -0.17339278+0.16512803j],
          [-0.17339278+0.16512803j,  0.0812213 +0.62444996j,
            0.52443395-0.00218088j,  0.46356971+0.23706628j],
          [-0.05362943-0.03063744j, -0.17339278+0.16512803j,
            0.46356971+0.23706628j, -0.34591771-0.74033543j]],
         input_dims=(2, 2), output_dims=(2, 2))"
