unitary
"Operator([[ 0.73918452-0.62203735j, -0.1557601 -0.20204015j,
           -0.02709489+0.02911191j,  0.00331457+0.00131112j],
          [-0.02988651-0.25335396j,  0.91747958-0.06370022j,
           -0.09946268-0.27859937j, -0.02709489+0.02911191j],
          [-0.03845935-0.01012495j,  0.05773807-0.29013229j,
            0.91747958-0.06370022j, -0.1557601 -0.20204015j],
          [-0.00146618+0.00324896j, -0.03845935-0.01012495j,
           -0.02988651-0.25335396j,  0.73918452-0.62203735j]],
         input_dims=(2, 2), output_dims=(2, 2))"
"Operator([[ 0.73918452-0.62203735j, -0.25167782-0.04170978j,
            0.02711049+0.02909738j, -0.0010599 -0.00340324j],
          [ 0.15078625-0.20577886j,  0.91747958-0.06370022j,
           -0.26265209-0.13610405j,  0.02711049+0.02909738j],
          [ 0.00736312-0.03908223j,  0.23997642-0.17297904j,
            0.91747958-0.06370022j, -0.25167782-0.04170978j],
          [-0.00160886-0.00318072j,  0.00736312-0.03908223j,
            0.15078625-0.20577886j,  0.73918452-0.62203735j]],
         input_dims=(2, 2), output_dims=(2, 2))"
"Operator([[ 0.73918452-0.62203735j,  0.09630391+0.23623503j,
           -0.03819977+0.01106408j, -0.00133901-0.0033034j ],
          [ 0.09630391+0.23623503j,  0.91747958-0.06370022j,
            0.02164458+0.29502872j, -0.03819977+0.01106408j],
          [-0.03819977+0.01106408j,  0.02164458+0.29502872j,
            0.91747958-0.06370022j,  0.09630391+0.23623503j],
          [-0.00133901-0.0033034j , -0.03819977+0.01106408j,
            0.09630391+0.23623503j,  0.73918452-0.62203735j]],
         input_dims=(2, 2), output_dims=(2, 2))"
"Operator([[ 0.73918452-0.62203735j, -0.16161642+0.19738684j,
            0.01151103-0.03806747j,  0.0010777 +0.00339764j],
          [ 0.25355413+0.02813782j,  0.91747958-0.06370022j,
           -0.24891704+0.15984599j,  0.01151103-0.03806747j],
          [ 0.030074  +0.02602289j,  0.2695803 +0.12180679j,
            0.91747958-0.06370022j, -0.16161642+0.19738684j],
          [ 0.00159219+0.0031891j ,  0.030074  +0.02602289j,
            0.25355413+0.02813782j,  0.73918452-0.62203735j]],
         input_dims=(2, 2), output_dims=(2, 2))"
"Operator([[ 0.73918452-0.62203735j,  0.09630391+0.23623503j,
           -0.03819977+0.01106408j, -0.00133901-0.0033034j ],
          [ 0.09630391+0.23623503j,  0.91747958-0.06370022j,
            0.02164458+0.29502872j, -0.03819977+0.01106408j],
          [-0.03819977+0.01106408j,  0.02164458+0.29502872j,
            0.91747958-0.06370022j,  0.09630391+0.23623503j],
          [-0.00133901-0.0033034j , -0.03819977+0.01106408j,
            0.09630391+0.23623503j,  0.73918452-0.62203735j]],
         input_dims=(2, 2), output_dims=(2, 2))"
"Operator([[ 0.73918452-6.22037353e-01j,  0.22433961-1.21462634e-01j,
            0.03489737-1.90737921e-02j,  0.00269728-2.33026057e-03j],
          [-0.24531928+6.99991796e-02j,  0.91747958-6.37002210e-02j,
            0.29091569-5.36515797e-02j,  0.03489737-1.90737921e-02j],
          [ 0.03968928-2.52929285e-03j, -0.29563093-1.06199931e-02j,
            0.91747958-6.37002210e-02j,  0.22433961-1.21462634e-01j],
          [-0.00355854+2.05489474e-04j,  0.03968928-2.52929285e-03j,
           -0.24531928+6.99991796e-02j,  0.73918452-6.22037353e-01j]],
         input_dims=(2, 2), output_dims=(2, 2))"
"Operator([[ 0.73918452-0.62203735j,  0.09630391+0.23623503j,
           -0.03819977+0.01106408j, -0.00133901-0.0033034j ],
          [ 0.09630391+0.23623503j,  0.91747958-0.06370022j,
            0.02164458+0.29502872j, -0.03819977+0.01106408j],
          [-0.03819977+0.01106408j,  0.02164458+0.29502872j,
            0.91747958-0.06370022j,  0.09630391+0.23623503j],
          [-0.00133901-0.0033034j , -0.03819977+0.01106408j,
            0.09630391+0.23623503j,  0.73918452-0.62203735j]],
         input_dims=(2, 2), output_dims=(2, 2))"
"Operator([[ 0.73918452-6.22037353e-01j,  0.21542392+1.36652718e-01j,
           -0.00206899+3.97159361e-02j, -0.00279491+2.21221500e-03j],
          [-0.05848715+2.48315697e-01j,  0.91747958-6.37002210e-02j,
            0.18867674+2.27840995e-01j, -0.00206899+3.97159361e-02j],
          [-0.02297453-3.24623951e-02j, -0.15340475+2.52937567e-01j,
            0.91747958-6.37002210e-02j,  0.21542392+1.36652718e-01j],
          [ 0.00354642-3.58198980e-04j, -0.02297453-3.24623951e-02j,
           -0.05848715+2.48315697e-01j,  0.73918452-6.22037353e-01j]],
         input_dims=(2, 2), output_dims=(2, 2))"
"Operator([[ 7.39184522e-01-0.62203735j, -1.19290102e-01+0.22550234j,
           -4.18324380e-03-0.03954917j,  2.80470333e-03+0.00219978j],
          [ 2.42947780e-01+0.07783192j,  9.17479581e-01-0.06370022j,
           -2.12299243e-01+0.2060084j , -4.18324380e-03-0.03954917j],
          [ 1.76009816e-02+0.03566289j,  2.40091657e-01+0.17281906j,
            9.17479581e-01-0.06370022j, -1.19290102e-01+0.22550234j],
          [-4.81444988e-04+0.0035318j ,  1.76009816e-02+0.03566289j,
            2.42947780e-01+0.07783192j,  7.39184522e-01-0.62203735j]],
         input_dims=(2, 2), output_dims=(2, 2))"
"Operator([[ 0.73918452-0.62203735j,  0.09630391+0.23623503j,
           -0.03819977+0.01106408j, -0.00133901-0.0033034j ],
          [ 0.09630391+0.23623503j,  0.91747958-0.06370022j,
            0.02164458+0.29502872j, -0.03819977+0.01106408j],
          [-0.03819977+0.01106408j,  0.02164458+0.29502872j,
            0.91747958-0.06370022j,  0.09630391+0.23623503j],
          [-0.00133901-0.0033034j , -0.03819977+0.01106408j,
            0.09630391+0.23623503j,  0.73918452-0.62203735j]],
         input_dims=(2, 2), output_dims=(2, 2))"
"Operator([[ 0.73918452-6.22037353e-01j, -0.22656243+1.17264223e-01j,
            0.03558338-1.77611661e-02j, -0.00282318+2.17601968e-03j],
          [ 0.24397331-7.45550504e-02j,  0.91747958-6.37002210e-02j,
           -0.29186428+4.82252349e-02j,  0.03558338-1.77611661e-02j],
          [ 0.03956758-4.00536394e-03j,  0.29577743+5.11330822e-03j,
            0.91747958-6.37002210e-02j, -0.22656243+1.17264223e-01j],
          [ 0.00354151-4.03863962e-04j,  0.03956758-4.00536394e-03j,
            0.24397331-7.45550504e-02j,  0.73918452-6.22037353e-01j]],
         input_dims=(2, 2), output_dims=(2, 2))"
"Operator([[ 7.39184522e-01-0.62203735j, -2.47130132e-01-0.06330979j,
            2.16935323e-02+0.03333207j, -1.50588392e-04-0.00356128j],
          [ 1.32433371e-01-0.21804319j,  9.17479581e-01-0.06370022j,
           -2.49903454e-01-0.15829938j,  2.16935323e-02+0.03333207j],
          [ 5.21489230e-04-0.03976637j,  2.24125031e-01-0.19307615j,
            9.17479581e-01-0.06370022j, -2.47130132e-01-0.06330979j],
          [-2.37157851e-03-0.00266102j,  5.21489230e-04-0.03976637j,
            1.32433371e-01-0.21804319j,  7.39184522e-01-0.62203735j]],
         input_dims=(2, 2), output_dims=(2, 2))"
"Operator([[ 0.73918452-6.22037353e-01j,  0.08069499-2.42011883e-01j,
           -0.01675399-3.60685483e-02j, -0.00351254-6.06219871e-04j],
          [-0.22689508-1.16619277e-01j,  0.91747958-6.37002210e-02j,
            0.17564178-2.38034444e-01j, -0.01675399-3.60685483e-02j],
          [ 0.00511593+3.94393659e-02j, -0.20850067-2.09852099e-01j,
            0.91747958-6.37002210e-02j,  0.08069499-2.42011883e-01j],
          [ 0.00209908-2.88084819e-03j,  0.00511593+3.94393659e-02j,
           -0.22689508-1.16619277e-01j,  0.73918452-6.22037353e-01j]],
         input_dims=(2, 2), output_dims=(2, 2))"
