unitary
"Operator([[ 0.7927205 -5.64359367e-01j, -0.22179355+5.38986090e-02j,
            0.03142226-1.30287325e-03j, -0.00249254+7.11608576e-05j],
          [ 0.20583627-9.86350273e-02j,  0.93462602-5.88990813e-02j,
           -0.26422415-1.02084006e-02j,  0.03142226-1.30287325e-03j],
          [ 0.02820273-1.39162329e-02j,  0.26061606-4.46976661e-02j,
            0.93462602-5.88990813e-02j, -0.22179355+5.38986090e-02j],
          [ 0.00197909-1.51690571e-03j,  0.02820273-1.39162329e-02j,
            0.20583627-9.86350273e-02j,  0.7927205 -5.64359367e-01j]],
         input_dims=(2, 2), output_dims=(2, 2))"
"Operator([[ 7.92720502e-01-0.56435937j, -1.07794177e-01+0.20119108j,
           -4.75358230e-03-0.03108793j,  2.07002718e-03+0.00139025j],
          [ 2.10788304e-01+0.08755414j,  9.34626018e-01-0.05889908j,
           -1.83857953e-01+0.19003911j, -4.75358230e-03-0.03108793j],
          [ 1.07274219e-02+0.02956312j,  2.07145878e-01+0.16434475j,
            9.34626018e-01-0.05889908j, -1.07794177e-01+0.20119108j],
          [-7.29463150e-04+0.00238447j,  1.07274219e-02+0.02956312j,
            2.10788304e-01+0.08755414j,  7.92720502e-01-0.56435937j]],
         input_dims=(2, 2), output_dims=(2, 2))"
"Operator([[ 7.92720502e-01-0.56435937j,  7.66830245e-02+0.21498175j,
           -3.04722668e-02+0.00777796j, -8.34503107e-04-0.00234977j],
          [ 7.66830245e-02+0.21498175j,  9.34626018e-01-0.05889908j,
            1.73387408e-02+0.26385219j, -3.04722668e-02+0.00777796j],
          [-3.04722668e-02+0.00777796j,  1.73387408e-02+0.26385219j,
            9.34626018e-01-0.05889908j,  7.66830245e-02+0.21498175j],
          [-8.34503107e-04-0.00234977j, -3.04722668e-02+0.00777796j,
            7.66830245e-02+0.21498175j,  7.92720502e-01-0.56435937j]],
         input_dims=(2, 2), output_dims=(2, 2))"
"Operator([[ 7.92720502e-01-0.56435937j,  7.66830245e-02+0.21498175j,
           -3.04722668e-02+0.00777796j, -8.34503107e-04-0.00234977j],
          [ 7.66830245e-02+0.21498175j,  9.34626018e-01-0.05889908j,
            1.73387408e-02+0.26385219j, -3.04722668e-02+0.00777796j],
          [-3.04722668e-02+0.00777796j,  1.73387408e-02+0.26385219j,
            9.34626018e-01-0.05889908j,  7.66830245e-02+0.21498175j],
          [-8.34503107e-04-0.00234977j, -3.04722668e-02+0.00777796j,
            7.66830245e-02+0.21498175j,  7.92720502e-01-0.56435937j]],
         input_dims=(2, 2), output_dims=(2, 2))"
"Operator([[ 0.7927205 -0.56435937j,  0.13237098+0.18594451j,
           -0.02186638+0.02260348j, -0.0022953 -0.00097438j],
          [ 0.01518937+0.22774266j,  0.93462602-0.05889908j,
            0.08859226+0.24913856j, -0.02186638+0.02260348j],
          [-0.03002457-0.00935846j, -0.0552275 +0.25858951j,
            0.93462602-0.05889908j,  0.13237098+0.18594451j],
          [ 0.00116658-0.00220384j, -0.03002457-0.00935846j,
            0.01518937+0.22774266j,  0.7927205 -0.56435937j]],
         input_dims=(2, 2), output_dims=(2, 2))"
"Operator([[ 0.7927205 -0.56435937j,  0.13934293+0.18077883j,
           -0.02008616+0.02419921j, -0.00239128-0.00070683j],
          [ 0.00652209+0.22815543j,  0.93462602-0.05889908j,
            0.09799779+0.24559121j, -0.02008616+0.02419921j],
          [-0.02922692-0.01161219j, -0.06501636+0.2563035j ,
            0.93462602-0.05889908j,  0.13934293+0.18077883j],
          [ 0.00140981-0.00205675j, -0.02922692-0.01161219j,
            0.00652209+0.22815543j,  0.7927205 -0.56435937j]],
         input_dims=(2, 2), output_dims=(2, 2))"
"Operator([[ 7.92720502e-01-0.56435937j,  7.66830245e-02+0.21498175j,
           -3.04722668e-02+0.00777796j, -8.34503107e-04-0.00234977j],
          [ 7.66830245e-02+0.21498175j,  9.34626018e-01-0.05889908j,
            1.73387408e-02+0.26385219j, -3.04722668e-02+0.00777796j],
          [-3.04722668e-02+0.00777796j,  1.73387408e-02+0.26385219j,
            9.34626018e-01-0.05889908j,  7.66830245e-02+0.21498175j],
          [-8.34503107e-04-0.00234977j, -3.04722668e-02+0.00777796j,
            7.66830245e-02+0.21498175j,  7.92720502e-01-0.56435937j]],
         input_dims=(2, 2), output_dims=(2, 2))"
"Operator([[ 0.7927205 -5.64359367e-01j,  0.21994474-6.10061263e-02j,
            0.03127342-3.32092802e-03j,  0.00247408-3.11063206e-04j],
          [-0.20890295+9.19619219e-02j,  0.93462602-5.88990813e-02j,
            0.26441579+1.70264592e-03j,  0.03127342-3.32092802e-03j],
          [ 0.0290393 -1.20737207e-02j, -0.26191914+3.62901359e-02j,
            0.93462602-5.88990813e-02j,  0.21994474-6.10061263e-02j],
          [-0.00211608+1.31909658e-03j,  0.0290393 -1.20737207e-02j,
           -0.20890295+9.19619219e-02j,  0.7927205 -5.64359367e-01j]],
         input_dims=(2, 2), output_dims=(2, 2))"
"Operator([[ 0.7927205 -5.64359367e-01j, -0.16006107-1.62720288e-01j,
           -0.01373086+2.82934496e-02j,  0.00248672-1.84480693e-04j],
          [ 0.02094781-2.27285341e-01j,  0.93462602-5.88990813e-02j,
           -0.12680564-2.32032200e-01j, -0.01373086+2.82934496e-02j],
          [-0.02561131-1.82514751e-02j,  0.09535084-2.46630955e-01j,
            0.93462602-5.88990813e-02j, -0.16006107-1.62720288e-01j],
          [-0.00204605+1.42529994e-03j, -0.02561131-1.82514751e-02j,
            0.02094781-2.27285341e-01j,  0.7927205 -5.64359367e-01j]],
         input_dims=(2, 2), output_dims=(2, 2))"
"Operator([[ 7.92720502e-01-0.56435937j,  7.66830245e-02+0.21498175j,
           -3.04722668e-02+0.00777796j, -8.34503107e-04-0.00234977j],
          [ 7.66830245e-02+0.21498175j,  9.34626018e-01-0.05889908j,
            1.73387408e-02+0.26385219j, -3.04722668e-02+0.00777796j],
          [-3.04722668e-02+0.00777796j,  1.73387408e-02+0.26385219j,
            9.34626018e-01-0.05889908j,  7.66830245e-02+0.21498175j],
          [-8.34503107e-04-0.00234977j, -3.04722668e-02+0.00777796j,
            7.66830245e-02+0.21498175j,  7.92720502e-01-0.56435937j]],
         input_dims=(2, 2), output_dims=(2, 2))"
"Operator([[ 0.7927205 -5.64359367e-01j, -0.18078656-1.39332899e-01j,
           -0.00556189+3.09535311e-02j,  0.00220587-1.16273340e-03j],
          [ 0.05179586-2.22294007e-01j,  0.93462602-5.88990813e-02j,
           -0.15730996-2.12537501e-01j, -0.00556189+3.09535311e-02j],
          [-0.01971657-2.45012788e-02j,  0.12814397-2.31295774e-01j,
            0.93462602-5.88990813e-02j, -0.18078656-1.39332899e-01j],
          [-0.00244513+4.89034371e-04j, -0.01971657-2.45012788e-02j,
            0.05179586-2.22294007e-01j,  0.7927205 -5.64359367e-01j]],
         input_dims=(2, 2), output_dims=(2, 2))"
