unitary
"Operator([[ 0.86042181-4.73111906e-01j, -0.03509716+1.84831689e-01j,
           -0.01569774-1.40214775e-02j,  0.0012217 -5.89686222e-04j],
          [ 0.12755777+1.38288033e-01j,  0.95614826-5.04835675e-02j,
           -0.08721343+1.99469646e-01j, -0.01569774-1.40214775e-02j],
          [-0.00885899+1.90929070e-02j,  0.10827199+1.88869000e-01j,
            0.95614826-5.04835675e-02j, -0.03509716+1.84831689e-01j],
          [-0.00134893+1.43838454e-04j, -0.00885899+1.90929070e-02j,
            0.12755777+1.38288033e-01j,  0.86042181-4.73111906e-01j]],
         input_dims=(2, 2), output_dims=(2, 2))"
"Operator([[ 8.60421815e-01-0.47311191j,  4.75178970e-02+0.18203465j,
           -2.07894134e-02+0.00328955j, -2.79969821e-04-0.00132737j],
          [ 5.59684677e-02+0.17961652j,  9.56148263e-01-0.05048357j,
            6.70675208e-03+0.21759904j, -2.07894134e-02+0.00328955j],
          [-2.03917444e-02+0.00521513j,  1.68629974e-02+0.21704829j,
            9.56148263e-01-0.05048357j,  4.75178970e-02+0.18203465j],
          [-4.62677980e-04-0.00127523j, -2.03917444e-02+0.00521513j,
            5.59684677e-02+0.17961652j,  8.60421815e-01-0.47311191j]],
         input_dims=(2, 2), output_dims=(2, 2))"
"Operator([[ 0.86042181-4.73111906e-01j,  0.11231453+1.50930480e-01j,
           -0.01265498+1.68188057e-02j, -0.00132685-2.82401793e-04j],
          [-0.01547362+1.87497017e-01j,  0.95614826-5.04835675e-02j,
            0.08781864+1.99203938e-01j, -0.01265498+1.68188057e-02j],
          [-0.01828231-1.04296697e-02j, -0.06576244+2.07532225e-01j,
            0.95614826-5.04835675e-02j,  0.11231453+1.50930480e-01j],
          [ 0.00097802-9.40092353e-04j, -0.01828231-1.04296697e-02j,
           -0.01547362+1.87497017e-01j,  0.86042181-4.73111906e-01j]],
         input_dims=(2, 2), output_dims=(2, 2))"
"Operator([[ 8.60421815e-01-0.47311191j,  5.17573063e-02+0.18087494j,
           -2.06130761e-02+0.00425699j, -3.72237781e-04-0.0013045j ],
          [ 5.17573063e-02+0.18087494j,  9.56148263e-01-0.05048357j,
            1.17880916e-02+0.21738299j, -2.06130761e-02+0.00425699j],
          [-2.06130761e-02+0.00425699j,  1.17880916e-02+0.21738299j,
            9.56148263e-01-0.05048357j,  5.17573063e-02+0.18087494j],
          [-3.72237781e-04-0.0013045j , -2.06130761e-02+0.00425699j,
            5.17573063e-02+0.18087494j,  8.60421815e-01-0.47311191j]],
         input_dims=(2, 2), output_dims=(2, 2))"
"Operator([[ 8.60421815e-01-0.47311191j,  1.73212904e-01+0.07342925j,
            8.48884443e-03+0.01926033j, -2.56504034e-04+0.0013321j ],
          [-1.08150869e-01+0.1539414j ,  9.56148263e-01-0.05048357j,
            1.76486478e-01+0.12746312j,  8.48884443e-03+0.01926033j],
          [ 1.64532420e-04-0.02104742j, -1.61668141e-01+0.14580033j,
            9.56148263e-01-0.05048357j,  1.73212904e-01+0.07342925j],
          [ 9.20864396e-04+0.00099614j,  1.64532420e-04-0.02104742j,
           -1.08150869e-01+0.1539414j ,  8.60421815e-01-0.47311191j]],
         input_dims=(2, 2), output_dims=(2, 2))"
"Operator([[ 8.60421815e-01-0.47311191j,  1.87491293e-01+0.01554282j,
            1.82746055e-02+0.01044316j,  9.39008776e-04+0.00097906j],
          [-1.50889012e-01+0.11237024j,  9.56148263e-01-0.05048357j,
            2.07507937e-01+0.06583904j,  1.82746055e-02+0.01044316j],
          [ 1.26425653e-02-0.01682814j, -1.99171509e-01+0.08789217j,
            9.56148263e-01-0.05048357j,  1.87491293e-01+0.01554282j],
          [-2.80932337e-04+0.00132716j,  1.26425653e-02-0.01682814j,
           -1.50889012e-01+0.11237024j,  8.60421815e-01-0.47311191j]],
         input_dims=(2, 2), output_dims=(2, 2))"
"Operator([[ 8.60421815e-01-0.47311191j,  5.17573063e-02+0.18087494j,
           -2.06130761e-02+0.00425699j, -3.72237781e-04-0.0013045j ],
          [ 5.17573063e-02+0.18087494j,  9.56148263e-01-0.05048357j,
            1.17880916e-02+0.21738299j, -2.06130761e-02+0.00425699j],
          [-2.06130761e-02+0.00425699j,  1.17880916e-02+0.21738299j,
            9.56148263e-01-0.05048357j,  5.17573063e-02+0.18087494j],
          [-3.72237781e-04-0.0013045j , -2.06130761e-02+0.00425699j,
            5.17573063e-02+0.18087494j,  8.60421815e-01-0.47311191j]],
         input_dims=(2, 2), output_dims=(2, 2))"
"Operator([[ 0.86042181-4.73111906e-01j,  0.0701005 -1.74586611e-01j,
           -0.00921978-1.89213265e-02j, -0.00134463-1.79629238e-04j],
          [-0.15184319-1.11077498e-01j,  0.95614826-5.04835675e-02j,
            0.12406181-1.78893795e-01j, -0.00921978-1.89213265e-02j],
          [-0.00096996+2.10256996e-02j, -0.14267929-1.64429146e-01j,
            0.95614826-5.04835675e-02j,  0.0701005 -1.74586611e-01j],
          [ 0.00104735-8.62175972e-04j, -0.00096996+2.10256996e-02j,
           -0.15184319-1.11077498e-01j,  0.86042181-4.73111906e-01j]],
         input_dims=(2, 2), output_dims=(2, 2))"
"Operator([[ 0.86042181-4.73111906e-01j,  0.05641185-1.79477764e-01j,
           -0.01202287-1.72763236e-02j, -0.00134992+1.34147977e-04j],
          [-0.14281392-1.22469375e-01j,  0.95614826-5.04835675e-02j,
            0.10987954-1.87938311e-01j, -0.01202287-1.72763236e-02j],
          [-0.00419539+2.06257017e-02j, -0.12955823-1.74954248e-01j,
            0.95614826-5.04835675e-02j,  0.05641185-1.79477764e-01j],
          [ 0.00121744-5.98444192e-04j, -0.00419539+2.06257017e-02j,
           -0.14281392-1.22469375e-01j,  0.86042181-4.73111906e-01j]],
         input_dims=(2, 2), output_dims=(2, 2))"
