unitary
"Operator([[ 9.79896396e-01-1.86061205e-01j,
            2.59924585e-03-7.18924066e-02j,
           -2.93795671e-03-6.08782740e-04j,
           -2.25059273e-05+6.86289688e-05j],
          [-1.74192595e-02-6.97985932e-02j,
            9.93724598e-01-2.05613108e-02j,
            9.91361905e-03-8.24990909e-02j,
           -2.93795671e-03-6.08782740e-04j],
          [-2.81109403e-03+1.04878807e-03j,
           -1.33296050e-02-8.20164708e-02j,
            9.93724598e-01-2.05613108e-02j,
            2.59924585e-03-7.18924066e-02j],
          [ 3.62149868e-05+6.24894140e-05j,
           -2.81109403e-03+1.04878807e-03j,
           -1.74192595e-02-6.97985932e-02j,
            9.79896396e-01-1.86061205e-01j]],
         input_dims=(2, 2), output_dims=(2, 2))"
"Operator([[ 9.79896396e-01-1.86061205e-01j,
           -8.97843319e-03-7.13769007e-02j,
           -2.97942549e-03+3.53878217e-04j,
            1.20003872e-05+7.12210842e-05j],
          [-5.98548548e-03-7.16899447e-02j,
            9.93724598e-01-2.05613108e-02j,
           -3.46211404e-03-8.30204409e-02j,
           -2.97942549e-03+3.53878217e-04j],
          [-2.99857678e-03+1.03649985e-04j,
            1.29582894e-05-8.30925970e-02j,
            9.93724598e-01-2.05613108e-02j,
           -8.97843319e-03-7.13769007e-02j],
          [ 2.99111546e-06+7.21630470e-05j,
           -2.99857678e-03+1.03649985e-04j,
           -5.98548548e-03-7.16899447e-02j,
            9.79896396e-01-1.86061205e-01j]],
         input_dims=(2, 2), output_dims=(2, 2))"
"Operator([[ 9.79896396e-01-1.86061205e-01j,
           -1.98717087e-02-6.91403602e-02j,
           -2.73011103e-03+1.24446767e-03j,
            4.26171748e-05+5.83114786e-05j],
          [ 5.13482101e-03-7.17558905e-02j,
            9.93724598e-01-2.05613108e-02j,
           -1.62157896e-02-8.14949570e-02j,
           -2.73011103e-03+1.24446767e-03j],
          [-2.88769529e-03-8.14507172e-04j,
            1.28189641e-02-8.20978319e-02j,
            9.93724598e-01-2.05613108e-02j,
           -1.98717087e-02-6.91403602e-02j],
          [-2.96338546e-05+6.58656723e-05j,
           -2.88769529e-03-8.14507172e-04j,
            5.13482101e-03-7.17558905e-02j,
            9.79896396e-01-1.86061205e-01j]],
         input_dims=(2, 2), output_dims=(2, 2))"
"Operator([[ 9.79896396e-01-1.86061205e-01j,
           -2.96821464e-02-6.55304845e-02j,
           -2.25852393e-03+1.97516472e-03j,
            6.32671501e-05+3.48384822e-05j],
          [ 1.54799016e-02-7.02541590e-02j,
            9.93724598e-01-2.05613108e-02j,
           -2.78553265e-02-7.82844853e-02j,
           -2.25852393e-03+1.97516472e-03j],
          [-2.53279769e-03-1.60845948e-03j,
            2.45817352e-02-7.93732836e-02j,
            9.93724598e-01-2.05613108e-02j,
           -2.96821464e-02-6.55304845e-02j],
          [-5.46925856e-05+4.71717416e-05j,
           -2.53279769e-03-1.60845948e-03j,
            1.54799016e-02-7.02541590e-02j,
            9.79896396e-01-1.86061205e-01j]],
         input_dims=(2, 2), output_dims=(2, 2))"
"Operator([[ 9.79896396e-01-1.86061205e-01j,
            7.48359637e-03+7.15490740e-02j,
           -2.99161851e-03+2.28964423e-04j,
           -7.51053336e-06-7.18334464e-05j],
          [ 7.48359637e-03+7.15490740e-02j,
            9.93724598e-01-2.05613108e-02j,
            1.72495521e-03+8.30746916e-02j,
           -2.99161851e-03+2.28964423e-04j],
          [-2.99161851e-03+2.28964423e-04j,
            1.72495521e-03+8.30746916e-02j,
            9.93724598e-01-2.05613108e-02j,
            7.48359637e-03+7.15490740e-02j],
          [-7.51053336e-06-7.18334464e-05j,
           -2.99161851e-03+2.28964423e-04j,
            7.48359637e-03+7.15490740e-02j,
            9.79896396e-01-1.86061205e-01j]],
         input_dims=(2, 2), output_dims=(2, 2))"
"Operator([[ 9.79896396e-01-1.86061205e-01j,
           -4.65835356e-02-5.48201461e-02j,
           -8.69856082e-04+2.87150769e-03j,
            6.82388324e-05-2.36624996e-05j],
          [ 3.42317209e-02-6.32729286e-02j,
            9.93724598e-01-2.05613108e-02j,
           -4.83403025e-02-6.75839848e-02j,
           -8.69856082e-04+2.87150769e-03j],
          [-1.29670851e-03-2.70568902e-03j,
            4.54932320e-02-6.95323356e-02j,
            9.93724598e-01-2.05613108e-02j,
           -4.65835356e-02-5.48201461e-02j],
          [-7.16575821e-05-9.03565453e-06j,
           -1.29670851e-03-2.70568902e-03j,
            3.42317209e-02-6.32729286e-02j,
            9.79896396e-01-1.86061205e-01j]],
         input_dims=(2, 2), output_dims=(2, 2))"
"Operator([[ 9.79896396e-01-1.86061205e-01j,
           -5.36556288e-02-4.79202224e-02j,
           -5.77078734e-05+2.99981263e-03j,
            5.30357416e-05-4.90271582e-05j],
          [ 4.25785131e-02-5.79857261e-02j,
            9.93724598e-01-2.05613108e-02j,
           -5.71447274e-02-6.03229639e-02j,
           -5.77078734e-05+2.99981263e-03j],
          [-5.13544798e-04-2.95609164e-03j,
            5.45914726e-02-6.26430440e-02j,
            9.93724598e-01-2.05613108e-02j,
           -5.36556288e-02-4.79202224e-02j],
          [-6.20299287e-05-3.69964872e-05j,
           -5.13544798e-04-2.95609164e-03j,
            4.25785131e-02-5.79857261e-02j,
            9.79896396e-01-1.86061205e-01j]],
         input_dims=(2, 2), output_dims=(2, 2))"
"Operator([[ 9.79896396e-01-1.86061205e-01j,
            7.48359637e-03+7.15490740e-02j,
           -2.99161851e-03+2.28964423e-04j,
           -7.51053336e-06-7.18334464e-05j],
          [ 7.48359637e-03+7.15490740e-02j,
            9.93724598e-01-2.05613108e-02j,
            1.72495521e-03+8.30746916e-02j,
           -2.99161851e-03+2.28964423e-04j],
          [-2.99161851e-03+2.28964423e-04j,
            1.72495521e-03+8.30746916e-02j,
            9.93724598e-01-2.05613108e-02j,
            7.48359637e-03+7.15490740e-02j],
          [-7.51053336e-06-7.18334464e-05j,
           -2.99161851e-03+2.28964423e-04j,
            7.48359637e-03+7.15490740e-02j,
            9.79896396e-01-1.86061205e-01j]],
         input_dims=(2, 2), output_dims=(2, 2))"
"Operator([[ 9.79896396e-01-1.86061205e-01j,
            7.48359637e-03+7.15490740e-02j,
           -2.99161851e-03+2.28964423e-04j,
           -7.51053336e-06-7.18334464e-05j],
          [ 7.48359637e-03+7.15490740e-02j,
            9.93724598e-01-2.05613108e-02j,
            1.72495521e-03+8.30746916e-02j,
           -2.99161851e-03+2.28964423e-04j],
          [-2.99161851e-03+2.28964423e-04j,
            1.72495521e-03+8.30746916e-02j,
            9.93724598e-01-2.05613108e-02j,
            7.48359637e-03+7.15490740e-02j],
          [-7.51053336e-06-7.18334464e-05j,
           -2.99161851e-03+2.28964423e-04j,
            7.48359637e-03+7.15490740e-02j,
            9.79896396e-01-1.86061205e-01j]],
         input_dims=(2, 2), output_dims=(2, 2))"
"Operator([[ 9.79896396e-01-1.86061205e-01j,
           -7.03004062e-02-1.52685004e-02j,
            2.54242860e-03+1.59319265e-03j,
           -4.76633762e-05-5.42646726e-05j],
          [ 6.56194747e-02-2.94848902e-02j,
            9.93724598e-01-2.05613108e-02j,
           -7.94468686e-02-2.43428616e-02j,
            2.54242860e-03+1.59319265e-03j],
          [ 2.27036597e-03-1.96154133e-03j,
            7.83679225e-02-2.76197133e-02j,
            9.93724598e-01-2.05613108e-02j,
           -7.03004062e-02-1.52685004e-02j],
          [ 3.54079974e-05-6.29501855e-05j,
            2.27036597e-03-1.96154133e-03j,
            6.56194747e-02-2.94848902e-02j,
            9.79896396e-01-1.86061205e-01j]],
         input_dims=(2, 2), output_dims=(2, 2))"
"Operator([[ 9.79896396e-01-1.86061205e-01j,
           -7.16533363e-02+6.40886996e-03j,
            2.99714296e-03-1.39068692e-04j,
           -7.20987103e-05+4.26943718e-06j],
          [ 7.14286930e-02-8.55663685e-03j,
            9.93724598e-01-2.05613108e-02j,
           -8.30912238e-02+4.77888923e-04j,
            2.99714296e-03-1.39068692e-04j],
          [ 2.98339836e-03-3.18653837e-04j,
            8.30394439e-02-2.97163289e-03j,
            9.93724598e-01-2.05613108e-02j,
           -7.16533363e-02+6.40886996e-03j],
          [ 7.14225578e-05-1.07364038e-05j,
            2.98339836e-03-3.18653837e-04j,
            7.14286930e-02-8.55663685e-03j,
            9.79896396e-01-1.86061205e-01j]],
         input_dims=(2, 2), output_dims=(2, 2))"
"Operator([[ 9.79896396e-01-1.86061205e-01j,
            7.48359637e-03+7.15490740e-02j,
           -2.99161851e-03+2.28964423e-04j,
           -7.51053336e-06-7.18334464e-05j],
          [ 7.48359637e-03+7.15490740e-02j,
            9.93724598e-01-2.05613108e-02j,
            1.72495521e-03+8.30746916e-02j,
           -2.99161851e-03+2.28964423e-04j],
          [-2.99161851e-03+2.28964423e-04j,
            1.72495521e-03+8.30746916e-02j,
            9.93724598e-01-2.05613108e-02j,
            7.48359637e-03+7.15490740e-02j],
          [-7.51053336e-06-7.18334464e-05j,
           -2.99161851e-03+2.28964423e-04j,
            7.48359637e-03+7.15490740e-02j,
            9.79896396e-01-1.86061205e-01j]],
         input_dims=(2, 2), output_dims=(2, 2))"
