unitary
"Operator([[-1.54237267e-04-0.86654891j,  3.55821921e-01+0.30596449j,
           -1.36562893e-01+0.09538647j, -2.49012830e-02-0.02239153j],
          [ 3.55821921e-01+0.30596449j,  6.63892045e-01-0.04981138j,
            7.05879882e-02+0.55119144j, -1.36562893e-01+0.09538647j],
          [-1.36562893e-01+0.09538647j,  7.05879882e-02+0.55119144j,
            6.63892045e-01-0.04981138j,  3.55821921e-01+0.30596449j],
          [-2.49012830e-02-0.02239153j, -1.36562893e-01+0.09538647j,
            3.55821921e-01+0.30596449j, -1.54237267e-04-0.86654891j]],
         input_dims=(2, 2), output_dims=(2, 2))"
"Operator([[-1.54237267e-04-0.86654891j,  1.59172881e-01+0.44146065j,
           -1.52141952e-01-0.06782941j,  2.17068413e-02-0.02550035j],
          [ 4.60325744e-01+0.09123442j,  6.63892045e-01-0.04981138j,
           -2.09813575e-01+0.51456091j, -1.52141952e-01-0.06782941j],
          [ 1.13176284e-02+0.1661924j ,  3.32709773e-01+0.445083j  ,
            6.63892045e-01-0.04981138j,  1.59172881e-01+0.44146065j],
          [-2.30596988e-02+0.02428384j,  1.13176284e-02+0.1661924j ,
            4.60325744e-01+0.09123442j, -1.54237267e-04-0.86654891j]],
         input_dims=(2, 2), output_dims=(2, 2))"
"Operator([[-1.54237267e-04-0.86654891j,  3.55821921e-01+0.30596449j,
           -1.36562893e-01+0.09538647j, -2.49012830e-02-0.02239153j],
          [ 3.55821921e-01+0.30596449j,  6.63892045e-01-0.04981138j,
            7.05879882e-02+0.55119144j, -1.36562893e-01+0.09538647j],
          [-1.36562893e-01+0.09538647j,  7.05879882e-02+0.55119144j,
            6.63892045e-01-0.04981138j,  3.55821921e-01+0.30596449j],
          [-2.49012830e-02-0.02239153j, -1.36562893e-01+0.09538647j,
            3.55821921e-01+0.30596449j, -1.54237267e-04-0.86654891j]],
         input_dims=(2, 2), output_dims=(2, 2))"
"Operator([[-1.54237267e-04-0.86654891j,  4.19757144e-01-0.20982719j,
            1.63753757e-01+0.03054029j,  3.14265345e-02+0.01156839j],
          [-1.44568694e-01+0.4464565j ,  6.63892045e-01-0.04981138j,
            5.35609143e-01+0.14804565j,  1.63753757e-01+0.03054029j],
          [ 2.76897756e-02-0.16425979j, -4.81017231e-01+0.27823927j,
            6.63892045e-01-0.04981138j,  4.19757144e-01-0.20982719j],
          [ 1.48295501e-02+0.03002564j,  2.76897756e-02-0.16425979j,
           -1.44568694e-01+0.4464565j , -1.54237267e-04-0.86654891j]],
         input_dims=(2, 2), output_dims=(2, 2))"
"Operator([[-1.54237267e-04-0.86654891j, -4.26465860e-01+0.19583253j,
            1.61377043e-01+0.04129712j, -3.01260712e-02-0.01462445j],
          [ 1.29726867e-01-0.45099274j,  6.63892045e-01-0.04981138j,
           -5.30420890e-01-0.16567543j,  1.61377043e-01+0.04129712j],
          [ 1.67721594e-02-0.1657308j ,  4.71553779e-01-0.29399269j,
            6.63892045e-01-0.04981138j, -4.26465860e-01+0.19583253j],
          [-1.77308074e-02-0.02840903j,  1.67721594e-02-0.1657308j ,
            1.29726867e-01-0.45099274j, -1.54237267e-04-0.86654891j]],
         input_dims=(2, 2), output_dims=(2, 2))"
"Operator([[-1.54237267e-04-0.86654891j,  3.55821921e-01+0.30596449j,
           -1.36562893e-01+0.09538647j, -2.49012830e-02-0.02239153j],
          [ 3.55821921e-01+0.30596449j,  6.63892045e-01-0.04981138j,
            7.05879882e-02+0.55119144j, -1.36562893e-01+0.09538647j],
          [-1.36562893e-01+0.09538647j,  7.05879882e-02+0.55119144j,
            6.63892045e-01-0.04981138j,  3.55821921e-01+0.30596449j],
          [-2.49012830e-02-0.02239153j, -1.36562893e-01+0.09538647j,
            3.55821921e-01+0.30596449j, -1.54237267e-04-0.86654891j]],
         input_dims=(2, 2), output_dims=(2, 2))"
