unitary
"Operator([[ 8.86340847e-01-4.30335148e-01j,
            1.67592760e-01-2.88241087e-02j,
            1.70959091e-02-3.86412571e-04j,
            9.90993680e-04-9.00256996e-06j],
          [-1.60821308e-01+5.52690636e-02j,
            9.64342661e-01-4.62886825e-02j,
            1.96601072e-01+6.16654687e-03j,
            1.70959091e-02-3.86412571e-04j],
          [ 1.60984353e-02-5.76713142e-03j,
           -1.95054682e-01+2.53708316e-02j,
            9.64342661e-01-4.62886825e-02j,
            1.67592760e-01-2.88241087e-02j],
          [-8.73869894e-04+4.67440830e-04j,
            1.60984353e-02-5.76713142e-03j,
           -1.60821308e-01+5.52690636e-02j,
            8.86340847e-01-4.30335148e-01j]],
         input_dims=(2, 2), output_dims=(2, 2))"
"Operator([[ 8.86340847e-01-0.43033515j,  4.21826807e-02+0.16473853j,
           -1.68138086e-02+0.00311693j, -2.45314235e-04-0.00096019j],
          [ 4.21826807e-02+0.16473853j,  9.64342661e-01-0.04628868j,
            9.63322217e-03+0.19646172j, -1.68138086e-02+0.00311693j],
          [-1.68138086e-02+0.00311693j,  9.63322217e-03+0.19646172j,
            9.64342661e-01-0.04628868j,  4.21826807e-02+0.16473853j],
          [-2.45314235e-04-0.00096019j, -1.68138086e-02+0.00311693j,
            4.21826807e-02+0.16473853j,  8.86340847e-01-0.43033515j]],
         input_dims=(2, 2), output_dims=(2, 2))"
"Operator([[ 8.86340847e-01-0.43033515j,  1.38012755e-01-0.0993511j ,
            1.02254964e-02-0.01370615j,  1.97732902e-04-0.00097111j],
          [-1.68777165e-01-0.02079498j,  9.64342661e-01-0.04628868j,
            1.79420935e-01-0.08061102j,  1.02254964e-02-0.01370615j],
          [ 1.44588799e-02+0.00913018j, -1.86446576e-01-0.06267122j,
            9.64342661e-01-0.04628868j,  1.38012755e-01-0.0993511j ],
          [-6.39303518e-04-0.00075726j,  1.44588799e-02+0.00913018j,
           -1.68777165e-01-0.02079498j,  8.86340847e-01-0.43033515j]],
         input_dims=(2, 2), output_dims=(2, 2))"
"Operator([[ 8.86340847e-01-0.43033515j,  4.21826807e-02+0.16473853j,
           -1.68138086e-02+0.00311693j, -2.45314235e-04-0.00096019j],
          [ 4.21826807e-02+0.16473853j,  9.64342661e-01-0.04628868j,
            9.63322217e-03+0.19646172j, -1.68138086e-02+0.00311693j],
          [-1.68138086e-02+0.00311693j,  9.63322217e-03+0.19646172j,
            9.64342661e-01-0.04628868j,  4.21826807e-02+0.16473853j],
          [-2.45314235e-04-0.00096019j, -1.68138086e-02+0.00311693j,
            4.21826807e-02+0.16473853j,  8.86340847e-01-0.43033515j]],
         input_dims=(2, 2), output_dims=(2, 2))"
"Operator([[ 8.86340847e-01-0.43033515j,  4.21826807e-02+0.16473853j,
           -1.68138086e-02+0.00311693j, -2.45314235e-04-0.00096019j],
          [ 4.21826807e-02+0.16473853j,  9.64342661e-01-0.04628868j,
            9.63322217e-03+0.19646172j, -1.68138086e-02+0.00311693j],
          [-1.68138086e-02+0.00311693j,  9.63322217e-03+0.19646172j,
            9.64342661e-01-0.04628868j,  4.21826807e-02+0.16473853j],
          [-2.45314235e-04-0.00096019j, -1.68138086e-02+0.00311693j,
            4.21826807e-02+0.16473853j,  8.86340847e-01-0.43033515j]],
         input_dims=(2, 2), output_dims=(2, 2))"
"Operator([[ 8.86340847e-01-4.30335148e-01j,
            4.53696373e-02-1.63889470e-01j,
           -1.11804112e-02-1.29390042e-02j,
           -9.58053655e-04+2.53540361e-04j],
          [-1.18552480e-01-1.21915839e-01j,
            9.64342661e-01-4.62886825e-02j,
            8.93876966e-02-1.75213720e-01j,
           -1.11804112e-02-1.29390042e-02j],
          [-5.79963684e-03+1.60867535e-02j,
           -1.06100399e-01-1.65628238e-01j,
            9.64342661e-01-4.62886825e-02j,
            4.53696373e-02-1.63889470e-01j],
          [ 9.62261558e-04-2.37070063e-04j,
           -5.79963684e-03+1.60867535e-02j,
           -1.18552480e-01-1.21915839e-01j,
            8.86340847e-01-4.30335148e-01j]],
         input_dims=(2, 2), output_dims=(2, 2))"
"Operator([[ 8.86340847e-01-4.30335148e-01j,
            2.76174268e-02-1.67795829e-01j,
           -1.36720154e-02-1.02710963e-02j,
           -8.29217643e-04+5.42722417e-04j],
          [-1.04862328e-01-1.33873278e-01j,
            9.64342661e-01-4.62886825e-02j,
            7.01753114e-02-1.83753731e-01j,
           -1.36720154e-02-1.02710963e-02j],
          [-9.08196683e-03+1.44892133e-02j,
           -8.78156624e-02-1.76006868e-01j,
            9.64342661e-01-4.62886825e-02j,
            2.76174268e-02-1.67795829e-01j],
          [ 9.87922945e-04+7.84714914e-05j,
           -9.08196683e-03+1.44892133e-02j,
           -1.04862328e-01-1.33873278e-01j,
            8.86340847e-01-4.30335148e-01j]],
         input_dims=(2, 2), output_dims=(2, 2))"
"Operator([[ 8.86340847e-01-4.30335148e-01j,
            2.87126256e-02-1.67611895e-01j,
           -1.35367017e-02-1.04487861e-02j,
           -8.39690622e-04+5.26373613e-04j],
          [-1.05734349e-01-1.33185622e-01j,
            9.64342661e-01-4.62886825e-02j,
            7.13738155e-02-1.83291534e-01j,
           -1.35367017e-02-1.04487861e-02j],
          [-8.89195311e-03+1.46065942e-02j,
           -8.89631996e-02-1.75429636e-01j,
            9.64342661e-01-4.62886825e-02j,
            2.87126256e-02-1.67611895e-01j],
          [ 9.89270637e-04+5.91026914e-05j,
           -8.89195311e-03+1.46065942e-02j,
           -1.05734349e-01-1.33185622e-01j,
            8.86340847e-01-4.30335148e-01j]],
         input_dims=(2, 2), output_dims=(2, 2))"
"Operator([[ 8.86340847e-01-4.30335148e-01j,
            4.28745007e-02-1.64559836e-01j,
           -1.15683578e-02-1.25933523e-02j,
           -9.45506433e-04+2.96929463e-04j],
          [-1.16686584e-01-1.23702884e-01j,
            9.64342661e-01-4.62886825e-02j,
            8.67154354e-02-1.76551526e-01j,
           -1.15683578e-02-1.25933523e-02j],
          [-6.28570103e-03+1.59031251e-02j,
           -1.03571837e-01-1.67221059e-01j,
            9.64342661e-01-4.62886825e-02j,
            4.28745007e-02-1.64559836e-01j],
          [ 9.72063966e-04-1.92979704e-04j,
           -6.28570103e-03+1.59031251e-02j,
           -1.16686584e-01-1.23702884e-01j,
            8.86340847e-01-4.30335148e-01j]],
         input_dims=(2, 2), output_dims=(2, 2))"
"Operator([[ 8.86340847e-01-4.30335148e-01j,
            6.33093633e-02-1.57829297e-01j,
           -8.04477284e-03-1.50897665e-02j,
           -9.88210117e-04-7.47682073e-05j],
          [-1.31371937e-01-1.07979519e-01j,
            9.64342661e-01-4.62886825e-02j,
            1.08313544e-01-1.64189476e-01j,
           -8.04477284e-03-1.50897665e-02j],
          [-2.10143319e-03+1.69706630e-02j,
           -1.23856935e-01-1.52805326e-01j,
            9.64342661e-01-4.62886825e-02j,
            6.33093633e-02-1.57829297e-01j],
          [ 8.31245941e-04-5.39610699e-04j,
           -2.10143319e-03+1.69706630e-02j,
           -1.31371937e-01-1.07979519e-01j,
            8.86340847e-01-4.30335148e-01j]],
         input_dims=(2, 2), output_dims=(2, 2))"
"Operator([[ 8.86340847e-01-0.43033515j,  8.63201964e-02-0.14651616j,
           -3.19495822e-03-0.01679916j, -8.55921826e-04-0.00049955j],
          [-1.46113833e-01-0.08699948j,  9.64342661e-01-0.04628868j,
            1.31769058e-01-0.1460374j , -3.19495822e-03-0.01679916j],
          [ 3.03883838e-03+0.0168281j , -1.45424078e-01-0.13244563j,
            9.64342661e-01-0.04628868j,  8.63201964e-02-0.14651616j],
          [ 5.11419477e-04-0.00084888j,  3.03883838e-03+0.0168281j ,
           -1.46113833e-01-0.08699948j,  8.86340847e-01-0.43033515j]],
         input_dims=(2, 2), output_dims=(2, 2))"
"Operator([[ 8.86340847e-01-0.43033515j,  1.15372725e-01-0.12492917j,
            4.04071495e-03-0.01661602j, -3.88442167e-04-0.00091174j],
          [-1.61216242e-01-0.05410625j,  9.64342661e-01-0.04628868j,
            1.59690805e-01-0.11484274j,  4.04071495e-03-0.01661602j],
          [ 9.72807500e-03+0.01406357j, -1.70160049e-01-0.09866897j,
            9.64342661e-01-0.04628868j,  1.15372725e-01-0.12492917j],
          [-9.64830658e-05-0.00098633j,  9.72807500e-03+0.01406357j,
           -1.61216242e-01-0.05410625j,  8.86340847e-01-0.43033515j]],
         input_dims=(2, 2), output_dims=(2, 2))"
"Operator([[ 8.86340847e-01-4.30335148e-01j,
            1.57816769e-01-6.33405844e-02j,
            1.54326692e-02-7.36560565e-03j,
            7.93043162e-04-5.94333294e-04j],
          [-1.68837186e-01+2.03018966e-02j,
            9.64342661e-01-4.62886825e-02j,
            1.93519990e-01-3.52139382e-02j,
            1.54326692e-02-7.36560565e-03j],
          [ 1.70473395e-02+1.34448472e-03j,
           -1.96036713e-01-1.61125774e-02j,
            9.64342661e-01-4.62886825e-02j,
            1.57816769e-01-6.33405844e-02j],
          [-9.80937170e-04-1.41109137e-04j,
            1.70473395e-02+1.34448472e-03j,
           -1.68837186e-01+2.03018966e-02j,
            8.86340847e-01-4.30335148e-01j]],
         input_dims=(2, 2), output_dims=(2, 2))"
"Operator([[ 8.86340847e-01-0.43033515j,  1.54215364e-01+0.07166438j,
            6.38605332e-03+0.01586309j, -2.31842883e-04+0.00096353j],
          [-1.00794861e-01+0.13696189j,  9.64342661e-01-0.04628868j,
            1.58158177e-01+0.11694443j,  6.38605332e-03+0.01586309j],
          [ 2.75739464e-04-0.01709805j, -1.45958583e-01+0.13185636j,
            9.64342661e-01-0.04628868j,  1.54215364e-01+0.07166438j],
          [ 6.65600564e-04+0.00073425j,  2.75739464e-04-0.01709805j,
           -1.00794861e-01+0.13696189j,  8.86340847e-01-0.43033515j]],
         input_dims=(2, 2), output_dims=(2, 2))"
"Operator([[ 8.86340847e-01-0.43033515j,  4.21826807e-02+0.16473853j,
           -1.68138086e-02+0.00311693j, -2.45314235e-04-0.00096019j],
          [ 4.21826807e-02+0.16473853j,  9.64342661e-01-0.04628868j,
            9.63322217e-03+0.19646172j, -1.68138086e-02+0.00311693j],
          [-1.68138086e-02+0.00311693j,  9.63322217e-03+0.19646172j,
            9.64342661e-01-0.04628868j,  4.21826807e-02+0.16473853j],
          [-2.45314235e-04-0.00096019j, -1.68138086e-02+0.00311693j,
            4.21826807e-02+0.16473853j,  8.86340847e-01-0.43033515j]],
         input_dims=(2, 2), output_dims=(2, 2))"
