unitary
"Operator([[-0.0710086 -0.86497666j, -0.28146619-0.0163356j ,
           -0.12518677-0.10131581j, -0.2141921 +0.30897931j],
          [-0.0603158 +0.27541255j, -0.72812456-0.34725482j,
           -0.42528083+0.25091481j, -0.12518677-0.10131581j],
          [ 0.08760394+0.13513759j,  0.18104638+0.45939551j,
           -0.72812456-0.34725482j, -0.28146619-0.0163356j ],
          [-0.17751907-0.3314113j ,  0.08760394+0.13513759j,
           -0.0603158 +0.27541255j, -0.0710086 -0.86497666j]],
         input_dims=(2, 2), output_dims=(2, 2))"
"Operator([[-0.0710086 -0.86497666j, -0.22468417+0.17031468j,
           -0.11971077+0.10773091j,  0.37534576+0.0214948j ],
          [-0.22468417+0.17031468j, -0.72812456-0.34725482j,
           -0.16055736+0.46695113j, -0.11971077+0.10773091j],
          [-0.11971077+0.10773091j, -0.16055736+0.46695113j,
           -0.72812456-0.34725482j, -0.22468417+0.17031468j],
          [ 0.37534576+0.0214948j , -0.11971077+0.10773091j,
           -0.22468417+0.17031468j, -0.0710086 -0.86497666j]],
         input_dims=(2, 2), output_dims=(2, 2))"
"Operator([[-0.0710086 -0.86497666j, -0.22468417+0.17031468j,
           -0.11971077+0.10773091j,  0.37534576+0.0214948j ],
          [-0.22468417+0.17031468j, -0.72812456-0.34725482j,
           -0.16055736+0.46695113j, -0.11971077+0.10773091j],
          [-0.11971077+0.10773091j, -0.16055736+0.46695113j,
           -0.72812456-0.34725482j, -0.22468417+0.17031468j],
          [ 0.37534576+0.0214948j , -0.11971077+0.10773091j,
           -0.22468417+0.17031468j, -0.0710086 -0.86497666j]],
         input_dims=(2, 2), output_dims=(2, 2))"
"Operator([[-0.0710086 -0.86497666j, -0.28146619-0.0163356j ,
           -0.12518677-0.10131581j, -0.2141921 +0.30897931j],
          [-0.0603158 +0.27541255j, -0.72812456-0.34725482j,
           -0.42528083+0.25091481j, -0.12518677-0.10131581j],
          [ 0.08760394+0.13513759j,  0.18104638+0.45939551j,
           -0.72812456-0.34725482j, -0.28146619-0.0163356j ],
          [-0.17751907-0.3314113j ,  0.08760394+0.13513759j,
           -0.0603158 +0.27541255j, -0.0710086 -0.86497666j]],
         input_dims=(2, 2), output_dims=(2, 2))"
