unitary
"Operator([[ 9.32123565e-01-3.37152602e-01j,
           -2.50085605e-02+1.29401267e-01j,
           -8.24259028e-03-5.95988893e-03j,
            3.70418990e-04-2.60327180e-04j],
          [ 7.18006356e-02+1.10520517e-01j,
            9.78758589e-01-3.67612587e-02j,
           -5.15942045e-02+1.43334210e-01j,
           -8.24259028e-03-5.95988893e-03j],
          [-6.25835573e-03+8.01832615e-03j,
            6.23295360e-02+1.39002470e-01j,
            9.78758589e-01-3.67612587e-02j,
           -2.50085605e-02+1.29401267e-01j],
          [-4.41045103e-04-1.02272608e-04j,
           -6.25835573e-03+8.01832615e-03j,
            7.18006356e-02+1.10520517e-01j,
            9.32123565e-01-3.37152602e-01j]],
         input_dims=(2, 2), output_dims=(2, 2))"
"Operator([[ 9.32123565e-01-0.3371526j ,  2.52288575e-02+0.1293585j ,
           -1.00705999e-02+0.00142954j, -8.65582110e-05-0.0004444j ],
          [ 2.52288575e-02+0.1293585j ,  9.78758589e-01-0.03676126j,
            5.78816283e-03+0.15222731j, -1.00705999e-02+0.00142954j],
          [-1.00705999e-02+0.00142954j,  5.78816283e-03+0.15222731j,
            9.78758589e-01-0.03676126j,  2.52288575e-02+0.1293585j ],
          [-8.65582110e-05-0.0004444j , -1.00705999e-02+0.00142954j,
            2.52288575e-02+0.1293585j ,  9.32123565e-01-0.3371526j ]],
         input_dims=(2, 2), output_dims=(2, 2))"
"Operator([[ 9.32123565e-01-0.3371526j ,  2.52288575e-02+0.1293585j ,
           -1.00705999e-02+0.00142954j, -8.65582110e-05-0.0004444j ],
          [ 2.52288575e-02+0.1293585j ,  9.78758589e-01-0.03676126j,
            5.78816283e-03+0.15222731j, -1.00705999e-02+0.00142954j],
          [-1.00705999e-02+0.00142954j,  5.78816283e-03+0.15222731j,
            9.78758589e-01-0.03676126j,  2.52288575e-02+0.1293585j ],
          [-8.65582110e-05-0.0004444j , -1.00705999e-02+0.00142954j,
            2.52288575e-02+0.1293585j ,  9.32123565e-01-0.3371526j ]],
         input_dims=(2, 2), output_dims=(2, 2))"
"Operator([[ 9.32123565e-01-0.3371526j ,  4.73711956e-02+0.12298815j,
           -8.96944665e-03+0.00479683j, -2.97682268e-04-0.00034112j],
          [ 2.31547663e-03+0.13177539j,  9.78758589e-01-0.03676126j,
            3.22101916e-02+0.14889312j, -8.96944665e-03+0.00479683j],
          [-9.95005125e-03-0.00211117j, -2.08107634e-02+0.15090914j,
            9.78758589e-01-0.03676126j,  4.73711956e-02+0.12298815j],
          [ 1.47891708e-04-0.00042791j, -9.95005125e-03-0.00211117j,
            2.31547663e-03+0.13177539j,  9.32123565e-01-0.3371526j ]],
         input_dims=(2, 2), output_dims=(2, 2))"
"Operator([[ 9.32123565e-01-0.3371526j ,  2.52288575e-02+0.1293585j ,
           -1.00705999e-02+0.00142954j, -8.65582110e-05-0.0004444j ],
          [ 2.52288575e-02+0.1293585j ,  9.78758589e-01-0.03676126j,
            5.78816283e-03+0.15222731j, -1.00705999e-02+0.00142954j],
          [-1.00705999e-02+0.00142954j,  5.78816283e-03+0.15222731j,
            9.78758589e-01-0.03676126j,  2.52288575e-02+0.1293585j ],
          [-8.65582110e-05-0.0004444j , -1.00705999e-02+0.00142954j,
            2.52288575e-02+0.1293585j ,  9.32123565e-01-0.3371526j ]],
         input_dims=(2, 2), output_dims=(2, 2))"
"Operator([[ 9.32123565e-01-0.3371526j ,  4.47303659e-02+0.12397302j,
           -9.16634899e-03+0.00440892j, -2.75199208e-04-0.00035951j],
          [ 5.13285234e-03+0.13169575j,  9.78758589e-01-0.03676126j,
            2.90188730e-02+0.14954786j, -9.16634899e-03+0.00440892j],
          [-1.00312219e-02-0.00168379j, -1.75789405e-02+0.15131966j,
            9.78758589e-01-0.03676126j,  4.47303659e-02+0.12397302j],
          [ 1.20152582e-04-0.00043651j, -1.00312219e-02-0.00168379j,
            5.13285234e-03+0.13169575j,  9.32123565e-01-0.3371526j ]],
         input_dims=(2, 2), output_dims=(2, 2))"
"Operator([[ 9.32123565e-01-3.37152602e-01j,
           -6.43228046e-02+1.15033442e-01j,
           -3.07262706e-03-9.69636703e-03j,
            4.26187022e-04+1.52791006e-04j],
          [ 1.02834717e-01+8.24326200e-02j,
            9.78758589e-01-3.67612587e-02j,
           -9.39365226e-02+1.19927426e-01j,
           -3.07262706e-03-9.69636703e-03j],
          [-2.52782935e-04+1.01684154e-02j,
            1.02772167e-01+1.12447940e-01j,
            9.78758589e-01-3.67612587e-02j,
           -6.43228046e-02+1.15033442e-01j],
          [-3.37686747e-04+3.01576076e-04j,
           -2.52782935e-04+1.01684154e-02j,
            1.02834717e-01+8.24326200e-02j,
            9.32123565e-01-3.37152602e-01j]],
         input_dims=(2, 2), output_dims=(2, 2))"
"Operator([[ 9.32123565e-01-0.3371526j ,  1.28956180e-01+0.02721065j,
            8.03464996e-03+0.00623738j,  2.41052119e-04+0.00038324j],
          [-1.09280573e-01+0.07367409j,  9.78758589e-01-0.03676126j,
            1.42433930e-01+0.05402993j,  8.03464996e-03+0.00623738j],
          [ 5.98140397e-03-0.00822699j, -1.37919829e-01+0.06468986j,
            9.78758589e-01-0.03676126j,  1.28956180e-01+0.02721065j],
          [-7.95939775e-05+0.0004457j ,  5.98140397e-03-0.00822699j,
           -1.09280573e-01+0.07367409j,  9.32123565e-01-0.3371526j ]],
         input_dims=(2, 2), output_dims=(2, 2))"
"Operator([[ 9.32123565e-01-3.37152602e-01j,
           -7.12811740e-02+1.10856259e-01j,
           -1.85798362e-03-1.00004234e-02j,
            3.90862489e-04+2.28488476e-04j],
          [ 1.07713482e-01+7.59468345e-02j,
            9.78758589e-01-3.67612587e-02j,
           -1.01139970e-01+1.13918235e-01j,
           -1.85798362e-03-1.00004234e-02j],
          [ 9.98494108e-04+1.01224296e-02j,
            1.09498498e-01+1.05909096e-01j,
            9.78758589e-01-3.67612587e-02j,
           -7.12811740e-02+1.10856259e-01j],
          [-2.76534117e-04+3.58482010e-04j,
            9.98494108e-04+1.01224296e-02j,
            1.07713482e-01+7.59468345e-02j,
            9.32123565e-01-3.37152602e-01j]],
         input_dims=(2, 2), output_dims=(2, 2))"
"Operator([[ 9.32123565e-01-3.37152602e-01j,
            1.31023292e-01-1.42482613e-02j,
            1.01676901e-02+2.80443411e-04j,
            4.51919123e-04+2.73783772e-05j],
          [-1.26775128e-01+3.60303038e-02j,
            9.78758589e-01-3.67612587e-02j,
            1.52174151e-01+7.04879316e-03j,
            1.01676901e-02+2.80443411e-04j],
          [ 9.68797260e-03-3.09899298e-03j,
           -1.51199511e-01+1.85840171e-02j,
            9.78758589e-01-3.67612587e-02j,
            1.31023292e-01-1.42482613e-02j],
          [-4.08607042e-04+1.94989114e-04j,
            9.68797260e-03-3.09899298e-03j,
           -1.26775128e-01+3.60303038e-02j,
            9.32123565e-01-3.37152602e-01j]],
         input_dims=(2, 2), output_dims=(2, 2))"
"Operator([[ 9.32123565e-01-0.3371526j ,  2.52288575e-02+0.1293585j ,
           -1.00705999e-02+0.00142954j, -8.65582110e-05-0.0004444j ],
          [ 2.52288575e-02+0.1293585j ,  9.78758589e-01-0.03676126j,
            5.78816283e-03+0.15222731j, -1.00705999e-02+0.00142954j],
          [-1.00705999e-02+0.00142954j,  5.78816283e-03+0.15222731j,
            9.78758589e-01-0.03676126j,  2.52288575e-02+0.1293585j ],
          [-8.65582110e-05-0.0004444j , -1.00705999e-02+0.00142954j,
            2.52288575e-02+0.1293585j ,  9.32123565e-01-0.3371526j ]],
         input_dims=(2, 2), output_dims=(2, 2))"
"Operator([[ 9.32123565e-01-3.37152602e-01j,
            1.31012687e-01+1.43454401e-02j,
            9.10365860e-03+4.53695612e-03j,
            3.42561579e-04+2.96027083e-04j],
          [-1.16020702e-01+6.25244957e-02j,
            9.78758589e-01-3.67612587e-02j,
            1.47072538e-01+3.97029749e-02j,
            9.10365860e-03+4.53695612e-03j],
          [ 7.48140446e-03-6.89123776e-03j,
           -1.43632983e-01+5.07565162e-02j,
            9.78758589e-01-3.67612587e-02j,
            1.31012687e-01+1.43454401e-02j],
          [-2.06415864e-04+4.02955283e-04j,
            7.48140446e-03-6.89123776e-03j,
           -1.16020702e-01+6.25244957e-02j,
            9.32123565e-01-3.37152602e-01j]],
         input_dims=(2, 2), output_dims=(2, 2))"
"Operator([[ 9.32123565e-01-3.37152602e-01j,
            1.30331696e-01+1.95899198e-02j,
            8.71061565e-03+5.25221340e-03j,
            3.04530164e-04+3.35025146e-04j],
          [-1.13418910e-01+6.71287323e-02j,
            9.78758589e-01-3.67612587e-02j,
            1.45361312e-01+4.55713367e-02j,
            8.71061565e-03+5.25221340e-03j],
          [ 6.90483524e-03-7.46885673e-03j,
           -1.41481074e-01+5.64779894e-02j,
            9.78758589e-01-3.67612587e-02j,
            1.30331696e-01+1.95899198e-02j],
          [-1.56528082e-04+4.24828705e-04j,
            6.90483524e-03-7.46885673e-03j,
           -1.13418910e-01+6.71287323e-02j,
            9.32123565e-01-3.37152602e-01j]],
         input_dims=(2, 2), output_dims=(2, 2))"
