unitary
"Operator([[ 0.33010752-0.75410628j, -0.35059972+0.16474776j,
           -0.06406061+0.1028212j ,  0.36108592+0.16502048j],
          [-0.36149992+0.13921133j, -0.57496808-0.28977471j,
           -0.21285607+0.61269623j, -0.06406061+0.1028212j ],
          [-0.07809545+0.09261242j, -0.25619636+0.59587566j,
           -0.57496808-0.28977471j, -0.35059972+0.16474776j],
          [ 0.3175485 +0.23828082j, -0.07809545+0.09261242j,
           -0.36149992+0.13921133j,  0.33010752-0.75410628j]],
         input_dims=(2, 2), output_dims=(2, 2))"
"Operator([[ 0.33010752-0.75410628j, -0.35627869+0.15207724j,
           -0.07126108+0.09796846j,  0.34128865+0.20282224j],
          [-0.35627869+0.15207724j, -0.57496808-0.28977471j,
           -0.23467697+0.60467437j, -0.07126108+0.09796846j],
          [-0.07126108+0.09796846j, -0.23467697+0.60467437j,
           -0.57496808-0.28977471j, -0.35627869+0.15207724j],
          [ 0.34128865+0.20282224j, -0.07126108+0.09796846j,
           -0.35627869+0.15207724j,  0.33010752-0.75410628j]],
         input_dims=(2, 2), output_dims=(2, 2))"
"Operator([[ 0.33010752-0.75410628j, -0.36149992+0.13921133j,
           -0.07809545+0.09261242j,  0.3175485 +0.23828082j],
          [-0.35059972+0.16474776j, -0.57496808-0.28977471j,
           -0.25619636+0.59587566j, -0.07809545+0.09261242j],
          [-0.06406061+0.1028212j , -0.21285607+0.61269623j,
           -0.57496808-0.28977471j, -0.36149992+0.13921133j],
          [ 0.36108592+0.16502048j, -0.06406061+0.1028212j ,
           -0.35059972+0.16474776j,  0.33010752-0.75410628j]],
         input_dims=(2, 2), output_dims=(2, 2))"
"Operator([[ 0.33010752-0.75410628j, -0.36149992+0.13921133j,
           -0.07809545+0.09261242j,  0.3175485 +0.23828082j],
          [-0.35059972+0.16474776j, -0.57496808-0.28977471j,
           -0.25619636+0.59587566j, -0.07809545+0.09261242j],
          [-0.06406061+0.1028212j , -0.21285607+0.61269623j,
           -0.57496808-0.28977471j, -0.36149992+0.13921133j],
          [ 0.36108592+0.16502048j, -0.06406061+0.1028212j ,
           -0.35059972+0.16474776j,  0.33010752-0.75410628j]],
         input_dims=(2, 2), output_dims=(2, 2))"
"Operator([[ 0.33010752-0.75410628j, -0.35059972+0.16474776j,
           -0.06406061+0.1028212j ,  0.36108592+0.16502048j],
          [-0.36149992+0.13921133j, -0.57496808-0.28977471j,
           -0.21285607+0.61269623j, -0.06406061+0.1028212j ],
          [-0.07809545+0.09261242j, -0.25619636+0.59587566j,
           -0.57496808-0.28977471j, -0.35059972+0.16474776j],
          [ 0.3175485 +0.23828082j, -0.07809545+0.09261242j,
           -0.36149992+0.13921133j,  0.33010752-0.75410628j]],
         input_dims=(2, 2), output_dims=(2, 2))"
