unitary
"Operator([[ 0.82465199-0.52438853j,  0.1227123 +0.17088026j,
           -0.01756667+0.01987711j, -0.00182119-0.00062614j],
          [ 0.00102178+0.21037426j,  0.94479879-0.055316j  ,
            0.08796862+0.227145j  , -0.01756667+0.01987711j],
          [-0.02454696-0.01005653j, -0.05989391+0.23610601j,
            0.94479879-0.055316j  ,  0.1227123 +0.17088026j],
          [ 0.00110975-0.00157393j, -0.02454696-0.01005653j,
            0.00102178+0.21037426j,  0.82465199-0.52438853j]],
         input_dims=(2, 2), output_dims=(2, 2))"
"Operator([[ 8.24651986e-01-0.52438853j,  6.49420862e-02+0.20010222j,
           -2.58339895e-02+0.00602429j, -5.92551551e-04-0.0018324j ],
          [ 6.49420862e-02+0.20010222j,  9.44798788e-01-0.055316j  ,
            1.47350671e-02+0.24313825j, -2.58339895e-02+0.00602429j],
          [-2.58339895e-02+0.00602429j,  1.47350671e-02+0.24313825j,
            9.44798788e-01-0.055316j  ,  6.49420862e-02+0.20010222j],
          [-5.92551551e-04-0.0018324j , -2.58339895e-02+0.00602429j,
            6.49420862e-02+0.20010222j,  8.24651986e-01-0.52438853j]],
         input_dims=(2, 2), output_dims=(2, 2))"
"Operator([[ 8.24651986e-01-0.52438853j,  1.63501357e-01-0.13238459j,
            1.51551897e-02-0.02177171j,  3.02328887e-04-0.00190194j],
          [-2.10081574e-01-0.01114029j,  9.44798788e-01-0.055316j  ,
            2.21680323e-01-0.10095129j,  1.51551897e-02-0.02177171j],
          [ 2.32222678e-02+0.01282238j, -2.32249165e-01-0.07344151j,
            9.44798788e-01-0.055316j  ,  1.63501357e-01-0.13238459j],
          [-1.35871428e-03-0.00136481j,  2.32222678e-02+0.01282238j,
           -2.10081574e-01-0.01114029j,  8.24651986e-01-0.52438853j]],
         input_dims=(2, 2), output_dims=(2, 2))"
"Operator([[ 8.24651986e-01-0.52438853j,  6.49420862e-02+0.20010222j,
           -2.58339895e-02+0.00602429j, -5.92551551e-04-0.0018324j ],
          [ 6.49420862e-02+0.20010222j,  9.44798788e-01-0.055316j  ,
            1.47350671e-02+0.24313825j, -2.58339895e-02+0.00602429j],
          [-2.58339895e-02+0.00602429j,  1.47350671e-02+0.24313825j,
            9.44798788e-01-0.055316j  ,  6.49420862e-02+0.20010222j],
          [-5.92551551e-04-0.0018324j , -2.58339895e-02+0.00602429j,
            6.49420862e-02+0.20010222j,  8.24651986e-01-0.52438853j]],
         input_dims=(2, 2), output_dims=(2, 2))"
"Operator([[ 8.24651986e-01-0.52438853j,  1.30020479e-01-0.16538757j,
            4.23227735e-03-0.0261873j , -9.47138871e-04-0.00167682j],
          [-2.02362163e-01-0.05751459j,  9.44798788e-01-0.055316j  ,
            1.93727121e-01-0.14765884j,  4.23227735e-03-0.0261873j ],
          [ 1.53791921e-02+0.02161406j, -2.10141124e-01-0.12318294j,
            9.44798788e-01-0.055316j  ,  1.30020479e-01-0.16538757j],
          [-2.14009002e-04-0.0019139j ,  1.53791921e-02+0.02161406j,
           -2.02362163e-01-0.05751459j,  8.24651986e-01-0.52438853j]],
         input_dims=(2, 2), output_dims=(2, 2))"
"Operator([[ 8.24651986e-01-0.52438853j,  1.33269763e-01-0.16278066j,
            5.26580463e-03-0.0259992j , -8.45914006e-04-0.00173009j],
          [-2.03461314e-01-0.05349642j,  9.44798788e-01-0.055316j  ,
            1.96612876e-01-0.14379397j,  5.26580463e-03-0.0259992j ],
          [ 1.62229081e-02+0.0209882j , -2.12539023e-01-0.11899787j,
            9.44798788e-01-0.055316j  ,  1.33269763e-01-0.16278066j],
          [-3.27260982e-04-0.00189781j,  1.62229081e-02+0.0209882j ,
           -2.03461314e-01-0.05349642j,  8.24651986e-01-0.52438853j]],
         input_dims=(2, 2), output_dims=(2, 2))"
"Operator([[ 8.24651986e-01-0.52438853j,  6.49420862e-02+0.20010222j,
           -2.58339895e-02+0.00602429j, -5.92551551e-04-0.0018324j ],
          [ 6.49420862e-02+0.20010222j,  9.44798788e-01-0.055316j  ,
            1.47350671e-02+0.24313825j, -2.58339895e-02+0.00602429j],
          [-2.58339895e-02+0.00602429j,  1.47350671e-02+0.24313825j,
            9.44798788e-01-0.055316j  ,  6.49420862e-02+0.20010222j],
          [-5.92551551e-04-0.0018324j , -2.58339895e-02+0.00602429j,
            6.49420862e-02+0.20010222j,  8.24651986e-01-0.52438853j]],
         input_dims=(2, 2), output_dims=(2, 2))"
"Operator([[ 8.24651986e-01-0.52438853j,  1.23129918e-01+0.17057959j,
           -1.74692152e-02+0.01996281j, -1.82574024e-03-0.00061276j],
          [ 5.07187036e-04+0.21037613j,  9.44798788e-01-0.055316j  ,
            8.85239646e-02+0.22692915j, -1.74692152e-02+0.01996281j],
          [-2.44974707e-02-0.01017649j, -6.04712620e-02+0.2359588j ,
            9.44798788e-01-0.055316j  ,  1.23129918e-01+0.17057959j],
          [ 1.12126747e-03-0.00156574j, -2.44974707e-02-0.01017649j,
            5.07187036e-04+0.21037613j,  8.24651986e-01-0.52438853j]],
         input_dims=(2, 2), output_dims=(2, 2))"
"Operator([[ 8.24651986e-01-0.52438853j, -1.69651480e-01+0.12440558j,
            1.71678685e-02-0.02022255j, -5.71532013e-04+0.00183906j],
          [ 2.10374019e-01+0.00107038j,  9.44798788e-01-0.055316j  ,
           -2.26258950e-01+0.09022315j,  1.71678685e-02-0.02022255j],
          [ 2.43420989e-02+0.01054274j,  2.35498711e-01+0.06223895j,
            9.44798788e-01-0.055316j  , -1.69651480e-01+0.12440558j],
          [ 1.54012630e-03+0.0011562j ,  2.43420989e-02+0.01054274j,
            2.10374019e-01+0.00107038j,  8.24651986e-01-0.52438853j]],
         input_dims=(2, 2), output_dims=(2, 2))"
"Operator([[ 8.24651986e-01-0.52438853j,  6.49420862e-02+0.20010222j,
           -2.58339895e-02+0.00602429j, -5.92551551e-04-0.0018324j ],
          [ 6.49420862e-02+0.20010222j,  9.44798788e-01-0.055316j  ,
            1.47350671e-02+0.24313825j, -2.58339895e-02+0.00602429j],
          [-2.58339895e-02+0.00602429j,  1.47350671e-02+0.24313825j,
            9.44798788e-01-0.055316j  ,  6.49420862e-02+0.20010222j],
          [-5.92551551e-04-0.0018324j , -2.58339895e-02+0.00602429j,
            6.49420862e-02+0.20010222j,  8.24651986e-01-0.52438853j]],
         input_dims=(2, 2), output_dims=(2, 2))"
"Operator([[ 8.24651986e-01-0.52438853j, -1.67855135e-01+0.12681887j,
            1.65825424e-02-0.02070523j, -4.92132003e-04+0.00186188j],
          [ 2.10337202e-01+0.00407861j,  9.44798788e-01-0.055316j  ,
           -2.24945626e-01+0.09344942j,  1.65825424e-02-0.02070523j],
          [ 2.40306524e-02+0.01123454j,  2.34584615e-01+0.06560021j,
            9.44798788e-01-0.055316j  , -1.67855135e-01+0.12681887j],
          [ 1.48912163e-03+0.00122119j,  2.40306524e-02+0.01123454j,
            2.10337202e-01+0.00407861j,  8.24651986e-01-0.52438853j]],
         input_dims=(2, 2), output_dims=(2, 2))"
"Operator([[ 0.82465199-5.24388532e-01j, -0.18477668+1.00578094e-01j,
            0.02191761-1.49434115e-02j, -0.00124664+1.46788571e-03j],
          [ 0.20862423-2.70980288e-02j,  0.94479879-5.53159953e-02j,
           -0.23629941+5.91262878e-02j,  0.02191761-1.49434115e-02j],
          [ 0.02626678+3.70717752e-03j,  0.24171031+3.01571502e-02j,
            0.94479879-5.53159953e-02j, -0.18477668+1.00578094e-01j],
          [ 0.00187008+4.60018196e-04j,  0.02626678+3.70717752e-03j,
            0.20862423-2.70980288e-02j,  0.82465199-5.24388532e-01j]],
         input_dims=(2, 2), output_dims=(2, 2))"
