unitary
"Operator([[ 9.48847733e-01-2.94128629e-01j,
            1.90228649e-02+1.12941502e-01j,
           -7.59729104e-03+9.33129995e-04j,
           -4.89696385e-05-2.91021886e-04j],
          [ 1.90228649e-02+1.12941502e-01j,
            9.84006562e-01-3.22239178e-02j,
            4.37155056e-03+1.32277562e-01j,
           -7.59729104e-03+9.33129995e-04j],
          [-7.59729104e-03+9.33129995e-04j,
            4.37155056e-03+1.32277562e-01j,
            9.84006562e-01-3.22239178e-02j,
            1.90228649e-02+1.12941502e-01j],
          [-4.89696385e-05-2.91021886e-04j,
           -7.59729104e-03+9.33129995e-04j,
            1.90228649e-02+1.12941502e-01j,
            9.48847733e-01-2.94128629e-01j]],
         input_dims=(2, 2), output_dims=(2, 2))"
"Operator([[ 9.48847733e-01-2.94128629e-01j,
            1.90228649e-02+1.12941502e-01j,
           -7.59729104e-03+9.33129995e-04j,
           -4.89696385e-05-2.91021886e-04j],
          [ 1.90228649e-02+1.12941502e-01j,
            9.84006562e-01-3.22239178e-02j,
            4.37155056e-03+1.32277562e-01j,
           -7.59729104e-03+9.33129995e-04j],
          [-7.59729104e-03+9.33129995e-04j,
            4.37155056e-03+1.32277562e-01j,
            9.84006562e-01-3.22239178e-02j,
            1.90228649e-02+1.12941502e-01j],
          [-4.89696385e-05-2.91021886e-04j,
           -7.59729104e-03+9.33129995e-04j,
            1.90228649e-02+1.12941502e-01j,
            9.48847733e-01-2.94128629e-01j]],
         input_dims=(2, 2), output_dims=(2, 2))"
"Operator([[ 9.48847733e-01-2.94128629e-01j,
            1.90228649e-02+1.12941502e-01j,
           -7.59729104e-03+9.33129995e-04j,
           -4.89696385e-05-2.91021886e-04j],
          [ 1.90228649e-02+1.12941502e-01j,
            9.84006562e-01-3.22239178e-02j,
            4.37155056e-03+1.32277562e-01j,
           -7.59729104e-03+9.33129995e-04j],
          [-7.59729104e-03+9.33129995e-04j,
            4.37155056e-03+1.32277562e-01j,
            9.84006562e-01-3.22239178e-02j,
            1.90228649e-02+1.12941502e-01j],
          [-4.89696385e-05-2.91021886e-04j,
           -7.59729104e-03+9.33129995e-04j,
            1.90228649e-02+1.12941502e-01j,
            9.48847733e-01-2.94128629e-01j]],
         input_dims=(2, 2), output_dims=(2, 2))"
"Operator([[ 9.48847733e-01-2.94128629e-01j,
            7.52868800e-02-8.63107056e-02j,
            5.75780884e-04-7.63269540e-03j,
           -1.79968876e-04-2.33886655e-04j],
          [-9.94058339e-02-5.68870142e-02j,
            9.84006562e-01-3.22239178e-02j,
            9.95290923e-02-8.72377427e-02j,
            5.75780884e-04-7.63269540e-03j],
          [ 2.40575913e-03+7.26649060e-03j,
           -1.05071750e-01-8.04760296e-02j,
            9.84006562e-01-3.22239178e-02j,
            7.52868800e-02-8.63107056e-02j],
          [ 9.35142250e-05-2.79905079e-04j,
            2.40575913e-03+7.26649060e-03j,
           -9.94058339e-02-5.68870142e-02j,
            9.48847733e-01-2.94128629e-01j]],
         input_dims=(2, 2), output_dims=(2, 2))"
"Operator([[ 9.48847733e-01-2.94128629e-01j,
            5.59350267e-02-9.99446096e-02j,
           -2.54411372e-03-7.21921382e-03j,
           -2.82469237e-04-8.54569689e-05j],
          [-8.55877285e-02-7.61077719e-02j,
            9.84006562e-01-3.22239178e-02j,
            7.94688530e-02-1.05835558e-01j,
           -2.54411372e-03-7.21921382e-03j],
          [-7.21463998e-04+7.62030527e-03j,
           -8.62831938e-02-1.00357732e-01j,
            9.84006562e-01-3.22239178e-02j,
            5.59350267e-02-9.99446096e-02j],
          [ 2.38946501e-04-1.73194495e-04j,
           -7.21463998e-04+7.62030527e-03j,
           -8.55877285e-02-7.61077719e-02j,
            9.48847733e-01-2.94128629e-01j]],
         input_dims=(2, 2), output_dims=(2, 2))"
"Operator([[ 9.48847733e-01-2.94128629e-01j,
            1.90228649e-02+1.12941502e-01j,
           -7.59729104e-03+9.33129995e-04j,
           -4.89696385e-05-2.91021886e-04j],
          [ 1.90228649e-02+1.12941502e-01j,
            9.84006562e-01-3.22239178e-02j,
            4.37155056e-03+1.32277562e-01j,
           -7.59729104e-03+9.33129995e-04j],
          [-7.59729104e-03+9.33129995e-04j,
            4.37155056e-03+1.32277562e-01j,
            9.84006562e-01-3.22239178e-02j,
            1.90228649e-02+1.12941502e-01j],
          [-4.89696385e-05-2.91021886e-04j,
           -7.59729104e-03+9.33129995e-04j,
            1.90228649e-02+1.12941502e-01j,
            9.48847733e-01-2.94128629e-01j]],
         input_dims=(2, 2), output_dims=(2, 2))"
"Operator([[ 9.48847733e-01-2.94128629e-01j,
            2.02231050e-02-1.12732774e-01j,
           -6.45856051e-03-4.10810892e-03j,
           -2.24875839e-04+1.91108924e-04j],
          [-5.60351482e-02-9.98885097e-02j,
            9.84006562e-01-3.22239178e-02j,
            4.05420993e-02-1.25987309e-01j,
           -6.45856051e-03-4.10810892e-03j],
          [-5.27244053e-03+5.54895788e-03j,
           -4.87718880e-02-1.23035633e-01j,
            9.84006562e-01-3.22239178e-02j,
            2.02231050e-02-1.12732774e-01j],
          [ 2.75036276e-04+1.06989767e-04j,
           -5.27244053e-03+5.54895788e-03j,
           -5.60351482e-02-9.98885097e-02j,
            9.48847733e-01-2.94128629e-01j]],
         input_dims=(2, 2), output_dims=(2, 2))"
"Operator([[ 9.48847733e-01-2.94128629e-01j,
            1.90228649e-02+1.12941502e-01j,
           -7.59729104e-03+9.33129995e-04j,
           -4.89696385e-05-2.91021886e-04j],
          [ 1.90228649e-02+1.12941502e-01j,
            9.84006562e-01-3.22239178e-02j,
            4.37155056e-03+1.32277562e-01j,
           -7.59729104e-03+9.33129995e-04j],
          [-7.59729104e-03+9.33129995e-04j,
            4.37155056e-03+1.32277562e-01j,
            9.84006562e-01-3.22239178e-02j,
            1.90228649e-02+1.12941502e-01j],
          [-4.89696385e-05-2.91021886e-04j,
           -7.59729104e-03+9.33129995e-04j,
            1.90228649e-02+1.12941502e-01j,
            9.48847733e-01-2.94128629e-01j]],
         input_dims=(2, 2), output_dims=(2, 2))"
"Operator([[ 9.48847733e-01-2.94128629e-01j,
           -2.36713716e-02-1.12059441e-01j,
           -7.49435598e-03+1.55698142e-03j,
            8.45715582e-05+2.82735592e-04j],
          [-1.43418936e-02-1.13630816e-01j,
            9.84006562e-01-3.22239178e-02j,
           -9.83118227e-03-1.31984135e-01j,
           -7.49435598e-03+1.55698142e-03j],
          [-7.64838594e-03+3.02911349e-04j,
            1.09554165e-03-1.32345245e-01j,
            9.84006562e-01-3.22239178e-02j,
           -2.36713716e-02-1.12059441e-01j],
          [ 1.26164279e-05+2.94843330e-04j,
           -7.64838594e-03+3.02911349e-04j,
           -1.43418936e-02-1.13630816e-01j,
            9.48847733e-01-2.94128629e-01j]],
         input_dims=(2, 2), output_dims=(2, 2))"
"Operator([[ 9.48847733e-01-2.94128629e-01j,
           -4.62349869e-02-1.04785391e-01j,
           -6.23167383e-03+4.44475015e-03j,
            2.33487377e-04+1.80486587e-04j],
          [ 9.35957821e-03-1.14149247e-01j,
            9.84006562e-01-3.22239178e-02j,
           -3.67933721e-02-1.27132654e-01j,
           -6.23167383e-03+4.44475015e-03j],
          [-7.12206706e-03-2.80458972e-03j,
            2.83192166e-02-1.29284515e-01j,
            9.84006562e-01-3.22239178e-02j,
           -4.62349869e-02-1.04785391e-01j],
          [-1.61561730e-04+2.46960667e-04j,
           -7.12206706e-03-2.80458972e-03j,
            9.35957821e-03-1.14149247e-01j,
            9.48847733e-01-2.94128629e-01j]],
         input_dims=(2, 2), output_dims=(2, 2))"
"Operator([[ 9.48847733e-01-2.94128629e-01j,
           -6.46344280e-02-9.45518002e-02j,
           -4.21437511e-03+6.38972653e-03j,
            2.93462738e-04+3.11670495e-05j],
          [ 3.00960805e-02-1.10507367e-01j,
            9.84006562e-01-3.22239178e-02j,
           -5.94429287e-02-1.18249745e-01j,
           -4.21437511e-03+6.38972653e-03j],
          [-5.63540788e-03-5.17993637e-03j,
            5.15058417e-02-1.21916415e-01j,
            9.84006562e-01-3.22239178e-02j,
           -6.46344280e-02-9.45518002e-02j],
          [-2.67102033e-04+1.25492100e-04j,
           -5.63540788e-03-5.17993637e-03j,
            3.00960805e-02-1.10507367e-01j,
            9.48847733e-01-2.94128629e-01j]],
         input_dims=(2, 2), output_dims=(2, 2))"
"Operator([[ 9.48847733e-01-2.94128629e-01j,
           -7.30985621e-02-8.81717212e-02j,
           -2.96599344e-03+7.05637624e-03j,
            2.90762305e-04-5.04880750e-05j],
          [ 4.01831427e-02-1.07251887e-01j,
            9.84006562e-01-3.22239178e-02j,
           -7.01200698e-02-1.12248117e-01j,
           -2.96599344e-03+7.05637624e-03j],
          [-4.58545945e-03-6.12887627e-03j,
            6.25559399e-02-1.16632836e-01j,
            9.84006562e-01-3.22239178e-02j,
           -7.30985621e-02-8.81717212e-02j],
          [-2.91273537e-04+4.74498676e-05j,
           -4.58545945e-03-6.12887627e-03j,
            4.01831427e-02-1.07251887e-01j,
            9.48847733e-01-2.94128629e-01j]],
         input_dims=(2, 2), output_dims=(2, 2))"
"Operator([[ 9.48847733e-01-2.94128629e-01j,
           -7.29228763e-02-8.83170783e-02j,
           -2.99406693e-03+7.04451034e-03j,
            2.91058667e-04-4.87505493e-05j],
          [ 3.99695355e-02-1.07331675e-01j,
            9.84006562e-01-3.22239178e-02j,
           -6.98964562e-02-1.12387497e-01j,
           -2.99406693e-03+7.04451034e-03j],
          [-4.60982699e-03-6.11056936e-03j,
            6.23236118e-02-1.16757147e-01j,
            9.84006562e-01-3.22239178e-02j,
           -7.29228763e-02-8.83170783e-02j],
          [-2.90984940e-04+4.91886999e-05j,
           -4.60982699e-03-6.11056936e-03j,
            3.99695355e-02-1.07331675e-01j,
            9.48847733e-01-2.94128629e-01j]],
         input_dims=(2, 2), output_dims=(2, 2))"
"Operator([[ 9.48847733e-01-2.94128629e-01j,
           -6.50624355e-02-9.42577938e-02j,
           -4.15626394e-03+6.42767709e-03j,
            2.93859491e-04+2.71728387e-05j],
          [ 3.05967811e-02-1.10369784e-01j,
            9.84006562e-01-3.22239178e-02j,
           -5.99784295e-02-1.17979032e-01j,
           -4.15626394e-03+6.42767709e-03j],
          [-5.58820789e-03-5.23082167e-03j,
            5.20580478e-02-1.21681649e-01j,
            9.84006562e-01-3.22239178e-02j,
           -6.50624355e-02-9.42577938e-02j],
          [-2.68784121e-04+1.21847692e-04j,
           -5.58820789e-03-5.23082167e-03j,
            3.05967811e-02-1.10369784e-01j,
            9.48847733e-01-2.94128629e-01j]],
         input_dims=(2, 2), output_dims=(2, 2))"
"Operator([[ 9.48847733e-01-2.94128629e-01j,
           -4.68319813e-02-1.04519939e-01j,
           -6.18055907e-03+4.51555670e-03j,
            2.36541802e-04+1.76464556e-04j],
          [ 1.00105886e-02-1.14093998e-01j,
            9.84006562e-01-3.22239178e-02j,
           -3.75179997e-02-1.26920698e-01j,
           -6.18055907e-03+4.51555670e-03j],
          [-7.08960658e-03-2.88566132e-03j,
            2.90562574e-02-1.29120865e-01j,
            9.84006562e-01-3.22239178e-02j,
           -4.68319813e-02-1.04519939e-01j],
          [-1.65764239e-04+2.44159744e-04j,
           -7.08960658e-03-2.88566132e-03j,
            1.00105886e-02-1.14093998e-01j,
            9.48847733e-01-2.94128629e-01j]],
         input_dims=(2, 2), output_dims=(2, 2))"
