unitary
"Operator([[-0.60522005-0.48632716j, -0.20662701-0.49811164j,
           -0.1647496 -0.26334934j, -0.09934008-0.0045725j ],
          [-0.39623058+0.36580221j,  0.39143586+0.06411884j,
            0.5078716 -0.44432865j, -0.1647496 -0.26334934j],
          [ 0.29609161+0.09394182j, -0.5922744 -0.32337679j,
            0.39143586+0.06411884j, -0.20662701-0.49811164j],
          [-0.08425669-0.05282206j,  0.29609161+0.09394182j,
           -0.39623058+0.36580221j, -0.60522005-0.48632716j]],
         input_dims=(2, 2), output_dims=(2, 2))"
"Operator([[-0.60522005-0.48632716j,  0.52673153+0.11560201j,
           -0.19033372+0.24549619j, -0.09491548-0.02967172j],
          [ 0.52673153+0.11560201j,  0.39143586+0.06411884j,
            0.0737448 +0.67076316j, -0.19033372+0.24549619j],
          [-0.19033372+0.24549619j,  0.0737448 +0.67076316j,
            0.39143586+0.06411884j,  0.52673153+0.11560201j],
          [-0.09491548-0.02967172j, -0.19033372+0.24549619j,
            0.52673153+0.11560201j, -0.60522005-0.48632716j]],
         input_dims=(2, 2), output_dims=(2, 2))"
"Operator([[-0.60522005-0.48632716j,  0.2279679 -0.48871317j,
            0.27688877-0.14081162j,  0.08170568-0.05668811j],
          [ 0.00235754+0.5392628j ,  0.39143586+0.06411884j,
            0.67065827+0.07469263j,  0.27688877-0.14081162j],
          [ 0.06738541-0.30324002j, -0.63841167+0.21861393j,
            0.39143586+0.06411884j,  0.2279679 -0.48871317j],
          [ 0.03487036+0.09313119j,  0.06738541-0.30324002j,
            0.00235754+0.5392628j , -0.60522005-0.48632716j]],
         input_dims=(2, 2), output_dims=(2, 2))"
"Operator([[-0.60522005-0.48632716j,  0.52673153+0.11560201j,
           -0.19033372+0.24549619j, -0.09491548-0.02967172j],
          [ 0.52673153+0.11560201j,  0.39143586+0.06411884j,
            0.0737448 +0.67076316j, -0.19033372+0.24549619j],
          [-0.19033372+0.24549619j,  0.0737448 +0.67076316j,
            0.39143586+0.06411884j,  0.52673153+0.11560201j],
          [-0.09491548-0.02967172j, -0.19033372+0.24549619j,
            0.52673153+0.11560201j, -0.60522005-0.48632716j]],
         input_dims=(2, 2), output_dims=(2, 2))"
"Operator([[-0.60522005-0.48632716j, -0.43092215-0.32421602j,
           -0.31019503+0.01656346j, -0.00190103+0.09942709j],
          [-0.52708903+0.11396086j,  0.39143586+0.06411884j,
            0.21193392-0.64066022j, -0.31019503+0.01656346j],
          [ 0.06124283+0.30454002j, -0.34605984-0.57931347j,
            0.39143586+0.06411884j, -0.43092215-0.32421602j],
          [ 0.05506742-0.08280663j,  0.06124283+0.30454002j,
           -0.52708903+0.11396086j, -0.60522005-0.48632716j]],
         input_dims=(2, 2), output_dims=(2, 2))"
"Operator([[-0.60522005-0.48632716j, -0.37163635-0.3907638j ,
           -0.29874662-0.08512203j, -0.04902346+0.08652202j],
          [-0.50112026+0.19921951j,  0.39143586+0.06411884j,
            0.31456045-0.59700355j, -0.29874662-0.08512203j],
          [ 0.15686942+0.26811805j, -0.43675033-0.51440321j,
            0.39143586+0.06411884j, -0.37163635-0.3907638j ],
          [ 0.008985  -0.09903852j,  0.15686942+0.26811805j,
           -0.50112026+0.19921951j, -0.60522005-0.48632716j]],
         input_dims=(2, 2), output_dims=(2, 2))"
