unitary
"Operator([[ 0.62835546-0.46237763j, -0.44720374+0.05654974j,
           -0.00570743+0.12667881j,  0.24026377+0.33820187j],
          [-0.44771699+0.05233122j, -0.41299056-0.19044388j,
           -0.29388133+0.69823673j, -0.00570743+0.12667881j],
          [-0.00809484+0.12654868j, -0.30045088+0.69543514j,
           -0.41299056-0.19044388j, -0.44720374+0.05654974j],
          [ 0.23060364+0.34486105j, -0.00809484+0.12654868j,
           -0.44771699+0.05233122j,  0.62835546-0.46237763j]],
         input_dims=(2, 2), output_dims=(2, 2))"
"Operator([[ 0.62835546-0.46237763j, -0.44746533+0.05444108j,
           -0.00690144+0.12661937j,  0.23545725+0.34156561j],
          [-0.44746533+0.05444108j, -0.41299056-0.19044388j,
           -0.29716941+0.69684368j, -0.00690144+0.12661937j],
          [-0.00690144+0.12661937j, -0.29716941+0.69684368j,
           -0.41299056-0.19044388j, -0.44746533+0.05444108j],
          [ 0.23545725+0.34156561j, -0.00690144+0.12661937j,
           -0.44746533+0.05444108j,  0.62835546-0.46237763j]],
         input_dims=(2, 2), output_dims=(2, 2))"
"Operator([[ 0.62835546-0.46237763j, -0.38238183-0.23869057j,
           -0.12522527+0.01996817j, -0.41097032+0.05666196j],
          [-0.31399295+0.32341534j, -0.41299056-0.19044388j,
           -0.66892471+0.35558473j, -0.12522527+0.01996817j],
          [ 0.12231312+0.03346036j,  0.20645026+0.72888892j,
           -0.41299056-0.19044388j, -0.38238183-0.23869057j],
          [ 0.19915749-0.36392785j,  0.12231312+0.03346036j,
           -0.31399295+0.32341534j,  0.62835546-0.46237763j]],
         input_dims=(2, 2), output_dims=(2, 2))"
"Operator([[ 0.62835546-0.46237763j, -0.44746533+0.05444108j,
           -0.00690144+0.12661937j,  0.23545725+0.34156561j],
          [-0.44746533+0.05444108j, -0.41299056-0.19044388j,
           -0.29716941+0.69684368j, -0.00690144+0.12661937j],
          [-0.00690144+0.12661937j, -0.29716941+0.69684368j,
           -0.41299056-0.19044388j, -0.44746533+0.05444108j],
          [ 0.23545725+0.34156561j, -0.00690144+0.12661937j,
           -0.44746533+0.05444108j,  0.62835546-0.46237763j]],
         input_dims=(2, 2), output_dims=(2, 2))"
"Operator([[ 0.62835546-0.46237763j, -0.44746533+0.05444108j,
           -0.00690144+0.12661937j,  0.23545725+0.34156561j],
          [-0.44746533+0.05444108j, -0.41299056-0.19044388j,
           -0.29716941+0.69684368j, -0.00690144+0.12661937j],
          [-0.00690144+0.12661937j, -0.29716941+0.69684368j,
           -0.41299056-0.19044388j, -0.44746533+0.05444108j],
          [ 0.23545725+0.34156561j, -0.00690144+0.12661937j,
           -0.44746533+0.05444108j,  0.62835546-0.46237763j]],
         input_dims=(2, 2), output_dims=(2, 2))"
