unitary
"Operator([[ 0.65368147+0.33181641j,  0.20748241+0.40918473j,
           -0.20108841+0.20561793j,  0.40892056+0.04675486j],
          [ 0.45766497+0.03199795j, -0.14470454+0.06732302j,
            0.6593501 -0.49657757j, -0.20108841+0.20561793j],
          [ 0.2762719 +0.07993197j, -0.08767508-0.82075875j,
           -0.14470454+0.06732302j,  0.20748241+0.40918473j],
          [-0.40630813-0.06569433j,  0.2762719 +0.07993197j,
            0.45766497+0.03199795j,  0.65368147+0.33181641j]],
         input_dims=(2, 2), output_dims=(2, 2))"
"Operator([[ 0.65368147+0.33181641j, -0.30673572-0.34116607j,
           -0.07065565+0.27878855j, -0.32126755+0.25727262j],
          [-0.43360538-0.14989152j, -0.14470454+0.06732302j,
           -0.50756227+0.65093193j, -0.07065565+0.27878855j],
          [ 0.19878369+0.20784687j, -0.12873959+0.8153269j ,
           -0.14470454+0.06732302j, -0.30673572-0.34116607j],
          [ 0.23962172+0.33463931j,  0.19878369+0.20784687j,
           -0.43360538-0.14989152j,  0.65368147+0.33181641j]],
         input_dims=(2, 2), output_dims=(2, 2))"
"Operator([[ 0.65368147+0.33181641j,  0.26473637-0.3746942j ,
           -0.05673297-0.2819515j ,  0.40117357+0.09198809j],
          [-0.24222569+0.38962521j, -0.14470454+0.06732302j,
           -0.74720052-0.35074667j, -0.05673297-0.2819515j ],
          [-0.08946971-0.27333213j,  0.7665478 +0.30616387j,
           -0.14470454+0.06732302j,  0.26473637-0.3746942j ],
          [-0.411096  -0.02005294j, -0.08946971-0.27333213j,
           -0.24222569+0.38962521j,  0.65368147+0.33181641j]],
         input_dims=(2, 2), output_dims=(2, 2))"
"Operator([[ 0.65368147+0.33181641j, -0.38232542-0.25359094j,
            0.07322827+0.27812389j, -0.05623977+0.40772433j],
          [-0.38232542-0.25359094j, -0.14470454+0.06732302j,
           -0.32859769+0.75720235j,  0.07322827+0.27812389j],
          [ 0.07322827+0.27812389j, -0.32859769+0.75720235j,
           -0.14470454+0.06732302j, -0.38232542-0.25359094j],
          [-0.05623977+0.40772433j,  0.07322827+0.27812389j,
           -0.38232542-0.25359094j,  0.65368147+0.33181641j]],
         input_dims=(2, 2), output_dims=(2, 2))"
"Operator([[ 0.65368147+0.33181641j, -0.38232542-0.25359094j,
            0.07322827+0.27812389j, -0.05623977+0.40772433j],
          [-0.38232542-0.25359094j, -0.14470454+0.06732302j,
           -0.32859769+0.75720235j,  0.07322827+0.27812389j],
          [ 0.07322827+0.27812389j, -0.32859769+0.75720235j,
           -0.14470454+0.06732302j, -0.38232542-0.25359094j],
          [-0.05623977+0.40772433j,  0.07322827+0.27812389j,
           -0.38232542-0.25359094j,  0.65368147+0.33181641j]],
         input_dims=(2, 2), output_dims=(2, 2))"
