unitary
"Operator([[ 0.5190507 -0.78013744j, -0.24184596+0.24035966j,
            0.04822553-0.05740107j, -0.00291966+0.00897729j],
          [ 0.32546295-0.1016666j ,  0.84563433-0.07266066j,
           -0.37484839+0.13125878j,  0.04822553-0.05740107j],
          [ 0.07468675+0.00651726j,  0.39312696+0.05649228j,
            0.84563433-0.07266066j, -0.24184596+0.24035966j],
          [ 0.00928374+0.00171119j,  0.07468675+0.00651726j,
            0.32546295-0.1016666j ,  0.5190507 -0.78013744j]],
         input_dims=(2, 2), output_dims=(2, 2))"
"Operator([[ 5.19050705e-01-0.78013744j, -1.11676558e-01+0.32216545j,
           -1.56906705e-02-0.07331022j,  8.18839735e-03+0.00469747j],
          [ 3.37039718e-01+0.05163779j,  8.45634333e-01-0.07266066j,
           -2.79085234e-01+0.28258029j, -1.56906705e-02-0.07331022j],
          [ 4.07185882e-02+0.06294904j,  3.28349333e-01+0.22344329j,
            8.45634333e-01-0.07266066j, -1.11676558e-01+0.32216545j],
          [ 2.27716485e-04+0.00943738j,  4.07185882e-02+0.06294904j,
            3.37039718e-01+0.05163779j,  5.19050705e-01-0.78013744j]],
         input_dims=(2, 2), output_dims=(2, 2))"
"Operator([[ 5.19050705e-01-0.78013744j, -2.08795403e-01+0.26956764j,
            3.19229581e-02-0.06783443j,  6.97035419e-04+0.00941436j],
          [ 3.35863684e-01-0.05880322j,  8.45634333e-01-0.07266066j,
           -3.54768479e-01+0.17854835j,  3.19229581e-02-0.06783443j],
          [ 7.05292026e-02+0.0254208j ,  3.82545443e-01+0.1067669j ,
            8.45634333e-01-0.07266066j, -2.08795403e-01+0.26956764j],
          [ 7.94450927e-03+0.0050991j ,  7.05292026e-02+0.0254208j ,
            3.35863684e-01-0.05880322j,  5.19050705e-01-0.78013744j]],
         input_dims=(2, 2), output_dims=(2, 2))"
"Operator([[ 0.5190507 -0.78013744j,  0.17604954+0.2920082j ,
           -0.06926937+0.02867646j, -0.00482954-0.0081112j ],
          [ 0.17604954+0.2920082j ,  0.84563433-0.07266066j,
            0.03848421+0.39529628j, -0.06926937+0.02867646j],
          [-0.06926937+0.02867646j,  0.03848421+0.39529628j,
            0.84563433-0.07266066j,  0.17604954+0.2920082j ],
          [-0.00482954-0.0081112j , -0.06926937+0.02867646j,
            0.17604954+0.2920082j ,  0.5190507 -0.78013744j]],
         input_dims=(2, 2), output_dims=(2, 2))"
"Operator([[ 0.5190507 -0.78013744j,  0.17604954+0.2920082j ,
           -0.06926937+0.02867646j, -0.00482954-0.0081112j ],
          [ 0.17604954+0.2920082j ,  0.84563433-0.07266066j,
            0.03848421+0.39529628j, -0.06926937+0.02867646j],
          [-0.06926937+0.02867646j,  0.03848421+0.39529628j,
            0.84563433-0.07266066j,  0.17604954+0.2920082j ],
          [-0.00482954-0.0081112j , -0.06926937+0.02867646j,
            0.17604954+0.2920082j ,  0.5190507 -0.78013744j]],
         input_dims=(2, 2), output_dims=(2, 2))"
"Operator([[ 0.5190507 -0.78013744j, -0.33996582-0.02618162j,
            0.04968709+0.0561407j , -0.0023321 -0.00914753j],
          [ 0.13555458-0.31286928j,  0.84563433-0.07266066j,
           -0.34420189-0.1981546j ,  0.04968709+0.0561407j ],
          [-0.00453417-0.07483333j,  0.29951786-0.26082415j,
            0.84563433-0.07266066j, -0.33996582-0.02618162j],
          [-0.00693076-0.00640942j, -0.00453417-0.07483333j,
            0.13555458-0.31286928j,  0.5190507 -0.78013744j]],
         input_dims=(2, 2), output_dims=(2, 2))"
"Operator([[ 0.5190507 -0.78013744j,  0.33330207+0.07191634j,
            0.03282481+0.06740265j, -0.00147906+0.00932354j],
          [-0.09199848+0.32832684j,  0.84563433-0.07266066j,
            0.31424249+0.24288237j,  0.03282481+0.06740265j],
          [-0.02442254-0.07088106j, -0.26149383+0.29893337j,
            0.84563433-0.07266066j,  0.33330207+0.07191634j],
          [ 0.00890166+0.0031427j , -0.02442254-0.07088106j,
           -0.09199848+0.32832684j,  0.5190507 -0.78013744j]],
         input_dims=(2, 2), output_dims=(2, 2))"
