unitary
"Operator([[-0.88438474+0.0184515j , -0.02243581-0.23075291j,
            0.03533901+0.19950408j, -0.0601513 -0.34511448j],
          [-0.02243581-0.23075291j, -0.89539205-0.28408204j,
           -0.00444599-0.15083004j,  0.03533901+0.19950408j],
          [ 0.03533901+0.19950408j, -0.00444599-0.15083004j,
           -0.89539205-0.28408204j, -0.02243581-0.23075291j],
          [-0.0601513 -0.34511448j,  0.03533901+0.19950408j,
           -0.02243581-0.23075291j, -0.88438474+0.0184515j ]],
         input_dims=(2, 2), output_dims=(2, 2))"
"Operator([[-0.88438474+0.0184515j ,  0.22417697+0.05911816j,
            0.10316212-0.17437976j, -0.22002058-0.27260434j],
          [-0.20858987+0.10119553j, -0.89539205-0.28408204j,
            0.14298193+0.04822484j,  0.10316212-0.17437976j],
          [-0.1567832 -0.12833454j, -0.13989312+0.05656309j,
           -0.89539205-0.28408204j,  0.22417697+0.05911816j],
          [ 0.11482216-0.33096533j, -0.1567832 -0.12833454j,
           -0.20858987+0.10119553j, -0.88438474+0.0184515j ]],
         input_dims=(2, 2), output_dims=(2, 2))"
"Operator([[-0.88438474+0.0184515j , -0.02243581-0.23075291j,
            0.03533901+0.19950408j, -0.0601513 -0.34511448j],
          [-0.02243581-0.23075291j, -0.89539205-0.28408204j,
           -0.00444599-0.15083004j,  0.03533901+0.19950408j],
          [ 0.03533901+0.19950408j, -0.00444599-0.15083004j,
           -0.89539205-0.28408204j, -0.02243581-0.23075291j],
          [-0.0601513 -0.34511448j,  0.03533901+0.19950408j,
           -0.02243581-0.23075291j, -0.88438474+0.0184515j ]],
         input_dims=(2, 2), output_dims=(2, 2))"
