unitary
"Operator([[ 0.60464667-0.73063395j, -0.29068223-0.11091374j,
            0.01349387+0.05957359j,  0.00328578-0.00604308j],
          [ 0.07242811-0.30257592j,  0.87384544-0.0708715j ,
           -0.2618681 -0.24953427j,  0.01349387+0.05957359j],
          [-0.02830812-0.05412714j,  0.21360958-0.29191301j,
            0.87384544-0.0708715j , -0.29068223-0.11091374j],
          [-0.00683753-0.00075053j, -0.02830812-0.05412714j,
            0.07242811-0.30257592j,  0.60464667-0.73063395j]],
         input_dims=(2, 2), output_dims=(2, 2))"
"Operator([[ 0.60464667-7.30633952e-01j, -0.29610097+9.55103923e-02j,
            0.06108194-3.06932065e-04j, -0.00687331-2.69585670e-04j],
          [ 0.24591707-1.90585443e-01j,  0.87384544-7.08714987e-02j,
           -0.36042301-3.06188283e-02j,  0.06108194-3.06932065e-04j],
          [ 0.04673451-3.93316972e-02j,  0.34932676-9.38779422e-02j,
            0.87384544-7.08714987e-02j, -0.29610097+9.55103923e-02j],
          [ 0.00370114-5.79798969e-03j,  0.04673451-3.93316972e-02j,
            0.24591707-1.90585443e-01j,  0.60464667-7.30633952e-01j]],
         input_dims=(2, 2), output_dims=(2, 2))"
"Operator([[ 6.04646673e-01-0.73063395j,  1.09316419e-01-0.29128669j,
           -1.41470818e-02-0.05942186j, -6.09636476e-03-0.00318582j],
          [-3.02173777e-01-0.07408796j,  8.73845444e-01-0.0708715j ,
            2.48093030e-01-0.26323393j, -1.41470818e-02-0.05942186j],
          [ 2.77121748e-02+0.05443466j, -2.90736033e-01-0.21520877j,
            8.73845444e-01-0.0708715j ,  1.09316419e-01-0.29128669j],
          [ 8.63027077e-04-0.00682424j,  2.77121748e-02+0.05443466j,
           -3.02173777e-01-0.07408796j,  6.04646673e-01-0.73063395j]],
         input_dims=(2, 2), output_dims=(2, 2))"
"Operator([[ 0.60464667-0.73063395j,  0.19039462-0.24606484j,
            0.02182016-0.05705241j, -0.00130394-0.00675388j],
          [-0.31058115+0.01836747j,  0.87384544-0.0708715j ,
            0.31471601-0.17831458j,  0.02182016-0.05705241j],
          [ 0.05357927+0.02933187j, -0.34129065-0.11984553j,
            0.87384544-0.0708715j ,  0.19039462-0.24606484j],
          [-0.00480192-0.00492511j,  0.05357927+0.02933187j,
           -0.31058115+0.01836747j,  0.60464667-0.73063395j]],
         input_dims=(2, 2), output_dims=(2, 2))"
"Operator([[ 0.60464667-0.73063395j,  0.24140175-0.19627331j,
            0.04484806-0.04146985j,  0.00328638-0.00604275j],
          [-0.29824955+0.08857328j,  0.87384544-0.0708715j ,
            0.34704046-0.10200577j,  0.04484806-0.04146985j],
          [ 0.06102971+0.00254397j, -0.35961016-0.03902288j,
            0.87384544-0.0708715j ,  0.24140175-0.19627331j],
          [-0.00683761-0.00074985j,  0.06102971+0.00254397j,
           -0.29824955+0.08857328j,  0.60464667-0.73063395j]],
         input_dims=(2, 2), output_dims=(2, 2))"
"Operator([[ 0.60464667-0.73063395j,  0.14523193+0.2751467j ,
           -0.05733088+0.02107765j, -0.00318692-0.00609579j],
          [ 0.14523193+0.2751467j ,  0.87384544-0.0708715j ,
            0.03211247+0.360293j  , -0.05733088+0.02107765j],
          [-0.05733088+0.02107765j,  0.03211247+0.360293j  ,
            0.87384544-0.0708715j ,  0.14523193+0.2751467j ],
          [-0.00318692-0.00609579j, -0.05733088+0.02107765j,
            0.14523193+0.2751467j ,  0.60464667-0.73063395j]],
         input_dims=(2, 2), output_dims=(2, 2))"
"Operator([[ 0.60464667-0.73063395j,  0.30538668-0.05947263j,
            0.05941309+0.01418386j,  0.00634026+0.00266762j],
          [-0.2214019 +0.21858457j,  0.87384544-0.0708715j ,
            0.35418872+0.07343435j,  0.05941309+0.01418386j],
          [ 0.03607675-0.04929062j, -0.33561871+0.13491603j,
            0.87384544-0.0708715j ,  0.30538668-0.05947263j],
          [-0.00142775+0.00672879j,  0.03607675-0.04929062j,
           -0.2214019 +0.21858457j,  0.60464667-0.73063395j]],
         input_dims=(2, 2), output_dims=(2, 2))"
"Operator([[ 0.60464667-0.73063395j,  0.14523193+0.2751467j ,
           -0.05733088+0.02107765j, -0.00318692-0.00609579j],
          [ 0.14523193+0.2751467j ,  0.87384544-0.0708715j ,
            0.03211247+0.360293j  , -0.05733088+0.02107765j],
          [-0.05733088+0.02107765j,  0.03211247+0.360293j  ,
            0.87384544-0.0708715j ,  0.14523193+0.2751467j ],
          [-0.00318692-0.00609579j, -0.05733088+0.02107765j,
            0.14523193+0.2751467j ,  0.60464667-0.73063395j]],
         input_dims=(2, 2), output_dims=(2, 2))"
"Operator([[ 0.60464667-0.73063395j,  0.00517166+0.31108081j,
           -0.05089921-0.03376933j,  0.00549506-0.00413757j],
          [ 0.25392245+0.17978156j,  0.87384544-0.0708715j ,
           -0.13421998+0.33589768j, -0.05089921-0.03376933j],
          [-0.01690399+0.05869712j,  0.19150869+0.30686589j,
            0.87384544-0.0708715j ,  0.00517166+0.31108081j],
          [-0.0065336 +0.00215111j, -0.01690399+0.05869712j,
            0.25392245+0.17978156j,  0.60464667-0.73063395j]],
         input_dims=(2, 2), output_dims=(2, 2))"
"Operator([[ 0.60464667-0.73063395j, -0.28403158+0.12698063j,
            0.05958638-0.01343727j, -0.00659927+0.0019403j ],
          [ 0.26509057-0.16286499j,  0.87384544-0.0708715j ,
           -0.36162019+0.00854959j,  0.05958638-0.01343727j],
          [ 0.05410023-0.02835952j,  0.35743211-0.05553865j,
            0.87384544-0.0708715j , -0.28403158+0.12698063j],
          [ 0.00535943-0.0043118j ,  0.05410023-0.02835952j,
            0.26509057-0.16286499j,  0.60464667-0.73063395j]],
         input_dims=(2, 2), output_dims=(2, 2))"
"Operator([[ 0.60464667-0.73063395j,  0.14523193+0.2751467j ,
           -0.05733088+0.02107765j, -0.00318692-0.00609579j],
          [ 0.14523193+0.2751467j ,  0.87384544-0.0708715j ,
            0.03211247+0.360293j  , -0.05733088+0.02107765j],
          [-0.05733088+0.02107765j,  0.03211247+0.360293j  ,
            0.87384544-0.0708715j ,  0.14523193+0.2751467j ],
          [-0.00318692-0.00609579j, -0.05733088+0.02107765j,
            0.14523193+0.2751467j ,  0.60464667-0.73063395j]],
         input_dims=(2, 2), output_dims=(2, 2))"
"Operator([[ 0.60464667-0.73063395j,  0.14523193+0.2751467j ,
           -0.05733088+0.02107765j, -0.00318692-0.00609579j],
          [ 0.14523193+0.2751467j ,  0.87384544-0.0708715j ,
            0.03211247+0.360293j  , -0.05733088+0.02107765j],
          [-0.05733088+0.02107765j,  0.03211247+0.360293j  ,
            0.87384544-0.0708715j ,  0.14523193+0.2751467j ],
          [-0.00318692-0.00609579j, -0.05733088+0.02107765j,
            0.14523193+0.2751467j ,  0.60464667-0.73063395j]],
         input_dims=(2, 2), output_dims=(2, 2))"
"Operator([[ 0.60464667-0.73063395j,  0.30950733+0.03167379j,
            0.04153844+0.04478454j,  0.00196418+0.0065922j ],
          [-0.14847278+0.27341151j,  0.87384544-0.0708715j ,
            0.31765613+0.17302266j,  0.04153844+0.04478454j],
          [ 0.00263737-0.06102574j, -0.28204952+0.22647367j,
            0.87384544-0.0708715j ,  0.30950733+0.03167379j],
          [ 0.00429236+0.00537501j,  0.00263737-0.06102574j,
           -0.14847278+0.27341151j,  0.60464667-0.73063395j]],
         input_dims=(2, 2), output_dims=(2, 2))"
