unitary
"Operator([[ 9.05698036e-01-3.94281058e-01j,
           -3.21383665e-02+1.51721679e-01j,
           -1.07746187e-02-9.19370452e-03j,
            6.58478059e-04-3.50058767e-04j],
          [ 9.56123171e-02+1.22109079e-01j,
            9.70446769e-01-4.26584628e-02j,
           -6.84815513e-02+1.65742699e-01j,
           -1.07746187e-02-9.19370452e-03j],
          [-7.17405816e-03+1.22126779e-02j,
            8.30056464e-02+1.58966751e-01j,
            9.70446769e-01-4.26584628e-02j,
           -3.21383665e-02+1.51721679e-01j],
          [-7.45316429e-04-2.52569949e-05j,
           -7.17405816e-03+1.22126779e-02j,
            9.56123171e-02+1.22109079e-01j,
            9.05698036e-01-3.94281058e-01j]],
         input_dims=(2, 2), output_dims=(2, 2))"
"Operator([[ 9.05698036e-01-0.39428106j,  3.50208811e-02+0.15108236j,
           -1.39677146e-02+0.00234937j, -1.68104948e-04-0.00072655j],
          [ 3.50208811e-02+0.15108236j,  9.70446769e-01-0.04265846j,
            8.01347011e-03+0.17915398j, -1.39677146e-02+0.00234937j],
          [-1.39677146e-02+0.00234937j,  8.01347011e-03+0.17915398j,
            9.70446769e-01-0.04265846j,  3.50208811e-02+0.15108236j],
          [-1.68104948e-04-0.00072655j, -1.39677146e-02+0.00234937j,
            3.50208811e-02+0.15108236j,  9.05698036e-01-0.39428106j]],
         input_dims=(2, 2), output_dims=(2, 2))"
"Operator([[ 9.05698036e-01-0.39428106j,  3.50208811e-02+0.15108236j,
           -1.39677146e-02+0.00234937j, -1.68104948e-04-0.00072655j],
          [ 3.50208811e-02+0.15108236j,  9.70446769e-01-0.04265846j,
            8.01347011e-03+0.17915398j, -1.39677146e-02+0.00234937j],
          [-1.39677146e-02+0.00234937j,  8.01347011e-03+0.17915398j,
            9.70446769e-01-0.04265846j,  3.50208811e-02+0.15108236j],
          [-1.68104948e-04-0.00072655j, -1.39677146e-02+0.00234937j,
            3.50208811e-02+0.15108236j,  9.05698036e-01-0.39428106j]],
         input_dims=(2, 2), output_dims=(2, 2))"
"Operator([[ 9.05698036e-01-0.39428106j,  5.46439896e-02+0.14514261j,
           -1.28672471e-02+0.00592035j, -4.35883390e-04-0.0006051j ],
          [ 1.47857356e-02+0.15438175j,  9.70446769e-01-0.04265846j,
            3.15754740e-02+0.17653146j, -1.28672471e-02+0.00592035j],
          [-1.40960298e-02-0.00138512j, -1.56885800e-02+0.17864555j,
            9.70446769e-01-0.04265846j,  5.46439896e-02+0.14514261j],
          [ 1.25807076e-04-0.00073506j, -1.40960298e-02-0.00138512j,
            1.47857356e-02+0.15438175j,  9.05698036e-01-0.39428106j]],
         input_dims=(2, 2), output_dims=(2, 2))"
"Operator([[ 9.05698036e-01-0.39428106j,  3.50208811e-02+0.15108236j,
           -1.39677146e-02+0.00234937j, -1.68104948e-04-0.00072655j],
          [ 3.50208811e-02+0.15108236j,  9.70446769e-01-0.04265846j,
            8.01347011e-03+0.17915398j, -1.39677146e-02+0.00234937j],
          [-1.39677146e-02+0.00234937j,  8.01347011e-03+0.17915398j,
            9.70446769e-01-0.04265846j,  3.50208811e-02+0.15108236j],
          [-1.68104948e-04-0.00072655j, -1.39677146e-02+0.00234937j,
            3.50208811e-02+0.15108236j,  9.05698036e-01-0.39428106j]],
         input_dims=(2, 2), output_dims=(2, 2))"
"Operator([[ 9.05698036e-01-0.39428106j,  5.70324076e-02+0.14422083j,
           -1.26648076e-02+0.00634187j, -4.65302947e-04-0.00058278j],
          [ 1.22353477e-02+0.15460478j,  9.70446769e-01-0.04265846j,
            3.44851695e-02+0.17598619j, -1.26648076e-02+0.00634187j],
          [-1.40426260e-02-0.00184967j, -1.86353374e-02+0.17836224j,
            9.70446769e-01-0.04265846j,  5.70324076e-02+0.14422083j],
          [ 1.62040220e-04-0.00072793j, -1.40426260e-02-0.00184967j,
            1.22353477e-02+0.15460478j,  9.05698036e-01-0.39428106j]],
         input_dims=(2, 2), output_dims=(2, 2))"
"Operator([[ 9.05698036e-01-0.39428106j, -1.14510550e-01+0.10459291j,
            5.24555067e-03-0.01315678j,  1.43577098e-04+0.00073179j],
          [ 1.48849172e-01+0.04354614j,  9.70446769e-01-0.04265846j,
           -1.52217752e-01+0.09481625j,  5.24555067e-03-0.01315678j],
          [ 9.26108711e-03+0.01071676j,  1.60075108e-01+0.08084754j,
            9.70446769e-01-0.04265846j, -1.14510550e-01+0.10459291j],
          [ 1.92442638e-04+0.00072049j,  9.26108711e-03+0.01071676j,
            1.48849172e-01+0.04354614j,  9.05698036e-01-0.39428106j]],
         input_dims=(2, 2), output_dims=(2, 2))"
"Operator([[ 9.05698036e-01-0.39428106j,  1.31119163e-01-0.08282577j,
            9.47635870e-03-0.01052688j,  2.46292011e-04-0.0007039j ],
          [-1.54187315e-01-0.01669175j,  9.70446769e-01-0.04265846j,
            1.66519474e-01-0.06657049j,  9.47635870e-03-0.01052688j],
          [ 1.23987327e-02+0.00684748j, -1.71797923e-01-0.05143772j,
            9.70446769e-01-0.04265846j,  1.31119163e-01-0.08282577j],
          [-5.30438887e-04-0.00052418j,  1.23987327e-02+0.00684748j,
           -1.54187315e-01-0.01669175j,  9.05698036e-01-0.39428106j]],
         input_dims=(2, 2), output_dims=(2, 2))"
"Operator([[ 9.05698036e-01-0.39428106j,  3.50208811e-02+0.15108236j,
           -1.39677146e-02+0.00234937j, -1.68104948e-04-0.00072655j],
          [ 3.50208811e-02+0.15108236j,  9.70446769e-01-0.04265846j,
            8.01347011e-03+0.17915398j, -1.39677146e-02+0.00234937j],
          [-1.39677146e-02+0.00234937j,  8.01347011e-03+0.17915398j,
            9.70446769e-01-0.04265846j,  3.50208811e-02+0.15108236j],
          [-1.68104948e-04-0.00072655j, -1.39677146e-02+0.00234937j,
            3.50208811e-02+0.15108236j,  9.05698036e-01-0.39428106j]],
         input_dims=(2, 2), output_dims=(2, 2))"
"Operator([[ 9.05698036e-01-3.94281058e-01j,
            1.54869828e-01-8.22671777e-03j,
            1.39279969e-02+2.57439605e-03j,
            7.13149717e-04+2.18064156e-04j],
          [-1.42695205e-01+6.07488359e-02j,
            9.70446769e-01-4.26584628e-02j,
            1.77819714e-01+2.32489684e-02j,
            1.39279969e-02+2.57439605e-03j],
          [ 1.23193942e-02-6.98921587e-03j,
           -1.75033920e-01+3.90319390e-02j,
            9.70446769e-01-4.26584628e-02j,
            1.54869828e-01-8.22671777e-03j],
          [-5.44892841e-04+5.09142697e-04j,
            1.23193942e-02-6.98921587e-03j,
           -1.42695205e-01+6.07488359e-02j,
            9.05698036e-01-3.94281058e-01j]],
         input_dims=(2, 2), output_dims=(2, 2))"
"Operator([[ 9.05698036e-01-0.39428106j,  3.50208811e-02+0.15108236j,
           -1.39677146e-02+0.00234937j, -1.68104948e-04-0.00072655j],
          [ 3.50208811e-02+0.15108236j,  9.70446769e-01-0.04265846j,
            8.01347011e-03+0.17915398j, -1.39677146e-02+0.00234937j],
          [-1.39677146e-02+0.00234937j,  8.01347011e-03+0.17915398j,
            9.70446769e-01-0.04265846j,  3.50208811e-02+0.15108236j],
          [-1.68104948e-04-0.00072655j, -1.39677146e-02+0.00234937j,
            3.50208811e-02+0.15108236j,  9.05698036e-01-0.39428106j]],
         input_dims=(2, 2), output_dims=(2, 2))"
