unitary
"Operator([[ 9.41366246e-01-3.14213578e-01j,
           -1.23475638e-02+1.21941561e-01j,
           -7.98570001e-03-3.64810869e-03j,
            2.22578001e-04-2.86452156e-04j],
          [ 5.42526974e-02+1.09903828e-01j,
            9.81660078e-01-3.43511799e-02j,
           -3.42725532e-02+1.37439416e-01j,
           -7.98570001e-03-3.64810869e-03j],
          [-6.76894620e-03+5.59119568e-03j,
            4.38954842e-02+1.34675118e-01j,
            9.81660078e-01-3.43511799e-02j,
           -1.23475638e-02+1.21941561e-01j],
          [-3.08695093e-04-1.90533839e-04j,
           -6.76894620e-03+5.59119568e-03j,
            5.42526974e-02+1.09903828e-01j,
            9.41366246e-01-3.14213578e-01j]],
         input_dims=(2, 2), output_dims=(2, 2))"
"Operator([[ 9.41366246e-01-0.31421358j,  2.17999268e-02+0.12061082j,
           -8.70437146e-03+0.00114631j, -6.44524569e-05-0.00035699j],
          [ 2.17999268e-02+0.12061082j,  9.81660078e-01-0.03435118j,
            5.00604995e-03+0.14155967j, -8.70437146e-03+0.00114631j],
          [-8.70437146e-03+0.00114631j,  5.00604995e-03+0.14155967j,
            9.81660078e-01-0.03435118j,  2.17999268e-02+0.12061082j],
          [-6.44524569e-05-0.00035699j, -8.70437146e-03+0.00114631j,
            2.17999268e-02+0.12061082j,  9.41366246e-01-0.31421358j]],
         input_dims=(2, 2), output_dims=(2, 2))"
"Operator([[ 9.41366246e-01-0.31421358j,  2.17999268e-02+0.12061082j,
           -8.70437146e-03+0.00114631j, -6.44524569e-05-0.00035699j],
          [ 2.17999268e-02+0.12061082j,  9.81660078e-01-0.03435118j,
            5.00604995e-03+0.14155967j, -8.70437146e-03+0.00114631j],
          [-8.70437146e-03+0.00114631j,  5.00604995e-03+0.14155967j,
            9.81660078e-01-0.03435118j,  2.17999268e-02+0.12061082j],
          [-6.44524569e-05-0.00035699j, -8.70437146e-03+0.00114631j,
            2.17999268e-02+0.12061082j,  9.41366246e-01-0.31421358j]],
         input_dims=(2, 2), output_dims=(2, 2))"
"Operator([[ 9.41366246e-01-0.31421358j,  2.17999268e-02+0.12061082j,
           -8.70437146e-03+0.00114631j, -6.44524569e-05-0.00035699j],
          [ 2.17999268e-02+0.12061082j,  9.81660078e-01-0.03435118j,
            5.00604995e-03+0.14155967j, -8.70437146e-03+0.00114631j],
          [-8.70437146e-03+0.00114631j,  5.00604995e-03+0.14155967j,
            9.81660078e-01-0.03435118j,  2.17999268e-02+0.12061082j],
          [-6.44524569e-05-0.00035699j, -8.70437146e-03+0.00114631j,
            2.17999268e-02+0.12061082j,  9.41366246e-01-0.31421358j]],
         input_dims=(2, 2), output_dims=(2, 2))"
"Operator([[ 9.41366246e-01-0.31421358j,  2.17999268e-02+0.12061082j,
           -8.70437146e-03+0.00114631j, -6.44524569e-05-0.00035699j],
          [ 2.17999268e-02+0.12061082j,  9.81660078e-01-0.03435118j,
            5.00604995e-03+0.14155967j, -8.70437146e-03+0.00114631j],
          [-8.70437146e-03+0.00114631j,  5.00604995e-03+0.14155967j,
            9.81660078e-01-0.03435118j,  2.17999268e-02+0.12061082j],
          [-6.44524569e-05-0.00035699j, -8.70437146e-03+0.00114631j,
            2.17999268e-02+0.12061082j,  9.41366246e-01-0.31421358j]],
         input_dims=(2, 2), output_dims=(2, 2))"
"Operator([[ 9.41366246e-01-0.31421358j,  2.17999268e-02+0.12061082j,
           -8.70437146e-03+0.00114631j, -6.44524569e-05-0.00035699j],
          [ 2.17999268e-02+0.12061082j,  9.81660078e-01-0.03435118j,
            5.00604995e-03+0.14155967j, -8.70437146e-03+0.00114631j],
          [-8.70437146e-03+0.00114631j,  5.00604995e-03+0.14155967j,
            9.81660078e-01-0.03435118j,  2.17999268e-02+0.12061082j],
          [-6.44524569e-05-0.00035699j, -8.70437146e-03+0.00114631j,
            2.17999268e-02+0.12061082j,  9.41366246e-01-0.31421358j]],
         input_dims=(2, 2), output_dims=(2, 2))"
"Operator([[ 9.41366246e-01-0.31421358j,  2.17999268e-02+0.12061082j,
           -8.70437146e-03+0.00114631j, -6.44524569e-05-0.00035699j],
          [ 2.17999268e-02+0.12061082j,  9.81660078e-01-0.03435118j,
            5.00604995e-03+0.14155967j, -8.70437146e-03+0.00114631j],
          [-8.70437146e-03+0.00114631j,  5.00604995e-03+0.14155967j,
            9.81660078e-01-0.03435118j,  2.17999268e-02+0.12061082j],
          [-6.44524569e-05-0.00035699j, -8.70437146e-03+0.00114631j,
            2.17999268e-02+0.12061082j,  9.41366246e-01-0.31421358j]],
         input_dims=(2, 2), output_dims=(2, 2))"
"Operator([[ 9.41366246e-01-3.14213578e-01j,
           -2.84193181e-02-1.19224784e-01j,
           -8.52514611e-03+2.09809090e-03j,
            1.22403435e-04+3.41486754e-04j],
          [-1.51141623e-02-1.21629638e-01j,
            9.81660078e-01-3.43511799e-02j,
           -1.28064909e-02-1.41068050e-01j,
           -8.52514611e-03+2.09809090e-03j],
          [-8.77767026e-03+1.80572840e-04j,
            2.80963271e-03-1.41620291e-01j,
            9.81660078e-01-3.43511799e-02j,
           -2.84193181e-02-1.19224784e-01j],
          [ 4.73894261e-06+3.62730405e-04j,
           -8.77767026e-03+1.80572840e-04j,
           -1.51141623e-02-1.21629638e-01j,
            9.41366246e-01-3.14213578e-01j]],
         input_dims=(2, 2), output_dims=(2, 2))"
"Operator([[ 9.41366246e-01-3.14213578e-01j,
           -6.16447848e-02-1.05934542e-01j,
           -5.94231348e-03+6.46289504e-03j,
            3.41068350e-04+1.23564497e-04j],
          [ 2.06614173e-02-1.20811061e-01j,
            9.81660078e-01-3.43511799e-02j,
           -5.30065990e-02-1.31356391e-01j,
           -5.94231348e-03+6.46289504e-03j],
          [-7.41293107e-03-4.70409977e-03j,
            4.35953387e-02-1.34772577e-01j,
            9.81660078e-01-3.43511799e-02j,
           -6.16447848e-02-1.05934542e-01j],
          [-2.76325896e-04+2.35031494e-04j,
           -7.41293107e-03-4.70409977e-03j,
            2.06614173e-02-1.20811061e-01j,
            9.41366246e-01-3.14213578e-01j]],
         input_dims=(2, 2), output_dims=(2, 2))"
"Operator([[ 9.41366246e-01-3.14213578e-01j,
           -8.58804052e-02-8.74457699e-02j,
           -2.12742901e-03+8.51787224e-03j,
            3.34057686e-04-1.41425834e-04j],
          [ 4.98357262e-02-1.11975922e-01j,
            9.81660078e-01-3.43511799e-02j,
           -8.37828889e-02-1.14213084e-01j,
           -2.12742901e-03+8.51787224e-03j],
          [-4.26014089e-03-7.67667254e-03j,
            7.55057298e-02-1.19846092e-01j,
            9.81660078e-01-3.43511799e-02j,
           -8.58804052e-02-8.74457699e-02j],
          [-3.62422310e-04-1.56803571e-05j,
           -4.26014089e-03-7.67667254e-03j,
            4.98357262e-02-1.11975922e-01j,
            9.41366246e-01-3.14213578e-01j]],
         input_dims=(2, 2), output_dims=(2, 2))"
"Operator([[ 9.41366246e-01-3.14213578e-01j,
           -1.00342822e-01-7.03812812e-02j,
            1.05767748e-03+8.71558490e-03j,
            2.11379363e-04-2.94812770e-04j],
          [ 6.93566151e-02-1.01053781e-01j,
            9.81660078e-01-3.43511799e-02j,
           -1.03145012e-01-9.70840225e-02j,
            1.05767748e-03+8.71558490e-03j],
          [-1.23481738e-03-8.69225677e-03j,
            9.60294608e-02-1.04127535e-01j,
            9.81660078e-01-3.43511799e-02j,
           -1.00342822e-01-7.03812812e-02j],
          [-3.01127098e-04-2.02282662e-04j,
           -1.23481738e-03-8.69225677e-03j,
            6.93566151e-02-1.01053781e-01j,
            9.41366246e-01-3.14213578e-01j]],
         input_dims=(2, 2), output_dims=(2, 2))"
"Operator([[ 9.41366246e-01-0.31421358j,  2.17999268e-02+0.12061082j,
           -8.70437146e-03+0.00114631j, -6.44524569e-05-0.00035699j],
          [ 2.17999268e-02+0.12061082j,  9.81660078e-01-0.03435118j,
            5.00604995e-03+0.14155967j, -8.70437146e-03+0.00114631j],
          [-8.70437146e-03+0.00114631j,  5.00604995e-03+0.14155967j,
            9.81660078e-01-0.03435118j,  2.17999268e-02+0.12061082j],
          [-6.44524569e-05-0.00035699j, -8.70437146e-03+0.00114631j,
            2.17999268e-02+0.12061082j,  9.41366246e-01-0.31421358j]],
         input_dims=(2, 2), output_dims=(2, 2))"
"Operator([[ 9.41366246e-01-0.31421358j,  2.17999268e-02+0.12061082j,
           -8.70437146e-03+0.00114631j, -6.44524569e-05-0.00035699j],
          [ 2.17999268e-02+0.12061082j,  9.81660078e-01-0.03435118j,
            5.00604995e-03+0.14155967j, -8.70437146e-03+0.00114631j],
          [-8.70437146e-03+0.00114631j,  5.00604995e-03+0.14155967j,
            9.81660078e-01-0.03435118j,  2.17999268e-02+0.12061082j],
          [-6.44524569e-05-0.00035699j, -8.70437146e-03+0.00114631j,
            2.17999268e-02+0.12061082j,  9.41366246e-01-0.31421358j]],
         input_dims=(2, 2), output_dims=(2, 2))"
"Operator([[ 9.41366246e-01-3.14213578e-01j,
           -1.18869071e-01+2.98722372e-02j,
            8.47139966e-03-2.30553453e-03j,
           -3.36777297e-04+1.34821572e-04j],
          [ 1.21805035e-01-1.36286519e-02j,
            9.81660078e-01-3.43511799e-02j,
           -1.40901252e-01+1.45271510e-02j,
            8.47139966e-03-2.30553453e-03j],
          [ 8.77946269e-03+3.37127810e-05j,
            1.41575455e-01+4.53777696e-03j,
            9.81660078e-01-3.43511799e-02j,
           -1.18869071e-01+2.98722372e-02j],
          [ 3.62660775e-04+8.54203113e-06j,
            8.77946269e-03+3.37127810e-05j,
            1.21805035e-01-1.36286519e-02j,
            9.41366246e-01-3.14213578e-01j]],
         input_dims=(2, 2), output_dims=(2, 2))"
