unitary
"Operator([[ 0.86042181-4.73111906e-01j,  0.18515375-3.33564586e-02j,
            0.02104798-5.76409786e-05j,  0.0013562 +3.17607392e-05j],
          [-0.1747723 +6.96362617e-02j,  0.95614826-5.04835675e-02j,
            0.21746923+1.00726247e-02j,  0.02104798-5.76409786e-05j],
          [ 0.01934886-8.28507072e-03j, -0.21510478+3.35299432e-02j,
            0.95614826-5.04835675e-02j,  0.18515375-3.33564586e-02j],
          [-0.00113522+7.42682031e-04j,  0.01934886-8.28507072e-03j,
           -0.1747723 +6.96362617e-02j,  0.86042181-4.73111906e-01j]],
         input_dims=(2, 2), output_dims=(2, 2))"
"Operator([[ 8.60421815e-01-0.47311191j,  1.63790303e-01-0.09255972j,
            1.64324595e-02-0.01315276j,  7.50036290e-04-0.00113037j],
          [-1.87960256e-01+0.00809359j,  9.56148263e-01-0.05048357j,
            2.08621746e-01-0.06221969j,  1.64324595e-02-0.01315276j],
          [ 2.02984710e-02+0.00556713j, -2.14126624e-01-0.03929519j,
            9.56148263e-01-0.05048357j,  1.63790303e-01-0.09255972j],
          [-1.23361796e-03-0.00056434j,  2.02984710e-02+0.00556713j,
           -1.87960256e-01+0.00809359j,  8.60421815e-01-0.47311191j]],
         input_dims=(2, 2), output_dims=(2, 2))"
"Operator([[ 8.60421815e-01-0.47311191j,  1.40859555e-01-0.12471227j,
            9.62988463e-03-0.01871593j, -6.11219537e-05-0.0013552j ],
          [-1.85508735e-01-0.03132209j,  9.56148263e-01-0.05048357j,
            1.91036872e-01-0.10439941j,  9.62988463e-03-0.01871593j],
          [ 1.62562286e-02+0.01336996j, -2.01206038e-01-0.08312914j,
            9.56148263e-01-0.05048357j,  1.40859555e-01-0.12471227j],
          [-6.63255382e-04-0.00118338j,  1.62562286e-02+0.01336996j,
           -1.85508735e-01-0.03132209j,  8.60421815e-01-0.47311191j]],
         input_dims=(2, 2), output_dims=(2, 2))"
"Operator([[ 8.60421815e-01-0.47311191j,  1.28771117e-01-0.1371589j ,
            6.03258993e-03-0.02016504j, -4.29108262e-04-0.00128692j],
          [-1.81834194e-01-0.04827929j,  9.56148263e-01-0.05048357j,
            1.80606410e-01-0.12155512j,  6.03258993e-03-0.02016504j],
          [ 1.35272828e-02+0.01612555j, -1.92691900e-01-0.10131216j,
            9.56148263e-01-0.05048357j,  1.28771117e-01-0.1371589j ],
          [-3.14650547e-04-0.00131958j,  1.35272828e-02+0.01612555j,
           -1.81834194e-01-0.04827929j,  8.60421815e-01-0.47311191j]],
         input_dims=(2, 2), output_dims=(2, 2))"
"Operator([[ 8.60421815e-01-0.47311191j,  1.25126504e-01-0.14049172j,
            4.96602946e-03-0.02045384j, -5.29024850e-04-0.00124917j],
          [-1.80504273e-01-0.05303557j,  9.56148263e-01-0.05048357j,
            1.77353516e-01-0.12625392j,  4.96602946e-03-0.02045384j],
          [ 1.26623841e-02+0.01681324j, -1.89966193e-01-0.10633517j,
            9.56148263e-01-0.05048357j,  1.25126504e-01-0.14049172j],
          [-2.09859105e-04-0.00134024j,  1.26623841e-02+0.01681324j,
           -1.80504273e-01-0.05303557j,  8.60421815e-01-0.47311191j]],
         input_dims=(2, 2), output_dims=(2, 2))"
"Operator([[ 8.60421815e-01-0.47311191j, -1.87662824e-01-0.01331273j,
            1.85177302e-02+0.01000573j, -9.73323687e-04-0.00094495j],
          [ 1.52214267e-01-0.11056844j,  9.56148263e-01-0.05048357j,
           -2.08276002e-01-0.06336742j,  1.85177302e-02+0.01000573j],
          [ 1.30390875e-02-0.0165228j ,  2.00202343e-01-0.08551809j,
            9.56148263e-01-0.05048357j, -1.87662824e-01-0.01331273j],
          [ 3.28078929e-04-0.0013163j ,  1.30390875e-02-0.0165228j ,
            1.52214267e-01-0.11056844j,  8.60421815e-01-0.47311191j]],
         input_dims=(2, 2), output_dims=(2, 2))"
"Operator([[ 8.60421815e-01-0.47311191j,  5.17573063e-02+0.18087494j,
           -2.06130761e-02+0.00425699j, -3.72237781e-04-0.0013045j ],
          [ 5.17573063e-02+0.18087494j,  9.56148263e-01-0.05048357j,
            1.17880916e-02+0.21738299j, -2.06130761e-02+0.00425699j],
          [-2.06130761e-02+0.00425699j,  1.17880916e-02+0.21738299j,
            9.56148263e-01-0.05048357j,  5.17573063e-02+0.18087494j],
          [-3.72237781e-04-0.0013045j , -2.06130761e-02+0.00425699j,
            5.17573063e-02+0.18087494j,  8.60421815e-01-0.47311191j]],
         input_dims=(2, 2), output_dims=(2, 2))"
"Operator([[ 8.60421815e-01-0.47311191j,  5.17573063e-02+0.18087494j,
           -2.06130761e-02+0.00425699j, -3.72237781e-04-0.0013045j ],
          [ 5.17573063e-02+0.18087494j,  9.56148263e-01-0.05048357j,
            1.17880916e-02+0.21738299j, -2.06130761e-02+0.00425699j],
          [-2.06130761e-02+0.00425699j,  1.17880916e-02+0.21738299j,
            9.56148263e-01-0.05048357j,  5.17573063e-02+0.18087494j],
          [-3.72237781e-04-0.0013045j , -2.06130761e-02+0.00425699j,
            5.17573063e-02+0.18087494j,  8.60421815e-01-0.47311191j]],
         input_dims=(2, 2), output_dims=(2, 2))"
"Operator([[ 8.60421815e-01-0.47311191j,  5.17573063e-02+0.18087494j,
           -2.06130761e-02+0.00425699j, -3.72237781e-04-0.0013045j ],
          [ 5.17573063e-02+0.18087494j,  9.56148263e-01-0.05048357j,
            1.17880916e-02+0.21738299j, -2.06130761e-02+0.00425699j],
          [-2.06130761e-02+0.00425699j,  1.17880916e-02+0.21738299j,
            9.56148263e-01-0.05048357j,  5.17573063e-02+0.18087494j],
          [-3.72237781e-04-0.0013045j , -2.06130761e-02+0.00425699j,
            5.17573063e-02+0.18087494j,  8.60421815e-01-0.47311191j]],
         input_dims=(2, 2), output_dims=(2, 2))"
