unitary
"Operator([[ 0.77344283-0.58634141j,  0.08375764+0.22311568j,
           -0.03326202+0.00891263j, -0.00100171-0.00268132j],
          [ 0.08375764+0.22311568j,  0.92846514-0.0607864j ,
            0.01889794+0.27553332j, -0.03326202+0.00891263j],
          [-0.03326202+0.00891263j,  0.01889794+0.27553332j,
            0.92846514-0.0607864j ,  0.08375764+0.22311568j],
          [-0.00100171-0.00268132j, -0.03326202+0.00891263j,
            0.08375764+0.22311568j,  0.77344283-0.58634141j]],
         input_dims=(2, 2), output_dims=(2, 2))"
"Operator([[ 7.73442832e-01-0.58634141j,  1.23166420e-01+0.20402446j,
           -2.78286418e-02+0.0202821j , -2.25900983e-03-0.00175777j],
          [ 4.15210596e-02+0.23467414j,  9.28465144e-01-0.0607864j ,
            6.89922757e-02+0.2674244j , -2.78286418e-02+0.0202821j ],
          [-3.42413816e-02-0.0036503j , -3.18344240e-02+0.27433978j,
            9.28465144e-01-0.0607864j ,  1.23166420e-01+0.20402446j],
          [ 5.53148686e-04-0.00280836j, -3.42413816e-02-0.0036503j ,
            4.15210596e-02+0.23467414j,  7.73442832e-01-0.58634141j]],
         input_dims=(2, 2), output_dims=(2, 2))"
"Operator([[ 0.77344283-0.58634141j,  0.08375764+0.22311568j,
           -0.03326202+0.00891263j, -0.00100171-0.00268132j],
          [ 0.08375764+0.22311568j,  0.92846514-0.0607864j ,
            0.01889794+0.27553332j, -0.03326202+0.00891263j],
          [-0.03326202+0.00891263j,  0.01889794+0.27553332j,
            0.92846514-0.0607864j ,  0.08375764+0.22311568j],
          [-0.00100171-0.00268132j, -0.03326202+0.00891263j,
            0.08375764+0.22311568j,  0.77344283-0.58634141j]],
         input_dims=(2, 2), output_dims=(2, 2))"
"Operator([[ 0.77344283-0.58634141j,  0.21236673+0.10814954j,
            0.00590398+0.03392551j, -0.00152555+0.0024219j ],
          [-0.08873519+0.22118321j,  0.92846514-0.0607864j ,
            0.19986789+0.19060055j,  0.00590398+0.03392551j],
          [-0.01184994-0.03233227j, -0.17197335+0.21610394j,
            0.92846514-0.0607864j ,  0.21236673+0.10814954j],
          [ 0.00273983+0.0008284j , -0.01184994-0.03233227j,
           -0.08873519+0.22118321j,  0.77344283-0.58634141j]],
         input_dims=(2, 2), output_dims=(2, 2))"
"Operator([[ 0.77344283-0.58634141j,  0.2130751 +0.10674713j,
            0.00635077+0.03384471j, -0.00147736+0.00245159j],
          [-0.09019144+0.22059341j,  0.92846514-0.0607864j ,
            0.20112011+0.18927875j,  0.00635077+0.03384471j],
          [-0.01142261-0.0324857j , -0.17339431+0.21496548j,
            0.92846514-0.0607864j ,  0.2130751 +0.10674713j],
          [ 0.00272291+0.00088242j, -0.01142261-0.0324857j ,
           -0.09019144+0.22059341j,  0.77344283-0.58634141j]],
         input_dims=(2, 2), output_dims=(2, 2))"
"Operator([[ 7.73442832e-01-0.58634141j,  1.37626083e-01-0.19456364j,
            4.01763680e-03-0.03420023j, -1.55620096e-03-0.00240232j],
          [-2.31662428e-01-0.05593271j,  9.28465144e-01-0.0607864j ,
            2.17415079e-01-0.17031274j,  4.01763680e-03-0.03420023j],
          [ 2.05796476e-02+0.02760933j, -2.38632166e-01-0.13903393j,
            9.28465144e-01-0.0607864j ,  1.37626083e-01-0.19456364j],
          [-4.00114264e-04-0.00283422j,  2.05796476e-02+0.02760933j,
           -2.31662428e-01-0.05593271j,  7.73442832e-01-0.58634141j]],
         input_dims=(2, 2), output_dims=(2, 2))"
"Operator([[ 0.77344283-5.86341408e-01j,  0.02067469-2.37420525e-01j,
           -0.02782144-2.02919765e-02j, -0.00237781+1.59339214e-03j],
          [-0.17180483-1.65163699e-01j,  0.92846514-6.07863960e-02j,
            0.10180036-2.56734166e-01j, -0.02782144-2.02919765e-02j],
          [-0.0139479 +3.14841678e-02j, -0.13589931-2.40431115e-01j,
            0.92846514-6.07863960e-02j,  0.02067469-2.37420525e-01j],
          [ 0.0028401 -3.55965939e-04j, -0.0139479 +3.14841678e-02j,
           -0.17180483-1.65163699e-01j,  0.77344283-5.86341408e-01j]],
         input_dims=(2, 2), output_dims=(2, 2))"
