unitary
"Operator([[ 0.37794656+0.62263254j, -0.21715476-0.37432295j,
            0.05907815+0.36311297j, -0.17124007+0.34285104j],
          [-0.21715476-0.37432295j, -0.05533329+0.17745746j,
           -0.28555364+0.74919362j,  0.05907815+0.36311297j],
          [ 0.05907815+0.36311297j, -0.28555364+0.74919362j,
           -0.05533329+0.17745746j, -0.21715476-0.37432295j],
          [-0.17124007+0.34285104j,  0.05907815+0.36311297j,
           -0.21715476-0.37432295j,  0.37794656+0.62263254j]],
         input_dims=(2, 2), output_dims=(2, 2))"
"Operator([[ 0.37794656+0.62263254j, -0.37467625+0.2165446j ,
           -0.05789464-0.36330355j, -0.34200998-0.17291378j],
          [ 0.37396866-0.21776433j, -0.05533329+0.17745746j,
            0.74872739+0.28677387j, -0.05789464-0.36330355j],
          [-0.06026103-0.36291854j, -0.74965786-0.28433264j,
           -0.05533329+0.17745746j, -0.37467625+0.2165446j ],
          [ 0.34368392+0.16956227j, -0.06026103-0.36291854j,
            0.37396866-0.21776433j,  0.37794656+0.62263254j]],
         input_dims=(2, 2), output_dims=(2, 2))"
"Operator([[ 0.37794656+0.62263254j, -0.3461692 +0.25969355j,
           -0.14230512-0.33924993j, -0.38094608-0.04183397j],
          [ 0.39727545-0.17159858j, -0.05533329+0.17745746j,
            0.77759036+0.19541031j, -0.14230512-0.33924993j],
          [ 0.02742099-0.36686421j, -0.71038678-0.37172917j,
           -0.05533329+0.17745746j, -0.3461692 +0.25969355j],
          [ 0.26227681+0.27942955j,  0.02742099-0.36686421j,
            0.39727545-0.17159858j,  0.37794656+0.62263254j]],
         input_dims=(2, 2), output_dims=(2, 2))"
"Operator([[ 0.37794656+0.62263254j, -0.33062801+0.27921135j,
           -0.18039619-0.32062201j, -0.38246127+0.02435937j],
          [ 0.40650427-0.1484188j , -0.05533329+0.17745746j,
            0.78755936+0.15027379j, -0.18039619-0.32062201j],
          [ 0.06945262-0.36127219j, -0.68778378-0.41205027j,
           -0.05533329+0.17745746j, -0.33062801+0.27921135j],
          [ 0.2102667 +0.32040274j,  0.06945262-0.36127219j,
            0.40650427-0.1484188j ,  0.37794656+0.62263254j]],
         input_dims=(2, 2), output_dims=(2, 2))"
"Operator([[ 0.37794656+0.62263254j,  0.37045048+0.22369689j,
            0.33801496+0.14521413j, -0.33096907-0.19320837j],
          [ 0.01030164+0.43262886j, -0.05533329+0.17745746j,
           -0.11007207-0.79417636j,  0.33801496+0.14521413j],
          [-0.27454741+0.24487747j,  0.61075258-0.5194355j ,
           -0.05533329+0.17745746j,  0.37045048+0.22369689j],
          [ 0.35327686+0.14854448j, -0.27454741+0.24487747j,
            0.01030164+0.43262886j,  0.37794656+0.62263254j]],
         input_dims=(2, 2), output_dims=(2, 2))"
"Operator([[ 0.37794656+0.62263254j, -0.21715476-0.37432295j,
            0.05907815+0.36311297j, -0.17124007+0.34285104j],
          [-0.21715476-0.37432295j, -0.05533329+0.17745746j,
           -0.28555364+0.74919362j,  0.05907815+0.36311297j],
          [ 0.05907815+0.36311297j, -0.28555364+0.74919362j,
           -0.05533329+0.17745746j, -0.21715476-0.37432295j],
          [-0.17124007+0.34285104j,  0.05907815+0.36311297j,
           -0.21715476-0.37432295j,  0.37794656+0.62263254j]],
         input_dims=(2, 2), output_dims=(2, 2))"
"Operator([[ 0.37794656+0.62263254j,  0.34803537-0.25718716j,
           -0.13739109-0.34126961j,  0.37995054+0.05007579j],
          [-0.39602602+0.17446275j, -0.05533329+0.17745746j,
           -0.77615907-0.20102005j, -0.13739109-0.34126961j],
          [ 0.02212016-0.36722195j,  0.71305245+0.36658991j,
           -0.05533329+0.17745746j,  0.34803537-0.25718716j],
          [-0.26826797-0.27368284j,  0.02212016-0.36722195j,
           -0.39602602+0.17446275j,  0.37794656+0.62263254j]],
         input_dims=(2, 2), output_dims=(2, 2))"
