unitary
"Operator([[-0.28186732-0.77701398j,  0.29553596+0.41938665j,
           -0.22254813-0.03136872j,  0.01621154-0.05290497j],
          [ 0.5111555 +0.04412167j,  0.55222849-0.01350588j,
           -0.18532031+0.58887973j, -0.22254813-0.03136872j],
          [ 0.00692786+0.2246412j ,  0.33103001+0.521097j  ,
            0.55222849-0.01350588j,  0.29553596+0.41938665j],
          [-0.04069925+0.03748762j,  0.00692786+0.2246412j ,
            0.5111555 +0.04412167j, -0.28186732-0.77701398j]],
         input_dims=(2, 2), output_dims=(2, 2))"
"Operator([[-0.28186732-0.77701398j,  0.44485248+0.25560309j,
           -0.16735679+0.15001124j, -0.04682539-0.02948106j],
          [ 0.44485248+0.25560309j,  0.55222849-0.01350588j,
            0.08035206+0.61210007j, -0.16735679+0.15001124j],
          [-0.16735679+0.15001124j,  0.08035206+0.61210007j,
            0.55222849-0.01350588j,  0.44485248+0.25560309j],
          [-0.04682539-0.02948106j, -0.16735679+0.15001124j,
            0.44485248+0.25560309j, -0.28186732-0.77701398j]],
         input_dims=(2, 2), output_dims=(2, 2))"
"Operator([[-0.28186732-0.77701398j,  0.30397983-0.4133073j ,
            0.19663433-0.10884212j,  0.04333617-0.03440532j],
          [-0.20398753+0.47076082j,  0.55222849-0.01350588j,
            0.61725266-0.01105018j,  0.19663433-0.10884212j],
          [ 0.12962365-0.18360113j, -0.59919142+0.14863578j,
            0.55222849-0.01350588j,  0.30397983-0.4133073j ],
          [-0.01229224+0.05395045j,  0.12962365-0.18360113j,
           -0.20398753+0.47076082j, -0.28186732-0.77701398j]],
         input_dims=(2, 2), output_dims=(2, 2))"
"Operator([[-0.28186732-0.77701398j,  0.44485248+0.25560309j,
           -0.16735679+0.15001124j, -0.04682539-0.02948106j],
          [ 0.44485248+0.25560309j,  0.55222849-0.01350588j,
            0.08035206+0.61210007j, -0.16735679+0.15001124j],
          [-0.16735679+0.15001124j,  0.08035206+0.61210007j,
            0.55222849-0.01350588j,  0.44485248+0.25560309j],
          [-0.04682539-0.02948106j, -0.16735679+0.15001124j,
            0.44485248+0.25560309j, -0.28186732-0.77701398j]],
         input_dims=(2, 2), output_dims=(2, 2))"
"Operator([[-0.28186732-0.77701398j,  0.43977779-0.26423884j,
            0.21563933+0.06333519j,  0.04813387+0.02729251j],
          [-0.00681396+0.51301095j,  0.55222849-0.01350588j,
            0.57383539+0.22767499j,  0.21563933+0.06333519j],
          [-0.03945687-0.22125736j, -0.49563073+0.36806675j,
            0.55222849-0.01350588j,  0.43977779-0.26423884j],
          [ 0.04541748+0.03160701j, -0.03945687-0.22125736j,
           -0.00681396+0.51301095j, -0.28186732-0.77701398j]],
         input_dims=(2, 2), output_dims=(2, 2))"
