unitary
"Operator([[ 8.69959337e-01-0.45800519j, -1.80866186e-01-0.01743688j,
            1.68733265e-02+0.00995918j, -8.24788308e-04-0.0008953j ],
          [ 1.46448889e-01-0.10756089j,  9.59166425e-01-0.04901741j,
           -2.00050313e-01-0.06462521j,  1.68733265e-02+0.00995918j],
          [ 1.17765778e-02-0.01565907j,  1.92203738e-01-0.08517199j,
            9.59166425e-01-0.04901741j, -1.80866186e-01-0.01743688j],
          [ 2.51838424e-04-0.00119097j,  1.17765778e-02-0.01565907j,
            1.46448889e-01-0.10756089j,  8.69959337e-01-0.45800519j]],
         input_dims=(2, 2), output_dims=(2, 2))"
"Operator([[ 0.86995934-4.58005189e-01j, -0.17664945+4.25628053e-02j,
            0.01942305-2.57669675e-03j, -0.00119949+2.07482751e-04j],
          [ 0.17353905-5.38592506e-02j,  0.95916643-4.90174130e-02j,
           -0.21018733+4.22249244e-03j,  0.01942305-2.57669675e-03j],
          [ 0.01893026-5.05369049e-03j,  0.20947821-1.77601409e-02j,
            0.95916643-4.90174130e-02j, -0.17664945+4.25628053e-02j],
          [ 0.00113722-4.34246168e-04j,  0.01893026-5.05369049e-03j,
            0.17353905-5.38592506e-02j,  0.86995934-4.58005189e-01j]],
         input_dims=(2, 2), output_dims=(2, 2))"
"Operator([[ 8.69959337e-01-4.58005189e-01j,
           -1.65710794e-01+7.45423013e-02j,
            1.71527350e-02-9.46984974e-03j,
           -9.07013066e-04+8.11885672e-04j],
          [ 1.80511749e-01-2.07877529e-02j,
            9.59166425e-01-4.90174130e-02j,
           -2.05769184e-01+4.30765354e-02j,
            1.71527350e-02-9.46984974e-03j],
          [ 1.94711731e-02+2.18352669e-03j,
            2.09143557e-01+2.13428604e-02j,
            9.59166425e-01-4.90174130e-02j,
           -1.65710794e-01+7.45423013e-02j],
          [ 1.19445309e-03+2.34761310e-04j,
            1.94711731e-02+2.18352669e-03j,
            1.80511749e-01-2.07877529e-02j,
            8.69959337e-01-4.58005189e-01j]],
         input_dims=(2, 2), output_dims=(2, 2))"
"Operator([[ 0.86995934-4.58005189e-01j, -0.16773115+6.98776401e-02j,
            0.01765549-8.49576495e-03j, -0.00097188+7.32990478e-04j],
          [ 0.17985961-2.58291411e-02j,  0.95916643-4.90174130e-02j,
           -0.20689366+3.73036193e-02j,  0.01765549-8.49576495e-03j],
          [ 0.01956281+1.09118682e-03j,  0.20965874+1.54840568e-02j,
            0.95916643-4.90174130e-02j, -0.16773115+6.98776401e-02j],
          [ 0.00120993+1.33800842e-04j,  0.01956281+1.09118682e-03j,
            0.17985961-2.58291411e-02j,  0.86995934-4.58005189e-01j]],
         input_dims=(2, 2), output_dims=(2, 2))"
"Operator([[ 8.69959337e-01-0.45800519j, -1.74477554e-01-0.05073662j,
            1.20722251e-02+0.0154323j , -2.22482159e-04-0.0011968j ],
          [ 1.23915246e-01-0.13289708j,  9.59166425e-01-0.04901741j,
           -1.84560498e-01-0.10066761j,  1.20722251e-02+0.0154323j ],
          [ 5.24623449e-03-0.0188778j ,  1.73033129e-01-0.11939883j,
            9.59166425e-01-0.04901741j, -1.74477554e-01-0.05073662j],
          [-4.19976067e-04-0.00114256j,  5.24623449e-03-0.0188778j ,
            1.23915246e-01-0.13289708j,  8.69959337e-01-0.45800519j]],
         input_dims=(2, 2), output_dims=(2, 2))"
"Operator([[ 8.69959337e-01-0.45800519j,  4.82361054e-02+0.17518533j,
           -1.92166063e-02+0.00382314j, -3.22371794e-04-0.00117384j],
          [ 4.82361054e-02+0.17518533j,  9.59166425e-01-0.04901741j,
            1.09970339e-02+0.20994192j, -1.92166063e-02+0.00382314j],
          [-1.92166063e-02+0.00382314j,  1.09970339e-02+0.20994192j,
            9.59166425e-01-0.04901741j,  4.82361054e-02+0.17518533j],
          [-3.22371794e-04-0.00117384j, -1.92166063e-02+0.00382314j,
            4.82361054e-02+0.17518533j,  8.69959337e-01-0.45800519j]],
         input_dims=(2, 2), output_dims=(2, 2))"
"Operator([[ 8.69959337e-01-0.45800519j,  4.82361054e-02+0.17518533j,
           -1.92166063e-02+0.00382314j, -3.22371794e-04-0.00117384j],
          [ 4.82361054e-02+0.17518533j,  9.59166425e-01-0.04901741j,
            1.09970339e-02+0.20994192j, -1.92166063e-02+0.00382314j],
          [-1.92166063e-02+0.00382314j,  1.09970339e-02+0.20994192j,
            9.59166425e-01-0.04901741j,  4.82361054e-02+0.17518533j],
          [-3.22371794e-04-0.00117384j, -1.92166063e-02+0.00382314j,
            4.82361054e-02+0.17518533j,  8.69959337e-01-0.45800519j]],
         input_dims=(2, 2), output_dims=(2, 2))"
"Operator([[ 8.69959337e-01-0.45800519j,  4.82361054e-02+0.17518533j,
           -1.92166063e-02+0.00382314j, -3.22371794e-04-0.00117384j],
          [ 4.82361054e-02+0.17518533j,  9.59166425e-01-0.04901741j,
            1.09970339e-02+0.20994192j, -1.92166063e-02+0.00382314j],
          [-1.92166063e-02+0.00382314j,  1.09970339e-02+0.20994192j,
            9.59166425e-01-0.04901741j,  4.82361054e-02+0.17518533j],
          [-3.22371794e-04-0.00117384j, -1.92166063e-02+0.00382314j,
            4.82361054e-02+0.17518533j,  8.69959337e-01-0.45800519j]],
         input_dims=(2, 2), output_dims=(2, 2))"
"Operator([[ 8.69959337e-01-0.45800519j,  1.81094556e-01+0.01487897j,
            1.71480621e-02+0.00947831j,  8.61996333e-04+0.00085953j],
          [-1.47954411e-01+0.1054804j ,  9.59166425e-01-0.04901741j,
            2.00943675e-01+0.06179146j,  1.71480621e-02+0.00947831j],
          [ 1.22144455e-02-0.01531998j, -1.93388270e-01+0.08244709j,
            9.59166425e-01-0.04901741j,  1.81094556e-01+0.01487897j],
          [-3.02094221e-04+0.00117922j,  1.22144455e-02-0.01531998j,
           -1.47954411e-01+0.1054804j ,  8.69959337e-01-0.45800519j]],
         input_dims=(2, 2), output_dims=(2, 2))"
"Operator([[ 8.69959337e-01-4.58005189e-01j,
            1.48838598e-01+1.04229045e-01j,
            1.56360275e-04+1.95925987e-02j,
           -8.73227804e-04+8.48118062e-04j],
          [-7.45082588e-02+1.65726104e-01j,
            9.59166425e-01-4.90174130e-02j,
            1.42302366e-01+1.54746831e-01j,
            1.56360275e-04+1.95925987e-02j],
          [-7.35461638e-03-1.81605063e-02j,
           -1.25356278e-01+1.68767143e-01j,
            9.59166425e-01-4.90174130e-02j,
            1.48838598e-01+1.04229045e-01j],
          [ 1.18391194e-03+2.83167036e-04j,
           -7.35461638e-03-1.81605063e-02j,
           -7.45082588e-02+1.65726104e-01j,
            8.69959337e-01-4.58005189e-01j]],
         input_dims=(2, 2), output_dims=(2, 2))"
"Operator([[ 8.69959337e-01-0.45800519j,  8.06492041e-02+0.16282607j,
           -1.64019750e-02+0.01071772j, -9.07779829e-04-0.00081103j],
          [ 1.40649402e-02+0.1811596j ,  9.59166425e-01-0.04901741j,
            5.06938857e-02+0.20402616j, -1.64019750e-02+0.01071772j],
          [-1.92552058e-02-0.00362373j, -2.91006279e-02+0.2082059j ,
            9.59166425e-01-0.04901741j,  8.06492041e-02+0.16282607j],
          [ 3.66228110e-04-0.00116091j, -1.92552058e-02-0.00362373j,
            1.40649402e-02+0.1811596j ,  8.69959337e-01-0.45800519j]],
         input_dims=(2, 2), output_dims=(2, 2))"
"Operator([[ 8.69959337e-01-0.45800519j,  4.82361054e-02+0.17518533j,
           -1.92166063e-02+0.00382314j, -3.22371794e-04-0.00117384j],
          [ 4.82361054e-02+0.17518533j,  9.59166425e-01-0.04901741j,
            1.09970339e-02+0.20994192j, -1.92166063e-02+0.00382314j],
          [-1.92166063e-02+0.00382314j,  1.09970339e-02+0.20994192j,
            9.59166425e-01-0.04901741j,  4.82361054e-02+0.17518533j],
          [-3.22371794e-04-0.00117384j, -1.92166063e-02+0.00382314j,
            4.82361054e-02+0.17518533j,  8.69959337e-01-0.45800519j]],
         input_dims=(2, 2), output_dims=(2, 2))"
"Operator([[ 8.69959337e-01-0.45800519j,  4.82361054e-02+0.17518533j,
           -1.92166063e-02+0.00382314j, -3.22371794e-04-0.00117384j],
          [ 4.82361054e-02+0.17518533j,  9.59166425e-01-0.04901741j,
            1.09970339e-02+0.20994192j, -1.92166063e-02+0.00382314j],
          [-1.92166063e-02+0.00382314j,  1.09970339e-02+0.20994192j,
            9.59166425e-01-0.04901741j,  4.82361054e-02+0.17518533j],
          [-3.22371794e-04-0.00117384j, -1.92166063e-02+0.00382314j,
            4.82361054e-02+0.17518533j,  8.69959337e-01-0.45800519j]],
         input_dims=(2, 2), output_dims=(2, 2))"
"Operator([[ 0.86995934-4.58005189e-01j, -0.17717722+4.03094655e-02j,
            0.01948238-2.08113928e-03j, -0.00120654+1.61509381e-04j],
          [ 0.172839  -5.60651540e-02j,  0.95916643-4.90174130e-02j,
           -0.21022407+1.54510877e-03j,  0.01948238-2.08113928e-03j],
          [ 0.01879539-5.53422042e-03j,  0.20923502-2.04267098e-02j,
            0.95916643-4.90174130e-02j, -0.17717722+4.03094655e-02j],
          [ 0.0011198 -4.77372115e-04j,  0.01879539-5.53422042e-03j,
            0.172839  -5.60651540e-02j,  0.86995934-4.58005189e-01j]],
         input_dims=(2, 2), output_dims=(2, 2))"
