unitary
"Operator([[-1.54237267e-04-0.86654891j,  3.55821921e-01+0.30596449j,
           -1.36562893e-01+0.09538647j, -2.49012830e-02-0.02239153j],
          [ 3.55821921e-01+0.30596449j,  6.63892045e-01-0.04981138j,
            7.05879882e-02+0.55119144j, -1.36562893e-01+0.09538647j],
          [-1.36562893e-01+0.09538647j,  7.05879882e-02+0.55119144j,
            6.63892045e-01-0.04981138j,  3.55821921e-01+0.30596449j],
          [-2.49012830e-02-0.02239153j, -1.36562893e-01+0.09538647j,
            3.55821921e-01+0.30596449j, -1.54237267e-04-0.86654891j]],
         input_dims=(2, 2), output_dims=(2, 2))"
"Operator([[-1.54237267e-04-0.86654891j,  1.60126343e-01-0.4411157j ,
            3.91279405e-02-0.16191666j, -1.15959751e-02-0.03141637j],
          [-4.12145712e-01+0.22440905j,  6.63892045e-01-0.04981138j,
            4.90472883e-01-0.26121068j,  3.91279405e-02-0.16191666j],
          [ 1.65490815e-01+0.01899453j, -5.40468510e-01-0.12918381j,
            6.63892045e-01-0.04981138j,  1.60126343e-01-0.4411157j ],
          [-3.24672111e-02-0.00820578j,  1.65490815e-01+0.01899453j,
           -4.12145712e-01+0.22440905j, -1.54237267e-04-0.86654891j]],
         input_dims=(2, 2), output_dims=(2, 2))"
"Operator([[-1.54237267e-04-0.86654891j,  3.55821921e-01+0.30596449j,
           -1.36562893e-01+0.09538647j, -2.49012830e-02-0.02239153j],
          [ 3.55821921e-01+0.30596449j,  6.63892045e-01-0.04981138j,
            7.05879882e-02+0.55119144j, -1.36562893e-01+0.09538647j],
          [-1.36562893e-01+0.09538647j,  7.05879882e-02+0.55119144j,
            6.63892045e-01-0.04981138j,  3.55821921e-01+0.30596449j],
          [-2.49012830e-02-0.02239153j, -1.36562893e-01+0.09538647j,
            3.55821921e-01+0.30596449j, -1.54237267e-04-0.86654891j]],
         input_dims=(2, 2), output_dims=(2, 2))"
