unitary
"Operator([[ 9.71100551e-01-2.22516375e-01j,
           -3.91526337e-02-7.68023897e-02j,
           -3.05518799e-03+3.04899535e-03j,
            1.14545961e-04+4.93361632e-05j],
          [ 1.89202103e-02-8.41044674e-02j,
            9.90974800e-01-2.45305156e-02j,
           -3.61259040e-02-9.28006099e-02j,
           -3.05518799e-03+3.04899535e-03j],
          [-3.55982277e-03-2.44094411e-03j,
            3.14663136e-02-9.44823012e-02j,
            9.90974800e-01-2.45305156e-02j,
           -3.91526337e-02-7.68023897e-02j],
          [-9.87765022e-05+7.61448402e-05j,
           -3.55982277e-03-2.44094411e-03j,
            1.89202103e-02-8.41044674e-02j,
            9.71100551e-01-2.22516375e-01j]],
         input_dims=(2, 2), output_dims=(2, 2))"
"Operator([[ 9.71100551e-01-2.22516375e-01j,
           -5.49025737e-02-6.64623442e-02j,
           -1.47367735e-03+4.05694730e-03j,
            1.20833176e-04-3.08897675e-05j],
          [ 3.67397133e-02-7.79854426e-02j,
            9.90974800e-01-2.45305156e-02j,
           -5.54236846e-02-8.27360219e-02j,
           -1.47367735e-03+4.05694730e-03j],
          [-2.18856261e-03-3.72031450e-03j,
            5.12407211e-02-8.53898275e-02j,
            9.90974800e-01-2.45305156e-02j,
           -5.49025737e-02-6.64623442e-02j],
          [-1.24719017e-04-3.07133437e-08j,
           -2.18856261e-03-3.72031450e-03j,
            3.67397133e-02-7.79854426e-02j,
            9.71100551e-01-2.22516375e-01j]],
         input_dims=(2, 2), output_dims=(2, 2))"
"Operator([[ 9.71100551e-01-2.22516375e-01j,
           -6.91119350e-02-5.15274318e-02j,
            5.63728804e-04+4.27934062e-03j,
            7.05664467e-05-1.02835843e-04j],
          [ 5.42041260e-02-6.70331896e-02j,
            9.90974800e-01-2.45305156e-02j,
           -7.34817498e-02-6.72121015e-02j,
            5.63728804e-04+4.27934062e-03j],
          [-2.25839390e-04-4.31039939e-03j,
            7.00484348e-02-7.07831260e-02j,
            9.90974800e-01-2.45305156e-02j,
           -6.91119350e-02-5.15274318e-02j],
          [-9.38174426e-05-8.21773785e-05j,
           -2.25839390e-04-4.31039939e-03j,
            5.42041260e-02-6.70331896e-02j,
            9.71100551e-01-2.22516375e-01j]],
         input_dims=(2, 2), output_dims=(2, 2))"
"Operator([[ 9.71100551e-01-2.22516375e-01j,
            1.07548977e-02+8.55328473e-02j,
           -4.29819156e-03+3.95089414e-04j,
           -1.55513744e-05-1.23745662e-04j],
          [ 1.07548977e-02+8.55328473e-02j,
            9.90974800e-01-2.45305156e-02j,
            2.47688655e-03+9.95534991e-02j,
           -4.29819156e-03+3.95089414e-04j],
          [-4.29819156e-03+3.95089414e-04j,
            2.47688655e-03+9.95534991e-02j,
            9.90974800e-01-2.45305156e-02j,
            1.07548977e-02+8.55328473e-02j],
          [-1.55513744e-05-1.23745662e-04j,
           -4.29819156e-03+3.95089414e-04j,
            1.07548977e-02+8.55328473e-02j,
            9.71100551e-01-2.22516375e-01j]],
         input_dims=(2, 2), output_dims=(2, 2))"
"Operator([[ 9.71100551e-01-2.22516375e-01j,
           -8.55645045e-02-1.05000645e-02j,
            3.97100966e-03+1.69163489e-03j,
           -1.01755673e-04-7.21153048e-05j],
          [ 8.03015175e-02-3.13560532e-02j,
            9.90974800e-01-2.45305156e-02j,
           -9.71335355e-02-2.19570129e-02j,
            3.97100966e-03+1.69163489e-03j],
          [ 3.59608336e-03-2.38720146e-03j,
            9.59214532e-02-2.67602123e-02j,
            9.90974800e-01-2.45305156e-02j,
           -8.55645045e-02-1.05000645e-02j],
          [ 8.07475528e-05-9.50508642e-05j,
            3.59608336e-03-2.38720146e-03j,
            8.03015175e-02-3.13560532e-02j,
            9.71100551e-01-2.22516375e-01j]],
         input_dims=(2, 2), output_dims=(2, 2))"
"Operator([[ 9.71100551e-01-2.22516375e-01j,
           -8.52203615e-02+1.30009911e-02j,
            4.27146665e-03-6.20579571e-04j,
           -1.22134463e-04+2.52587999e-05j],
          [ 8.57861448e-02-8.50136193e-03j,
            9.90974800e-01-2.45305156e-02j,
           -9.94539030e-02+5.09463657e-03j,
            4.27146665e-03-6.20579571e-04j],
          [ 4.31302123e-03-1.68505847e-04j,
            9.95842046e-02+1.42577463e-04j,
            9.90974800e-01-2.45305156e-02j,
           -8.52203615e-02+1.30009911e-02j],
          [ 1.24586534e-04-5.74714033e-06j,
            4.31302123e-03-1.68505847e-04j,
            8.57861448e-02-8.50136193e-03j,
            9.71100551e-01-2.22516375e-01j]],
         input_dims=(2, 2), output_dims=(2, 2))"
"Operator([[ 9.71100551e-01-2.22516375e-01j,
            1.07548977e-02+8.55328473e-02j,
           -4.29819156e-03+3.95089414e-04j,
           -1.55513744e-05-1.23745662e-04j],
          [ 1.07548977e-02+8.55328473e-02j,
            9.90974800e-01-2.45305156e-02j,
            2.47688655e-03+9.95534991e-02j,
           -4.29819156e-03+3.95089414e-04j],
          [-4.29819156e-03+3.95089414e-04j,
            2.47688655e-03+9.95534991e-02j,
            9.90974800e-01-2.45305156e-02j,
            1.07548977e-02+8.55328473e-02j],
          [-1.55513744e-05-1.23745662e-04j,
           -4.29819156e-03+3.95089414e-04j,
            1.07548977e-02+8.55328473e-02j,
            9.71100551e-01-2.22516375e-01j]],
         input_dims=(2, 2), output_dims=(2, 2))"
"Operator([[ 9.71100551e-01-2.22516375e-01j,
            1.07548977e-02+8.55328473e-02j,
           -4.29819156e-03+3.95089414e-04j,
           -1.55513744e-05-1.23745662e-04j],
          [ 1.07548977e-02+8.55328473e-02j,
            9.90974800e-01-2.45305156e-02j,
            2.47688655e-03+9.95534991e-02j,
           -4.29819156e-03+3.95089414e-04j],
          [-4.29819156e-03+3.95089414e-04j,
            2.47688655e-03+9.95534991e-02j,
            9.90974800e-01-2.45305156e-02j,
            1.07548977e-02+8.55328473e-02j],
          [-1.55513744e-05-1.23745662e-04j,
           -4.29819156e-03+3.95089414e-04j,
            1.07548977e-02+8.55328473e-02j,
            9.71100551e-01-2.22516375e-01j]],
         input_dims=(2, 2), output_dims=(2, 2))"
"Operator([[ 9.71100551e-01-2.22516375e-01j,
            1.07548977e-02+8.55328473e-02j,
           -4.29819156e-03+3.95089414e-04j,
           -1.55513744e-05-1.23745662e-04j],
          [ 1.07548977e-02+8.55328473e-02j,
            9.90974800e-01-2.45305156e-02j,
            2.47688655e-03+9.95534991e-02j,
           -4.29819156e-03+3.95089414e-04j],
          [-4.29819156e-03+3.95089414e-04j,
            2.47688655e-03+9.95534991e-02j,
            9.90974800e-01-2.45305156e-02j,
            1.07548977e-02+8.55328473e-02j],
          [-1.55513744e-05-1.23745662e-04j,
           -4.29819156e-03+3.95089414e-04j,
            1.07548977e-02+8.55328473e-02j,
            9.71100551e-01-2.22516375e-01j]],
         input_dims=(2, 2), output_dims=(2, 2))"
"Operator([[ 9.71100551e-01-2.22516375e-01j,
           -5.41557259e-02+6.70722979e-02j,
           -2.32061833e-04-4.31006886e-03j,
            9.39951748e-05+8.19740276e-05j],
          [ 6.90747234e-02+5.15773049e-02j,
            9.90974800e-01-2.45305156e-02j,
           -6.99973238e-02+7.08336700e-02j,
           -2.32061833e-04-4.31006886e-03j],
          [ 5.57550376e-04+4.28014998e-03j,
            7.34332155e-02+6.72651247e-02j,
            9.90974800e-01-2.45305156e-02j,
           -5.41557259e-02+6.70722979e-02j],
          [-7.07889685e-05+1.02682793e-04j,
            5.57550376e-04+4.28014998e-03j,
            6.90747234e-02+5.15773049e-02j,
            9.71100551e-01-2.22516375e-01j]],
         input_dims=(2, 2), output_dims=(2, 2))"
