unitary
"Operator([[ 9.05698036e-01-3.94281058e-01j,
            1.52760346e-01-2.67697435e-02j,
            1.41400667e-02-8.21660553e-04j,
            7.44194636e-04-4.80503753e-05j],
          [-1.48959048e-01+4.31687909e-02j,
            9.70446769e-01-4.26584628e-02j,
            1.79324851e-01+1.72136342e-03j,
            1.41400667e-02-8.21660553e-04j],
          [ 1.36307985e-02-3.84940812e-03j,
           -1.78455039e-01+1.77246831e-02j,
            9.70446769e-01-4.26584628e-02j,
            1.52760346e-01-2.67697435e-02j],
          [-6.89669387e-04+2.83708710e-04j,
            1.36307985e-02-3.84940812e-03j,
           -1.48959048e-01+4.31687909e-02j,
            9.05698036e-01-3.94281058e-01j]],
         input_dims=(2, 2), output_dims=(2, 2))"
"Operator([[ 9.05698036e-01-3.94281058e-01j,
            1.39960096e-01-6.68095343e-02j,
            1.16754989e-02-8.01868675e-03j,
            4.75079310e-04-5.74834014e-04j],
          [-1.55080120e-01+1.58076728e-03j,
            9.70446769e-01-4.26584628e-02j,
            1.73199969e-01-4.64987742e-02j,
            1.16754989e-02-8.01868675e-03j],
          [ 1.36563190e-02+3.75786663e-03j,
           -1.76659729e-01-3.08497209e-02j,
            9.70446769e-01-4.26584628e-02j,
            1.39960096e-01-6.68095343e-02j],
          [-6.79285042e-04-3.07743931e-04j,
            1.36563190e-02+3.75786663e-03j,
           -1.55080120e-01+1.58076728e-03j,
            9.05698036e-01-3.94281058e-01j]],
         input_dims=(2, 2), output_dims=(2, 2))"
"Operator([[ 9.05698036e-01-0.39428106j,  1.25087718e-01-0.091681j  ,
            7.93586264e-03-0.01173195j,  9.61475721e-05-0.00073952j],
          [-1.52666923e-01-0.02729749j,  9.70446769e-01-0.04265846j,
            1.61525868e-01-0.07790866j,  7.93586264e-03-0.01173195j],
          [ 1.13372370e-02+0.00849021j, -1.67836536e-01-0.06317644j,
            9.70446769e-01-0.04265846j,  1.25087718e-01-0.091681j  ],
          [-4.11199015e-04-0.00062213j,  1.13372370e-02+0.00849021j,
           -1.52666923e-01-0.02729749j,  9.05698036e-01-0.39428106j]],
         input_dims=(2, 2), output_dims=(2, 2))"
"Operator([[ 9.05698036e-01-0.39428106j,  1.13712179e-01-0.10546034j,
            5.04492784e-03-0.013235j  , -1.60226632e-04-0.00072833j],
          [-1.48513855e-01-0.04467636j,  9.70446769e-01-0.04265846j,
            1.51492609e-01-0.09597059j,  5.04492784e-03-0.013235j  ],
          [ 9.09709478e-03+0.01085631j, -1.59455920e-01-0.08206202j,
            9.70446769e-01-0.04265846j,  1.13712179e-01-0.10546034j],
          [-1.75963546e-04-0.00072469j,  9.09709478e-03+0.01085631j,
           -1.48513855e-01-0.04467636j,  9.05698036e-01-0.39428106j]],
         input_dims=(2, 2), output_dims=(2, 2))"
"Operator([[ 9.05698036e-01-0.39428106j,  3.50208811e-02+0.15108236j,
           -1.39677146e-02+0.00234937j, -1.68104948e-04-0.00072655j],
          [ 3.50208811e-02+0.15108236j,  9.70446769e-01-0.04265846j,
            8.01347011e-03+0.17915398j, -1.39677146e-02+0.00234937j],
          [-1.39677146e-02+0.00234937j,  8.01347011e-03+0.17915398j,
            9.70446769e-01-0.04265846j,  3.50208811e-02+0.15108236j],
          [-1.68104948e-04-0.00072655j, -1.39677146e-02+0.00234937j,
            3.50208811e-02+0.15108236j,  9.05698036e-01-0.39428106j]],
         input_dims=(2, 2), output_dims=(2, 2))"
"Operator([[ 9.05698036e-01-0.39428106j, -5.25121539e-03-0.15499925j,
           -1.38188700e-02-0.00310732j, -2.58766270e-04+0.00069941j],
          [-6.34778285e-02-0.14150232j,  9.70446769e-01-0.04265846j,
            2.66593764e-02-0.17734047j, -1.38188700e-02-0.00310732j],
          [-1.20419282e-02+0.00745712j, -4.23859407e-02-0.17425211j,
            9.70446769e-01-0.04265846j, -5.25121539e-03-0.15499925j],
          [ 5.39673455e-04+0.00051467j, -1.20419282e-02+0.00745712j,
           -6.34778285e-02-0.14150232j,  9.05698036e-01-0.39428106j]],
         input_dims=(2, 2), output_dims=(2, 2))"
"Operator([[ 9.05698036e-01-0.39428106j, -9.17387842e-02+0.12504534j,
           -2.26337935e-04-0.01416211j,  5.28049706e-04+0.00052659j],
          [ 1.37397992e-01+0.07193145j,  9.70446769e-01-0.04265846j,
           -1.30631722e-01+0.12286463j, -2.26337935e-04-0.01416211j],
          [ 4.41918419e-03+0.01345687j,  1.41079452e-01+0.11071113j,
            9.70446769e-01-0.04265846j, -9.17387842e-02+0.12504534j],
          [-2.43088523e-04+0.00070501j,  4.41918419e-03+0.01345687j,
            1.37397992e-01+0.07193145j,  9.05698036e-01-0.39428106j]],
         input_dims=(2, 2), output_dims=(2, 2))"
"Operator([[ 9.05698036e-01-0.39428106j, -9.03202208e-02+0.12607379j,
           -5.46254664e-04-0.01415338j,  5.45590992e-04+0.00050839j],
          [ 1.36576573e-01+0.07347913j,  9.70446769e-01-0.04265846j,
           -1.29235313e-01+0.12433261j, -5.46254664e-04-0.01415338j],
          [ 4.11401554e-03+0.01355328j,  1.39819681e-01+0.11229792j,
            9.70446769e-01-0.04265846j, -9.03202208e-02+0.12607379j],
          [-2.66839629e-04+0.00069637j,  4.11401554e-03+0.01355328j,
            1.36576573e-01+0.07347913j,  9.05698036e-01-0.39428106j]],
         input_dims=(2, 2), output_dims=(2, 2))"
"Operator([[ 9.05698036e-01-3.94281058e-01j,
           -7.43303974e-02+1.36115152e-01j,
           -3.94446106e-03-1.36035965e-02j,
            6.91250105e-04+2.79835286e-04j],
          [ 1.26635236e-01+8.95313317e-02j,
            9.70446769e-01-4.26584628e-02j,
           -1.13168677e-01+1.39115836e-01j,
           -3.94446106e-03-1.36035965e-02j],
          [ 7.22938983e-04+1.41454576e-02j,
            1.25137059e-01+1.28456536e-01j,
            9.70446769e-01-4.26584628e-02j,
           -7.43303974e-02+1.36115152e-01j],
          [-4.98086829e-04+5.55017122e-04j,
            7.22938983e-04+1.41454576e-02j,
            1.26635236e-01+8.95313317e-02j,
            9.05698036e-01-3.94281058e-01j]],
         input_dims=(2, 2), output_dims=(2, 2))"
"Operator([[ 9.05698036e-01-0.39428106j,  3.50208811e-02+0.15108236j,
           -1.39677146e-02+0.00234937j, -1.68104948e-04-0.00072655j],
          [ 3.50208811e-02+0.15108236j,  9.70446769e-01-0.04265846j,
            8.01347011e-03+0.17915398j, -1.39677146e-02+0.00234937j],
          [-1.39677146e-02+0.00234937j,  8.01347011e-03+0.17915398j,
            9.70446769e-01-0.04265846j,  3.50208811e-02+0.15108236j],
          [-1.68104948e-04-0.00072655j, -1.39677146e-02+0.00234937j,
            3.50208811e-02+0.15108236j,  9.05698036e-01-0.39428106j]],
         input_dims=(2, 2), output_dims=(2, 2))"
"Operator([[ 9.05698036e-01-0.39428106j,  3.50208811e-02+0.15108236j,
           -1.39677146e-02+0.00234937j, -1.68104948e-04-0.00072655j],
          [ 3.50208811e-02+0.15108236j,  9.70446769e-01-0.04265846j,
            8.01347011e-03+0.17915398j, -1.39677146e-02+0.00234937j],
          [-1.39677146e-02+0.00234937j,  8.01347011e-03+0.17915398j,
            9.70446769e-01-0.04265846j,  3.50208811e-02+0.15108236j],
          [-1.68104948e-04-0.00072655j, -1.39677146e-02+0.00234937j,
            3.50208811e-02+0.15108236j,  9.05698036e-01-0.39428106j]],
         input_dims=(2, 2), output_dims=(2, 2))"
