unitary
"Operator([[ 9.85214685e-01-1.59807648e-01j,
            1.23340970e-02-6.04693515e-02j,
           -1.91892787e-03-1.08747783e-03j,
           -3.20745127e-05+3.22742526e-05j],
          [-2.28822529e-02-5.73155731e-02j,
            9.95385996e-01-1.76857145e-02j,
            1.91983707e-02-6.86426973e-02j,
           -1.91892787e-03-1.08747783e-03j],
          [-1.76050102e-03+1.32873186e-03j,
           -2.16309399e-02-6.79153868e-02j,
            9.95385996e-01-1.76857145e-02j,
            1.23340970e-02-6.04693515e-02j],
          [ 3.72974734e-05+2.60633885e-05j,
           -1.76050102e-03+1.32873186e-03j,
           -2.28822529e-02-5.73155731e-02j,
            9.85214685e-01-1.59807648e-01j]],
         input_dims=(2, 2), output_dims=(2, 2))"
"Operator([[ 9.85214685e-01-1.59807648e-01j,
            3.90083208e-03-6.15910378e-02j,
           -2.14261112e-03-5.23554959e-04j,
           -1.63864779e-05+4.24486170e-05j],
          [-1.47824865e-02-5.99178647e-02j,
            9.95385996e-01-1.76857145e-02j,
            9.57584081e-03-7.06307341e-02j,
           -2.14261112e-03-5.23554959e-04j],
          [-2.05590358e-03+7.98844583e-04j,
           -1.20853200e-02-7.02448743e-02j,
            9.95385996e-01-1.76857145e-02j,
            3.90083208e-03-6.15910378e-02j],
          [ 2.36662686e-05+3.88627003e-05j,
           -2.05590358e-03+7.98844583e-04j,
           -1.47824865e-02-5.99178647e-02j,
            9.85214685e-01-1.59807648e-01j]],
         input_dims=(2, 2), output_dims=(2, 2))"
"Operator([[ 9.85214685e-01-1.59807648e-01j,
           -4.30884277e-03-6.15638392e-02j,
           -2.20487014e-03+5.86504668e-05j,
            1.40901090e-06+4.54798464e-05j],
          [-6.69861420e-03-6.13498247e-02j,
            9.95385996e-01-1.76857145e-02j,
            1.16087065e-04-7.12768115e-02j,
           -2.20487014e-03+5.86504668e-05j],
          [-2.19365121e-03+2.29753261e-04j,
           -2.65457827e-03-7.12274564e-02j,
            9.95385996e-01-1.76857145e-02j,
           -4.30884277e-03-6.15638392e-02j],
          [ 6.69224918e-06+4.50068389e-05j,
           -2.19365121e-03+2.29753261e-04j,
           -6.69861420e-03-6.13498247e-02j,
            9.85214685e-01-1.59807648e-01j]],
         input_dims=(2, 2), output_dims=(2, 2))"
"Operator([[ 9.85214685e-01-1.59807648e-01j,
           -1.20800457e-02-6.05206156e-02j,
           -2.11922188e-03+6.11384349e-04j,
            1.82367572e-05+4.16871974e-05j],
          [ 1.13429448e-03-6.17040177e-02j,
            9.95385996e-01-1.76857145e-02j,
           -8.92238489e-03-7.07162526e-02j,
           -2.11922188e-03+6.11384349e-04j],
          [-2.18090963e-03-3.29431879e-04j,
            6.39812399e-03-7.09891635e-02j,
            9.95385996e-01-1.76857145e-02j,
           -1.20800457e-02-6.05206156e-02j],
          [-1.05415840e-05+4.42637182e-05j,
           -2.18090963e-03-3.29431879e-04j,
            1.13429448e-03-6.17040177e-02j,
            9.85214685e-01-1.59807648e-01j]],
         input_dims=(2, 2), output_dims=(2, 2))"
"Operator([[ 9.85214685e-01-1.59807648e-01j,
            5.50476864e-03+6.14684467e-02j,
           -2.20092402e-03+1.44310927e-04j,
           -4.05752853e-06-4.53203950e-05j],
          [ 5.50476864e-03+6.14684467e-02j,
            9.95385996e-01-1.76857145e-02j,
            1.26948548e-03+7.12656000e-02j,
           -2.20092402e-03+1.44310927e-04j],
          [-2.20092402e-03+1.44310927e-04j,
            1.26948548e-03+7.12656000e-02j,
            9.95385996e-01-1.76857145e-02j,
            5.50476864e-03+6.14684467e-02j],
          [-4.05752853e-06-4.53203950e-05j,
           -2.20092402e-03+1.44310927e-04j,
            5.50476864e-03+6.14684467e-02j,
            9.85214685e-01-1.59807648e-01j]],
         input_dims=(2, 2), output_dims=(2, 2))"
"Operator([[ 9.85214685e-01-1.59807648e-01j,
           -2.65110099e-02-5.57300527e-02j,
           -1.57593631e-03+1.54315163e-03j,
            4.15954434e-05+1.84450761e-05j],
          [ 1.61868331e-02-5.95538316e-02j,
            9.95385996e-01-1.76857145e-02j,
           -2.59420791e-02-6.63882961e-02j,
           -1.57593631e-03+1.54315163e-03j],
          [-1.76394126e-03-1.32416141e-03j,
            2.35611630e-02-6.72701192e-02j,
            9.95385996e-01-1.76857145e-02j,
           -2.65110099e-02-5.57300527e-02j],
          [-3.76574144e-05+2.55405732e-05j,
           -1.76394126e-03-1.32416141e-03j,
            1.61868331e-02-5.95538316e-02j,
            9.85214685e-01-1.59807648e-01j]],
         input_dims=(2, 2), output_dims=(2, 2))"
"Operator([[ 9.85214685e-01-1.59807648e-01j,
           -3.29716682e-02-5.21683958e-02j,
           -1.16541054e-03+1.87262128e-03j,
            4.54236969e-05+2.66261279e-06j],
          [ 2.31775356e-02-5.71968029e-02j,
            9.95385996e-01-1.76857145e-02j,
           -3.36786144e-02-6.28183752e-02j,
           -1.16541054e-03+1.87262128e-03j],
          [-1.39995084e-03-1.70441480e-03j,
            3.14199347e-02-6.39780043e-02j,
            9.95385996e-01-1.76857145e-02j,
           -3.29716682e-02-5.21683958e-02j],
          [-4.42283159e-05+1.06891448e-05j,
           -1.39995084e-03-1.70441480e-03j,
            2.31775356e-02-5.71968029e-02j,
            9.85214685e-01-1.59807648e-01j]],
         input_dims=(2, 2), output_dims=(2, 2))"
"Operator([[ 9.85214685e-01-1.59807648e-01j,
            5.50476864e-03+6.14684467e-02j,
           -2.20092402e-03+1.44310927e-04j,
           -4.05752853e-06-4.53203950e-05j],
          [ 5.50476864e-03+6.14684467e-02j,
            9.95385996e-01-1.76857145e-02j,
            1.26948548e-03+7.12656000e-02j,
           -2.20092402e-03+1.44310927e-04j],
          [-2.20092402e-03+1.44310927e-04j,
            1.26948548e-03+7.12656000e-02j,
            9.95385996e-01-1.76857145e-02j,
            5.50476864e-03+6.14684467e-02j],
          [-4.05752853e-06-4.53203950e-05j,
           -2.20092402e-03+1.44310927e-04j,
            5.50476864e-03+6.14684467e-02j,
            9.85214685e-01-1.59807648e-01j]],
         input_dims=(2, 2), output_dims=(2, 2))"
"Operator([[ 9.85214685e-01-1.59807648e-01j,
            5.50476864e-03+6.14684467e-02j,
           -2.20092402e-03+1.44310927e-04j,
           -4.05752853e-06-4.53203950e-05j],
          [ 5.50476864e-03+6.14684467e-02j,
            9.95385996e-01-1.76857145e-02j,
            1.26948548e-03+7.12656000e-02j,
           -2.20092402e-03+1.44310927e-04j],
          [-2.20092402e-03+1.44310927e-04j,
            1.26948548e-03+7.12656000e-02j,
            9.95385996e-01-1.76857145e-02j,
            5.50476864e-03+6.14684467e-02j],
          [-4.05752853e-06-4.53203950e-05j,
           -2.20092402e-03+1.44310927e-04j,
            5.50476864e-03+6.14684467e-02j,
            9.85214685e-01-1.59807648e-01j]],
         input_dims=(2, 2), output_dims=(2, 2))"
"Operator([[ 9.85214685e-01-1.59807648e-01j,
           -4.98721827e-02-3.63515861e-02j,
            4.33709938e-04+2.16258824e-03j,
            2.17119599e-05-3.99874047e-05j],
          [ 4.26195130e-02-4.46346226e-02j,
            9.95385996e-01-1.76857145e-02j,
           -5.44530353e-02-4.59920023e-02j,
            4.33709938e-04+2.16258824e-03j],
          [ 1.47616071e-04-2.20070482e-03j,
            5.27804566e-02-4.79021996e-02j,
            9.95385996e-01-1.76857145e-02j,
           -4.98721827e-02-3.63515861e-02j],
          [-2.84698561e-05-3.54946339e-05j,
            1.47616071e-04-2.20070482e-03j,
            4.26195130e-02-4.46346226e-02j,
            9.85214685e-01-1.59807648e-01j]],
         input_dims=(2, 2), output_dims=(2, 2))"
"Operator([[ 9.85214685e-01-1.59807648e-01j,
           -5.50016335e-02-2.79909403e-02j,
            1.08854069e-03+1.91832514e-03j,
            9.15127784e-07-4.54924640e-05j],
          [ 4.91528929e-02-3.73184343e-02j,
            9.95385996e-01-1.76857145e-02j,
           -6.10520073e-02-3.67838244e-02j,
            1.08854069e-03+1.91832514e-03j],
          [ 8.28735147e-04-2.04403773e-03j,
            5.97031965e-02-3.89348900e-02j,
            9.95385996e-01-1.76857145e-02j,
           -5.50016335e-02-2.79909403e-02j],
          [-8.98166677e-06-4.46064054e-05j,
            8.28735147e-04-2.04403773e-03j,
            4.91528929e-02-3.73184343e-02j,
            9.85214685e-01-1.59807648e-01j]],
         input_dims=(2, 2), output_dims=(2, 2))"
"Operator([[ 9.85214685e-01-1.59807648e-01j,
            5.50476864e-03+6.14684467e-02j,
           -2.20092402e-03+1.44310927e-04j,
           -4.05752853e-06-4.53203950e-05j],
          [ 5.50476864e-03+6.14684467e-02j,
            9.95385996e-01-1.76857145e-02j,
            1.26948548e-03+7.12656000e-02j,
           -2.20092402e-03+1.44310927e-04j],
          [-2.20092402e-03+1.44310927e-04j,
            1.26948548e-03+7.12656000e-02j,
            9.95385996e-01-1.76857145e-02j,
            5.50476864e-03+6.14684467e-02j],
          [-4.05752853e-06-4.53203950e-05j,
           -2.20092402e-03+1.44310927e-04j,
            5.50476864e-03+6.14684467e-02j,
            9.85214685e-01-1.59807648e-01j]],
         input_dims=(2, 2), output_dims=(2, 2))"
"Operator([[ 9.85214685e-01-1.59807648e-01j,
           -6.15366004e-02-4.68179797e-03j,
            2.12864011e-03+5.77739962e-04j,
           -4.17944310e-05-1.79896437e-05j],
          [ 5.97255287e-02-1.55413528e-02j,
            9.95385996e-01-1.76857145e-02j,
           -7.05035822e-02-1.04710183e-02j,
            2.12864011e-03+5.77739962e-04j],
          [ 2.03497697e-03-8.50741408e-04j,
            7.00859209e-02-1.29754009e-02j,
            9.95385996e-01-1.76857145e-02j,
           -6.15366004e-02-4.68179797e-03j],
          [ 3.79341386e-05-2.51277312e-05j,
            2.03497697e-03-8.50741408e-04j,
            5.97255287e-02-1.55413528e-02j,
            9.85214685e-01-1.59807648e-01j]],
         input_dims=(2, 2), output_dims=(2, 2))"
"Operator([[ 9.85214685e-01-1.59807648e-01j,
           -6.02859715e-02+1.32012902e-02j,
            2.09506974e-03-6.89619460e-04j,
           -4.06075658e-05+2.05286956e-05j],
          [ 6.16723342e-02+2.27938979e-03j,
            9.95385996e-01-1.76857145e-02j,
           -7.05384615e-02+1.02334150e-02j,
            2.09506974e-03-6.89619460e-04j],
          [ 2.16717984e-03+4.10150845e-04j,
            7.08581783e-02+7.71465445e-03j,
            9.95385996e-01-1.76857145e-02j,
           -6.02859715e-02+1.32012902e-02j],
          [ 4.36083872e-05+1.29888533e-05j,
            2.16717984e-03+4.10150845e-04j,
            6.16723342e-02+2.27938979e-03j,
            9.85214685e-01-1.59807648e-01j]],
         input_dims=(2, 2), output_dims=(2, 2))"
