unitary
"Operator([[ 0.5190507 -0.78013744j,  0.17604954+0.2920082j ,
           -0.06926937+0.02867646j, -0.00482954-0.0081112j ],
          [ 0.17604954+0.2920082j ,  0.84563433-0.07266066j,
            0.03848421+0.39529628j, -0.06926937+0.02867646j],
          [-0.06926937+0.02867646j,  0.03848421+0.39529628j,
            0.84563433-0.07266066j,  0.17604954+0.2920082j ],
          [-0.00482954-0.0081112j , -0.06926937+0.02867646j,
            0.17604954+0.2920082j ,  0.5190507 -0.78013744j]],
         input_dims=(2, 2), output_dims=(2, 2))"
"Operator([[ 0.5190507 -0.78013744j,  0.17604954+0.2920082j ,
           -0.06926937+0.02867646j, -0.00482954-0.0081112j ],
          [ 0.17604954+0.2920082j ,  0.84563433-0.07266066j,
            0.03848421+0.39529628j, -0.06926937+0.02867646j],
          [-0.06926937+0.02867646j,  0.03848421+0.39529628j,
            0.84563433-0.07266066j,  0.17604954+0.2920082j ],
          [-0.00482954-0.0081112j , -0.06926937+0.02867646j,
            0.17604954+0.2920082j ,  0.5190507 -0.78013744j]],
         input_dims=(2, 2), output_dims=(2, 2))"
"Operator([[ 0.5190507 -0.78013744j,  0.02300785+0.34019534j,
           -0.0636175 -0.03966609j,  0.00732378-0.00595637j],
          [ 0.29010887+0.17916215j,  0.84563433-0.07266066j,
           -0.14656605+0.3691322j , -0.0636175 -0.03966609j],
          [-0.01696473+0.07302591j,  0.21501297+0.33393054j,
            0.84563433-0.07266066j,  0.02300785+0.34019534j],
          [-0.00872662+0.0036003j , -0.01696473+0.07302591j,
            0.29010887+0.17916215j,  0.5190507 -0.78013744j]],
         input_dims=(2, 2), output_dims=(2, 2))"
"Operator([[ 0.5190507 -0.78013744j,  0.17604954+0.2920082j ,
           -0.06926937+0.02867646j, -0.00482954-0.0081112j ],
          [ 0.17604954+0.2920082j ,  0.84563433-0.07266066j,
            0.03848421+0.39529628j, -0.06926937+0.02867646j],
          [-0.06926937+0.02867646j,  0.03848421+0.39529628j,
            0.84563433-0.07266066j,  0.17604954+0.2920082j ],
          [-0.00482954-0.0081112j , -0.06926937+0.02867646j,
            0.17604954+0.2920082j ,  0.5190507 -0.78013744j]],
         input_dims=(2, 2), output_dims=(2, 2))"
"Operator([[ 0.5190507 -0.78013744j,  0.34093421+0.00510878j,
            0.05623703+0.04957803j,  0.00398037+0.00855995j],
          [-0.1546423 +0.30388812j,  0.84563433-0.07266066j,
            0.3557966 +0.17649069j,  0.05623703+0.04957803j],
          [ 0.00473785-0.07482071j, -0.31507343+0.24180347j,
            0.84563433-0.07266066j,  0.34093421+0.00510878j],
          [ 0.00562872+0.0075785j ,  0.00473785-0.07482071j,
           -0.1546423 +0.30388812j,  0.5190507 -0.78013744j]],
         input_dims=(2, 2), output_dims=(2, 2))"
"Operator([[ 0.5190507 -0.78013744j,  0.2383126 -0.24386336j,
            0.04652985-0.058784j  ,  0.00252395-0.00909647j],
          [-0.32691193+0.09690625j,  0.84563433-0.07266066j,
            0.372893  -0.13671502j,  0.04652985-0.058784j  ],
          [ 0.07446475+0.00869408j, -0.3922607 -0.06222322j,
            0.84563433-0.07266066j,  0.2383126 -0.24386336j],
          [-0.00919995-0.00211587j,  0.07446475+0.00869408j,
           -0.32691193+0.09690625j,  0.5190507 -0.78013744j]],
         input_dims=(2, 2), output_dims=(2, 2))"
"Operator([[ 0.5190507 -0.78013744j, -0.28122453-0.19280818j,
           -0.02385222+0.07107501j,  0.00915129-0.00231733j],
          [-0.03922316-0.33870899j,  0.84563433-0.07266066j,
           -0.19882534-0.34381488j, -0.02385222+0.07107501j],
          [-0.06711064-0.03341777j,  0.12877588-0.37570861j,
            0.84563433-0.07266066j, -0.28122453-0.19280818j],
          [-0.00639822+0.00694109j, -0.06711064-0.03341777j,
           -0.03922316-0.33870899j,  0.5190507 -0.78013744j]],
         input_dims=(2, 2), output_dims=(2, 2))"
