unitary
"Operator([[ 0.36987224-0.83919507j,  0.22909293+0.31027511j,
           -0.08958706+0.04413662j, -0.00866545-0.01195714j],
          [ 0.22909293+0.31027511j,  0.79549348-0.07168081j,
            0.04897584+0.44824686j, -0.08958706+0.04413662j],
          [-0.08958706+0.04413662j,  0.04897584+0.44824686j,
            0.79549348-0.07168081j,  0.22909293+0.31027511j],
          [-0.00866545-0.01195714j, -0.08958706+0.04413662j,
            0.22909293+0.31027511j,  0.36987224-0.83919507j]],
         input_dims=(2, 2), output_dims=(2, 2))"
"Operator([[ 0.36987224-0.83919507j,  0.31568311-0.22158158j,
            0.09160149-0.03978755j,  0.0125495 -0.00778289j],
          [-0.30468844+0.23647236j,  0.79549348-0.07168081j,
            0.44929301-0.03820556j,  0.09160149-0.03978755j],
          [ 0.08736628-0.04838403j, -0.44694255+0.05971791j,
            0.79549348-0.07168081j,  0.31568311-0.22158158j],
          [-0.01130284+0.00950311j,  0.08736628-0.04838403j,
           -0.30468844+0.23647236j,  0.36987224-0.83919507j]],
         input_dims=(2, 2), output_dims=(2, 2))"
"Operator([[ 0.36987224-0.83919507j,  0.22909293+0.31027511j,
           -0.08958706+0.04413662j, -0.00866545-0.01195714j],
          [ 0.22909293+0.31027511j,  0.79549348-0.07168081j,
            0.04897584+0.44824686j, -0.08958706+0.04413662j],
          [-0.08958706+0.04413662j,  0.04897584+0.44824686j,
            0.79549348-0.07168081j,  0.22909293+0.31027511j],
          [-0.00866545-0.01195714j, -0.08958706+0.04413662j,
            0.22909293+0.31027511j,  0.36987224-0.83919507j]],
         input_dims=(2, 2), output_dims=(2, 2))"
"Operator([[ 0.36987224-0.83919507j,  0.32309558-0.21062636j,
            0.09411313-0.03341557j,  0.01328251-0.00645277j],
          [-0.29640052+0.24678118j,  0.79549348-0.07168081j,
            0.45033887-0.02277665j,  0.09411313-0.03341557j],
          [ 0.08384456-0.05425838j, -0.44463196+0.07500864j,
            0.79549348-0.07168081j,  0.32309558-0.21062636j],
          [-0.01026699+0.01061377j,  0.08384456-0.05425838j,
           -0.29640052+0.24678118j,  0.36987224-0.83919507j]],
         input_dims=(2, 2), output_dims=(2, 2))"
"Operator([[ 0.36987224-0.83919507j, -0.06046696-0.38091727j,
           -0.08767258-0.04782679j, -0.01068146+0.01019655j],
          [-0.34624179-0.16991423j,  0.79549348-0.07168081j,
            0.16295253-0.42044066j, -0.08767258-0.04782679j],
          [-0.01550404+0.09865854j, -0.24989935-0.37533211j,
            0.79549348-0.07168081j, -0.06046696-0.38091727j],
          [ 0.01301504-0.00697652j, -0.01550404+0.09865854j,
           -0.34624179-0.16991423j,  0.36987224-0.83919507j]],
         input_dims=(2, 2), output_dims=(2, 2))"
"Operator([[ 0.36987224-0.83919507j,  0.02704049-0.38473761j,
           -0.0577194 -0.08150063j, -0.01472045+0.00117116j],
          [-0.37565144-0.08740834j,  0.79549348-0.07168081j,
            0.25361628-0.3728306j , -0.0577194 -0.08150063j],
          [ 0.02944806+0.095429j  , -0.32814287-0.30926709j,
            0.79549348-0.07168081j,  0.02704049-0.38473761j],
          [ 0.00569546-0.01362443j,  0.02944806+0.095429j  ,
           -0.37565144-0.08740834j,  0.36987224-0.83919507j]],
         input_dims=(2, 2), output_dims=(2, 2))"
"Operator([[ 0.36987224-0.83919507j,  0.33952972-0.18295843j,
            0.09835699-0.01731431j,  0.01446717-0.00296046j],
          [-0.27479594+0.2706315j ,  0.79549348-0.07168081j,
            0.45067006+0.01484499j,  0.09835699-0.01731431j],
          [ 0.0736642 -0.06743491j, -0.43683117+0.11181415j,
            0.79549348-0.07168081j,  0.33952972-0.18295843j],
          [-0.007317  +0.01282672j,  0.0736642 -0.06743491j,
           -0.27479594+0.2706315j ,  0.36987224-0.83919507j]],
         input_dims=(2, 2), output_dims=(2, 2))"
"Operator([[ 0.36987224-0.83919507j,  0.22909293+0.31027511j,
           -0.08958706+0.04413662j, -0.00866545-0.01195714j],
          [ 0.22909293+0.31027511j,  0.79549348-0.07168081j,
            0.04897584+0.44824686j, -0.08958706+0.04413662j],
          [-0.08958706+0.04413662j,  0.04897584+0.44824686j,
            0.79549348-0.07168081j,  0.22909293+0.31027511j],
          [-0.00866545-0.01195714j, -0.08958706+0.04413662j,
            0.22909293+0.31027511j,  0.36987224-0.83919507j]],
         input_dims=(2, 2), output_dims=(2, 2))"
