unitary
"Operator([[-0.10369782+0.72053634j,  0.06031971-0.41770417j,
           -0.00700939+0.43178865j, -0.24251417+0.21599817j],
          [ 0.06031971-0.41770417j,  0.02751085+0.25447648j,
           -0.18905045+0.73084813j, -0.00700939+0.43178865j],
          [-0.00700939+0.43178865j, -0.18905045+0.73084813j,
            0.02751085+0.25447648j,  0.06031971-0.41770417j],
          [-0.24251417+0.21599817j, -0.00700939+0.43178865j,
            0.06031971-0.41770417j, -0.10369782+0.72053634j]],
         input_dims=(2, 2), output_dims=(2, 2))"
"Operator([[-0.10369782+0.72053634j, -0.30104425+0.29578303j,
           -0.4181013 +0.10808273j,  0.1101494 +0.3055085j ],
          [ 0.20506337+0.36886888j,  0.02751085+0.25447648j,
            0.59317166-0.46693302j, -0.4181013 +0.10808273j],
          [ 0.41437283+0.1215966j , -0.29235412-0.69599435j,
            0.02751085+0.25447648j, -0.30104425+0.29578303j],
          [-0.29077432-0.14463273j,  0.41437283+0.1215966j ,
            0.20506337+0.36886888j, -0.10369782+0.72053634j]],
         input_dims=(2, 2), output_dims=(2, 2))"
"Operator([[-0.10369782+0.72053634j, -0.2433393 -0.34482056j,
            0.430754  +0.03068499j,  0.3215773 +0.04534724j],
          [ 0.33095276-0.26188835j,  0.02751085+0.25447648j,
            0.36511689+0.66073347j,  0.430754  +0.03068499j],
          [-0.43152301+0.01668733j, -0.63970977+0.40081226j,
            0.02751085+0.25447648j, -0.2433393 -0.34482056j],
          [-0.00797497-0.32466095j, -0.43152301+0.01668733j,
            0.33095276-0.26188835j, -0.10369782+0.72053634j]],
         input_dims=(2, 2), output_dims=(2, 2))"
"Operator([[-0.10369782+0.72053634j, -0.17466033-0.38419917j,
            0.3894465 +0.18660652j,  0.24761944+0.21012602j],
          [ 0.27622051-0.31908849j,  0.02751085+0.25447648j,
            0.2352964 +0.71729678j,  0.3894465 +0.18660652j],
          [-0.39529821+0.17386747j, -0.55360026+0.51323076j,
            0.02751085+0.25447648j, -0.17466033-0.38419917j],
          [-0.18018078-0.27019108j, -0.39529821+0.17386747j,
            0.27622051-0.31908849j, -0.10369782+0.72053634j]],
         input_dims=(2, 2), output_dims=(2, 2))"
"Operator([[-0.10369782+0.72053634j,  0.06031971-0.41770417j,
           -0.00700939+0.43178865j, -0.24251417+0.21599817j],
          [ 0.06031971-0.41770417j,  0.02751085+0.25447648j,
           -0.18905045+0.73084813j, -0.00700939+0.43178865j],
          [-0.00700939+0.43178865j, -0.18905045+0.73084813j,
            0.02751085+0.25447648j,  0.06031971-0.41770417j],
          [-0.24251417+0.21599817j, -0.00700939+0.43178865j,
            0.06031971-0.41770417j, -0.10369782+0.72053634j]],
         input_dims=(2, 2), output_dims=(2, 2))"
"Operator([[-0.10369782+0.72053634j,  0.06031971-0.41770417j,
           -0.00700939+0.43178865j, -0.24251417+0.21599817j],
          [ 0.06031971-0.41770417j,  0.02751085+0.25447648j,
           -0.18905045+0.73084813j, -0.00700939+0.43178865j],
          [-0.00700939+0.43178865j, -0.18905045+0.73084813j,
            0.02751085+0.25447648j,  0.06031971-0.41770417j],
          [-0.24251417+0.21599817j, -0.00700939+0.43178865j,
            0.06031971-0.41770417j, -0.10369782+0.72053634j]],
         input_dims=(2, 2), output_dims=(2, 2))"
"Operator([[-0.10369782+0.72053634j,  0.06031971-0.41770417j,
           -0.00700939+0.43178865j, -0.24251417+0.21599817j],
          [ 0.06031971-0.41770417j,  0.02751085+0.25447648j,
           -0.18905045+0.73084813j, -0.00700939+0.43178865j],
          [-0.00700939+0.43178865j, -0.18905045+0.73084813j,
            0.02751085+0.25447648j,  0.06031971-0.41770417j],
          [-0.24251417+0.21599817j, -0.00700939+0.43178865j,
            0.06031971-0.41770417j, -0.10369782+0.72053634j]],
         input_dims=(2, 2), output_dims=(2, 2))"
"Operator([[-0.10369782+0.72053634j,  0.42198201+0.00681312j,
           -0.10194279-0.41964061j,  0.29080643+0.14456816j],
          [-0.40666939-0.11285055j,  0.02751085+0.25447648j,
           -0.74893286-0.09475565j, -0.10194279-0.41964061j],
          [ 0.11550985-0.41611062j,  0.70094094+0.2802871j ,
            0.02751085+0.25447648j,  0.42198201+0.00681312j],
          [-0.11008156-0.30553295j,  0.11550985-0.41611062j,
           -0.40666939-0.11285055j, -0.10369782+0.72053634j]],
         input_dims=(2, 2), output_dims=(2, 2))"
