unitary
"Operator([[ 0.59104213+0.42996398j, -0.3234378 -0.31513193j,
            0.03399345+0.31050682j, -0.1668826 +0.3694052j ],
          [-0.36095619-0.27134991j, -0.11622474+0.10198692j,
           -0.36780146+0.73438572j,  0.03399345+0.31050682j],
          [ 0.11137562+0.29183131j, -0.27122612+0.77526556j,
           -0.11622474+0.10198692j, -0.3234378 -0.31513193j],
          [-0.01661777+0.40501093j,  0.11137562+0.29183131j,
           -0.36095619-0.27134991j,  0.59104213+0.42996398j]],
         input_dims=(2, 2), output_dims=(2, 2))"
"Operator([[ 0.59104213+0.42996398j, -0.28042555-0.35395148j,
           -0.04598219+0.30895903j, -0.2934509 +0.27963649j],
          [-0.39272914-0.222899j  , -0.11622474+0.10198692j,
           -0.45880586+0.681247j  , -0.04598219+0.30895903j],
          [ 0.18184159+0.25397574j, -0.16972743+0.8036124j ,
           -0.11622474+0.10198692j, -0.28042555-0.35395148j],
          [ 0.13677366+0.38157957j,  0.18184159+0.25397574j,
           -0.39272914-0.222899j  ,  0.59104213+0.42996398j]],
         input_dims=(2, 2), output_dims=(2, 2))"
"Operator([[ 0.59104213+0.42996398j, -0.44974277+0.04063963j,
            0.30159975-0.08128734j,  0.33627779-0.22633438j],
          [-0.02873017-0.45066031j, -0.11622474+0.10198692j,
            0.3184819 +0.75707964j,  0.30159975-0.08128734j],
          [-0.30547622+0.06522516j, -0.76523831+0.29834648j,
           -0.11622474+0.10198692j, -0.44974277+0.04063963j],
          [-0.19896435-0.3531617j , -0.30547622+0.06522516j,
           -0.02873017-0.45066031j,  0.59104213+0.42996398j]],
         input_dims=(2, 2), output_dims=(2, 2))"
"Operator([[ 0.59104213+0.42996398j, -0.17637491+0.41570667j,
           -0.23494136-0.20584606j, -0.31286216+0.25773489j],
          [ 0.38378426-0.23797013j, -0.11622474+0.10198692j,
            0.81777772+0.07641922j, -0.23494136-0.20584606j],
          [ 0.11518946-0.29034708j, -0.62411691-0.53392731j,
           -0.11622474+0.10198692j, -0.17637491+0.41570667j],
          [ 0.16394856+0.3707167j ,  0.11518946-0.29034708j,
            0.38378426-0.23797013j,  0.59104213+0.42996398j]],
         input_dims=(2, 2), output_dims=(2, 2))"
"Operator([[ 0.59104213+0.42996398j, -0.34289648-0.29384034j,
            0.07328189+0.30364421j, -0.09346142+0.39442992j],
          [-0.34289648-0.29384034j, -0.11622474+0.10198692j,
           -0.32016691+0.75636859j,  0.07328189+0.30364421j],
          [ 0.07328189+0.30364421j, -0.32016691+0.75636859j,
           -0.11622474+0.10198692j, -0.34289648-0.29384034j],
          [-0.09346142+0.39442992j,  0.07328189+0.30364421j,
           -0.34289648-0.29384034j,  0.59104213+0.42996398j]],
         input_dims=(2, 2), output_dims=(2, 2))"
"Operator([[ 0.59104213+0.42996398j, -0.2917953 -0.34463843j,
           -0.0257872 +0.31129578j, -0.26479192+0.30691243j],
          [-0.38526757-0.23556112j, -0.11622474+0.10198692j,
           -0.43639377+0.69581662j, -0.0257872 +0.31129578j],
          [ 0.16493549+0.26526652j, -0.19578865+0.79766353j,
           -0.11622474+0.10198692j, -0.2917953 -0.34463843j],
          [ 0.09892274+0.39309578j,  0.16493549+0.26526652j,
           -0.38526757-0.23556112j,  0.59104213+0.42996398j]],
         input_dims=(2, 2), output_dims=(2, 2))"
"Operator([[ 0.59104213+0.42996398j, -0.34289648-0.29384034j,
            0.07328189+0.30364421j, -0.09346142+0.39442992j],
          [-0.34289648-0.29384034j, -0.11622474+0.10198692j,
           -0.32016691+0.75636859j,  0.07328189+0.30364421j],
          [ 0.07328189+0.30364421j, -0.32016691+0.75636859j,
           -0.11622474+0.10198692j, -0.34289648-0.29384034j],
          [-0.09346142+0.39442992j,  0.07328189+0.30364421j,
           -0.34289648-0.29384034j,  0.59104213+0.42996398j]],
         input_dims=(2, 2), output_dims=(2, 2))"
