unitary
"Operator([[ 8.69959337e-01-0.45800519j, -9.12817914e-02+0.15711224j,
           -3.45284864e-03-0.01928658j,  1.04017529e-03+0.00063235j],
          [ 1.58838772e-01+0.08824322j,  9.59166425e-01-0.04901741j,
           -1.42171177e-01+0.15486737j, -3.45284864e-03-0.01928658j],
          [ 4.19202107e-03+0.01913952j,  1.57573051e-01+0.13916637j,
            9.59166425e-01-0.04901741j, -9.12817914e-02+0.15711224j],
          [-5.71311143e-04+0.00107491j,  4.19202107e-03+0.01913952j,
            1.58838772e-01+0.08824322j,  8.69959337e-01-0.45800519j]],
         input_dims=(2, 2), output_dims=(2, 2))"
"Operator([[ 8.69959337e-01-4.58005189e-01j,
           -1.21459074e-02+1.81298370e-01j,
           -1.74261425e-02-8.95678120e-03j,
            8.19659541e-04-8.99994046e-04j],
          [ 1.03236866e-01+1.49528498e-01j,
            9.59166425e-01-4.90174130e-02j,
           -5.87536829e-02+2.01852792e-01j,
           -1.74261425e-02-8.95678120e-03j],
          [-1.26709654e-02+1.49445980e-02j,
            7.95209141e-02+1.94609787e-01j,
            9.59166425e-01-4.90174130e-02j,
           -1.21459074e-02+1.81298370e-01j],
          [-1.16435241e-03-3.55126061e-04j,
           -1.26709654e-02+1.49445980e-02j,
            1.03236866e-01+1.49528498e-01j,
            8.69959337e-01-4.58005189e-01j]],
         input_dims=(2, 2), output_dims=(2, 2))"
"Operator([[ 8.69959337e-01-0.45800519j,  4.82361054e-02+0.17518533j,
           -1.92166063e-02+0.00382314j, -3.22371794e-04-0.00117384j],
          [ 4.82361054e-02+0.17518533j,  9.59166425e-01-0.04901741j,
            1.09970339e-02+0.20994192j, -1.92166063e-02+0.00382314j],
          [-1.92166063e-02+0.00382314j,  1.09970339e-02+0.20994192j,
            9.59166425e-01-0.04901741j,  4.82361054e-02+0.17518533j],
          [-3.22371794e-04-0.00117384j, -1.92166063e-02+0.00382314j,
            4.82361054e-02+0.17518533j,  8.69959337e-01-0.45800519j]],
         input_dims=(2, 2), output_dims=(2, 2))"
"Operator([[ 8.69959337e-01-4.58005189e-01j,
            1.47848365e-01+1.05628988e-01j,
           -2.13440170e-04+1.95920600e-02j,
           -8.96885981e-04+8.23059283e-04j],
          [-7.29409907e-02+1.66421855e-01j,
            9.59166425e-01-4.90174130e-02j,
            1.40835690e-01+1.56082842e-01j,
           -2.13440170e-04+1.95920600e-02j],
          [-7.69605104e-03-1.80184675e-02j,
           -1.23758048e-01+1.69942610e-01j,
            9.59166425e-01-4.90174130e-02j,
            1.47848365e-01+1.05628988e-01j],
          [ 1.19145325e-03+2.49539958e-04j,
           -7.69605104e-03-1.80184675e-02j,
           -7.29409907e-02+1.66421855e-01j,
            8.69959337e-01-4.58005189e-01j]],
         input_dims=(2, 2), output_dims=(2, 2))"
"Operator([[ 8.69959337e-01-0.45800519j,  1.73663294e-01+0.05345729j,
            1.15840115e-02+0.01580206j,  1.66142393e-04+0.00120591j],
          [-1.21823096e-01+0.13481749j,  9.59166425e-01-0.04901741j,
            1.82964647e-01+0.10353976j,  1.15840115e-02+0.01580206j],
          [ 4.65367070e-03-0.01903254j, -1.71145940e-01+0.12208854j,
            9.59166425e-01-0.04901741j,  1.73663294e-01+0.05345729j],
          [ 4.73067569e-04+0.00112162j,  4.65367070e-03-0.01903254j,
           -1.21823096e-01+0.13481749j,  8.69959337e-01-0.45800519j]],
         input_dims=(2, 2), output_dims=(2, 2))"
"Operator([[ 8.69959337e-01-0.45800519j,  4.82361054e-02+0.17518533j,
           -1.92166063e-02+0.00382314j, -3.22371794e-04-0.00117384j],
          [ 4.82361054e-02+0.17518533j,  9.59166425e-01-0.04901741j,
            1.09970339e-02+0.20994192j, -1.92166063e-02+0.00382314j],
          [-1.92166063e-02+0.00382314j,  1.09970339e-02+0.20994192j,
            9.59166425e-01-0.04901741j,  4.82361054e-02+0.17518533j],
          [-3.22371794e-04-0.00117384j, -1.92166063e-02+0.00382314j,
            4.82361054e-02+0.17518533j,  8.69959337e-01-0.45800519j]],
         input_dims=(2, 2), output_dims=(2, 2))"
"Operator([[ 8.69959337e-01-0.45800519j,  1.79186945e-01+0.030144j  ,
            1.53049234e-02+0.0122333j ,  6.18288751e-04+0.00104859j],
          [-1.38501816e-01+0.11761747j,  9.59166425e-01-0.04901741j,
            1.94996711e-01+0.07856735j,  1.53049234e-02+0.0122333j ],
          [ 9.45718408e-03-0.01715972j, -1.85721175e-01+0.09850985j,
            9.59166425e-01-0.04901741j,  1.79186945e-01+0.030144j  ],
          [ 3.99194907e-06+0.0012173j ,  9.45718408e-03-0.01715972j,
           -1.38501816e-01+0.11761747j,  8.69959337e-01-0.45800519j]],
         input_dims=(2, 2), output_dims=(2, 2))"
"Operator([[ 8.69959337e-01-0.45800519j,  4.82361054e-02+0.17518533j,
           -1.92166063e-02+0.00382314j, -3.22371794e-04-0.00117384j],
          [ 4.82361054e-02+0.17518533j,  9.59166425e-01-0.04901741j,
            1.09970339e-02+0.20994192j, -1.92166063e-02+0.00382314j],
          [-1.92166063e-02+0.00382314j,  1.09970339e-02+0.20994192j,
            9.59166425e-01-0.04901741j,  4.82361054e-02+0.17518533j],
          [-3.22371794e-04-0.00117384j, -1.92166063e-02+0.00382314j,
            4.82361054e-02+0.17518533j,  8.69959337e-01-0.45800519j]],
         input_dims=(2, 2), output_dims=(2, 2))"
"Operator([[ 8.69959337e-01-0.45800519j,  1.28093801e-02+0.1812527j ,
           -1.92031418e-02-0.00389021j,  3.90278626e-04-0.00115305j],
          [ 8.17754609e-02+0.16226335j,  9.59166425e-01-0.04901741j,
           -3.05425509e-02+0.20799927j, -1.92031418e-02-0.00389021j],
          [-1.62518813e-02+0.01094398j,  5.21063296e-02+0.20367002j,
            9.59166425e-01-0.04901741j,  1.28093801e-02+0.1812527j ],
          [-9.24441049e-04-0.00079198j, -1.62518813e-02+0.01094398j,
            8.17754609e-02+0.16226335j,  8.69959337e-01-0.45800519j]],
         input_dims=(2, 2), output_dims=(2, 2))"
"Operator([[ 8.69959337e-01-0.45800519j, -1.05547318e-01+0.14790668j,
            1.91799348e-04-0.01959228j,  8.24544155e-04+0.00089552j],
          [ 1.66381546e-01+0.07303289j,  9.59166425e-01-0.04901741j,
           -1.56005037e-01+0.14092187j,  1.91799348e-04-0.01959228j],
          [ 7.67614379e-03+0.01802696j,  1.69874234e-01+0.12385189j,
            9.59166425e-01-0.04901741j, -1.05547318e-01+0.14790668j],
          [-2.51513670e-04+0.00119104j,  7.67614379e-03+0.01802696j,
            1.66381546e-01+0.07303289j,  8.69959337e-01-0.45800519j]],
         input_dims=(2, 2), output_dims=(2, 2))"
"Operator([[ 8.69959337e-01-0.45800519j, -1.42366810e-01+0.11290843j,
            1.05857574e-02-0.01648745j, -1.18265621e-04+0.00121155j],
          [ 1.80096739e-01+0.02412026j,  9.59166425e-01-0.04901741j,
           -1.88919093e-01+0.09222864j,  1.05857574e-02-0.01648745j],
          [ 1.60902472e-02+0.01118026j,  1.97520893e-01+0.0719864j ,
            9.59166425e-01-0.04901741j, -1.42366810e-01+0.11290843j],
          [ 7.20460229e-04+0.00098121j,  1.60902472e-02+0.01118026j,
            1.80096739e-01+0.02412026j,  8.69959337e-01-0.45800519j]],
         input_dims=(2, 2), output_dims=(2, 2))"
"Operator([[ 8.69959337e-01-4.58005189e-01j,
           -1.62326294e-01+8.16504518e-02j,
            1.62687215e-02-1.09189319e-02j,
           -7.94118778e-04+9.22608482e-04j],
          [ 1.81242781e-01-1.29489878e-02j,
            9.59166425e-01-4.90174130e-02j,
           -2.03710091e-01+5.19494356e-02j,
            1.62687215e-02-1.09189319e-02j],
          [ 1.92091120e-02+3.86062027e-03j,
            2.08022737e-01+3.03823286e-02j,
            9.59166425e-01-4.90174130e-02j,
           -1.62326294e-01+8.16504518e-02j],
          [ 1.15394414e-03+3.87613156e-04j,
            1.92091120e-02+3.86062027e-03j,
            1.81242781e-01-1.29489878e-02j,
            8.69959337e-01-4.58005189e-01j]],
         input_dims=(2, 2), output_dims=(2, 2))"
"Operator([[ 0.86995934-4.58005189e-01j, -0.17656129+4.29270635e-02j,
            0.01941226-2.65679676e-03j, -0.00119819+2.14900783e-04j],
          [ 0.17364977-5.35012028e-02j,  0.95916643-4.90174130e-02j,
           -0.21017818+4.65600573e-03j,  0.01941226-2.65679676e-03j],
          [ 0.01895094-4.97555839e-03j,  0.2095144 -1.73280434e-02j,
            0.95916643-4.90174130e-02j, -0.17656129+4.29270635e-02j],
          [ 0.00113988-4.27201191e-04j,  0.01895094-4.97555839e-03j,
            0.17364977-5.35012028e-02j,  0.86995934-4.58005189e-01j]],
         input_dims=(2, 2), output_dims=(2, 2))"
"Operator([[ 8.69959337e-01-0.45800519j,  4.82361054e-02+0.17518533j,
           -1.92166063e-02+0.00382314j, -3.22371794e-04-0.00117384j],
          [ 4.82361054e-02+0.17518533j,  9.59166425e-01-0.04901741j,
            1.09970339e-02+0.20994192j, -1.92166063e-02+0.00382314j],
          [-1.92166063e-02+0.00382314j,  1.09970339e-02+0.20994192j,
            9.59166425e-01-0.04901741j,  4.82361054e-02+0.17518533j],
          [-3.22371794e-04-0.00117384j, -1.92166063e-02+0.00382314j,
            4.82361054e-02+0.17518533j,  8.69959337e-01-0.45800519j]],
         input_dims=(2, 2), output_dims=(2, 2))"
