unitary
"Operator([[-0.60522005-0.48632716j,  0.52673153+0.11560201j,
           -0.19033372+0.24549619j, -0.09491548-0.02967172j],
          [ 0.52673153+0.11560201j,  0.39143586+0.06411884j,
            0.0737448 +0.67076316j, -0.19033372+0.24549619j],
          [-0.19033372+0.24549619j,  0.0737448 +0.67076316j,
            0.39143586+0.06411884j,  0.52673153+0.11560201j],
          [-0.09491548-0.02967172j, -0.19033372+0.24549619j,
            0.52673153+0.11560201j, -0.60522005-0.48632716j]],
         input_dims=(2, 2), output_dims=(2, 2))"
"Operator([[-0.60522005-0.48632716j,  0.52673153+0.11560201j,
           -0.19033372+0.24549619j, -0.09491548-0.02967172j],
          [ 0.52673153+0.11560201j,  0.39143586+0.06411884j,
            0.0737448 +0.67076316j, -0.19033372+0.24549619j],
          [-0.19033372+0.24549619j,  0.0737448 +0.67076316j,
            0.39143586+0.06411884j,  0.52673153+0.11560201j],
          [-0.09491548-0.02967172j, -0.19033372+0.24549619j,
            0.52673153+0.11560201j, -0.60522005-0.48632716j]],
         input_dims=(2, 2), output_dims=(2, 2))"
"Operator([[-0.60522005-0.48632716j,  0.51458493-0.1612832j ,
            0.11523434+0.28847245j, -0.03075955+0.09456854j],
          [ 0.3997501 +0.36195273j,  0.39143586+0.06411884j,
            0.39716139+0.54554958j,  0.11523434+0.28847245j],
          [-0.30808593-0.03972865j, -0.26915033+0.61880498j,
            0.39143586+0.06411884j,  0.51458493-0.1612832j ],
          [ 0.02857998-0.0952499j , -0.30808593-0.03972865j,
            0.3997501 +0.36195273j, -0.60522005-0.48632716j]],
         input_dims=(2, 2), output_dims=(2, 2))"
"Operator([[-0.60522005-0.48632716j,  0.34637506+0.41332099j,
           -0.2857272 -0.1218822j ,  0.06436315-0.07580728j],
          [ 0.48762695-0.23028218j,  0.39143586+0.06411884j,
           -0.3514143 +0.57608116j, -0.2857272 -0.1218822j ],
          [ 0.18922665+0.24635052j,  0.46817837+0.48597379j,
            0.39143586+0.06411884j,  0.34637506+0.41332099j],
          [ 0.00972614+0.09896849j,  0.18922665+0.24635052j,
            0.48762695-0.23028218j, -0.60522005-0.48632716j]],
         input_dims=(2, 2), output_dims=(2, 2))"
"Operator([[-0.60522005-0.48632716j, -0.41231156-0.34757604j,
           -0.31012468-0.01783225j, -0.0183212 +0.097743j  ],
          [-0.51997137+0.14296747j,  0.39143586+0.06411884j,
            0.24707795-0.62794426j, -0.31012468-0.01783225j],
          [ 0.09453637+0.29590231j, -0.37760179-0.55926595j,
            0.39143586+0.06411884j, -0.41231156-0.34757604j],
          [ 0.04061171-0.09077471j,  0.09453637+0.29590231j,
           -0.51997137+0.14296747j, -0.60522005-0.48632716j]],
         input_dims=(2, 2), output_dims=(2, 2))"
