unitary
"Operator([[ 9.41366246e-01-0.31421358j,  2.17999268e-02+0.12061082j,
           -8.70437146e-03+0.00114631j, -6.44524569e-05-0.00035699j],
          [ 2.17999268e-02+0.12061082j,  9.81660078e-01-0.03435118j,
            5.00604995e-03+0.14155967j, -8.70437146e-03+0.00114631j],
          [-8.70437146e-03+0.00114631j,  5.00604995e-03+0.14155967j,
            9.81660078e-01-0.03435118j,  2.17999268e-02+0.12061082j],
          [-6.44524569e-05-0.00035699j, -8.70437146e-03+0.00114631j,
            2.17999268e-02+0.12061082j,  9.41366246e-01-0.31421358j]],
         input_dims=(2, 2), output_dims=(2, 2))"
"Operator([[ 9.41366246e-01-3.14213578e-01j,
            1.20945458e-01-1.98595801e-02j,
            8.73670348e-03-8.66091193e-04j,
            3.59680323e-04-4.71791187e-05j],
          [-1.20245055e-01+2.37346474e-02j,
            9.81660078e-01-3.43511799e-02j,
            1.41621823e-01-2.73134075e-03j,
            8.73670348e-03-8.66091193e-04j],
          [ 8.66305432e-03-1.42533908e-03j,
           -1.41460985e-01+7.27946719e-03j,
            9.81660078e-01-3.43511799e-02j,
            1.20945458e-01-1.98595801e-02j],
          [-3.53470142e-04+8.15761160e-05j,
            8.66305432e-03-1.42533908e-03j,
           -1.20245055e-01+2.37346474e-02j,
            9.41366246e-01-3.14213578e-01j]],
         input_dims=(2, 2), output_dims=(2, 2))"
"Operator([[ 9.41366246e-01-0.31421358j,  2.17999268e-02+0.12061082j,
           -8.70437146e-03+0.00114631j, -6.44524569e-05-0.00035699j],
          [ 2.17999268e-02+0.12061082j,  9.81660078e-01-0.03435118j,
            5.00604995e-03+0.14155967j, -8.70437146e-03+0.00114631j],
          [-8.70437146e-03+0.00114631j,  5.00604995e-03+0.14155967j,
            9.81660078e-01-0.03435118j,  2.17999268e-02+0.12061082j],
          [-6.44524569e-05-0.00035699j, -8.70437146e-03+0.00114631j,
            2.17999268e-02+0.12061082j,  9.41366246e-01-0.31421358j]],
         input_dims=(2, 2), output_dims=(2, 2))"
"Operator([[ 9.41366246e-01-3.14213578e-01j,
            1.14660101e-01-4.33043626e-02j,
            7.72346416e-03-4.17470993e-03j,
            2.71402112e-04-2.40700431e-04j],
          [-1.22564368e-01-4.26981561e-04j,
            9.81660078e-01-3.43511799e-02j,
            1.38306400e-01-3.05866101e-02j,
            7.72346416e-03-4.17470993e-03j],
          [ 8.54095074e-03+2.03279663e-03j,
           -1.40121505e-01-2.07404159e-02j,
            9.81660078e-01-3.43511799e-02j,
            1.14660101e-01-4.33043626e-02j],
          [-3.38437797e-04-1.30597326e-04j,
            8.54095074e-03+2.03279663e-03j,
           -1.22564368e-01-4.26981561e-04j,
            9.41366246e-01-3.14213578e-01j]],
         input_dims=(2, 2), output_dims=(2, 2))"
"Operator([[ 9.41366246e-01-3.14213578e-01j,
            1.16167654e-01-3.90804648e-02j,
            8.00805226e-03-3.59877768e-03j,
            2.96139643e-04-2.09516386e-04j],
          [-1.22497936e-01+4.05739305e-03j,
            9.81660078e-01-3.43511799e-02j,
            1.39332836e-01-2.55061129e-02j,
            8.00805226e-03-3.59877768e-03j],
          [ 8.66672905e-03+1.40282190e-03j,
           -1.40786497e-01-1.56001039e-02j,
            9.81660078e-01-3.43511799e-02j,
            1.16167654e-01-3.90804648e-02j],
          [-3.50708788e-04-9.27316037e-05j,
            8.66672905e-03+1.40282190e-03j,
           -1.22497936e-01+4.05739305e-03j,
            9.41366246e-01-3.14213578e-01j]],
         input_dims=(2, 2), output_dims=(2, 2))"
"Operator([[ 9.41366246e-01-3.14213578e-01j,
            1.20273750e-01-2.35888029e-02j,
            8.66648600e-03-1.40432269e-03j,
            3.53764596e-04-8.02895672e-05j],
          [-1.20921284e-01+2.00062419e-02j,
            9.81660078e-01-3.43511799e-02j,
            1.41469709e-01-7.10790521e-03j,
            8.66648600e-03-1.40432269e-03j],
          [ 8.73457708e-03-8.87279482e-04j,
           -1.41618406e-01+2.90309043e-03j,
            9.81660078e-01-3.43511799e-02j,
            1.20273750e-01-2.35888029e-02j],
          [-3.59506294e-04+4.84874094e-05j,
            8.73457708e-03-8.87279482e-04j,
           -1.20921284e-01+2.00062419e-02j,
            9.41366246e-01-3.14213578e-01j]],
         input_dims=(2, 2), output_dims=(2, 2))"
"Operator([[ 9.41366246e-01-0.31421358j,  2.17999268e-02+0.12061082j,
           -8.70437146e-03+0.00114631j, -6.44524569e-05-0.00035699j],
          [ 2.17999268e-02+0.12061082j,  9.81660078e-01-0.03435118j,
            5.00604995e-03+0.14155967j, -8.70437146e-03+0.00114631j],
          [-8.70437146e-03+0.00114631j,  5.00604995e-03+0.14155967j,
            9.81660078e-01-0.03435118j,  2.17999268e-02+0.12061082j],
          [-6.44524569e-05-0.00035699j, -8.70437146e-03+0.00114631j,
            2.17999268e-02+0.12061082j,  9.41366246e-01-0.31421358j]],
         input_dims=(2, 2), output_dims=(2, 2))"
