unitary
"Operator([[-0.18022564-0.82166568j, -0.19900983-0.45774372j,
           -0.18261972-0.08801165j, -0.0318731 +0.03373564j],
          [-0.4989629 -0.01304812j,  0.59419143-0.02890261j,
            0.25221131-0.54061114j, -0.18261972-0.08801165j],
          [ 0.04999524+0.19645989j, -0.38340631-0.45702358j,
            0.59419143-0.02890261j, -0.19900983-0.45774372j],
          [ 0.02204615-0.0408406j ,  0.04999524+0.19645989j,
           -0.4989629 -0.01304812j, -0.18022564-0.82166568j]],
         input_dims=(2, 2), output_dims=(2, 2))"
"Operator([[-0.18022564-0.82166568j,  0.4137995 +0.27911324j,
           -0.15693415+0.12832648j, -0.03761045-0.02719267j],
          [ 0.4137995 +0.27911324j,  0.59419143-0.02890261j,
            0.07778015+0.59145684j, -0.15693415+0.12832648j],
          [-0.15693415+0.12832648j,  0.07778015+0.59145684j,
            0.59419143-0.02890261j,  0.4137995 +0.27911324j],
          [-0.03761045-0.02719267j, -0.15693415+0.12832648j,
            0.4137995 +0.27911324j, -0.18022564-0.82166568j]],
         input_dims=(2, 2), output_dims=(2, 2))"
"Operator([[-0.18022564-0.82166568j,  0.30658458-0.39387831j,
            0.17288356-0.10586448j,  0.03424817-0.03132173j],
          [-0.25035181+0.43180806j,  0.59419143-0.02890261j,
            0.59537487-0.03741275j,  0.17288356-0.10586448j],
          [ 0.13808662-0.14841866j, -0.58480503+0.11778805j,
            0.59419143-0.02890261j,  0.30658458-0.39387831j],
          [-0.01900947+0.04233943j,  0.13808662-0.14841866j,
           -0.25035181+0.43180806j, -0.18022564-0.82166568j]],
         input_dims=(2, 2), output_dims=(2, 2))"
"Operator([[-0.18022564-0.82166568j,  0.4137995 +0.27911324j,
           -0.15693415+0.12832648j, -0.03761045-0.02719267j],
          [ 0.4137995 +0.27911324j,  0.59419143-0.02890261j,
            0.07778015+0.59145684j, -0.15693415+0.12832648j],
          [-0.15693415+0.12832648j,  0.07778015+0.59145684j,
            0.59419143-0.02890261j,  0.4137995 +0.27911324j],
          [-0.03761045-0.02719267j, -0.15693415+0.12832648j,
            0.4137995 +0.27911324j, -0.18022564-0.82166568j]],
         input_dims=(2, 2), output_dims=(2, 2))"
