unitary
"Operator([[ 9.20523801e-01-0.36357189j,  2.95292899e-02+0.13941656j,
           -1.17829369e-02+0.00181407j, -1.18990440e-04-0.00056265j],
          [ 2.95292899e-02+0.13941656j,  9.75113011e-01-0.03950844j,
            6.76696943e-03+0.16461113j, -1.17829369e-02+0.00181407j],
          [-1.17829369e-02+0.00181407j,  6.76696943e-03+0.16461113j,
            9.75113011e-01-0.03950844j,  2.95292899e-02+0.13941656j],
          [-1.18990440e-04-0.00056265j, -1.17829369e-02+0.00181407j,
            2.95292899e-02+0.13941656j,  9.20523801e-01-0.36357189j]],
         input_dims=(2, 2), output_dims=(2, 2))"
"Operator([[ 9.20523801e-01-3.63571888e-01j,
            1.42495500e-01+1.99684925e-03j,
            1.14146751e-02+3.44000433e-03j,
            5.15369896e-04+2.55205424e-04j],
          [-1.29449644e-01+5.95965150e-02j,
            9.75113011e-01-3.95084415e-02j,
            1.62039568e-01+2.97622780e-02j,
            1.14146751e-02+3.44000433e-03j],
          [ 9.85138468e-03-6.71406415e-03j,
           -1.59049963e-01+4.29618903e-02j,
            9.75113011e-01-3.95084415e-02j,
            1.42495500e-01+1.99684925e-03j],
          [-3.67922748e-04+4.42005418e-04j,
            9.85138468e-03-6.71406415e-03j,
           -1.29449644e-01+5.95965150e-02j,
            9.20523801e-01-3.63571888e-01j]],
         input_dims=(2, 2), output_dims=(2, 2))"
"Operator([[ 9.20523801e-01-3.63571888e-01j,
            1.40382563e-01-2.45293875e-02j,
            1.18823981e-02-9.68015196e-04j,
            5.72153811e-04-5.81029618e-05j],
          [-1.38272529e-01+3.44914869e-02j,
            9.75113011e-01-3.95084415e-02j,
            1.64747800e-01-8.81452292e-04j,
            1.18823981e-02-9.68015196e-04j],
          [ 1.16233131e-02-2.65085474e-03j,
           -1.64264262e-01+1.26438459e-02j,
            9.75113011e-01-3.95084415e-02j,
            1.40382563e-01-2.45293875e-02j],
          [-5.46689610e-04+1.78511648e-04j,
            1.16233131e-02-2.65085474e-03j,
           -1.38272529e-01+3.44914869e-02j,
            9.20523801e-01-3.63571888e-01j]],
         input_dims=(2, 2), output_dims=(2, 2))"
"Operator([[ 9.20523801e-01-0.36357189j,  2.95292899e-02+0.13941656j,
           -1.17829369e-02+0.00181407j, -1.18990440e-04-0.00056265j],
          [ 2.95292899e-02+0.13941656j,  9.75113011e-01-0.03950844j,
            6.76696943e-03+0.16461113j, -1.17829369e-02+0.00181407j],
          [-1.17829369e-02+0.00181407j,  6.76696943e-03+0.16461113j,
            9.75113011e-01-0.03950844j,  2.95292899e-02+0.13941656j],
          [-1.18990440e-04-0.00056265j, -1.17829369e-02+0.00181407j,
            2.95292899e-02+0.13941656j,  9.20523801e-01-0.36357189j]],
         input_dims=(2, 2), output_dims=(2, 2))"
"Operator([[ 9.20523801e-01-3.63571888e-01j,
            1.30536641e-01-5.71763965e-02j,
            1.00944870e-02-6.34269413e-03j,
            3.92022345e-04-4.20778349e-04j],
          [-1.42507980e-01+6.56145292e-04j,
            9.75113011e-01-3.95084415e-02j,
            1.59822166e-01-3.99936247e-02j,
            1.00944870e-02-6.34269413e-03j],
          [ 1.15348175e-02+3.01271021e-03j,
           -1.62565533e-01-2.67406463e-02j,
            9.75113011e-01-3.95084415e-02j,
            1.30536641e-01-5.71763965e-02j],
          [-5.28812193e-04-2.26038941e-04j,
            1.15348175e-02+3.01271021e-03j,
           -1.42507980e-01+6.56145292e-04j,
            9.20523801e-01-3.63571888e-01j]],
         input_dims=(2, 2), output_dims=(2, 2))"
"Operator([[ 9.20523801e-01-0.36357189j,  2.95292899e-02+0.13941656j,
           -1.17829369e-02+0.00181407j, -1.18990440e-04-0.00056265j],
          [ 2.95292899e-02+0.13941656j,  9.75113011e-01-0.03950844j,
            6.76696943e-03+0.16461113j, -1.17829369e-02+0.00181407j],
          [-1.17829369e-02+0.00181407j,  6.76696943e-03+0.16461113j,
            9.75113011e-01-0.03950844j,  2.95292899e-02+0.13941656j],
          [-1.18990440e-04-0.00056265j, -1.17829369e-02+0.00181407j,
            2.95292899e-02+0.13941656j,  9.20523801e-01-0.36357189j]],
         input_dims=(2, 2), output_dims=(2, 2))"
"Operator([[ 9.20523801e-01-3.63571888e-01j,
           -6.91944120e-02-1.24583660e-01j,
           -8.72885452e-03+8.12006997e-03j,
            5.13361558e-04+2.59221621e-04j],
          [ 1.27433499e-02-1.41938585e-01j,
            9.75113011e-01-3.95084415e-02j,
           -5.48407436e-02-1.55354780e-01j,
           -8.72885452e-03+8.12006997e-03j],
          [-1.07670320e-02-5.11854080e-03j,
            4.19043468e-02-1.59331856e-01j,
            9.75113011e-01-3.95084415e-02j,
           -6.91944120e-02-1.24583660e-01j],
          [-3.64460382e-04+4.44864663e-04j,
           -1.07670320e-02-5.11854080e-03j,
            1.27433499e-02-1.41938585e-01j,
            9.20523801e-01-3.63571888e-01j]],
         input_dims=(2, 2), output_dims=(2, 2))"
"Operator([[ 9.20523801e-01-0.36357189j, -1.11884630e-01+0.08826542j,
            5.71155675e-03-0.01046454j,  8.77080632e-06+0.00057503j],
          [ 1.38061889e-01+0.0353252j ,  9.75113011e-01-0.03950844j,
           -1.44558312e-01+0.07902853j,  5.71155675e-03-0.01046454j],
          [ 8.59463905e-03+0.008262j  ,  1.50557126e-01+0.06689669j,
            9.75113011e-01-0.03950844j, -1.11884630e-01+0.08826542j],
          [ 2.24784278e-04+0.00052935j,  8.59463905e-03+0.008262j  ,
            1.38061889e-01+0.0353252j ,  9.20523801e-01-0.36357189j]],
         input_dims=(2, 2), output_dims=(2, 2))"
"Operator([[ 9.20523801e-01-0.36357189j,  2.95292899e-02+0.13941656j,
           -1.17829369e-02+0.00181407j, -1.18990440e-04-0.00056265j],
          [ 2.95292899e-02+0.13941656j,  9.75113011e-01-0.03950844j,
            6.76696943e-03+0.16461113j, -1.17829369e-02+0.00181407j],
          [-1.17829369e-02+0.00181407j,  6.76696943e-03+0.16461113j,
            9.75113011e-01-0.03950844j,  2.95292899e-02+0.13941656j],
          [-1.18990440e-04-0.00056265j, -1.17829369e-02+0.00181407j,
            2.95292899e-02+0.13941656j,  9.20523801e-01-0.36357189j]],
         input_dims=(2, 2), output_dims=(2, 2))"
"Operator([[ 9.20523801e-01-0.36357189j, -1.17025359e-01+0.08132663j,
            6.93497562e-03-0.00969714j, -9.53495644e-05+0.00056714j],
          [ 1.39948021e-01+0.02689807j,  9.75113011e-01-0.03950844j,
           -1.49079584e-01+0.07012769j,  6.93497562e-03-0.00969714j],
          [ 9.53058277e-03+0.00716215j,  1.54332570e-01+0.05765477j,
            9.75113011e-01-0.03950844j, -1.17025359e-01+0.08132663j],
          [ 3.16794566e-04+0.00047998j,  9.53058277e-03+0.00716215j,
            1.39948021e-01+0.02689807j,  9.20523801e-01-0.36357189j]],
         input_dims=(2, 2), output_dims=(2, 2))"
"Operator([[ 9.20523801e-01-0.36357189j, -1.17015716e-01+0.0813405j ,
            6.93267609e-03-0.00969879j, -9.51478440e-05+0.00056717j],
          [ 1.39944831e-01+0.02691467j,  9.75113011e-01-0.03950844j,
           -1.49071269e-01+0.07014536j,  6.93267609e-03-0.00969879j],
          [ 9.52888426e-03+0.00716441j,  1.54325734e-01+0.05767307j,
            9.75113011e-01-0.03950844j, -1.17015716e-01+0.0813405j ],
          [ 3.16623832e-04+0.00048009j,  9.52888426e-03+0.00716441j,
            1.39944831e-01+0.02691467j,  9.20523801e-01-0.36357189j]],
         input_dims=(2, 2), output_dims=(2, 2))"
"Operator([[ 9.20523801e-01-0.36357189j,  2.95292899e-02+0.13941656j,
           -1.17829369e-02+0.00181407j, -1.18990440e-04-0.00056265j],
          [ 2.95292899e-02+0.13941656j,  9.75113011e-01-0.03950844j,
            6.76696943e-03+0.16461113j, -1.17829369e-02+0.00181407j],
          [-1.17829369e-02+0.00181407j,  6.76696943e-03+0.16461113j,
            9.75113011e-01-0.03950844j,  2.95292899e-02+0.13941656j],
          [-1.18990440e-04-0.00056265j, -1.17829369e-02+0.00181407j,
            2.95292899e-02+0.13941656j,  9.20523801e-01-0.36357189j]],
         input_dims=(2, 2), output_dims=(2, 2))"
