unitary
"Operator([[-0.10434541-0.84554544j, -0.33014724-0.35848835j,
           -0.17941033+0.05309884j,  0.01396051+0.03809725j],
          [-0.43641669-0.21691374j,  0.62417754-0.03862586j,
            0.03059534-0.57918539j, -0.17941033+0.05309884j],
          [-0.09819957+0.15926204j, -0.17830281-0.5519057j ,
            0.62417754-0.03862586j, -0.33014724-0.35848835j],
          [ 0.04026418+0.00500916j, -0.09819957+0.15926204j,
           -0.43641669-0.21691374j, -0.10434541-0.84554544j]],
         input_dims=(2, 2), output_dims=(2, 2))"
"Operator([[-0.10434541-0.84554544j,  0.38976391+0.29256656j,
           -0.14860844+0.11367974j, -0.03176137-0.02524899j],
          [ 0.38976391+0.29256656j,  0.62417754-0.03862586j,
            0.07510273+0.57510988j, -0.14860844+0.11367974j],
          [-0.14860844+0.11367974j,  0.07510273+0.57510988j,
            0.62417754-0.03862586j,  0.38976391+0.29256656j],
          [-0.03176137-0.02524899j, -0.14860844+0.11367974j,
            0.38976391+0.29256656j, -0.10434541-0.84554544j]],
         input_dims=(2, 2), output_dims=(2, 2))"
"Operator([[-0.10434541-0.84554544j,  0.40411055-0.27240735j,
            0.18708329+0.002719j  ,  0.04036297+0.00413846j],
          [-0.14873135+0.46410137j,  0.62417754-0.03862586j,
            0.56797602+0.11745224j,  0.18708329+0.002719j  ],
          [ 0.04633497-0.18127499j, -0.51876759+0.25936844j,
            0.62417754-0.03862586j,  0.40411055-0.27240735j],
          [ 0.01313452+0.03838985j,  0.04633497-0.18127499j,
           -0.14873135+0.46410137j, -0.10434541-0.84554544j]],
         input_dims=(2, 2), output_dims=(2, 2))"
"Operator([[-0.10434541-0.84554544j,  0.38976391+0.29256656j,
           -0.14860844+0.11367974j, -0.03176137-0.02524899j],
          [ 0.38976391+0.29256656j,  0.62417754-0.03862586j,
            0.07510273+0.57510988j, -0.14860844+0.11367974j],
          [-0.14860844+0.11367974j,  0.07510273+0.57510988j,
            0.62417754-0.03862586j,  0.38976391+0.29256656j],
          [-0.03176137-0.02524899j, -0.14860844+0.11367974j,
            0.38976391+0.29256656j, -0.10434541-0.84554544j]],
         input_dims=(2, 2), output_dims=(2, 2))"
"Operator([[-0.10434541-0.84554544j,  0.11683073+0.47314023j,
           -0.1410819 -0.12289609j,  0.0371223 -0.01637775j],
          [ 0.48694332-0.0199323j ,  0.62417754-0.03862586j,
           -0.3056027 +0.49294907j, -0.1410819 -0.12289609j],
          [ 0.08169239+0.16832678j,  0.42194255+0.39794004j,
            0.62417754-0.03862586j,  0.11683073+0.47314023j],
          [-0.00758399+0.03985949j,  0.08169239+0.16832678j,
            0.48694332-0.0199323j , -0.10434541-0.84554544j]],
         input_dims=(2, 2), output_dims=(2, 2))"
"Operator([[-0.10434541-0.84554544j,  0.15492065-0.46207217j,
            0.05116337-0.17997184j, -0.01158512-0.03888549j],
          [-0.40043381+0.27778384j,  0.62417754-0.03862586j,
            0.52218764-0.25241209j,  0.05116337-0.17997184j],
          [ 0.18708913-0.00228215j, -0.56949501-0.10985091j,
            0.62417754-0.03862586j,  0.15492065-0.46207217j],
          [-0.04049642-0.0025172j ,  0.18708913-0.00228215j,
           -0.40043381+0.27778384j, -0.10434541-0.84554544j]],
         input_dims=(2, 2), output_dims=(2, 2))"
"Operator([[-0.10434541-0.84554544j, -0.37623754-0.30976832j,
           -0.1582055 +0.09989281j,  0.02808241+0.02928608j],
          [-0.40250446-0.27477493j,  0.62417754-0.03862586j,
           -0.04921004-0.57790152j, -0.1582055 +0.09989281j],
          [-0.13781351+0.12655034j, -0.10084399-0.57115872j,
            0.62417754-0.03862586j, -0.37623754-0.30976832j],
          [ 0.03486478+0.02075436j, -0.13781351+0.12655034j,
           -0.40250446-0.27477493j, -0.10434541-0.84554544j]],
         input_dims=(2, 2), output_dims=(2, 2))"
