unitary
"Operator([[ 0.74613269-0.06537464j, -0.46178053-0.09513271j,
            0.04806364+0.19165432j,  0.09025877+0.41174329j],
          [-0.46178053-0.09513271j, -0.26480465-0.06377087j,
           -0.33196122+0.74450019j,  0.04806364+0.19165432j],
          [ 0.04806364+0.19165432j, -0.33196122+0.74450019j,
           -0.26480465-0.06377087j, -0.46178053-0.09513271j],
          [ 0.09025877+0.41174329j,  0.04806364+0.19165432j,
           -0.46178053-0.09513271j,  0.74613269-0.06537464j]],
         input_dims=(2, 2), output_dims=(2, 2))"
"Operator([[ 0.74613269-0.06537464j, -0.46178053-0.09513271j,
            0.04806364+0.19165432j,  0.09025877+0.41174329j],
          [-0.46178053-0.09513271j, -0.26480465-0.06377087j,
           -0.33196122+0.74450019j,  0.04806364+0.19165432j],
          [ 0.04806364+0.19165432j, -0.33196122+0.74450019j,
           -0.26480465-0.06377087j, -0.46178053-0.09513271j],
          [ 0.09025877+0.41174329j,  0.04806364+0.19165432j,
           -0.46178053-0.09513271j,  0.74613269-0.06537464j]],
         input_dims=(2, 2), output_dims=(2, 2))"
"Operator([[ 0.74613269-0.06537464j,  0.41868432+0.21678314j,
           -0.05904666+0.18856029j,  0.24077795-0.34598434j],
          [ 0.47027592-0.03364594j, -0.26480465-0.06377087j,
            0.5214001 -0.62659455j, -0.05904666+0.18856029j],
          [ 0.14103832+0.13838238j,  0.11764877-0.80662107j,
           -0.26480465-0.06377087j,  0.41868432+0.21678314j],
          [-0.36343088-0.21353495j,  0.14103832+0.13838238j,
            0.47027592-0.03364594j,  0.74613269-0.06537464j]],
         input_dims=(2, 2), output_dims=(2, 2))"
"Operator([[ 0.74613269-6.53746396e-02j, -0.43286532-1.86866537e-01j,
           -0.03206501+1.94970068e-01j, -0.16309039+3.88691017e-01j],
          [-0.47147765+5.60294504e-04j, -0.26480465-6.37708706e-02j,
           -0.47614189+6.61640150e-01j, -0.03206501+1.94970068e-01j],
          [ 0.12027442+1.56765930e-01j, -0.1739652 +7.96376105e-01j,
           -0.26480465-6.37708706e-02j, -0.43286532-1.86866537e-01j],
          [ 0.31073241+2.84823718e-01j,  0.12027442+1.56765930e-01j,
           -0.47147765+5.60294504e-04j,  0.74613269-6.53746396e-02j]],
         input_dims=(2, 2), output_dims=(2, 2))"
"Operator([[ 0.74613269-0.06537464j, -0.46178053-0.09513271j,
            0.04806364+0.19165432j,  0.09025877+0.41174329j],
          [-0.46178053-0.09513271j, -0.26480465-0.06377087j,
           -0.33196122+0.74450019j,  0.04806364+0.19165432j],
          [ 0.04806364+0.19165432j, -0.33196122+0.74450019j,
           -0.26480465-0.06377087j, -0.46178053-0.09513271j],
          [ 0.09025877+0.41174329j,  0.04806364+0.19165432j,
           -0.46178053-0.09513271j,  0.74613269-0.06537464j]],
         input_dims=(2, 2), output_dims=(2, 2))"
