unitary
"Operator([[ 8.49807622e-01-0.48915947j, -1.47316896e-01+0.12779481j,
            1.10510854e-02-0.01979413j, -1.05536824e-05+0.00151784j],
          [ 1.93233312e-01+0.02635658j,  9.52785453e-01-0.05202104j,
           -2.00079965e-01+0.10447j   ,  1.10510854e-02-0.01979413j],
          [ 1.82020977e-02+0.01351362j,  2.10526109e-01+0.08139245j,
            9.52785453e-01-0.05202104j, -1.47316896e-01+0.12779481j],
          [ 8.37266107e-04+0.00126607j,  1.82020977e-02+0.01351362j,
            1.93233312e-01+0.02635658j,  8.49807622e-01-0.48915947j]],
         input_dims=(2, 2), output_dims=(2, 2))"
"Operator([[ 8.49807622e-01-0.48915947j,  1.38272983e-01-0.1375295j ,
            8.25916109e-03-0.02111209j, -2.97813081e-04-0.00148837j],
          [-1.90990099e-01-0.03945332j,  9.52785453e-01-0.05202104j,
            1.92501852e-01-0.11785165j,  8.25916109e-03-0.02111209j],
          [ 1.61971974e-02+0.01586143j, -2.04495179e-01-0.09553898j,
            9.52785453e-01-0.05202104j,  1.38272983e-01-0.1375295j ],
          [-5.62796854e-04-0.00140968j,  1.61971974e-02+0.01586143j,
           -1.90990099e-01-0.03945332j,  8.49807622e-01-0.48915947j]],
         input_dims=(2, 2), output_dims=(2, 2))"
"Operator([[ 8.49807622e-01-0.48915947j,  1.93365040e-01+0.02537211j,
            1.83388009e-02+0.01332751j,  8.56511872e-04+0.00125313j],
          [-1.47965843e-01+0.12704287j,  9.52785453e-01-0.05202104j,
            2.10937909e-01+0.08031919j,  1.83388009e-02+0.01332751j],
          [ 1.12521318e-02-0.01968054j, -2.00609435e-01+0.10344965j,
            9.52785453e-01-0.05202104j,  1.93365040e-01+0.02537211j],
          [-3.37425915e-05+0.0015175j ,  1.12521318e-02-0.01968054j,
           -1.47965843e-01+0.12704287j,  8.49807622e-01-0.48915947j]],
         input_dims=(2, 2), output_dims=(2, 2))"
"Operator([[ 8.49807622e-01-0.48915947j,  1.94759648e-01+0.01012235j,
            2.01979335e-02+0.01029454j,  1.12538757e-03+0.00101855j],
          [-1.57477559e-01+0.11504173j,  9.52785453e-01-0.05202104j,
            2.16589527e-01+0.06352127j,  2.01979335e-02+0.01029454j],
          [ 1.41923686e-02-0.01767798j, -2.08107722e-01+0.08739079j,
            9.52785453e-01-0.05202104j,  1.94759648e-01+0.01012235j],
          [-3.87069843e-04+0.00146769j,  1.41923686e-02-0.01767798j,
           -1.57477559e-01+0.11504173j,  8.49807622e-01-0.48915947j]],
         input_dims=(2, 2), output_dims=(2, 2))"
"Operator([[ 8.49807622e-01-0.48915947j,  1.94386766e-01-0.01573428j,
            2.21909103e-02+0.00463656j,  1.43223037e-03+0.00050265j],
          [-1.71313761e-01+0.09319537j,  9.52785453e-01-0.05202104j,
            2.23089675e-01+0.03430702j,  2.21909103e-02+0.00463656j],
          [ 1.83321470e-02-0.01333666j, -2.17840486e-01+0.05908889j,
            9.52785453e-01-0.05202104j,  1.94386766e-01-0.01573428j],
          [-9.25754605e-04+0.00120288j,  1.83321470e-02-0.01333666j,
           -1.71313761e-01+0.09319537j,  8.49807622e-01-0.48915947j]],
         input_dims=(2, 2), output_dims=(2, 2))"
"Operator([[ 0.84980762-4.89159468e-01j,  0.19017206-4.32246316e-02j,
            0.02259855-1.79992166e-03j,  0.00151164-1.37421506e-04j],
          [-0.18282826+6.78793772e-02j,  0.95278545-5.20210443e-02j,
            0.22570118+2.22500939e-03j,  0.02259855-1.79992166e-03j],
          [ 0.02134585-7.63472731e-03j, -0.22403044+2.75015568e-02j,
            0.95278545-5.20210443e-02j,  0.19017206-4.32246316e-02j],
          [-0.00134164+7.09892436e-04j,  0.02134585-7.63472731e-03j,
           -0.18282826+6.78793772e-02j,  0.84980762-4.89159468e-01j]],
         input_dims=(2, 2), output_dims=(2, 2))"
"Operator([[ 8.49807622e-01-0.48915947j,  1.64415678e-01-0.10488693j,
            1.63037054e-02-0.01575193j,  6.56223281e-04-0.00136869j],
          [-1.95010402e-01+0.00217378j,  9.52785453e-01-0.05202104j,
            2.13202283e-01-0.07409967j,  1.63037054e-02-0.01575193j],
          [ 2.13326231e-02+0.00767159j, -2.20162689e-01-0.04974299j,
            9.52785453e-01-0.05202104j,  1.64415678e-01-0.10488693j],
          [-1.29688253e-03-0.00078869j,  2.13326231e-02+0.00767159j,
           -1.95010402e-01+0.00217378j,  8.49807622e-01-0.48915947j]],
         input_dims=(2, 2), output_dims=(2, 2))"
"Operator([[ 8.49807622e-01-0.48915947j,  5.56732257e-02+0.18690713j,
           -2.21650333e-02+0.00475873j, -4.32099984e-04-0.00145507j],
          [ 5.56732257e-02+0.18690713j,  9.52785453e-01-0.05202104j,
            1.26658519e-02+0.2253565j , -2.21650333e-02+0.00475873j],
          [-2.21650333e-02+0.00475873j,  1.26658519e-02+0.2253565j ,
            9.52785453e-01-0.05202104j,  5.56732257e-02+0.18690713j],
          [-4.32099984e-04-0.00145507j, -2.21650333e-02+0.00475873j,
            5.56732257e-02+0.18690713j,  8.49807622e-01-0.48915947j]],
         input_dims=(2, 2), output_dims=(2, 2))"
"Operator([[ 0.84980762-4.89159468e-01j, -0.19242181+3.17431524e-02j,
            0.02265151+9.18396164e-04j, -0.00151182-1.35432020e-04j],
          [ 0.17842886-7.87205494e-02j,  0.95278545-5.20210443e-02j,
           -0.2251616 -1.57552095e-02j,  0.02265151+9.18396164e-04j],
          [ 0.02027835-1.01352277e-02j,  0.22197816-4.08860848e-02j,
            0.95278545-5.20210443e-02j, -0.19242181+3.17431524e-02j],
          [ 0.00119287-9.38620029e-04j,  0.02027835-1.01352277e-02j,
            0.17842886-7.87205494e-02j,  0.84980762-4.89159468e-01j]],
         input_dims=(2, 2), output_dims=(2, 2))"
"Operator([[ 8.49807622e-01-0.48915947j,  5.56732257e-02+0.18690713j,
           -2.21650333e-02+0.00475873j, -4.32099984e-04-0.00145507j],
          [ 5.56732257e-02+0.18690713j,  9.52785453e-01-0.05202104j,
            1.26658519e-02+0.2253565j , -2.21650333e-02+0.00475873j],
          [-2.21650333e-02+0.00475873j,  1.26658519e-02+0.2253565j ,
            9.52785453e-01-0.05202104j,  5.56732257e-02+0.18690713j],
          [-4.32099984e-04-0.00145507j, -2.21650333e-02+0.00475873j,
            5.56732257e-02+0.18690713j,  8.49807622e-01-0.48915947j]],
         input_dims=(2, 2), output_dims=(2, 2))"
"Operator([[ 8.49807622e-01-0.48915947j,  5.56732257e-02+0.18690713j,
           -2.21650333e-02+0.00475873j, -4.32099984e-04-0.00145507j],
          [ 5.56732257e-02+0.18690713j,  9.52785453e-01-0.05202104j,
            1.26658519e-02+0.2253565j , -2.21650333e-02+0.00475873j],
          [-2.21650333e-02+0.00475873j,  1.26658519e-02+0.2253565j ,
            9.52785453e-01-0.05202104j,  5.56732257e-02+0.18690713j],
          [-4.32099984e-04-0.00145507j, -2.21650333e-02+0.00475873j,
            5.56732257e-02+0.18690713j,  8.49807622e-01-0.48915947j]],
         input_dims=(2, 2), output_dims=(2, 2))"
"Operator([[ 0.84980762-4.89159468e-01j, -0.18385723+6.50407724e-02j,
            0.02157198-6.97021209e-03j, -0.00137315+6.46834787e-04j],
          [ 0.18948009-4.61636146e-02j,  0.95278545-5.20210443e-02j,
           -0.22442936+2.40299164e-02j,  0.02157198-6.97021209e-03j],
          [ 0.02253199-2.49869734e-03j,  0.22570858-1.26946732e-03j,
            0.95278545-5.20210443e-02j, -0.18385723+6.50407724e-02j],
          [ 0.00150363-2.07458542e-04j,  0.02253199-2.49869734e-03j,
            0.18948009-4.61636146e-02j,  0.84980762-4.89159468e-01j]],
         input_dims=(2, 2), output_dims=(2, 2))"
"Operator([[ 8.49807622e-01-0.48915947j,  5.56732257e-02+0.18690713j,
           -2.21650333e-02+0.00475873j, -4.32099984e-04-0.00145507j],
          [ 5.56732257e-02+0.18690713j,  9.52785453e-01-0.05202104j,
            1.26658519e-02+0.2253565j , -2.21650333e-02+0.00475873j],
          [-2.21650333e-02+0.00475873j,  1.26658519e-02+0.2253565j ,
            9.52785453e-01-0.05202104j,  5.56732257e-02+0.18690713j],
          [-4.32099984e-04-0.00145507j, -2.21650333e-02+0.00475873j,
            5.56732257e-02+0.18690713j,  8.49807622e-01-0.48915947j]],
         input_dims=(2, 2), output_dims=(2, 2))"
