unitary
"Operator([[ 8.24651986e-01-0.52438853j, -1.89780079e-01-0.09078488j,
            7.32754604e-03+0.02549498j,  7.43706757e-04-0.00177643j],
          [ 1.00298830e-01-0.18492841j,  9.44798788e-01-0.055316j  ,
           -1.86384566e-01-0.15682513j,  7.32754604e-03+0.02549498j],
          [-4.70550951e-03-0.02610642j,  1.66081673e-01-0.17818588j,
            9.44798788e-01-0.055316j  , -1.89780079e-01-0.09078488j],
          [-1.64302771e-03-0.00100462j, -4.70550951e-03-0.02610642j,
            1.00298830e-01-0.18492841j,  8.24651986e-01-0.52438853j]],
         input_dims=(2, 2), output_dims=(2, 2))"
"Operator([[ 8.24651986e-01-0.52438853j, -2.06869479e-01-0.03825431j,
            1.91499481e-02+0.01835665j, -7.38467514e-04-0.00177861j],
          [ 1.44979106e-01-0.15244485j,  9.44798788e-01-0.055316j  ,
           -2.20781690e-01-0.10290177j,  1.91499481e-02+0.01835665j],
          [ 9.05494075e-03-0.02493382j,  2.06739043e-01-0.12881109j,
            9.44798788e-01-0.055316j  , -2.06869479e-01-0.03825431j],
          [-4.42771689e-04-0.00187423j,  9.05494075e-03-0.02493382j,
            1.44979106e-01-0.15244485j,  8.24651986e-01-0.52438853j]],
         input_dims=(2, 2), output_dims=(2, 2))"
"Operator([[ 8.24651986e-01-0.52438853j, -2.06239085e-01-0.04151883j,
            1.85602497e-02+0.01895268j, -6.53339829e-04-0.00181161j],
          [ 1.42551810e-01-0.15471702j,  9.44798788e-01-0.055316j  ,
           -2.19127891e-01-0.10637808j,  1.85602497e-02+0.01895268j],
          [ 8.26242397e-03-0.02520753j,  2.04677535e-01-0.13206224j,
            9.44798788e-01-0.055316j  , -2.06239085e-01-0.04151883j],
          [-5.31103877e-04-0.00185114j,  8.26242397e-03-0.02520753j,
            1.42551810e-01-0.15471702j,  8.24651986e-01-0.52438853j]],
         input_dims=(2, 2), output_dims=(2, 2))"
"Operator([[ 0.82465199-5.24388532e-01j, -0.14257829-1.54692617e-01j,
           -0.01224967+2.35294025e-02j,  0.00192468-6.64509375e-05j],
          [ 0.02456403-2.08937746e-01j,  0.94479879-5.53159953e-02j,
           -0.11493328-2.14764222e-01j, -0.01224967+2.35294025e-02j],
          [-0.02139393-1.56839725e-02j,  0.08815637-2.27072198e-01j,
            0.94479879-5.53159953e-02j, -0.14257829-1.54692617e-01j],
          [-0.00159916+1.07307043e-03j, -0.02139393-1.56839725e-02j,
            0.02456403-2.08937746e-01j,  0.82465199-5.24388532e-01j]],
         input_dims=(2, 2), output_dims=(2, 2))"
"Operator([[ 8.24651986e-01-0.52438853j,  6.49420862e-02+0.20010222j,
           -2.58339895e-02+0.00602429j, -5.92551551e-04-0.0018324j ],
          [ 6.49420862e-02+0.20010222j,  9.44798788e-01-0.055316j  ,
            1.47350671e-02+0.24313825j, -2.58339895e-02+0.00602429j],
          [-2.58339895e-02+0.00602429j,  1.47350671e-02+0.24313825j,
            9.44798788e-01-0.055316j  ,  6.49420862e-02+0.20010222j],
          [-5.92551551e-04-0.0018324j , -2.58339895e-02+0.00602429j,
            6.49420862e-02+0.20010222j,  8.24651986e-01-0.52438853j]],
         input_dims=(2, 2), output_dims=(2, 2))"
"Operator([[ 0.82465199-5.24388532e-01j,  0.18779411-9.48248152e-02j,
            0.02279819-1.35620697e-02j,  0.00137709-1.34626058e-03j],
          [-0.20768806+3.35267687e-02j,  0.94479879-5.53159953e-02j,
            0.23801238-5.18019133e-02j,  0.02279819-1.35620697e-02j],
          [ 0.02644552+2.07881086e-03j, -0.24252622-2.26795167e-02j,
            0.94479879-5.53159953e-02j,  0.18779411-9.48248152e-02j],
          [-0.00190461-2.85039493e-04j,  0.02644552+2.07881086e-03j,
           -0.20768806+3.35267687e-02j,  0.82465199-5.24388532e-01j]],
         input_dims=(2, 2), output_dims=(2, 2))"
"Operator([[ 8.24651986e-01-0.52438853j,  6.49420862e-02+0.20010222j,
           -2.58339895e-02+0.00602429j, -5.92551551e-04-0.0018324j ],
          [ 6.49420862e-02+0.20010222j,  9.44798788e-01-0.055316j  ,
            1.47350671e-02+0.24313825j, -2.58339895e-02+0.00602429j],
          [-2.58339895e-02+0.00602429j,  1.47350671e-02+0.24313825j,
            9.44798788e-01-0.055316j  ,  6.49420862e-02+0.20010222j],
          [-5.92551551e-04-0.0018324j , -2.58339895e-02+0.00602429j,
            6.49420862e-02+0.20010222j,  8.24651986e-01-0.52438853j]],
         input_dims=(2, 2), output_dims=(2, 2))"
"Operator([[ 8.24651986e-01-0.52438853j,  6.49420862e-02+0.20010222j,
           -2.58339895e-02+0.00602429j, -5.92551551e-04-0.0018324j ],
          [ 6.49420862e-02+0.20010222j,  9.44798788e-01-0.055316j  ,
            1.47350671e-02+0.24313825j, -2.58339895e-02+0.00602429j],
          [-2.58339895e-02+0.00602429j,  1.47350671e-02+0.24313825j,
            9.44798788e-01-0.055316j  ,  6.49420862e-02+0.20010222j],
          [-5.92551551e-04-0.0018324j , -2.58339895e-02+0.00602429j,
            6.49420862e-02+0.20010222j,  8.24651986e-01-0.52438853j]],
         input_dims=(2, 2), output_dims=(2, 2))"
"Operator([[ 8.24651986e-01-0.52438853j,  6.49420862e-02+0.20010222j,
           -2.58339895e-02+0.00602429j, -5.92551551e-04-0.0018324j ],
          [ 6.49420862e-02+0.20010222j,  9.44798788e-01-0.055316j  ,
            1.47350671e-02+0.24313825j, -2.58339895e-02+0.00602429j],
          [-2.58339895e-02+0.00602429j,  1.47350671e-02+0.24313825j,
            9.44798788e-01-0.055316j  ,  6.49420862e-02+0.20010222j],
          [-5.92551551e-04-0.0018324j , -2.58339895e-02+0.00602429j,
            6.49420862e-02+0.20010222j,  8.24651986e-01-0.52438853j]],
         input_dims=(2, 2), output_dims=(2, 2))"
"Operator([[ 0.82465199-0.52438853j,  0.00215737+0.21036568j,
           -0.0246541 -0.00979094j,  0.00108411-0.00159169j],
          [ 0.1217881 +0.17154018j,  0.94479879-0.055316j  ,
           -0.05861853+0.23642588j, -0.0246541 -0.00979094j],
          [-0.01778023+0.0196863j ,  0.0867412 +0.22761655j,
            0.94479879-0.055316j  ,  0.00215737+0.21036568j],
          [-0.00181082-0.00065555j, -0.01778023+0.0196863j ,
            0.1217881 +0.17154018j,  0.82465199-0.52438853j]],
         input_dims=(2, 2), output_dims=(2, 2))"
"Operator([[ 8.24651986e-01-0.52438853j,  6.49420862e-02+0.20010222j,
           -2.58339895e-02+0.00602429j, -5.92551551e-04-0.0018324j ],
          [ 6.49420862e-02+0.20010222j,  9.44798788e-01-0.055316j  ,
            1.47350671e-02+0.24313825j, -2.58339895e-02+0.00602429j],
          [-2.58339895e-02+0.00602429j,  1.47350671e-02+0.24313825j,
            9.44798788e-01-0.055316j  ,  6.49420862e-02+0.20010222j],
          [-5.92551551e-04-0.0018324j , -2.58339895e-02+0.00602429j,
            6.49420862e-02+0.20010222j,  8.24651986e-01-0.52438853j]],
         input_dims=(2, 2), output_dims=(2, 2))"
"Operator([[ 0.82465199-0.52438853j,  0.20937531-0.02050255j,
            0.02598069+0.00535638j,  0.00181822+0.00063472j],
          [-0.1815115 +0.10635764j,  0.94479879-0.055316j  ,
            0.24063854+0.03776798j,  0.02598069+0.00535638j],
          [ 0.02093153-0.01629595j, -0.23431637+0.06655198j,
            0.94479879-0.055316j  ,  0.20937531-0.02050255j],
          [-0.00110231+0.00157915j,  0.02093153-0.01629595j,
           -0.1815115 +0.10635764j,  0.82465199-0.52438853j]],
         input_dims=(2, 2), output_dims=(2, 2))"
