unitary
"Operator([[ 8.60421815e-01-0.47311191j,  5.17573063e-02+0.18087494j,
           -2.06130761e-02+0.00425699j, -3.72237781e-04-0.0013045j ],
          [ 5.17573063e-02+0.18087494j,  9.56148263e-01-0.05048357j,
            1.17880916e-02+0.21738299j, -2.06130761e-02+0.00425699j],
          [-2.06130761e-02+0.00425699j,  1.17880916e-02+0.21738299j,
            9.56148263e-01-0.05048357j,  5.17573063e-02+0.18087494j],
          [-3.72237781e-04-0.0013045j , -2.06130761e-02+0.00425699j,
            5.17573063e-02+0.18087494j,  8.60421815e-01-0.47311191j]],
         input_dims=(2, 2), output_dims=(2, 2))"
"Operator([[ 8.60421815e-01-0.47311191j,  1.87996340e-01+0.00720696j,
            1.91286109e-02+0.00878163j,  1.06069807e-03+0.0008457j ],
          [-1.55727158e-01+0.10556333j,  9.56148263e-01-0.05048357j,
            2.10225325e-01+0.05656532j,  1.91286109e-02+0.00878163j],
          [ 1.40849056e-02-0.01564085j, -2.02875791e-01+0.07896668j,
            9.56148263e-01-0.05048357j,  1.87996340e-01+0.00720696j],
          [-4.54672673e-04+0.00127811j,  1.40849056e-02-0.01564085j,
           -1.55727158e-01+0.10556333j,  8.60421815e-01-0.47311191j]],
         input_dims=(2, 2), output_dims=(2, 2))"
"Operator([[ 0.86042181-4.73111906e-01j,  0.05807834-1.78945441e-01j,
           -0.01169951-1.74969230e-02j, -0.00135314+9.64420887e-05j],
          [-0.14394657-1.21136081e-01j,  0.95614826-5.04835675e-02j,
            0.11162239-1.86908437e-01j, -0.01169951-1.74969230e-02j],
          [-0.00381109+2.07001556e-02j, -0.13117949-1.73741947e-01j,
            0.95614826-5.04835675e-02j,  0.05807834-1.78945441e-01j],
          [ 0.00120027-6.32169573e-04j, -0.00381109+2.07001556e-02j,
           -0.14394657-1.21136081e-01j,  0.86042181-4.73111906e-01j]],
         input_dims=(2, 2), output_dims=(2, 2))"
"Operator([[ 0.86042181-4.73111906e-01j,  0.02842072-1.85975339e-01j,
           -0.01666591-1.28556733e-02j, -0.00115101+7.17960455e-04j],
          [-0.1224969 -1.42790311e-01j,  0.95614826-5.04835675e-02j,
            0.07997626-2.02479926e-01j, -0.01666591-1.28556733e-02j],
          [-0.01020978+1.84060111e-02j, -0.10140278-1.92644231e-01j,
            0.95614826-5.04835675e-02j,  0.02842072-1.85975339e-01j],
          [ 0.00135657+2.42679022e-06j, -0.01020978+1.84060111e-02j,
           -0.1224969 -1.42790311e-01j,  0.86042181-4.73111906e-01j]],
         input_dims=(2, 2), output_dims=(2, 2))"
"Operator([[ 8.60421815e-01-0.47311191j,  5.17573063e-02+0.18087494j,
           -2.06130761e-02+0.00425699j, -3.72237781e-04-0.0013045j ],
          [ 5.17573063e-02+0.18087494j,  9.56148263e-01-0.05048357j,
            1.17880916e-02+0.21738299j, -2.06130761e-02+0.00425699j],
          [-2.06130761e-02+0.00425699j,  1.17880916e-02+0.21738299j,
            9.56148263e-01-0.05048357j,  5.17573063e-02+0.18087494j],
          [-3.72237781e-04-0.0013045j , -2.06130761e-02+0.00425699j,
            5.17573063e-02+0.18087494j,  8.60421815e-01-0.47311191j]],
         input_dims=(2, 2), output_dims=(2, 2))"
"Operator([[ 8.60421815e-01-0.47311191j,  4.56183254e-03-0.18807912j,
           -1.93680675e-02-0.00824007j, -8.00198999e-04+0.00109543j],
          [-1.03362377e-01-0.15719664j,  9.56148263e-01-0.05048357j,
            5.36026290e-02-0.21100019j, -1.93680675e-02-0.00824007j],
          [-1.45193068e-02+0.01523846j, -7.61051499e-02-0.20396649j,
            9.56148263e-01-0.05048357j,  4.56183254e-03-0.18807912j],
          [ 1.25778938e-03+0.00050819j, -1.45193068e-02+0.01523846j,
           -1.03362377e-01-0.15719664j,  8.60421815e-01-0.47311191j]],
         input_dims=(2, 2), output_dims=(2, 2))"
"Operator([[ 8.60421815e-01-4.73111906e-01j,
            1.00378347e-02-1.87866458e-01j,
           -1.88554149e-02-9.35383312e-03j,
           -8.92752852e-04+1.02141179e-03j],
          [-1.07896990e-01-1.54119446e-01j,
            9.56148263e-01-5.04835675e-02j,
            5.97254185e-02-2.09349462e-01j,
           -1.88554149e-02-9.35383312e-03j],
          [-1.36073880e-02+1.60580154e-02j,
           -8.20135313e-02-2.01663342e-01j,
            9.56148263e-01-5.04835675e-02j,
            1.00378347e-02-1.87866458e-01j],
          [ 1.29734345e-03+3.96471542e-04j,
           -1.36073880e-02+1.60580154e-02j,
           -1.07896990e-01-1.54119446e-01j,
            8.60421815e-01-4.73111906e-01j]],
         input_dims=(2, 2), output_dims=(2, 2))"
"Operator([[ 0.86042181-4.73111906e-01j,  0.03896861-1.84054371e-01j,
           -0.01509549-1.46678964e-02j, -0.00125639+5.11640804e-04j],
          [-0.13043201-1.35580439e-01j,  0.95614826-5.04835675e-02j,
            0.09138062-1.97595308e-01j, -0.01509549-1.46678964e-02j],
          [-0.00804994+1.94478634e-02j, -0.11221205-1.86555028e-01j,
            0.95614826-5.04835675e-02j,  0.03896861-1.84054371e-01j],
          [ 0.0013372 -2.28435726e-04j, -0.00804994+1.94478634e-02j,
           -0.13043201-1.35580439e-01j,  0.86042181-4.73111906e-01j]],
         input_dims=(2, 2), output_dims=(2, 2))"
"Operator([[ 8.60421815e-01-0.47311191j,  8.79339549e-02-0.16631952j,
           -5.09214542e-03-0.0204228j , -1.22364430e-03-0.00058565j],
          [-1.62604048e-01-0.09462815j,  9.56148263e-01-0.05048357j,
            1.42050147e-01-0.16497296j, -5.09214542e-03-0.0204228j ],
          [ 3.41478402e-03+0.02076921j, -1.59056787e-01-0.14864475j,
            9.56148263e-01-0.05048357j,  8.79339549e-02-0.16631952j],
          [ 7.30317882e-04-0.00114321j,  3.41478402e-03+0.02076921j,
           -1.62604048e-01-0.09462815j,  8.60421815e-01-0.47311191j]],
         input_dims=(2, 2), output_dims=(2, 2))"
