unitary
"Operator([[ 8.24651986e-01-0.52438853j,  6.49420862e-02+0.20010222j,
           -2.58339895e-02+0.00602429j, -5.92551551e-04-0.0018324j ],
          [ 6.49420862e-02+0.20010222j,  9.44798788e-01-0.055316j  ,
            1.47350671e-02+0.24313825j, -2.58339895e-02+0.00602429j],
          [-2.58339895e-02+0.00602429j,  1.47350671e-02+0.24313825j,
            9.44798788e-01-0.055316j  ,  6.49420862e-02+0.20010222j],
          [-5.92551551e-04-0.0018324j , -2.58339895e-02+0.00602429j,
            6.49420862e-02+0.20010222j,  8.24651986e-01-0.52438853j]],
         input_dims=(2, 2), output_dims=(2, 2))"
"Operator([[ 8.24651986e-01-0.52438853j,  1.56649422e-01-0.14042554j,
            1.28956552e-02-0.02318166j,  1.34301120e-05-0.00192578j],
          [-2.09257444e-01-0.02167246j,  9.44798788e-01-0.055316j  ,
            2.16333004e-01-0.11195249j,  1.28956552e-02-0.02318166j],
          [ 2.18194643e-02+0.01508635j, -2.28269527e-01-0.08500795j,
            9.44798788e-01-0.055316j  ,  1.56649422e-01-0.14042554j],
          [-1.13847062e-03-0.00155328j,  2.18194643e-02+0.01508635j,
           -2.09257444e-01-0.02167246j,  8.24651986e-01-0.52438853j]],
         input_dims=(2, 2), output_dims=(2, 2))"
"Operator([[ 0.82465199-0.52438853j,  0.09263457-0.18888412j,
           -0.00682803-0.02563328j, -0.00175387-0.00079544j],
          [-0.18589944-0.09848742j,  0.94479879-0.055316j  ,
            0.1586385 -0.1848436j , -0.00682803-0.02563328j],
          [ 0.00521467+0.0260095j , -0.17979988-0.164333j  ,
            0.94479879-0.055316j  ,  0.09263457-0.18888412j],
          [ 0.00095604-0.00167176j,  0.00521467+0.0260095j ,
           -0.18589944-0.09848742j,  0.82465199-0.52438853j]],
         input_dims=(2, 2), output_dims=(2, 2))"
"Operator([[ 8.24651986e-01-0.52438853j,  6.49420862e-02+0.20010222j,
           -2.58339895e-02+0.00602429j, -5.92551551e-04-0.0018324j ],
          [ 6.49420862e-02+0.20010222j,  9.44798788e-01-0.055316j  ,
            1.47350671e-02+0.24313825j, -2.58339895e-02+0.00602429j],
          [-2.58339895e-02+0.00602429j,  1.47350671e-02+0.24313825j,
            9.44798788e-01-0.055316j  ,  6.49420862e-02+0.20010222j],
          [-5.92551551e-04-0.0018324j , -2.58339895e-02+0.00602429j,
            6.49420862e-02+0.20010222j,  8.24651986e-01-0.52438853j]],
         input_dims=(2, 2), output_dims=(2, 2))"
"Operator([[ 0.82465199-0.52438853j, -0.00797607-0.21022549j,
           -0.02515787-0.00841242j, -0.00094842+0.0016761j ],
          [-0.11699603-0.17484365j,  0.94479879-0.055316j  ,
            0.05205565-0.23795701j, -0.02515787-0.00841242j],
          [-0.0188418 +0.0186728j , -0.08041125-0.22992903j,
            0.94479879-0.055316j  , -0.00797607-0.21022549j],
          [ 0.00175023+0.00080342j, -0.0188418 +0.0186728j ,
           -0.11699603-0.17484365j,  0.82465199-0.52438853j]],
         input_dims=(2, 2), output_dims=(2, 2))"
"Operator([[ 8.24651986e-01-0.52438853j, -9.64803576e-03-0.21015539j,
           -2.52885121e-02-0.00801113j, -9.08156336e-04+0.00169825j],
          [-1.15601545e-01-0.17576876j,  9.44798788e-01-0.055316j  ,
            5.01611933e-02-0.23836355j, -2.52885121e-02-0.00801113j],
          [-1.91364691e-02+0.0183707j , -7.85797595e-02-0.23056138j,
            9.44798788e-01-0.055316j  , -9.64803576e-03-0.21015539j],
          [ 1.73056422e-03+0.00084495j, -1.91364691e-02+0.0183707j ,
           -1.15601545e-01-0.17576876j,  8.24651986e-01-0.52438853j]],
         input_dims=(2, 2), output_dims=(2, 2))"
"Operator([[ 0.82465199-5.24388532e-01j,  0.02678222-2.08665010e-01j,
           -0.02105589-1.61349477e-02j, -0.00163254+1.02156891e-03j],
          [-0.14421356-1.53169261e-01j,  0.94479879-5.53159953e-02j,
            0.09056362-2.26122889e-01j, -0.02105589-1.61349477e-02j],
          [-0.01174702+2.37843367e-02j, -0.11720826-2.13531153e-01j,
            0.94479879-5.53159953e-02j,  0.02678222-2.08665010e-01j],
          [ 0.00192158-1.27746225e-04j, -0.01174702+2.37843367e-02j,
           -0.14421356-1.53169261e-01j,  0.82465199-5.24388532e-01j]],
         input_dims=(2, 2), output_dims=(2, 2))"
"Operator([[ 0.82465199-0.52438853j,  0.08952737-0.19037653j,
           -0.00766423-0.0253958j , -0.00179084-0.00070831j],
          [-0.18426082-0.10152006j,  0.94479879-0.055316j  ,
            0.15558864-0.18741799j, -0.00766423-0.0253958j ],
          [ 0.00435968+0.0261664j , -0.17708324-0.16725686j,
            0.94479879-0.055316j  ,  0.08952737-0.19037653j],
          [ 0.00103703-0.00162277j,  0.00435968+0.0261664j ,
           -0.18426082-0.10152006j,  0.82465199-0.52438853j]],
         input_dims=(2, 2), output_dims=(2, 2))"
