unitary
"Operator([[ 0.77344283-5.86341408e-01j, -0.22983715+6.30145518e-02j,
            0.03432868-2.70895723e-03j, -0.00285248+2.37168760e-04j],
          [ 0.21452645-1.03799569e-01j,  0.92846514-6.07863960e-02j,
           -0.27610729-6.36458034e-03j,  0.03432868-2.70895723e-03j],
          [ 0.0310839 -1.48184943e-02j,  0.27265279-4.40022585e-02j,
            0.92846514-6.07863960e-02j, -0.22983715+6.30145518e-02j],
          [ 0.00230927-1.69120571e-03j,  0.0310839 -1.48184943e-02j,
            0.21452645-1.03799569e-01j,  0.77344283-5.86341408e-01j]],
         input_dims=(2, 2), output_dims=(2, 2))"
"Operator([[ 0.77344283-0.58634141j, -0.01968107-0.23750496j,
           -0.0329868 -0.00988272j, -0.0013009 +0.00254962j],
          [-0.14147399-0.19178388j,  0.92846514-0.0607864j ,
            0.05702274-0.27022981j, -0.0329868 -0.00988272j],
          [-0.0236259 +0.02505222j, -0.09338358-0.25991393j,
            0.92846514-0.0607864j , -0.01968107-0.23750496j],
          [ 0.00265394+0.00107213j, -0.0236259 +0.02505222j,
           -0.14147399-0.19178388j,  0.77344283-0.58634141j]],
         input_dims=(2, 2), output_dims=(2, 2))"
"Operator([[ 0.77344283-5.86341408e-01j, -0.23129177+5.74462099e-02j,
            0.03441944-1.04838527e-03j, -0.00286216+3.00674775e-05j],
          [ 0.21195741-1.08949556e-01j,  0.92846514-6.07863960e-02j,
           -0.27587309-1.30299952e-02j,  0.03441944-1.04838527e-03j],
          [ 0.03033221-1.63019657e-02j,  0.27151075-5.05732814e-02j,
            0.92846514-6.07863960e-02j, -0.23129177+5.74462099e-02j],
          [ 0.00218079-1.85392734e-03j,  0.03033221-1.63019657e-02j,
            0.21195741-1.08949556e-01j,  0.77344283-5.86341408e-01j]],
         input_dims=(2, 2), output_dims=(2, 2))"
"Operator([[ 0.77344283-0.58634141j,  0.08375764+0.22311568j,
           -0.03326202+0.00891263j, -0.00100171-0.00268132j],
          [ 0.08375764+0.22311568j,  0.92846514-0.0607864j ,
            0.01889794+0.27553332j, -0.03326202+0.00891263j],
          [-0.03326202+0.00891263j,  0.01889794+0.27553332j,
            0.92846514-0.0607864j ,  0.08375764+0.22311568j],
          [-0.00100171-0.00268132j, -0.03326202+0.00891263j,
            0.08375764+0.22311568j,  0.77344283-0.58634141j]],
         input_dims=(2, 2), output_dims=(2, 2))"
"Operator([[ 0.77344283-0.58634141j,  0.08375764+0.22311568j,
           -0.03326202+0.00891263j, -0.00100171-0.00268132j],
          [ 0.08375764+0.22311568j,  0.92846514-0.0607864j ,
            0.01889794+0.27553332j, -0.03326202+0.00891263j],
          [-0.03326202+0.00891263j,  0.01889794+0.27553332j,
            0.92846514-0.0607864j ,  0.08375764+0.22311568j],
          [-0.00100171-0.00268132j, -0.03326202+0.00891263j,
            0.08375764+0.22311568j,  0.77344283-0.58634141j]],
         input_dims=(2, 2), output_dims=(2, 2))"
"Operator([[ 0.77344283-0.58634141j,  0.08375764+0.22311568j,
           -0.03326202+0.00891263j, -0.00100171-0.00268132j],
          [ 0.08375764+0.22311568j,  0.92846514-0.0607864j ,
            0.01889794+0.27553332j, -0.03326202+0.00891263j],
          [-0.03326202+0.00891263j,  0.01889794+0.27553332j,
            0.92846514-0.0607864j ,  0.08375764+0.22311568j],
          [-0.00100171-0.00268132j, -0.03326202+0.00891263j,
            0.08375764+0.22311568j,  0.77344283-0.58634141j]],
         input_dims=(2, 2), output_dims=(2, 2))"
"Operator([[ 0.77344283-0.58634141j,  0.08375764+0.22311568j,
           -0.03326202+0.00891263j, -0.00100171-0.00268132j],
          [ 0.08375764+0.22311568j,  0.92846514-0.0607864j ,
            0.01889794+0.27553332j, -0.03326202+0.00891263j],
          [-0.03326202+0.00891263j,  0.01889794+0.27553332j,
            0.92846514-0.0607864j ,  0.08375764+0.22311568j],
          [-0.00100171-0.00268132j, -0.03326202+0.00891263j,
            0.08375764+0.22311568j,  0.77344283-0.58634141j]],
         input_dims=(2, 2), output_dims=(2, 2))"
