unitary
"Operator([[ 0.6967498 -0.66116202j,  0.11179695+0.25045957j,
           -0.04427972+0.01395935j, -0.0018299 -0.00412768j],
          [ 0.11179695+0.25045957j,  0.90380399-0.06663156j,
            0.02500247+0.31731586j, -0.04427972+0.01395935j],
          [-0.04427972+0.01395935j,  0.02500247+0.31731586j,
            0.90380399-0.06663156j,  0.11179695+0.25045957j],
          [-0.0018299 -0.00412768j, -0.04427972+0.01395935j,
            0.11179695+0.25045957j,  0.6967498 -0.66116202j]],
         input_dims=(2, 2), output_dims=(2, 2))"
"Operator([[ 6.96749798e-01-0.66116202j,  8.97916177e-02+0.25916408j,
           -4.60192978e-02+0.00614664j, -7.12081892e-04-0.00445861j],
          [ 1.32970068e-01+0.23989063j,  9.03803987e-01-0.06663156j,
           -2.44272063e-03+0.31828998j, -4.60192978e-02+0.00614664j],
          [-4.12241137e-02+0.02135719j,  5.22615470e-02+0.31397963j,
            9.03803987e-01-0.06663156j,  8.97916177e-02+0.25916408j],
          [-2.82573161e-03-0.00352158j, -4.12241137e-02+0.02135719j,
            1.32970068e-01+0.23989063j,  6.96749798e-01-0.66116202j]],
         input_dims=(2, 2), output_dims=(2, 2))"
"Operator([[ 0.6967498 -0.66116202j,  0.16498382+0.21910931j,
           -0.03376317+0.03186856j, -0.00401157-0.00207211j],
          [ 0.05294555+0.26911953j,  0.90380399-0.06663156j,
            0.09534163+0.30368479j, -0.03376317+0.03186856j],
          [-0.04593568-0.00674318j, -0.04660351+0.31486917j,
            0.90380399-0.06663156j,  0.16498382+0.21910931j],
          [ 0.00115827-0.00436402j, -0.04593568-0.00674318j,
            0.05294555+0.26911953j,  0.6967498 -0.66116202j]],
         input_dims=(2, 2), output_dims=(2, 2))"
"Operator([[ 0.6967498 -0.66116202j, -0.04626944+0.27034735j,
           -0.02982152-0.03558418j,  0.00440621-0.00098569j],
          [ 0.23214544+0.14607206j,  0.90380399-0.06663156j,
           -0.15558189+0.27768463j, -0.02982152-0.03558418j],
          [-0.00402189+0.04625345j,  0.19715153+0.24989148j,
            0.90380399-0.06663156j, -0.04626944+0.27034735j],
          [-0.00368914+0.00260318j, -0.00402189+0.04625345j,
            0.23214544+0.14607206j,  0.6967498 -0.66116202j]],
         input_dims=(2, 2), output_dims=(2, 2))"
"Operator([[ 0.6967498 -0.66116202j,  0.21610718-0.16889712j,
            0.03259542-0.033062j  ,  0.00185278-0.00411746j],
          [-0.27002807+0.04809774j,  0.90380399-0.06663156j,
            0.30192128-0.10078701j,  0.03259542-0.033062j  ],
          [ 0.0456635 +0.00839057j, -0.31398024-0.05225789j,
            0.90380399-0.06663156j,  0.21610718-0.16889712j],
          [-0.00429522-0.0013919j ,  0.0456635 +0.00839057j,
           -0.27002807+0.04809774j,  0.6967498 -0.66116202j]],
         input_dims=(2, 2), output_dims=(2, 2))"
"Operator([[ 0.6967498 -0.66116202j,  0.11179695+0.25045957j,
           -0.04427972+0.01395935j, -0.0018299 -0.00412768j],
          [ 0.11179695+0.25045957j,  0.90380399-0.06663156j,
            0.02500247+0.31731586j, -0.04427972+0.01395935j],
          [-0.04427972+0.01395935j,  0.02500247+0.31731586j,
            0.90380399-0.06663156j,  0.11179695+0.25045957j],
          [-0.0018299 -0.00412768j, -0.04427972+0.01395935j,
            0.11179695+0.25045957j,  0.6967498 -0.66116202j]],
         input_dims=(2, 2), output_dims=(2, 2))"
