,unitary
0,"Operator([[ 0.97517033-0.0978434j , -0.19664757-0.02827076j],
          [ 0.18711118-0.06677507j,  0.97517033-0.0978434j ]],
         input_dims=(2,), output_dims=(2,))"
1,"Operator([[ 0.97517033-0.0978434j , -0.18164596-0.0804627j ],
          [ 0.16203967-0.11494629j,  0.97517033-0.0978434j ]],
         input_dims=(2,), output_dims=(2,))"
2,"Operator([[ 0.97517033-0.0978434j , -0.12000571-0.15832919j],
          [ 0.08615843-0.1790146j ,  0.97517033-0.0978434j ]],
         input_dims=(2,), output_dims=(2,))"
3,"Operator([[ 0.97517033-0.0978434j , -0.00981037-0.19842696j],
          [-0.02980654-0.19642065j,  0.97517033-0.0978434j ]],
         input_dims=(2,), output_dims=(2,))"
4,"Operator([[ 0.97517033-0.0978434j ,  0.06468649+0.18784345j],
          [-0.02607833+0.19695031j,  0.97517033-0.0978434j ]],
         input_dims=(2,), output_dims=(2,))"
