unitary
"Operator([[ 6.43421039e-01-0.70368247j,  1.68228007e-01+0.24391398j,
           -4.45573944e-02+0.03203529j, -4.53592346e-03-0.00366884j],
          [ 9.13929966e-02+0.28185459j,  8.86505412e-01-0.0694078j ,
            7.84392138e-02+0.3351592j , -4.45573944e-02+0.03203529j],
          [-5.48277550e-02+0.0023534j , -2.07520798e-02+0.34358951j,
            8.86505412e-01-0.0694078j ,  1.68228007e-01+0.24391398j],
          [-1.16787607e-04-0.00583278j, -5.48277550e-02+0.0023534j ,
            9.13929966e-02+0.28185459j,  6.43421039e-01-0.70368247j]],
         input_dims=(2, 2), output_dims=(2, 2))"
"Operator([[ 0.64342104-0.70368247j,  0.13118932+0.26567659j,
           -0.05186141+0.01794479j, -0.00256566-0.00523951j],
          [ 0.13118932+0.26567659j,  0.88650541-0.0694078j ,
            0.02914994+0.34297913j, -0.05186141+0.01794479j],
          [-0.05186141+0.01794479j,  0.02914994+0.34297913j,
            0.88650541-0.0694078j ,  0.13118932+0.26567659j],
          [-0.00256566-0.00523951j, -0.05186141+0.01794479j,
            0.13118932+0.26567659j,  0.64342104-0.70368247j]],
         input_dims=(2, 2), output_dims=(2, 2))"
"Operator([[ 6.43421039e-01-0.70368247j,  2.93968590e-01-0.03711008j,
            5.18622633e-02+0.01794232j,  4.99199333e-03+0.00301911j],
          [-2.08178549e-01+0.21084682j,  8.86505412e-01-0.0694078j ,
            3.33658305e-01+0.08459631j,  5.18622633e-02+0.01794232j],
          [ 2.96826187e-02-0.04615803j, -3.14595974e-01+0.13969171j,
            8.86505412e-01-0.0694078j ,  2.93968590e-01-0.03711008j],
          [-6.76118792e-04+0.00579464j,  2.96826187e-02-0.04615803j,
           -2.08178549e-01+0.21084682j,  6.43421039e-01-0.70368247j]],
         input_dims=(2, 2), output_dims=(2, 2))"
"Operator([[ 0.64342104-0.70368247j,  0.13118932+0.26567659j,
           -0.05186141+0.01794479j, -0.00256566-0.00523951j],
          [ 0.13118932+0.26567659j,  0.88650541-0.0694078j ,
            0.02914994+0.34297913j, -0.05186141+0.01794479j],
          [-0.05186141+0.01794479j,  0.02914994+0.34297913j,
            0.88650541-0.0694078j ,  0.13118932+0.26567659j],
          [-0.00256566-0.00523951j, -0.05186141+0.01794479j,
            0.13118932+0.26567659j,  0.64342104-0.70368247j]],
         input_dims=(2, 2), output_dims=(2, 2))"
"Operator([[ 0.64342104-0.70368247j,  0.13118932+0.26567659j,
           -0.05186141+0.01794479j, -0.00256566-0.00523951j],
          [ 0.13118932+0.26567659j,  0.88650541-0.0694078j ,
            0.02914994+0.34297913j, -0.05186141+0.01794479j],
          [-0.05186141+0.01794479j,  0.02914994+0.34297913j,
            0.88650541-0.0694078j ,  0.13118932+0.26567659j],
          [-0.00256566-0.00523951j, -0.05186141+0.01794479j,
            0.13118932+0.26567659j,  0.64342104-0.70368247j]],
         input_dims=(2, 2), output_dims=(2, 2))"
"Operator([[ 0.64342104-0.70368247j,  0.13118932+0.26567659j,
           -0.05186141+0.01794479j, -0.00256566-0.00523951j],
          [ 0.13118932+0.26567659j,  0.88650541-0.0694078j ,
            0.02914994+0.34297913j, -0.05186141+0.01794479j],
          [-0.05186141+0.01794479j,  0.02914994+0.34297913j,
            0.88650541-0.0694078j ,  0.13118932+0.26567659j],
          [-0.00256566-0.00523951j, -0.05186141+0.01794479j,
            0.13118932+0.26567659j,  0.64342104-0.70368247j]],
         input_dims=(2, 2), output_dims=(2, 2))"
"Operator([[ 0.64342104-0.70368247j,  0.08696154-0.28325321j,
           -0.02090596-0.05074014j, -0.00566187-0.00140649j],
          [-0.27776635-0.10315302j,  0.88650541-0.0694078j ,
            0.21422726-0.26942732j, -0.02090596-0.05074014j],
          [ 0.01492389+0.05281002j, -0.25662361-0.22940951j,
            0.88650541-0.0694078j ,  0.08696154-0.28325321j],
          [ 0.00236075-0.00533497j,  0.01492389+0.05281002j,
           -0.27776635-0.10315302j,  0.64342104-0.70368247j]],
         input_dims=(2, 2), output_dims=(2, 2))"
"Operator([[ 0.64342104-0.70368247j,  0.25982072-0.14243554j,
            0.05013752-0.02231257j,  0.00486789-0.00321538j],
          [-0.27104596+0.11970288j,  0.88650541-0.0694078j ,
            0.34141799-0.04379678j,  0.05013752-0.02231257j],
          [ 0.0532056 -0.01344564j, -0.34391221+0.01444972j,
            0.88650541-0.0694078j ,  0.25982072-0.14243554j],
          [-0.00552488+0.0018737j ,  0.0532056 -0.01344564j,
           -0.27104596+0.11970288j,  0.64342104-0.70368247j]],
         input_dims=(2, 2), output_dims=(2, 2))"
"Operator([[ 6.43421039e-01-0.70368247j,  4.54702324e-02-0.29279199j,
           -3.44404512e-02-0.0427256j , -5.73122830e-03+0.00108997j],
          [-2.60116026e-01-0.14189554j,  8.86505412e-01-0.0694078j ,
            1.73403673e-01-0.29734755j, -3.44404512e-02-0.0427256j ],
          [-6.69529396e-04+0.05487416j, -2.21097428e-01-0.26381874j,
            8.86505412e-01-0.0694078j ,  4.54702324e-02-0.29279199j],
          [ 4.37532158e-03-0.00385896j, -6.69529396e-04+0.05487416j,
           -2.60116026e-01-0.14189554j,  6.43421039e-01-0.70368247j]],
         input_dims=(2, 2), output_dims=(2, 2))"
"Operator([[ 0.64342104-0.70368247j,  0.15228835-0.2541711j ,
            0.00509754-0.05464098j, -0.0033015 -0.00480989j],
          [-0.29438994-0.03360434j,  0.88650541-0.0694078j ,
            0.27253567-0.21025867j,  0.00509754-0.05464098j],
          [ 0.03777743+0.03980562j, -0.30411028-0.16124929j,
            0.88650541-0.0694078j ,  0.15228835-0.2541711j ],
          [-0.00177508-0.00555735j,  0.03777743+0.03980562j,
           -0.29438994-0.03360434j,  0.64342104-0.70368247j]],
         input_dims=(2, 2), output_dims=(2, 2))"
"Operator([[ 0.64342104-7.03682471e-01j,  0.28426838-8.35833570e-02j,
            0.0548741 +6.73835246e-04j,  0.00582247+3.65808461e-04j],
          [-0.23918065+1.74892274e-01j,  0.88650541-6.94078004e-02j,
            0.34288633+3.02219814e-02j,  0.0548741 +6.73835246e-04j],
          [ 0.04272289-3.44438037e-02j, -0.33286794+8.76546166e-02j,
            0.88650541-6.94078004e-02j,  0.28426838-8.35833570e-02j],
          [-0.0032813 +4.82370013e-03j,  0.04272289-3.44438037e-02j,
           -0.23918065+1.74892274e-01j,  0.64342104-7.03682471e-01j]],
         input_dims=(2, 2), output_dims=(2, 2))"
