unitary
"Operator([[ 0.36987224-0.83919507j,  0.22909293+0.31027511j,
           -0.08958706+0.04413662j, -0.00866545-0.01195714j],
          [ 0.22909293+0.31027511j,  0.79549348-0.07168081j,
            0.04897584+0.44824686j, -0.08958706+0.04413662j],
          [-0.08958706+0.04413662j,  0.04897584+0.44824686j,
            0.79549348-0.07168081j,  0.22909293+0.31027511j],
          [-0.00866545-0.01195714j, -0.08958706+0.04413662j,
            0.22909293+0.31027511j,  0.36987224-0.83919507j]],
         input_dims=(2, 2), output_dims=(2, 2))"
"Operator([[ 0.36987224-0.83919507j,  0.28255233+0.26252314j,
           -0.06739887+0.07369718j, -0.01368425-0.00555018j],
          [ 0.16772038+0.3473098j ,  0.79549348-0.07168081j,
            0.13107745+0.43144244j, -0.06739887+0.07369718j],
          [-0.09950433+0.00853058j, -0.03481746+0.44956826j,
            0.79549348-0.07168081j,  0.28255233+0.26252314j],
          [-0.00101448-0.01473208j, -0.09950433+0.00853058j,
            0.16772038+0.3473098j ,  0.36987224-0.83919507j]],
         input_dims=(2, 2), output_dims=(2, 2))"
"Operator([[ 3.69872239e-01-0.83919507j,  1.57772231e-01+0.35194054j,
           -9.98284309e-02+0.00285767j,  2.45151325e-04-0.01476493j],
          [ 2.89906231e-01+0.25437884j,  7.95493485e-01-0.07168081j,
           -4.75926791e-02+0.44839582j, -9.98284309e-02+0.00285767j],
          [-6.30984071e-02+0.07741106j,  1.43298072e-01+0.42753893j,
            7.95493485e-01-0.07168081j,  1.57772231e-01+0.35194054j],
          [-1.41075973e-02-0.00436337j, -6.30984071e-02+0.07741106j,
            2.89906231e-01+0.25437884j,  3.69872239e-01-0.83919507j]],
         input_dims=(2, 2), output_dims=(2, 2))"
"Operator([[ 0.36987224-0.83919507j,  0.22909293+0.31027511j,
           -0.08958706+0.04413662j, -0.00866545-0.01195714j],
          [ 0.22909293+0.31027511j,  0.79549348-0.07168081j,
            0.04897584+0.44824686j, -0.08958706+0.04413662j],
          [-0.08958706+0.04413662j,  0.04897584+0.44824686j,
            0.79549348-0.07168081j,  0.22909293+0.31027511j],
          [-0.00866545-0.01195714j, -0.08958706+0.04413662j,
            0.22909293+0.31027511j,  0.36987224-0.83919507j]],
         input_dims=(2, 2), output_dims=(2, 2))"
"Operator([[ 0.36987224-0.83919507j, -0.09438436+0.37395964j,
           -0.02587626-0.09645881j,  0.01328535+0.00644691j],
          [ 0.38517422+0.01987554j,  0.79549348-0.07168081j,
           -0.31532052+0.32233034j, -0.02587626-0.09645881j],
          [ 0.06071247+0.07929614j,  0.37748602+0.2466337j ,
            0.79549348-0.07168081j, -0.09438436+0.37395964j],
          [ 0.00199083+0.01463215j,  0.06071247+0.07929614j,
            0.38517422+0.01987554j,  0.36987224-0.83919507j]],
         input_dims=(2, 2), output_dims=(2, 2))"
"Operator([[ 0.36987224-0.83919507j,  0.24424293-0.29849558j,
            0.05761946-0.08157131j,  0.0028847 -0.01448246j],
          [-0.35716574+0.14555704j,  0.79549348-0.07168081j,
            0.42234978-0.1579384j ,  0.05761946-0.08157131j],
          [ 0.09978832+0.00402164j, -0.44649059-0.06300815j,
            0.79549348-0.07168081j,  0.24424293-0.29849558j],
          [-0.01466086-0.00176704j,  0.09978832+0.00402164j,
           -0.35716574+0.14555704j,  0.36987224-0.83919507j]],
         input_dims=(2, 2), output_dims=(2, 2))"
"Operator([[ 0.36987224-0.83919507j,  0.22909293+0.31027511j,
           -0.08958706+0.04413662j, -0.00866545-0.01195714j],
          [ 0.22909293+0.31027511j,  0.79549348-0.07168081j,
            0.04897584+0.44824686j, -0.08958706+0.04413662j],
          [-0.08958706+0.04413662j,  0.04897584+0.44824686j,
            0.79549348-0.07168081j,  0.22909293+0.31027511j],
          [-0.00866545-0.01195714j, -0.08958706+0.04413662j,
            0.22909293+0.31027511j,  0.36987224-0.83919507j]],
         input_dims=(2, 2), output_dims=(2, 2))"
"Operator([[ 0.36987224-0.83919507j,  0.19155324-0.33475599j,
            0.02788082-0.0958986j , -0.00438467-0.01410099j],
          [-0.37630998+0.08452821j,  0.79549348-0.07168081j,
            0.39044025-0.22556659j,  0.02788082-0.0958986j ],
          [ 0.09302632+0.0363316j , -0.42993783-0.13593136j,
            0.79549348-0.07168081j,  0.19155324-0.33475599j],
          [-0.01203538-0.00855645j,  0.09302632+0.0363316j ,
           -0.37630998+0.08452821j,  0.36987224-0.83919507j]],
         input_dims=(2, 2), output_dims=(2, 2))"
"Operator([[ 0.36987224-0.83919507j,  0.06636087-0.3799348j ,
           -0.03987383-0.09156396j, -0.01438192-0.00335018j],
          [-0.3826357 -0.0484163j ,  0.79549348-0.07168081j,
            0.29052031-0.34485044j, -0.03987383-0.09156396j],
          [ 0.0483017 +0.08741183j, -0.35813403-0.2739779j ,
            0.79549348-0.07168081j,  0.06636087-0.3799348j ],
          [ 0.00129339-0.01471021j,  0.0483017 +0.08741183j,
           -0.3826357 -0.0484163j ,  0.36987224-0.83919507j]],
         input_dims=(2, 2), output_dims=(2, 2))"
"Operator([[ 0.36987224-0.83919507j, -0.01235028-0.3854889j ,
           -0.07306008-0.06808896j, -0.01368058+0.00555923j],
          [-0.36477443-0.12527505j,  0.79549348-0.07168081j,
            0.21425812-0.39675854j, -0.07306008-0.06808896j],
          [ 0.00946597+0.0994197j , -0.29488042-0.34112962j,
            0.79549348-0.07168081j, -0.01235028-0.3854889j ],
          [ 0.00954178-0.01127022j,  0.00946597+0.0994197j ,
           -0.36477443-0.12527505j,  0.36987224-0.83919507j]],
         input_dims=(2, 2), output_dims=(2, 2))"
