unitary
"Operator([[ 0.82465199-5.24388532e-01j, -0.01563306+2.09795093e-01j,
           -0.02265238-1.38042281e-02j,  0.00144916-1.26835645e-03j],
          [ 0.13585288+1.60631155e-01j,  0.94479879-5.53159953e-02j,
           -0.07839436+2.30624487e-01j, -0.02265238-1.38042281e-02j],
          [-0.01420978+2.24002046e-02j,  0.1056717 +2.19469410e-01j,
            0.94479879-5.53159953e-02j, -0.01563306+2.09795093e-01j],
          [-0.00191742-1.79687139e-04j, -0.01420978+2.24002046e-02j,
            0.13585288+1.60631155e-01j,  0.82465199-5.24388532e-01j]],
         input_dims=(2, 2), output_dims=(2, 2))"
"Operator([[ 8.24651986e-01-0.52438853j,  1.10482765e-01+0.17903053j,
           -2.01641105e-02+0.01723647j, -1.65103967e-03-0.0009914j ],
          [ 1.57066900e-02+0.20978959j,  9.44798788e-01-0.055316j  ,
            7.18957021e-02+0.23273233j, -2.01641105e-02+0.01723647j],
          [-2.57084461e-02-0.00653933j, -4.32638827e-02+0.23971142j,
            9.44798788e-01-0.055316j  ,  1.10482765e-01+0.17903053j],
          [ 7.57943652e-04-0.0017704j , -2.57084461e-02-0.00653933j,
            1.57066900e-02+0.20978959j,  8.24651986e-01-0.52438853j]],
         input_dims=(2, 2), output_dims=(2, 2))"
"Operator([[ 8.24651986e-01-0.52438853j,  1.94366824e-01+0.08049789j,
            1.00106005e-02+0.02456573j, -4.50002492e-04+0.00187251j],
          [-1.10052304e-01+0.17929547j,  9.44798788e-01-0.055316j  ,
            1.94510599e-01+0.14662522j,  1.00106005e-02+0.02456573j],
          [-1.88816871e-03-0.02645982j, -1.75380014e-01+0.16904195j,
            9.44798788e-01-0.055316j  ,  1.94366824e-01+0.08049789j],
          [ 1.46119236e-03+0.00125448j, -1.88816871e-03-0.02645982j,
           -1.10052304e-01+0.17929547j,  8.24651986e-01-0.52438853j]],
         input_dims=(2, 2), output_dims=(2, 2))"
"Operator([[ 8.24651986e-01-0.52438853j,  2.10210262e-01-0.00836775j,
            2.51890418e-02+0.00831861j,  1.68137082e-03+0.00093904j],
          [-1.75061340e-01+0.11667005j,  9.44798788e-01-0.055316j  ,
            2.38053588e-01+0.05161219j,  2.51890418e-02+0.00831861j],
          [ 1.89112524e-02-0.01860246j, -2.30078456e-01+0.07998271j,
            9.44798788e-01-0.055316j  ,  2.10210262e-01-0.00836775j],
          [-8.13189233e-04+0.00174571j,  1.89112524e-02-0.01860246j,
           -1.75061340e-01+0.11667005j,  8.24651986e-01-0.52438853j]],
         input_dims=(2, 2), output_dims=(2, 2))"
"Operator([[ 8.24651986e-01-0.52438853j,  6.49420862e-02+0.20010222j,
           -2.58339895e-02+0.00602429j, -5.92551551e-04-0.0018324j ],
          [ 6.49420862e-02+0.20010222j,  9.44798788e-01-0.055316j  ,
            1.47350671e-02+0.24313825j, -2.58339895e-02+0.00602429j],
          [-2.58339895e-02+0.00602429j,  1.47350671e-02+0.24313825j,
            9.44798788e-01-0.055316j  ,  6.49420862e-02+0.20010222j],
          [-5.92551551e-04-0.0018324j , -2.58339895e-02+0.00602429j,
            6.49420862e-02+0.20010222j,  8.24651986e-01-0.52438853j]],
         input_dims=(2, 2), output_dims=(2, 2))"
"Operator([[ 0.82465199-5.24388532e-01j,  0.19018021-8.99436476e-02j,
            0.02346799-1.23669057e-02j,  0.00147716-1.23563169e-03j],
          [-0.20675301+3.88788684e-02j,  0.94479879-5.53159953e-02j,
            0.23927072-4.56382704e-02j,  0.02346799-1.23669057e-02j],
          [ 0.02651758+7.10649692e-04j, -0.24303101-1.64090213e-02j,
            0.94479879-5.53159953e-02j,  0.19018021-8.99436476e-02j],
          [-0.00192096-1.36762929e-04j,  0.02651758+7.10649692e-04j,
           -0.20675301+3.88788684e-02j,  0.82465199-5.24388532e-01j]],
         input_dims=(2, 2), output_dims=(2, 2))"
"Operator([[ 0.82465199-5.24388532e-01j,  0.18754311-9.53202854e-02j,
            0.02272626-1.36822606e-02j,  0.00136639-1.35712535e-03j],
          [-0.20777585+3.29783285e-02j,  0.94479879-5.53159953e-02j,
            0.23787478-5.24301162e-02j,  0.02272626-1.36822606e-02j],
          [ 0.02643418+2.21842059e-03j, -0.2424655 -2.33197382e-02j,
            0.94479879-5.53159953e-02j,  0.18754311-9.53202854e-02j],
          [-0.0019023 -3.00115684e-04j,  0.02643418+2.21842059e-03j,
           -0.20777585+3.29783285e-02j,  0.82465199-5.24388532e-01j]],
         input_dims=(2, 2), output_dims=(2, 2))"
"Operator([[ 0.82465199-5.24388532e-01j,  0.19872588-6.90391010e-02j,
            0.02556472-7.08040173e-03j,  0.00179242-7.04292257e-04j],
          [-0.20139411+6.08176617e-02j,  0.94479879-5.53159953e-02j,
            0.24278423-1.97267704e-02j,  0.02556472-7.08040173e-03j],
          [ 0.02605965-4.95800896e-03j, -0.24338964+9.73714454e-03j,
            0.94479879-5.53159953e-02j,  0.19872588-6.90391010e-02j],
          [-0.00186542+4.78560629e-04j,  0.02605965-4.95800896e-03j,
           -0.20139411+6.08176617e-02j,  0.82465199-5.24388532e-01j]],
         input_dims=(2, 2), output_dims=(2, 2))"
"Operator([[ 0.82465199-5.24388532e-01j, -0.04099691+2.06343467e-01j,
           -0.01865591-1.88585270e-02j,  0.0018066 -6.67070970e-04j],
          [ 0.15435587+1.42942786e-01j,  0.94479879-5.53159953e-02j,
           -0.10582335+2.19396325e-01j, -0.01865591-1.88585270e-02j],
          [-0.00838987+2.51653972e-02j,  0.13154399+2.05010995e-01j,
            0.94479879-5.53159953e-02j, -0.04099691+2.06343467e-01j],
          [-0.00185512+5.17038607e-04j, -0.00838987+2.51653972e-02j,
            0.15435587+1.42942786e-01j,  0.82465199-5.24388532e-01j]],
         input_dims=(2, 2), output_dims=(2, 2))"
"Operator([[ 8.24651986e-01-0.52438853j,  6.49420862e-02+0.20010222j,
           -2.58339895e-02+0.00602429j, -5.92551551e-04-0.0018324j ],
          [ 6.49420862e-02+0.20010222j,  9.44798788e-01-0.055316j  ,
            1.47350671e-02+0.24313825j, -2.58339895e-02+0.00602429j],
          [-2.58339895e-02+0.00602429j,  1.47350671e-02+0.24313825j,
            9.44798788e-01-0.055316j  ,  6.49420862e-02+0.20010222j],
          [-5.92551551e-04-0.0018324j , -2.58339895e-02+0.00602429j,
            6.49420862e-02+0.20010222j,  8.24651986e-01-0.52438853j]],
         input_dims=(2, 2), output_dims=(2, 2))"
"Operator([[ 8.24651986e-01-0.52438853j,  6.49420862e-02+0.20010222j,
           -2.58339895e-02+0.00602429j, -5.92551551e-04-0.0018324j ],
          [ 6.49420862e-02+0.20010222j,  9.44798788e-01-0.055316j  ,
            1.47350671e-02+0.24313825j, -2.58339895e-02+0.00602429j],
          [-2.58339895e-02+0.00602429j,  1.47350671e-02+0.24313825j,
            9.44798788e-01-0.055316j  ,  6.49420862e-02+0.20010222j],
          [-5.92551551e-04-0.0018324j , -2.58339895e-02+0.00602429j,
            6.49420862e-02+0.20010222j,  8.24651986e-01-0.52438853j]],
         input_dims=(2, 2), output_dims=(2, 2))"
"Operator([[ 0.82465199-0.52438853j, -0.18123148+0.10683409j,
            0.02084562-0.0164057j , -0.00108983+0.00158779j],
          [ 0.20942844-0.01995246j,  0.94479879-0.055316j  ,
           -0.23414074+0.06716729j,  0.02084562-0.0164057j ],
          [ 0.02595219+0.00549281j,  0.2405385 +0.03839999j,
            0.94479879-0.055316j  , -0.18123148+0.10683409j],
          [ 0.00181316+0.00064903j,  0.02595219+0.00549281j,
            0.20942844-0.01995246j,  0.82465199-0.52438853j]],
         input_dims=(2, 2), output_dims=(2, 2))"
