unitary
"Operator([[-0.72363362-0.20391325j,  0.25336835+0.46760725j,
           -0.14511207-0.33431341j,  0.13304627+0.03738231j],
          [ 0.22881363-0.48010039j,  0.29079085+0.12698835j,
           -0.59563328+0.35897161j, -0.14511207-0.33431341j],
          [ 0.36271072-0.03555137j,  0.64083555+0.27012851j,
            0.29079085+0.12698835j,  0.25336835+0.46760725j],
          [ 0.13806589-0.00604625j,  0.36271072-0.03555137j,
            0.22881363-0.48010039j, -0.72363362-0.20391325j]],
         input_dims=(2, 2), output_dims=(2, 2))"
"Operator([[-0.72363362-0.20391325j,  0.50866609+0.15527674j,
           -0.3364346 +0.14012396j, -0.06493948-0.12199021j],
          [ 0.49994269-0.18140938j,  0.29079085+0.12698835j,
           -0.1723601 +0.67374447j, -0.3364346 +0.14012396j],
          [ 0.04094184+0.36214187j,  0.26691239+0.64218174j,
            0.29079085+0.12698835j,  0.50866609+0.15527674j],
          [-0.09105554+0.10395978j,  0.04094184+0.36214187j,
            0.49994269-0.18140938j, -0.72363362-0.20391325j]],
         input_dims=(2, 2), output_dims=(2, 2))"
"Operator([[-0.72363362-0.20391325j,  0.52087486+0.10743112j,
           -0.30476717+0.1998498j , -0.09598761-0.09942397j],
          [ 0.51461273-0.13426018j,  0.29079085+0.12698835j,
           -0.10913061+0.68682612j, -0.30476717+0.1998498j ],
          [-0.02664683+0.3634734j ,  0.20620266+0.66416871j,
            0.29079085+0.12698835j,  0.52087486+0.10743112j],
          [-0.11613724+0.07490586j, -0.02664683+0.3634734j ,
            0.51461273-0.13426018j, -0.72363362-0.20391325j]],
         input_dims=(2, 2), output_dims=(2, 2))"
"Operator([[-0.72363362-0.20391325j, -0.51469857-0.13393074j,
           -0.32358868+0.16767032j,  0.079657  +0.11293144j],
          [-0.50707246+0.16040442j,  0.29079085+0.12698835j,
            0.14411562-0.68034572j, -0.32358868+0.16767032j],
          [ 0.01062373+0.36429398j, -0.23990181-0.6527532j ,
            0.29079085+0.12698835j, -0.51469857-0.13393074j],
          [ 0.10331853-0.09178251j,  0.01062373+0.36429398j,
           -0.50707246+0.16040442j, -0.72363362-0.20391325j]],
         input_dims=(2, 2), output_dims=(2, 2))"
"Operator([[-0.72363362-0.20391325j, -0.20580936-0.49040245j,
           -0.07636792-0.35635784j, -0.11623521-0.07475376j],
          [-0.18013801+0.50040219j,  0.29079085+0.12698835j,
            0.62825826-0.2982133j , -0.07636792-0.35635784j],
          [ 0.34858709-0.10634853j, -0.664439  -0.20533006j,
            0.29079085+0.12698835j, -0.20580936-0.49040245j],
          [-0.13022322+0.04626726j,  0.34858709-0.10634853j,
           -0.18013801+0.50040219j, -0.72363362-0.20391325j]],
         input_dims=(2, 2), output_dims=(2, 2))"
"Operator([[-0.72363362-0.20391325j,  0.53165995-0.01377509j,
           -0.18480255+0.31411938j, -0.13728423-0.01586778j],
          [ 0.53165995-0.01377509j,  0.29079085+0.12698835j,
            0.0498406 +0.69365375j, -0.18480255+0.31411938j],
          [-0.18480255+0.31411938j,  0.0498406 +0.69365375j,
            0.29079085+0.12698835j,  0.53165995-0.01377509j],
          [-0.13728423-0.01586778j, -0.18480255+0.31411938j,
            0.53165995-0.01377509j, -0.72363362-0.20391325j]],
         input_dims=(2, 2), output_dims=(2, 2))"
"Operator([[-0.72363362-0.20391325j,  0.53165995-0.01377509j,
           -0.18480255+0.31411938j, -0.13728423-0.01586778j],
          [ 0.53165995-0.01377509j,  0.29079085+0.12698835j,
            0.0498406 +0.69365375j, -0.18480255+0.31411938j],
          [-0.18480255+0.31411938j,  0.0498406 +0.69365375j,
            0.29079085+0.12698835j,  0.53165995-0.01377509j],
          [-0.13728423-0.01586778j, -0.18480255+0.31411938j,
            0.53165995-0.01377509j, -0.72363362-0.20391325j]],
         input_dims=(2, 2), output_dims=(2, 2))"
