unitary
"Operator([[ 9.48847733e-01-2.94128629e-01j,
           -3.97069543e-02-1.07429093e-01j,
           -6.72994660e-03+3.64655748e-03j,
            1.96411117e-04+2.20259930e-04j],
          [ 2.32572021e-03-1.14508704e-01j,
            9.84006562e-01-3.22239178e-02j,
           -2.89096210e-02-1.29153776e-01j,
           -6.72994660e-03+3.64655748e-03j],
          [-7.41236909e-03-1.90954110e-03j,
            2.03192243e-02-1.30780706e-01j,
            9.84006562e-01-3.22239178e-02j,
           -3.97069543e-02-1.07429093e-01j],
          [-1.13510620e-04+2.72409806e-04j,
           -7.41236909e-03-1.90954110e-03j,
            2.32572021e-03-1.14508704e-01j,
            9.48847733e-01-2.94128629e-01j]],
         input_dims=(2, 2), output_dims=(2, 2))"
"Operator([[ 9.48847733e-01-2.94128629e-01j,
           -6.05935536e-02-9.71909125e-02j,
           -4.73733749e-03+6.01225384e-03j,
            2.87190598e-04+6.79214552e-05j],
          [ 2.54136603e-02-1.11677205e-01j,
            9.84006562e-01-3.22239178e-02j,
           -5.44082642e-02-1.20649098e-01j,
           -4.73733749e-03+6.01225384e-03j],
          [-6.05147879e-03-4.68712781e-03j,
            4.63237468e-02-1.23978121e-01j,
            9.84006562e-01-3.22239178e-02j,
           -6.05935536e-02-9.71909125e-02j],
          [-2.49146699e-04+1.58169800e-04j,
           -6.05147879e-03-4.68712781e-03j,
            2.54136603e-02-1.11677205e-01j,
            9.48847733e-01-2.94128629e-01j]],
         input_dims=(2, 2), output_dims=(2, 2))"
"Operator([[ 9.48847733e-01-2.94128629e-01j,
           -7.37062250e-02-8.76643862e-02j,
           -2.86817050e-03+7.09670069e-03j,
            2.89653006e-04-5.65057482e-05j],
          [ 4.09234666e-02-1.06971595e-01j,
            9.84006562e-01-3.22239178e-02j,
           -7.08942105e-02-1.11760793e-01j,
           -2.86817050e-03+7.09670069e-03j],
          [-4.50030252e-03-6.19167505e-03j,
            6.33605668e-02-1.16197687e-01j,
            9.84006562e-01-3.22239178e-02j,
           -7.37062250e-02-8.76643862e-02j],
          [-2.92194727e-04+4.14005418e-05j,
           -4.50030252e-03-6.19167505e-03j,
            4.09234666e-02-1.06971595e-01j,
            9.48847733e-01-2.94128629e-01j]],
         input_dims=(2, 2), output_dims=(2, 2))"
"Operator([[ 9.48847733e-01-2.94128629e-01j,
            1.90228649e-02+1.12941502e-01j,
           -7.59729104e-03+9.33129995e-04j,
           -4.89696385e-05-2.91021886e-04j],
          [ 1.90228649e-02+1.12941502e-01j,
            9.84006562e-01-3.22239178e-02j,
            4.37155056e-03+1.32277562e-01j,
           -7.59729104e-03+9.33129995e-04j],
          [-7.59729104e-03+9.33129995e-04j,
            4.37155056e-03+1.32277562e-01j,
            9.84006562e-01-3.22239178e-02j,
            1.90228649e-02+1.12941502e-01j],
          [-4.89696385e-05-2.91021886e-04j,
           -7.59729104e-03+9.33129995e-04j,
            1.90228649e-02+1.12941502e-01j,
            9.48847733e-01-2.94128629e-01j]],
         input_dims=(2, 2), output_dims=(2, 2))"
"Operator([[ 9.48847733e-01-2.94128629e-01j,
           -9.36025596e-02-6.60016139e-02j,
            9.99571810e-04+7.58883515e-03j,
            1.67986649e-04-2.42636043e-04j],
          [ 6.68181249e-02-9.30214512e-02j,
            9.84006562e-01-3.22239178e-02j,
           -9.70202898e-02-9.00195941e-02j,
            9.99571810e-04+7.58883515e-03j],
          [-8.66616733e-04-7.60516523e-03j,
            9.08650913e-02-9.62288894e-02j,
            9.84006562e-01-3.22239178e-02j,
           -9.36025596e-02-6.60016139e-02j],
          [-2.38143165e-04-1.74297437e-04j,
           -8.66616733e-04-7.60516523e-03j,
            6.68181249e-02-9.30214512e-02j,
            9.48847733e-01-2.94128629e-01j]],
         input_dims=(2, 2), output_dims=(2, 2))"
"Operator([[ 9.48847733e-01-2.94128629e-01j,
           -1.03204781e-01-4.96631183e-02j,
            3.41373182e-03+6.85098517e-03j,
            3.19862798e-05-2.93374575e-04j],
          [ 8.12425560e-02-8.07297919e-02j,
            9.84006562e-01-3.22239178e-02j,
           -1.10536264e-01-7.27887234e-02j,
            3.41373182e-03+6.85098517e-03j],
          [ 1.65434472e-03-7.47346682e-03j,
            1.05489234e-01-7.99280021e-02j,
            9.84006562e-01-3.22239178e-02j,
           -1.03204781e-01-4.96631183e-02j],
          [-1.26237364e-04-2.66750617e-04j,
            1.65434472e-03-7.47346682e-03j,
            8.12425560e-02-8.07297919e-02j,
            9.48847733e-01-2.94128629e-01j]],
         input_dims=(2, 2), output_dims=(2, 2))"
"Operator([[ 9.48847733e-01-2.94128629e-01j,
            1.90228649e-02+1.12941502e-01j,
           -7.59729104e-03+9.33129995e-04j,
           -4.89696385e-05-2.91021886e-04j],
          [ 1.90228649e-02+1.12941502e-01j,
            9.84006562e-01-3.22239178e-02j,
            4.37155056e-03+1.32277562e-01j,
           -7.59729104e-03+9.33129995e-04j],
          [-7.59729104e-03+9.33129995e-04j,
            4.37155056e-03+1.32277562e-01j,
            9.84006562e-01-3.22239178e-02j,
            1.90228649e-02+1.12941502e-01j],
          [-4.89696385e-05-2.91021886e-04j,
           -7.59729104e-03+9.33129995e-04j,
            1.90228649e-02+1.12941502e-01j,
            9.48847733e-01-2.94128629e-01j]],
         input_dims=(2, 2), output_dims=(2, 2))"
"Operator([[ 9.48847733e-01-2.94128629e-01j,
            1.90228649e-02+1.12941502e-01j,
           -7.59729104e-03+9.33129995e-04j,
           -4.89696385e-05-2.91021886e-04j],
          [ 1.90228649e-02+1.12941502e-01j,
            9.84006562e-01-3.22239178e-02j,
            4.37155056e-03+1.32277562e-01j,
           -7.59729104e-03+9.33129995e-04j],
          [-7.59729104e-03+9.33129995e-04j,
            4.37155056e-03+1.32277562e-01j,
            9.84006562e-01-3.22239178e-02j,
            1.90228649e-02+1.12941502e-01j],
          [-4.89696385e-05-2.91021886e-04j,
           -7.59729104e-03+9.33129995e-04j,
            1.90228649e-02+1.12941502e-01j,
            9.48847733e-01-2.94128629e-01j]],
         input_dims=(2, 2), output_dims=(2, 2))"
"Operator([[ 9.48847733e-01-2.94128629e-01j,
           -1.13952869e-01+1.15063376e-02j,
            7.65397975e-03+7.84644254e-05j,
           -2.94962162e-04-9.43856907e-06j],
          [ 1.11434885e-01-2.64559767e-02j,
            9.84006562e-01-3.22239178e-02j,
           -1.32276866e-01-4.39257421e-03j,
            7.65397975e-03+7.84644254e-05j],
          [ 7.40749160e-03-1.92837522e-03j,
            1.31698220e-01-1.31165060e-02j,
            9.84006562e-01-3.22239178e-02j,
           -1.13952869e-01+1.15063376e-02j],
          [ 2.75629953e-04-1.05450900e-04j,
            7.40749160e-03-1.92837522e-03j,
            1.11434885e-01-2.64559767e-02j,
            9.48847733e-01-2.94128629e-01j]],
         input_dims=(2, 2), output_dims=(2, 2))"
"Operator([[ 9.48847733e-01-2.94128629e-01j,
           -6.70807712e-02-9.28322268e-02j,
           -3.87512365e-03+6.60098322e-03j,
            2.95001710e-04+8.10893662e-06j],
          [ 3.29707317e-02-1.09684015e-01j,
            9.84006562e-01-3.22239178e-02j,
           -6.25097006e-02-1.16657624e-01j,
           -3.87512365e-03+6.60098322e-03j],
          [-5.35736358e-03-5.46701182e-03j,
            5.46710409e-02-1.20530250e-01j,
            9.84006562e-01-3.22239178e-02j,
           -6.70807712e-02-9.28322268e-02j],
          [-2.76102471e-04+1.04207432e-04j,
           -5.35736358e-03-5.46701182e-03j,
            3.29707317e-02-1.09684015e-01j,
            9.48847733e-01-2.94128629e-01j]],
         input_dims=(2, 2), output_dims=(2, 2))"
"Operator([[ 9.48847733e-01-2.94128629e-01j,
           -1.54461867e-02-1.13485979e-01j,
           -7.64104859e-03+4.51596228e-04j,
            2.12113407e-05+2.94349864e-04j],
          [-2.25805616e-02-1.12284329e-01j,
            9.84006562e-01-3.22239178e-02j,
           -1.91464627e-04-1.32349640e-01j,
           -7.64104859e-03+4.51596228e-04j],
          [-7.52321807e-03+1.41094030e-03j,
           -8.54727447e-03-1.32073495e-01j,
            9.84006562e-01-3.22239178e-02j,
           -1.54461867e-02-1.13485979e-01j],
          [ 7.62884618e-05+2.85082153e-04j,
           -7.52321807e-03+1.41094030e-03j,
           -2.25805616e-02-1.12284329e-01j,
            9.48847733e-01-2.94128629e-01j]],
         input_dims=(2, 2), output_dims=(2, 2))"
"Operator([[ 9.48847733e-01-2.94128629e-01j,
           -4.66930119e-02-1.04582096e-01j,
           -6.19254138e-03+4.49911035e-03j,
            2.35836252e-04+1.77406385e-04j],
          [ 9.85892590e-03-1.14107203e-01j,
            9.84006562e-01-3.22239178e-02j,
           -3.73492635e-02-1.26970455e-01j,
           -6.19254138e-03+4.49911035e-03j],
          [-7.09725277e-03-2.86680412e-03j,
            2.88846042e-02-1.29159373e-01j,
            9.84006562e-01-3.22239178e-02j,
           -4.66930119e-02-1.04582096e-01j],
          [-1.64789311e-04+2.44818803e-04j,
           -7.09725277e-03-2.86680412e-03j,
            9.85892590e-03-1.14107203e-01j,
            9.48847733e-01-2.94128629e-01j]],
         input_dims=(2, 2), output_dims=(2, 2))"
"Operator([[ 9.48847733e-01-2.94128629e-01j,
           -8.04597845e-02-8.15099705e-02j,
           -1.70390200e-03+7.46232408e-03j,
            2.67993951e-04-1.23575911e-04j],
          [ 4.93204111e-02-1.03368996e-01j,
            9.84006562e-01-3.22239178e-02j,
           -7.95775485e-02-1.05753854e-01j,
           -1.70390200e-03+7.46232408e-03j],
          [-3.45911958e-03-6.82818090e-03j,
            7.24215630e-02-1.10777169e-01j,
            9.84006562e-01-3.22239178e-02j,
           -8.04597845e-02-8.15099705e-02j],
          [-2.93678428e-04-2.90644848e-05j,
           -3.45911958e-03-6.82818090e-03j,
            4.93204111e-02-1.03368996e-01j,
            9.48847733e-01-2.94128629e-01j]],
         input_dims=(2, 2), output_dims=(2, 2))"
"Operator([[ 9.48847733e-01-2.94128629e-01j,
           -1.01629941e-01-5.28110537e-02j,
            2.98643460e-03+7.04774937e-03j,
            5.88617637e-05-2.89183430e-04j],
          [ 7.87234363e-02-8.31881769e-02j,
            9.84006562e-01-3.22239178e-02j,
           -1.08247332e-01-7.61510275e-02j,
            2.98643460e-03+7.04774937e-03j],
          [ 1.19213168e-03-7.56097777e-03j,
            1.02983302e-01-8.31318440e-02j,
            9.84006562e-01-3.22239178e-02j,
           -1.01629941e-01-5.28110537e-02j],
          [-1.50261209e-04-2.53994749e-04j,
            1.19213168e-03-7.56097777e-03j,
            7.87234363e-02-8.31881769e-02j,
            9.48847733e-01-2.94128629e-01j]],
         input_dims=(2, 2), output_dims=(2, 2))"
"Operator([[ 9.48847733e-01-2.94128629e-01j,
            1.90228649e-02+1.12941502e-01j,
           -7.59729104e-03+9.33129995e-04j,
           -4.89696385e-05-2.91021886e-04j],
          [ 1.90228649e-02+1.12941502e-01j,
            9.84006562e-01-3.22239178e-02j,
            4.37155056e-03+1.32277562e-01j,
           -7.59729104e-03+9.33129995e-04j],
          [-7.59729104e-03+9.33129995e-04j,
            4.37155056e-03+1.32277562e-01j,
            9.84006562e-01-3.22239178e-02j,
            1.90228649e-02+1.12941502e-01j],
          [-4.89696385e-05-2.91021886e-04j,
           -7.59729104e-03+9.33129995e-04j,
            1.90228649e-02+1.12941502e-01j,
            9.48847733e-01-2.94128629e-01j]],
         input_dims=(2, 2), output_dims=(2, 2))"
