unitary
"Operator([[ 0.82465199-0.52438853j,  0.00237612+0.21036332j,
           -0.02467441-0.00973964j,  0.00107914-0.00159507j],
          [ 0.12160965+0.17166673j,  0.94479879-0.055316j  ,
           -0.05837265+0.23648671j, -0.02467441-0.00973964j],
          [-0.01782114+0.01964928j,  0.08650446+0.22770663j,
            0.94479879-0.055316j  ,  0.00237612+0.21036332j],
          [-0.00180876-0.00066119j, -0.01782114+0.01964928j,
            0.12160965+0.17166673j,  0.82465199-0.52438853j]],
         input_dims=(2, 2), output_dims=(2, 2))"
"Operator([[ 8.24651986e-01-0.52438853j,  6.49420862e-02+0.20010222j,
           -2.58339895e-02+0.00602429j, -5.92551551e-04-0.0018324j ],
          [ 6.49420862e-02+0.20010222j,  9.44798788e-01-0.055316j  ,
            1.47350671e-02+0.24313825j, -2.58339895e-02+0.00602429j],
          [-2.58339895e-02+0.00602429j,  1.47350671e-02+0.24313825j,
            9.44798788e-01-0.055316j  ,  6.49420862e-02+0.20010222j],
          [-5.92551551e-04-0.0018324j , -2.58339895e-02+0.00602429j,
            6.49420862e-02+0.20010222j,  8.24651986e-01-0.52438853j]],
         input_dims=(2, 2), output_dims=(2, 2))"
"Operator([[ 8.24651986e-01-0.52438853j,  1.09662760e-01+0.17953399j,
           -2.03209374e-02+0.01705129j, -1.63728129e-03-0.00101396j],
          [ 1.66660608e-02+0.20971556j,  9.44798788e-01-0.055316j  ,
            7.08304795e-02+0.23305873j, -2.03209374e-02+0.01705129j],
          [-2.57671891e-02-0.00630389j, -4.21670387e-02+0.2399068j ,
            9.44798788e-01-0.055316j  ,  1.09662760e-01+0.17953399j],
          [ 7.33580614e-04-0.00178063j, -2.57671891e-02-0.00630389j,
            1.66660608e-02+0.20971556j,  8.24651986e-01-0.52438853j]],
         input_dims=(2, 2), output_dims=(2, 2))"
"Operator([[ 8.24651986e-01-0.52438853j,  6.49420862e-02+0.20010222j,
           -2.58339895e-02+0.00602429j, -5.92551551e-04-0.0018324j ],
          [ 6.49420862e-02+0.20010222j,  9.44798788e-01-0.055316j  ,
            1.47350671e-02+0.24313825j, -2.58339895e-02+0.00602429j],
          [-2.58339895e-02+0.00602429j,  1.47350671e-02+0.24313825j,
            9.44798788e-01-0.055316j  ,  6.49420862e-02+0.20010222j],
          [-5.92551551e-04-0.0018324j , -2.58339895e-02+0.00602429j,
            6.49420862e-02+0.20010222j,  8.24651986e-01-0.52438853j]],
         input_dims=(2, 2), output_dims=(2, 2))"
"Operator([[ 8.24651986e-01-5.24388532e-01j,
           -7.07747533e-02+1.98114381e-01j,
           -1.23913514e-02-2.34550953e-02j,
            1.91850040e-03+1.67790470e-04j],
          [ 1.73626101e-01+1.18795414e-01j,
            9.44798788e-01-5.53159953e-02j,
           -1.36813844e-01+2.01532383e-01j,
           -1.23913514e-02-2.34550953e-02j],
          [-7.38279130e-04+2.65168254e-02j,
            1.60150352e-01+1.83535267e-01j,
            9.44798788e-01-5.53159953e-02j,
           -7.07747533e-02+1.98114381e-01j],
          [-1.45700097e-03+1.25934332e-03j,
           -7.38279130e-04+2.65168254e-02j,
            1.73626101e-01+1.18795414e-01j,
            8.24651986e-01-5.24388532e-01j]],
         input_dims=(2, 2), output_dims=(2, 2))"
"Operator([[ 0.82465199-5.24388532e-01j,  0.18735899-9.56816809e-02j,
            0.02267333-1.37697886e-02j,  0.00135851-1.36500555e-03j],
          [-0.20783904+3.25776870e-02j,  0.94479879-5.53159953e-02j,
            0.23777326-5.28886281e-02j,  0.02267333-1.37697886e-02j],
          [ 0.02642543+2.32033113e-03j, -0.24242009-2.37871547e-02j,
            0.94479879-5.53159953e-02j,  0.18735899-9.56816809e-02j],
          [-0.00190053-3.11113167e-04j,  0.02642543+2.32033113e-03j,
           -0.20783904+3.25776870e-02j,  0.82465199-5.24388532e-01j]],
         input_dims=(2, 2), output_dims=(2, 2))"
"Operator([[ 8.24651986e-01-0.52438853j,  6.49420862e-02+0.20010222j,
           -2.58339895e-02+0.00602429j, -5.92551551e-04-0.0018324j ],
          [ 6.49420862e-02+0.20010222j,  9.44798788e-01-0.055316j  ,
            1.47350671e-02+0.24313825j, -2.58339895e-02+0.00602429j],
          [-2.58339895e-02+0.00602429j,  1.47350671e-02+0.24313825j,
            9.44798788e-01-0.055316j  ,  6.49420862e-02+0.20010222j],
          [-5.92551551e-04-0.0018324j , -2.58339895e-02+0.00602429j,
            6.49420862e-02+0.20010222j,  8.24651986e-01-0.52438853j]],
         input_dims=(2, 2), output_dims=(2, 2))"
"Operator([[ 8.24651986e-01-0.52438853j,  2.10352783e-01+0.00317492j,
            2.41262959e-02+0.01102764j,  1.50473701e-03+0.0012019j ],
          [-1.68398425e-01+0.12609657j,  9.44798788e-01-0.055316j  ,
            2.34864282e-01+0.06459178j,  2.41262959e-02+0.01102764j],
          [ 1.67598359e-02-0.02056198j, -2.25345027e-01+0.09248215j,
            9.44798788e-01-0.055316j  ,  2.10352783e-01+0.00317492j],
          [-5.16087546e-04+0.00185538j,  1.67598359e-02-0.02056198j,
           -1.68398425e-01+0.12609657j,  8.24651986e-01-0.52438853j]],
         input_dims=(2, 2), output_dims=(2, 2))"
