unitary
"Operator([[ 9.54987403e-01-2.76408553e-01j,
            1.67428684e-02+1.06168114e-01j,
           -6.68797857e-03+7.69645017e-04j,
           -3.78664076e-05-2.40318640e-04j],
          [ 1.67428684e-02+1.06168114e-01j,
            9.85930789e-01-3.03350869e-02j,
            3.84990788e-03+1.24129479e-01j,
           -6.68797857e-03+7.69645017e-04j],
          [-6.68797857e-03+7.69645017e-04j,
            3.84990788e-03+1.24129479e-01j,
            9.85930789e-01-3.03350869e-02j,
            1.67428684e-02+1.06168114e-01j],
          [-3.78664076e-05-2.40318640e-04j,
           -6.68797857e-03+7.69645017e-04j,
            1.67428684e-02+1.06168114e-01j,
            9.54987403e-01-2.76408553e-01j]],
         input_dims=(2, 2), output_dims=(2, 2))"
"Operator([[ 9.54987403e-01-2.76408553e-01j,
            1.67428684e-02+1.06168114e-01j,
           -6.68797857e-03+7.69645017e-04j,
           -3.78664076e-05-2.40318640e-04j],
          [ 1.67428684e-02+1.06168114e-01j,
            9.85930789e-01-3.03350869e-02j,
            3.84990788e-03+1.24129479e-01j,
           -6.68797857e-03+7.69645017e-04j],
          [-6.68797857e-03+7.69645017e-04j,
            3.84990788e-03+1.24129479e-01j,
            9.85930789e-01-3.03350869e-02j,
            1.67428684e-02+1.06168114e-01j],
          [-3.78664076e-05-2.40318640e-04j,
           -6.68797857e-03+7.69645017e-04j,
            1.67428684e-02+1.06168114e-01j,
            9.54987403e-01-2.76408553e-01j]],
         input_dims=(2, 2), output_dims=(2, 2))"
"Operator([[ 9.54987403e-01-2.76408553e-01j,
            9.56922045e-03+1.07053361e-01j,
           -6.73077809e-03-1.34302591e-04j,
            1.10670424e-05-2.43031756e-04j],
          [ 2.38407954e-02+1.04802713e-01j,
            9.85930789e-01-3.03350869e-02j,
           -4.50180733e-03+1.24107546e-01j,
           -6.73077809e-03-1.34302591e-04j],
          [-6.52432800e-03+1.65968522e-03j,
            1.21842115e-02+1.23590025e-01j,
            9.85930789e-01-3.03350869e-02j,
            9.56922045e-03+1.07053361e-01j],
          [-8.52632141e-05-2.27853238e-04j,
           -6.52432800e-03+1.65968522e-03j,
            2.38407954e-02+1.04802713e-01j,
            9.54987403e-01-2.76408553e-01j]],
         input_dims=(2, 2), output_dims=(2, 2))"
"Operator([[ 9.54987403e-01-2.76408553e-01j,
            1.67428684e-02+1.06168114e-01j,
           -6.68797857e-03+7.69645017e-04j,
           -3.78664076e-05-2.40318640e-04j],
          [ 1.67428684e-02+1.06168114e-01j,
            9.85930789e-01-3.03350869e-02j,
            3.84990788e-03+1.24129479e-01j,
           -6.68797857e-03+7.69645017e-04j],
          [-6.68797857e-03+7.69645017e-04j,
            3.84990788e-03+1.24129479e-01j,
            9.85930789e-01-3.03350869e-02j,
            1.67428684e-02+1.06168114e-01j],
          [-3.78664076e-05-2.40318640e-04j,
           -6.68797857e-03+7.69645017e-04j,
            1.67428684e-02+1.06168114e-01j,
            9.54987403e-01-2.76408553e-01j]],
         input_dims=(2, 2), output_dims=(2, 2))"
"Operator([[ 9.54987403e-01-2.76408553e-01j,
            5.65537835e-02+9.13983679e-02j,
           -4.13207788e-03+5.31482297e-03j,
           -2.37342512e-04-5.34363689e-05j],
          [-2.56813016e-02+1.04366962e-01j,
            9.85930789e-01-3.03350869e-02j,
            5.16232055e-02+1.12951290e-01j,
           -4.13207788e-03+5.31482297e-03j],
          [-5.23132462e-03-4.23729319e-03j,
           -4.45242899e-02+1.15933330e-01j,
            9.85930789e-01-3.03350869e-02j,
            5.65537835e-02+9.13983679e-02j],
          [ 2.09411060e-04-1.23830213e-04j,
           -5.23132462e-03-4.23729319e-03j,
           -2.56813016e-02+1.04366962e-01j,
            9.54987403e-01-2.76408553e-01j]],
         input_dims=(2, 2), output_dims=(2, 2))"
"Operator([[ 9.54987403e-01-2.76408553e-01j,
            7.98955987e-02+7.18935698e-02j,
           -6.24602840e-04+6.70308005e-03j,
           -1.96515517e-04+1.43417451e-04j],
          [-5.38928679e-02+9.29922087e-02j,
            9.85930789e-01-3.03350869e-02j,
            8.12008758e-02+9.39647118e-02j,
           -6.24602840e-04+6.70308005e-03j],
          [-2.13087737e-03-6.38598250e-03j,
           -7.52217260e-02+9.88161992e-02j,
            9.85930789e-01-3.03350869e-02j,
            7.98955987e-02+7.18935698e-02j],
          [ 2.31094872e-04+7.60399505e-05j,
           -2.13087737e-03-6.38598250e-03j,
           -5.38928679e-02+9.29922087e-02j,
            9.54987403e-01-2.76408553e-01j]],
         input_dims=(2, 2), output_dims=(2, 2))"
"Operator([[ 9.54987403e-01-2.76408553e-01j,
            9.93903320e-02+4.09090940e-02j,
            3.75449827e-03+5.58794717e-03j,
            2.10031330e-05+2.42375292e-04j],
          [-8.19769235e-02+6.95109782e-02j,
            9.85930789e-01-3.03350869e-02j,
            1.08027397e-01+6.12619849e-02j,
            3.75449827e-03+5.58794717e-03j],
          [ 2.38705548e-03-6.29471024e-03j,
           -1.04023303e-01+6.78387922e-02j,
            9.85930789e-01-3.03350869e-02j,
            9.93903320e-02+4.09090940e-02j],
          [ 5.45450427e-05+2.37090177e-04j,
            2.38705548e-03-6.29471024e-03j,
           -8.19769235e-02+6.95109782e-02j,
            9.54987403e-01-2.76408553e-01j]],
         input_dims=(2, 2), output_dims=(2, 2))"
"Operator([[ 9.54987403e-01-2.76408553e-01j,
            1.07338772e-01+5.51182156e-03j,
            6.42972215e-03+1.99501476e-03j,
            2.17247586e-04+1.09500685e-04j],
          [-1.00433091e-01+3.82777513e-02j,
            9.85930789e-01-3.03350869e-02j,
            1.22255157e-01+2.18317636e-02j,
            6.42972215e-03+1.99501476e-03j],
          [ 5.80848174e-03-3.40337343e-03j,
           -1.20667243e-01+2.93660646e-02j,
            9.85930789e-01-3.03350869e-02j,
            1.07338772e-01+5.51182156e-03j],
          [-1.73049969e-04+1.70998895e-04j,
            5.80848174e-03-3.40337343e-03j,
           -1.00433091e-01+3.82777513e-02j,
            9.54987403e-01-2.76408553e-01j]],
         input_dims=(2, 2), output_dims=(2, 2))"
