unitary
"Operator([[ 0.64342104-7.03682471e-01j, -0.03144526-2.94628386e-01j,
           -0.0511333 -1.99250212e-02j, -0.00330217+4.80943489e-03j],
          [-0.21481453-2.04081864e-01j,  0.88650541-6.94078004e-02j,
            0.09100249-3.31968293e-01j, -0.0511333 -1.99250212e-02j],
          [-0.02788417+4.72662068e-02j, -0.14572079-3.11849083e-01j,
            0.88650541-6.94078004e-02j, -0.03144526-2.94628386e-01j],
          [ 0.005824  +3.40572565e-04j, -0.02788417+4.72662068e-02j,
           -0.21481453-2.04081864e-01j,  0.64342104-7.03682471e-01j]],
         input_dims=(2, 2), output_dims=(2, 2))"
"Operator([[ 0.64342104-0.70368247j, -0.1124372 -0.27413968j,
           -0.05384641+0.01059177j,  0.00142643+0.00565688j],
          [-0.14930897-0.25593265j,  0.88650541-0.0694078j ,
           -0.0052796 -0.34417514j, -0.05384641+0.01059177j],
          [-0.0488775 +0.02495218j, -0.05287975-0.34012958j,
            0.88650541-0.0694078j , -0.1124372 -0.27413968j],
          [ 0.00359391+0.00459552j, -0.0488775 +0.02495218j,
           -0.14930897-0.25593265j,  0.64342104-0.70368247j]],
         input_dims=(2, 2), output_dims=(2, 2))"
"Operator([[ 6.43421039e-01-0.70368247j, -1.33072055e-01+0.26473859j,
           -3.01887719e-03-0.05479514j,  4.27988809e-03+0.00396454j],
          [ 2.91098143e-01+0.05528618j,  8.86505412e-01-0.0694078j ,
           -2.56237896e-01+0.22984025j, -3.01887719e-03-0.05479514j],
          [ 3.14919727e-02+0.04494304j,  2.91350896e-01+0.18330045j,
            8.86505412e-01-0.0694078j , -1.33072055e-01+0.26473859j],
          [ 5.07366542e-04+0.00581185j,  3.14919727e-02+0.04494304j,
            2.91098143e-01+0.05528618j,  6.43421039e-01-0.70368247j]],
         input_dims=(2, 2), output_dims=(2, 2))"
"Operator([[ 0.64342104-0.70368247j, -0.27467598-0.11112064j,
            0.01185435+0.05358261j,  0.00281297-0.00511099j],
          [ 0.07875661-0.28564329j,  0.88650541-0.0694078j ,
           -0.24990091-0.23671488j,  0.01185435+0.05358261j],
          [-0.02379656-0.04945043j,  0.20636812-0.27549337j,
            0.88650541-0.0694078j , -0.27467598-0.11112064j],
          [-0.00576224-0.00091192j, -0.02379656-0.04945043j,
            0.07875661-0.28564329j,  0.64342104-0.70368247j]],
         input_dims=(2, 2), output_dims=(2, 2))"
"Operator([[ 0.64342104-0.70368247j,  0.13118932+0.26567659j,
           -0.05186141+0.01794479j, -0.00256566-0.00523951j],
          [ 0.13118932+0.26567659j,  0.88650541-0.0694078j ,
            0.02914994+0.34297913j, -0.05186141+0.01794479j],
          [-0.05186141+0.01794479j,  0.02914994+0.34297913j,
            0.88650541-0.0694078j ,  0.13118932+0.26567659j],
          [-0.00256566-0.00523951j, -0.05186141+0.01794479j,
            0.13118932+0.26567659j,  0.64342104-0.70368247j]],
         input_dims=(2, 2), output_dims=(2, 2))"
"Operator([[ 0.64342104-0.70368247j,  0.13118932+0.26567659j,
           -0.05186141+0.01794479j, -0.00256566-0.00523951j],
          [ 0.13118932+0.26567659j,  0.88650541-0.0694078j ,
            0.02914994+0.34297913j, -0.05186141+0.01794479j],
          [-0.05186141+0.01794479j,  0.02914994+0.34297913j,
            0.88650541-0.0694078j ,  0.13118932+0.26567659j],
          [-0.00256566-0.00523951j, -0.05186141+0.01794479j,
            0.13118932+0.26567659j,  0.64342104-0.70368247j]],
         input_dims=(2, 2), output_dims=(2, 2))"
"Operator([[ 0.64342104-0.70368247j,  0.13118932+0.26567659j,
           -0.05186141+0.01794479j, -0.00256566-0.00523951j],
          [ 0.13118932+0.26567659j,  0.88650541-0.0694078j ,
            0.02914994+0.34297913j, -0.05186141+0.01794479j],
          [-0.05186141+0.01794479j,  0.02914994+0.34297913j,
            0.88650541-0.0694078j ,  0.13118932+0.26567659j],
          [-0.00256566-0.00523951j, -0.05186141+0.01794479j,
            0.13118932+0.26567659j,  0.64342104-0.70368247j]],
         input_dims=(2, 2), output_dims=(2, 2))"
"Operator([[ 0.64342104-0.70368247j,  0.13118932+0.26567659j,
           -0.05186141+0.01794479j, -0.00256566-0.00523951j],
          [ 0.13118932+0.26567659j,  0.88650541-0.0694078j ,
            0.02914994+0.34297913j, -0.05186141+0.01794479j],
          [-0.05186141+0.01794479j,  0.02914994+0.34297913j,
            0.88650541-0.0694078j ,  0.13118932+0.26567659j],
          [-0.00256566-0.00523951j, -0.05186141+0.01794479j,
            0.13118932+0.26567659j,  0.64342104-0.70368247j]],
         input_dims=(2, 2), output_dims=(2, 2))"
"Operator([[ 0.64342104-0.70368247j,  0.13118932+0.26567659j,
           -0.05186141+0.01794479j, -0.00256566-0.00523951j],
          [ 0.13118932+0.26567659j,  0.88650541-0.0694078j ,
            0.02914994+0.34297913j, -0.05186141+0.01794479j],
          [-0.05186141+0.01794479j,  0.02914994+0.34297913j,
            0.88650541-0.0694078j ,  0.13118932+0.26567659j],
          [-0.00256566-0.00523951j, -0.05186141+0.01794479j,
            0.13118932+0.26567659j,  0.64342104-0.70368247j]],
         input_dims=(2, 2), output_dims=(2, 2))"
"Operator([[ 0.64342104-0.70368247j, -0.29596239-0.01417578j,
            0.04267384+0.03450455j, -0.00283046-0.00510132j],
          [ 0.16867033-0.24360831j,  0.88650541-0.0694078j ,
           -0.31405423-0.14090543j,  0.04267384+0.03450455j],
          [ 0.01222311-0.05349969j,  0.28577026-0.19188476j,
            0.88650541-0.0694078j , -0.29596239-0.01417578j],
          [-0.00229412-0.00536395j,  0.01222311-0.05349969j,
            0.16867033-0.24360831j,  0.64342104-0.70368247j]],
         input_dims=(2, 2), output_dims=(2, 2))"
"Operator([[ 0.64342104-7.03682471e-01j, -0.21530679-2.03562466e-01j,
           -0.02765554+4.74003422e-02j,  0.00582632+2.98366967e-04j],
          [-0.0307336 -2.94703471e-01j,  0.88650541-6.94078004e-02j,
           -0.14647352-3.11496241e-01j, -0.02765554+4.74003422e-02j],
          [-0.05103647-2.01717741e-02j,  0.09180396-3.31747543e-01j,
            0.88650541-6.94078004e-02j, -0.21530679-2.03562466e-01j],
          [-0.00333693+4.78538342e-03j, -0.05103647-2.01717741e-02j,
           -0.0307336 -2.94703471e-01j,  0.64342104-7.03682471e-01j]],
         input_dims=(2, 2), output_dims=(2, 2))"
