unitary
"Operator([[ 8.24651986e-01-0.52438853j,  6.49420862e-02+0.20010222j,
           -2.58339895e-02+0.00602429j, -5.92551551e-04-0.0018324j ],
          [ 6.49420862e-02+0.20010222j,  9.44798788e-01-0.055316j  ,
            1.47350671e-02+0.24313825j, -2.58339895e-02+0.00602429j],
          [-2.58339895e-02+0.00602429j,  1.47350671e-02+0.24313825j,
            9.44798788e-01-0.055316j  ,  6.49420862e-02+0.20010222j],
          [-5.92551551e-04-0.0018324j , -2.58339895e-02+0.00602429j,
            6.49420862e-02+0.20010222j,  8.24651986e-01-0.52438853j]],
         input_dims=(2, 2), output_dims=(2, 2))"
"Operator([[ 8.24651986e-01-0.52438853j,  1.15263672e-01+0.17599051j,
           -1.92069098e-02+0.01829704j, -1.72566591e-03-0.00085491j],
          [ 1.00517369e-02+0.21013647j,  9.44798788e-01-0.055316j  ,
            7.81366947e-02+0.23071191j, -1.92069098e-02+0.01829704j],
          [-2.53191050e-02-0.00791391j, -4.97031925e-02+0.23845948j,
            9.44798788e-01-0.055316j  ,  1.15263672e-01+0.17599051j],
          [ 8.98354042e-04-0.00170345j, -2.53191050e-02-0.00791391j,
            1.00517369e-02+0.21013647j,  8.24651986e-01-0.52438853j]],
         input_dims=(2, 2), output_dims=(2, 2))"
"Operator([[ 8.24651986e-01-0.52438853j,  6.49420862e-02+0.20010222j,
           -2.58339895e-02+0.00602429j, -5.92551551e-04-0.0018324j ],
          [ 6.49420862e-02+0.20010222j,  9.44798788e-01-0.055316j  ,
            1.47350671e-02+0.24313825j, -2.58339895e-02+0.00602429j],
          [-2.58339895e-02+0.00602429j,  1.47350671e-02+0.24313825j,
            9.44798788e-01-0.055316j  ,  6.49420862e-02+0.20010222j],
          [-5.92551551e-04-0.0018324j , -2.58339895e-02+0.00602429j,
            6.49420862e-02+0.20010222j,  8.24651986e-01-0.52438853j]],
         input_dims=(2, 2), output_dims=(2, 2))"
"Operator([[ 8.24651986e-01-0.52438853j,  6.49420862e-02+0.20010222j,
           -2.58339895e-02+0.00602429j, -5.92551551e-04-0.0018324j ],
          [ 6.49420862e-02+0.20010222j,  9.44798788e-01-0.055316j  ,
            1.47350671e-02+0.24313825j, -2.58339895e-02+0.00602429j],
          [-2.58339895e-02+0.00602429j,  1.47350671e-02+0.24313825j,
            9.44798788e-01-0.055316j  ,  6.49420862e-02+0.20010222j],
          [-5.92551551e-04-0.0018324j , -2.58339895e-02+0.00602429j,
            6.49420862e-02+0.20010222j,  8.24651986e-01-0.52438853j]],
         input_dims=(2, 2), output_dims=(2, 2))"
"Operator([[ 0.82465199-0.52438853j,  0.20950443-0.01913809j,
            0.0259087 +0.00569443j,  0.00180547+0.00067014j],
          [-0.18081476+0.10753788j,  0.94479879-0.055316j  ,
            0.24038739+0.03933487j,  0.0259087 +0.00569443j],
          [ 0.02071743-0.01656729j, -0.23387783+0.06807708j,
            0.94479879-0.055316j  ,  0.20950443-0.01913809j],
          [-0.00107124+0.00160039j,  0.02071743-0.01656729j,
           -0.18081476+0.10753788j,  0.82465199-0.52438853j]],
         input_dims=(2, 2), output_dims=(2, 2))"
"Operator([[ 0.82465199-5.24388532e-01j,  0.20880413-2.56750647e-02j,
            0.02621379+4.06498189e-03j,  0.00186028+4.98168357e-04j],
          [-0.18408667+1.01835506e-01j,  0.94479879-5.53159953e-02j,
            0.24149909+3.18043541e-02j,  0.02621379+4.06498189e-03j],
          [ 0.02171182-1.52408701e-02j, -0.23589081+6.07359286e-02j,
            0.94479879-5.53159953e-02j,  0.20880413-2.56750647e-02j],
          [-0.00121636+1.49307469e-03j,  0.02171182-1.52408701e-02j,
           -0.18408667+1.01835506e-01j,  0.82465199-5.24388532e-01j]],
         input_dims=(2, 2), output_dims=(2, 2))"
"Operator([[ 8.24651986e-01-0.52438853j,  6.49420862e-02+0.20010222j,
           -2.58339895e-02+0.00602429j, -5.92551551e-04-0.0018324j ],
          [ 6.49420862e-02+0.20010222j,  9.44798788e-01-0.055316j  ,
            1.47350671e-02+0.24313825j, -2.58339895e-02+0.00602429j],
          [-2.58339895e-02+0.00602429j,  1.47350671e-02+0.24313825j,
            9.44798788e-01-0.055316j  ,  6.49420862e-02+0.20010222j],
          [-5.92551551e-04-0.0018324j , -2.58339895e-02+0.00602429j,
            6.49420862e-02+0.20010222j,  8.24651986e-01-0.52438853j]],
         input_dims=(2, 2), output_dims=(2, 2))"
"Operator([[ 8.24651986e-01-0.52438853j,  2.10324334e-01+0.00469555j,
            2.39643336e-02+0.01137532j,  1.47831818e-03+0.00123425j],
          [-1.67482432e-01+0.12731068j,  9.44798788e-01-0.055316j  ,
            2.34391190e-01+0.06628801j,  2.39643336e-02+0.01137532j],
          [ 1.64607936e-02-0.02080215j, -2.24670555e-01+0.09410883j,
            9.44798788e-01-0.055316j  ,  2.10324334e-01+0.00469555j],
          [-4.75729479e-04+0.00186614j,  1.64607936e-02-0.02080215j,
           -1.67482432e-01+0.12731068j,  8.24651986e-01-0.52438853j]],
         input_dims=(2, 2), output_dims=(2, 2))"
