unitary
"Operator([[ 0.36987224-0.83919507j,  0.22909293+0.31027511j,
           -0.08958706+0.04413662j, -0.00866545-0.01195714j],
          [ 0.22909293+0.31027511j,  0.79549348-0.07168081j,
            0.04897584+0.44824686j, -0.08958706+0.04413662j],
          [-0.08958706+0.04413662j,  0.04897584+0.44824686j,
            0.79549348-0.07168081j,  0.22909293+0.31027511j],
          [-0.00866545-0.01195714j, -0.08958706+0.04413662j,
            0.22909293+0.31027511j,  0.36987224-0.83919507j]],
         input_dims=(2, 2), output_dims=(2, 2))"
"Operator([[ 0.36987224-0.83919507j,  0.12550751-0.36469451j,
           -0.00933923-0.09943169j, -0.01125195-0.00956331j],
          [-0.38548095+0.01259596j,  0.79549348-0.07168081j,
            0.34131749-0.29466294j, -0.00933923-0.09943169j],
          [ 0.07314681+0.06799578j, -0.39689501-0.2140052j ,
            0.79549348-0.07168081j,  0.12550751-0.36469451j],
          [-0.00558538-0.01366992j,  0.07314681+0.06799578j,
           -0.38548095+0.01259596j,  0.36987224-0.83919507j]],
         input_dims=(2, 2), output_dims=(2, 2))"
"Operator([[ 0.36987224-0.83919507j,  0.38461947-0.028672j  ,
            0.07856233+0.06165908j,  0.0072491 +0.01286522j],
          [-0.14061771+0.35913908j,  0.79549348-0.07168081j,
            0.40548018+0.19725542j,  0.07856233+0.06165908j],
          [-0.00101491-0.09986417j, -0.35331711+0.28016227j,
            0.79549348-0.07168081j,  0.38461947-0.028672j  ],
          [ 0.00996932+0.01089385j, -0.00101491-0.09986417j,
           -0.14061771+0.35913908j,  0.36987224-0.83919507j]],
         input_dims=(2, 2), output_dims=(2, 2))"
"Operator([[ 0.36987224-0.83919507j,  0.22909293+0.31027511j,
           -0.08958706+0.04413662j, -0.00866545-0.01195714j],
          [ 0.22909293+0.31027511j,  0.79549348-0.07168081j,
            0.04897584+0.44824686j, -0.08958706+0.04413662j],
          [-0.08958706+0.04413662j,  0.04897584+0.44824686j,
            0.79549348-0.07168081j,  0.22909293+0.31027511j],
          [-0.00866545-0.01195714j, -0.08958706+0.04413662j,
            0.22909293+0.31027511j,  0.36987224-0.83919507j]],
         input_dims=(2, 2), output_dims=(2, 2))"
"Operator([[ 3.69872239e-01-0.83919507j, -3.63833129e-01+0.1279831j ,
            9.89231939e-02+0.01371436j, -1.42469657e-02-0.00388423j],
          [ 2.29410204e-01-0.31004061j,  7.95493485e-01-0.07168081j,
           -4.42890623e-01-0.08468632j,  9.89231939e-02+0.01371436j],
          [ 4.94070707e-02-0.08679184j,  4.14153483e-01-0.1783277j ,
            7.95493485e-01-0.07168081j, -3.63833129e-01+0.1279831j ],
          [ 7.43866505e-04-0.01474822j,  4.94070707e-02-0.08679184j,
            2.29410204e-01-0.31004061j,  3.69872239e-01-0.83919507j]],
         input_dims=(2, 2), output_dims=(2, 2))"
"Operator([[ 0.36987224-8.39195068e-01j,  0.15284143+3.54109752e-01j,
           -0.0998693 +6.83024494e-05j,  0.00086342-1.47417015e-02j],
          [ 0.29343076+2.50305030e-01j,  0.79549348-7.16808055e-02j,
           -0.0538506 +4.47687379e-01j, -0.0998693 +6.83024494e-05j],
          [-0.06091166+7.91432320e-02j,  0.14925536+4.25495845e-01j,
            0.79549348-7.16808055e-02j,  0.15284143+3.54109752e-01j],
          [-0.01427799-3.76858427e-03j, -0.06091166+7.91432320e-02j,
            0.29343076+2.50305030e-01j,  0.36987224-8.39195068e-01j]],
         input_dims=(2, 2), output_dims=(2, 2))"
