unitary
"Operator([[-0.26500577+0.67800589j,  0.15594098-0.4002945j ,
           -0.03632534+0.4400396j , -0.24731309+0.17148914j],
          [ 0.15594098-0.4002945j ,  0.05317961+0.2616793j ,
           -0.15113774+0.72549679j, -0.03632534+0.4400396j ],
          [-0.03632534+0.4400396j , -0.15113774+0.72549679j,
            0.05317961+0.2616793j ,  0.15594098-0.4002945j ],
          [-0.24731309+0.17148914j, -0.03632534+0.4400396j ,
            0.15594098-0.4002945j , -0.26500577+0.67800589j]],
         input_dims=(2, 2), output_dims=(2, 2))"
"Operator([[-0.26500577+0.67800589j, -0.02301133+0.42897991j,
            0.23206895+0.37563065j,  0.00326296-0.30093462j],
          [-0.27324459+0.33149763j,  0.05317961+0.2616793j ,
           -0.08319696-0.73638745j,  0.23206895+0.37563065j],
          [-0.29052446+0.33249048j,  0.37032769-0.64190779j,
            0.05317961+0.2616793j , -0.02301133+0.42897991j],
          [ 0.28297616+0.10245381j, -0.29052446+0.33249048j,
           -0.27324459+0.33149763j, -0.26500577+0.67800589j]],
         input_dims=(2, 2), output_dims=(2, 2))"
"Operator([[-0.26500577+0.67800589j,  0.38709596-0.18630619j,
           -0.44149872-0.0057675j ,  0.02259778-0.3001027j ],
          [-0.15905444-0.39906762j,  0.05317961+0.2616793j ,
           -0.60543229+0.42736396j, -0.44149872-0.0057675j ],
          [ 0.436468  +0.0667088j ,  0.38441484+0.63357197j,
            0.05317961+0.2616793j ,  0.38709596-0.18630619j],
          [ 0.28897596+0.08405464j,  0.436468  +0.0667088j ,
           -0.15905444-0.39906762j, -0.26500577+0.67800589j]],
         input_dims=(2, 2), output_dims=(2, 2))"
"Operator([[-0.26500577+0.67800589j,  0.15594098-0.4002945j ,
           -0.03632534+0.4400396j , -0.24731309+0.17148914j],
          [ 0.15594098-0.4002945j ,  0.05317961+0.2616793j ,
           -0.15113774+0.72549679j, -0.03632534+0.4400396j ],
          [-0.03632534+0.4400396j , -0.15113774+0.72549679j,
            0.05317961+0.2616793j ,  0.15594098-0.4002945j ],
          [-0.24731309+0.17148914j, -0.03632534+0.4400396j ,
            0.15594098-0.4002945j , -0.26500577+0.67800589j]],
         input_dims=(2, 2), output_dims=(2, 2))"
"Operator([[-0.26500577+0.67800589j,  0.01786554+0.429225j  ,
            0.29895696+0.3249294j , -0.08164325-0.28966648j],
          [-0.303515  +0.30402619j,  0.05317961+0.2616793j ,
           -0.15281077-0.72514625j,  0.29895696+0.3249294j ],
          [-0.34819289+0.27150707j,  0.42966175-0.60380377j,
            0.05317961+0.2616793j ,  0.01786554+0.429225j  ],
          [ 0.24265462+0.17801973j, -0.34819289+0.27150707j,
           -0.303515  +0.30402619j, -0.26500577+0.67800589j]],
         input_dims=(2, 2), output_dims=(2, 2))"
"Operator([[-0.26500577+0.67800589j, -0.06583177+0.42452263j,
            0.15260424+0.41432635j,  0.0922699 -0.28645865j],
          [-0.23869337+0.35718168j,  0.05317961+0.2616793j ,
           -0.00907522-0.74101677j,  0.15260424+0.41432635j],
          [-0.21848089+0.38369321j,  0.30422047-0.67575004j,
            0.05317961+0.2616793j , -0.06583177+0.42452263j],
          [ 0.3006255 +0.01402141j, -0.21848089+0.38369321j,
           -0.23869337+0.35718168j, -0.26500577+0.67800589j]],
         input_dims=(2, 2), output_dims=(2, 2))"
