unitary
"Operator([[-0.54049164+0.48893212j, -0.36541129+0.2786609j ,
           -0.1950389 +0.39665664j,  0.24949114-0.00379112j],
          [-0.28996042+0.35651123j,  0.10994311+0.24837607j,
            0.15894299-0.70313939j, -0.1950389 +0.39665664j],
          [ 0.00704751+0.44195813j, -0.01020492-0.7208077j ,
            0.10994311+0.24837607j, -0.36541129+0.2786609j ],
          [ 0.18683198-0.16539049j,  0.00704751+0.44195813j,
           -0.28996042+0.35651123j, -0.54049164+0.48893212j]],
         input_dims=(2, 2), output_dims=(2, 2))"
"Operator([[-0.54049164+0.48893212j, -0.44189512-0.12611902j,
           -0.32484474-0.29975415j, -0.23279578+0.08981274j],
          [ 0.11222756+0.44562572j,  0.10994311+0.24837607j,
            0.65853344-0.29326026j, -0.32484474-0.29975415j],
          [ 0.42171974-0.13239758j, -0.58371465-0.42301901j,
            0.10994311+0.24837607j, -0.44189512-0.12611902j],
          [-0.2324908 +0.09059927j,  0.42171974-0.13239758j,
            0.11222756+0.44562572j, -0.54049164+0.48893212j]],
         input_dims=(2, 2), output_dims=(2, 2))"
"Operator([[-0.54049164+0.48893212j,  0.32998968-0.31981888j,
           -0.09668634+0.43131011j, -0.23264362+0.09020614j],
          [ 0.32998968-0.31981888j,  0.10994311+0.24837607j,
           -0.07489189+0.71697914j, -0.09668634+0.43131011j],
          [-0.09668634+0.43131011j, -0.07489189+0.71697914j,
            0.10994311+0.24837607j,  0.32998968-0.31981888j],
          [-0.23264362+0.09020614j, -0.09668634+0.43131011j,
            0.32998968-0.31981888j, -0.54049164+0.48893212j]],
         input_dims=(2, 2), output_dims=(2, 2))"
"Operator([[-0.54049164+0.48893212j,  0.32998968-0.31981888j,
           -0.09668634+0.43131011j, -0.23264362+0.09020614j],
          [ 0.32998968-0.31981888j,  0.10994311+0.24837607j,
           -0.07489189+0.71697914j, -0.09668634+0.43131011j],
          [-0.09668634+0.43131011j, -0.07489189+0.71697914j,
            0.10994311+0.24837607j,  0.32998968-0.31981888j],
          [-0.23264362+0.09020614j, -0.09668634+0.43131011j,
            0.32998968-0.31981888j, -0.54049164+0.48893212j]],
         input_dims=(2, 2), output_dims=(2, 2))"
