unitary
"Operator([[ 8.60421815e-01-0.47311191j,  5.17573063e-02+0.18087494j,
           -2.06130761e-02+0.00425699j, -3.72237781e-04-0.0013045j ],
          [ 5.17573063e-02+0.18087494j,  9.56148263e-01-0.05048357j,
            1.17880916e-02+0.21738299j, -2.06130761e-02+0.00425699j],
          [-2.06130761e-02+0.00425699j,  1.17880916e-02+0.21738299j,
            9.56148263e-01-0.05048357j,  5.17573063e-02+0.18087494j],
          [-3.72237781e-04-0.0013045j , -2.06130761e-02+0.00425699j,
            5.17573063e-02+0.18087494j,  8.60421815e-01-0.47311191j]],
         input_dims=(2, 2), output_dims=(2, 2))"
"Operator([[ 8.60421815e-01-0.47311191j,  8.23497902e-02+0.169154j  ,
           -1.79178732e-02+0.01104403j, -9.74119952e-04-0.00094413j],
          [ 1.95953692e-02+0.18711116j,  9.56148263e-01-0.05048357j,
            4.93197939e-02+0.21204217j, -1.79178732e-02+0.01104403j],
          [-2.08270054e-02-0.00304248j, -2.61010647e-02+0.21613204j,
            9.56148263e-01-0.05048357j,  8.23497902e-02+0.169154j  ],
          [ 3.29188481e-04-0.00131603j, -2.08270054e-02-0.00304248j,
            1.95953692e-02+0.18711116j,  8.60421815e-01-0.47311191j]],
         input_dims=(2, 2), output_dims=(2, 2))"
"Operator([[ 8.60421815e-01-0.47311191j,  5.17573063e-02+0.18087494j,
           -2.06130761e-02+0.00425699j, -3.72237781e-04-0.0013045j ],
          [ 5.17573063e-02+0.18087494j,  9.56148263e-01-0.05048357j,
            1.17880916e-02+0.21738299j, -2.06130761e-02+0.00425699j],
          [-2.06130761e-02+0.00425699j,  1.17880916e-02+0.21738299j,
            9.56148263e-01-0.05048357j,  5.17573063e-02+0.18087494j],
          [-3.72237781e-04-0.0013045j , -2.06130761e-02+0.00425699j,
            5.17573063e-02+0.18087494j,  8.60421815e-01-0.47311191j]],
         input_dims=(2, 2), output_dims=(2, 2))"
"Operator([[ 8.60421815e-01-0.47311191j,  1.72071169e-01+0.07606627j,
            7.89660268e-03+0.01951063j, -3.17253834e-04+0.00131895j],
          [-1.05787012e-01+0.15557529j,  9.56148263e-01-0.05048357j,
            1.74519069e-01+0.13014383j,  7.89660268e-03+0.01951063j],
          [-4.78409631e-04-0.02104262j, -1.59422384e-01+0.14825258j,
            9.56148263e-01-0.05048357j,  1.72071169e-01+0.07606627j],
          [ 9.65527649e-04+0.00095291j, -4.78409631e-04-0.02104262j,
           -1.05787012e-01+0.15557529j,  8.60421815e-01-0.47311191j]],
         input_dims=(2, 2), output_dims=(2, 2))"
"Operator([[ 8.60421815e-01-0.47311191j,  1.84867474e-01+0.03490818j,
            1.57263770e-02+0.01398935j,  5.93430515e-04+0.00121989j],
          [-1.38418371e-01+0.12741632j,  9.56148263e-01-0.05048357j,
            1.99558705e-01+0.08700946j,  1.57263770e-02+0.01398935j],
          [ 8.89801486e-03-0.01907475j, -1.88979595e-01+0.10807884j,
            9.56148263e-01-0.05048357j,  1.84867474e-01+0.03490818j],
          [ 1.39700511e-04+0.00134936j,  8.89801486e-03-0.01907475j,
           -1.38418371e-01+0.12741632j,  8.60421815e-01-0.47311191j]],
         input_dims=(2, 2), output_dims=(2, 2))"
"Operator([[ 8.60421815e-01-0.47311191j,  5.17573063e-02+0.18087494j,
           -2.06130761e-02+0.00425699j, -3.72237781e-04-0.0013045j ],
          [ 5.17573063e-02+0.18087494j,  9.56148263e-01-0.05048357j,
            1.17880916e-02+0.21738299j, -2.06130761e-02+0.00425699j],
          [-2.06130761e-02+0.00425699j,  1.17880916e-02+0.21738299j,
            9.56148263e-01-0.05048357j,  5.17573063e-02+0.18087494j],
          [-3.72237781e-04-0.0013045j , -2.06130761e-02+0.00425699j,
            5.17573063e-02+0.18087494j,  8.60421815e-01-0.47311191j]],
         input_dims=(2, 2), output_dims=(2, 2))"
"Operator([[ 8.60421815e-01-0.47311191j,  1.42622871e-01-0.12269181j,
            1.01594647e-02-0.01843383j, -3.13163298e-06-0.00135657j],
          [-1.85936349e-01-0.0286747j ,  9.56148263e-01-0.05048357j,
            1.92505555e-01-0.1016658j ,  1.01594647e-02-0.01843383j],
          [ 1.66307305e-02+0.01290115j, -2.02370505e-01-0.08025274j,
            9.56148263e-01-0.05048357j,  1.42622871e-01-0.12269181j],
          [-7.13238291e-04-0.00115394j,  1.66307305e-02+0.01290115j,
           -1.85936349e-01-0.0286747j ,  8.60421815e-01-0.47311191j]],
         input_dims=(2, 2), output_dims=(2, 2))"
"Operator([[ 8.60421815e-01-0.47311191j,  5.17573063e-02+0.18087494j,
           -2.06130761e-02+0.00425699j, -3.72237781e-04-0.0013045j ],
          [ 5.17573063e-02+0.18087494j,  9.56148263e-01-0.05048357j,
            1.17880916e-02+0.21738299j, -2.06130761e-02+0.00425699j],
          [-2.06130761e-02+0.00425699j,  1.17880916e-02+0.21738299j,
            9.56148263e-01-0.05048357j,  5.17573063e-02+0.18087494j],
          [-3.72237781e-04-0.0013045j , -2.06130761e-02+0.00425699j,
            5.17573063e-02+0.18087494j,  8.60421815e-01-0.47311191j]],
         input_dims=(2, 2), output_dims=(2, 2))"
"Operator([[ 8.60421815e-01-0.47311191j,  1.81629177e-01+0.04904494j,
            1.33909277e-02+0.01623896j,  2.97947404e-04+0.00132345j],
          [-1.28192115e-01+0.1377002j ,  9.56148263e-01-0.05048357j,
            1.92263355e-01+0.10212309j,  1.33909277e-02+0.01623896j],
          [ 5.86246397e-03-0.02021515j, -1.80092687e-01+0.12231495j,
            9.56148263e-01-0.05048357j,  1.81629177e-01+0.04904494j],
          [ 4.45339208e-04+0.00128139j,  5.86246397e-03-0.02021515j,
           -1.28192115e-01+0.1377002j ,  8.60421815e-01-0.47311191j]],
         input_dims=(2, 2), output_dims=(2, 2))"
