unitary
"Operator([[ 9.41366246e-01-3.14213578e-01j,
           -5.38289037e-02-1.10112015e-01j,
           -6.81182377e-03+5.53887702e-03j,
            3.06472495e-04+1.94088676e-04j],
          [ 1.18777071e-02-1.21988224e-01j,
            9.81660078e-01-3.43511799e-02j,
           -4.33763389e-02-1.34843221e-01j,
           -6.81182377e-03+5.53887702e-03j],
          [-8.01357057e-03-3.58647298e-03j,
            3.37428301e-02-1.37570427e-01j,
            9.81660078e-01-3.43511799e-02j,
           -5.38289037e-02-1.10112015e-01j],
          [-2.19252636e-04+2.89005339e-04j,
           -8.01357057e-03-3.58647298e-03j,
            1.18777071e-02-1.21988224e-01j,
            9.41366246e-01-3.14213578e-01j]],
         input_dims=(2, 2), output_dims=(2, 2))"
"Operator([[ 9.41366246e-01-3.14213578e-01j,
           -1.03865434e-01-6.50705643e-02j,
            1.95676815e-03+8.55868916e-03j,
            1.63007025e-04-3.24074859e-04j],
          [ 7.45153955e-02-9.73121909e-02j,
            9.81660078e-01-3.43511799e-02j,
           -1.08051781e-01-9.15915590e-02j,
            1.95676815e-03+8.55868916e-03j],
          [-3.25761384e-04-8.77348171e-03j,
            1.01311953e-01-9.89954001e-02j,
            9.81660078e-01-3.43511799e-02j,
           -1.03865434e-01-6.50705643e-02j],
          [-2.66041384e-04-2.46612624e-04j,
           -3.25761384e-04-8.77348171e-03j,
            7.45153955e-02-9.73121909e-02j,
            9.41366246e-01-3.14213578e-01j]],
         input_dims=(2, 2), output_dims=(2, 2))"
"Operator([[ 9.41366246e-01-0.31421358j, -1.00736378e-01+0.06981682j,
            4.85079507e-03-0.00731778j, -3.99870352e-05+0.00036055j],
          [ 1.18802463e-01+0.03013605j,  9.81660078e-01-0.03435118j,
           -1.26760920e-01+0.0632129j ,  4.85079507e-03-0.00731778j],
          [ 6.57995424e-03+0.00581243j,  1.30909545e-01+0.05410076j,
            9.81660078e-01-0.03435118j, -1.00736378e-01+0.06981682j],
          [ 1.63543455e-04+0.0003238j ,  6.57995424e-03+0.00581243j,
            1.18802463e-01+0.03013605j,  9.41366246e-01-0.31421358j]],
         input_dims=(2, 2), output_dims=(2, 2))"
"Operator([[ 9.41366246e-01-0.31421358j,  2.17999268e-02+0.12061082j,
           -8.70437146e-03+0.00114631j, -6.44524569e-05-0.00035699j],
          [ 2.17999268e-02+0.12061082j,  9.81660078e-01-0.03435118j,
            5.00604995e-03+0.14155967j, -8.70437146e-03+0.00114631j],
          [-8.70437146e-03+0.00114631j,  5.00604995e-03+0.14155967j,
            9.81660078e-01-0.03435118j,  2.17999268e-02+0.12061082j],
          [-6.44524569e-05-0.00035699j, -8.70437146e-03+0.00114631j,
            2.17999268e-02+0.12061082j,  9.41366246e-01-0.31421358j]],
         input_dims=(2, 2), output_dims=(2, 2))"
"Operator([[ 9.41366246e-01-0.31421358j,  2.17999268e-02+0.12061082j,
           -8.70437146e-03+0.00114631j, -6.44524569e-05-0.00035699j],
          [ 2.17999268e-02+0.12061082j,  9.81660078e-01-0.03435118j,
            5.00604995e-03+0.14155967j, -8.70437146e-03+0.00114631j],
          [-8.70437146e-03+0.00114631j,  5.00604995e-03+0.14155967j,
            9.81660078e-01-0.03435118j,  2.17999268e-02+0.12061082j],
          [-6.44524569e-05-0.00035699j, -8.70437146e-03+0.00114631j,
            2.17999268e-02+0.12061082j,  9.41366246e-01-0.31421358j]],
         input_dims=(2, 2), output_dims=(2, 2))"
"Operator([[ 9.41366246e-01-3.14213578e-01j,
           -5.27382766e-02+1.10638514e-01j,
           -3.85418506e-03-7.88830522e-03j,
            3.60088612e-04+4.39544744e-05j],
          [ 8.81311401e-02+8.51769265e-02j,
            9.81660078e-01-3.43511799e-02j,
           -7.86047488e-02+1.17836728e-01j,
           -3.85418506e-03-7.88830522e-03j],
          [-1.68052327e-03+8.61718883e-03j,
            8.67322276e-02+1.11989828e-01j,
            9.81660078e-01-3.43511799e-02j,
           -5.27382766e-02+1.10638514e-01j],
          [-3.21984150e-04+1.67098808e-04j,
           -1.68052327e-03+8.61718883e-03j,
            8.81311401e-02+8.51769265e-02j,
            9.41366246e-01-3.14213578e-01j]],
         input_dims=(2, 2), output_dims=(2, 2))"
"Operator([[ 9.41366246e-01-3.14213578e-01j,
           -5.90374455e-02+1.07409435e-01j,
           -2.91923598e-03-8.27998569e-03j,
            3.47117190e-04+1.05382449e-04j],
          [ 9.29013940e-02+7.99470928e-02j,
            9.81660078e-01-3.43511799e-02j,
           -8.52763293e-02+1.13102381e-01j,
           -2.91923598e-03-8.27998569e-03j],
          [-6.76046527e-04+8.75346005e-03j,
            9.30527140e-02+1.06796036e-01j,
            9.81660078e-01-3.43511799e-02j,
           -5.90374455e-02+1.07409435e-01j],
          [-2.88350926e-04+2.20112580e-04j,
           -6.76046527e-04+8.75346005e-03j,
            9.29013940e-02+7.99470928e-02j,
            9.41366246e-01-3.14213578e-01j]],
         input_dims=(2, 2), output_dims=(2, 2))"
"Operator([[ 9.41366246e-01-0.31421358j,  2.17999268e-02+0.12061082j,
           -8.70437146e-03+0.00114631j, -6.44524569e-05-0.00035699j],
          [ 2.17999268e-02+0.12061082j,  9.81660078e-01-0.03435118j,
            5.00604995e-03+0.14155967j, -8.70437146e-03+0.00114631j],
          [-8.70437146e-03+0.00114631j,  5.00604995e-03+0.14155967j,
            9.81660078e-01-0.03435118j,  2.17999268e-02+0.12061082j],
          [-6.44524569e-05-0.00035699j, -8.70437146e-03+0.00114631j,
            2.17999268e-02+0.12061082j,  9.41366246e-01-0.31421358j]],
         input_dims=(2, 2), output_dims=(2, 2))"
"Operator([[ 9.41366246e-01-0.31421358j,  2.17999268e-02+0.12061082j,
           -8.70437146e-03+0.00114631j, -6.44524569e-05-0.00035699j],
          [ 2.17999268e-02+0.12061082j,  9.81660078e-01-0.03435118j,
            5.00604995e-03+0.14155967j, -8.70437146e-03+0.00114631j],
          [-8.70437146e-03+0.00114631j,  5.00604995e-03+0.14155967j,
            9.81660078e-01-0.03435118j,  2.17999268e-02+0.12061082j],
          [-6.44524569e-05-0.00035699j, -8.70437146e-03+0.00114631j,
            2.17999268e-02+0.12061082j,  9.41366246e-01-0.31421358j]],
         input_dims=(2, 2), output_dims=(2, 2))"
"Operator([[ 9.41366246e-01-3.14213578e-01j,
           -7.55917867e-02+9.64784351e-02j,
           -1.30773214e-04-8.77855342e-03j,
            2.57676551e-04+2.55340164e-04j],
          [ 1.04581859e-01+6.39127640e-02j,
            9.81660078e-01-3.43511799e-02j,
           -1.02405388e-01+9.78638719e-02j,
           -1.30773214e-04-8.77855342e-03j],
          [ 2.14642126e-03+8.51310622e-03j,
            1.09062555e-01+9.03856185e-02j,
            9.81660078e-01-3.43511799e-02j,
           -7.55917867e-02+9.64784351e-02j],
          [-1.52118369e-04+3.29326291e-04j,
            2.14642126e-03+8.51310622e-03j,
            1.04581859e-01+6.39127640e-02j,
            9.41366246e-01-3.14213578e-01j]],
         input_dims=(2, 2), output_dims=(2, 2))"
"Operator([[ 9.41366246e-01-3.14213578e-01j,
           -7.66253667e-02+9.56596040e-02j,
            5.81327190e-05-8.77933496e-03j,
            2.49302456e-04+2.63522465e-04j],
          [ 1.05263406e-01+6.27839304e-02j,
            9.81660078e-01-3.43511799e-02j,
           -1.03452322e-01+9.67564888e-02j,
            5.81327190e-05-8.77933496e-03j],
          [ 2.32908880e-03+8.46495405e-03j,
            1.10028649e-01+8.92070477e-02j,
            9.81660078e-01-3.43511799e-02j,
           -7.66253667e-02+9.56596040e-02j],
          [-1.41411699e-04+3.34063670e-04j,
            2.32908880e-03+8.46495405e-03j,
            1.05263406e-01+6.27839304e-02j,
            9.41366246e-01-3.14213578e-01j]],
         input_dims=(2, 2), output_dims=(2, 2))"
"Operator([[ 9.41366246e-01-3.14213578e-01j,
            1.16216676e-01-3.89344427e-02j,
            8.01707233e-03-3.57863842e-03j,
            2.96927453e-04-2.08398397e-04j],
          [-1.22492740e-01+4.21133654e-03j,
            9.81660078e-01-3.43511799e-02j,
            1.39364780e-01-2.53309891e-02j,
            8.01707233e-03-3.57863842e-03j],
          [ 8.67022761e-03+1.38103403e-03j,
           -1.40805991e-01-1.54231611e-02j,
            9.81660078e-01-3.43511799e-02j,
            1.16216676e-01-3.89344427e-02j],
          [-3.51055910e-04-9.14087098e-05j,
            8.67022761e-03+1.38103403e-03j,
           -1.22492740e-01+4.21133654e-03j,
            9.41366246e-01-3.14213578e-01j]],
         input_dims=(2, 2), output_dims=(2, 2))"
"Operator([[ 9.41366246e-01-3.14213578e-01j,
            5.87238496e-02-1.07581207e-01j,
           -2.96749636e-03-8.26281230e-03j,
           -3.48026180e-04-1.02340521e-04j],
          [-9.26677696e-02-8.02177731e-02j,
            9.81660078e-01-3.43511799e-02j,
            8.49460138e-02-1.13350676e-01j,
           -2.96749636e-03-8.26281230e-03j],
          [-7.27107602e-04+8.74936662e-03j,
           -9.27407628e-02-1.07067044e-01j,
            9.81660078e-01-3.43511799e-02j,
            5.87238496e-02-1.07581207e-01j],
          [ 2.90266259e-04-2.17580567e-04j,
           -7.27107602e-04+8.74936662e-03j,
           -9.26677696e-02-8.02177731e-02j,
            9.41366246e-01-3.14213578e-01j]],
         input_dims=(2, 2), output_dims=(2, 2))"
"Operator([[ 9.41366246e-01-0.31421358j,  2.17999268e-02+0.12061082j,
           -8.70437146e-03+0.00114631j, -6.44524569e-05-0.00035699j],
          [ 2.17999268e-02+0.12061082j,  9.81660078e-01-0.03435118j,
            5.00604995e-03+0.14155967j, -8.70437146e-03+0.00114631j],
          [-8.70437146e-03+0.00114631j,  5.00604995e-03+0.14155967j,
            9.81660078e-01-0.03435118j,  2.17999268e-02+0.12061082j],
          [-6.44524569e-05-0.00035699j, -8.70437146e-03+0.00114631j,
            2.17999268e-02+0.12061082j,  9.41366246e-01-0.31421358j]],
         input_dims=(2, 2), output_dims=(2, 2))"
