unitary
"Operator([[ 0.82465199-5.24388532e-01j, -0.15823775-1.38633282e-01j,
           -0.00699016+2.55895445e-02j,  0.00180606-6.68537592e-04j],
          [ 0.04666967-2.05134871e-01j,  0.94479879-5.53159953e-02j,
           -0.1371456 -2.01306765e-01j, -0.00699016+2.55895445e-02j],
          [-0.01758819-1.98580599e-02j,  0.11183131-2.16395676e-01j,
            0.94479879-5.53159953e-02j, -0.15823775-1.38633282e-01j],
          [-0.00185554+5.15532201e-04j, -0.01758819-1.98580599e-02j,
            0.04666967-2.05134871e-01j,  0.82465199-5.24388532e-01j]],
         input_dims=(2, 2), output_dims=(2, 2))"
"Operator([[ 8.24651986e-01-0.52438853j, -2.07293482e-01-0.03588573j,
            1.95648191e-02+0.01791382j, -7.99050877e-04-0.00175223j],
          [ 1.46713212e-01-0.15077668j,  9.44798788e-01-0.055316j  ,
           -2.21944189e-01-0.10036985j,  1.95648191e-02+0.01791382j],
          [ 9.62289588e-03-0.02472017j,  2.08198798e-01-0.12643809j,
            9.44798788e-01-0.055316j  , -2.07293482e-01-0.03588573j],
          [-3.78212583e-04-0.00188832j,  9.62289588e-03-0.02472017j,
            1.46713212e-01-0.15077668j,  8.24651986e-01-0.52438853j]],
         input_dims=(2, 2), output_dims=(2, 2))"
"Operator([[ 8.24651986e-01-0.52438853j,  6.49420862e-02+0.20010222j,
           -2.58339895e-02+0.00602429j, -5.92551551e-04-0.0018324j ],
          [ 6.49420862e-02+0.20010222j,  9.44798788e-01-0.055316j  ,
            1.47350671e-02+0.24313825j, -2.58339895e-02+0.00602429j],
          [-2.58339895e-02+0.00602429j,  1.47350671e-02+0.24313825j,
            9.44798788e-01-0.055316j  ,  6.49420862e-02+0.20010222j],
          [-5.92551551e-04-0.0018324j , -2.58339895e-02+0.00602429j,
            6.49420862e-02+0.20010222j,  8.24651986e-01-0.52438853j]],
         input_dims=(2, 2), output_dims=(2, 2))"
"Operator([[ 0.82465199-5.24388532e-01j, -0.00795751+2.10226192e-01j,
           -0.02359994-1.21132146e-02j,  0.00130169-1.41929954e-03j],
          [ 0.12989332+1.65487456e-01j,  0.94479879-5.53159953e-02j,
           -0.06991587+2.33334738e-01j, -0.02359994-1.21132146e-02j],
          [-0.01580759+2.13027509e-02j,  0.09758256+2.23183720e-01j,
            0.94479879-5.53159953e-02j, -0.00795751+2.10226192e-01j],
          [-0.00188625-3.88400370e-04j, -0.01580759+2.13027509e-02j,
            0.12989332+1.65487456e-01j,  0.82465199-5.24388532e-01j]],
         input_dims=(2, 2), output_dims=(2, 2))"
"Operator([[ 8.24651986e-01-0.52438853j,  6.49420862e-02+0.20010222j,
           -2.58339895e-02+0.00602429j, -5.92551551e-04-0.0018324j ],
          [ 6.49420862e-02+0.20010222j,  9.44798788e-01-0.055316j  ,
            1.47350671e-02+0.24313825j, -2.58339895e-02+0.00602429j],
          [-2.58339895e-02+0.00602429j,  1.47350671e-02+0.24313825j,
            9.44798788e-01-0.055316j  ,  6.49420862e-02+0.20010222j],
          [-5.92551551e-04-0.0018324j , -2.58339895e-02+0.00602429j,
            6.49420862e-02+0.20010222j,  8.24651986e-01-0.52438853j]],
         input_dims=(2, 2), output_dims=(2, 2))"
"Operator([[ 0.82465199-5.24388532e-01j,  0.17157595+1.21737701e-01j,
           -0.0016417 +2.64762515e-02j, -0.00151947+1.18321985e-03j],
          [-0.06738751+1.99291989e-01j,  0.94479879-5.53159953e-02j,
            0.15699863+1.86238446e-01j, -0.0016417 +2.64762515e-02j],
          [-0.01318364-2.30190931e-02j, -0.13335874+2.03835166e-01j,
            0.94479879-5.53159953e-02j,  0.17157595+1.21737701e-01j],
          [ 0.00192457+6.95036537e-05j, -0.01318364-2.30190931e-02j,
           -0.06738751+1.99291989e-01j,  0.82465199-5.24388532e-01j]],
         input_dims=(2, 2), output_dims=(2, 2))"
"Operator([[ 8.24651986e-01-0.52438853j,  1.92873497e-01+0.08401302j,
            9.11225396e-03+0.02491293j, -5.51266916e-04+0.00184524j],
          [-1.06779374e-01+0.18126373j,  9.44798788e-01-0.055316j  ,
            1.91816822e-01+0.15013206j,  9.11225396e-03+0.02491293j],
          [-2.84742943e-03-0.02637384j, -1.72282453e-01+0.17219781j,
            9.44798788e-01-0.055316j  ,  1.92873497e-01+0.08401302j],
          [ 1.52731434e-03+0.00117308j, -2.84742943e-03-0.02637384j,
           -1.06779374e-01+0.18126373j,  8.24651986e-01-0.52438853j]],
         input_dims=(2, 2), output_dims=(2, 2))"
"Operator([[ 8.24651986e-01-0.52438853j,  2.01722213e-01+0.05972037j,
            1.49036305e-02+0.02194468j,  1.51221856e-04+0.00191988j],
          [-1.28207185e-01+0.16679716j,  9.44798788e-01-0.055316j  ,
            2.08783806e-01+0.12546973j,  1.49036305e-02+0.02194468j],
          [ 3.65952599e-03-0.02627346j, -1.92103577e-01+0.14976497j,
            9.44798788e-01-0.055316j  ,  2.01722213e-01+0.05972037j],
          [ 1.00154002e-03+0.00164491j,  3.65952599e-03-0.02627346j,
           -1.28207185e-01+0.16679716j,  8.24651986e-01-0.52438853j]],
         input_dims=(2, 2), output_dims=(2, 2))"
"Operator([[ 8.24651986e-01-0.52438853j,  2.02992499e-01+0.0552487j ,
            1.58585845e-02+0.02126482j,  2.78066899e-04+0.00190564j],
          [-1.31861297e-01+0.16392368j,  9.44798788e-01-0.055316j  ,
            2.11505110e-01+0.12082598j,  1.58585845e-02+0.02126482j],
          [ 4.81670252e-03-0.02608614j, -1.95365760e-01+0.14548384j,
            9.44798788e-01-0.055316j  ,  2.02992499e-01+0.0552487j ],
          [ 8.90377779e-04+0.00170764j,  4.81670252e-03-0.02608614j,
           -1.31861297e-01+0.16392368j,  8.24651986e-01-0.52438853j]],
         input_dims=(2, 2), output_dims=(2, 2))"
"Operator([[ 8.24651986e-01-0.52438853j,  6.49420862e-02+0.20010222j,
           -2.58339895e-02+0.00602429j, -5.92551551e-04-0.0018324j ],
          [ 6.49420862e-02+0.20010222j,  9.44798788e-01-0.055316j  ,
            1.47350671e-02+0.24313825j, -2.58339895e-02+0.00602429j],
          [-2.58339895e-02+0.00602429j,  1.47350671e-02+0.24313825j,
            9.44798788e-01-0.055316j  ,  6.49420862e-02+0.20010222j],
          [-5.92551551e-04-0.0018324j , -2.58339895e-02+0.00602429j,
            6.49420862e-02+0.20010222j,  8.24651986e-01-0.52438853j]],
         input_dims=(2, 2), output_dims=(2, 2))"
"Operator([[ 8.24651986e-01-0.52438853j,  6.49420862e-02+0.20010222j,
           -2.58339895e-02+0.00602429j, -5.92551551e-04-0.0018324j ],
          [ 6.49420862e-02+0.20010222j,  9.44798788e-01-0.055316j  ,
            1.47350671e-02+0.24313825j, -2.58339895e-02+0.00602429j],
          [-2.58339895e-02+0.00602429j,  1.47350671e-02+0.24313825j,
            9.44798788e-01-0.055316j  ,  6.49420862e-02+0.20010222j],
          [-5.92551551e-04-0.0018324j , -2.58339895e-02+0.00602429j,
            6.49420862e-02+0.20010222j,  8.24651986e-01-0.52438853j]],
         input_dims=(2, 2), output_dims=(2, 2))"
"Operator([[ 8.24651986e-01-0.52438853j,  1.89781503e-01+0.09078191j,
            7.32834561e-03+0.02549475j, -7.43623188e-04+0.00177646j],
          [-1.00301730e-01+0.18492684j,  9.44798788e-01-0.055316j  ,
            1.86387025e-01+0.15682221j,  7.32834561e-03+0.02549475j],
          [-4.70469075e-03-0.02610657j, -1.66084468e-01+0.17818327j,
            9.44798788e-01-0.055316j  ,  1.89781503e-01+0.09078191j],
          [ 1.64298045e-03+0.0010047j , -4.70469075e-03-0.02610657j,
           -1.00301730e-01+0.18492684j,  8.24651986e-01-0.52438853j]],
         input_dims=(2, 2), output_dims=(2, 2))"
