unitary
"Operator([[ 7.92720502e-01-0.56435937j, -8.51787645e-02-0.21175933j,
           -2.97570717e-02+0.01017705j,  1.10853556e-03+0.0022336j ],
          [-6.80657609e-02-0.21786346j,  9.34626018e-01-0.05889908j,
           -2.78265995e-02-0.26295302j, -2.97570717e-02+0.01017705j],
          [-3.09943744e-02+0.00532958j, -6.82340455e-03-0.26433322j,
            9.34626018e-01-0.05889908j, -8.51787645e-02-0.21175933j],
          [ 5.48580898e-04+0.00243246j, -3.09943744e-02+0.00532958j,
           -6.80657609e-02-0.21786346j,  7.92720502e-01-0.56435937j]],
         input_dims=(2, 2), output_dims=(2, 2))"
"Operator([[ 7.92720502e-01-0.56435937j, -1.19657268e-01-0.19436969j,
           -2.46837019e-02+0.0194877j ,  2.05525731e-03+0.00141199j],
          [-3.03651149e-02-0.2262198j ,  9.34626018e-01-0.05889908j,
           -7.17559122e-02-0.25449892j, -2.46837019e-02+0.0194877j ],
          [-3.10039501e-02-0.00527359j,  3.78344643e-02-0.26170052j,
            9.34626018e-01-0.05889908j, -1.19657268e-01-0.19436969j],
          [-7.04287541e-04+0.00239203j, -3.10039501e-02-0.00527359j,
           -3.03651149e-02-0.2262198j ,  7.92720502e-01-0.56435937j]],
         input_dims=(2, 2), output_dims=(2, 2))"
"Operator([[ 0.7927205 -0.56435937j, -0.0059709 -0.22817052j,
           -0.02917047-0.01175327j, -0.00142468+0.00204648j],
          [-0.13977924-0.18044168j,  0.93462602-0.05889908j,
            0.06563535-0.25614569j, -0.02917047-0.01175327j],
          [-0.01996901+0.02429598j, -0.0985908 -0.24535375j,
            0.93462602-0.05889908j, -0.0059709 -0.22817052j],
          [ 0.00239634+0.00068948j, -0.01996901+0.02429598j,
           -0.13977924-0.18044168j,  0.7927205 -0.56435937j]],
         input_dims=(2, 2), output_dims=(2, 2))"
"Operator([[ 7.92720502e-01-5.64359367e-01j,
            7.34598461e-02-2.16104345e-01j,
           -1.45255593e-02-2.78937950e-02j,
           -2.48137939e-03-2.46104734e-04j],
          [-1.93642824e-01-1.20830020e-01j,
            9.34626018e-01-5.88990813e-02j,
            1.50323478e-01-2.17534970e-01j,
           -1.45255593e-02-2.78937950e-02j],
          [ 6.20022622e-04+3.14431431e-02j,
           -1.77497960e-01-1.95992564e-01j,
            9.34626018e-01-5.88990813e-02j,
            7.34598461e-02-2.16104345e-01j],
          [ 1.77032353e-03-1.75606543e-03j,
            6.20022622e-04+3.14431431e-02j,
           -1.93642824e-01-1.20830020e-01j,
            7.92720502e-01-5.64359367e-01j]],
         input_dims=(2, 2), output_dims=(2, 2))"
"Operator([[ 7.92720502e-01-0.56435937j,  7.66830245e-02+0.21498175j,
           -3.04722668e-02+0.00777796j, -8.34503107e-04-0.00234977j],
          [ 7.66830245e-02+0.21498175j,  9.34626018e-01-0.05889908j,
            1.73387408e-02+0.26385219j, -3.04722668e-02+0.00777796j],
          [-3.04722668e-02+0.00777796j,  1.73387408e-02+0.26385219j,
            9.34626018e-01-0.05889908j,  7.66830245e-02+0.21498175j],
          [-8.34503107e-04-0.00234977j, -3.04722668e-02+0.00777796j,
            7.66830245e-02+0.21498175j,  7.92720502e-01-0.56435937j]],
         input_dims=(2, 2), output_dims=(2, 2))"
"Operator([[ 0.7927205 -5.64359367e-01j,  0.03048371-2.26203847e-01j,
           -0.02398767-2.03383173e-02j, -0.00220912+1.15655187e-03j],
          [-0.16675987-1.55847949e-01j,  0.93462602-5.88990813e-02j,
            0.10563421-2.42404673e-01j, -0.02398767-2.03383173e-02j],
          [-0.01130568+2.93468441e-02j, -0.13644751-2.26496554e-01j,
            0.93462602-5.88990813e-02j,  0.03048371-2.26203847e-01j],
          [ 0.00244375-4.95879410e-04j, -0.01130568+2.93468441e-02j,
           -0.16675987-1.55847949e-01j,  0.7927205 -5.64359367e-01j]],
         input_dims=(2, 2), output_dims=(2, 2))"
"Operator([[ 0.7927205 -0.56435937j, -0.00599341-0.22816993j,
           -0.02917279-0.01174751j, -0.00142408+0.0020469j ],
          [-0.13976143-0.18045547j,  0.93462602-0.05889908j,
            0.06561007-0.25615216j, -0.02917279-0.01174751j],
          [-0.0199738 +0.02429203j, -0.09856659-0.24536348j,
            0.93462602-0.05889908j, -0.00599341-0.22816993j],
          [ 0.00239613+0.00069019j, -0.0199738 +0.02429203j,
           -0.13976143-0.18045547j,  0.7927205 -0.56435937j]],
         input_dims=(2, 2), output_dims=(2, 2))"
"Operator([[ 7.92720502e-01-0.56435937j, -6.26915052e-02-0.2194703j ,
           -3.12187971e-02+0.00380031j,  3.67911527e-04+0.00246626j],
          [-9.03567429e-02-0.20960223j,  9.34626018e-01-0.05889908j,
           -3.25710898e-04-0.26442108j, -3.12187971e-02+0.00380031j],
          [-2.92211096e-02+0.0116268j , -3.42799131e-02-0.26218981j,
            9.34626018e-01-0.05889908j, -6.26915052e-02-0.2194703j ],
          [ 1.27005441e-03+0.00214587j, -2.92211096e-02+0.0116268j ,
           -9.03567429e-02-0.20960223j,  7.92720502e-01-0.56435937j]],
         input_dims=(2, 2), output_dims=(2, 2))"
"Operator([[ 0.7927205 -5.64359367e-01j, -0.15850938-1.64232194e-01j,
           -0.01426546+2.80277078e-02j,  0.00249096-1.13605524e-04j],
          [ 0.01878956-2.27473931e-01j,  0.93462602-5.88990813e-02j,
           -0.12459757-2.33225336e-01j, -0.01426546+2.80277078e-02j],
          [-0.02595315-1.77620236e-02j,  0.09300562-2.47524878e-01j,
            0.93462602-5.88990813e-02j, -0.15850938-1.64232194e-01j],
          [-0.00200464+1.48297609e-03j, -0.02595315-1.77620236e-02j,
            0.01878956-2.27473931e-01j,  0.7927205 -5.64359367e-01j]],
         input_dims=(2, 2), output_dims=(2, 2))"
"Operator([[ 7.92720502e-01-0.56435937j,  7.66830245e-02+0.21498175j,
           -3.04722668e-02+0.00777796j, -8.34503107e-04-0.00234977j],
          [ 7.66830245e-02+0.21498175j,  9.34626018e-01-0.05889908j,
            1.73387408e-02+0.26385219j, -3.04722668e-02+0.00777796j],
          [-3.04722668e-02+0.00777796j,  1.73387408e-02+0.26385219j,
            9.34626018e-01-0.05889908j,  7.66830245e-02+0.21498175j],
          [-8.34503107e-04-0.00234977j, -3.04722668e-02+0.00777796j,
            7.66830245e-02+0.21498175j,  7.92720502e-01-0.56435937j]],
         input_dims=(2, 2), output_dims=(2, 2))"
"Operator([[ 7.92720502e-01-0.56435937j,  7.66830245e-02+0.21498175j,
           -3.04722668e-02+0.00777796j, -8.34503107e-04-0.00234977j],
          [ 7.66830245e-02+0.21498175j,  9.34626018e-01-0.05889908j,
            1.73387408e-02+0.26385219j, -3.04722668e-02+0.00777796j],
          [-3.04722668e-02+0.00777796j,  1.73387408e-02+0.26385219j,
            9.34626018e-01-0.05889908j,  7.66830245e-02+0.21498175j],
          [-8.34503107e-04-0.00234977j, -3.04722668e-02+0.00777796j,
            7.66830245e-02+0.21498175j,  7.92720502e-01-0.56435937j]],
         input_dims=(2, 2), output_dims=(2, 2))"
