unitary
"Operator([[ 0.6959921 +0.23858773j, -0.41097686-0.21575889j,
            0.07047463+0.25567815j, -0.0214674 +0.41523267j],
          [-0.41097686-0.21575889j, -0.17174122+0.0355456j ,
           -0.33326842+0.75655915j,  0.07047463+0.25567815j],
          [ 0.07047463+0.25567815j, -0.33326842+0.75655915j,
           -0.17174122+0.0355456j , -0.41097686-0.21575889j],
          [-0.0214674 +0.41523267j,  0.07047463+0.25567815j,
           -0.41097686-0.21575889j,  0.6959921 +0.23858773j]],
         input_dims=(2, 2), output_dims=(2, 2))"
"Operator([[ 0.6959921 +0.23858773j,  0.12690048+0.44648645j,
           -0.25888559+0.05758679j,  0.2544732 +0.32881972j],
          [ 0.43957388-0.14909287j, -0.17174122+0.0355456j ,
            0.77787713-0.27992279j, -0.25888559+0.05758679j],
          [ 0.25182955-0.08318574j, -0.31851303-0.76288862j,
           -0.17174122+0.0355456j ,  0.12690048+0.44648645j],
          [-0.2870256 +0.3008244j ,  0.25182955-0.08318574j,
            0.43957388-0.14909287j,  0.6959921 +0.23858773j]],
         input_dims=(2, 2), output_dims=(2, 2))"
"Operator([[ 0.6959921 +0.23858773j, -0.41097686-0.21575889j,
            0.07047463+0.25567815j, -0.0214674 +0.41523267j],
          [-0.41097686-0.21575889j, -0.17174122+0.0355456j ,
           -0.33326842+0.75655915j,  0.07047463+0.25567815j],
          [ 0.07047463+0.25567815j, -0.33326842+0.75655915j,
           -0.17174122+0.0355456j , -0.41097686-0.21575889j],
          [-0.0214674 +0.41523267j,  0.07047463+0.25567815j,
           -0.41097686-0.21575889j,  0.6959921 +0.23858773j]],
         input_dims=(2, 2), output_dims=(2, 2))"
"Operator([[ 0.6959921 +0.23858773j, -0.41097686-0.21575889j,
            0.07047463+0.25567815j, -0.0214674 +0.41523267j],
          [-0.41097686-0.21575889j, -0.17174122+0.0355456j ,
           -0.33326842+0.75655915j,  0.07047463+0.25567815j],
          [ 0.07047463+0.25567815j, -0.33326842+0.75655915j,
           -0.17174122+0.0355456j , -0.41097686-0.21575889j],
          [-0.0214674 +0.41523267j,  0.07047463+0.25567815j,
           -0.41097686-0.21575889j,  0.6959921 +0.23858773j]],
         input_dims=(2, 2), output_dims=(2, 2))"
