unitary
"Operator([[ 8.24651986e-01-0.52438853j,  6.49420862e-02+0.20010222j,
           -2.58339895e-02+0.00602429j, -5.92551551e-04-0.0018324j ],
          [ 6.49420862e-02+0.20010222j,  9.44798788e-01-0.055316j  ,
            1.47350671e-02+0.24313825j, -2.58339895e-02+0.00602429j],
          [-2.58339895e-02+0.00602429j,  1.47350671e-02+0.24313825j,
            9.44798788e-01-0.055316j  ,  6.49420862e-02+0.20010222j],
          [-5.92551551e-04-0.0018324j , -2.58339895e-02+0.00602429j,
            6.49420862e-02+0.20010222j,  8.24651986e-01-0.52438853j]],
         input_dims=(2, 2), output_dims=(2, 2))"
"Operator([[ 0.82465199-5.24388532e-01j,  0.13209328+1.63736801e-01j,
           -0.01523262+2.17176049e-02j, -0.0019003 -3.12483476e-04j],
          [-0.01076623+2.10101075e-01j,  0.94479879-5.53159953e-02j,
            0.10055644+2.21859710e-01j, -0.01523262+2.17176049e-02j],
          [-0.02326778-1.27396042e-02j, -0.07302788+2.32379555e-01j,
            0.94479879-5.53159953e-02j,  0.13209328+1.63736801e-01j],
          [ 0.00135753-1.36598477e-03j, -0.02326778-1.27396042e-02j,
           -0.01076623+2.10101075e-01j,  0.82465199-5.24388532e-01j]],
         input_dims=(2, 2), output_dims=(2, 2))"
"Operator([[ 8.24651986e-01-0.52438853j,  6.49420862e-02+0.20010222j,
           -2.58339895e-02+0.00602429j, -5.92551551e-04-0.0018324j ],
          [ 6.49420862e-02+0.20010222j,  9.44798788e-01-0.055316j  ,
            1.47350671e-02+0.24313825j, -2.58339895e-02+0.00602429j],
          [-2.58339895e-02+0.00602429j,  1.47350671e-02+0.24313825j,
            9.44798788e-01-0.055316j  ,  6.49420862e-02+0.20010222j],
          [-5.92551551e-04-0.0018324j , -2.58339895e-02+0.00602429j,
            6.49420862e-02+0.20010222j,  8.24651986e-01-0.52438853j]],
         input_dims=(2, 2), output_dims=(2, 2))"
"Operator([[ 8.24651986e-01-0.52438853j,  2.04203250e-01+0.05059057j,
            1.68146426e-02+0.02051718j,  4.08101839e-04+0.00188209j],
          [-1.35576719e-01+0.16086431j,  9.44798788e-01-0.055316j  ,
            2.14213784e-01+0.11595596j,  1.68146426e-02+0.02051718j],
          [ 6.00484531e-03-0.02583852j, -1.98642733e-01+0.14097657j,
            9.44798788e-01-0.055316j  ,  2.04203250e-01+0.05059057j],
          [ 7.71171169e-04+0.00176468j,  6.00484531e-03-0.02583852j,
           -1.35576719e-01+0.16086431j,  8.24651986e-01-0.52438853j]],
         input_dims=(2, 2), output_dims=(2, 2))"
"Operator([[ 8.24651986e-01-0.52438853j,  2.09082618e-01+0.02329876j,
            2.15822432e-02+0.01542381j,  1.10193398e-03+0.00157941j],
          [-1.55552891e-01+0.14163923j,  9.44798788e-01-0.055316j  ,
            2.27601698e-01+0.08678016j,  2.15822432e-02+0.01542381j],
          [ 1.25336363e-02-0.02337937j, -2.15456044e-01+0.11363108j,
            9.44798788e-01-0.055316j  ,  2.09082618e-01+0.02329876j],
          [ 3.14881706e-05+0.00192557j,  1.25336363e-02-0.02337937j,
           -1.55552891e-01+0.14163923j,  8.24651986e-01-0.52438853j]],
         input_dims=(2, 2), output_dims=(2, 2))"
"Operator([[ 8.24651986e-01-0.52438853j,  6.49420862e-02+0.20010222j,
           -2.58339895e-02+0.00602429j, -5.92551551e-04-0.0018324j ],
          [ 6.49420862e-02+0.20010222j,  9.44798788e-01-0.055316j  ,
            1.47350671e-02+0.24313825j, -2.58339895e-02+0.00602429j],
          [-2.58339895e-02+0.00602429j,  1.47350671e-02+0.24313825j,
            9.44798788e-01-0.055316j  ,  6.49420862e-02+0.20010222j],
          [-5.92551551e-04-0.0018324j , -2.58339895e-02+0.00602429j,
            6.49420862e-02+0.20010222j,  8.24651986e-01-0.52438853j]],
         input_dims=(2, 2), output_dims=(2, 2))"
"Operator([[ 8.24651986e-01-0.52438853j,  2.08266501e-01+0.02972269j,
            2.05924055e-02+0.01672244j,  9.51593819e-04+0.0016743j ],
          [-1.51119953e-01+0.1463596j ,  9.44798788e-01-0.055316j  ,
            2.24823034e-01+0.09374398j,  2.05924055e-02+0.01672244j],
          [ 1.10714741e-02-0.02410621j, -2.11856739e-01+0.12020837j,
            9.44798788e-01-0.055316j  ,  2.08266501e-01+0.02972269j],
          [ 2.08919616e-04+0.00191446j,  1.10714741e-02-0.02410621j,
           -1.51119953e-01+0.1463596j ,  8.24651986e-01-0.52438853j]],
         input_dims=(2, 2), output_dims=(2, 2))"
"Operator([[ 8.24651986e-01-0.52438853j,  2.06069300e-01+0.04235348j,
            1.84061774e-02+0.01910235j,  6.31288425e-04+0.00181942j],
          [-1.41924249e-01+0.15529289j,  9.44798788e-01-0.055316j  ,
            2.18695409e-01+0.10726438j,  1.84061774e-02+0.01910235j],
          [ 8.05804258e-03-0.0252736j , -2.04141185e-01+0.13288983j,
            9.44798788e-01-0.055316j  ,  2.06069300e-01+0.04235348j],
          [ 5.53548009e-04+0.00184455j,  8.05804258e-03-0.0252736j ,
           -1.41924249e-01+0.15529289j,  8.24651986e-01-0.52438853j]],
         input_dims=(2, 2), output_dims=(2, 2))"
