unitary
"Operator([[ 8.60421815e-01-0.47311191j, -3.69131508e-02-0.1844776j ,
           -2.10301766e-02+0.00086749j,  4.65446531e-05+0.00135577j],
          [-6.62602673e-02-0.17607993j,  9.56148263e-01-0.05048357j,
            5.88605234e-03-0.21762279j, -2.10301766e-02+0.00086749j],
          [-1.96533293e-02+0.00753442j, -2.93845260e-02-0.21571016j,
            9.56148263e-01-0.05048357j, -3.69131508e-02-0.1844776j ],
          [ 6.75943067e-04+0.00117618j, -1.96533293e-02+0.00753442j,
           -6.62602673e-02-0.17607993j,  8.60421815e-01-0.47311191j]],
         input_dims=(2, 2), output_dims=(2, 2))"
"Operator([[ 8.60421815e-01-0.47311191j, -9.32124327e-02-0.16341972j,
           -1.63269893e-02+0.01328346j,  1.13926536e-03+0.00073645j],
          [-7.34364610e-03-0.18799105j,  9.56148263e-01-0.05048357j,
           -6.30515078e-02-0.20837186j, -1.63269893e-02+0.01328346j],
          [-2.02534042e-02-0.00572892j,  4.01491515e-02-0.21396815j,
            9.56148263e-01-0.05048357j, -9.32124327e-02-0.16341972j],
          [-5.79061273e-04+0.00122678j, -2.02534042e-02-0.00572892j,
           -7.34364610e-03-0.18799105j,  8.60421815e-01-0.47311191j]],
         input_dims=(2, 2), output_dims=(2, 2))"
"Operator([[ 8.60421815e-01-0.47311191j,  5.17573063e-02+0.18087494j,
           -2.06130761e-02+0.00425699j, -3.72237781e-04-0.0013045j ],
          [ 5.17573063e-02+0.18087494j,  9.56148263e-01-0.05048357j,
            1.17880916e-02+0.21738299j, -2.06130761e-02+0.00425699j],
          [-2.06130761e-02+0.00425699j,  1.17880916e-02+0.21738299j,
            9.56148263e-01-0.05048357j,  5.17573063e-02+0.18087494j],
          [-3.72237781e-04-0.0013045j , -2.06130761e-02+0.00425699j,
            5.17573063e-02+0.18087494j,  8.60421815e-01-0.47311191j]],
         input_dims=(2, 2), output_dims=(2, 2))"
"Operator([[ 8.60421815e-01-0.47311191j,  5.17573063e-02+0.18087494j,
           -2.06130761e-02+0.00425699j, -3.72237781e-04-0.0013045j ],
          [ 5.17573063e-02+0.18087494j,  9.56148263e-01-0.05048357j,
            1.17880916e-02+0.21738299j, -2.06130761e-02+0.00425699j],
          [-2.06130761e-02+0.00425699j,  1.17880916e-02+0.21738299j,
            9.56148263e-01-0.05048357j,  5.17573063e-02+0.18087494j],
          [-3.72237781e-04-0.0013045j , -2.06130761e-02+0.00425699j,
            5.17573063e-02+0.18087494j,  8.60421815e-01-0.47311191j]],
         input_dims=(2, 2), output_dims=(2, 2))"
"Operator([[ 8.60421815e-01-0.47311191j, -1.86735311e-01-0.0229017j ,
            1.73976432e-02+0.01184664j, -8.17250561e-04-0.00108277j],
          [ 1.46354728e-01-0.1182153j ,  9.56148263e-01-0.05048357j,
           -2.04759174e-01-0.07394595j,  1.73976432e-02+0.01184664j],
          [ 1.12813717e-02-0.0177694j ,  1.95562211e-01-0.0956543j ,
            9.56148263e-01-0.05048357j, -1.86735311e-01-0.0229017j ],
          [ 1.22776856e-04-0.00135101j,  1.12813717e-02-0.0177694j ,
            1.46354728e-01-0.1182153j ,  8.60421815e-01-0.47311191j]],
         input_dims=(2, 2), output_dims=(2, 2))"
"Operator([[ 0.86042181-4.73111906e-01j, -0.17794422+6.10771415e-02j,
            0.02006059-6.37130151e-03j, -0.00123094+5.70157783e-04j],
          [ 0.1833179 -4.22978973e-02j,  0.95614826-5.04835675e-02j,
           -0.21647793+2.30570333e-02j,  0.02006059-6.37130151e-03j],
          [ 0.02094336-2.09678965e-03j,  0.21770183-4.87360917e-04j,
            0.95614826-5.04835675e-02j, -0.17794422+6.10771415e-02j],
          [ 0.00134646-1.65299698e-04j,  0.02094336-2.09678965e-03j,
            0.1833179 -4.22978973e-02j,  0.86042181-4.73111906e-01j]],
         input_dims=(2, 2), output_dims=(2, 2))"
"Operator([[ 0.86042181-4.73111906e-01j, -0.17587137+6.68118739e-02j,
            0.01960571-7.65748227e-03j, -0.00116977+6.86973402e-04j],
          [ 0.1845924 -3.63347143e-02j,  0.95614826-5.04835675e-02j,
           -0.21561699+3.00605370e-02j,  0.01960571-7.65748227e-03j],
          [ 0.0210352 -7.35633798e-04j,  0.21760327+6.56817396e-03j,
            0.95614826-5.04835675e-02j, -0.17587137+6.68118739e-02j],
          [ 0.00135615-3.37935182e-05j,  0.0210352 -7.35633798e-04j,
            0.1845924 -3.63347143e-02j,  0.86042181-4.73111906e-01j]],
         input_dims=(2, 2), output_dims=(2, 2))"
"Operator([[ 0.86042181-4.73111906e-01j, -0.13874584-1.27059660e-01j,
           -0.00553045+2.03084955e-02j,  0.00127006-4.76696485e-04j],
          [ 0.05053135-1.81221265e-01j,  0.95614826-5.04835675e-02j,
           -0.12378631-1.79084539e-01j, -0.00553045+2.03084955e-02j],
          [-0.01312305-1.64561946e-02j,  0.10369484-1.91420226e-01j,
            0.95614826-5.04835675e-02j, -0.13874584-1.27059660e-01j],
          [-0.00133037+2.65331995e-04j, -0.01312305-1.64561946e-02j,
            0.05053135-1.81221265e-01j,  0.86042181-4.73111906e-01j]],
         input_dims=(2, 2), output_dims=(2, 2))"
"Operator([[ 8.60421815e-01-4.73111906e-01j,
           -1.58770657e-01-1.00927908e-01j,
            1.77765563e-03+2.09728588e-02j,
            8.59405328e-04-1.04962478e-03j],
          [ 8.13483439e-02-1.69637882e-01j,
            9.56148263e-01-5.04835675e-02j,
           -1.53109212e-01-1.54763988e-01j,
            1.77765563e-03+2.09728588e-02j],
          [-6.67601252e-03-1.99612556e-02j,
            1.35475734e-01-1.70413169e-01j,
            9.56148263e-01-5.04835675e-02j,
           -1.58770657e-01-1.00927908e-01j],
          [-1.28390635e-03-4.38034444e-04j,
           -6.67601252e-03-1.99612556e-02j,
            8.13483439e-02-1.69637882e-01j,
            8.60421815e-01-4.73111906e-01j]],
         input_dims=(2, 2), output_dims=(2, 2))"
