unitary
"Operator([[ 0.5190507 -0.78013744j,  0.17604954+0.2920082j ,
           -0.06926937+0.02867646j, -0.00482954-0.0081112j ],
          [ 0.17604954+0.2920082j ,  0.84563433-0.07266066j,
            0.03848421+0.39529628j, -0.06926937+0.02867646j],
          [-0.06926937+0.02867646j,  0.03848421+0.39529628j,
            0.84563433-0.07266066j,  0.17604954+0.2920082j ],
          [-0.00482954-0.0081112j , -0.06926937+0.02867646j,
            0.17604954+0.2920082j ,  0.5190507 -0.78013744j]],
         input_dims=(2, 2), output_dims=(2, 2))"
"Operator([[ 0.5190507 -0.78013744j,  0.23745633-0.24469721j,
            0.0461166 -0.05910875j,  0.00242816-0.00912251j],
          [-0.32724961+0.09575974j,  0.84563433-0.07266066j,
            0.37241148-0.13802128j,  0.0461166 -0.05910875j],
          [ 0.07440197+0.00921591j, -0.39204018-0.06359782j,
            0.84563433-0.07266066j,  0.23745633-0.24469721j],
          [-0.0091772 -0.0022125j ,  0.07440197+0.00921591j,
           -0.32724961+0.09575974j,  0.5190507 -0.78013744j]],
         input_dims=(2, 2), output_dims=(2, 2))"
"Operator([[ 0.5190507 -0.78013744j,  0.17604954+0.2920082j ,
           -0.06926937+0.02867646j, -0.00482954-0.0081112j ],
          [ 0.17604954+0.2920082j ,  0.84563433-0.07266066j,
            0.03848421+0.39529628j, -0.06926937+0.02867646j],
          [-0.06926937+0.02867646j,  0.03848421+0.39529628j,
            0.84563433-0.07266066j,  0.17604954+0.2920082j ],
          [-0.00482954-0.0081112j , -0.06926937+0.02867646j,
            0.17604954+0.2920082j ,  0.5190507 -0.78013744j]],
         input_dims=(2, 2), output_dims=(2, 2))"
"Operator([[ 0.5190507 -0.78013744j,  0.13412851-0.31348329j,
           -0.00521549-0.07478893j, -0.00701767-0.00631414j],
          [-0.33984307-0.0277294j ,  0.84563433-0.07266066j,
            0.29832708-0.26218532j, -0.00521549-0.07478893j],
          [ 0.04917375+0.05659088j, -0.34329602-0.19971988j,
            0.84563433-0.07266066j,  0.13412851-0.31348329j],
          [-0.00220692-0.00917854j,  0.04917375+0.05659088j,
           -0.33984307-0.0277294j ,  0.5190507 -0.78013744j]],
         input_dims=(2, 2), output_dims=(2, 2))"
"Operator([[ 0.5190507 -0.78013744j,  0.17604954+0.2920082j ,
           -0.06926937+0.02867646j, -0.00482954-0.0081112j ],
          [ 0.17604954+0.2920082j ,  0.84563433-0.07266066j,
            0.03848421+0.39529628j, -0.06926937+0.02867646j],
          [-0.06926937+0.02867646j,  0.03848421+0.39529628j,
            0.84563433-0.07266066j,  0.17604954+0.2920082j ],
          [-0.00482954-0.0081112j , -0.06926937+0.02867646j,
            0.17604954+0.2920082j ,  0.5190507 -0.78013744j]],
         input_dims=(2, 2), output_dims=(2, 2))"
"Operator([[ 0.5190507 -0.78013744j, -0.07170506+0.33334759j,
           -0.03291023-0.06736098j,  0.00932634+0.00146133j],
          [ 0.32826846+0.09220658j,  0.84563433-0.07266066j,
           -0.24268313+0.31439638j, -0.03291023-0.06736098j],
          [ 0.02433266+0.07091197j,  0.29876756+0.26168326j,
            0.84563433-0.07266066j, -0.07170506+0.33334759j],
          [-0.00315962+0.00889567j,  0.02433266+0.07091197j,
            0.32826846+0.09220658j,  0.5190507 -0.78013744j]],
         input_dims=(2, 2), output_dims=(2, 2))"
"Operator([[ 0.5190507 -0.78013744j, -0.16231785+0.29985855j,
            0.00853472-0.07448318j,  0.00503486+0.00798538j],
          [ 0.34095389-0.0035602j ,  0.84563433-0.07266066j,
           -0.3211188 +0.23371544j,  0.00853472-0.07448318j],
          [ 0.0586843 +0.04665553j,  0.36016841+0.16738849j,
            0.84563433-0.07266066j, -0.16231785+0.29985855j],
          [ 0.00462107+0.00823175j,  0.0586843 +0.04665553j,
            0.34095389-0.0035602j ,  0.5190507 -0.78013744j]],
         input_dims=(2, 2), output_dims=(2, 2))"
