unitary
"Operator([[ 0.6967498 -0.66116202j, -0.25169006+0.10899848j,
            0.04457987-0.0129689j , -0.00418655+0.00169088j],
          [ 0.24919796-0.11458154j,  0.90380399-0.06663156j,
           -0.31757482+0.02146423j,  0.04457987-0.0129689j ],
          [ 0.04395756-0.01494288j,  0.31701748-0.02853761j,
            0.90380399-0.06663156j, -0.25169006+0.10899848j],
          [ 0.0040642 -0.00196687j,  0.04395756-0.01494288j,
            0.24919796-0.11458154j,  0.6967498 -0.66116202j]],
         input_dims=(2, 2), output_dims=(2, 2))"
"Operator([[ 0.6967498 -0.66116202j, -0.16350621+0.22021415j,
            0.01107306-0.04508818j,  0.00168886+0.00418737j],
          [ 0.27310662+0.02532448j,  0.90380399-0.06663156j,
           -0.2643243 +0.17733342j,  0.01107306-0.04508818j],
          [ 0.03492954+0.03058568j,  0.28883554+0.13374794j,
            0.90380399-0.06663156j, -0.16350621+0.22021415j],
          [ 0.00196884+0.00406325j,  0.03492954+0.03058568j,
            0.27310662+0.02532448j,  0.6967498 -0.66116202j]],
         input_dims=(2, 2), output_dims=(2, 2))"
"Operator([[ 0.6967498 -0.66116202j, -0.11082816+0.25088976j,
           -0.00943313-0.04545958j,  0.00391989+0.00224071j],
          [ 0.26076792+0.08502143j,  0.90380399-0.06663156j,
           -0.21862755+0.23133628j, -0.00943313-0.04545958j],
          [ 0.01834389+0.04265042j,  0.25216034+0.19424119j,
            0.90380399-0.06663156j, -0.11082816+0.25088976j],
          [-0.00097178+0.0044093j ,  0.01834389+0.04265042j,
            0.26076792+0.08502143j,  0.6967498 -0.66116202j]],
         input_dims=(2, 2), output_dims=(2, 2))"
"Operator([[ 0.6967498 -0.66116202j,  0.11179695+0.25045957j,
           -0.04427972+0.01395935j, -0.0018299 -0.00412768j],
          [ 0.11179695+0.25045957j,  0.90380399-0.06663156j,
            0.02500247+0.31731586j, -0.04427972+0.01395935j],
          [-0.04427972+0.01395935j,  0.02500247+0.31731586j,
            0.90380399-0.06663156j,  0.11179695+0.25045957j],
          [-0.0018299 -0.00412768j, -0.04427972+0.01395935j,
            0.11179695+0.25045957j,  0.6967498 -0.66116202j]],
         input_dims=(2, 2), output_dims=(2, 2))"
"Operator([[ 6.96749798e-01-0.66116202j, -1.97231072e-01+0.19060025j,
            2.49936774e-02-0.03912637j, -4.87073674e-04+0.00448877j],
          [ 2.73580287e-01-0.01955453j,  9.03803987e-01-0.06663156j,
           -2.89706134e-01+0.13185156j,  2.49936774e-02-0.03912637j],
          [ 4.29141409e-02+0.01771817j,  3.06781011e-01+0.08485217j,
            9.03803987e-01-0.06663156j, -1.97231072e-01+0.19060025j],
          [ 3.65330039e-03+0.00265324j,  4.29141409e-02+0.01771817j,
            2.73580287e-01-0.01955453j,  6.96749798e-01-0.66116202j]],
         input_dims=(2, 2), output_dims=(2, 2))"
"Operator([[ 0.6967498 -0.66116202j,  0.11179695+0.25045957j,
           -0.04427972+0.01395935j, -0.0018299 -0.00412768j],
          [ 0.11179695+0.25045957j,  0.90380399-0.06663156j,
            0.02500247+0.31731586j, -0.04427972+0.01395935j],
          [-0.04427972+0.01395935j,  0.02500247+0.31731586j,
            0.90380399-0.06663156j,  0.11179695+0.25045957j],
          [-0.0018299 -0.00412768j, -0.04427972+0.01395935j,
            0.11179695+0.25045957j,  0.6967498 -0.66116202j]],
         input_dims=(2, 2), output_dims=(2, 2))"
"Operator([[ 0.6967498 -0.66116202j, -0.24163268+0.12977751j,
            0.04177595-0.02025654j, -0.00363117+0.00268344j],
          [ 0.25795068-0.09322015j,  0.90380399-0.06663156j,
           -0.314645  +0.04809369j,  0.04177595-0.02025654j],
          [ 0.04584013-0.00736477j,  0.31829439-0.00177791j,
            0.90380399-0.06663156j, -0.24163268+0.12977751j],
          [ 0.00442677-0.00088884j,  0.04584013-0.00736477j,
            0.25795068-0.09322015j,  0.6967498 -0.66116202j]],
         input_dims=(2, 2), output_dims=(2, 2))"
"Operator([[ 6.96749798e-01-0.66116202j,  2.00781862e-01-0.18685609j,
            2.64478667e-02-0.03815845j,  7.39515448e-04-0.00445415j],
          [-2.73163998e-01+0.02469783j,  9.03803987e-01-0.06663156j,
            2.92135340e-01-0.12637809j,  2.64478667e-02-0.03815845j],
          [ 4.35502982e-02+0.01609125j, -3.08323012e-01-0.07906579j,
            9.03803987e-01-0.06663156j,  2.00781862e-01-0.18685609j],
          [-3.79715581e-03-0.00244293j,  4.35502982e-02+0.01609125j,
           -2.73163998e-01+0.02469783j,  6.96749798e-01-0.66116202j]],
         input_dims=(2, 2), output_dims=(2, 2))"
"Operator([[ 0.6967498 -0.66116202j,  0.11179695+0.25045957j,
           -0.04427972+0.01395935j, -0.0018299 -0.00412768j],
          [ 0.11179695+0.25045957j,  0.90380399-0.06663156j,
            0.02500247+0.31731586j, -0.04427972+0.01395935j],
          [-0.04427972+0.01395935j,  0.02500247+0.31731586j,
            0.90380399-0.06663156j,  0.11179695+0.25045957j],
          [-0.0018299 -0.00412768j, -0.04427972+0.01395935j,
            0.11179695+0.25045957j,  0.6967498 -0.66116202j]],
         input_dims=(2, 2), output_dims=(2, 2))"
