unitary
"Operator([[ 0.41799516-0.69590732j, -0.38453529+0.13439726j,
           -0.0556621 +0.101363j  ,  0.3204985 +0.24283948j],
          [-0.38453529+0.13439726j, -0.53432411-0.26848623j,
           -0.25207072+0.6321159j , -0.0556621 +0.101363j  ],
          [-0.0556621 +0.101363j  , -0.25207072+0.6321159j ,
           -0.53432411-0.26848623j, -0.38453529+0.13439726j],
          [ 0.3204985 +0.24283948j, -0.0556621 +0.101363j  ,
           -0.38453529+0.13439726j,  0.41799516-0.69590732j]],
         input_dims=(2, 2), output_dims=(2, 2))"
"Operator([[ 0.41799516-0.69590732j, -0.38453529+0.13439726j,
           -0.0556621 +0.101363j  ,  0.3204985 +0.24283948j],
          [-0.38453529+0.13439726j, -0.53432411-0.26848623j,
           -0.25207072+0.6321159j , -0.0556621 +0.101363j  ],
          [-0.0556621 +0.101363j  , -0.25207072+0.6321159j ,
           -0.53432411-0.26848623j, -0.38453529+0.13439726j],
          [ 0.3204985 +0.24283948j, -0.0556621 +0.101363j  ,
           -0.38453529+0.13439726j,  0.41799516-0.69590732j]],
         input_dims=(2, 2), output_dims=(2, 2))"
"Operator([[ 0.41799516-0.69590732j, -0.38453529+0.13439726j,
           -0.0556621 +0.101363j  ,  0.3204985 +0.24283948j],
          [-0.38453529+0.13439726j, -0.53432411-0.26848623j,
           -0.25207072+0.6321159j , -0.0556621 +0.101363j  ],
          [-0.0556621 +0.101363j  , -0.25207072+0.6321159j ,
           -0.53432411-0.26848623j, -0.38453529+0.13439726j],
          [ 0.3204985 +0.24283948j, -0.0556621 +0.101363j  ,
           -0.38453529+0.13439726j,  0.41799516-0.69590732j]],
         input_dims=(2, 2), output_dims=(2, 2))"
"Operator([[ 0.41799516-0.69590732j, -0.38453529+0.13439726j,
           -0.0556621 +0.101363j  ,  0.3204985 +0.24283948j],
          [-0.38453529+0.13439726j, -0.53432411-0.26848623j,
           -0.25207072+0.6321159j , -0.0556621 +0.101363j  ],
          [-0.0556621 +0.101363j  , -0.25207072+0.6321159j ,
           -0.53432411-0.26848623j, -0.38453529+0.13439726j],
          [ 0.3204985 +0.24283948j, -0.0556621 +0.101363j  ,
           -0.38453529+0.13439726j,  0.41799516-0.69590732j]],
         input_dims=(2, 2), output_dims=(2, 2))"
