unitary
"Operator([[ 0.73851445+0.07252413j, -0.44584598-0.14932305j,
            0.0604977 +0.21912772j,  0.03974753+0.41833461j],
          [-0.44584598-0.14932305j, -0.22126601-0.0192958j ,
           -0.33535761+0.751965j  ,  0.0604977 +0.21912772j],
          [ 0.0604977 +0.21912772j, -0.33535761+0.751965j  ,
           -0.22126601-0.0192958j , -0.44584598-0.14932305j],
          [ 0.03974753+0.41833461j,  0.0604977 +0.21912772j,
           -0.44584598-0.14932305j,  0.73851445+0.07252413j]],
         input_dims=(2, 2), output_dims=(2, 2))"
"Operator([[ 0.73851445+0.07252413j, -0.19047552-0.42987799j,
           -0.22368845+0.04050196j, -0.28481975-0.30896832j],
          [-0.41096131+0.22844434j, -0.22126601-0.0192958j ,
           -0.78135926+0.25960314j, -0.22368845+0.04050196j],
          [ 0.21278338-0.08000102j,  0.32896891+0.75478178j,
           -0.22126601-0.0192958j , -0.19047552-0.42987799j],
          [ 0.22153611-0.35707908j,  0.21278338-0.08000102j,
           -0.41096131+0.22844434j,  0.73851445+0.07252413j]],
         input_dims=(2, 2), output_dims=(2, 2))"
"Operator([[ 0.73851445+0.07252413j, -0.44584598-0.14932305j,
            0.0604977 +0.21912772j,  0.03974753+0.41833461j],
          [-0.44584598-0.14932305j, -0.22126601-0.0192958j ,
           -0.33535761+0.751965j  ,  0.0604977 +0.21912772j],
          [ 0.0604977 +0.21912772j, -0.33535761+0.751965j  ,
           -0.22126601-0.0192958j , -0.44584598-0.14932305j],
          [ 0.03974753+0.41833461j,  0.0604977 +0.21912772j,
           -0.44584598-0.14932305j,  0.73851445+0.07252413j]],
         input_dims=(2, 2), output_dims=(2, 2))"
"Operator([[ 0.73851445+0.07252413j, -0.38248613-0.27346j   ,
           -0.07272768+0.21537784j, -0.30080474+0.2934284j ],
          [-0.47003236-0.0120661j , -0.22126601-0.0192958j ,
           -0.54105862+0.62062199j, -0.07272768+0.21537784j],
          [ 0.17292803+0.14755618j, -0.100191  +0.81723794j,
           -0.22126601-0.0192958j , -0.38248613-0.27346j   ],
          [ 0.35068281+0.23152814j,  0.17292803+0.14755618j,
           -0.47003236-0.0120661j ,  0.73851445+0.07252413j]],
         input_dims=(2, 2), output_dims=(2, 2))"
"Operator([[ 0.73851445+0.07252413j, -0.44584598-0.14932305j,
            0.0604977 +0.21912772j,  0.03974753+0.41833461j],
          [-0.44584598-0.14932305j, -0.22126601-0.0192958j ,
           -0.33535761+0.751965j  ,  0.0604977 +0.21912772j],
          [ 0.0604977 +0.21912772j, -0.33535761+0.751965j  ,
           -0.22126601-0.0192958j , -0.44584598-0.14932305j],
          [ 0.03974753+0.41833461j,  0.0604977 +0.21912772j,
           -0.44584598-0.14932305j,  0.73851445+0.07252413j]],
         input_dims=(2, 2), output_dims=(2, 2))"
"Operator([[ 0.73851445+0.07252413j, -0.44522205-0.15117322j,
            0.0586757 +0.21962261j,  0.03453295+0.41879731j],
          [-0.44646222-0.14747032j, -0.22126601-0.0192958j ,
           -0.33847738+0.75056588j,  0.0586757 +0.21962261j],
          [ 0.06231553+0.21861771j, -0.33223206+0.75335114j,
           -0.22126601-0.0192958j , -0.44522205-0.15117322j],
          [ 0.04495594+0.41780699j,  0.06231553+0.21861771j,
           -0.44646222-0.14747032j,  0.73851445+0.07252413j]],
         input_dims=(2, 2), output_dims=(2, 2))"
