unitary
"Operator([[ 8.86340847e-01-0.43033515j,  4.21826807e-02+0.16473853j,
           -1.68138086e-02+0.00311693j, -2.45314235e-04-0.00096019j],
          [ 4.21826807e-02+0.16473853j,  9.64342661e-01-0.04628868j,
            9.63322217e-03+0.19646172j, -1.68138086e-02+0.00311693j],
          [-1.68138086e-02+0.00311693j,  9.63322217e-03+0.19646172j,
            9.64342661e-01-0.04628868j,  4.21826807e-02+0.16473853j],
          [-2.45314235e-04-0.00096019j, -1.68138086e-02+0.00311693j,
            4.21826807e-02+0.16473853j,  8.86340847e-01-0.43033515j]],
         input_dims=(2, 2), output_dims=(2, 2))"
"Operator([[ 8.86340847e-01-0.43033515j,  6.54184460e-02+0.15696684j,
           -1.52328365e-02+0.00777046j, -6.25267457e-04-0.00076889j],
          [ 1.80712628e-02+0.16909048j,  9.64342661e-01-0.04628868j,
            3.77655785e-02+0.19303826j, -1.52328365e-02+0.00777046j],
          [-1.70059030e-02-0.00179407j, -1.86991062e-02+0.19580692j,
            9.64342661e-01-0.04628868j,  6.54184460e-02+0.15696684j],
          [ 1.79838294e-04-0.00097458j, -1.70059030e-02-0.00179407j,
            1.80712628e-02+0.16909048j,  8.86340847e-01-0.43033515j]],
         input_dims=(2, 2), output_dims=(2, 2))"
"Operator([[ 8.86340847e-01-0.43033515j,  4.21826807e-02+0.16473853j,
           -1.68138086e-02+0.00311693j, -2.45314235e-04-0.00096019j],
          [ 4.21826807e-02+0.16473853j,  9.64342661e-01-0.04628868j,
            9.63322217e-03+0.19646172j, -1.68138086e-02+0.00311693j],
          [-1.68138086e-02+0.00311693j,  9.63322217e-03+0.19646172j,
            9.64342661e-01-0.04628868j,  4.21826807e-02+0.16473853j],
          [-2.45314235e-04-0.00096019j, -1.68138086e-02+0.00311693j,
            4.21826807e-02+0.16473853j,  8.86340847e-01-0.43033515j]],
         input_dims=(2, 2), output_dims=(2, 2))"
"Operator([[ 8.86340847e-01-0.43033515j,  4.21826807e-02+0.16473853j,
           -1.68138086e-02+0.00311693j, -2.45314235e-04-0.00096019j],
          [ 4.21826807e-02+0.16473853j,  9.64342661e-01-0.04628868j,
            9.63322217e-03+0.19646172j, -1.68138086e-02+0.00311693j],
          [-1.68138086e-02+0.00311693j,  9.63322217e-03+0.19646172j,
            9.64342661e-01-0.04628868j,  4.21826807e-02+0.16473853j],
          [-2.45314235e-04-0.00096019j, -1.68138086e-02+0.00311693j,
            4.21826807e-02+0.16473853j,  8.86340847e-01-0.43033515j]],
         input_dims=(2, 2), output_dims=(2, 2))"
"Operator([[ 8.86340847e-01-0.43033515j,  1.63786057e-01+0.04574156j,
            1.11215519e-02+0.01298963j,  2.47010059e-04+0.00095976j],
          [-1.21646406e-01+0.11882893j,  9.64342661e-01-0.04628868j,
            1.75010355e-01+0.08978521j,  1.11215519e-02+0.01298963j],
          [ 5.72654202e-03-0.01611292j, -1.65386959e-01+0.10647611j,
            9.64342661e-01-0.04628868j,  1.63786057e-01+0.04574156j],
          [ 2.43617645e-04+0.00096062j,  5.72654202e-03-0.01611292j,
           -1.21646406e-01+0.11882893j,  8.86340847e-01-0.43033515j]],
         input_dims=(2, 2), output_dims=(2, 2))"
"Operator([[ 8.86340847e-01-0.43033515j,  1.67890212e-01+0.02703773j,
            1.37426369e-02+0.01017641j,  5.51284933e-04+0.00082355j],
          [-1.34234650e-01+0.10439933j,  9.64342661e-01-0.04628868j,
            1.83995005e-01+0.06954025j,  1.37426369e-02+0.01017641j],
          [ 9.18183443e-03-0.01442613j, -1.76309113e-01+0.08720725j,
            9.64342661e-01-0.04628868j,  1.67890212e-01+0.02703773j],
          [-8.87032972e-05+0.00098706j,  9.18183443e-03-0.01442613j,
           -1.34234650e-01+0.10439933j,  8.86340847e-01-0.43033515j]],
         input_dims=(2, 2), output_dims=(2, 2))"
"Operator([[ 8.86340847e-01-4.30335148e-01j,
            1.64862304e-01-4.16963189e-02j,
            1.68319131e-02-3.01763586e-03j,
            9.62327185e-04-2.36803525e-04j],
          [-1.64613324e-01+4.26686750e-02j,
            9.64342661e-01-4.62886825e-02j,
            1.96489298e-01-9.05338037e-03j,
            1.68319131e-02-3.01763586e-03j],
          [ 1.67951184e-02-3.21611933e-03j,
           -1.96432439e-01+1.02129801e-02j,
            9.64342661e-01-4.62886825e-02j,
            1.64862304e-01-4.16963189e-02j],
          [-9.57983392e-04+2.53805715e-04j,
            1.67951184e-02-3.21611933e-03j,
           -1.64613324e-01+4.26686750e-02j,
            8.86340847e-01-4.30335148e-01j]],
         input_dims=(2, 2), output_dims=(2, 2))"
"Operator([[ 8.86340847e-01-0.43033515j,  4.81283600e-02+0.16310065j,
           -1.65437042e-02+0.00432727j, -3.48130296e-04-0.00092788j],
          [ 3.61815219e-02+0.16615974j,  9.64342661e-01-0.04628868j,
            1.67505892e-02+0.19598323j, -1.65437042e-02+0.00432727j],
          [-1.69954867e-02+0.0018902j ,  2.50318529e-03+0.19668183j,
            9.64342661e-01-0.04628868j,  4.81283600e-02+0.16310065j],
          [-1.39596939e-04-0.00098115j, -1.69954867e-02+0.0018902j ,
            3.61815219e-02+0.16615974j,  8.86340847e-01-0.43033515j]],
         input_dims=(2, 2), output_dims=(2, 2))"
"Operator([[ 8.86340847e-01-0.43033515j,  4.21826807e-02+0.16473853j,
           -1.68138086e-02+0.00311693j, -2.45314235e-04-0.00096019j],
          [ 4.21826807e-02+0.16473853j,  9.64342661e-01-0.04628868j,
            9.63322217e-03+0.19646172j, -1.68138086e-02+0.00311693j],
          [-1.68138086e-02+0.00311693j,  9.63322217e-03+0.19646172j,
            9.64342661e-01-0.04628868j,  4.21826807e-02+0.16473853j],
          [-2.45314235e-04-0.00096019j, -1.68138086e-02+0.00311693j,
            4.21826807e-02+0.16473853j,  8.86340847e-01-0.43033515j]],
         input_dims=(2, 2), output_dims=(2, 2))"
"Operator([[ 8.86340847e-01-4.30335148e-01j,
            1.67528477e-01-2.91954082e-02j,
            1.70940287e-02-4.62174532e-04j,
            9.90911937e-04-1.55901820e-05j],
          [-1.60943384e-01+5.49125626e-02j,
            9.64342661e-01-4.62886825e-02j,
            1.96614254e-01+5.73088174e-03j,
            1.70940287e-02-4.62174532e-04j],
          [ 1.61238360e-02-5.69572963e-03j,
           -1.95110422e-01+2.49385460e-02j,
            9.64342661e-01-4.62886825e-02j,
            1.67528477e-01-2.91954082e-02j],
          [-8.76957983e-04+4.61621292e-04j,
            1.61238360e-02-5.69572963e-03j,
           -1.60943384e-01+5.49125626e-02j,
            8.86340847e-01-4.30335148e-01j]],
         input_dims=(2, 2), output_dims=(2, 2))"
