unitary
"Operator([[ 0.65368147+0.33181641j,  0.25276767+0.38287021j,
           -0.14929824+0.24581561j,  0.40085575-0.0933633j ],
          [ 0.45103558+0.08395235j, -0.14470454+0.06732302j,
            0.59845541-0.56849183j, -0.14929824+0.24581561j],
          [ 0.25099209+0.1404217j ,  0.00644322-0.82540313j,
           -0.14470454+0.06732302j,  0.25276767+0.38287021j],
          [-0.36061159-0.19839688j,  0.25099209+0.1404217j ,
            0.45103558+0.08395235j,  0.65368147+0.33181641j]],
         input_dims=(2, 2), output_dims=(2, 2))"
"Operator([[ 6.53681468e-01+0.33181641j, -3.93605745e-01-0.23570237j,
            9.85242118e-02+0.27020041j,  5.06520950e-04+0.41158448j],
          [-3.70232690e-01-0.27094067j, -1.44704536e-01+0.06732302j,
           -2.93353535e-01+0.77154102j,  9.85242118e-02+0.27020041j],
          [ 4.73102507e-02+0.28368472j, -3.63143613e-01+0.74125472j,
           -1.44704536e-01+0.06732302j, -3.93605745e-01-0.23570237j],
          [-1.11912056e-01+0.39607793j,  4.73102507e-02+0.28368472j,
           -3.70232690e-01-0.27094067j,  6.53681468e-01+0.33181641j]],
         input_dims=(2, 2), output_dims=(2, 2))"
"Operator([[ 0.65368147+0.33181641j, -0.38232542-0.25359094j,
            0.07322827+0.27812389j, -0.05623977+0.40772433j],
          [-0.38232542-0.25359094j, -0.14470454+0.06732302j,
           -0.32859769+0.75720235j,  0.07322827+0.27812389j],
          [ 0.07322827+0.27812389j, -0.32859769+0.75720235j,
           -0.14470454+0.06732302j, -0.38232542-0.25359094j],
          [-0.05623977+0.40772433j,  0.07322827+0.27812389j,
           -0.38232542-0.25359094j,  0.65368147+0.33181641j]],
         input_dims=(2, 2), output_dims=(2, 2))"
"Operator([[ 0.65368147+0.33181641j, -0.38232542-0.25359094j,
            0.07322827+0.27812389j, -0.05623977+0.40772433j],
          [-0.38232542-0.25359094j, -0.14470454+0.06732302j,
           -0.32859769+0.75720235j,  0.07322827+0.27812389j],
          [ 0.07322827+0.27812389j, -0.32859769+0.75720235j,
           -0.14470454+0.06732302j, -0.38232542-0.25359094j],
          [-0.05623977+0.40772433j,  0.07322827+0.27812389j,
           -0.38232542-0.25359094j,  0.65368147+0.33181641j]],
         input_dims=(2, 2), output_dims=(2, 2))"
"Operator([[ 0.65368147+0.33181641j, -0.34945418-0.29725892j,
            0.00547526+0.28755052j, -0.19540307+0.36224257j],
          [-0.40977021-0.20632369j, -0.14470454+0.06732302j,
           -0.41631518+0.71275066j,  0.00547526+0.28755052j],
          [ 0.13683864+0.25296337j, -0.23621633+0.79090688j,
           -0.14470454+0.06732302j, -0.34945418-0.29725892j],
          [ 0.09003974+0.40161534j,  0.13683864+0.25296337j,
           -0.40977021-0.20632369j,  0.65368147+0.33181641j]],
         input_dims=(2, 2), output_dims=(2, 2))"
