unitary
"Operator([[ 0.6967498 -0.66116202j,  0.11179695+0.25045957j,
           -0.04427972+0.01395935j, -0.0018299 -0.00412768j],
          [ 0.11179695+0.25045957j,  0.90380399-0.06663156j,
            0.02500247+0.31731586j, -0.04427972+0.01395935j],
          [-0.04427972+0.01395935j,  0.02500247+0.31731586j,
            0.90380399-0.06663156j,  0.11179695+0.25045957j],
          [-0.0018299 -0.00412768j, -0.04427972+0.01395935j,
            0.11179695+0.25045957j,  0.6967498 -0.66116202j]],
         input_dims=(2, 2), output_dims=(2, 2))"
"Operator([[ 0.6967498 -0.66116202j,  0.11179695+0.25045957j,
           -0.04427972+0.01395935j, -0.0018299 -0.00412768j],
          [ 0.11179695+0.25045957j,  0.90380399-0.06663156j,
            0.02500247+0.31731586j, -0.04427972+0.01395935j],
          [-0.04427972+0.01395935j,  0.02500247+0.31731586j,
            0.90380399-0.06663156j,  0.11179695+0.25045957j],
          [-0.0018299 -0.00412768j, -0.04427972+0.01395935j,
            0.11179695+0.25045957j,  0.6967498 -0.66116202j]],
         input_dims=(2, 2), output_dims=(2, 2))"
"Operator([[ 0.6967498 -6.61162025e-01j,  0.05461643-2.68785412e-01j,
           -0.02756226-3.73614640e-02j, -0.00447864+5.72751597e-04j],
          [-0.23655614-1.38815505e-01j,  0.90380399-6.66315600e-02j,
            0.16410363-2.72735181e-01j, -0.02756226-3.73614640e-02j],
          [-0.00115181+4.64136864e-02j, -0.20479295-2.43668476e-01j,
            0.90380399-6.66315600e-02j,  0.05461643-2.68785412e-01j],
          [ 0.00343179-2.93413342e-03j, -0.00115181+4.64136864e-02j,
           -0.23655614-1.38815505e-01j,  0.6967498 -6.61162025e-01j]],
         input_dims=(2, 2), output_dims=(2, 2))"
"Operator([[ 0.6967498 -0.66116202j,  0.10723295-0.25244731j,
           -0.0107279 -0.04517155j, -0.00401229-0.00207071j],
          [-0.2595268 -0.08873776j,  0.90380399-0.06663156j,
            0.21530066-0.23443572j, -0.0107279 -0.04517155j],
          [ 0.01711803+0.04315704j, -0.24935993-0.19782342j,
            0.90380399-0.06663156j,  0.10723295-0.25244731j],
          [ 0.00115979-0.00436362j,  0.01711803+0.04315704j,
           -0.2595268 -0.08873776j,  0.6967498 -0.66116202j]],
         input_dims=(2, 2), output_dims=(2, 2))"
"Operator([[ 0.6967498 -0.66116202j,  0.02721949-0.27292426j,
           -0.0345016 -0.03106761j, -0.00410336+0.00188381j],
          [-0.22134374-0.16197377j,  0.90380399-0.06663156j,
            0.13574951-0.28790024j, -0.0345016 -0.03106761j],
          [-0.0104461 +0.04523755j, -0.17916381-0.26308707j,
            0.90380399-0.06663156j,  0.02721949-0.27292426j],
          [ 0.0041513 -0.00177568j, -0.0104461 +0.04523755j,
           -0.22134374-0.16197377j,  0.6967498 -0.66116202j]],
         input_dims=(2, 2), output_dims=(2, 2))"
"Operator([[ 0.6967498 -0.66116202j, -0.17319138+0.21268122j,
            0.01505774-0.04391835j,  0.00111335+0.0043757j ],
          [ 0.27396595+0.01308482j,  0.90380399-0.06663156j,
           -0.27199081+0.16533444j,  0.01505774-0.04391835j],
          [ 0.03752288+0.0273421j ,  0.29452822+0.12069634j,
            0.90380399-0.06663156j, -0.17319138+0.21268122j],
          [ 0.00249484+0.00376325j,  0.03752288+0.0273421j ,
            0.27396595+0.01308482j,  0.6967498 -0.66116202j]],
         input_dims=(2, 2), output_dims=(2, 2))"
"Operator([[ 0.6967498 -0.66116202j,  0.11179695+0.25045957j,
           -0.04427972+0.01395935j, -0.0018299 -0.00412768j],
          [ 0.11179695+0.25045957j,  0.90380399-0.06663156j,
            0.02500247+0.31731586j, -0.04427972+0.01395935j],
          [-0.04427972+0.01395935j,  0.02500247+0.31731586j,
            0.90380399-0.06663156j,  0.11179695+0.25045957j],
          [-0.0018299 -0.00412768j, -0.04427972+0.01395935j,
            0.11179695+0.25045957j,  0.6967498 -0.66116202j]],
         input_dims=(2, 2), output_dims=(2, 2))"
"Operator([[ 0.6967498 -0.66116202j,  0.11179695+0.25045957j,
           -0.04427972+0.01395935j, -0.0018299 -0.00412768j],
          [ 0.11179695+0.25045957j,  0.90380399-0.06663156j,
            0.02500247+0.31731586j, -0.04427972+0.01395935j],
          [-0.04427972+0.01395935j,  0.02500247+0.31731586j,
            0.90380399-0.06663156j,  0.11179695+0.25045957j],
          [-0.0018299 -0.00412768j, -0.04427972+0.01395935j,
            0.11179695+0.25045957j,  0.6967498 -0.66116202j]],
         input_dims=(2, 2), output_dims=(2, 2))"
"Operator([[ 0.6967498 -0.66116202j,  0.11179695+0.25045957j,
           -0.04427972+0.01395935j, -0.0018299 -0.00412768j],
          [ 0.11179695+0.25045957j,  0.90380399-0.06663156j,
            0.02500247+0.31731586j, -0.04427972+0.01395935j],
          [-0.04427972+0.01395935j,  0.02500247+0.31731586j,
            0.90380399-0.06663156j,  0.11179695+0.25045957j],
          [-0.0018299 -0.00412768j, -0.04427972+0.01395935j,
            0.11179695+0.25045957j,  0.6967498 -0.66116202j]],
         input_dims=(2, 2), output_dims=(2, 2))"
