unitary
"Operator([[ 0.6967498 -0.66116202j, -0.27136831-0.0398471j ,
            0.03147477+0.03413057j, -0.00129635-0.00432502j],
          [ 0.15153466-0.22861715j,  0.90380399-0.06663156j,
           -0.28129509-0.14895487j,  0.03147477+0.03413057j],
          [ 0.00620989-0.04601081j,  0.25449527-0.19117174j,
            0.90380399-0.06663156j, -0.27136831-0.0398471j ],
          [-0.00233441-0.00386482j,  0.00620989-0.04601081j,
            0.15153466-0.22861715j,  0.6967498 -0.66116202j]],
         input_dims=(2, 2), output_dims=(2, 2))"
"Operator([[ 0.6967498 -0.66116202j,  0.11179695+0.25045957j,
           -0.04427972+0.01395935j, -0.0018299 -0.00412768j],
          [ 0.11179695+0.25045957j,  0.90380399-0.06663156j,
            0.02500247+0.31731586j, -0.04427972+0.01395935j],
          [-0.04427972+0.01395935j,  0.02500247+0.31731586j,
            0.90380399-0.06663156j,  0.11179695+0.25045957j],
          [-0.0018299 -0.00412768j, -0.04427972+0.01395935j,
            0.11179695+0.25045957j,  0.6967498 -0.66116202j]],
         input_dims=(2, 2), output_dims=(2, 2))"
"Operator([[ 0.6967498 -0.66116202j,  0.11179695+0.25045957j,
           -0.04427972+0.01395935j, -0.0018299 -0.00412768j],
          [ 0.11179695+0.25045957j,  0.90380399-0.06663156j,
            0.02500247+0.31731586j, -0.04427972+0.01395935j],
          [-0.04427972+0.01395935j,  0.02500247+0.31731586j,
            0.90380399-0.06663156j,  0.11179695+0.25045957j],
          [-0.0018299 -0.00412768j, -0.04427972+0.01395935j,
            0.11179695+0.25045957j,  0.6967498 -0.66116202j]],
         input_dims=(2, 2), output_dims=(2, 2))"
"Operator([[ 0.6967498 -6.61162025e-01j,  0.23984326+1.33055483e-01j,
            0.00109325+4.64151026e-02j, -0.0032101 +3.17514353e-03j],
          [-0.06109915+2.67386325e-01j,  0.90380399-6.66315600e-02j,
            0.21062449+2.38645771e-01j,  0.00109325+4.64151026e-02j],
          [-0.02572391-3.86501910e-02j, -0.17064983+2.68687764e-01j,
            0.90380399-6.66315600e-02j,  0.23984326+1.33055483e-01j],
          [ 0.00450838-2.46645186e-04j, -0.02572391-3.86501910e-02j,
           -0.06109915+2.67386325e-01j,  0.6967498 -6.61162025e-01j]],
         input_dims=(2, 2), output_dims=(2, 2))"
"Operator([[ 0.6967498 -0.66116202j,  0.11179695+0.25045957j,
           -0.04427972+0.01395935j, -0.0018299 -0.00412768j],
          [ 0.11179695+0.25045957j,  0.90380399-0.06663156j,
            0.02500247+0.31731586j, -0.04427972+0.01395935j],
          [-0.04427972+0.01395935j,  0.02500247+0.31731586j,
            0.90380399-0.06663156j,  0.11179695+0.25045957j],
          [-0.0018299 -0.00412768j, -0.04427972+0.01395935j,
            0.11179695+0.25045957j,  0.6967498 -0.66116202j]],
         input_dims=(2, 2), output_dims=(2, 2))"
"Operator([[ 0.6967498 -0.66116202j,  0.11179695+0.25045957j,
           -0.04427972+0.01395935j, -0.0018299 -0.00412768j],
          [ 0.11179695+0.25045957j,  0.90380399-0.06663156j,
            0.02500247+0.31731586j, -0.04427972+0.01395935j],
          [-0.04427972+0.01395935j,  0.02500247+0.31731586j,
            0.90380399-0.06663156j,  0.11179695+0.25045957j],
          [-0.0018299 -0.00412768j, -0.04427972+0.01395935j,
            0.11179695+0.25045957j,  0.6967498 -0.66116202j]],
         input_dims=(2, 2), output_dims=(2, 2))"
"Operator([[ 6.96749798e-01-0.66116202j,  1.30400484e-01-0.24129705j,
           -2.11739353e-03-0.04637967j, -3.27966574e-03-0.00310324j],
          [-2.66695755e-01-0.06404629j,  9.03803987e-01-0.06663156j,
            2.36306798e-01-0.21324534j, -2.11739353e-03-0.04637967j],
          [ 2.48646163e-02+0.03920852j, -2.66788119e-01-0.17360466j,
            9.03803987e-01-0.06663156j,  1.30400484e-01-0.24129705j],
          [-9.72716660e-05-0.00451407j,  2.48646163e-02+0.03920852j,
           -2.66695755e-01-0.06404629j,  6.96749798e-01-0.66116202j]],
         input_dims=(2, 2), output_dims=(2, 2))"
"Operator([[ 0.6967498 -0.66116202j,  0.11179695+0.25045957j,
           -0.04427972+0.01395935j, -0.0018299 -0.00412768j],
          [ 0.11179695+0.25045957j,  0.90380399-0.06663156j,
            0.02500247+0.31731586j, -0.04427972+0.01395935j],
          [-0.04427972+0.01395935j,  0.02500247+0.31731586j,
            0.90380399-0.06663156j,  0.11179695+0.25045957j],
          [-0.0018299 -0.00412768j, -0.04427972+0.01395935j,
            0.11179695+0.25045957j,  0.6967498 -0.66116202j]],
         input_dims=(2, 2), output_dims=(2, 2))"
"Operator([[ 0.6967498 -0.66116202j, -0.25686348+0.09617539j,
            0.04565895-0.00841529j, -0.00439354+0.00104075j],
          [ 0.24310665-0.12699492j,  0.90380399-0.06663156j,
           -0.318253  +0.00543194j,  0.04565895-0.00841529j],
          [ 0.04223001-0.01929205j,  0.3151764 -0.04447827j,
            0.90380399-0.06663156j, -0.25686348+0.09617539j],
          [ 0.00372143-0.00255681j,  0.04223001-0.01929205j,
            0.24310665-0.12699492j,  0.6967498 -0.66116202j]],
         input_dims=(2, 2), output_dims=(2, 2))"
"Operator([[ 0.6967498 -0.66116202j, -0.21099851+0.1752375j ,
            0.03057606-0.03493797j, -0.00147921+0.00426594j],
          [ 0.27133679-0.04006119j,  0.90380399-0.06663156j,
           -0.29879653+0.10970466j,  0.03057606-0.03493797j],
          [ 0.04508513+0.01108549j,  0.31229069+0.06155487j,
            0.90380399-0.06663156j, -0.21099851+0.1752375j ],
          [ 0.00415439+0.00176843j,  0.04508513+0.01108549j,
            0.27133679-0.04006119j,  0.6967498 -0.66116202j]],
         input_dims=(2, 2), output_dims=(2, 2))"
"Operator([[ 0.6967498 -6.61162025e-01j, -0.07863148+2.62765377e-01j,
           -0.02040337-4.17044273e-02j,  0.00446858+6.46575980e-04j],
          [ 0.24811001+1.16918671e-01j,  0.90380399-6.66315600e-02j,
           -0.18802879+2.56826117e-01j, -0.02040337-4.17044273e-02j],
          [ 0.00720347+4.58657501e-02j,  0.22593127+2.24208696e-01j,
            0.90380399-6.66315600e-02j, -0.07863148+2.62765377e-01j],
          [-0.00252149+3.74544618e-03j,  0.00720347+4.58657501e-02j,
            0.24811001+1.16918671e-01j,  0.6967498 -6.61162025e-01j]],
         input_dims=(2, 2), output_dims=(2, 2))"
"Operator([[ 0.6967498 -0.66116202j,  0.11179695+0.25045957j,
           -0.04427972+0.01395935j, -0.0018299 -0.00412768j],
          [ 0.11179695+0.25045957j,  0.90380399-0.06663156j,
            0.02500247+0.31731586j, -0.04427972+0.01395935j],
          [-0.04427972+0.01395935j,  0.02500247+0.31731586j,
            0.90380399-0.06663156j,  0.11179695+0.25045957j],
          [-0.0018299 -0.00412768j, -0.04427972+0.01395935j,
            0.11179695+0.25045957j,  0.6967498 -0.66116202j]],
         input_dims=(2, 2), output_dims=(2, 2))"
