unitary
"Operator([[ 8.60421815e-01-0.47311191j,  1.75207552e-01+0.06853377j,
            9.55726964e-03+0.01875312j, -1.43433539e-04+0.00134897j],
          [-1.12433222e-01+0.15084209j,  9.56148263e-01-0.05048357j,
            1.79997938e-01+0.12245434j,  9.55726964e-03+0.01875312j],
          [ 1.34647743e-03-0.02100495j, -1.65700641e-01+0.14120064j,
            9.56148263e-01-0.05048357j,  1.75207552e-01+0.06853377j],
          [ 8.33721817e-04+0.00107014j,  1.34647743e-03-0.02100495j,
           -1.12433222e-01+0.15084209j,  8.60421815e-01-0.47311191j]],
         input_dims=(2, 2), output_dims=(2, 2))"
"Operator([[ 8.60421815e-01-0.47311191j,  5.17573063e-02+0.18087494j,
           -2.06130761e-02+0.00425699j, -3.72237781e-04-0.0013045j ],
          [ 5.17573063e-02+0.18087494j,  9.56148263e-01-0.05048357j,
            1.17880916e-02+0.21738299j, -2.06130761e-02+0.00425699j],
          [-2.06130761e-02+0.00425699j,  1.17880916e-02+0.21738299j,
            9.56148263e-01-0.05048357j,  5.17573063e-02+0.18087494j],
          [-3.72237781e-04-0.0013045j , -2.06130761e-02+0.00425699j,
            5.17573063e-02+0.18087494j,  8.60421815e-01-0.47311191j]],
         input_dims=(2, 2), output_dims=(2, 2))"
"Operator([[ 0.86042181-4.73111906e-01j,  0.18071909-5.22988963e-02j,
            0.0205872 -4.38040829e-03j,  0.00130111-3.83945773e-04j],
          [-0.18102917+5.12152519e-02j,  0.95614826-5.04835675e-02j,
            0.2173467 -1.24392230e-02j,  0.0205872 -4.38040829e-03j],
          [ 0.02063821-4.13341837e-03j, -0.21741733+1.11368544e-02j,
            0.95614826-5.04835675e-02j,  0.18071909-5.22988963e-02j],
          [-0.0013078 +3.60499727e-04j,  0.02063821-4.13341837e-03j,
           -0.18102917+5.12152519e-02j,  0.86042181-4.73111906e-01j]],
         input_dims=(2, 2), output_dims=(2, 2))"
"Operator([[ 8.60421815e-01-0.47311191j,  5.17573063e-02+0.18087494j,
           -2.06130761e-02+0.00425699j, -3.72237781e-04-0.0013045j ],
          [ 5.17573063e-02+0.18087494j,  9.56148263e-01-0.05048357j,
            1.17880916e-02+0.21738299j, -2.06130761e-02+0.00425699j],
          [-2.06130761e-02+0.00425699j,  1.17880916e-02+0.21738299j,
            9.56148263e-01-0.05048357j,  5.17573063e-02+0.18087494j],
          [-3.72237781e-04-0.0013045j , -2.06130761e-02+0.00425699j,
            5.17573063e-02+0.18087494j,  8.60421815e-01-0.47311191j]],
         input_dims=(2, 2), output_dims=(2, 2))"
"Operator([[ 0.86042181-4.73111906e-01j,  0.17085213-7.87661919e-02j,
            0.01836741-1.02790695e-02j,  0.0010038 -9.12509285e-04j],
          [-0.18665657+2.35348082e-02j,  0.95614826-5.04835675e-02j,
            0.21303459-4.48395678e-02j,  0.01836741-1.02790695e-02j],
          [ 0.02093673+2.16202343e-03j, -0.21663416-2.15397934e-02j,
            0.95614826-5.04835675e-02j,  0.17085213-7.87661919e-02j],
          [-0.0013342 -2.45365099e-04j,  0.02093673+2.16202343e-03j,
           -0.18665657+2.35348082e-02j,  0.86042181-4.73111906e-01j]],
         input_dims=(2, 2), output_dims=(2, 2))"
"Operator([[ 8.60421815e-01-0.47311191j, -1.02310743e-01+0.15788311j,
           -1.41104956e-03-0.02100071j,  1.02674896e-03+0.00088661j],
          [ 1.70341899e-01+0.07986364j,  9.56148263e-01-0.05048357j,
           -1.56095323e-01+0.15175168j, -1.41104956e-03-0.02100071j],
          [ 7.02365911e-03+0.0198416j ,  1.71589898e-01+0.1339822j ,
            9.56148263e-01-0.05048357j, -1.02310743e-01+0.15788311j],
          [-4.04247060e-04+0.00129494j,  7.02365911e-03+0.0198416j ,
            1.70341899e-01+0.07986364j,  8.60421815e-01-0.47311191j]],
         input_dims=(2, 2), output_dims=(2, 2))"
"Operator([[ 8.60421815e-01-0.47311191j, -1.14634690e-01+0.14917591j,
            1.96231717e-03-0.02095639j,  7.85815312e-04+0.0011058j ],
          [ 1.76194404e-01+0.06595526j,  9.56148263e-01-0.05048357j,
           -1.67754887e-01+0.13875381j,  1.96231717e-03-0.02095639j],
          [ 1.01034899e-02+0.01846457j,  1.81775546e-01+0.11979972j,
            9.56148263e-01-0.05048357j, -1.14634690e-01+0.14917591j],
          [-8.39241455e-05+0.00135397j,  1.01034899e-02+0.01846457j,
            1.76194404e-01+0.06595526j,  8.60421815e-01-0.47311191j]],
         input_dims=(2, 2), output_dims=(2, 2))"
"Operator([[ 8.60421815e-01-0.47311191j, -1.11328124e-01+0.15165953j,
            1.03940494e-03-0.02102238j,  8.56976149e-04+0.00105161j],
          [ 1.74702147e-01+0.06981206j,  9.56148263e-01-0.05048357j,
           -1.64664564e-01+0.14240753j,  1.03940494e-03-0.02102238j],
          [ 9.28222474e-03+0.01889077j,  1.79098445e-01+0.12376619j,
            9.56148263e-01-0.05048357j, -1.11328124e-01+0.15165953j],
          [-1.72964892e-04+0.0013455j ,  9.28222474e-03+0.01889077j,
            1.74702147e-01+0.06981206j,  8.60421815e-01-0.47311191j]],
         input_dims=(2, 2), output_dims=(2, 2))"
"Operator([[ 8.60421815e-01-0.47311191j, -1.10839264e-01+0.15201718j,
            9.04016753e-04-0.02102864j,  8.67093317e-04+0.00104328j],
          [ 1.74476475e-01+0.07037417j,  9.56148263e-01-0.05048357j,
           -1.64205216e-01+0.14293694j,  9.04016753e-04-0.02102864j],
          [ 9.16039147e-03+0.01895015j,  1.78699039e-01+0.12434217j,
            9.56148263e-01-0.05048357j, -1.10839264e-01+0.15201718j],
          [-1.85952570e-04+0.00134377j,  9.16039147e-03+0.01895015j,
            1.74476475e-01+0.07037417j,  8.60421815e-01-0.47311191j]],
         input_dims=(2, 2), output_dims=(2, 2))"
