unitary
"Operator([[ 0.6967498 -0.66116202j,  0.11179695+0.25045957j,
           -0.04427972+0.01395935j, -0.0018299 -0.00412768j],
          [ 0.11179695+0.25045957j,  0.90380399-0.06663156j,
            0.02500247+0.31731586j, -0.04427972+0.01395935j],
          [-0.04427972+0.01395935j,  0.02500247+0.31731586j,
            0.90380399-0.06663156j,  0.11179695+0.25045957j],
          [-0.0018299 -0.00412768j, -0.04427972+0.01395935j,
            0.11179695+0.25045957j,  0.6967498 -0.66116202j]],
         input_dims=(2, 2), output_dims=(2, 2))"
"Operator([[ 6.96749798e-01-0.66116202j,  1.14796385e-01-0.24909906j,
           -7.98546634e-03-0.04573608j, -3.80878696e-03-0.00242476j],
          [-2.62084554e-01-0.08087175j,  9.03803987e-01-0.06663156j,
            2.22271832e-01-0.22783703j, -7.98546634e-03-0.04573608j],
          [ 1.96883955e-02+0.04204669j, -2.55211625e-01-0.19021437j,
            9.03803987e-01-0.06663156j,  1.14796385e-01-0.24909906j],
          [ 7.60792905e-04-0.00445056j,  1.96883955e-02+0.04204669j,
           -2.62084554e-01-0.08087175j,  6.96749798e-01-0.66116202j]],
         input_dims=(2, 2), output_dims=(2, 2))"
"Operator([[ 0.6967498 -0.66116202j,  0.11179695+0.25045957j,
           -0.04427972+0.01395935j, -0.0018299 -0.00412768j],
          [ 0.11179695+0.25045957j,  0.90380399-0.06663156j,
            0.02500247+0.31731586j, -0.04427972+0.01395935j],
          [-0.04427972+0.01395935j,  0.02500247+0.31731586j,
            0.90380399-0.06663156j,  0.11179695+0.25045957j],
          [-0.0018299 -0.00412768j, -0.04427972+0.01395935j,
            0.11179695+0.25045957j,  0.6967498 -0.66116202j]],
         input_dims=(2, 2), output_dims=(2, 2))"
"Operator([[ 6.96749798e-01-0.66116202j, -7.66473521e-02-0.26335098j,
           -4.64039405e-02+0.00149374j,  3.37230343e-05+0.00451499j],
          [-1.44863516e-01-0.23290151j,  9.03803987e-01-0.06663156j,
            1.84431595e-02-0.31776458j, -4.64039405e-02+0.00149374j],
          [-3.88707306e-02+0.02538943j, -6.79822507e-02-0.31095481j,
            9.03803987e-01-0.06663156j, -7.66473521e-02-0.26335098j],
          [ 3.32302129e-03+0.00305677j, -3.88707306e-02+0.02538943j,
           -1.44863516e-01-0.23290151j,  6.96749798e-01-0.66116202j]],
         input_dims=(2, 2), output_dims=(2, 2))"
"Operator([[ 6.96749798e-01-6.61162025e-01j,
           -7.10914420e-02-2.64904812e-01j,
           -4.64257057e-02-4.59139137e-04j,
           -2.51062159e-04+4.50813376e-03j],
          [-1.49729994e-01-2.29803136e-01j,
            9.03803987e-01-6.66315600e-02j,
            2.51224940e-02-3.17306380e-01j,
           -4.64257057e-02-4.59139137e-04j],
          [-3.77685650e-02+2.70017120e-02j,
           -7.45073996e-02-3.09456178e-01j,
            9.03803987e-01-6.66315600e-02j,
           -7.10914420e-02-2.64904812e-01j],
          [ 3.50916904e-03+2.84113266e-03j,
           -3.77685650e-02+2.70017120e-02j,
           -1.49729994e-01-2.29803136e-01j,
            6.96749798e-01-6.61162025e-01j]],
         input_dims=(2, 2), output_dims=(2, 2))"
"Operator([[ 0.6967498 -0.66116202j,  0.0336083 -0.27221138j,
           -0.03300789-0.03265021j, -0.00422557+0.00159086j],
          [-0.22507898-0.15674184j,  0.90380399-0.06663156j,
            0.14245949-0.28463972j, -0.03300789-0.03265021j],
          [-0.00831482+0.04567735j, -0.18528034-0.25881591j,
            0.90380399-0.06663156j,  0.0336083 -0.27221138j],
          [ 0.00401628-0.00206295j, -0.00831482+0.04567735j,
           -0.22507898-0.15674184j,  0.6967498 -0.66116202j]],
         input_dims=(2, 2), output_dims=(2, 2))"
