unitary
"Operator([[ 9.20523801e-01-3.63571888e-01j,
            1.15481000e-01+8.35050510e-02j,
            6.43215725e-04+1.19043988e-02j,
           -3.81433605e-04+4.30400213e-04j],
          [-7.17095108e-02+1.23153161e-01j,
            9.75113011e-01-3.95084415e-02j,
            1.15524625e-01+1.17459251e-01j,
            6.43215725e-04+1.19043988e-02j],
          [-2.96723091e-03-1.15466003e-02j,
           -1.05493895e-01+1.26545062e-01j,
            9.75113011e-01-3.95084415e-02j,
            1.15481000e-01+8.35050510e-02j],
          [ 5.23025524e-04+2.39123900e-04j,
           -2.96723091e-03-1.15466003e-02j,
           -7.17095108e-02+1.23153161e-01j,
            9.20523801e-01-3.63571888e-01j]],
         input_dims=(2, 2), output_dims=(2, 2))"
"Operator([[ 9.20523801e-01-0.36357189j,  1.33754272e-01+0.04918079j,
            6.74539118e-03+0.00982996j,  5.51184952e-05+0.00057245j],
          [-1.02329523e-01+0.0991848j ,  9.75113011e-01-0.03950844j,
            1.42974428e-01+0.08185919j,  6.74539118e-03+0.00982996j],
          [ 3.47632455e-03-0.01140367j, -1.35773093e-01+0.09331818j,
            9.75113011e-01-0.03950844j,  1.33754272e-01+0.04918079j],
          [ 1.81360106e-04+0.00054575j,  3.47632455e-03-0.01140367j,
           -1.02329523e-01+0.0991848j ,  9.20523801e-01-0.36357189j]],
         input_dims=(2, 2), output_dims=(2, 2))"
"Operator([[ 9.20523801e-01-0.36357189j,  1.41408097e-01+0.01768347j,
            1.03842253e-02+0.0058563j ,  4.04380661e-04+0.00040892j],
          [-1.22095882e-01+0.07349524j,  9.75113011e-01-0.03950844j,
            1.57774269e-01+0.04743306j,  1.03842253e-02+0.0058563j ],
          [ 8.14186676e-03-0.00870853j, -1.53348657e-01+0.06022295j,
            9.75113011e-01-0.03950844j,  1.41408097e-01+0.01768347j],
          [-2.04205757e-04+0.00053762j,  8.14186676e-03-0.00870853j,
           -1.22095882e-01+0.07349524j,  9.20523801e-01-0.36357189j]],
         input_dims=(2, 2), output_dims=(2, 2))"
"Operator([[ 9.20523801e-01-3.63571888e-01j,
            1.41835508e-01-1.38435407e-02j,
            1.18924866e-02+8.34984352e-04j,
            5.70546776e-04+7.21963621e-05j],
          [-1.35268405e-01+4.48487843e-02j,
            9.75113011e-01-3.95084415e-02j,
            1.64342745e-01+1.15791641e-02j,
            1.18924866e-02+8.34984352e-04j],
          [ 1.10906198e-02-4.37339562e-03j,
           -1.62837819e-01+2.50291716e-02j,
            9.75113011e-01-3.95084415e-02j,
            1.41835508e-01-1.38435407e-02j],
          [-4.92467714e-04+2.97004190e-04j,
            1.10906198e-02-4.37339562e-03j,
           -1.35268405e-01+4.48487843e-02j,
            9.20523801e-01-3.63571888e-01j]],
         input_dims=(2, 2), output_dims=(2, 2))"
"Operator([[ 9.20523801e-01-0.36357189j,  2.95292899e-02+0.13941656j,
           -1.17829369e-02+0.00181407j, -1.18990440e-04-0.00056265j],
          [ 2.95292899e-02+0.13941656j,  9.75113011e-01-0.03950844j,
            6.76696943e-03+0.16461113j, -1.17829369e-02+0.00181407j],
          [-1.17829369e-02+0.00181407j,  6.76696943e-03+0.16461113j,
            9.75113011e-01-0.03950844j,  2.95292899e-02+0.13941656j],
          [-1.18990440e-04-0.00056265j, -1.17829369e-02+0.00181407j,
            2.95292899e-02+0.13941656j,  9.20523801e-01-0.36357189j]],
         input_dims=(2, 2), output_dims=(2, 2))"
"Operator([[ 9.20523801e-01-0.36357189j,  9.12411220e-02-0.10947151j,
            9.94616318e-04-0.0118802j , -3.43160649e-04-0.00046149j],
          [-1.27788533e-01-0.06307968j,  9.75113011e-01-0.03950844j,
            1.25118102e-01-0.10718244j,  9.94616318e-04-0.0118802j ],
          [ 4.52194003e-03+0.01103089j, -1.33493353e-01-0.09655123j,
            9.75113011e-01-0.03950844j,  9.12411220e-02-0.10947151j],
          [ 1.26940822e-04-0.00056091j,  4.52194003e-03+0.01103089j,
           -1.27788533e-01-0.06307968j,  9.20523801e-01-0.36357189j]],
         input_dims=(2, 2), output_dims=(2, 2))"
"Operator([[ 9.20523801e-01-0.36357189j, -7.85037011e-03-0.1422931j ,
           -1.17798386e-02-0.00183408j, -1.43623698e-04+0.00055687j],
          [-5.05128325e-02-0.13325693j,  9.75113011e-01-0.03950844j,
            1.84987979e-02-0.16370831j, -1.17798386e-02-0.00183408j],
          [-1.06826765e-02+0.00529234j, -3.18733832e-02-0.16163756j,
            9.75113011e-01-0.03950844j, -7.85037011e-03-0.1422931j ],
          [ 3.56780273e-04+0.00045105j, -1.06826765e-02+0.00529234j,
           -5.05128325e-02-0.13325693j,  9.20523801e-01-0.36357189j]],
         input_dims=(2, 2), output_dims=(2, 2))"
"Operator([[ 9.20523801e-01-0.36357189j, -4.47316142e-02-0.1353072j ,
           -1.10981786e-02+0.00435418j,  2.95723639e-04+0.00049324j],
          [-1.39663764e-02-0.14182347j,  9.75113011e-01-0.03950844j,
           -2.48881316e-02-0.16285944j, -1.10981786e-02+0.00435418j],
          [-1.18939151e-02-0.00081438j,  1.14368258e-02-0.16435271j,
            9.75113011e-01-0.03950844j, -4.47316142e-02-0.1353072j ],
          [-7.07137027e-05+0.00057073j, -1.18939151e-02-0.00081438j,
           -1.39663764e-02-0.14182347j,  9.20523801e-01-0.36357189j]],
         input_dims=(2, 2), output_dims=(2, 2))"
"Operator([[ 9.20523801e-01-0.36357189j, -4.75859841e-02-0.13432993j,
           -1.09039205e-02+0.00482006j,  3.26433536e-04+0.00047347j],
          [-1.09609058e-02-0.14208734j,  9.75113011e-01-0.03950844j,
           -2.83302172e-02-0.16229607j, -1.09039205e-02+0.00482006j],
          [-1.18487821e-02-0.00131712j,  1.49135379e-02-0.16407377j,
            9.75113011e-01-0.03950844j, -4.75859841e-02-0.13432993j],
          [-1.06795932e-04+0.00056509j, -1.18487821e-02-0.00131712j,
           -1.09609058e-02-0.14208734j,  9.20523801e-01-0.36357189j]],
         input_dims=(2, 2), output_dims=(2, 2))"
"Operator([[ 9.20523801e-01-0.36357189j,  2.95292899e-02+0.13941656j,
           -1.17829369e-02+0.00181407j, -1.18990440e-04-0.00056265j],
          [ 2.95292899e-02+0.13941656j,  9.75113011e-01-0.03950844j,
            6.76696943e-03+0.16461113j, -1.17829369e-02+0.00181407j],
          [-1.17829369e-02+0.00181407j,  6.76696943e-03+0.16461113j,
            9.75113011e-01-0.03950844j,  2.95292899e-02+0.13941656j],
          [-1.18990440e-04-0.00056265j, -1.17829369e-02+0.00181407j,
            2.95292899e-02+0.13941656j,  9.20523801e-01-0.36357189j]],
         input_dims=(2, 2), output_dims=(2, 2))"
"Operator([[ 9.20523801e-01-0.36357189j,  2.95292899e-02+0.13941656j,
           -1.17829369e-02+0.00181407j, -1.18990440e-04-0.00056265j],
          [ 2.95292899e-02+0.13941656j,  9.75113011e-01-0.03950844j,
            6.76696943e-03+0.16461113j, -1.17829369e-02+0.00181407j],
          [-1.17829369e-02+0.00181407j,  6.76696943e-03+0.16461113j,
            9.75113011e-01-0.03950844j,  2.95292899e-02+0.13941656j],
          [-1.18990440e-04-0.00056265j, -1.17829369e-02+0.00181407j,
            2.95292899e-02+0.13941656j,  9.20523801e-01-0.36357189j]],
         input_dims=(2, 2), output_dims=(2, 2))"
"Operator([[ 9.20523801e-01-0.36357189j,  1.43365381e-02+0.14178652j,
           -1.18980047e-02-0.00075228j,  6.62421356e-05-0.00057127j],
          [ 4.43782623e-02+0.1354235j ,  9.75113011e-01-0.03950844j,
           -1.10077683e-02+0.16438201j, -1.18980047e-02-0.00075228j],
          [-1.11207592e-02+0.00429618j,  2.44629262e-02+0.16292385j,
            9.75113011e-01-0.03950844j,  1.43365381e-02+0.14178652j],
          [-2.91852033e-04-0.00049554j, -1.11207592e-02+0.00429618j,
            4.43782623e-02+0.1354235j ,  9.20523801e-01-0.36357189j]],
         input_dims=(2, 2), output_dims=(2, 2))"
