unitary
"Operator([[ 7.51403505e-01-0.6097643j , -1.41762372e-01+0.20503453j,
            4.48692312e-03-0.03759624j,  1.78568208e-03+0.00278374j],
          [ 2.43727885e-01+0.05227281j,  9.21403351e-01-0.0627214j ,
           -2.28269959e-01+0.17721563j,  4.48692312e-03-0.03759624j],
          [ 2.34692261e-02+0.02971204j,  2.51219008e-01+0.14283404j,
            9.21403351e-01-0.0627214j , -1.41762372e-01+0.20503453j],
          [ 5.93887188e-04+0.00325349j,  2.34692261e-02+0.02971204j,
            2.43727885e-01+0.05227281j,  7.51403505e-01-0.6097643j ]],
         input_dims=(2, 2), output_dims=(2, 2))"
"Operator([[ 0.75140351-6.09764296e-01j,  0.00227808+2.49259982e-01j,
           -0.03390321-1.68577165e-02j,  0.00220307-2.46664866e-03j],
          [ 0.16908074+1.83159580e-01j,  0.92140335-6.27213955e-02j,
           -0.08445449+2.76369306e-01j, -0.03390321-1.68577165e-02j],
          [-0.02009963+3.20876127e-02j,  0.12302166+2.61492302e-01j,
            0.92140335-6.27213955e-02j,  0.00227808+2.49259982e-01j],
          [-0.0032936 -3.00140252e-04j, -0.02009963+3.20876127e-02j,
            0.16908074+1.83159580e-01j,  0.75140351-6.09764296e-01j]],
         input_dims=(2, 2), output_dims=(2, 2))"
"Operator([[ 0.75140351-0.6097643j ,  0.09183288+0.23173789j,
           -0.03644157+0.01027726j, -0.00121275-0.00307687j],
          [ 0.09183288+0.23173789j,  0.92140335-0.0627214j ,
            0.02066853+0.28824532j, -0.03644157+0.01027726j],
          [-0.03644157+0.01027726j,  0.02066853+0.28824532j,
            0.92140335-0.0627214j ,  0.09183288+0.23173789j],
          [-0.00121275-0.00307687j, -0.03644157+0.01027726j,
            0.09183288+0.23173789j,  0.75140351-0.6097643j ]],
         input_dims=(2, 2), output_dims=(2, 2))"
"Operator([[ 0.75140351-6.09764296e-01j,  0.21994394+1.17304692e-01j,
            0.00420037+3.76293354e-02j, -0.002016  +2.62175597e-03j],
          [-0.07988836+2.36121957e-01j,  0.92140335-6.27213955e-02j,
            0.20223293+2.06432544e-01j,  0.00420037+3.76293354e-02j],
          [-0.0160793 -3.42792360e-02j, -0.17071107+2.33174362e-01j,
            0.92140335-6.27213955e-02j,  0.21994394+1.17304692e-01j],
          [ 0.00326267+5.41170669e-04j, -0.0160793 -3.42792360e-02j,
           -0.07988836+2.36121957e-01j,  0.75140351-6.09764296e-01j]],
         input_dims=(2, 2), output_dims=(2, 2))"
"Operator([[ 7.51403505e-01-0.6097643j ,  2.38140370e-01+0.07365387j,
            1.78586396e-02+0.03338681j, -2.82430468e-04+0.00329516j],
          [-1.23045771e-01+0.21678438j,  9.21403351e-01-0.0627214j ,
            2.37581229e-01+0.16452268j,  1.78586396e-02+0.03338681j],
          [-2.21694529e-03-0.03779808j, -2.11677259e-01+0.1967366j ,
            9.21403351e-01-0.0627214j ,  2.38140370e-01+0.07365387j],
          [ 2.45476994e-03+0.0022163j , -2.21694529e-03-0.03779808j,
           -1.23045771e-01+0.21678438j,  7.51403505e-01-0.6097643j ]],
         input_dims=(2, 2), output_dims=(2, 2))"
"Operator([[ 0.75140351-0.6097643j ,  0.09183288+0.23173789j,
           -0.03644157+0.01027726j, -0.00121275-0.00307687j],
          [ 0.09183288+0.23173789j,  0.92140335-0.0627214j ,
            0.02066853+0.28824532j, -0.03644157+0.01027726j],
          [-0.03644157+0.01027726j,  0.02066853+0.28824532j,
            0.92140335-0.0627214j ,  0.09183288+0.23173789j],
          [-0.00121275-0.00307687j, -0.03644157+0.01027726j,
            0.09183288+0.23173789j,  0.75140351-0.6097643j ]],
         input_dims=(2, 2), output_dims=(2, 2))"
"Operator([[ 0.75140351-0.6097643j ,  0.09183288+0.23173789j,
           -0.03644157+0.01027726j, -0.00121275-0.00307687j],
          [ 0.09183288+0.23173789j,  0.92140335-0.0627214j ,
            0.02066853+0.28824532j, -0.03644157+0.01027726j],
          [-0.03644157+0.01027726j,  0.02066853+0.28824532j,
            0.92140335-0.0627214j ,  0.09183288+0.23173789j],
          [-0.00121275-0.00307687j, -0.03644157+0.01027726j,
            0.09183288+0.23173789j,  0.75140351-0.6097643j ]],
         input_dims=(2, 2), output_dims=(2, 2))"
"Operator([[ 0.75140351-0.6097643j , -0.24729267+0.03133789j,
            0.03688655+0.00854357j, -0.00307343-0.00122143j],
          [ 0.20163195-0.14656154j,  0.92140335-0.0627214j ,
           -0.284334  -0.05164038j,  0.03688655+0.00854357j],
          [ 0.02698739-0.02655731j,  0.27405729-0.09167963j,
            0.92140335-0.0627214j , -0.24729267+0.03133789j],
          [ 0.00141352-0.00298996j,  0.02698739-0.02655731j,
            0.20163195-0.14656154j,  0.75140351-0.6097643j ]],
         input_dims=(2, 2), output_dims=(2, 2))"
"Operator([[ 0.75140351-6.09764296e-01j, -0.21964174+1.17869572e-01j,
            0.03313025-1.83302061e-02j, -0.00248387+2.18364059e-03j],
          [ 0.24076006-6.45780243e-02j,  0.92140335-6.27213955e-02j,
           -0.28395703+5.36745777e-02j,  0.03313025-1.83302061e-02j],
          [ 0.03782572-1.68081742e-03j,  0.28871006+1.26116865e-02j,
            0.92140335-6.27213955e-02j, -0.21964174+1.17869572e-01j],
          [ 0.00330578-9.83457657e-05j,  0.03782572-1.68081742e-03j,
            0.24076006-6.45780243e-02j,  0.75140351-6.09764296e-01j]],
         input_dims=(2, 2), output_dims=(2, 2))"
"Operator([[ 0.75140351-6.09764296e-01j,  0.07700135-2.37079144e-01j,
           -0.01691098-3.38766723e-02j, -0.00328029-4.21402646e-04j],
          [-0.21849627-1.19979625e-01j,  0.92140335-6.27213955e-02j,
            0.16785327-2.35239950e-01j, -0.01691098-3.38766723e-02j],
          [ 0.00328092+3.77206258e-02j, -0.19969907-2.08884739e-01j,
            0.92140335-6.27213955e-02j,  0.07700135-2.37079144e-01j],
          [ 0.0021106 -2.54621897e-03j,  0.00328092+3.77206258e-02j,
           -0.21849627-1.19979625e-01j,  0.75140351-6.09764296e-01j]],
         input_dims=(2, 2), output_dims=(2, 2))"
