unitary
"Operator([[ 8.69959337e-01-4.58005189e-01j,
           -1.61414466e-01+8.34385538e-02j,
            1.60235413e-02-1.12756594e-02j,
           -7.63113875e-04+9.48413549e-04j],
          [ 1.81374760e-01-1.09461596e-02j,
            9.59166425e-01-4.90174130e-02j,
           -2.03123820e-01+5.41964819e-02j,
            1.60235413e-02-1.12756594e-02j],
          [ 1.91191393e-02+4.28402640e-03j,
            2.07674437e-01+3.26783290e-02j,
            9.59166425e-01-4.90174130e-02j,
           -1.61414466e-01+8.34385538e-02j],
          [ 1.14046774e-03+4.25634097e-04j,
            1.91191393e-02+4.28402640e-03j,
            1.81374760e-01-1.09461596e-02j,
            8.69959337e-01-4.58005189e-01j]],
         input_dims=(2, 2), output_dims=(2, 2))"
"Operator([[ 8.69959337e-01-0.45800519j,  4.82361054e-02+0.17518533j,
           -1.92166063e-02+0.00382314j, -3.22371794e-04-0.00117384j],
          [ 4.82361054e-02+0.17518533j,  9.59166425e-01-0.04901741j,
            1.09970339e-02+0.20994192j, -1.92166063e-02+0.00382314j],
          [-1.92166063e-02+0.00382314j,  1.09970339e-02+0.20994192j,
            9.59166425e-01-0.04901741j,  4.82361054e-02+0.17518533j],
          [-3.22371794e-04-0.00117384j, -1.92166063e-02+0.00382314j,
            4.82361054e-02+0.17518533j,  8.69959337e-01-0.45800519j]],
         input_dims=(2, 2), output_dims=(2, 2))"
"Operator([[ 8.69959337e-01-4.58005189e-01j,
           -7.89499186e-02+1.63656752e-01j,
           -6.36489287e-03-1.85305831e-02j,
            1.15715512e-03+3.77919403e-04j],
          [ 1.51594981e-01+1.00177761e-01j,
            9.59166425e-01-4.90174130e-02j,
           -1.29861450e-01+1.65325584e-01j,
           -6.36489287e-03-1.85305831e-02j],
          [ 1.21236517e-03+1.95556780e-02j,
            1.46423322e-01+1.50853425e-01j,
            9.59166425e-01-4.90174130e-02j,
           -7.89499186e-02+1.63656752e-01j],
          [-8.01830340e-04+9.15914380e-04j,
            1.21236517e-03+1.95556780e-02j,
            1.51594981e-01+1.00177761e-01j,
            8.69959337e-01-4.58005189e-01j]],
         input_dims=(2, 2), output_dims=(2, 2))"
"Operator([[ 8.69959337e-01-0.45800519j,  4.82361054e-02+0.17518533j,
           -1.92166063e-02+0.00382314j, -3.22371794e-04-0.00117384j],
          [ 4.82361054e-02+0.17518533j,  9.59166425e-01-0.04901741j,
            1.09970339e-02+0.20994192j, -1.92166063e-02+0.00382314j],
          [-1.92166063e-02+0.00382314j,  1.09970339e-02+0.20994192j,
            9.59166425e-01-0.04901741j,  4.82361054e-02+0.17518533j],
          [-3.22371794e-04-0.00117384j, -1.92166063e-02+0.00382314j,
            4.82361054e-02+0.17518533j,  8.69959337e-01-0.45800519j]],
         input_dims=(2, 2), output_dims=(2, 2))"
"Operator([[ 8.69959337e-01-0.45800519j,  4.82361054e-02+0.17518533j,
           -1.92166063e-02+0.00382314j, -3.22371794e-04-0.00117384j],
          [ 4.82361054e-02+0.17518533j,  9.59166425e-01-0.04901741j,
            1.09970339e-02+0.20994192j, -1.92166063e-02+0.00382314j],
          [-1.92166063e-02+0.00382314j,  1.09970339e-02+0.20994192j,
            9.59166425e-01-0.04901741j,  4.82361054e-02+0.17518533j],
          [-3.22371794e-04-0.00117384j, -1.92166063e-02+0.00382314j,
            4.82361054e-02+0.17518533j,  8.69959337e-01-0.45800519j]],
         input_dims=(2, 2), output_dims=(2, 2))"
"Operator([[ 0.86995934-4.58005189e-01j, -0.17308234+5.53093484e-02j,
            0.01884304-5.36974675e-03j, -0.00112596+4.62651622e-04j],
          [ 0.17699939-4.10833081e-02j,  0.95916643-4.90174130e-02j,
           -0.20932229+1.95122014e-02j,  0.01884304-5.36974675e-03j],
          [ 0.01946345-2.25132608e-03j,  0.21021531-2.46372934e-03j,
            0.95916643-4.90174130e-02j, -0.17308234+5.53093484e-02j],
          [ 0.00120432-1.77312122e-04j,  0.01946345-2.25132608e-03j,
            0.17699939-4.10833081e-02j,  0.86995934-4.58005189e-01j]],
         input_dims=(2, 2), output_dims=(2, 2))"
"Operator([[ 8.69959337e-01-0.45800519j,  4.82361054e-02+0.17518533j,
           -1.92166063e-02+0.00382314j, -3.22371794e-04-0.00117384j],
          [ 4.82361054e-02+0.17518533j,  9.59166425e-01-0.04901741j,
            1.09970339e-02+0.20994192j, -1.92166063e-02+0.00382314j],
          [-1.92166063e-02+0.00382314j,  1.09970339e-02+0.20994192j,
            9.59166425e-01-0.04901741j,  4.82361054e-02+0.17518533j],
          [-3.22371794e-04-0.00117384j, -1.92166063e-02+0.00382314j,
            4.82361054e-02+0.17518533j,  8.69959337e-01-0.45800519j]],
         input_dims=(2, 2), output_dims=(2, 2))"
"Operator([[ 0.86995934-4.58005189e-01j, -0.14122352-1.14335211e-01j,
           -0.00256576+1.94245007e-02j,  0.00103017-6.48520528e-04j],
          [ 0.06279333-1.70509881e-01j,  0.95916643-4.90174130e-02j,
           -0.13118718-1.64275586e-01j, -0.00256576+1.94245007e-02j],
          [-0.00980512-1.69633153e-02j,  0.1133064 -1.77082481e-01j,
            0.95916643-4.90174130e-02j, -0.14122352-1.14335211e-01j],
          [-0.0012169 -3.14089347e-05j, -0.00980512-1.69633153e-02j,
            0.06279333-1.70509881e-01j,  0.86995934-4.58005189e-01j]],
         input_dims=(2, 2), output_dims=(2, 2))"
"Operator([[ 0.86995934-4.58005189e-01j, -0.13938804-1.16565841e-01j,
           -0.00318198+1.93331152e-02j,  0.00105992-5.98668690e-04j],
          [ 0.06007474-1.71486581e-01j,  0.95916643-4.90174130e-02j,
           -0.12855906-1.66340354e-01j, -0.00318198+1.93331152e-02j],
          [-0.01033944-1.66430300e-02j,  0.11047694-1.78861374e-01j,
            0.95916643-4.90174130e-02j, -0.13938804-1.16565841e-01j],
          [-0.00121701+2.66436218e-05j, -0.01033944-1.66430300e-02j,
            0.06007474-1.71486581e-01j,  0.86995934-4.58005189e-01j]],
         input_dims=(2, 2), output_dims=(2, 2))"
"Operator([[ 0.86995934-4.58005189e-01j, -0.14338189-1.11616555e-01j,
           -0.00182189+1.95083334e-02j,  0.00099133-7.06465045e-04j],
          [ 0.06603912-1.69279226e-01j,  0.95916643-4.90174130e-02j,
           -0.1343014 -1.61739541e-01j, -0.00182189+1.95083334e-02j],
          [-0.00914998-1.73254805e-02j,  0.11666853-1.74885676e-01j,
            0.95916643-4.90174130e-02j, -0.14338189-1.11616555e-01j],
          [-0.0012131 -1.01062715e-04j, -0.00914998-1.73254805e-02j,
            0.06603912-1.69279226e-01j,  0.86995934-4.58005189e-01j]],
         input_dims=(2, 2), output_dims=(2, 2))"
"Operator([[ 8.69959337e-01-4.58005189e-01j,
           -1.47163075e-01-1.06581665e-01j,
           -4.66488271e-04+1.95876686e-02j,
            9.12663966e-04-8.05528107e-04j],
          [ 7.18646315e-02-1.66889475e-01j,
            9.59166425e-01-4.90174130e-02j,
           -1.39824689e-01-1.56989176e-01j,
           -4.66488271e-04+1.95876686e-02j],
          [-7.92814919e-03-1.79175562e-02j,
            1.22657890e-01-1.70738358e-01j,
            9.59166425e-01-4.90174130e-02j,
           -1.47163075e-01-1.06581665e-01j],
          [-1.19606432e-03-2.26409350e-04j,
           -7.92814919e-03-1.79175562e-02j,
            7.18646315e-02-1.66889475e-01j,
            8.69959337e-01-4.58005189e-01j]],
         input_dims=(2, 2), output_dims=(2, 2))"
"Operator([[ 0.86995934-4.58005189e-01j, -0.14358114-1.11360129e-01j,
           -0.00175215+1.95147209e-02j,  0.00098753-7.11769909e-04j],
          [ 0.06634155-1.69160932e-01j,  0.95916643-4.90174130e-02j,
           -0.13459024-1.61499263e-01j, -0.00175215+1.95147209e-02j],
          [-0.00908799-1.73580749e-02j,  0.11698089-1.74676890e-01j,
            0.95916643-4.90174130e-02j, -0.14358114-1.11360129e-01j],
          [-0.00121254-1.07565304e-04j, -0.00908799-1.73580749e-02j,
            0.06634155-1.69160932e-01j,  0.86995934-4.58005189e-01j]],
         input_dims=(2, 2), output_dims=(2, 2))"
"Operator([[ 0.86995934-4.58005189e-01j, -0.11951212-1.36870283e-01j,
           -0.00898141+1.74134612e-02j,  0.0012161 -5.42260682e-05j],
          [ 0.03260677-1.78755198e-01j,  0.95916643-4.90174130e-02j,
           -0.10105605-1.84348093e-01j, -0.00898141+1.74134612e-02j],
          [-0.0149625 -1.26498228e-02j,  0.08124307-1.93897160e-01j,
            0.95916643-4.90174130e-02j, -0.11951212-1.36870283e-01j],
          [-0.00107322+5.74486835e-04j, -0.0149625 -1.26498228e-02j,
            0.03260677-1.78755198e-01j,  0.86995934-4.58005189e-01j]],
         input_dims=(2, 2), output_dims=(2, 2))"
"Operator([[ 8.69959337e-01-0.45800519j,  4.82361054e-02+0.17518533j,
           -1.92166063e-02+0.00382314j, -3.22371794e-04-0.00117384j],
          [ 4.82361054e-02+0.17518533j,  9.59166425e-01-0.04901741j,
            1.09970339e-02+0.20994192j, -1.92166063e-02+0.00382314j],
          [-1.92166063e-02+0.00382314j,  1.09970339e-02+0.20994192j,
            9.59166425e-01-0.04901741j,  4.82361054e-02+0.17518533j],
          [-3.22371794e-04-0.00117384j, -1.92166063e-02+0.00382314j,
            4.82361054e-02+0.17518533j,  8.69959337e-01-0.45800519j]],
         input_dims=(2, 2), output_dims=(2, 2))"
