unitary
"Operator([[ 8.49807622e-01-0.48915947j, -1.94904482e-01-0.00678418j,
            2.05387632e-02+0.00959653j, -1.17623103e-03-0.00095938j],
          [ 1.59425375e-01-0.1123269j ,  9.52785453e-01-0.05202104j,
           -2.17646003e-01-0.05980127j,  2.05387632e-02+0.00959653j],
          [ 1.47896768e-02-0.01718137j,  2.09574383e-01-0.0838126j ,
            9.52785453e-01-0.05202104j, -1.94904482e-01-0.00678418j],
          [ 4.61963827e-04-0.00144587j,  1.47896768e-02-0.01718137j,
            1.59425375e-01-0.1123269j ,  8.49807622e-01-0.48915947j]],
         input_dims=(2, 2), output_dims=(2, 2))"
"Operator([[ 8.49807622e-01-0.48915947j, -1.42330474e-01+0.13332599j,
            9.50854912e-03-0.02057964j,  1.63023922e-04+0.00150909j],
          [ 1.92086177e-01+0.03371473j,  9.52785453e-01-0.05202104j,
           -1.95945582e-01+0.1120326j ,  9.50854912e-03-0.02057964j],
          [ 1.71179271e-02+0.01486307j,  2.07265177e-01+0.08937069j,
            9.52785453e-01-0.05202104j, -1.42330474e-01+0.13332599j],
          [ 6.87049814e-04+0.00135348j,  1.71179271e-02+0.01486307j,
            1.92086177e-01+0.03371473j,  8.49807622e-01-0.48915947j]],
         input_dims=(2, 2), output_dims=(2, 2))"
"Operator([[ 0.84980762-4.89159468e-01j, -0.01566885+1.94392051e-01j,
           -0.01957858-1.14286280e-02j,  0.00111094-1.03428463e-03j],
          [ 0.11948308+1.54134924e-01j,  0.95278545-5.20210443e-02j,
           -0.06966822+2.14691204e-01j, -0.01957858-1.14286280e-02j],
          [-0.01316209+1.84578895e-02j,  0.09328632+2.05532568e-01j,
            0.95278545-5.20210443e-02j, -0.01566885+1.94392051e-01j],
          [-0.00149539-2.60304805e-04j, -0.01316209+1.84578895e-02j,
            0.11948308+1.54134924e-01j,  0.84980762-4.89159468e-01j]],
         input_dims=(2, 2), output_dims=(2, 2))"
"Operator([[ 8.49807622e-01-0.48915947j,  6.41892465e-02+0.18415625j,
           -2.16355667e-02+0.00677026j, -6.27709556e-04-0.001382j  ],
          [ 4.70399705e-02+0.18926443j,  9.52785453e-01-0.05202104j,
            2.29910754e-02+0.22453816j, -2.16355667e-02+0.00677026j],
          [-2.25079013e-02+0.00270713j,  2.31395729e-03+0.22570029j,
            9.52785453e-01-0.05202104j,  6.41892465e-02+0.18415625j],
          [-2.28312819e-04-0.0015006j , -2.25079013e-02+0.00270713j,
            4.70399705e-02+0.18926443j,  8.49807622e-01-0.48915947j]],
         input_dims=(2, 2), output_dims=(2, 2))"
"Operator([[ 8.49807622e-01-0.48915947j,  5.56732257e-02+0.18690713j,
           -2.21650333e-02+0.00475873j, -4.32099984e-04-0.00145507j],
          [ 5.56732257e-02+0.18690713j,  9.52785453e-01-0.05202104j,
            1.26658519e-02+0.2253565j , -2.21650333e-02+0.00475873j],
          [-2.21650333e-02+0.00475873j,  1.26658519e-02+0.2253565j ,
            9.52785453e-01-0.05202104j,  5.56732257e-02+0.18690713j],
          [-4.32099984e-04-0.00145507j, -2.21650333e-02+0.00475873j,
            5.56732257e-02+0.18690713j,  8.49807622e-01-0.48915947j]],
         input_dims=(2, 2), output_dims=(2, 2))"
"Operator([[ 0.84980762-4.89159468e-01j,  0.13592939+1.39846287e-01j,
           -0.00874279+2.09164492e-02j, -0.00149776+2.46267754e-04j],
          [-0.03725312+1.91431418e-01j,  0.95278545-5.20210443e-02j,
            0.11562886+1.93845147e-01j, -0.00874279+2.09164492e-02j],
          [-0.0165579 -1.54845146e-02j, -0.09317967+2.05580943e-01j,
            0.95278545-5.20210443e-02j,  0.13592939+1.39846287e-01j],
          [ 0.00138942-6.11113658e-04j, -0.0165579 -1.54845146e-02j,
           -0.03725312+1.91431418e-01j,  0.84980762-4.89159468e-01j]],
         input_dims=(2, 2), output_dims=(2, 2))"
"Operator([[ 8.49807622e-01-0.48915947j,  5.56732257e-02+0.18690713j,
           -2.21650333e-02+0.00475873j, -4.32099984e-04-0.00145507j],
          [ 5.56732257e-02+0.18690713j,  9.52785453e-01-0.05202104j,
            1.26658519e-02+0.2253565j , -2.21650333e-02+0.00475873j],
          [-2.21650333e-02+0.00475873j,  1.26658519e-02+0.2253565j ,
            9.52785453e-01-0.05202104j,  5.56732257e-02+0.18690713j],
          [-4.32099984e-04-0.00145507j, -2.21650333e-02+0.00475873j,
            5.56732257e-02+0.18690713j,  8.49807622e-01-0.48915947j]],
         input_dims=(2, 2), output_dims=(2, 2))"
"Operator([[ 8.49807622e-01-4.89159468e-01j,
            1.61791583e-01+1.08891073e-01j,
            4.19184718e-04+2.26662404e-02j,
           -1.07418066e-03+1.07241494e-03j],
          [-7.58382793e-02+1.79672863e-01j,
            9.52785453e-01-5.20210443e-02j,
            1.53034136e-01+1.65911204e-01j,
            4.19184718e-04+2.26662404e-02j],
          [-8.92157049e-03-2.08408193e-02j,
           -1.33479461e-01+1.82014307e-01j,
            9.52785453e-01-5.20210443e-02j,
            1.61791583e-01+1.08891073e-01j],
          [ 1.48539373e-03+3.12319296e-04j,
           -8.92157049e-03-2.08408193e-02j,
           -7.58382793e-02+1.79672863e-01j,
            8.49807622e-01-4.89159468e-01j]],
         input_dims=(2, 2), output_dims=(2, 2))"
"Operator([[ 8.49807622e-01-0.48915947j,  5.56732257e-02+0.18690713j,
           -2.21650333e-02+0.00475873j, -4.32099984e-04-0.00145507j],
          [ 5.56732257e-02+0.18690713j,  9.52785453e-01-0.05202104j,
            1.26658519e-02+0.2253565j , -2.21650333e-02+0.00475873j],
          [-2.21650333e-02+0.00475873j,  1.26658519e-02+0.2253565j ,
            9.52785453e-01-0.05202104j,  5.56732257e-02+0.18690713j],
          [-4.32099984e-04-0.00145507j, -2.21650333e-02+0.00475873j,
            5.56732257e-02+0.18690713j,  8.49807622e-01-0.48915947j]],
         input_dims=(2, 2), output_dims=(2, 2))"
"Operator([[ 8.49807622e-01-0.48915947j,  1.88485152e-01+0.05007125j,
            1.43248258e-02+0.01757081j,  3.19397650e-04+0.00148389j],
          [-1.30366358e-01+0.14504618j,  9.52785453e-01-0.05202104j,
            1.98832941e-01+0.10682432j,  1.43248258e-02+0.01757081j],
          [ 5.85014273e-03-0.02190228j, -1.85610713e-01+0.12843145j,
            9.52785453e-01-0.05202104j,  1.88485152e-01+0.05007125j],
          [ 5.42264354e-04+0.0014177j ,  5.85014273e-03-0.02190228j,
           -1.30366358e-01+0.14504618j,  8.49807622e-01-0.48915947j]],
         input_dims=(2, 2), output_dims=(2, 2))"
"Operator([[ 8.49807622e-01-0.48915947j, -5.86190532e-02-0.18600427j,
           -2.20036306e-02+0.00545659j,  5.00553745e-04+0.00143296j],
          [-5.27135024e-02-0.18776333j,  9.52785453e-01-0.05202104j,
           -1.62244732e-02-0.22512828j, -2.20036306e-02+0.00545659j],
          [-2.23043082e-02+0.00405611j, -9.10406935e-03-0.22552847j,
            9.52785453e-01-0.05202104j, -5.86190532e-02-0.18600427j],
          [ 3.62675732e-04+0.00147391j, -2.23043082e-02+0.00405611j,
           -5.27135024e-02-0.18776333j,  8.49807622e-01-0.48915947j]],
         input_dims=(2, 2), output_dims=(2, 2))"
"Operator([[ 8.49807622e-01-0.48915947j, -1.55049109e-02-0.1944052j ,
           -2.21799073e-02-0.00468891j, -5.07713519e-04+0.00143044j],
          [-9.33974397e-02-0.17120368j,  9.52785453e-01-0.05202104j,
            3.45702159e-02-0.22304904j, -2.21799073e-02-0.00468891j],
          [-1.83006243e-02+0.01337988j, -5.93458784e-02-0.21777062j,
            9.52785453e-01-0.05202104j, -1.55049109e-02-0.1944052j ],
          [ 1.20614768e-03+0.00092149j, -1.83006243e-02+0.01337988j,
           -9.33974397e-02-0.17120368j,  8.49807622e-01-0.48915947j]],
         input_dims=(2, 2), output_dims=(2, 2))"
"Operator([[ 0.84980762-4.89159468e-01j, -0.17241894+9.11344733e-02j,
            0.01864669-1.28932221e-02j, -0.00096842+1.16880472e-03j],
          [ 0.19418412-1.80640107e-02j,  0.95278545-5.20210443e-02j,
           -0.21853335+5.64725483e-02j,  0.01864669-1.28932221e-02j],
          [ 0.02229571+4.10308645e-03j,  0.22348501+3.16295145e-02j,
            0.95278545-5.20210443e-02j, -0.17241894+9.11344733e-02j],
          [ 0.00144938+4.50810699e-04j,  0.02229571+4.10308645e-03j,
            0.19418412-1.80640107e-02j,  0.84980762-4.89159468e-01j]],
         input_dims=(2, 2), output_dims=(2, 2))"
