unitary
"Operator([[ 0.6967498 -0.66116202j,  0.11179695+0.25045957j,
           -0.04427972+0.01395935j, -0.0018299 -0.00412768j],
          [ 0.11179695+0.25045957j,  0.90380399-0.06663156j,
            0.02500247+0.31731586j, -0.04427972+0.01395935j],
          [-0.04427972+0.01395935j,  0.02500247+0.31731586j,
            0.90380399-0.06663156j,  0.11179695+0.25045957j],
          [-0.0018299 -0.00412768j, -0.04427972+0.01395935j,
            0.11179695+0.25045957j,  0.6967498 -0.66116202j]],
         input_dims=(2, 2), output_dims=(2, 2))"
"Operator([[ 0.6967498 -0.66116202j,  0.11179695+0.25045957j,
           -0.04427972+0.01395935j, -0.0018299 -0.00412768j],
          [ 0.11179695+0.25045957j,  0.90380399-0.06663156j,
            0.02500247+0.31731586j, -0.04427972+0.01395935j],
          [-0.04427972+0.01395935j,  0.02500247+0.31731586j,
            0.90380399-0.06663156j,  0.11179695+0.25045957j],
          [-0.0018299 -0.00412768j, -0.04427972+0.01395935j,
            0.11179695+0.25045957j,  0.6967498 -0.66116202j]],
         input_dims=(2, 2), output_dims=(2, 2))"
"Operator([[ 0.6967498 -0.66116202j,  0.25055073+0.11159248j,
            0.00915579+0.04551624j, -0.00227646+0.00389923j],
          [-0.08422608+0.2610259j ,  0.90380399-0.06663156j,
            0.23066872+0.21933176j,  0.00915579+0.04551624j],
          [-0.01860359-0.04253779j, -0.19347157+0.25275132j,
            0.90380399-0.06663156j,  0.25055073+0.11159248j],
          [ 0.004418  +0.00093142j, -0.01860359-0.04253779j,
           -0.08422608+0.2610259j ,  0.6967498 -0.66116202j]],
         input_dims=(2, 2), output_dims=(2, 2))"
"Operator([[ 0.6967498 -0.66116202j,  0.24350542-0.12622861j,
            0.04235069-0.01902566j,  0.00374542-0.00252154j],
          [-0.2565593 +0.09698392j,  0.90380399-0.06663156j,
            0.31531492-0.04348538j,  0.04235069-0.01902566j],
          [ 0.04560504-0.00870273j, -0.31823431+0.00643427j,
            0.90380399-0.06663156j,  0.24350542-0.12622861j],
          [-0.00438351+0.00108221j,  0.04560504-0.00870273j,
           -0.2565593 +0.09698392j,  0.6967498 -0.66116202j]],
         input_dims=(2, 2), output_dims=(2, 2))"
"Operator([[ 0.6967498 -0.66116202j,  0.11179695+0.25045957j,
           -0.04427972+0.01395935j, -0.0018299 -0.00412768j],
          [ 0.11179695+0.25045957j,  0.90380399-0.06663156j,
            0.02500247+0.31731586j, -0.04427972+0.01395935j],
          [-0.04427972+0.01395935j,  0.02500247+0.31731586j,
            0.90380399-0.06663156j,  0.11179695+0.25045957j],
          [-0.0018299 -0.00412768j, -0.04427972+0.01395935j,
            0.11179695+0.25045957j,  0.6967498 -0.66116202j]],
         input_dims=(2, 2), output_dims=(2, 2))"
"Operator([[ 0.6967498 -6.61162025e-01j, -0.01336962-2.73952197e-01j,
           -0.04207008-1.96383705e-02j, -0.00289456+3.46523308e-03j],
          [-0.19500688-1.92875267e-01j,  0.90380399-6.66315600e-02j,
            0.09176041-3.04786001e-01j, -0.04207008-1.96383705e-02j],
          [-0.02320097+4.02153219e-02j, -0.13836211-2.86653809e-01j,
            0.90380399-6.66315600e-02j, -0.01336962-2.73952197e-01j],
          [ 0.00451145+1.81971233e-04j, -0.02320097+4.02153219e-02j,
           -0.19500688-1.92875267e-01j,  0.6967498 -6.61162025e-01j]],
         input_dims=(2, 2), output_dims=(2, 2))"
