unitary
"Operator([[ 9.05698036e-01-0.39428106j,  3.50208811e-02+0.15108236j,
           -1.39677146e-02+0.00234937j, -1.68104948e-04-0.00072655j],
          [ 3.50208811e-02+0.15108236j,  9.70446769e-01-0.04265846j,
            8.01347011e-03+0.17915398j, -1.39677146e-02+0.00234937j],
          [-1.39677146e-02+0.00234937j,  8.01347011e-03+0.17915398j,
            9.70446769e-01-0.04265846j,  3.50208811e-02+0.15108236j],
          [-1.68104948e-04-0.00072655j, -1.39677146e-02+0.00234937j,
            3.50208811e-02+0.15108236j,  9.05698036e-01-0.39428106j]],
         input_dims=(2, 2), output_dims=(2, 2))"
"Operator([[ 9.05698036e-01-0.39428106j,  3.50208811e-02+0.15108236j,
           -1.39677146e-02+0.00234937j, -1.68104948e-04-0.00072655j],
          [ 3.50208811e-02+0.15108236j,  9.70446769e-01-0.04265846j,
            8.01347011e-03+0.17915398j, -1.39677146e-02+0.00234937j],
          [-1.39677146e-02+0.00234937j,  8.01347011e-03+0.17915398j,
            9.70446769e-01-0.04265846j,  3.50208811e-02+0.15108236j],
          [-1.68104948e-04-0.00072655j, -1.39677146e-02+0.00234937j,
            3.50208811e-02+0.15108236j,  9.05698036e-01-0.39428106j]],
         input_dims=(2, 2), output_dims=(2, 2))"
"Operator([[ 9.05698036e-01-0.39428106j,  3.50208811e-02+0.15108236j,
           -1.39677146e-02+0.00234937j, -1.68104948e-04-0.00072655j],
          [ 3.50208811e-02+0.15108236j,  9.70446769e-01-0.04265846j,
            8.01347011e-03+0.17915398j, -1.39677146e-02+0.00234937j],
          [-1.39677146e-02+0.00234937j,  8.01347011e-03+0.17915398j,
            9.70446769e-01-0.04265846j,  3.50208811e-02+0.15108236j],
          [-1.68104948e-04-0.00072655j, -1.39677146e-02+0.00234937j,
            3.50208811e-02+0.15108236j,  9.05698036e-01-0.39428106j]],
         input_dims=(2, 2), output_dims=(2, 2))"
"Operator([[ 9.05698036e-01-3.94281058e-01j,
            1.67543040e-02-1.54180530e-01j,
           -1.23931720e-02-6.85754318e-03j,
           -5.24829481e-04+5.29800444e-04j],
          [-8.28789604e-02-1.31085546e-01j,
            9.70446769e-01-4.26584628e-02j,
            5.15074184e-02-1.71777039e-01j,
           -1.23931720e-02-6.85754318e-03j],
          [-9.46781319e-03+1.05345681e-02j,
           -6.66380474e-02-1.66492450e-01j,
            9.70446769e-01-4.26584628e-02j,
            1.67543040e-02-1.54180530e-01j],
          [ 7.04198937e-04+2.45435025e-04j,
           -9.46781319e-03+1.05345681e-02j,
           -8.28789604e-02-1.31085546e-01j,
            9.05698036e-01-3.94281058e-01j]],
         input_dims=(2, 2), output_dims=(2, 2))"
"Operator([[ 9.05698036e-01-0.39428106j, -7.63710781e-03-0.15490002j,
           -1.39079932e-02-0.00268036j, -2.26194121e-04+0.00071061j],
          [-6.12916004e-02-0.14246292j,  9.70446769e-01-0.04265846j,
            2.39257147e-02-0.17772992j, -1.39079932e-02-0.00268036j],
          [-1.22658252e-02+0.00708281j, -3.96979662e-02-0.17488407j,
            9.70446769e-01-0.04265846j, -7.63710781e-03-0.15490002j],
          [ 5.15332184e-04+0.00053904j, -1.22658252e-02+0.00708281j,
           -6.12916004e-02-0.14246292j,  9.05698036e-01-0.39428106j]],
         input_dims=(2, 2), output_dims=(2, 2))"
"Operator([[ 9.05698036e-01-3.94281058e-01j,
           -2.09569726e-02-1.53665701e-01j,
           -1.41616691e-02-2.52469581e-04j,
           -3.67699161e-05+7.44837209e-04j],
          [-4.87870798e-02-1.47214684e-01j,
            9.70446769e-01-4.26584628e-02j,
            8.52110898e-03-1.79130556e-01j,
           -1.41616691e-02-2.52469581e-04j],
          [-1.32998156e-02+4.87150035e-03j,
           -2.44799273e-02-1.77654435e-01j,
            9.70446769e-01-4.26584628e-02j,
           -2.09569726e-02-1.53665701e-01j],
          [ 3.60191169e-04+6.52990671e-04j,
           -1.32998156e-02+4.87150035e-03j,
           -4.87870798e-02-1.47214684e-01j,
            9.05698036e-01-3.94281058e-01j]],
         input_dims=(2, 2), output_dims=(2, 2))"
"Operator([[ 9.05698036e-01-0.39428106j, -1.92578523e-02-0.15388787j,
           -1.41526327e-02-0.00056533j, -6.14346538e-05+0.00074321j],
          [-5.04106660e-02-0.14666665j,  9.70446769e-01-0.04265846j,
            1.04997892e-02-0.17902547j, -1.41526327e-02-0.00056533j],
          [-1.31889253e-02+0.00516419j, -2.64413238e-02-0.17737311j,
            9.70446769e-01-0.04265846j, -1.92578523e-02-0.15388787j],
          [ 3.81634322e-04+0.00064069j, -1.31889253e-02+0.00516419j,
           -5.04106660e-02-0.14666665j,  9.05698036e-01-0.39428106j]],
         input_dims=(2, 2), output_dims=(2, 2))"
"Operator([[ 9.05698036e-01-0.39428106j, -1.30355306e-03-0.1550827j ,
           -1.36427971e-02-0.00380666j, -3.11382235e-04+0.00067762j],
          [-6.70596116e-02-0.13984045j,  9.70446769e-01-0.04265846j,
            3.11654577e-02-0.1766043j , -1.36427971e-02-0.00380666j],
          [-1.16467569e-02+0.00806038j, -4.68083016e-02-0.17311657j,
            9.70446769e-01-0.04265846j, -1.30355306e-03-0.1550827j ],
          [ 5.77373406e-04+0.00047199j, -1.16467569e-02+0.00806038j,
           -6.70596116e-02-0.13984045j,  9.05698036e-01-0.39428106j]],
         input_dims=(2, 2), output_dims=(2, 2))"
"Operator([[ 9.05698036e-01-3.94281058e-01j,
            3.06490942e-02-1.52029522e-01j,
           -1.09528383e-02-8.98064280e-03j,
           -6.47896839e-04+3.69275211e-04j],
          [-9.44103636e-02-1.23040748e-01j,
            9.70446769e-01-4.26584628e-02j,
            6.68530469e-02-1.66406236e-01j,
           -1.09528383e-02-8.98064280e-03j],
          [-7.41217315e-03+1.20696438e-02j,
           -8.14428861e-02-1.59773031e-01j,
            9.70446769e-01-4.26584628e-02j,
            3.06490942e-02-1.52029522e-01j],
          [ 7.44251073e-04+4.71681552e-05j,
           -7.41217315e-03+1.20696438e-02j,
           -9.44103636e-02-1.23040748e-01j,
            9.05698036e-01-3.94281058e-01j]],
         input_dims=(2, 2), output_dims=(2, 2))"
"Operator([[ 9.05698036e-01-3.94281058e-01j,
            7.01675114e-02-1.38307132e-01j,
           -4.76207965e-03-1.33393856e-02j,
           -7.13822176e-04-2.15852717e-04j],
          [-1.23861277e-01-9.33312726e-02j,
            9.70446769e-01-4.26584628e-02j,
            1.08896903e-01-1.42484490e-01j,
           -4.76207965e-03-1.33393856e-02j],
          [-1.36124720e-04+1.41632652e-02j,
           -1.21183098e-01-1.32193123e-01j,
            9.70446769e-01-4.26584628e-02j,
            7.01675114e-02-1.38307132e-01j],
          [ 5.46468300e-04-5.07451369e-04j,
           -1.36124720e-04+1.41632652e-02j,
           -1.23861277e-01-9.33312726e-02j,
            9.05698036e-01-3.94281058e-01j]],
         input_dims=(2, 2), output_dims=(2, 2))"
"Operator([[ 9.05698036e-01-0.39428106j,  1.09966340e-01-0.10936063j,
            4.11038906e-03-0.01355438j, -2.35403368e-04-0.00070762j],
          [-1.46865999e-01-0.04982691j,  9.70446769e-01-0.04265846j,
            1.48054647e-01-0.10119381j,  4.11038906e-03-0.01355438j],
          [ 8.31846358e-03+0.01146385j, -1.56498019e-01-0.08757132j,
            9.70446769e-01-0.04265846j,  1.09966340e-01-0.10936063j],
          [-9.93291333e-05-0.0007391j ,  8.31846358e-03+0.01146385j,
           -1.46865999e-01-0.04982691j,  9.05698036e-01-0.39428106j]],
         input_dims=(2, 2), output_dims=(2, 2))"
