unitary
"Operator([[ 9.20523801e-01-0.36357189j, -5.55660297e-02-0.13123022j,
           -1.02474921e-02+0.0060924j ,  4.06025087e-04+0.00040728j],
          [-2.40942252e-03-0.14248912j,  9.75113011e-01-0.03950844j,
           -3.80242481e-02-0.16030212j, -1.02474921e-02+0.0060924j ],
          [-1.16054527e-02-0.00272799j,  2.47385202e-02-0.16288223j,
            9.75113011e-01-0.03950844j, -5.55660297e-02-0.13123022j],
          [-2.06370419e-04+0.00053679j, -1.16054527e-02-0.00272799j,
           -2.40942252e-03-0.14248912j,  9.20523801e-01-0.36357189j]],
         input_dims=(2, 2), output_dims=(2, 2))"
"Operator([[ 9.20523801e-01-3.63571888e-01j,
           -1.07216605e-01-9.38805327e-02j,
           -1.57201468e-03+1.18176651e-02j,
            4.85318221e-04-3.08548477e-04j],
          [ 5.99483189e-02-1.29287099e-01j,
            9.75113011e-01-3.95084415e-02j,
           -1.04103042e-01-1.27691705e-01j,
           -1.57201468e-03+1.18176651e-02j],
          [-5.05379042e-03-1.07975757e-02j,
            9.32709814e-02-1.35805518e-01j,
            9.75113011e-01-3.95084415e-02j,
           -1.07216605e-01-9.38805327e-02j],
          [-5.68683192e-04-8.56467483e-05j,
           -5.05379042e-03-1.07975757e-02j,
            5.99483189e-02-1.29287099e-01j,
            9.20523801e-01-3.63571888e-01j]],
         input_dims=(2, 2), output_dims=(2, 2))"
"Operator([[ 9.20523801e-01-0.36357189j,  2.95292899e-02+0.13941656j,
           -1.17829369e-02+0.00181407j, -1.18990440e-04-0.00056265j],
          [ 2.95292899e-02+0.13941656j,  9.75113011e-01-0.03950844j,
            6.76696943e-03+0.16461113j, -1.17829369e-02+0.00181407j],
          [-1.17829369e-02+0.00181407j,  6.76696943e-03+0.16461113j,
            9.75113011e-01-0.03950844j,  2.95292899e-02+0.13941656j],
          [-1.18990440e-04-0.00056265j, -1.17829369e-02+0.00181407j,
            2.95292899e-02+0.13941656j,  9.20523801e-01-0.36357189j]],
         input_dims=(2, 2), output_dims=(2, 2))"
"Operator([[ 9.20523801e-01-0.36357189j,  2.95292899e-02+0.13941656j,
           -1.17829369e-02+0.00181407j, -1.18990440e-04-0.00056265j],
          [ 2.95292899e-02+0.13941656j,  9.75113011e-01-0.03950844j,
            6.76696943e-03+0.16461113j, -1.17829369e-02+0.00181407j],
          [-1.17829369e-02+0.00181407j,  6.76696943e-03+0.16461113j,
            9.75113011e-01-0.03950844j,  2.95292899e-02+0.13941656j],
          [-1.18990440e-04-0.00056265j, -1.17829369e-02+0.00181407j,
            2.95292899e-02+0.13941656j,  9.20523801e-01-0.36357189j]],
         input_dims=(2, 2), output_dims=(2, 2))"
"Operator([[ 9.20523801e-01-3.63571888e-01j,
           -1.38827659e-01+3.21844048e-02j,
            1.17051319e-02-2.26237165e-03j,
           -5.54921260e-04+1.50991169e-04j],
          [ 1.39954677e-01-2.68634207e-02j,
            9.75113011e-01-3.95084415e-02j,
           -1.64452016e-01+9.90701830e-03j,
            1.17051319e-02-2.26237165e-03j],
          [ 1.18435783e-02-1.36311829e-03j,
            1.64710285e-01-3.62445607e-03j,
            9.75113011e-01-3.95084415e-02j,
           -1.38827659e-01+3.21844048e-02j],
          [ 5.68538843e-04-8.65997834e-05j,
            1.18435783e-02-1.36311829e-03j,
            1.39954677e-01-2.68634207e-02j,
            9.20523801e-01-3.63571888e-01j]],
         input_dims=(2, 2), output_dims=(2, 2))"
"Operator([[ 9.20523801e-01-3.63571888e-01j,
           -1.33699580e-01+4.93292724e-02j,
            1.07748462e-02-5.10207084e-03j,
           -4.60377443e-04+3.44657145e-04j],
          [ 1.42217899e-01-9.11175860e-03j,
            9.75113011e-01-3.95084415e-02j,
           -1.61913828e-01+3.04389079e-02j,
            1.07748462e-02-5.10207084e-03j],
          [ 1.18105102e-02+1.62489600e-03j,
            1.63865896e-01+1.70464873e-02j,
            9.75113011e-01-3.95084415e-02j,
           -1.33699580e-01+4.93292724e-02j],
          [ 5.60496640e-04+1.28761231e-04j,
            1.18105102e-02+1.62489600e-03j,
            1.42217899e-01-9.11175860e-03j,
            9.20523801e-01-3.63571888e-01j]],
         input_dims=(2, 2), output_dims=(2, 2))"
