unitary
"Operator([[ 0.6967498 -0.66116202j,  0.11179695+0.25045957j,
           -0.04427972+0.01395935j, -0.0018299 -0.00412768j],
          [ 0.11179695+0.25045957j,  0.90380399-0.06663156j,
            0.02500247+0.31731586j, -0.04427972+0.01395935j],
          [-0.04427972+0.01395935j,  0.02500247+0.31731586j,
            0.90380399-0.06663156j,  0.11179695+0.25045957j],
          [-0.0018299 -0.00412768j, -0.04427972+0.01395935j,
            0.11179695+0.25045957j,  0.6967498 -0.66116202j]],
         input_dims=(2, 2), output_dims=(2, 2))"
"Operator([[ 0.6967498 -0.66116202j,  0.16374779-0.22003458j,
            0.011172  -0.04506377j, -0.00167507-0.00419291j],
          [-0.27313424-0.02502474j,  0.90380399-0.06663156j,
            0.26451876-0.17704322j,  0.011172  -0.04506377j],
          [ 0.03499659+0.03050894j, -0.28898215-0.13343087j,
            0.90380399-0.06663156j,  0.16374779-0.22003458j],
          [-0.0019822 -0.00405674j,  0.03499659+0.03050894j,
           -0.27313424-0.02502474j,  0.6967498 -0.66116202j]],
         input_dims=(2, 2), output_dims=(2, 2))"
"Operator([[ 0.6967498 -0.66116202j,  0.11179695+0.25045957j,
           -0.04427972+0.01395935j, -0.0018299 -0.00412768j],
          [ 0.11179695+0.25045957j,  0.90380399-0.06663156j,
            0.02500247+0.31731586j, -0.04427972+0.01395935j],
          [-0.04427972+0.01395935j,  0.02500247+0.31731586j,
            0.90380399-0.06663156j,  0.11179695+0.25045957j],
          [-0.0018299 -0.00412768j, -0.04427972+0.01395935j,
            0.11179695+0.25045957j,  0.6967498 -0.66116202j]],
         input_dims=(2, 2), output_dims=(2, 2))"
"Operator([[ 6.96749798e-01-6.61162025e-01j,
           -2.03671636e-01-1.83701980e-01j,
           -1.94073839e-02+4.21771313e-02j,
            4.49357967e-03-4.40504211e-04j],
          [-7.55280704e-04-2.74277200e-01j,
            9.03803987e-01-6.66315600e-02j,
           -1.51400066e-01-2.79986605e-01j,
           -1.94073839e-02+4.21771313e-02j],
          [-4.00874948e-02-2.34211382e-02j,
            1.05681661e-01-3.00243011e-01j,
            9.03803987e-01-6.66315600e-02j,
           -2.03671636e-01-1.83701980e-01j],
          [-3.34381897e-03+3.03400344e-03j,
           -4.00874948e-02-2.34211382e-02j,
           -7.55280704e-04-2.74277200e-01j,
            6.96749798e-01-6.61162025e-01j]],
         input_dims=(2, 2), output_dims=(2, 2))"
"Operator([[ 0.6967498 -0.66116202j, -0.1753639 +0.21089347j,
            0.01595553-0.0436002j ,  0.00097819+0.00440789j],
          [ 0.27408575+0.01027386j,  0.90380399-0.06663156j,
           -0.27367246+0.16253573j,  0.01595553-0.0436002j ],
          [ 0.03807589+0.02656659j,  0.2957508 +0.11766879j,
            0.90380399-0.06663156j, -0.1753639 +0.21089347j],
          [ 0.00260945+0.0036847j ,  0.03807589+0.02656659j,
            0.27408575+0.01027386j,  0.6967498 -0.66116202j]],
         input_dims=(2, 2), output_dims=(2, 2))"
"Operator([[ 0.6967498 -0.66116202j,  0.11179695+0.25045957j,
           -0.04427972+0.01395935j, -0.0018299 -0.00412768j],
          [ 0.11179695+0.25045957j,  0.90380399-0.06663156j,
            0.02500247+0.31731586j, -0.04427972+0.01395935j],
          [-0.04427972+0.01395935j,  0.02500247+0.31731586j,
            0.90380399-0.06663156j,  0.11179695+0.25045957j],
          [-0.0018299 -0.00412768j, -0.04427972+0.01395935j,
            0.11179695+0.25045957j,  0.6967498 -0.66116202j]],
         input_dims=(2, 2), output_dims=(2, 2))"
