unitary
"Operator([[ 0.75140351-0.6097643j ,  0.09183288+0.23173789j,
           -0.03644157+0.01027726j, -0.00121275-0.00307687j],
          [ 0.09183288+0.23173789j,  0.92140335-0.0627214j ,
            0.02066853+0.28824532j, -0.03644157+0.01027726j],
          [-0.03644157+0.01027726j,  0.02066853+0.28824532j,
            0.92140335-0.0627214j ,  0.09183288+0.23173789j],
          [-0.00121275-0.00307687j, -0.03644157+0.01027726j,
            0.09183288+0.23173789j,  0.75140351-0.6097643j ]],
         input_dims=(2, 2), output_dims=(2, 2))"
"Operator([[ 7.51403505e-01-0.6097643j , -2.48936984e-01-0.01288823j,
            3.16052577e-02+0.02084989j, -2.02559692e-03-0.00261435j],
          [ 1.72535498e-01-0.17990895j,  9.21403351e-01-0.0627214j ,
           -2.70720303e-01-0.1011092j ,  3.16052577e-02+0.02084989j],
          [ 1.60544404e-02-0.03429089j,  2.53524867e-01-0.13870002j,
            9.21403351e-01-0.0627214j , -2.48936984e-01-0.01288823j],
          [-3.02917381e-04-0.00329334j,  1.60544404e-02-0.03429089j,
            1.72535498e-01-0.17990895j,  7.51403505e-01-0.6097643j ]],
         input_dims=(2, 2), output_dims=(2, 2))"
"Operator([[ 0.75140351-6.09764296e-01j, -0.18040883-1.72012738e-01j,
           -0.01585517+3.43834785e-02j,  0.00329058-3.31574011e-04j],
          [ 0.0136105 -2.48898539e-01j,  0.92140335-6.27213955e-02j,
           -0.13943508-2.53121340e-01j, -0.01585517+3.43834785e-02j],
          [-0.03148373-2.10329483e-02j,  0.10189432-2.70425779e-01j,
            0.92140335-6.27213955e-02j, -0.18040883-1.72012738e-01j],
          [-0.00263188+2.00276261e-03j, -0.03148373-2.10329483e-02j,
            0.0136105 -2.48898539e-01j,  0.75140351-6.09764296e-01j]],
         input_dims=(2, 2), output_dims=(2, 2))"
"Operator([[ 0.75140351-0.6097643j ,  0.09183288+0.23173789j,
           -0.03644157+0.01027726j, -0.00121275-0.00307687j],
          [ 0.09183288+0.23173789j,  0.92140335-0.0627214j ,
            0.02066853+0.28824532j, -0.03644157+0.01027726j],
          [-0.03644157+0.01027726j,  0.02066853+0.28824532j,
            0.92140335-0.0627214j ,  0.09183288+0.23173789j],
          [-0.00121275-0.00307687j, -0.03644157+0.01027726j,
            0.09183288+0.23173789j,  0.75140351-0.6097643j ]],
         input_dims=(2, 2), output_dims=(2, 2))"
"Operator([[ 0.75140351-0.6097643j , -0.24590672+0.0408119j ,
            0.03743348+0.00568724j, -0.00319349-0.00085992j],
          [ 0.20711181-0.13870986j,  0.92140335-0.0627214j ,
           -0.28610746-0.04068261j,  0.03743348+0.00568724j],
          [ 0.02894611-0.02440763j,  0.27737601-0.08108699j,
            0.92140335-0.0627214j , -0.24590672+0.0408119j ],
          [ 0.00174795-0.00280759j,  0.02894611-0.02440763j,
            0.20711181-0.13870986j,  0.75140351-0.6097643j ]],
         input_dims=(2, 2), output_dims=(2, 2))"
"Operator([[ 0.75140351-6.09764296e-01j, -0.21085393+1.32952436e-01j,
            0.03024627-2.27765894e-02j, -0.00197375+2.65371149e-03j],
          [ 0.24468928-4.75698004e-02j,  0.92140335-6.27213955e-02j,
           -0.27950428+7.34160321e-02j,  0.03024627-2.27765894e-02j],
          [ 0.03768986+3.61722023e-03j,  0.28711949+3.27864753e-02j,
            0.92140335-6.27213955e-02j, -0.21085393+1.32952436e-01j],
          [ 0.00325358+5.93361926e-04j,  0.03768986+3.61722023e-03j,
            0.24468928-4.75698004e-02j,  0.75140351-6.09764296e-01j]],
         input_dims=(2, 2), output_dims=(2, 2))"
"Operator([[ 0.75140351-0.6097643j ,  0.09183288+0.23173789j,
           -0.03644157+0.01027726j, -0.00121275-0.00307687j],
          [ 0.09183288+0.23173789j,  0.92140335-0.0627214j ,
            0.02066853+0.28824532j, -0.03644157+0.01027726j],
          [-0.03644157+0.01027726j,  0.02066853+0.28824532j,
            0.92140335-0.0627214j ,  0.09183288+0.23173789j],
          [-0.00121275-0.00307687j, -0.03644157+0.01027726j,
            0.09183288+0.23173789j,  0.75140351-0.6097643j ]],
         input_dims=(2, 2), output_dims=(2, 2))"
"Operator([[ 7.51403505e-01-0.6097643j , -1.20403077e-01+0.21826321j,
           -3.13460621e-03-0.03773307j,  2.53389819e-03+0.00212538j],
          [ 2.37228009e-01+0.07654149j,  9.21403351e-01-0.0627214j ,
           -2.09271576e-01+0.19929366j, -3.13460621e-03-0.03773307j],
          [ 1.70422261e-02+0.03381083j,  2.35564986e-01+0.16739681j,
            9.21403351e-01-0.0627214j , -1.20403077e-01+0.21826321j],
          [-4.02313564e-04+0.00328268j,  1.70422261e-02+0.03381083j,
            2.37228009e-01+0.07654149j,  7.51403505e-01-0.6097643j ]],
         input_dims=(2, 2), output_dims=(2, 2))"
"Operator([[ 0.75140351-6.09764296e-01j,  0.00844864+2.49127174e-01j,
           -0.03469612-1.51587923e-02j,  0.00201393-2.62334554e-03j],
          [ 0.16449419+1.87289588e-01j,  0.92140335-6.27213955e-02j,
           -0.07758616+2.78375539e-01j, -0.03469612-1.51587923e-02j],
          [-0.02166337+3.10533144e-02j,  0.11650985+2.64457954e-01j,
            0.92140335-6.27213955e-02j,  0.00844864+2.49127174e-01j],
          [-0.00326224-5.43744363e-04j, -0.02166337+3.10533144e-02j,
            0.16449419+1.87289588e-01j,  0.75140351-6.09764296e-01j]],
         input_dims=(2, 2), output_dims=(2, 2))"
"Operator([[ 7.51403505e-01-6.09764296e-01j,
            1.82011557e-01-1.70315946e-01j,
            1.96636548e-02-3.23566176e-02j,
            2.33238926e-04-3.29901071e-03j],
          [-2.49269690e-01+5.91784739e-04j,
            9.21403351e-01-6.27213955e-02j,
            2.60654076e-01-1.24787845e-01j,
            1.96636548e-02-3.23566176e-02j],
          [ 3.36720236e-02+1.73148735e-02j,
           -2.75791647e-01-8.63221937e-02j,
            9.21403351e-01-6.27213955e-02j,
            1.82011557e-01-1.70315946e-01j],
          [-2.42143209e-03-2.25267368e-03j,
            3.36720236e-02+1.73148735e-02j,
           -2.49269690e-01+5.91784739e-04j,
            7.51403505e-01-6.09764296e-01j]],
         input_dims=(2, 2), output_dims=(2, 2))"
