unitary
"Operator([[ 9.82860397e-01-1.71944871e-01j,
            6.38083307e-03+6.61297420e-02j,
           -2.55101107e-03+1.80172654e-04j,
           -5.45548173e-06-5.65575555e-05j],
          [ 6.38083307e-03+6.61297420e-02j,
            9.94650646e-01-1.90167287e-02j,
            1.47118819e-03+7.67195820e-02j,
           -2.55101107e-03+1.80172654e-04j],
          [-2.55101107e-03+1.80172654e-04j,
            1.47118819e-03+7.67195820e-02j,
            9.94650646e-01-1.90167287e-02j,
            6.38083307e-03+6.61297420e-02j],
          [-5.45548173e-06-5.65575555e-05j,
           -2.55101107e-03+1.80172654e-04j,
            6.38083307e-03+6.61297420e-02j,
            9.82860397e-01-1.71944871e-01j]],
         input_dims=(2, 2), output_dims=(2, 2))"
"Operator([[ 9.82860397e-01-1.71944871e-01j,
            6.55509365e-02+1.08135344e-02j,
            2.30404403e-03+1.10973004e-03j,
            4.40783520e-05+3.58555191e-05j],
          [-6.22740669e-02+2.31473193e-02j,
            9.94650646e-01-1.90167287e-02j,
            7.45250424e-02+1.82777657e-02j,
            2.30404403e-03+1.10973004e-03j],
          [ 2.12519375e-03-1.42255797e-03j,
           -7.37695153e-02+2.11214882e-02j,
            9.94650646e-01-1.90167287e-02j,
            6.55509365e-02+1.08135344e-02j],
          [-3.64122704e-05+4.36195590e-05j,
            2.12519375e-03-1.42255797e-03j,
           -6.22740669e-02+2.31473193e-02j,
            9.82860397e-01-1.71944871e-01j]],
         input_dims=(2, 2), output_dims=(2, 2))"
"Operator([[ 9.82860397e-01-1.71944871e-01j,
            6.63317824e-02+3.73529805e-03j,
            2.48744439e-03+5.93919254e-04j,
            5.31542025e-05+2.00785985e-05j],
          [-6.43938597e-02+1.63489644e-02j,
            9.94650646e-01-1.90167287e-02j,
            7.60532557e-02+1.01961248e-02j,
            2.48744439e-03+5.93919254e-04j],
          [ 2.37927313e-03-9.37645482e-04j,
           -7.56064411e-02+1.31043778e-02j,
            9.94650646e-01-1.90167287e-02j,
            6.63317824e-02+3.73529805e-03j],
          [-4.83363804e-05+2.98682723e-05j,
            2.37927313e-03-9.37645482e-04j,
           -6.43938597e-02+1.63489644e-02j,
            9.82860397e-01-1.71944871e-01j]],
         input_dims=(2, 2), output_dims=(2, 2))"
"Operator([[ 9.82860397e-01-1.71944871e-01j,
            6.64088619e-02-1.92895238e-03j,
            2.55216340e-03+1.63038824e-04j,
            5.65053470e-05+5.97202830e-06j],
          [-6.55525169e-02+1.08039497e-02j,
            9.94650646e-01-1.90167287e-02j,
            7.66453816e-02+3.68023563e-03j,
            2.55216340e-03+1.63038824e-04j],
          [ 2.50391196e-03-5.20139005e-04j,
           -7.64479396e-02+6.61598006e-03j,
            9.94650646e-01-1.90167287e-02j,
            6.64088619e-02-1.92895238e-03j],
          [-5.43220616e-05+1.66623224e-05j,
            2.50391196e-03-5.20139005e-04j,
           -6.55525169e-02+1.08039497e-02j,
            9.82860397e-01-1.71944871e-01j]],
         input_dims=(2, 2), output_dims=(2, 2))"
"Operator([[ 9.82860397e-01-1.71944871e-01j,
            6.38083307e-03+6.61297420e-02j,
           -2.55101107e-03+1.80172654e-04j,
           -5.45548173e-06-5.65575555e-05j],
          [ 6.38083307e-03+6.61297420e-02j,
            9.94650646e-01-1.90167287e-02j,
            1.47118819e-03+7.67195820e-02j,
           -2.55101107e-03+1.80172654e-04j],
          [-2.55101107e-03+1.80172654e-04j,
            1.47118819e-03+7.67195820e-02j,
            9.94650646e-01-1.90167287e-02j,
            6.38083307e-03+6.61297420e-02j],
          [-5.45548173e-06-5.65575555e-05j,
           -2.55101107e-03+1.80172654e-04j,
            6.38083307e-03+6.61297420e-02j,
            9.82860397e-01-1.71944871e-01j]],
         input_dims=(2, 2), output_dims=(2, 2))"
"Operator([[ 9.82860397e-01-1.71944871e-01j,
            6.38083307e-03+6.61297420e-02j,
           -2.55101107e-03+1.80172654e-04j,
           -5.45548173e-06-5.65575555e-05j],
          [ 6.38083307e-03+6.61297420e-02j,
            9.94650646e-01-1.90167287e-02j,
            1.47118819e-03+7.67195820e-02j,
           -2.55101107e-03+1.80172654e-04j],
          [-2.55101107e-03+1.80172654e-04j,
            1.47118819e-03+7.67195820e-02j,
            9.94650646e-01-1.90167287e-02j,
            6.38083307e-03+6.61297420e-02j],
          [-5.45548173e-06-5.65575555e-05j,
           -2.55101107e-03+1.80172654e-04j,
            6.38083307e-03+6.61297420e-02j,
            9.82860397e-01-1.71944871e-01j]],
         input_dims=(2, 2), output_dims=(2, 2))"
"Operator([[ 9.82860397e-01-1.71944871e-01j,
            6.53768495e-02-1.18205480e-02j,
            2.48655296e-03-5.97640394e-04j,
            5.34871769e-05-1.91739738e-05j],
          [-6.64308080e-02+8.97521593e-04j,
            9.94650646e-01-1.90167287e-02j,
            7.63359894e-02-7.80226762e-03j,
            2.48655296e-03-5.97640394e-04j],
          [ 2.54586991e-03+2.42210739e-04j,
           -7.65789939e-02-4.86994302e-03j,
            9.94650646e-01-1.90167287e-02j,
            6.53768495e-02-1.18205480e-02j],
          [-5.61659308e-05-8.59695151e-06j,
            2.54586991e-03+2.42210739e-04j,
           -6.64308080e-02+8.97521593e-04j,
            9.82860397e-01-1.71944871e-01j]],
         input_dims=(2, 2), output_dims=(2, 2))"
"Operator([[ 9.82860397e-01-1.71944871e-01j,
            6.54175192e-02-1.15933592e-02j,
            2.49064529e-03-5.80349632e-04j,
            5.36840986e-05-1.86155023e-05j],
          [-6.64272892e-02+1.12829509e-03j,
            9.94650646e-01-1.90167287e-02j,
            7.63626336e-02-7.53703129e-03j,
            2.49064529e-03-5.80349632e-04j],
          [ 2.54749132e-03+2.24516426e-04j,
           -7.65954499e-02-4.60388019e-03j,
            9.94650646e-01-1.90167287e-02j,
            6.54175192e-02-1.15933592e-02j],
          [-5.62524759e-05-8.01113707e-06j,
            2.54749132e-03+2.24516426e-04j,
           -6.64272892e-02+1.12829509e-03j,
            9.82860397e-01-1.71944871e-01j]],
         input_dims=(2, 2), output_dims=(2, 2))"
"Operator([[ 9.82860397e-01-1.71944871e-01j,
            6.57631163e-02-9.43770816e-03j,
            2.52338368e-03-4.15517131e-04j,
            5.52557000e-05-1.32411093e-05j],
          [-6.63543519e-02+3.31025494e-03j,
            9.94650646e-01-1.90167287e-02j,
            7.65690444e-02-5.02395208e-03j,
            2.52338368e-03-4.15517131e-04j],
          [ 2.55673672e-03+5.67186977e-05j,
           -7.67053619e-02-2.08473512e-03j,
            9.94650646e-01-1.90167287e-02j,
            6.57631163e-02-9.43770816e-03j],
          [-5.67678431e-05-2.43543733e-06j,
            2.55673672e-03+5.67186977e-05j,
           -6.63543519e-02+3.31025494e-03j,
            9.82860397e-01-1.71944871e-01j]],
         input_dims=(2, 2), output_dims=(2, 2))"
"Operator([[ 9.82860397e-01-1.71944871e-01j,
            6.38083307e-03+6.61297420e-02j,
           -2.55101107e-03+1.80172654e-04j,
           -5.45548173e-06-5.65575555e-05j],
          [ 6.38083307e-03+6.61297420e-02j,
            9.94650646e-01-1.90167287e-02j,
            1.47118819e-03+7.67195820e-02j,
           -2.55101107e-03+1.80172654e-04j],
          [-2.55101107e-03+1.80172654e-04j,
            1.47118819e-03+7.67195820e-02j,
            9.94650646e-01-1.90167287e-02j,
            6.38083307e-03+6.61297420e-02j],
          [-5.45548173e-06-5.65575555e-05j,
           -2.55101107e-03+1.80172654e-04j,
            6.38083307e-03+6.61297420e-02j,
            9.82860397e-01-1.71944871e-01j]],
         input_dims=(2, 2), output_dims=(2, 2))"
"Operator([[ 9.82860397e-01-1.71944871e-01j,
            6.63405329e-02-3.57652032e-03j,
            2.55710961e-03+3.61957408e-05j,
            5.67930498e-05+1.75181658e-06j],
          [-6.58004620e-02+9.17371286e-03j,
            9.94650646e-01-1.90167287e-02j,
            7.67131106e-02+1.77688582e-03j,
            2.55710961e-03+3.61957408e-05j],
          [ 2.52663746e-03-3.95250318e-04j,
           -7.65885898e-02+4.71662618e-03j,
            9.94650646e-01-1.90167287e-02j,
            6.63405329e-02-3.57652032e-03j],
          [-5.54111089e-05+1.25749106e-05j,
            2.52663746e-03-3.95250318e-04j,
           -6.58004620e-02+9.17371286e-03j,
            9.82860397e-01-1.71944871e-01j]],
         input_dims=(2, 2), output_dims=(2, 2))"
"Operator([[ 9.82860397e-01-1.71944871e-01j,
            6.64367664e-02+1.17766950e-04j,
            2.53727884e-03+3.19899581e-04j,
            5.57129031e-05+1.11620692e-05j],
          [-6.51885757e-02+1.28182450e-02j,
            9.94650646e-01-1.90167287e-02j,
            7.64956299e-02+6.03964084e-03j,
            2.53727884e-03+3.19899581e-04j],
          [ 2.46712764e-03-6.73350497e-04j,
           -7.62078425e-02+8.96790947e-03j,
            9.94650646e-01-1.90167287e-02j,
            6.64367664e-02+1.17766950e-04j],
          [-5.25522065e-05+2.16052067e-05j,
            2.46712764e-03-6.73350497e-04j,
           -6.51885757e-02+1.28182450e-02j,
            9.82860397e-01-1.71944871e-01j]],
         input_dims=(2, 2), output_dims=(2, 2))"
"Operator([[ 9.82860397e-01-1.71944871e-01j,
            6.63328934e-02+3.71551546e-03j,
            2.48779820e-03+5.92435465e-04j,
            5.31721456e-05+2.00310332e-05j],
          [-6.43987326e-02+1.63297592e-02j,
            9.94650646e-01-1.90167287e-02j,
            7.60562931e-02+1.01734426e-02j,
            2.48779820e-03+5.92435465e-04j],
          [ 2.37983198e-03-9.36226153e-04j,
           -7.56103459e-02+1.30818287e-02j,
            9.94650646e-01-1.90167287e-02j,
            6.63328934e-02+3.71551546e-03j],
          [-4.83630843e-05+2.98250137e-05j,
            2.37983198e-03-9.36226153e-04j,
           -6.43987326e-02+1.63297592e-02j,
            9.82860397e-01-1.71944871e-01j]],
         input_dims=(2, 2), output_dims=(2, 2))"
