unitary
"Operator([[ 8.24651986e-01-0.52438853j, -1.67766178e-01+0.12693653j,
            1.65534921e-02-0.02072846j, -4.88214676e-04+0.00186291j],
          [ 2.10334290e-01+0.00422608j,  9.44798788e-01-0.055316j  ,
           -2.24880051e-01+0.09360712j,  1.65534921e-02-0.02072846j],
          [ 2.40148752e-02+0.01126822j,  2.34538564e-01+0.06576467j,
            9.44798788e-01-0.055316j  , -1.67766178e-01+0.12693653j],
          [ 1.48654970e-03+0.00122432j,  2.40148752e-02+0.01126822j,
            2.10334290e-01+0.00422608j,  8.24651986e-01-0.52438853j]],
         input_dims=(2, 2), output_dims=(2, 2))"
"Operator([[ 8.24651986e-01-0.52438853j,  6.49420862e-02+0.20010222j,
           -2.58339895e-02+0.00602429j, -5.92551551e-04-0.0018324j ],
          [ 6.49420862e-02+0.20010222j,  9.44798788e-01-0.055316j  ,
            1.47350671e-02+0.24313825j, -2.58339895e-02+0.00602429j],
          [-2.58339895e-02+0.00602429j,  1.47350671e-02+0.24313825j,
            9.44798788e-01-0.055316j  ,  6.49420862e-02+0.20010222j],
          [-5.92551551e-04-0.0018324j , -2.58339895e-02+0.00602429j,
            6.49420862e-02+0.20010222j,  8.24651986e-01-0.52438853j]],
         input_dims=(2, 2), output_dims=(2, 2))"
"Operator([[ 8.24651986e-01-0.52438853j,  6.49420862e-02+0.20010222j,
           -2.58339895e-02+0.00602429j, -5.92551551e-04-0.0018324j ],
          [ 6.49420862e-02+0.20010222j,  9.44798788e-01-0.055316j  ,
            1.47350671e-02+0.24313825j, -2.58339895e-02+0.00602429j],
          [-2.58339895e-02+0.00602429j,  1.47350671e-02+0.24313825j,
            9.44798788e-01-0.055316j  ,  6.49420862e-02+0.20010222j],
          [-5.92551551e-04-0.0018324j , -2.58339895e-02+0.00602429j,
            6.49420862e-02+0.20010222j,  8.24651986e-01-0.52438853j]],
         input_dims=(2, 2), output_dims=(2, 2))"
"Operator([[ 8.24651986e-01-0.52438853j,  6.49420862e-02+0.20010222j,
           -2.58339895e-02+0.00602429j, -5.92551551e-04-0.0018324j ],
          [ 6.49420862e-02+0.20010222j,  9.44798788e-01-0.055316j  ,
            1.47350671e-02+0.24313825j, -2.58339895e-02+0.00602429j],
          [-2.58339895e-02+0.00602429j,  1.47350671e-02+0.24313825j,
            9.44798788e-01-0.055316j  ,  6.49420862e-02+0.20010222j],
          [-5.92551551e-04-0.0018324j , -2.58339895e-02+0.00602429j,
            6.49420862e-02+0.20010222j,  8.24651986e-01-0.52438853j]],
         input_dims=(2, 2), output_dims=(2, 2))"
"Operator([[ 0.82465199-5.24388532e-01j, -0.06888137+1.98780607e-01j,
           -0.01283663-2.32143907e-02j,  0.00192252+1.12816650e-04j],
          [ 0.1724848 +1.20446529e-01j,  0.94479879-5.53159953e-02j,
           -0.13488485+2.02828516e-01j, -0.01283663-2.32143907e-02j],
          [-0.0012441 +2.64979112e-02j,  0.158392  +1.85054867e-01j,
            0.94479879-5.53159953e-02j, -0.06888137+1.98780607e-01j],
          [-0.00149245+1.21712994e-03j, -0.0012441 +2.64979112e-02j,
            0.1724848 +1.20446529e-01j,  0.82465199-5.24388532e-01j]],
         input_dims=(2, 2), output_dims=(2, 2))"
"Operator([[ 8.24651986e-01-0.52438853j, -1.00893001e-01-0.18460492j,
           -2.18665220e-02+0.01501807j,  1.47424323e-03+0.00123911j],
          [-2.67422745e-02-0.20867013j,  9.44798788e-01-0.055316j  ,
           -5.95291043e-02-0.23619825j, -2.18665220e-02+0.01501807j],
          [-2.62539890e-02-0.00379673j,  3.05692347e-02-0.24165854j,
            9.44798788e-01-0.055316j  , -1.00893001e-01-0.18460492j],
          [-4.69577859e-04+0.0018677j , -2.62539890e-02-0.00379673j,
           -2.67422745e-02-0.20867013j,  8.24651986e-01-0.52438853j]],
         input_dims=(2, 2), output_dims=(2, 2))"
"Operator([[ 0.82465199-5.24388532e-01j, -0.14503648-1.52390266e-01j,
           -0.01149012+2.39095000e-02j,  0.00191927-1.58778830e-04j],
          [ 0.02790576-2.08517727e-01j,  0.94479879-5.53159953e-02j,
           -0.1183567 -2.12896740e-01j, -0.01149012+2.39095000e-02j],
          [-0.02088086-1.63608336e-02j,  0.09178026-2.25631809e-01j,
            0.94479879-5.53159953e-02j, -0.14503648-1.52390266e-01j],
          [-0.00164884+9.95056618e-04j, -0.02088086-1.63608336e-02j,
            0.02790576-2.08517727e-01j,  0.82465199-5.24388532e-01j]],
         input_dims=(2, 2), output_dims=(2, 2))"
"Operator([[ 8.24651986e-01-5.24388532e-01j,
           -1.74040225e-01-1.18187874e-01j,
           -5.52912258e-04+2.65213381e-02j,
            1.44371707e-03-1.27455029e-03j],
          [ 7.14667209e-02-1.97865816e-01j,
            9.44798788e-01-5.53159953e-02j,
           -1.60790821e-01-1.82974428e-01j,
           -5.52912258e-04+2.65213381e-02j],
          [-1.22271009e-02-2.35411361e-02j,
            1.37517355e-01-2.01052995e-01j,
            9.44798788e-01-5.53159953e-02j,
           -1.74040225e-01-1.18187874e-01j],
          [-1.91663572e-03-1.87896110e-04j,
           -1.22271009e-02-2.35411361e-02j,
            7.14667209e-02-1.97865816e-01j,
            8.24651986e-01-5.24388532e-01j]],
         input_dims=(2, 2), output_dims=(2, 2))"
"Operator([[ 0.82465199-5.24388532e-01j, -0.18039661-1.08237877e-01j,
            0.00242164+2.64163350e-02j,  0.00120969-1.49848549e-03j],
          [ 0.08245467-1.93544828e-01j,  0.94479879-5.53159953e-02j,
           -0.17080267-1.73665706e-01j,  0.00242164+2.64163350e-02j],
          [-0.00951292-2.47627010e-02j,  0.14858009-1.93021469e-01j,
            0.94479879-5.53159953e-02j, -0.18039661-1.08237877e-01j],
          [-0.00185804-5.06461301e-04j, -0.00951292-2.47627010e-02j,
            0.08245467-1.93544828e-01j,  0.82465199-5.24388532e-01j]],
         input_dims=(2, 2), output_dims=(2, 2))"
"Operator([[ 0.82465199-5.24388532e-01j, -0.16843712-1.26044870e-01j,
           -0.00298052+2.63591272e-02j,  0.00160492-1.06443278e-03j],
          [ 0.06231757-2.00935049e-01j,  0.94479879-5.53159953e-02j,
           -0.1522306 -1.90155656e-01j, -0.00298052+2.63591272e-02j],
          [-0.01433255-2.23218498e-02j,  0.12815255-2.07147901e-01j,
            0.94479879-5.53159953e-02j, -0.16843712-1.26044870e-01j],
          [-0.00192429+7.68270734e-05j, -0.01433255-2.23218498e-02j,
            0.06231757-2.00935049e-01j,  0.82465199-5.24388532e-01j]],
         input_dims=(2, 2), output_dims=(2, 2))"
"Operator([[ 8.24651986e-01-0.52438853j, -1.23983373e-01-0.16996028j,
           -1.72682195e-02+0.02013692j,  1.83474754e-03+0.00058523j],
          [ 5.47294695e-04-0.21037603j,  9.44798788e-01-0.055316j  ,
           -8.96602972e-02-0.22648258j, -1.72682195e-02+0.02013692j],
          [-2.43942251e-02-0.01042156j,  6.16532066e-02-0.23565274j,
            9.44798788e-01-0.055316j  , -1.23983373e-01-0.16996028j],
          [-1.14468403e-03+0.00154871j, -2.43942251e-02-0.01042156j,
            5.47294695e-04-0.21037603j,  8.24651986e-01-0.52438853j]],
         input_dims=(2, 2), output_dims=(2, 2))"
"Operator([[ 0.82465199-0.52438853j,  0.04144137-0.20625466j,
           -0.01857448-0.01893874j, -0.00181088+0.00065538j],
          [-0.15466346-0.14260991j,  0.94479879-0.055316j  ,
            0.10629578-0.21916783j, -0.01857448-0.01893874j],
          [-0.00828136+0.02520131j, -0.13198536-0.20472712j,
            0.94479879-0.055316j  ,  0.04144137-0.20625466j],
          [ 0.00185174-0.00052902j, -0.00828136+0.02520131j,
           -0.15466346-0.14260991j,  0.82465199-0.52438853j]],
         input_dims=(2, 2), output_dims=(2, 2))"
