unitary
"Operator([[ 8.60421815e-01-0.47311191j,  5.17573063e-02+0.18087494j,
           -2.06130761e-02+0.00425699j, -3.72237781e-04-0.0013045j ],
          [ 5.17573063e-02+0.18087494j,  9.56148263e-01-0.05048357j,
            1.17880916e-02+0.21738299j, -2.06130761e-02+0.00425699j],
          [-2.06130761e-02+0.00425699j,  1.17880916e-02+0.21738299j,
            9.56148263e-01-0.05048357j,  5.17573063e-02+0.18087494j],
          [-3.72237781e-04-0.0013045j , -2.06130761e-02+0.00425699j,
            5.17573063e-02+0.18087494j,  8.60421815e-01-0.47311191j]],
         input_dims=(2, 2), output_dims=(2, 2))"
"Operator([[ 8.60421815e-01-0.47311191j,  5.17573063e-02+0.18087494j,
           -2.06130761e-02+0.00425699j, -3.72237781e-04-0.0013045j ],
          [ 5.17573063e-02+0.18087494j,  9.56148263e-01-0.05048357j,
            1.17880916e-02+0.21738299j, -2.06130761e-02+0.00425699j],
          [-2.06130761e-02+0.00425699j,  1.17880916e-02+0.21738299j,
            9.56148263e-01-0.05048357j,  5.17573063e-02+0.18087494j],
          [-3.72237781e-04-0.0013045j , -2.06130761e-02+0.00425699j,
            5.17573063e-02+0.18087494j,  8.60421815e-01-0.47311191j]],
         input_dims=(2, 2), output_dims=(2, 2))"
"Operator([[ 8.60421815e-01-0.47311191j,  5.17573063e-02+0.18087494j,
           -2.06130761e-02+0.00425699j, -3.72237781e-04-0.0013045j ],
          [ 5.17573063e-02+0.18087494j,  9.56148263e-01-0.05048357j,
            1.17880916e-02+0.21738299j, -2.06130761e-02+0.00425699j],
          [-2.06130761e-02+0.00425699j,  1.17880916e-02+0.21738299j,
            9.56148263e-01-0.05048357j,  5.17573063e-02+0.18087494j],
          [-3.72237781e-04-0.0013045j , -2.06130761e-02+0.00425699j,
            5.17573063e-02+0.18087494j,  8.60421815e-01-0.47311191j]],
         input_dims=(2, 2), output_dims=(2, 2))"
"Operator([[ 8.60421815e-01-0.47311191j,  5.17573063e-02+0.18087494j,
           -2.06130761e-02+0.00425699j, -3.72237781e-04-0.0013045j ],
          [ 5.17573063e-02+0.18087494j,  9.56148263e-01-0.05048357j,
            1.17880916e-02+0.21738299j, -2.06130761e-02+0.00425699j],
          [-2.06130761e-02+0.00425699j,  1.17880916e-02+0.21738299j,
            9.56148263e-01-0.05048357j,  5.17573063e-02+0.18087494j],
          [-3.72237781e-04-0.0013045j , -2.06130761e-02+0.00425699j,
            5.17573063e-02+0.18087494j,  8.60421815e-01-0.47311191j]],
         input_dims=(2, 2), output_dims=(2, 2))"
"Operator([[ 8.60421815e-01-4.73111906e-01j,
            7.15241063e-02-1.74008236e-01j,
           -8.90947356e-03-1.90694034e-02j,
           -1.33982282e-03-2.12519420e-04j],
          [-1.52745356e-01-1.09833603e-01j,
            9.56148263e-01-5.04835675e-02j,
            1.25518802e-01-1.77874544e-01j,
           -8.90947356e-03-1.90694034e-02j],
          [-6.26384379e-04+2.10387383e-02j,
           -1.44017514e-01-1.63258318e-01j,
            9.56148263e-01-5.04835675e-02j,
            7.15241063e-02-1.74008236e-01j],
          [ 1.02591195e-03-8.87577808e-04j,
           -6.26384379e-04+2.10387383e-02j,
           -1.52745356e-01-1.09833603e-01j,
            8.60421815e-01-4.73111906e-01j]],
         input_dims=(2, 2), output_dims=(2, 2))"
"Operator([[ 8.60421815e-01-0.47311191j, -1.76458315e-01-0.0652459j ,
            1.02517268e-02+0.01838268j,  6.75773539e-05-0.00135489j],
          [ 1.15233894e-01-0.14871353j,  9.56148263e-01-0.05048357j,
           -1.82256027e-01-0.11906747j,  1.02517268e-02+0.01838268j],
          [ 2.13086651e-03-0.02093992j,  1.68311733e-01-0.13807782j,
            9.56148263e-01-0.05048357j, -1.76458315e-01-0.0652459j ],
          [-7.72412590e-04-0.0011152j ,  2.13086651e-03-0.02093992j,
            1.15233894e-01-0.14871353j,  8.60421815e-01-0.47311191j]],
         input_dims=(2, 2), output_dims=(2, 2))"
"Operator([[ 8.60421815e-01-0.47311191j, -1.81635060e-01-0.04902315j,
            1.33948244e-02+0.01623575j, -2.98423799e-04-0.00132334j],
          [ 1.28208637e-01-0.13768482j,  9.56148263e-01-0.05048357j,
           -1.92275608e-01-0.10210002j,  1.33948244e-02+0.01623575j],
          [ 5.86731516e-03-0.02021374j,  1.80107363e-01-0.12229334j,
            9.56148263e-01-0.05048357j, -1.81635060e-01-0.04902315j],
          [-4.44877904e-04-0.00128155j,  5.86731516e-03-0.02021374j,
            1.28208637e-01-0.13768482j,  8.60421815e-01-0.47311191j]],
         input_dims=(2, 2), output_dims=(2, 2))"
"Operator([[ 8.60421815e-01-0.47311191j,  5.17573063e-02+0.18087494j,
           -2.06130761e-02+0.00425699j, -3.72237781e-04-0.0013045j ],
          [ 5.17573063e-02+0.18087494j,  9.56148263e-01-0.05048357j,
            1.17880916e-02+0.21738299j, -2.06130761e-02+0.00425699j],
          [-2.06130761e-02+0.00425699j,  1.17880916e-02+0.21738299j,
            9.56148263e-01-0.05048357j,  5.17573063e-02+0.18087494j],
          [-3.72237781e-04-0.0013045j , -2.06130761e-02+0.00425699j,
            5.17573063e-02+0.18087494j,  8.60421815e-01-0.47311191j]],
         input_dims=(2, 2), output_dims=(2, 2))"
"Operator([[ 0.86042181-4.73111906e-01j, -0.18449631+3.68194994e-02j,
            0.02103105-8.46139082e-04j, -0.00135584+4.44798999e-05j],
          [ 0.17604627-6.63496424e-02j,  0.95614826-5.04835675e-02j,
           -0.21761977-5.99652371e-03j,  0.02103105-8.46139082e-04j],
          [ 0.01964567-7.55437147e-03j,  0.21569521-2.94940235e-02j,
            0.95614826-5.04835675e-02j, -0.18449631+3.68194994e-02j],
          [ 0.00117515-6.77733474e-04j,  0.01964567-7.55437147e-03j,
            0.17604627-6.63496424e-02j,  0.86042181-4.73111906e-01j]],
         input_dims=(2, 2), output_dims=(2, 2))"
