unitary
"Operator([[ 0.75140351-0.6097643j , -0.10724794+0.22501913j,
           -0.00757991-0.03709656j,  0.0028702 +0.00164312j],
          [ 0.23227153+0.09047467j,  0.92140335-0.0627214j ,
           -0.19708495+0.21135296j, -0.00757991-0.03709656j],
          [ 0.01291938+0.03559072j,  0.22522361+0.18107148j,
            0.92140335-0.0627214j , -0.10724794+0.22501913j],
          [-0.00097722+0.00315958j,  0.01291938+0.03559072j,
            0.23227153+0.09047467j,  0.75140351-0.6097643j ]],
         input_dims=(2, 2), output_dims=(2, 2))"
"Operator([[ 0.75140351-0.6097643j ,  0.09183288+0.23173789j,
           -0.03644157+0.01027726j, -0.00121275-0.00307687j],
          [ 0.09183288+0.23173789j,  0.92140335-0.0627214j ,
            0.02066853+0.28824532j, -0.03644157+0.01027726j],
          [-0.03644157+0.01027726j,  0.02066853+0.28824532j,
            0.92140335-0.0627214j ,  0.09183288+0.23173789j],
          [-0.00121275-0.00307687j, -0.03644157+0.01027726j,
            0.09183288+0.23173789j,  0.75140351-0.6097643j ]],
         input_dims=(2, 2), output_dims=(2, 2))"
"Operator([[ 0.75140351-0.6097643j ,  0.09183288+0.23173789j,
           -0.03644157+0.01027726j, -0.00121275-0.00307687j],
          [ 0.09183288+0.23173789j,  0.92140335-0.0627214j ,
            0.02066853+0.28824532j, -0.03644157+0.01027726j],
          [-0.03644157+0.01027726j,  0.02066853+0.28824532j,
            0.92140335-0.0627214j ,  0.09183288+0.23173789j],
          [-0.00121275-0.00307687j, -0.03644157+0.01027726j,
            0.09183288+0.23173789j,  0.75140351-0.6097643j ]],
         input_dims=(2, 2), output_dims=(2, 2))"
"Operator([[ 7.51403505e-01-0.6097643j ,  2.34095861e-01+0.08564377j,
            1.43824950e-02+0.03502505j, -7.79093186e-04+0.00321417j],
          [-1.11886175e-01+0.22274921j,  9.21403351e-01-0.0627214j ,
            2.28926161e-01+0.17636713j,  1.43824950e-02+0.03502505j],
          [-6.03682929e-03-0.03737869j, -2.01420822e-01+0.20722501j,
            9.21403351e-01-0.0627214j ,  2.34095861e-01+0.08564377j],
          [ 2.76260340e-03+0.00181821j, -6.03682929e-03-0.03737869j,
           -1.11886175e-01+0.22274921j,  7.51403505e-01-0.6097643j ]],
         input_dims=(2, 2), output_dims=(2, 2))"
"Operator([[ 7.51403505e-01-0.6097643j ,  2.40645513e-01+0.06500358j,
            2.02224896e-02+0.03201033j,  7.56942911e-05+0.00330638j],
          [-1.30796259e-01+0.21219818j,  9.21403351e-01-0.0627214j ,
            2.43369145e-01+0.15583329j,  2.02224896e-02+0.03201033j],
          [ 5.17779732e-04-0.0378595j , -2.18645728e-01+0.1889619j ,
            9.21403351e-01-0.0627214j ,  2.40645513e-01+0.06500358j],
          [ 2.20060724e-03+0.00246885j,  5.17779732e-04-0.0378595j ,
           -1.30796259e-01+0.21219818j,  7.51403505e-01-0.6097643j ]],
         input_dims=(2, 2), output_dims=(2, 2))"
"Operator([[ 0.75140351-0.6097643j ,  0.09183288+0.23173789j,
           -0.03644157+0.01027726j, -0.00121275-0.00307687j],
          [ 0.09183288+0.23173789j,  0.92140335-0.0627214j ,
            0.02066853+0.28824532j, -0.03644157+0.01027726j],
          [-0.03644157+0.01027726j,  0.02066853+0.28824532j,
            0.92140335-0.0627214j ,  0.09183288+0.23173789j],
          [-0.00121275-0.00307687j, -0.03644157+0.01027726j,
            0.09183288+0.23173789j,  0.75140351-0.6097643j ]],
         input_dims=(2, 2), output_dims=(2, 2))"
"Operator([[ 0.75140351-6.09764296e-01j, -0.23817472+7.35427126e-02j,
            0.03759406-4.50521753e-03j, -0.00327394+4.68168616e-04j],
          [ 0.2238989 -1.09567390e-01j,  0.92140335-6.27213955e-02j,
           -0.28897979-1.79850351e-03j,  0.03759406-4.50521753e-03j],
          [ 0.03440843-1.58009455e-02j,  0.28576678-4.30105029e-02j,
            0.92140335-6.27213955e-02j, -0.23817472+7.35427126e-02j],
          [ 0.00271292-1.89154798e-03j,  0.03440843-1.58009455e-02j,
            0.2238989 -1.09567390e-01j,  0.75140351-6.09764296e-01j]],
         input_dims=(2, 2), output_dims=(2, 2))"
"Operator([[ 0.75140351-0.6097643j ,  0.09183288+0.23173789j,
           -0.03644157+0.01027726j, -0.00121275-0.00307687j],
          [ 0.09183288+0.23173789j,  0.92140335-0.0627214j ,
            0.02066853+0.28824532j, -0.03644157+0.01027726j],
          [-0.03644157+0.01027726j,  0.02066853+0.28824532j,
            0.92140335-0.0627214j ,  0.09183288+0.23173789j],
          [-0.00121275-0.00307687j, -0.03644157+0.01027726j,
            0.09183288+0.23173789j,  0.75140351-0.6097643j ]],
         input_dims=(2, 2), output_dims=(2, 2))"
"Operator([[ 0.75140351-6.09764296e-01j, -0.23838419+7.28608688e-02j,
            0.03761922-4.28999203e-03j, -0.00327784+4.40046287e-04j],
          [ 0.22358445-1.10207634e-01j,  0.92140335-6.27213955e-02j,
           -0.28897346-2.62541881e-03j,  0.03761922-4.28999203e-03j],
          [ 0.03431744-1.59976070e-02j,  0.28564253-4.38280554e-02j,
            0.92140335-6.27213955e-02j, -0.23838419+7.28608688e-02j],
          [ 0.00269658-1.91476726e-03j,  0.03431744-1.59976070e-02j,
            0.22358445-1.10207634e-01j,  0.75140351-6.09764296e-01j]],
         input_dims=(2, 2), output_dims=(2, 2))"
"Operator([[ 0.75140351-0.6097643j , -0.02749657-0.2477492j ,
           -0.03660365-0.00968414j, -0.00136314+0.00301326j],
          [-0.14967287-0.19933329j,  0.92140335-0.0627214j ,
            0.05604653-0.2834984j , -0.03660365-0.00968414j],
          [-0.02615024+0.02738202j, -0.09592148-0.27260158j,
            0.92140335-0.0627214j , -0.02749657-0.2477492j ],
          [ 0.0030525 +0.00127284j, -0.02615024+0.02738202j,
           -0.14967287-0.19933329j,  0.75140351-0.6097643j ]],
         input_dims=(2, 2), output_dims=(2, 2))"
