unitary
"Operator([[ 0.62259735-0.7185402j ,  0.13873702+0.27091713j,
           -0.05480338+0.01960301j, -0.00289008-0.00569463j],
          [ 0.13873702+0.27091713j,  0.87971529-0.07024829j,
            0.03074665+0.35240473j, -0.05480338+0.01960301j],
          [-0.05480338+0.01960301j,  0.03074665+0.35240473j,
            0.87971529-0.07024829j,  0.13873702+0.27091713j],
          [-0.00289008-0.00569463j, -0.05480338+0.01960301j,
            0.13873702+0.27091713j,  0.62259735-0.7185402j ]],
         input_dims=(2, 2), output_dims=(2, 2))"
"Operator([[ 6.22597347e-01-0.7185402j ,  1.24859683e-01-0.27758622j,
           -7.10433436e-03-0.05776865j, -5.09350979e-03-0.00385195j],
          [-2.98214081e-01-0.06092958j,  8.79715286e-01-0.07024829j,
            2.55954602e-01-0.24417554j, -7.10433436e-03-0.05776865j],
          [ 3.11468509e-02+0.04916871j, -2.94373090e-01-0.19616049j,
            8.79715286e-01-0.07024829j,  1.24859683e-01-0.27758622j],
          [-1.01947859e-04-0.00638522j,  3.11468509e-02+0.04916871j,
           -2.98214081e-01-0.06092958j,  6.22597347e-01-0.7185402j ]],
         input_dims=(2, 2), output_dims=(2, 2))"
"Operator([[ 6.22597347e-01-0.7185402j ,  3.03069012e-01-0.02816426j,
            5.31992706e-02+0.023612j  ,  4.99670816e-03+0.00397672j],
          [-1.99989062e-01+0.22945245j,  8.79715286e-01-0.07024829j,
            3.38607208e-01+0.10236998j,  5.31992706e-02+0.023612j  ],
          [ 2.61543157e-02-0.05199654j, -3.15762816e-01+0.15946253j,
            8.79715286e-01-0.07024829j,  3.03069012e-01-0.02816426j],
          [ 2.59799143e-04+0.00638074j,  2.61543157e-02-0.05199654j,
           -1.99989062e-01+0.22945245j,  6.22597347e-01-0.7185402j ]],
         input_dims=(2, 2), output_dims=(2, 2))"
"Operator([[ 0.62259735-0.7185402j ,  0.30172088+0.0401069j ,
            0.03764902+0.04438739j,  0.00141935+0.0062263j ],
          [-0.14380509+0.26826134j,  0.87971529-0.07024829j,
            0.30726509+0.17527869j,  0.03764902+0.04438739j],
          [ 0.00095523-0.05819602j, -0.27226808+0.22584187j,
            0.87971529-0.07024829j,  0.30172088+0.0401069j ],
          [ 0.00418748+0.00482145j,  0.00095523-0.05819602j,
           -0.14380509+0.26826134j,  0.62259735-0.7185402j ]],
         input_dims=(2, 2), output_dims=(2, 2))"
"Operator([[ 0.62259735-0.7185402j ,  0.13873702+0.27091713j,
           -0.05480338+0.01960301j, -0.00289008-0.00569463j],
          [ 0.13873702+0.27091713j,  0.87971529-0.07024829j,
            0.03074665+0.35240473j, -0.05480338+0.01960301j],
          [-0.05480338+0.01960301j,  0.03074665+0.35240473j,
            0.87971529-0.07024829j,  0.13873702+0.27091713j],
          [-0.00289008-0.00569463j, -0.05480338+0.01960301j,
            0.13873702+0.27091713j,  0.62259735-0.7185402j ]],
         input_dims=(2, 2), output_dims=(2, 2))"
"Operator([[ 0.62259735-0.7185402j , -0.28587339-0.10450098j,
            0.0153468 +0.05614414j,  0.00266675-0.00580257j],
          [ 0.08229251-0.29303924j,  0.87971529-0.07024829j,
           -0.26201082-0.23766528j,  0.0153468 +0.05614414j],
          [-0.023744  -0.05314049j,  0.21689359-0.27944878j,
            0.87971529-0.07024829j, -0.28587339-0.10450098j],
          [-0.00625781-0.00127328j, -0.023744  -0.05314049j,
            0.08229251-0.29303924j,  0.62259735-0.7185402j ]],
         input_dims=(2, 2), output_dims=(2, 2))"
"Operator([[ 0.62259735-7.18540202e-01j, -0.05528712+2.99311520e-01j,
           -0.03298135-4.79574752e-02j,  0.0063692 -4.63355247e-04j],
          [ 0.27517882+1.30079467e-01j,  0.87971529-7.02482895e-02j,
           -0.19056645+2.98024969e-01j, -0.03298135-4.79574752e-02j],
          [ 0.0049178 +5.79957236e-02j,  0.23929845+2.60520068e-01j,
            0.87971529-7.02482895e-02j, -0.05528712+2.99311520e-01j],
          [-0.0041342 +4.86721528e-03j,  0.0049178 +5.79957236e-02j,
            0.27517882+1.30079467e-01j,  0.62259735-7.18540202e-01j]],
         input_dims=(2, 2), output_dims=(2, 2))"
"Operator([[ 0.62259735-0.7185402j ,  0.13873702+0.27091713j,
           -0.05480338+0.01960301j, -0.00289008-0.00569463j],
          [ 0.13873702+0.27091713j,  0.87971529-0.07024829j,
            0.03074665+0.35240473j, -0.05480338+0.01960301j],
          [-0.05480338+0.01960301j,  0.03074665+0.35240473j,
            0.87971529-0.07024829j,  0.13873702+0.27091713j],
          [-0.00289008-0.00569463j, -0.05480338+0.01960301j,
            0.13873702+0.27091713j,  0.62259735-0.7185402j ]],
         input_dims=(2, 2), output_dims=(2, 2))"
