unitary
"Operator([[ 0.37794656+0.62263254j,  0.01936497+0.432318j  ,
           -0.26404592+0.25616599j,  0.36191156+0.12605564j],
          [ 0.36568165+0.23141043j, -0.05533329+0.17745746j,
            0.59973389-0.53211956j, -0.26404592+0.25616599j],
          [ 0.33163363+0.15924946j, -0.09340621-0.79630851j,
           -0.05533329+0.17745746j,  0.01936497+0.432318j  ],
          [-0.31817648-0.21362051j,  0.33163363+0.15924946j,
            0.36568165+0.23141043j,  0.37794656+0.62263254j]],
         input_dims=(2, 2), output_dims=(2, 2))"
"Operator([[ 0.37794656+0.62263254j, -0.21715476-0.37432295j,
            0.05907815+0.36311297j, -0.17124007+0.34285104j],
          [-0.21715476-0.37432295j, -0.05533329+0.17745746j,
           -0.28555364+0.74919362j,  0.05907815+0.36311297j],
          [ 0.05907815+0.36311297j, -0.28555364+0.74919362j,
           -0.05533329+0.17745746j, -0.21715476-0.37432295j],
          [-0.17124007+0.34285104j,  0.05907815+0.36311297j,
           -0.21715476-0.37432295j,  0.37794656+0.62263254j]],
         input_dims=(2, 2), output_dims=(2, 2))"
"Operator([[ 0.37794656+0.62263254j, -0.21715476-0.37432295j,
            0.05907815+0.36311297j, -0.17124007+0.34285104j],
          [-0.21715476-0.37432295j, -0.05533329+0.17745746j,
           -0.28555364+0.74919362j,  0.05907815+0.36311297j],
          [ 0.05907815+0.36311297j, -0.28555364+0.74919362j,
           -0.05533329+0.17745746j, -0.21715476-0.37432295j],
          [-0.17124007+0.34285104j,  0.05907815+0.36311297j,
           -0.21715476-0.37432295j,  0.37794656+0.62263254j]],
         input_dims=(2, 2), output_dims=(2, 2))"
"Operator([[ 0.37794656+0.62263254j,  0.0298794 -0.43171875j,
           -0.31506183+0.18994026j, -0.29877448-0.24000794j],
          [-0.38960601-0.18836404j, -0.05533329+0.17745746j,
           -0.65630853+0.46053346j, -0.31506183+0.18994026j],
          [ 0.35902431+0.08026706j,  0.1832761 +0.78053945j,
           -0.05533329+0.17745746j,  0.0298794 -0.43171875j],
          [ 0.37135315+0.09469339j,  0.35902431+0.08026706j,
           -0.38960601-0.18836404j,  0.37794656+0.62263254j]],
         input_dims=(2, 2), output_dims=(2, 2))"
"Operator([[ 0.37794656+0.62263254j, -0.29904684+0.31280161j,
           -0.24414612-0.27519799j, -0.35541622+0.14335031j],
          [ 0.41998721-0.10432928j, -0.05533329+0.17745746j,
            0.79907705+0.06563404j, -0.24414612-0.27519799j],
          [ 0.14431426-0.33840014j, -0.64004317-0.48288373j,
           -0.05533329+0.17745746j, -0.29904684+0.31280161j],
          [ 0.09889003+0.3702577j ,  0.14431426-0.33840014j,
            0.41998721-0.10432928j,  0.37794656+0.62263254j]],
         input_dims=(2, 2), output_dims=(2, 2))"
