unitary
"Operator([[ 0.7927205 -5.64359367e-01j, -0.2235378 +4.61333770e-02j,
            0.03143666+8.89932351e-04j, -0.00248634-1.89500401e-04j],
          [ 0.20227239-1.05751208e-01j,  0.93462602-5.88990813e-02j,
           -0.26370762-1.94139342e-02j,  0.03143666+8.89932351e-04j],
          [ 0.02716443-1.58476920e-02j,  0.25889932-5.37564432e-02j,
            0.93462602-5.88990813e-02j, -0.2235378 +4.61333770e-02j],
          [ 0.00180988-1.71527110e-03j,  0.02716443-1.58476920e-02j,
            0.20227239-1.05751208e-01j,  0.7927205 -5.64359367e-01j]],
         input_dims=(2, 2), output_dims=(2, 2))"
"Operator([[ 7.92720502e-01-0.56435937j, -1.75105665e-01+0.14640848j,
            1.81033884e-02-0.0257162j , -4.17676619e-04+0.00245832j],
          [ 2.28234509e-01+0.00253885j,  9.34626018e-01-0.05889908j,
           -2.41508017e-01+0.10766842j,  1.81033884e-02-0.0257162j ],
          [ 2.82137486e-02+0.01389389j,  2.53520940e-01+0.07513817j,
            9.34626018e-01-0.05889908j, -1.75105665e-01+0.14640848j],
          [ 1.87466346e-03+0.00164422j,  2.82137486e-02+0.01389389j,
            2.28234509e-01+0.00253885j,  7.92720502e-01-0.56435937j]],
         input_dims=(2, 2), output_dims=(2, 2))"
"Operator([[ 7.92720502e-01-0.56435937j, -1.09590525e-01+0.20021827j,
           -4.19636755e-03-0.03116803j,  2.03195667e-03+0.00144532j],
          [ 2.11563474e-01+0.08566407j,  9.34626018e-01-0.05889908j,
           -1.85551444e-01+0.18838597j, -4.19636755e-03-0.03116803j],
          [ 1.12548635e-02+0.02936637j,  2.08608471e-01+0.16248421j,
            9.34626018e-01-0.05889908j, -1.09590525e-01+0.20021827j],
          [-6.65183862e-04+0.00240319j,  1.12548635e-02+0.02936637j,
            2.11563474e-01+0.08566407j,  7.92720502e-01-0.56435937j]],
         input_dims=(2, 2), output_dims=(2, 2))"
"Operator([[ 7.92720502e-01-0.56435937j,  7.66830245e-02+0.21498175j,
           -3.04722668e-02+0.00777796j, -8.34503107e-04-0.00234977j],
          [ 7.66830245e-02+0.21498175j,  9.34626018e-01-0.05889908j,
            1.73387408e-02+0.26385219j, -3.04722668e-02+0.00777796j],
          [-3.04722668e-02+0.00777796j,  1.73387408e-02+0.26385219j,
            9.34626018e-01-0.05889908j,  7.66830245e-02+0.21498175j],
          [-8.34503107e-04-0.00234977j, -3.04722668e-02+0.00777796j,
            7.66830245e-02+0.21498175j,  7.92720502e-01-0.56435937j]],
         input_dims=(2, 2), output_dims=(2, 2))"
"Operator([[ 0.7927205 -5.64359367e-01j, -0.06794802+2.17900215e-01j,
           -0.01592313-2.71202777e-02j,  0.00249291+5.65036504e-05j],
          [ 0.1905118 +1.25708758e-01j,  0.93462602-5.88990813e-02j,
           -0.14475053+2.21282389e-01j, -0.01592313-2.71202777e-02j],
          [-0.00097731+3.14340666e-02j,  0.17246333+2.00437048e-01j,
            0.93462602-5.88990813e-02j, -0.06794802+2.17900215e-01j],
          [-0.00189886+1.61621008e-03j, -0.00097731+3.14340666e-02j,
            0.1905118 +1.25708758e-01j,  0.7927205 -5.64359367e-01j]],
         input_dims=(2, 2), output_dims=(2, 2))"
"Operator([[ 7.92720502e-01-0.56435937j, -1.04408148e-01+0.2029689j ,
           -5.79250530e-03-0.0309112j ,  2.13726615e-03+0.00128449j],
          [ 2.09291772e-01+0.09107355j,  9.34626018e-01-0.05889908j,
           -1.80648096e-01+0.19309292j, -5.79250530e-03-0.0309112j ],
          [ 9.73089543e-03+0.02990594j,  2.04363253e-01+0.16779235j,
            9.34626018e-01-0.05889908j, -1.04408148e-01+0.2029689j ],
          [-8.48350162e-04+0.00234481j,  9.73089543e-03+0.02990594j,
            2.09291772e-01+0.09107355j,  7.92720502e-01-0.56435937j]],
         input_dims=(2, 2), output_dims=(2, 2))"
"Operator([[ 7.92720502e-01-0.56435937j, -1.28392348e-01+0.18871365j,
            1.86655565e-03-0.03139382j,  1.53415525e-03+0.00196575j],
          [ 2.18840014e-01+0.06485742j,  9.34626018e-01-0.05889908j,
           -2.02857728e-01+0.16960941j,  1.86655565e-03-0.03139382j],
          [ 1.66843080e-02+0.02665876j,  2.23308781e-01+0.14160438j,
            9.34626018e-01-0.05889908j, -1.28392348e-01+0.18871365j],
          [ 4.93604093e-05+0.00249307j,  1.66843080e-02+0.02665876j,
            2.18840014e-01+0.06485742j,  7.92720502e-01-0.56435937j]],
         input_dims=(2, 2), output_dims=(2, 2))"
"Operator([[ 7.92720502e-01-0.56435937j,  7.66830245e-02+0.21498175j,
           -3.04722668e-02+0.00777796j, -8.34503107e-04-0.00234977j],
          [ 7.66830245e-02+0.21498175j,  9.34626018e-01-0.05889908j,
            1.73387408e-02+0.26385219j, -3.04722668e-02+0.00777796j],
          [-3.04722668e-02+0.00777796j,  1.73387408e-02+0.26385219j,
            9.34626018e-01-0.05889908j,  7.66830245e-02+0.21498175j],
          [-8.34503107e-04-0.00234977j, -3.04722668e-02+0.00777796j,
            7.66830245e-02+0.21498175j,  7.92720502e-01-0.56435937j]],
         input_dims=(2, 2), output_dims=(2, 2))"
"Operator([[ 7.92720502e-01-0.56435937j, -1.08126163e-01-0.20101286j,
           -2.67836247e-02+0.01648312j,  1.77813686e-03+0.00174815j],
          [-4.34974316e-02-0.22406564j,  9.34626018e-01-0.05889908j,
           -5.68019353e-02-0.25824824j, -2.67836247e-02+0.01648312j],
          [-3.14069792e-02-0.00163013j,  2.25184387e-02-0.26346068j,
            9.34626018e-01-0.05889908j, -1.08126163e-01-0.20101286j],
          [-2.77215557e-04+0.0024781j , -3.14069792e-02-0.00163013j,
           -4.34974316e-02-0.22406564j,  7.92720502e-01-0.56435937j]],
         input_dims=(2, 2), output_dims=(2, 2))"
"Operator([[ 7.92720502e-01-0.56435937j,  2.26473178e-01+0.02841367j,
            2.43556574e-02+0.01989617j,  1.21672076e-03+0.00217656j],
          [-1.57366546e-01+0.16532758j,  9.34626018e-01-0.05889908j,
            2.43360621e-01+0.10341286j,  2.43556574e-02+0.01989617j],
          [ 1.18405545e-02-0.02913515j, -2.27734972e-01+0.13437036j,
            9.34626018e-01-0.05889908j,  2.26473178e-01+0.02841367j],
          [ 4.28651745e-04+0.00245643j,  1.18405545e-02-0.02913515j,
           -1.57366546e-01+0.16532758j,  7.92720502e-01-0.56435937j]],
         input_dims=(2, 2), output_dims=(2, 2))"
"Operator([[ 7.92720502e-01-0.56435937j,  7.66830245e-02+0.21498175j,
           -3.04722668e-02+0.00777796j, -8.34503107e-04-0.00234977j],
          [ 7.66830245e-02+0.21498175j,  9.34626018e-01-0.05889908j,
            1.73387408e-02+0.26385219j, -3.04722668e-02+0.00777796j],
          [-3.04722668e-02+0.00777796j,  1.73387408e-02+0.26385219j,
            9.34626018e-01-0.05889908j,  7.66830245e-02+0.21498175j],
          [-8.34503107e-04-0.00234977j, -3.04722668e-02+0.00777796j,
            7.66830245e-02+0.21498175j,  7.92720502e-01-0.56435937j]],
         input_dims=(2, 2), output_dims=(2, 2))"
