unitary
"Operator([[-0.68594211-0.60098779j, -0.03711704+0.02341082j,
           -0.10888031+0.17202826j,  0.23949915-0.2599286j ],
          [-0.03711704+0.02341082j, -0.89738439-0.3482817j ,
           -0.05480822+0.16438613j, -0.10888031+0.17202826j],
          [-0.10888031+0.17202826j, -0.05480822+0.16438613j,
           -0.89738439-0.3482817j , -0.03711704+0.02341082j],
          [ 0.23949915-0.2599286j , -0.10888031+0.17202826j,
           -0.03711704+0.02341082j, -0.68594211-0.60098779j]],
         input_dims=(2, 2), output_dims=(2, 2))"
"Operator([[-0.68594211-0.60098779j, -0.03711704+0.02341082j,
           -0.10888031+0.17202826j,  0.23949915-0.2599286j ],
          [-0.03711704+0.02341082j, -0.89738439-0.3482817j ,
           -0.05480822+0.16438613j, -0.10888031+0.17202826j],
          [-0.10888031+0.17202826j, -0.05480822+0.16438613j,
           -0.89738439-0.3482817j , -0.03711704+0.02341082j],
          [ 0.23949915-0.2599286j , -0.10888031+0.17202826j,
           -0.03711704+0.02341082j, -0.68594211-0.60098779j]],
         input_dims=(2, 2), output_dims=(2, 2))"
"Operator([[-0.68594211-0.60098779j,  0.04299315+0.00879375j,
           -0.1764347 -0.10158464j, -0.03658083-0.35154596j],
          [ 0.01058552-0.04258741j, -0.89738439-0.3482817j ,
            0.15333796-0.08071065j, -0.1764347 -0.10158464j],
          [ 0.16732032+0.11598515j, -0.07422195-0.15658174j,
           -0.89738439-0.3482817j ,  0.04299315+0.00879375j],
          [ 0.35335919+0.00774617j,  0.16732032+0.11598515j,
            0.01058552-0.04258741j, -0.68594211-0.60098779j]],
         input_dims=(2, 2), output_dims=(2, 2))"
