theta
-1.970882541676697
2.7697716991526335
-0.8042533658814182
1.639965910008539
2.162445465629216
