unitary
"Operator([[ 0.86995934-4.58005189e-01j,  0.04733846-1.75430022e-01j,
           -0.01266244-1.49518233e-02j, -0.00118181+2.91800174e-04j],
          [-0.13046541-1.26472922e-01j,  0.95916643-4.90174130e-02j,
            0.0970642 -1.86480794e-01j, -0.01266244-1.49518233e-02j],
          [-0.00597541+1.86598206e-02j, -0.11601577-1.75319385e-01j,
            0.95916643-4.90174130e-02j,  0.04733846-1.75430022e-01j],
          [ 0.00116508-3.52726264e-04j, -0.00597541+1.86598206e-02j,
           -0.13046541-1.26472922e-01j,  0.86995934-4.58005189e-01j]],
         input_dims=(2, 2), output_dims=(2, 2))"
"Operator([[ 8.69959337e-01-0.45800519j,  4.82361054e-02+0.17518533j,
           -1.92166063e-02+0.00382314j, -3.22371794e-04-0.00117384j],
          [ 4.82361054e-02+0.17518533j,  9.59166425e-01-0.04901741j,
            1.09970339e-02+0.20994192j, -1.92166063e-02+0.00382314j],
          [-1.92166063e-02+0.00382314j,  1.09970339e-02+0.20994192j,
            9.59166425e-01-0.04901741j,  4.82361054e-02+0.17518533j],
          [-3.22371794e-04-0.00117384j, -1.92166063e-02+0.00382314j,
            4.82361054e-02+0.17518533j,  8.69959337e-01-0.45800519j]],
         input_dims=(2, 2), output_dims=(2, 2))"
"Operator([[ 8.69959337e-01-0.45800519j, -7.68198522e-02-0.16466734j,
           -1.68851196e-02+0.00993917j,  8.48696426e-04+0.00087267j],
          [-1.82970823e-02-0.18078119j,  9.59166425e-01-0.04901741j,
           -4.59093574e-02-0.20515574j, -1.68851196e-02+0.00993917j],
          [-1.94035687e-02-0.00271954j,  2.42242701e-02-0.20882943j,
            9.59166425e-01-0.04901741j, -7.68198522e-02-0.16466734j],
          [-2.83951365e-04+0.00118372j, -1.94035687e-02-0.00271954j,
           -1.82970823e-02-0.18078119j,  8.69959337e-01-0.45800519j]],
         input_dims=(2, 2), output_dims=(2, 2))"
"Operator([[ 0.86995934-4.58005189e-01j, -0.11924672-1.37101576e-01j,
           -0.00904882+1.73785282e-02j,  0.00121639-4.71567518e-05j],
          [ 0.03226037-1.78818037e-01j,  0.95916643-4.90174130e-02j,
           -0.10069869-1.84543539e-01j, -0.00904882+1.73785282e-02j],
          [-0.0150114 -1.25917493e-02j,  0.08086725-1.94054202e-01j,
            0.95916643-4.90174130e-02j, -0.11924672-1.37101576e-01j],
          [-0.00106986+5.80715066e-04j, -0.0150114 -1.25917493e-02j,
            0.03226037-1.78818037e-01j,  0.86995934-4.58005189e-01j]],
         input_dims=(2, 2), output_dims=(2, 2))"
"Operator([[ 0.86995934-4.58005189e-01j, -0.14162939-1.13832059e-01j,
           -0.00242749+1.94422652e-02j,  0.00102319-6.59478487e-04j],
          [ 0.06339955-1.70285403e-01j,  0.95916643-4.90174130e-02j,
           -0.13177079-1.63807823e-01j, -0.00242749+1.94422652e-02j],
          [-0.00968417-1.70326525e-02j,  0.11393569-1.76678252e-01j,
            0.95916643-4.90174130e-02j, -0.14162939-1.13832059e-01j],
          [-0.0012165 -4.43949748e-05j, -0.00968417-1.70326525e-02j,
            0.06339955-1.70285403e-01j,  0.86995934-4.58005189e-01j]],
         input_dims=(2, 2), output_dims=(2, 2))"
"Operator([[ 8.69959337e-01-4.58005189e-01j,
           -1.51717818e-01-9.99916287e-02j,
            1.26036384e-03+1.95526431e-02j,
            7.98452537e-04-9.18860485e-04j],
          [ 7.91507192e-02-1.63559731e-01j,
            9.59166425e-01-4.90174130e-02j,
           -1.46608358e-01-1.50673602e-01j,
            1.26036384e-03+1.95526431e-02j],
          [-6.31938762e-03-1.85461508e-02j,
            1.30064260e-01-1.65166078e-01j,
            9.59166425e-01-4.90174130e-02j,
           -1.51717818e-01-9.99916287e-02j],
          [-1.15575579e-03-3.82177450e-04j,
           -6.31938762e-03-1.85461508e-02j,
            7.91507192e-02-1.63559731e-01j,
            8.69959337e-01-4.58005189e-01j]],
         input_dims=(2, 2), output_dims=(2, 2))"
"Operator([[ 8.69959337e-01-0.45800519j, -3.63555184e-02-0.17803061j,
           -1.95557045e-02+0.00121194j,  8.06297455e-05+0.00121463j],
          [-5.98986523e-02-0.17154817j,  9.59166425e-01-0.04901741j,
            3.13485464e-03-0.21020637j, -1.95557045e-02+0.00121194j],
          [-1.85304439e-02+0.0063653j , -2.50792129e-02-0.20872848j,
            9.59166425e-01-0.04901741j, -3.63555184e-02-0.17803061j],
          [ 5.51038473e-04+0.00108544j, -1.85304439e-02+0.0063653j ,
           -5.98986523e-02-0.17154817j,  8.69959337e-01-0.45800519j]],
         input_dims=(2, 2), output_dims=(2, 2))"
"Operator([[ 8.69959337e-01-0.45800519j,  1.39140893e-01-0.11686075j,
            9.64369516e-03-0.0170556j ,  1.59143377e-05-0.0012172j ],
          [-1.79348598e-01-0.0291668j ,  9.59166425e-01-0.04901741j,
            1.86255394e-01-0.09749602j,  9.64369516e-03-0.0170556j ],
          [ 1.54373798e-02+0.01206572j, -1.95422086e-01-0.07750325j,
            9.59166425e-01-0.04901741j,  1.39140893e-01-0.11686075j],
          [-6.35353117e-04-0.00103834j,  1.54373798e-02+0.01206572j,
           -1.79348598e-01-0.0291668j ,  8.69959337e-01-0.45800519j]],
         input_dims=(2, 2), output_dims=(2, 2))"
"Operator([[ 8.69959337e-01-0.45800519j,  1.75463181e-01+0.0472154j ,
            1.26833996e-02+0.01493405j,  2.94286189e-04+0.0011812j ],
          [-1.26564395e-01+0.13037667j,  9.59166425e-01-0.04901741j,
            1.86548826e-01+0.09693338j,  1.26833996e-02+0.01493405j],
          [ 6.00157416e-03-0.01865142j, -1.75400712e-01+0.11589278j,
            9.59166425e-01-0.04901741j,  1.75463181e-01+0.0472154j ],
          [ 3.50274029e-04+0.00116582j,  6.00157416e-03-0.01865142j,
           -1.26564395e-01+0.13037667j,  8.69959337e-01-0.45800519j]],
         input_dims=(2, 2), output_dims=(2, 2))"
"Operator([[ 8.69959337e-01-0.45800519j, -1.26457881e-01+0.13047998j,
            5.97110295e-03-0.0186612j ,  3.53129166e-04+0.00116496j],
          [ 1.75424564e-01+0.04735868j,  9.59166425e-01-0.04901741j,
           -1.75306010e-01+0.11603598j,  5.97110295e-03-0.0186612j ],
          [ 1.26589910e-02+0.01495474j,  1.86469603e-01+0.09708569j,
            9.59166425e-01-0.04901741j, -1.26457881e-01+0.13047998j],
          [ 2.91391448e-04+0.00118191j,  1.26589910e-02+0.01495474j,
            1.75424564e-01+0.04735868j,  8.69959337e-01-0.45800519j]],
         input_dims=(2, 2), output_dims=(2, 2))"
"Operator([[ 8.69959337e-01-0.45800519j,  4.82361054e-02+0.17518533j,
           -1.92166063e-02+0.00382314j, -3.22371794e-04-0.00117384j],
          [ 4.82361054e-02+0.17518533j,  9.59166425e-01-0.04901741j,
            1.09970339e-02+0.20994192j, -1.92166063e-02+0.00382314j],
          [-1.92166063e-02+0.00382314j,  1.09970339e-02+0.20994192j,
            9.59166425e-01-0.04901741j,  4.82361054e-02+0.17518533j],
          [-3.22371794e-04-0.00117384j, -1.92166063e-02+0.00382314j,
            4.82361054e-02+0.17518533j,  8.69959337e-01-0.45800519j]],
         input_dims=(2, 2), output_dims=(2, 2))"
"Operator([[ 8.69959337e-01-0.45800519j,  4.82361054e-02+0.17518533j,
           -1.92166063e-02+0.00382314j, -3.22371794e-04-0.00117384j],
          [ 4.82361054e-02+0.17518533j,  9.59166425e-01-0.04901741j,
            1.09970339e-02+0.20994192j, -1.92166063e-02+0.00382314j],
          [-1.92166063e-02+0.00382314j,  1.09970339e-02+0.20994192j,
            9.59166425e-01-0.04901741j,  4.82361054e-02+0.17518533j],
          [-3.22371794e-04-0.00117384j, -1.92166063e-02+0.00382314j,
            4.82361054e-02+0.17518533j,  8.69959337e-01-0.45800519j]],
         input_dims=(2, 2), output_dims=(2, 2))"
"Operator([[ 8.69959337e-01-0.45800519j,  4.82361054e-02+0.17518533j,
           -1.92166063e-02+0.00382314j, -3.22371794e-04-0.00117384j],
          [ 4.82361054e-02+0.17518533j,  9.59166425e-01-0.04901741j,
            1.09970339e-02+0.20994192j, -1.92166063e-02+0.00382314j],
          [-1.92166063e-02+0.00382314j,  1.09970339e-02+0.20994192j,
            9.59166425e-01-0.04901741j,  4.82361054e-02+0.17518533j],
          [-3.22371794e-04-0.00117384j, -1.92166063e-02+0.00382314j,
            4.82361054e-02+0.17518533j,  8.69959337e-01-0.45800519j]],
         input_dims=(2, 2), output_dims=(2, 2))"
"Operator([[ 8.69959337e-01-0.45800519j,  4.82361054e-02+0.17518533j,
           -1.92166063e-02+0.00382314j, -3.22371794e-04-0.00117384j],
          [ 4.82361054e-02+0.17518533j,  9.59166425e-01-0.04901741j,
            1.09970339e-02+0.20994192j, -1.92166063e-02+0.00382314j],
          [-1.92166063e-02+0.00382314j,  1.09970339e-02+0.20994192j,
            9.59166425e-01-0.04901741j,  4.82361054e-02+0.17518533j],
          [-3.22371794e-04-0.00117384j, -1.92166063e-02+0.00382314j,
            4.82361054e-02+0.17518533j,  8.69959337e-01-0.45800519j]],
         input_dims=(2, 2), output_dims=(2, 2))"
